0.99990296
0.99999523
6.4970877e-06
0.99997246
3.2705044e-05
2.7535403e-05
8.790195e-06
0.9999994
1.9494626e-05
0.8955324
1.1845914e-06
3.9691013e-06
2.4672432e-05
0.00018899325
0.99999857
1.5892652e-05
1.7162889e-05
0.9370726
8.2911996e-05
0.98481375
0.9881153
4.3267308e-05
1.504742e-05
6.26501e-06
3.5948888e-05
0.00920516
0.33511072
0.998064
5.6585497e-05
0.99998796
6.0070856e-06
4.1804844e-05
0.028412051
0.00065952505
1.12505695e-05
4.5150305e-06
0.9995431
0.9999418
0.9999999
0.99998987
6.4128275e-05
0.22330256
1.7747823e-05
6.6566117e-06
1.1895355e-05
7.225813e-05
0.99997294
0.9961928
3.0222123e-05
0.9999969
0.9999825
6.4292994e-06
0.9999541
0.99999917
0.9118427
2.52045e-05
0.99999416
0.0025100005
6.135372e-05
0.00039116264
0.99999654
0.9999869
0.99998033
3.734403e-05
0.9388167
0.9230504
0.9999994
7.3925316e-06
0.83240426
0.99998224
0.99997556
0.0005890409
0.9833438
0.21329193
8.195255e-08
4.0778177e-06
1.3271779e-05
0.9999907
1.593919e-05
6.3567e-06
2.510404e-06
1.688603e-05
1.0889912e-05
0.99999034
0.9999672
1.4754678e-05
0.99999833
0.9999957
0.99997485
0.99154717
9.46738e-06
4.3148433e-05
0.99997604
0.9999957
3.8663313e-08
0.00018521922
0.99990344
0.99711716
0.99999976
0.99999046
3.7727183e-05
1.6855349e-05
3.3061497e-05
2.5340598e-05
5.727385e-06
9.858776e-06
4.8577513e-06
0.9998286
0.99993336
0.99982435
0.00016999166
9.371381e-06
0.9999838
2.431997e-05
1.6999862e-05
1.0895196e-06
3.080831e-05
0.0091767
0.9999813
0.94347626
0.9997594
0.9999845
0.00058319984
0.9999927
0.0002717074
0.9999943
0.00014070212
1.0169822e-05
2.0484507e-05
0.99933785
0.9999163
0.9989385
1.6301974e-05
0.9990472
5.0211233e-06
4.2185977e-05
0.065631635
0.999998
3.0058114e-05
3.0927822e-05
0.9999994
2.2175753e-05
0.99474156
1.5848427e-05
0.8982237
6.6693524e-06
1.7886148e-05
6.356122e-08
1.2484232e-06
2.466412e-06
0.9999988
0.9984072
2.0562284e-06
2.6193045e-06
0.00018322204
3.310528e-06
0.9999999
6.2812287e-06
1.1847488e-05
0.9994572
0.9999913
0.9999994
0.1763224
0.9999999
0.9999745
7.5070246e-05
0.9999999
0.9998497
4.305915e-05
1.7162854e-05
5.7188736e-05
5.107458e-05
0.0007952445
0.2968553
0.00081025687
8.054551e-06
0.00041436055
0.9999999
6.526188e-05
5.4131844e-05
0.2469018
5.5016267e-06
3.541655e-06
1.0
0.9958229
0.9999758
9.071845e-06
2.1893255e-05
5.9434115e-06
0.9999788
1.9643569e-05
0.99999726
0.99999475
0.9999964
0.0024627587
1.6784023e-06
2.1803828e-05
0.9997812
4.0875057e-07
3.7127832e-06
0.00010562498
0.999997
0.9999939
0.9996295
0.9999709
0.9999993
0.0008971026
0.9999981
0.00018444553
0.00051393494
1.173467e-05
5.370673e-06
0.99999964
5.008832e-06
1.6087732e-05
3.8890812e-05
5.1377647e-05
0.11230877
0.0001050309
7.81743e-05
5.8266e-07
0.99999416
3.3427794e-05
1.2513708e-05
3.694571e-05
0.99999905
0.9998375
0.00020810659
1.189987e-05
1.8145714e-05
0.99995387
1.4482497e-05
0.5422494
2.7901317e-05
0.9965996
0.0006440673
0.99999845
0.9999999
2.4654955e-05
1.317425e-05
1.4016966e-05
1.1327265e-05
0.9999988
0.99948174
0.99887294
3.0049947e-05
2.9209436e-05
0.0018306437
1.5139626e-05
0.009798869
1.0
2.8726832e-05
0.9994424
9.919794e-05
5.353782e-05
3.9249724e-05
0.99989736
0.9993073
0.99508864
0.9999931
0.9999994
3.1849566e-05
0.9999925
0.99990916
0.6781616
0.00062704046
1.00434845e-05
1.5719159e-05
0.25891522
0.9999802
0.00035715802
0.86284006
5.9767594e-06
2.834777e-05
0.99557096
0.00039282086
0.054188758
6.310078e-05
0.99995625
0.9996419
0.9999999
0.9999999
1.8099288e-07
1.4213117e-05
0.9999939
0.9999949
4.579537e-06
0.99999917
1.2799736e-05
9.643377e-06
0.829307
0.9999838
0.99480295
2.2038024e-05
0.99985707
0.00020271927
0.09934916
0.9998902
8.1405e-06
0.99999976
1.475341e-05
3.6826106e-05
0.7561029
0.9999614
0.9999999
0.0020579542
0.99998844
0.0008296599
0.9999989
1.5110619e-05
4.432974e-05
0.07213325
0.99999976
0.9999608
0.9999366
2.7598575e-05
4.209307e-05
5.473174e-06
0.99946994
3.0543564e-05
6.96523e-05
0.00054131047
1.5430174e-05
1.4772558e-05
0.99999917
0.9999951
0.00023786174
2.3922186e-05
3.8773793e-05
0.9996263
0.80958045
2.0860732e-06
0.99999607
0.99999344
0.4127779
2.7258613e-05
0.99999166
0.99999595
0.00010303048
7.0597926e-06
1.5845118e-05
2.5696258e-05
0.9999764
3.9478147e-07
0.9999386
0.7963551
0.9518729
0.99998987
0.99999464
0.99996424
0.99960834
2.9609464e-06
0.9999974
3.031465e-07
0.9998258
9.600273e-07
2.6870488e-05
0.99999774
0.99999976
0.99999857
0.0006593161
0.99983156
7.3155397e-06
8.951947e-06
3.9591858e-05
4.386711e-06
0.99208903
6.9654554e-05
5.503988e-06
1.8716926e-05
1.32609475e-05
3.0283314e-05
0.9999993
1.8466211e-05
1.3350394e-05
9.24943e-05
0.99995065
0.99443036
2.040278e-05
1.4332774e-05
0.99999905
0.9998814
0.9895271
3.397683e-05
5.01629e-06
0.9881334
0.9999864
1.807281e-06
9.17499e-05
0.9999578
0.9999988
4.29273e-05
2.0284146e-05
2.190042e-05
2.5074653e-05
0.99999666
0.99936074
9.7673204e-05
9.434041e-06
0.00019297218
8.638169e-06
0.9908405
0.99997103
8.159038e-07
0.9035392
0.00026534588
0.9999989
0.9999976
0.999995
5.8716323e-06
0.9994542
3.1414613e-06
0.99998987
0.9999987
6.332232e-06
5.5494525e-06
0.9991192
8.897111e-06
0.9999994
3.9992956e-05
1.068555e-05
7.2520097e-06
2.4351322e-05
4.1267853e-05
0.9999944
1.0
0.9999882
1.3029543e-07
0.00032634646
0.0002379747
2.653418e-05
0.9999584
6.8170225e-06
0.01118749
3.417509e-05
1.1126265e-05
0.99998796
0.96577215
0.9721914
5.6662766e-06
3.97608e-06
0.00031701065
5.0411986e-06
0.999863
0.9999975
1.0370887e-05
0.99998343
0.99997246
2.2953585e-05
0.99999106
0.99991226
0.00044471066
0.98480415
3.5882647e-05
0.0018374448
3.219135e-05
0.9999951
0.5659435
6.94669e-05
4.9841165e-06
0.9999999
0.9999989
3.2079947e-06
0.9626564
6.0145245e-05
0.9999975
0.9999882
0.05598904
9.562512e-06
1.8118584e-05
2.9508594e-05
7.839486e-06
0.9999865
0.9999987
2.9441697e-05
0.9993709
0.99904853
1.343064e-05
0.99998677
0.00030357944
2.2807413e-05
1.0992385e-05
9.254281e-06
0.9999976
2.9258952e-05
0.00072813506
0.0003389397
0.99999344
0.99998295
1.0101879e-05
0.93310183
0.9975026
0.99999976
0.99958235
0.009520926
0.0007263255
0.99999976
2.8214643e-05
0.00045022886
0.9968106
7.4225118e-06
0.9999778
3.7487007e-05
7.2585344e-06
0.9997093
0.99995804
9.791175e-05
1.81583e-05
9.232077e-06
0.21575496
1.2938973e-05
0.9759462
9.835298e-06
0.99999833
1.8019604e-05
9.918053e-06
0.99999
3.0418748e-06
3.5876667e-06
3.9751318e-05
0.99999774
0.5737186
2.638557e-06
0.9996611
0.9999999
0.9953157
2.4628847e-05
7.4674767e-06
0.99915445
4.279421e-06
0.99965084
7.575226e-05
1.293807e-08
2.1193839e-05
2.9753897e-05
5.671353e-06
2.7572228e-06
0.0002182381
2.2705262e-05
0.99996984
1.7262808e-05
0.9999608
3.5281948e-05
0.9999808
8.34125e-06
0.0003109231
3.562247e-06
2.498226e-06
2.1429247e-05
0.9999691
6.8144354e-06
1.00684865e-05
6.301815e-06
0.99999666
0.99999964
3.8262813e-05
3.348206e-05
1.7727662e-06
6.0721995e-06
0.9999914
5.988924e-06
0.9999881
0.000486522
9.194068e-06
0.9999889
7.872662e-05
0.9999566
0.9999993
2.1781694e-05
0.99977523
0.99851793
8.1353155e-06
0.99963725
1.5307425e-05
0.99999964
0.99899966
0.99999905
0.99962425
0.9995561
0.00014740112
1.1762176e-05
7.97913e-06
7.848596e-06
0.0001935161
0.999998
0.8361315
4.0658426e-05
0.7085625
1.1278533e-05
0.9999999
4.33784e-07
3.9040453e-05
1.4204525e-05
0.002441736
0.9999697
1.3716276e-05
0.00012123827
5.7822394e-06
0.99999714
1.2632942e-05
1.0
0.9999999
0.995583
2.0339545e-05
0.8998788
7.150556e-06
4.204273e-06
3.223682e-05
4.7967875e-05
0.99999785
5.6715044e-06
0.9504671
2.0149477e-05
0.99090767
0.13919336
6.621094e-05
0.00010467795
2.2395187e-05
0.9999871
0.99999714
0.99989605
2.6668186e-08
9.822101e-06
0.9872212
0.37044707
0.9999995
1.0543409e-05
0.99148035
0.94923306
2.0601603e-05
5.010252e-05
8.912907e-06
0.99998677
0.9999924
8.739031e-07
0.99999785
0.999795
0.00046768432
6.678368e-05
9.48285e-06
0.99999154
6.1969914e-08
0.97318393
0.99999213
0.00011624654
6.8089266e-06
0.0004076423
9.2546713e-07
0.99999905
0.9979746
0.9999765
0.999514
2.6608934e-05
0.9999956
1.1375481e-05
0.999997
0.9998466
0.9999999
0.00010146754
9.9893354e-05
7.4297286e-06
1.0895033e-05
0.9999982
0.8333204
3.4735436e-05
0.99933004
1.8475546e-06
4.7441317e-06
0.99995744
7.758682e-08
0.9992525
0.99999726
3.3749744e-05
0.9977283
0.9997063
0.9999715
0.08540719
6.425009e-05
0.999982
0.998044
0.12196372
1.4576598e-06
0.19795737
0.9999994
0.999522
0.99999774
0.9998723
0.9999988
0.99989486
7.366485e-06
0.00057557726
0.99478626
3.589152e-06
5.7872926e-06
0.00043785
6.6943317e-06
1.635607e-05
1.6745744e-05
0.99996877
0.78911215
1.1305735e-05
0.9999559
0.9999993
0.00086987374
3.5219782e-06
0.999985
4.3084783e-05
0.9999976
0.9999974
0.9999801
0.07505714
0.9998573
2.3269284e-05
5.080966e-07
0.99999845
1.900547e-05
4.7195335e-05
0.99992156
1.1751917e-05
0.42513615
3.056122e-05
3.1847863e-05
0.9385121
2.3461505e-06
4.8684487e-05
1.2786669e-05
4.3145385e-05
1.305287e-05
7.406861e-05
0.0005449553
0.99921167
0.9999819
2.4220685e-06
1.6600101e-06
0.99989915
5.133612e-05
4.6592945e-06
0.9999939
0.999992
8.7149834e-05
0.9997346
3.600519e-05
0.99999416
1.7087421e-05
1.0
0.0017844595
2.992766e-05
7.1669747e-06
1.2936053e-07
2.0680971e-05
9.729433e-06
2.0454036e-05
5.4916304e-06
0.9987465
0.050244972
3.0685216e-05
0.999099
0.00042836132
1.07490505e-05
2.7683311e-06
0.00014133262
0.99978405
0.99998105
0.9933222
2.1233694e-05
1.8248915e-06
4.4096916e-05
0.979285
4.7074645e-05
0.9999629
2.5979942e-05
4.7477023e-08
1.0
1.8310875e-05
2.0706013e-05
0.99990594
0.9999995
1.0623345e-07
0.99997866
4.6715477e-06
6.798759e-06
0.9999964
0.6697958
0.9856017
5.850426e-06
0.9999888
0.99999213
0.99452436
0.9999951
0.0010139578
1.0
0.99810934
0.99999225
9.6615506e-05
0.0033925744
1.7905842e-05
1.9832407e-06
3.17016e-05
1.0
1.8044144e-05
0.9999999
2.575818e-06
0.99467504
0.9999995
1.44377345e-05
1.946897e-05
1.2079785e-05
0.38359323
0.9999981
0.9998654
0.99999976
0.99999976
0.94610536
0.9926817
1.0093934e-05
1.6734808e-05
0.95601594
0.8150871
5.7546013e-06
0.9999722
0.9992342
1.0
0.9999838
1.0182769e-05
0.00028174918
0.99985194
0.99999905
6.645753e-06
0.32409245
2.1690632e-05
0.99999154
4.8410425e-06
0.00011708647
0.99998474
0.9999502
0.27535146
0.99985516
0.99983525
1.4016725e-05
2.2918479e-05
0.00014031611
0.9999989
0.9999994
0.00015769347
0.99999976
0.9999416
0.9999939
0.9999993
0.99998784
2.1278269e-05
3.241998e-05
0.9999958
1.06271455e-05
0.0008285314
8.364621e-06
0.9755357
2.6311113e-06
1.708061e-05
1.3104406e-05
4.042799e-05
0.9999982
6.388899e-06
0.9920115
0.00079241185
0.99999356
0.00016673352
5.902371e-08
5.1189417e-08
2.4664546e-06
1.1706983e-05
2.617681e-05
0.33786446
2.8153521e-05
0.99937516
1.6271159e-05
0.9999995
1.2169419e-05
0.0010032194
0.0017580144
0.23846179
0.99997854
2.2000919e-05
0.8556785
2.5109237e-06
6.716387e-06
3.6267388e-06
0.99999917
1.2912421e-05
0.013583568
3.3548833e-05
0.0003347464
1.0
1.0715163e-05
0.99998665
0.99996555
0.9986771
0.9833365
5.0880804e-05
0.9998988
0.9999807
0.5831616
1.8981977e-05
0.99986804
0.092517994
0.99986887
0.00029358157
3.8655573e-05
0.99995697
0.9999105
7.1783485e-05
0.9999747
5.5076143e-05
6.3973125e-06
8.968251e-06
0.0024042376
0.9999933
0.9999449
4.316367e-06
0.99999917
0.9999994
1.4171292e-06
0.9999999
0.9999937
0.9969843
0.9998343
0.9997185
2.5141364e-05
5.0925417e-05
0.99998844
1.6463739e-05
0.99997866
8.050803e-06
0.99999833
0.999977
0.99969935
0.99999976
8.601177e-08
0.999998
0.9999827
4.8935826e-06
0.9999801
2.0947007e-05
1.7611826e-05
2.170017e-06
4.595834e-06
1.9574305e-05
8.625771e-06
0.9999906
0.9701857
0.9999759
6.492234e-05
0.9988494
0.7701882
5.7476263e-05
2.0204778e-05
0.9999571
0.995526
1.7600562e-06
0.99974567
0.99998796
0.999972
1.7267763e-05
0.99999917
6.356581e-07
0.99997234
1.3624106e-05
4.3347427e-05
9.121058e-06
0.999491
1.457786e-05
0.9999999
3.7958048e-06
0.9992341
3.546303e-05
5.286227e-05
0.9955249
0.99999964
0.00040844866
0.99999976
0.9999912
2.1548474e-05
0.9968359
8.436837e-06
3.061898e-05
0.00025983813
1.05427034e-07
0.9937973
0.010388069
0.9999597
0.99983895
0.97875595
1.2908173e-05
0.9999994
6.965623e-06
0.9644047
1.1968774e-05
5.3480515e-05
7.356047e-05
3.0205096e-05
0.9998672
2.9432964e-05
0.97838026
2.4314171e-05
0.99999666
0.4239976
7.8914076e-05
0.9999664
3.5481866e-05
3.0163012e-05
0.99971586
3.2687028e-06
1.5071317e-05
0.99991775
0.9999995
2.3030061e-05
0.021647444
0.99999976
5.4450556e-06
2.5407966e-05
0.9999839
0.020226479
1.5320087e-05
1.2971276e-06
1.5443467e-06
7.902553e-06
3.048269e-05
1.3501171e-06
0.999263
0.9999895
0.997264
1.1173904e-05
3.7741396e-05
0.99921966
3.724438e-05
7.0741276e-06
0.8369455
7.103004e-05
0.99996114
0.99999404
0.99998116
0.9999912
2.429074e-05
9.693276e-06
0.98274255
0.9999958
0.99999523
0.9997298
0.9999242
1.183676e-05
0.9999943
2.8488665e-05
0.99999523
0.9999958
2.3692559e-05
0.00038976732
7.701872e-05
4.833726e-06
0.99245065
0.999451
0.99644643
7.0456144e-06
0.99999785
1.09975e-06
0.99999726
2.5871945e-05
0.99989367
0.9999392
0.9999236
0.99999976
0.999856
8.918765e-06
5.9350236e-06
2.605343e-05
0.9996207
0.9998857
0.9421531
1.9062938e-05
0.9999989
0.99999976
0.9999995
2.8660721e-05
0.9999825
5.1363342e-05
0.99999535
0.99949026
0.9999932
6.87217e-05
8.801281e-05
0.99999917
3.2672287e-06
4.77091e-06
4.681569e-06
0.99996006
0.0003846225
0.8011961
0.9995914
0.9983032
0.0022029034
3.5373446e-06
0.9995931
0.99999976
1.5002985e-05
0.9999969
0.9885726
5.782829e-05
1.7472124e-05
3.055442e-07
1.477763e-05
0.99998605
1.4318074e-05
0.00023308628
0.9977992
0.9997477
8.404161e-06
1.01306e-06
0.9993431
2.1144197e-05
0.9960162
5.188775e-05
4.881098e-05
8.908024e-05
1.3896922e-05
0.997274
3.744917e-05
1.4188089e-05
0.99996924
4.1198487e-05
9.0858695e-05
0.9954033
0.0038949745
0.0002161006
2.8280156e-05
6.8060595e-05
3.830732e-05
0.9999403
0.99996173
0.9999939
1.7241435e-05
0.9892848
1.6619599e-06
0.9999198
0.006881558
0.9999975
0.99989617
0.9999907
0.9938532
4.133934e-05
7.832525e-05
2.6546053e-05
0.8953646
0.00010297017
0.6671689
0.0015487757
0.8371817
2.7311567e-05
0.89678955
0.8401352
5.9229664e-05
0.9990113
0.93204457
0.9999957
0.99998116
0.9995326
1.3847167e-05
1.4996862e-05
0.99831676
0.0004657517
2.834239e-05
0.00014049673
0.00043862473
0.99244624
0.9996978
0.9999995
0.9999697
9.163466e-06
0.9999989
4.798e-05
0.00029516584
4.652713e-08
0.99742186
2.2146905e-05
2.6423553e-05
3.111049e-05
0.99999845
1.0739875e-06
1.4534105e-05
1.9781251e-05
1.2097586e-05
3.7099728e-06
3.2489275e-05
6.319171e-05
0.9999095
8.853732e-06
0.9999995
3.681337e-07
1.7708464e-05
1.4790221e-05
0.99993265
0.4986226
1.7150896e-05
4.053315e-05
0.99999833
0.9993187
9.4859615e-06
1.7811015e-05
1.5129149e-05
7.0183225e-05
0.91458476
0.9999987
0.0001753835
0.99999094
0.99244237
0.99998665
4.6004392e-05
0.9999976
2.3999077e-05
4.378741e-05
0.10951827
0.9999956
2.5234733e-05
5.942035e-06
0.9992487
2.4037809e-05
2.2701863e-05
1.8110084e-05
0.0006415185
0.9999881
0.99999213
2.287699e-05
0.00085467694
0.9999964
3.9092087e-05
0.21469426
0.999946
3.0315852e-05
1.1122222e-06
0.9999999
1.1851703e-05
6.281356e-05
0.9999181
8.963094e-05
0.9999933
3.315391e-05
1.1314245e-05
6.054014e-06
1.9463508e-08
2.7226665e-07
0.9999548
8.3219754e-07
3.1534433e-05
0.00021608103
0.9999924
0.9999999
0.9992306
0.9955636
6.9716443e-06
2.888947e-05
0.99995065
8.873436e-06
2.4895691e-05
0.00013673365
3.620033e-05
0.99989545
3.1857675e-05
1.06144385e-10
0.9999914
1.9591429e-05
0.00025733942
0.0004609382
0.99755657
0.999736
1.7851862e-05
0.99987316
2.7446107e-05
6.6681628e-06
0.016787112
0.99998677
1.0734432e-05
0.9999969
0.9999448
1.2528706e-05
3.1449208e-06
0.99998057
1.0323935e-05
0.99999845
3.3080385e-05
0.6779913
8.6406e-06
4.930731e-05
0.9999114
7.005174e-06
2.6243944e-05
0.2641721
0.99999535
4.2913794e-05
6.100276e-08
0.99999964
0.9999471
0.99993026
0.999972
0.9999883
0.9998343
0.99999094
2.989115e-05
0.99999654
1.8708539e-05
0.0019427883
4.8864704e-06
3.7360525e-05
1.0
2.6490845e-05
0.9999367
0.9999019
2.8461158e-05
2.1525348e-05
4.3288645e-05
3.5167803e-05
0.9999256
3.034573e-05
0.999948
3.3238404e-05
2.6506917e-05
0.9999801
0.9997303
0.9999707
0.99892247
7.797239e-05
0.9996834
3.1173743e-06
0.00073743315
2.9701025e-05
0.010730252
1.7136377e-05
0.9999448
7.678368e-06
2.7128843e-05
6.4043625e-06
0.00123845
0.99997413
0.9999732
0.99988806
0.9999931
0.99961615
0.7475847
0.9981816
0.99997365
0.00021396973
0.9836152
0.9999989
9.918365e-06
0.5114396
0.9999591
5.168213e-06
0.99987626
2.2166429e-05
0.9999927
0.9999995
0.99999964
0.9999968
0.9999987
0.9999943
1.8173649e-05
7.381401e-06
8.948089e-06
4.5152287e-06
4.4425997e-06
1.8838671e-07
1.011416e-05
0.99999475
0.9998841
0.99876046
3.352168e-05
2.0574607e-05
1.1544994e-06
3.0988285e-05
7.161666e-06
0.015799718
6.16161e-05
0.99965084
2.3075906e-06
0.99988294
8.481715e-06
0.07404431
0.9999931
0.9999914
0.9999994
5.4961156e-06
0.99744034
0.00015187293
0.9923603
1.129737e-05
1.4781944e-05
1.1035071e-05
1.026645e-05
0.9999964
2.142083e-05
2.651344e-05
0.9999682
0.9999957
0.9999999
1.3808766e-05
0.99992156
0.9817061
1.0
5.687575e-06
1.9539668e-06
0.9999801
0.012874415
1.7980776e-05
8.642256e-05
0.67703485
0.99993634
6.745028e-06
0.00031163442
0.9999777
0.9757411
2.21178e-05
0.9999832
3.9690447e-05
1.7612267e-07
5.2636815e-06
0.99999905
0.9999355
1.4261193e-06
4.700413e-05
0.00015870883
0.9827975
0.0022625646
0.998803
2.2477133e-08
0.9999441
3.776509e-06
7.239214e-05
0.9999883
0.99999464
0.9999814
0.99999964
0.004624744
0.999998
1.144747e-05
5.6574223e-05
6.220059e-07
0.9999925