0.47157043
0.7600385
0.35401082
0.488471
0.36827028
0.12996806
0.13795514
0.7560876
0.42164114
0.5956356
0.24617107
0.10486713
0.11530119
0.39877126
0.7262166
0.08302578
0.111595705
0.84936446
0.13091938
0.46361136
0.54821277
0.17174481
0.43068334
0.17498419
0.128372
0.19341458
0.47030434
0.649357
0.4536569
0.6740432
0.12858154
0.36402783
0.5263685
0.28516874
0.32500622
0.37750733
0.4706759
0.63974786
0.71867996
0.7871409
0.100087196
0.4583737
0.1965614
0.3745546
0.117950484
0.13790666
0.45736846
0.56427956
0.14434755
0.711804
0.742846
0.14152089
0.72547346
0.59467536
0.48495954
0.15143283
0.50637656
0.19389118
0.16888826
0.09986723
0.50030386
0.74456185
0.4920352
0.37346825
0.6033265
0.61166316
0.47128928
0.1943773
0.5922979
0.47853568
0.6977338
0.10273252
0.6101318
0.52753407
0.22332159
0.13471271
0.15368953
0.50051224
0.32209602
0.36614642
0.16756795
0.11223344
0.34026557
0.70944047
0.71354216
0.119320594
0.4642003
0.68632126
0.67511123
0.5738129
0.11761032
0.11300163
0.71477073
0.66502684
0.304073
0.19180006
0.7202122
0.69182265
0.70986867
0.70504135
0.3752452
0.38017452
0.1320603
0.11864069
0.361155
0.16119365
0.11935759
0.62941664
0.704186
0.7821823
0.09949279
0.37582025
0.7195367
0.13686547
0.34646216
0.19887865
0.101714805
0.1215503
0.6289193
0.55363685
0.8621743
0.7487068
0.17535841
0.7366293
0.15955721
0.6640159
0.2015779
0.14986819
0.108532205
0.64105034
0.6651628
0.6924752
0.17322622
0.61640984
0.17362255
0.095952585
0.49843374
0.6897069
0.35960552
0.109260336
0.7635317
0.12010108
0.59969205
0.10983702
0.707667
0.18006575
0.15219137
0.44913888
0.6135969
0.1537556
0.6819917
0.57811093
0.3617881
0.15417758
0.16084622
0.3798841
0.6851859
0.14626074
0.104057185
0.6409133
0.7307971
0.71234775
0.55631375
0.5006013
0.66489536
0.1205249
0.4776688
0.44438943
0.11484958
0.15235667
0.1125337
0.4121188
0.174118
0.55438095
0.1435734
0.21831925
0.20094994
0.72613883
0.21900432
0.097735755
0.54018784
0.14704424
0.14817753
0.6793582
0.6576312
0.69154906
0.36804256
0.41908813
0.14682445
0.7413742
0.11683763
0.71270883
0.74005
0.62378275
0.1742807
0.23187912
0.35290873
0.7206398
0.043875046
0.14928578
0.19521697
0.7260209
0.74473804
0.7172015
0.7156139
0.6903766
0.18998365
0.75708747
0.13517785
0.18708314
0.3634381
0.3954291
0.675778
0.47452167
0.33160502
0.4387395
0.12082067
0.5157517
0.10794318
0.14765424
0.12937243
0.74607074
0.23328714
0.21069416
0.10582115
0.6602828
0.69438416
0.16573662
0.39018127
0.15205328
0.7029922
0.42032304
0.5600409
0.38226026
0.44587156
0.31812578
0.69131416
0.70424247
0.1365055
0.09855734
0.16025482
0.16429338
0.74113154
0.66151685
0.62010735
0.15046462
0.44214576
0.22919498
0.37829554
0.46090016
0.7149634
0.096542776
0.61525905
0.3655414
0.11712371
0.1698303
0.6692793
0.66489524
0.767296
0.751742
0.6568768
0.11398953
0.75089175
0.7038383
0.600739
0.17169139
0.09282566
0.09865372
0.5049542
0.7322072
0.3454406
0.5036762
0.13962306
0.23051178
0.62712413
0.43056703
0.54979634
0.12170224
0.7136867
0.64997226
0.67032737
0.72457147
0.25734895
0.12237168
0.6599063
0.7117201
0.36779422
0.6494669
0.14998136
0.30308095
0.64897656
0.7457345
0.46025985
0.10018429
0.65432864
0.13209833
0.55551994
0.74056214
0.1864828
0.6625408
0.48423097
0.103293926
0.6067302
0.69543815
0.72532004
0.10827971
0.47827485
0.21536894
0.65367913
0.14210618
0.12965979
0.53942055
0.7098999
0.7011777
0.72167695
0.09494325
0.1362881
0.18987761
0.6348333
0.12349089
0.1213349
0.09130097
0.1392397
0.10632852
0.73827153
0.45636886
0.18009198
0.1644677
0.38847816
0.67124426
0.5725412
0.08862508
0.6521076
0.7306811
0.5517202
0.37309858
0.74586654
0.6853382
0.09895479
0.09560831
0.094365105
0.15051916
0.73349124
0.45381653
0.72238266
0.6074847
0.5739387
0.63118386
0.75238377
0.70115644
0.5895847
0.12923515
0.7010889
0.44946304
0.67024136
0.20290136
0.13637392
0.45049298
0.7154031
0.45531714
0.11706921
0.69681066
0.5644077
0.10574716
0.13885522
0.36052787
0.65924686
0.15783477
0.16816683
0.3397125
0.34846482
0.14257789
0.7136756
0.14011036
0.15044542
0.07639056
0.7278194
0.637374
0.14026052
0.19053079
0.70543385
0.5953084
0.6539136
0.15424208
0.30535266
0.65276027
0.6420898
0.4537423
0.14817774
0.70151764
0.47728965
0.13133329
0.10566443
0.15697727
0.36320066
0.65481335
0.6256294
0.10793773
0.12574586
0.22954902
0.16305593
0.6312257
0.7187152
0.46008933
0.4736802
0.37880337
0.7478555
0.68260795
0.6893456
0.48415864
0.68403274
0.39120737
0.64370376
0.71902037
0.1444208
0.10530069
0.6526637
0.14395404
0.72286147
0.12547143
0.13325486
0.38469145
0.13017312
0.16558765
0.71771204
0.76615274
0.7419085
0.45631385
0.13432062
0.15180358
0.11019935
0.61757046
0.3188791
0.5512021
0.15817924
0.09876151
0.76433146
0.46859506
0.61274934
0.36246789
0.1547127
0.20883922
0.12346117
0.6904787
0.75659126
0.34881526
0.66754127
0.71040297
0.32577884
0.74974185
0.6958558
0.34612492
0.6486854
0.16284941
0.6400336
0.12793502
0.6794271
0.62266976
0.14924346
0.11003426
0.62632513
0.71445864
0.15247379
0.6630981
0.12773302
0.68536144
0.7127439
0.4870449
0.13282654
0.16753958
0.35668522
0.122319974
0.75725955
0.49237168
0.11950633
0.62890786
0.6807043
0.24506706
0.69273263
0.11881768
0.17247997
0.38561437
0.50809556
0.6395297
0.13027146
0.100973554
0.11918478
0.732406
0.67627877
0.46087313
0.468017
0.60513145
0.6713913
0.7054394
0.41101116
0.4771461
0.6796871
0.16652367
0.09856836
0.48675156
0.36987963
0.7057714
0.16243458
0.12837112
0.6308161
0.7076595
0.12792005
0.35273018
0.12592
0.63696873
0.14616728
0.5660671
0.14945553
0.7161568
0.3624606
0.43930832
0.46714336
0.12620394
0.15237843
0.106145516
0.49957418
0.5384641
0.40513685
0.74828017
0.69261515
0.6416202
0.36639923
0.15837122
0.62603486
0.21028814
0.6898147
0.37964833
0.30122355
0.46237165
0.13106191
0.14975058
0.1169065
0.33831036
0.15287003
0.47658008
0.3991032
0.71372813
0.39800912
0.6052544
0.38865247
0.16462116
0.1595974
0.15256709
0.096563935
0.7136188
0.13660151
0.117750265
0.43578175
0.6265541
0.72922254
0.3654389
0.10522118
0.16730277
0.13479492
0.7131135
0.1554401
0.76037365
0.43300292
0.36593723
0.72732913
0.11665142
0.6674644
0.7435524
0.114053614
0.71901333
0.6097969
0.14725563
0.45408514
0.095589265
0.7063217
0.65980285
0.70046276
0.60726744
0.7352346
0.15291135
0.12681158
0.14475326
0.119039625
0.16722924
0.7519159
0.5711595
0.12153939
0.5479562
0.13897072
0.7209071
0.23762976
0.12361199
0.22554566
0.5574284
0.47513837
0.13346395
0.10252605
0.098674186
0.6535604
0.101176836
0.7359054
0.6808832
0.59059554
0.09892572
0.70143205
0.13898693
0.48520127
0.39217246
0.12753049
0.505876
0.20617664
0.443907
0.14068414
0.6919043
0.57012963
0.13269852
0.13872428
0.14757833
0.6835774
0.6151057
0.70160264
0.45877886
0.19128935
0.64385235
0.48097694
0.65399367
0.09248263
0.6484147
0.57683104
0.3393394
0.10623739
0.3614774
0.88190037
0.76318055
0.14962457
0.72136414
0.6719665
0.1929685
0.1319063
0.10527066
0.7179979
0.24259342
0.64009017
0.72143364
0.103034064
0.15175137
0.120073125
0.11130182
0.4536778
0.67225915
0.73489845
0.64595956
0.43639064
0.53630716
0.15498678
0.6333788
0.58931386
0.79758483
0.14751595
0.123495884
0.36836746
0.12269201
0.73017526
0.5705854
0.13826214
0.6514102
0.1359243
0.141959
0.708306
0.44825548
0.48081058
0.6294898
0.11620518
0.6923428
0.55656964
0.68253875
0.54211867
0.15438809
0.6864793
0.6429517
0.50114155
0.20003526
0.51894546
0.62647617
0.68132025
0.62664163
0.59644365
0.67905915
0.7111733
0.1354209
0.14641868
0.6254863
0.092360616
0.26661792
0.2821878
0.09690934
0.14420387
0.09533877
0.6831379
0.56685764
0.36551702
0.47687116
0.629921
0.17166036
0.13616805
0.7835234
0.11386224
0.6822244
0.7255842
0.4603122
0.46013963
0.6756154
0.113764964
0.19582255
0.7390366
0.3749226
0.11837909
0.7614758
0.11434752
0.5133594
0.15613252
0.114772975
0.57571256
0.13240069
0.12335724
0.08765053
0.13027738
0.36324018
0.11530051
0.12761705
0.6373882
0.68391365
0.41063827
0.10700079
0.6769748
0.086523354
0.12387019
0.7117011
0.46596512
0.19881676
0.476454
0.39072296
0.6779154
0.123427965
0.8938888
0.47138262
0.12795524
0.377477
0.3570945
0.34493873
0.10954543
0.11645495
0.11513774
0.6136212
0.47566655
0.115270086
0.6651121
0.15496165
0.10550866
0.4492015
0.13112518
0.68595344
0.4879485
0.5198516
0.12481241
0.31227684
0.13558051
0.6454771
0.18681401
0.7152876
0.13309988
0.32834497
0.481524
0.122269966
0.15205334
0.73344815
0.6860991
0.44519585
0.7301992
0.14482416
0.14166035
0.6034178
0.5763147
0.51154256
0.12963724
0.7263409
0.7877025
0.47304237
0.76647997
0.14842567
0.6925959
0.5862683
0.7035348
0.08965364
0.39504683
0.12153431
0.4571727
0.12360237
0.6696542
0.121407576
0.7775989
0.4364306
0.6533873
0.74069244
0.11653416
0.11706918
0.12881443
0.57495934
0.6656496
0.6288393
0.72632927
0.4887294
0.45378447
0.5742165
0.15199114
0.47302318
0.67319196
0.62304187
0.11647131
0.71357167
0.60620576
0.7554412
0.71602756
0.13122088
0.15411143
0.7169316
0.77630806
0.13993081
0.5523916
0.33766094
0.7924238
0.147985
0.11394027
0.7496959
0.52397037
0.46776858
0.6641431
0.6587334
0.13818398
0.1289602
0.13575733
0.7695232
0.73971355
0.3060708
0.686462
0.4808959
0.7264365
0.7366253
0.66036326
0.101285815
0.11406383
0.66830903
0.21038233
0.13319348
0.1315975
0.656667
0.1549536
0.122995906
0.13926516
0.4082483
0.7051551
0.31590757
0.6055492
0.11442237
0.4770363
0.13130195
0.4444494
0.069439195
0.07520303
0.1048655
0.113990605
0.54702187
0.37361243
0.6008175
0.1498175
0.63169587
0.38435176
0.16746138
0.16001529
0.54832524
0.4797707
0.38081884
0.51147217
0.12533577
0.3580337
0.12699623
0.49644396
0.3780003
0.4761116
0.4035311
0.3317043
0.7624691
0.09152975
0.7464819
0.6630082
0.6987192
0.6417815
0.11111337
0.75107753
0.7546573
0.5301546
0.15555164
0.71227354
0.5099622
0.7280679
0.37505186
0.106061555
0.4933411
0.7323297
0.35010412
0.7420539
0.09733936
0.16494796
0.11656851
0.5211277
0.753999
0.48606518
0.37111813
0.49091515
0.61462194
0.21392594
0.6904418
0.7193439
0.58650625
0.619682
0.6482446
0.39973834
0.13835423
0.7417333
0.36170176
0.71077216
0.4583481
0.69211876
0.43720835
0.6217981
0.7227739
0.258977
0.48402667
0.7942923
0.12588966
0.72570634
0.112156376
0.10721741
0.23897687
0.0885406
0.3485232
0.19415365
0.4680914
0.47765267
0.7410452
0.121000774
0.6124468
0.55000377
0.114844225
0.12735465
0.67840993
0.7177557
0.46819234
0.6320687
0.68358666
0.7421629
0.15081403
0.70287025
0.08209678
0.6795365
0.17170455
0.10609866
0.37835395
0.7010929
0.14501771
0.73515147
0.36222947
0.6964544
0.39429104
0.119369246
0.6163585
0.7001033
0.13628772
0.73468035
0.65966827
0.12006622
0.5977852
0.12586324
0.12943439
0.37074643
0.44547766
0.6204151
0.48867935
0.4783672
0.4871001
0.6426127
0.36797485
0.47669506
0.11810243
0.6768381
0.3332155
0.4187083
0.11202106
0.1012933
0.83983314
0.3587336
0.44397917
0.09502837
0.641631
0.50109684
0.094313756
0.7164904
0.14164925
0.33995587
0.5650014
0.06639802
0.1315762
0.66128904
0.69460005
0.34701765
0.47277012
0.50553083
0.14667997
0.34732038
0.7643715
0.4041806
0.3651783
0.11078997
0.21746239
0.38039345
0.3814589
0.4235996
0.6792768
0.74526787
0.5888129
0.1523918
0.34747466
0.60277015
0.1680021
0.14749159
0.66850466
0.15501481
0.6918676
0.76176405
0.7653993
0.7131504
0.13954869
0.094691165
0.62595224
0.76249915
0.6902205
0.67983437
0.47511205
0.36855924
0.8798928
0.2618719
0.71083355
0.7818091
0.1488689
0.13589537
0.11343167
0.14383169
0.72228116
0.65579283
0.66028416
0.39767233
0.68303645
0.127645
0.4899945
0.104301125
0.69771796
0.74699473
0.68430626
0.6485471
0.65386844
0.18243687
0.364882
0.14708064
0.6755728
0.57248
0.43376988
0.11572222
0.7248177
0.71756375
0.47419423
0.111241646
0.7563813
0.11670634
0.532443
0.68227625
0.7151915
0.14375678
0.38946158
0.61552066
0.18870276
0.20115723
0.1298992
0.7493835
0.119555704
0.5229956
0.69689643
0.6411861
0.15258928
0.14247239
0.6584285
0.70459265
0.11177018
0.65539515
0.47342703
0.120700635
0.120138355
0.29753008
0.1403833
0.682897
0.36180368
0.11617832
0.63459885
0.70352554
0.15736187
0.07971498
0.6790787
0.13553742
0.5569961
0.10572574
0.1404538
0.15642263
0.100905746
0.61066
0.16344322
0.11528585
0.7342936
0.123181604
0.14876044
0.45031407
0.5488332
0.101894714
0.09893068
0.40417236
0.37864926
0.72292835
0.6575577
0.6908163
0.12592404
0.5110276
0.13635147
0.6803607
0.16257109
0.80899733
0.6445687
0.73737764
0.6414707
0.10850322
0.10095223
0.37535065
0.6220012
0.38294572
0.621352
0.4494773
0.5975488
0.35509017
0.567393
0.4492365
0.40774924
0.4938113
0.679071
0.77624154
0.4800841
0.7473449
0.16421202
0.10211376
0.6706187
0.13686097
0.10425932
0.1729906
0.12771143
0.51227885
0.6242043
0.7854727
0.60854477
0.08748213
0.75445354
0.12861423
0.12214876
0.26019073
0.5818153
0.13950087
0.11241323
0.37719223
0.6241292
0.08745468
0.36347547
0.11256108
0.14150113
0.1348322
0.17442362
0.09328293
0.7436928
0.0840374
0.62934417
0.26075915
0.34765553
0.121312276
0.7233659
0.5828686
0.12211339
0.13173288
0.7420008
0.67683285
0.14957957
0.121205874
0.14723112
0.3895452
0.6360369
0.73220915
0.13805409
0.6721677
0.6415453
0.7178373
0.1354641
0.68367183
0.13260977
0.15715855
0.45925587
0.65476984
0.103935555
0.44035366
0.65672684
0.12627776
0.13148957
0.12265312
0.12329841
0.7189849
0.66922367
0.115341865
0.32504973
0.6657105
0.110212
0.4257666
0.71052474
0.14960256
0.12500742
0.6499497
0.08982276
0.12689549
0.70921224
0.4372132
0.7549611
0.11363758
0.11044749
0.15144563
0.14173487
0.25514477
0.7304877
0.35697964
0.11347841
0.3235725
0.66198885
0.51630473
0.61633223
0.4872539
0.44527042
0.11090009
0.7202014
0.14715181
0.3553969
0.13732885
0.40228438
0.7169897
0.3594801
0.10614067
0.6948503
0.41236168
0.12982394
0.46545672
0.6650925
0.71963406
0.107516065
0.6431126
0.1180075
0.35778552
0.4737791
0.6527399
0.117143676
0.4984796
0.648427
0.1092895
0.168979
0.71005535
0.08551034
0.7639683
0.11972653
0.6531536
0.46539176
0.1236038
0.673391
0.17970909
0.13611048
0.47729862
0.68125224
0.109046444
0.2223294
0.7260601
0.50316817
0.6842519
0.7151835
0.48474145
0.66801345
0.4978211
0.1303472
0.6877645
0.10631112
0.39090168
0.1925033
0.11581042
0.76735395
0.10714007
0.62910813
0.47139722
0.12915434
0.11749032
0.1521188
0.10526258
0.6802154
0.14282252
0.73525006
0.11047838
0.35677978
0.51051897
0.7248832
0.6884469
0.6836068
0.14276199
0.59215546
0.097952776
0.13455252
0.1366754
0.13488069
0.17531954
0.66972846
0.35977373
0.39008617
0.1385134
0.4691208
0.7047894
0.75031626
0.71952057
0.71992964
0.6711063
0.54239535
0.6460769
0.70427674
0.09920309
0.49550763
0.52430356
0.11695511
0.5752952
0.7030396
0.11770906
0.6799302
0.101894714
0.4757151
0.72086316
0.6652925
0.4854401
0.4691143
0.6381583
0.12559661
0.11296736
0.15450393
0.07693054
0.45915383
0.20014028
0.1186757
0.6729385
0.6421774
0.6852747
0.3980987
0.3477253
0.12875001
0.34353563
0.3165705
0.4660555
0.11681822
0.64404434
0.29197162
0.70718664
0.1466068
0.5967331
0.7560278
0.6541386
0.4756714
0.13081624
0.61600506
0.114931196
0.53312606
0.13274227
0.18365778
0.11081398
0.33894032
0.6598192
0.11494519
0.15366133
0.48203704
0.7575586
0.47646585
0.1320268
0.68400216
0.6120993
0.8438827
0.11718274
0.12591021
0.7149247
0.119864926
0.14909597
0.36717087
0.47934464
0.46232787
0.36524704
0.114362225
0.70617616
0.5865865
0.118391685
0.46581748
0.3889616
0.25437787
0.13476123
0.7353765
0.6316126
0.12500656
0.12003766
0.14131139
0.6980592
0.15401568
0.6538723
0.44752103
0.48309246
0.1414046
0.12226729
0.7098311
0.71881986
0.72137654
0.44870076
0.4600912
0.7412846
0.0956208
0.12453437
0.20219146
0.6250772