0.47431687
0.5374587
0.42074117
0.4651306
0.4367508
0.3501213
0.3635404
0.54353714
0.42931744
0.4933216
0.40363565
0.3337851
0.34621853
0.44583866
0.5349948
0.3629997
0.37851468
0.4604833
0.3640559
0.4456714
0.5171099
0.36621758
0.4331822
0.36390504
0.37409812
0.40517238
0.4358777
0.5130573
0.43937376
0.5223727
0.348334
0.44994548
0.51564384
0.43362844
0.42442608
0.43573648
0.4662737
0.5250011
0.55580604
0.54002863
0.3758974
0.44976604
0.37945718
0.42847434
0.34613842
0.3843552
0.47619462
0.5214029
0.35757804
0.5368331
0.5140324
0.35689718
0.53402966
0.54291147
0.44296277
0.40197256
0.48177043
0.39193666
0.37442467
0.36583263
0.4647868
0.541915
0.46712962
0.42738712
0.49971524
0.49992734
0.4619364
0.3762547
0.5230634
0.46666226
0.542872
0.37481478
0.525543
0.4781228
0.3587012
0.35061932
0.36041212
0.48977548
0.42090136
0.43201196
0.33374152
0.34752816
0.43427253
0.5284659
0.5248191
0.37538654
0.47190458
0.48091274
0.4984368
0.4417523
0.3516397
0.34813425
0.5328084
0.5446023
0.3844629
0.36622065
0.52799284
0.5149225
0.55957466
0.53236675
0.44236225
0.43123436
0.34878254
0.3531509
0.4294003
0.37071583
0.35161993
0.5319145
0.5146729
0.50786483
0.34845823
0.42247748
0.5123786
0.36696988
0.42347547
0.3466799
0.35535312
0.40732226
0.5243854
0.5016795
0.49315003
0.49221307
0.38778448
0.5388277
0.38595
0.5310012
0.39456567
0.3403794
0.35013157
0.49678934
0.54191834
0.48814258
0.36878696
0.4795039
0.37146214
0.34448698
0.4870682
0.5343952
0.4270045
0.33268344
0.52890486
0.3507114
0.5268418
0.34885815
0.4554536
0.34638777
0.3740369
0.4055711
0.37741172
0.34866947
0.54789376
0.523496
0.42171872
0.3286187
0.37395078
0.43569687
0.54626983
0.37042037
0.34512097
0.47326592
0.5411597
0.5702364
0.45039216
0.5075362
0.5363425
0.3566692
0.487487
0.4743225
0.39162916
0.35995063
0.35138163
0.43480188
0.39329788
0.4859575
0.36142427
0.37823334
0.38264745
0.5177643
0.38825226
0.35080695
0.4653715
0.3577616
0.34903052
0.5485074
0.5069132
0.5243033
0.43261853
0.43336123
0.33332917
0.5576749
0.3566701
0.5488788
0.5186318
0.538668
0.39286748
0.3643644
0.42557123
0.52761483
0.34713763
0.36905825
0.40264896
0.52090496
0.5462769
0.47157076
0.53343904
0.54660493
0.40243247
0.5471039
0.36904764
0.40754932
0.4330562
0.43569833
0.54196924
0.3853135
0.4230081
0.44970894
0.3756033
0.4808709
0.36954165
0.3686201
0.3308756
0.5244298
0.37880895
0.3801237
0.34377202
0.5496793
0.51663953
0.37992492
0.43467894
0.3702527
0.52206016
0.42405334
0.47946316
0.42407346
0.45969075
0.43317863
0.53412557
0.56781554
0.38480037
0.33651036
0.35727283
0.36653984
0.5210771
0.52541476
0.49931988
0.3722857
0.4511269
0.43331826
0.4398535
0.49030954
0.56348604
0.35594553
0.5110881
0.4050283
0.3703823
0.38061598
0.52269566
0.51977295
0.46504363
0.5412525
0.56452805
0.37009513
0.5344283
0.49957103
0.4927579
0.38083646
0.33220196
0.36073765
0.50870824
0.5229796
0.43847054
0.45125037
0.33102256
0.37785885
0.51975673
0.44907972
0.49567035
0.36371723
0.50246066
0.524952
0.5509596
0.53193104
0.37213522
0.34254354
0.5083637
0.50559354
0.42925286
0.5248227
0.37580028
0.4328483
0.5327411
0.513397
0.4633113
0.3575088
0.5274134
0.38105974
0.48758423
0.51575184
0.3572687
0.5617607
0.42277667
0.34877586
0.51162803
0.52921987
0.5148138
0.3818355
0.46262583
0.3940042
0.5241107
0.36103556
0.3731908
0.52155405
0.5774626
0.5138406
0.49322894
0.35338348
0.37712932
0.34415752
0.50973684
0.35231024
0.3829118
0.36980423
0.36221504
0.38311568
0.557245
0.4926234
0.39038318
0.3893505
0.43132824
0.53738004
0.49476546
0.33146405
0.5555737
0.52650315
0.48561484
0.4424394
0.51839525
0.52331126
0.34652975
0.3339142
0.33326674
0.37095132
0.5107103
0.42002466
0.51857126
0.5016519
0.49685007
0.52958095
0.5312763
0.5059332
0.48338175
0.35056663
0.5300212
0.42534897
0.52652097
0.3474221
0.35945725
0.5093166
0.5580757
0.49520826
0.4002859
0.5060525
0.3809481
0.35204756
0.37697455
0.42772067
0.5181311
0.3830498
0.36662263
0.42119604
0.43541142
0.36759797
0.5438799
0.37033445
0.36082277
0.3905629
0.5265306
0.4946223
0.36500463
0.36722302
0.511716
0.4621933
0.5075143
0.3727585
0.4081783
0.4889306
0.52323055
0.42527586
0.38208956
0.49105558
0.47176138
0.4023757
0.33927608
0.33599734
0.4270203
0.5107121
0.5266129
0.3623079
0.33719546
0.39604804
0.35507742
0.5355306
0.50172234
0.4173105
0.454276
0.43836176
0.49544534
0.53997344
0.5342899
0.43457624
0.52382416
0.41928315
0.52509975
0.5487343
0.3546691
0.342924
0.51100296
0.36115828
0.51306134
0.3821326
0.36090755
0.4340392
0.36496183
0.38103372
0.5356498
0.5763286
0.53809065
0.41755736
0.3696971
0.363037
0.35755423
0.48913205
0.43401355
0.49913236
0.3458094
0.34568393
0.54690427
0.44873774
0.49387896
0.43162465
0.3646759
0.3949975
0.34125113
0.50497025
0.5275742
0.37302318
0.5261593
0.5260085
0.42958474
0.518654
0.51827633
0.43025112
0.47628373
0.3546862
0.5232263
0.37552723
0.5127147
0.5013182
0.37296975
0.343843
0.5776197
0.52100927
0.3651569
0.5202004
0.3811044
0.5393589
0.51726407
0.5067018
0.3511687
0.36296168
0.43304357
0.34577832
0.5608518
0.4840527
0.35126826
0.48613903
0.5213008
0.39554712
0.5158529
0.3656007
0.362435
0.43569005
0.4374768
0.53066283
0.36482564
0.41944918
0.3846207
0.52352124
0.5313109
0.41510558
0.4454855
0.5252469
0.5525724
0.5284551
0.44160175
0.43896073
0.5066739
0.36210617
0.396026
0.45922863
0.42618626
0.52952254
0.37068287
0.34445682
0.47130916
0.51092154
0.36500984
0.42167377
0.3542215
0.49165317
0.34813875
0.52792513
0.3742984
0.5088563
0.43061662
0.43861824
0.45616546
0.3389566
0.36169073
0.34686407
0.50357527
0.5160405
0.37928918
0.5259615
0.53957164
0.47850564
0.4232089
0.3620077
0.5066773
0.35782164
0.4719142
0.43783158
0.383607
0.43330988
0.35271922
0.35834983
0.3574893
0.42775315
0.3746663
0.46470255
0.43914276
0.50387955
0.45126867
0.51838607
0.4225591
0.37624156
0.3657303
0.329351
0.36767724
0.51053506
0.34447935
0.35059863
0.41279522
0.5399685
0.5437543
0.4334874
0.3528804
0.4100479
0.35431054
0.5504573
0.36604843
0.53754914
0.45584157
0.43124983
0.52757746
0.36909798
0.52525324
0.5326234
0.35071233
0.5290925
0.5147846
0.36241254
0.4501563
0.3409889
0.5316306
0.5260144
0.504023
0.4993539
0.5057708
0.3664732
0.34894288
0.36640865
0.3536022
0.3604639
0.48381683
0.500385
0.3590729
0.51042145
0.34001788
0.54283875
0.36975682
0.35781398
0.38985896
0.48726708
0.46109736
0.37224373
0.3920632
0.34255588
0.5245483
0.34284124
0.53152436
0.5300174
0.5034447
0.35892317
0.5012093
0.3514196
0.43325496
0.43919516
0.37940404
0.4960591
0.34592712
0.54849076
0.3629473
0.52398044
0.50744367
0.3804896
0.34696376
0.364554
0.5314617
0.4850592
0.49835888
0.42335516
0.35695285
0.52634615
0.44616553
0.5571186
0.33018857
0.49446857
0.5226534
0.42789328
0.36961335
0.43015343
0.5966726
0.534102
0.33556962
0.5420071
0.5197103
0.38983956
0.37683183
0.3504311
0.5062512
0.37552893
0.51094997
0.5206882
0.36801586
0.36194
0.3750467
0.3514891
0.51150167
0.50244844
0.5265652
0.52068985
0.44351983
0.52745795
0.38552728
0.5319839
0.5068019
0.54479903
0.37891555
0.3688436
0.43701926
0.3629404
0.4845066
0.50051475
0.3777314
0.5302705
0.35630184
0.35915875
0.49651164
0.4231528
0.4543746
0.53643256
0.36501414
0.52430105
0.47954792
0.51589197
0.47984144
0.37631246
0.5214179
0.5167589
0.5323499
0.33870974
0.46958688
0.5474888
0.50582725
0.5082341
0.47843796
0.5234781
0.5024185
0.3760239
0.37870267
0.4997392
0.33665723
0.4084038
0.4068503
0.34083012
0.3669063
0.34309885
0.53949285
0.50808793
0.42951664
0.4842469
0.5457912
0.40371394
0.36036164
0.5384834
0.3519268
0.55251217
0.53616834
0.48395985
0.43652225
0.5190916
0.34935963
0.3704768
0.51078093
0.43441236
0.37125364
0.5300044
0.35322875
0.4982252
0.37867266
0.36086503
0.51943094
0.3441203
0.36024192
0.33677113
0.36894065
0.42031324
0.36359903
0.37988833
0.5182276
0.49785638
0.4281633
0.3416455
0.48124045
0.36325517
0.34538963
0.516807
0.47842047
0.37568682
0.4684366
0.43427747
0.5469567
0.35425037
0.45216492
0.4997579
0.35276547
0.43171963
0.39561343
0.42727482
0.3596587
0.35068202
0.3404697
0.51979774
0.4500078
0.34653658
0.5155066
0.36746946
0.3439352
0.41190818
0.39411154
0.5065814
0.46625033
0.5100895
0.35008082
0.39661816
0.35295013
0.5037982
0.38400322
0.5410406
0.35660154
0.3568224
0.51945984
0.34833357
0.37113738
0.5187294
0.5237388
0.43494043
0.5188539
0.35810181
0.33945248
0.55376804
0.49321115
0.4918411
0.3521379
0.5357088
0.53344315
0.49012443
0.54709727
0.36570185
0.5752171
0.49316543
0.51183116
0.3522633
0.37761542
0.35773554
0.42250004
0.35257196
0.5489379
0.3519284
0.55026144
0.40747342
0.5182838
0.55117756
0.3393838
0.35878828
0.35534602
0.5052977
0.53822964
0.52644426
0.5487813
0.48324403
0.45523864
0.50854576
0.36369053
0.4255515
0.49739456
0.51927114
0.36628845
0.5200884
0.477344
0.5042276
0.52854204
0.35158774
0.37381175
0.500208
0.5599139
0.35805634
0.5003893
0.4238059
0.5474873
0.36598778
0.3542019
0.51728165
0.5116268
0.51573426
0.51769567
0.5019246
0.3644687
0.3482786
0.3992855
0.5409651
0.52466923
0.4450855
0.55762136
0.4606275
0.51688766
0.523232
0.53617
0.34834173
0.34555954
0.5427067
0.3576538
0.3928387
0.36477503
0.5111571
0.3650257
0.3388305
0.3599233
0.44744417
0.54138696
0.41880253
0.51441944
0.38766125
0.46397942
0.36856887
0.39607382
0.3706353
0.33750254
0.36418274
0.3501137
0.5036474
0.4282497
0.5461323
0.36142078
0.5506398
0.4323724
0.37498558
0.38264441
0.4776029
0.4542388
0.41579816
0.50916755
0.36957827
0.4279978
0.35907593
0.4887967
0.42562205
0.5085695
0.43007657
0.4389873
0.5502419
0.35010305
0.54742837
0.51633954
0.5066179
0.5228127
0.34081262
0.4754182
0.5342352
0.4948403
0.35701552
0.52670133
0.49641845
0.49366295
0.42044932
0.3500109
0.46683252
0.5160949
0.43735212
0.53854054
0.3712133
0.37361157
0.37085217
0.4954041
0.5358032
0.4541069
0.42951238
0.49173358
0.5127266
0.35484013
0.55525935
0.51500416
0.5029686
0.4885115
0.49957025
0.44368047
0.38304412
0.5082599
0.42282492
0.53668094
0.41540703
0.53433764
0.4960514
0.49414858
0.55021
0.39305952
0.48610505
0.5164381
0.34741762
0.5147454
0.36808985
0.35013574
0.34937382
0.3286712
0.4269223
0.36147287
0.47904566
0.45630082
0.5297605
0.37581336
0.5119359
0.47194615
0.38989985
0.35028994
0.52365834
0.49904227
0.41745782
0.5267305
0.5404132
0.50432426
0.36293927
0.53180623
0.39383355
0.5372082
0.3792485
0.36391863
0.43410605
0.52561855
0.35568154
0.53243667
0.4290901
0.47883943
0.45130852
0.36931026
0.4991804
0.5337603
0.39337388
0.53390855
0.5180049
0.34480205
0.54051614
0.34049562
0.35341597
0.4362792
0.42170742
0.4900403
0.48708755
0.48062205
0.48157418
0.505659
0.42348492
0.47825664
0.3453155
0.5129324
0.43691963
0.43278405
0.34507445
0.34773773
0.4328215
0.4282244
0.4746247
0.34531906
0.5196029
0.4797248
0.3579952
0.50268614
0.35655645
0.4219963
0.52424204
0.35953063
0.34681854
0.5048665
0.532694
0.4262325
0.48649094
0.5202055
0.3676507
0.42574203
0.5436357
0.44873318
0.4341717
0.3677715
0.34924704
0.43299717
0.44001123
0.4103797
0.5402835
0.53162014
0.52383316
0.36967203
0.43306637
0.49955028
0.37749854
0.34488985
0.5236243
0.3698064
0.5099914
0.53228354
0.5289784
0.53423697
0.36200997
0.34965628
0.5329366
0.5448238
0.5288351
0.49617556
0.48794422
0.43260822
0.5313515
0.37116197
0.53185624
0.52296424
0.37439167
0.39236397
0.3496796
0.36290717
0.48048687
0.50342375
0.52466565
0.3669449
0.540218
0.31830427
0.48589578
0.3442607
0.5078662
0.53473353
0.5126732
0.5422508
0.5024996
0.36836532
0.43007863
0.35767746
0.5073113
0.49813616
0.45458913
0.34557787
0.5478133
0.533148
0.4887434
0.38516036
0.537018
0.38207358
0.5383766
0.52724314
0.525008
0.3724256
0.4369829
0.5208153
0.35433087
0.36414495
0.3461541
0.53568476
0.37871853
0.48735806
0.53793144
0.4988378
0.38364884
0.35074362
0.48116916
0.5300599
0.33904976
0.54554003
0.46531534
0.36034557
0.3558202
0.4049709
0.3611832
0.5012096
0.4368765
0.37186068
0.5347
0.52117634
0.36451042
0.35718742
0.5052068
0.3707599
0.48027346
0.3675977
0.38932174
0.37290445
0.3512699
0.5310986
0.37882006
0.35130087
0.5279851
0.35731298
0.36994496
0.45553145
0.50600713
0.37820122
0.38486516
0.42974207
0.43574956
0.5088054
0.50461394
0.51716644
0.35722113
0.5206862
0.3564435
0.52095145
0.38703793
0.5484957
0.5527788
0.5310148
0.5082976
0.34819815
0.3498909
0.4369856
0.49900016
0.45073754
0.48756713
0.4577292
0.48181936
0.43106642
0.4941625
0.46415314
0.44863814
0.51876104
0.52273387
0.5341683
0.4736584
0.56637704
0.37740812
0.35952288
0.5073036
0.3928846
0.3631803
0.37723657
0.3777409
0.5241309
0.5105148
0.57614297
0.5081717
0.34712923
0.5546625
0.33931994
0.38838005
0.3771576
0.4945901
0.36576065
0.35497406
0.4285954
0.525031
0.35351232
0.42950857
0.35399073
0.359728
0.3592621
0.3661205
0.3691884
0.52624387
0.3471314
0.5273281
0.38244677
0.42340925
0.36133328
0.52624714
0.5039838
0.35122392
0.34537718
0.5436748
0.48998684
0.3588695
0.34756202
0.36873204
0.43257284
0.51078916
0.53519946
0.37948623
0.5303296
0.49303105
0.54096776
0.37822247
0.5404235
0.3497532
0.3827288
0.45370814
0.5119088
0.35036594
0.4297882
0.5156668
0.35298777
0.3763836
0.35658652
0.3875152
0.5460539
0.5262772
0.35764897
0.4306152
0.51255673
0.3687763
0.45609382
0.5025567
0.36445752
0.34500718
0.55755264
0.34430864
0.36429816
0.5015539
0.4347769
0.52887297
0.35485154
0.34531134
0.32803717
0.40021533
0.3815056
0.49672163
0.4287528
0.35530138
0.42210376
0.5477851
0.5108941
0.51177645
0.4652078
0.3737527
0.3469276
0.49998254
0.3710049
0.43168485
0.36523348
0.4141805
0.5309686
0.42812616
0.37905684
0.5118099
0.42814872
0.38315603
0.4983467
0.5297873
0.56554615
0.38294885
0.51824766
0.3469514
0.42908543
0.50553715
0.517614
0.3368645
0.48234546
0.49653327
0.34018284
0.35248706
0.5430115
0.3584423
0.52990425
0.35856313
0.50053185
0.43122083
0.3601549
0.5335055
0.37363282
0.35653633
0.4487084
0.51878554
0.360727
0.3741287
0.56500685
0.48112425
0.49437243
0.51485854
0.47502774
0.51933956
0.48346472
0.3619976
0.51267636
0.3447669
0.4400085
0.34990832
0.3641256
0.50176984
0.34246048
0.51370734
0.46261108
0.35273984
0.34803694
0.3594021
0.36255646
0.5124972
0.35709095
0.5407499
0.35585958
0.42459914
0.47914454
0.5252606
0.50513864
0.5107131
0.37529746
0.5284584
0.40611368
0.36614284
0.3683304
0.396154
0.3815617
0.47714794
0.4304703
0.43400902
0.34510693
0.46492776
0.5154769
0.5111556
0.5170166
0.5329346
0.51908416
0.51164365
0.5006005
0.5082281
0.351158
0.45843637
0.48866972
0.33982295
0.5123043
0.50449604
0.34446153
0.5376632
0.3384308
0.4671608
0.5599061
0.5456452
0.4872575
0.48141918
0.53228855
0.34766388
0.35615435
0.34026492
0.33951497
0.41785955
0.37676284
0.35070992
0.5149584
0.5282752
0.516733
0.42769927
0.43352276
0.37698418
0.43076414
0.42122194
0.44873935
0.35063416
0.5282667
0.38858104
0.49676087
0.3613918
0.46997568
0.52439797
0.54506505
0.49057123
0.36402783
0.4721666
0.3897503
0.54339236
0.36142525
0.3735406
0.34367517
0.4171929
0.55332464
0.34238818
0.4047429
0.4685846
0.5417247
0.4937918
0.3638711
0.537381
0.49768052
0.47038072
0.3447202
0.34364083
0.51001763
0.394563
0.35933223
0.41949183
0.46126887
0.48801154
0.43626454
0.36805454
0.5107083
0.48886988
0.35451204
0.4450842
0.42800707
0.37481096
0.35077196
0.5176973
0.49353862
0.32119676
0.3557901
0.37940156
0.526802
0.3737554
0.49793765
0.41589215
0.4748121
0.35068288
0.38777056
0.5274702
0.54601634
0.5076432
0.4853126
0.481413
0.519631
0.34234896
0.39865172
0.35570467
0.46934757