0.4860474
0.62649643
0.3763726
0.43227938
0.37859657
0.21260975
0.22391418
0.5922824
0.38574874
0.52278906
0.24235569
0.22512257
0.2424903
0.37462062
0.56361216
0.22011691
0.23377447
0.5214312
0.26025575
0.4310581
0.51870906
0.25208074
0.36963582
0.23261797
0.24690507
0.26867563
0.4211723
0.54764307
0.4126576
0.5823492
0.23439617
0.4040461
0.54301673
0.43555245
0.35607567
0.3911447
0.4256024
0.55187684
0.5316608
0.5872495
0.2568082
0.4363536
0.2194914
0.38596123
0.23674355
0.283018
0.48260882
0.55674404
0.2518305
0.6075307
0.5127871
0.23924536
0.63134056
0.5614976
0.431562
0.26967272
0.4930532
0.29540768
0.24451548
0.24456926
0.4736627
0.5832715
0.44785482
0.40146548
0.51080054
0.5813649
0.43965328
0.26519662
0.5306071
0.5166739
0.6267662
0.27351275
0.5573923
0.42924464
0.19836216
0.23531875
0.24202053
0.47272578
0.39051807
0.3910523
0.23101687
0.21431838
0.37054572
0.54954
0.62183905
0.23887332
0.4698609
0.65103817
0.52999544
0.48962444
0.23755075
0.23868296
0.6283389
0.58919877
0.21882924
0.2526584
0.5958124
0.5737724
0.5769483
0.6054905
0.40863794
0.38772956
0.23314112
0.24779192
0.38234672
0.26074883
0.22255471
0.6074095
0.60189474
0.5417591
0.23354067
0.3959403
0.5753184
0.21825929
0.402582
0.22390385
0.23878387
0.392078
0.56294984
0.5294749
0.54219484
0.52785796
0.264449
0.63390386
0.27137524
0.59684736
0.2300984
0.23012668
0.24831761
0.53263396
0.5899163
0.56506765
0.23010927
0.52463996
0.20971964
0.22521117
0.5295467
0.62258095
0.39453325
0.2209212
0.6014742
0.25680766
0.59756106
0.24188788
0.5132255
0.23478939
0.2314156
0.3295833
0.21935128
0.21586649
0.6039863
0.5332636
0.38263738
0.22656943
0.2784766
0.3853559
0.6533729
0.24803519
0.2374267
0.51985824
0.58103055
0.5743577
0.41847748
0.6419259
0.6035742
0.2547092
0.44429493
0.47466895
0.26188263
0.26485398
0.2445949
0.40207383
0.26159284
0.5022305
0.26390952
0.23844409
0.27458215
0.6936069
0.2600361
0.23240587
0.44774818
0.24123213
0.21273372
0.61174005
0.56008726
0.5413483
0.3891167
0.37542424
0.22995357
0.5150718
0.24370866
0.62825257
0.63340205
0.6297416
0.25261423
0.22242922
0.39838052
0.53630275
0.24462226
0.23616813
0.27775863
0.5234765
0.62548727
0.49219456
0.5699352
0.63805103
0.2552788
0.6020289
0.2564249
0.27529016
0.39127478
0.37324882
0.5387529
0.23666796
0.3849464
0.4037359
0.21891618
0.45404184
0.24412063
0.21979369
0.24166529
0.6120065
0.2167569
0.21834496
0.23935626
0.5685203
0.5821875
0.28836647
0.3960342
0.24569137
0.56348985
0.38279822
0.5274053
0.39556313
0.48721847
0.40065145
0.6313073
0.576121
0.22745799
0.20965384
0.24854684
0.21616311
0.64996016
0.5839615
0.49094033
0.24372387
0.3625956
0.34641168
0.3920872
0.53367907
0.60944664
0.2203178
0.5089312
0.1802349
0.25098354
0.23387714
0.56092083
0.525247
0.53876233
0.60218227
0.58597064
0.22306247
0.5843753
0.54528177
0.49923918
0.28574452
0.20108615
0.24022181
0.49613082
0.5614987
0.38629442
0.44856694
0.22846058
0.24566792
0.5142075
0.4270066
0.52749735
0.24228972
0.5585947
0.58550376
0.62334806
0.6435121
0.21271987
0.2491135
0.5631399
0.5591628
0.39140692
0.6212843
0.24779476
0.3568169
0.5124486
0.58166295
0.40347728
0.22378486
0.5760691
0.26665848
0.51509714
0.5974861
0.23834732
0.5280289
0.38597074
0.22919802
0.50351936
0.565014
0.6729554
0.32259604
0.43521076
0.29404703
0.5657289
0.24954367
0.2478063
0.52937955
0.5747364
0.60193473
0.5091358
0.22629595
0.25894484
0.2437981
0.53955525
0.26513845
0.25711071
0.23849301
0.2274628
0.23954806
0.6016699
0.47892964
0.27096754
0.24380556
0.39942074
0.5421389
0.5198184
0.19845879
0.5980308
0.5957515
0.47061518
0.39898574
0.6011501
0.6184845
0.24162377
0.20359707
0.21093526
0.24763285
0.61937743
0.31068656
0.6091912
0.5302112
0.5519521
0.5977648
0.6222264
0.608899
0.57468426
0.22676101
0.638427
0.30791485
0.61203265
0.23811793
0.25214344
0.4272703
0.6205662
0.47429618
0.2981479
0.52895975
0.18917584
0.23535565
0.2488272
0.36689577
0.5222707
0.26050174
0.24188215
0.39341557
0.37283877
0.23988251
0.5846704
0.23300338
0.2458674
0.31777138
0.57455933
0.540166
0.24910504
0.2477745
0.5284158
0.5328762
0.56308967
0.2639278
0.21156226
0.53438467
0.6026142
0.33585432
0.25808233
0.55203277
0.48175925
0.33137503
0.23459572
0.3540577
0.38472533
0.59646744
0.54727
0.2523224
0.23581927
0.23788604
0.23319978
0.5346259
0.60669696
0.3408263
0.47766688
0.384996
0.5220785
0.53490037
0.5874188
0.38722312
0.5481675
0.34028834
0.48485526
0.6102309
0.23517796
0.21054809
0.5704895
0.23806314
0.605222
0.22433607
0.2342559
0.38570732
0.25090152
0.23801796
0.53173625
0.5875277
0.571661
0.33824006
0.2820326
0.26999125
0.23649193
0.56042194
0.3527253
0.48068142
0.24160673
0.22582652
0.59805304
0.42193717
0.52880245
0.39607835
0.23418158
0.29133728
0.22547522
0.5577102
0.61545867
0.21633539
0.5352543
0.55616343
0.37022233
0.61841244
0.5425723
0.41459495
0.5191767
0.20560044
0.5030172
0.24732648
0.5727779
0.57280266
0.25120285
0.22227825
0.5100532
0.6182258
0.2411573
0.5443708
0.2502556
0.5951541
0.5439877
0.51313865
0.25496122
0.22105135
0.40399793
0.20558342
0.55089444
0.506809
0.25256547
0.5323261
0.57235605
0.26798943
0.5826279
0.27566117
0.25320685
0.39573592
0.38671026
0.6145353
0.23997265
0.32622582
0.29596445
0.60502005
0.5844228
0.37037486
0.4330939
0.50783867
0.5987332
0.592559
0.42108217
0.39164674
0.6629604
0.2599492
0.31358024
0.4205574
0.3873382
0.57753253
0.2198533
0.24439916
0.5468611
0.576326
0.24104193
0.39077234
0.24437182
0.4492244
0.23423292
0.54174477
0.24449626
0.5746298
0.39609134
0.37652683
0.47852924
0.3557671
0.23218243
0.22750643
0.5158422
0.5810813
0.2288354
0.5739071
0.630328
0.53439087
0.39643097
0.24921696
0.5281469
0.23821586
0.5258824
0.3697265
0.22558667
0.34805843
0.2594213
0.24179749
0.25290745
0.40507212
0.2394206
0.44106138
0.36667123
0.5199593
0.40397277
0.575301
0.38024494
0.23057753
0.24507406
0.23735207
0.24172445
0.5727725
0.22124305
0.24376395
0.35913056
0.5531531
0.6404674
0.3967632
0.23632422
0.27778643
0.20528953
0.5914526
0.24505426
0.5939721
0.44032848
0.4035874
0.56826454
0.22823367
0.5696103
0.5751504
0.25041437
0.5690942
0.5858674
0.20892617
0.47084868
0.21888156
0.6154452
0.56602955
0.61950123
0.54644156
0.56963754
0.28053445
0.24987155
0.22658776
0.23263325
0.22626875
0.68341136
0.5044461
0.22606221
0.49924612
0.21638066
0.5457768
0.20730257
0.2657405
0.19411194
0.4724091
0.44361955
0.2363156
0.31668276
0.2301749
0.6120386
0.24546191
0.5987375
0.54422134
0.52139926
0.23598713
0.6016676
0.2433176
0.3611878
0.3960298
0.24819565
0.49353695
0.25170463
0.6064033
0.25356513
0.56993145
0.5139203
0.2628054
0.23745675
0.2569401
0.6155829
0.59919167
0.5386709
0.34155425
0.23405372
0.5764844
0.43495592
0.5945362
0.20607157
0.5258544
0.5036217
0.39232916
0.26831415
0.38904756
0.5846434
0.6301335
0.22663644
0.5962557
0.52791256
0.26128682
0.25659633
0.22316167
0.56563383
0.19723949
0.4854767
0.5937148
0.24618015
0.24027908
0.27839184
0.24784882
0.38641748
0.55499375
0.60404855
0.5568596
0.36907753
0.5114055
0.276324
0.62853837
0.5951504
0.5919738
0.28968808
0.25581518
0.35023758
0.21684355
0.6364461
0.5137632
0.24811643
0.5436823
0.23113947
0.24207574
0.53361666
0.30282205
0.44342253
0.5841738
0.23560134
0.55624586
0.5330417
0.6000206
0.5205825
0.28513902
0.6000937
0.54443944
0.48754412
0.246684
0.49384493
0.56789535
0.5915087
0.5714103
0.5042114
0.5889314
0.5650309
0.23938556
0.28235218
0.54218304
0.20303275
0.21881801
0.2918757
0.20497823
0.22916287
0.2223289
0.5874533
0.5322828
0.35619035
0.41637588
0.5740604
0.2638396
0.2453685
0.59997493
0.22959918
0.56814164
0.6065362
0.43367887
0.41123584
0.6132088
0.24731164
0.21105514
0.55044705
0.3889723
0.2488321
0.5402453
0.24309763
0.53093964
0.22586402
0.24108765
0.553164
0.23149672
0.2650268
0.21223189
0.24738705
0.40027225
0.26297674
0.25619343
0.52964455
0.56789577
0.37770128
0.2092545
0.5703605
0.26014152
0.23386024
0.6162276
0.47061855
0.2456049
0.42126134
0.40048137
0.53940874
0.21860373
0.72480583
0.5018733
0.22300054
0.39035752
0.22144265
0.38583618
0.21621636
0.2205389
0.22580215
0.55997115
0.41468892
0.25112364
0.5404589
0.27870774
0.208286
0.3648685
0.30689952
0.58069247
0.44898933
0.5888122
0.2605645
0.2350576
0.25062072
0.5230038
0.25989735
0.6133579
0.21356818
0.19035262
0.4374098
0.2442187
0.26180607
0.578265
0.538872
0.32803217
0.6294356
0.19989015
0.2498537
0.55168366
0.51233894
0.5433517
0.23977007
0.6176841
0.5763652
0.41591913
0.6147282
0.23258838
0.6368279
0.5278124
0.58904815
0.24774371
0.2485431
0.23527554
0.30697381
0.25714207
0.5558976
0.24201629
0.5906758
0.38284028
0.5666311
0.6392993
0.23418076
0.23968662
0.23374596
0.5207576
0.5555765
0.5649772
0.5987097
0.45314816
0.4687748
0.51108366
0.23936751
0.38488397
0.53088117
0.52200305
0.2272891
0.62245333
0.5565309
0.6165422
0.59020305
0.2355718
0.2471346
0.5638175
0.6010255
0.20659375
0.5301768
0.39701903
0.5905529
0.23957455
0.26265946
0.62162995
0.58031577
0.48567227
0.5418393
0.53907204
0.23891675
0.24907313
0.3341733
0.5996921
0.63568395
0.39943832
0.58128345
0.44618377
0.6329064
0.62262666
0.51987255
0.21285732
0.25331363
0.5542942
0.22369766
0.2855983
0.21543588
0.5287109
0.24457067
0.22083862
0.23524936
0.39170206
0.5549245
0.37821373
0.60573846
0.29134965
0.44551533
0.2410959
0.3177536
0.20016065
0.37634462
0.22397608
0.24656254
0.54363006
0.40257028
0.56036484
0.25017148
0.6231187
0.39618316
0.2631681
0.2787187
0.52674395
0.46478057
0.39761448
0.53471786
0.24391733
0.37371352
0.22870174
0.45047864
0.39930427
0.4993736
0.382875
0.38122272
0.67014223
0.23236035
0.5879189
0.58605844
0.55888414
0.5208131
0.25772867
0.506375
0.61132497
0.5430197
0.24088308
0.53488666
0.5010888
0.63440347
0.44309092
0.24440585
0.44855455
0.57207084
0.3894126
0.56964284
0.23287967
0.2496963
0.2538406
0.47664702
0.59628016
0.44994867
0.3636065
0.51490575
0.5215354
0.255272
0.5462227
0.60559565
0.54758143
0.5510324
0.5216871
0.39549777
0.26200032
0.61215985
0.40215343
0.5507591
0.3601257
0.5946474
0.39152303
0.550282
0.568936
0.22449218
0.45913914
0.52439636
0.23533267
0.6086655
0.22064465
0.24327064
0.22177504
0.2041159
0.3817678
0.22014754
0.4989409
0.39695197
0.61739093
0.2524324
0.5360884
0.50766695
0.2402958
0.25715387
0.56600827
0.52645904
0.37894076
0.5482421
0.5852173
0.5630945
0.2536031
0.5962753
0.32554743
0.5561579
0.26433745
0.23803946
0.39221317
0.5529696
0.24356803
0.5954548
0.37795794
0.51749766
0.39142123
0.23666073
0.55874354
0.5617901
0.29641506
0.59181654
0.5782864
0.24426615
0.58276325
0.24514334
0.2516486
0.40966377
0.3244352
0.53051275
0.5527144
0.43720752
0.44369632
0.51589805
0.4011776
0.42878118
0.22819537
0.548771
0.35176024
0.3806777
0.21910751
0.22397815
0.5594455
0.40169755
0.39820263
0.22425668
0.57496464
0.46355197
0.23121154
0.5991482
0.2494656
0.40523487
0.5456638
0.253658
0.24050258
0.5856198
0.58706194
0.40195623
0.4907847
0.4779825
0.2353099
0.40282825
0.6080375
0.4137276
0.38128352
0.20971403
0.25069135
0.380956
0.39799276
0.37293625
0.5360825
0.5920541
0.53759754
0.22450434
0.37572038
0.5437023
0.26414242
0.221399
0.51342446
0.2676804
0.5598055
0.62252486
0.6242742
0.6046224
0.24790543
0.23309165
0.56854105
0.6513663
0.5832281
0.5933652
0.42288104
0.39330274
0.6123779
0.21749693
0.5654488
0.57877
0.24156964
0.2825205
0.23750335
0.23239438
0.552129
0.53921133
0.5047876
0.20555669
0.6042863
0.20088689
0.45277786
0.23953314
0.5451115
0.5748715
0.5321819
0.5972773
0.5710112
0.2525116
0.38270363
0.25724262
0.5447036
0.55666906
0.48392493
0.24481478
0.6195148
0.5771842
0.44556597
0.2554034
0.6146783
0.2539995
0.5303568
0.5391099
0.57366174
0.26147246
0.4050218
0.5947059
0.22645923
0.22625884
0.24634579
0.6101226
0.27086365
0.51842177
0.5762978
0.5132368
0.28940794
0.2071467
0.47980744
0.57639515
0.24199691
0.5842587
0.40771237
0.24579771
0.24043104
0.26348326
0.20671262
0.5506096
0.3636987
0.22643223
0.5495115
0.5978073
0.2326187
0.25648734
0.48055124
0.26198262
0.5311397
0.2600636
0.2658931
0.23220192
0.2328167
0.5686821
0.21524994
0.22063683
0.57473713
0.28370532
0.22454332
0.47968948
0.44246274
0.26200768
0.28040466
0.38518888
0.3984702
0.51281774
0.57163376
0.56798595
0.20768936
0.6134994
0.22994152
0.59269005
0.25961292
0.648766
0.58906454
0.6344357
0.5253446
0.25142357
0.25381842
0.3862282
0.53503656
0.39746216
0.5586325
0.45356253
0.5305515
0.40247223
0.4471037
0.46664372
0.3980056
0.555971
0.5280437
0.6269479
0.4576787
0.6079186
0.28627667
0.22483818
0.531249
0.3034748
0.21088867
0.25299904
0.2629275
0.5825984
0.5856652
0.61014354
0.5994827
0.21250251
0.59758073
0.23127401
0.29282716
0.20742069
0.5555049
0.21108674
0.2533628
0.40415013
0.57544243
0.24072766
0.39810294
0.23302564
0.24150138
0.24021097
0.24970897
0.2535028
0.58985734
0.21143658
0.6114817
0.2232749
0.4052307
0.24326079
0.6217861
0.5202728
0.2577742
0.25422224
0.574762
0.52958155
0.24022757
0.25677332
0.24267425
0.38355896
0.5295518
0.56922853
0.26905364
0.5754769
0.5081302
0.6103743
0.24288216
0.5805037
0.24854946
0.24698848
0.46745083
0.6166984
0.24021646
0.35673258
0.53547245
0.26445174
0.21520574
0.24128853
0.28414813
0.5654115
0.57705367
0.23533341
0.41567454
0.6460166
0.25070795
0.43726686
0.5536692
0.25429496
0.295749
0.63920623
0.2530313
0.25152838
0.5124345
0.38310084
0.55469495
0.2495211
0.24081549
0.21422106
0.2687063
0.21777189
0.5874803
0.36370787
0.250451
0.39507896
0.5895998
0.46682623
0.5542952
0.45054573
0.21375065
0.25140324
0.5179188
0.24376072
0.37819284
0.27004814
0.39669082
0.59430397
0.40093058
0.28808403
0.6020351
0.3716293
0.25790325
0.5176243
0.54275817
0.5900887
0.25334704
0.55886817
0.24845766
0.38541928
0.5472848
0.57330656
0.23836008
0.4380886
0.55389374
0.23341322
0.22777787
0.6389642
0.21615782
0.6244258
0.21993068
0.5064879
0.3775859
0.22302066
0.5365156
0.23195225
0.24676728
0.4100392
0.6054227
0.25672078
0.22503485
0.57033086
0.47543988
0.5396291
0.5935831
0.40896338
0.56509155
0.42540318
0.24135023
0.5192568
0.24522074
0.41518793
0.22456855
0.2633207
0.6513814
0.2403156
0.60200316
0.43664378
0.26913336
0.25104454
0.26286235
0.23348147
0.58298576
0.27595243
0.5954145
0.23265697
0.40242362
0.44701713
0.56855285
0.5913939
0.55720276
0.24576387
0.5170326
0.28745154
0.286689
0.23519087
0.28657764
0.22777371
0.48438597
0.3799667
0.3753508
0.23616092
0.4704757
0.57135224
0.55155474
0.60235506
0.5811519
0.5832651
0.55464923
0.5432125
0.5843148
0.24335064
0.5237062
0.45454368
0.22104408
0.5215978
0.56679136
0.23144445
0.58123684
0.23729065
0.45017424
0.57790464
0.57848877
0.5040379
0.43375024
0.56897044
0.23920013
0.21403363
0.22204654
0.22474974
0.32653126
0.2099292
0.2313037
0.6145795
0.5162945
0.5888679
0.38247797
0.38696522
0.27148458
0.3914181
0.38060355
0.39904463
0.21687022
0.5770811
0.21985342
0.5164132
0.21089382
0.47434542
0.60768527
0.5746638
0.426165
0.21372902
0.53746057
0.2763427
0.55168647
0.2433082
0.21445623
0.23689719
0.39006752
0.6390283
0.2277718
0.27888212
0.43483478
0.6013703
0.4438058
0.23693554
0.5929655
0.4955421
0.72192055
0.23285265
0.20911662
0.5385297
0.33697915
0.24317461
0.40802243
0.44747725
0.43587554
0.34843212
0.25530022
0.58036816
0.48014295
0.23190431
0.40933383
0.3973109
0.21958949
0.24909267
0.5679234
0.49228013
0.2030402
0.25108233
0.26138854
0.60097486
0.24277285
0.56201375
0.35374308
0.41890928
0.22304551
0.2532579
0.5739904
0.6033105
0.6103819
0.53740734
0.4931006
0.5854844
0.23716865
0.3287303
0.2348311
0.5246343