0.4441321
0.6335496
0.4108069
0.46776462
0.4088826
0.27670133
0.2661306
0.6417588
0.39686948
0.50710315
0.30087587
0.287071
0.2894663
0.38204047
0.5748164
0.29392678
0.30740806
0.5567062
0.27794206
0.4413294
0.53632355
0.27216366
0.40125325
0.2609068
0.27051294
0.2982283
0.46211505
0.5429577
0.42218983
0.5457959
0.28862157
0.37902716
0.50672704
0.41879192
0.38082516
0.3956545
0.4642782
0.56964564
0.5709639
0.58197683
0.2951167
0.41550627
0.2675052
0.40768966
0.28859493
0.28326628
0.43286443
0.5574677
0.26268715
0.5938786
0.55731165
0.28054416
0.58036137
0.57591975
0.44569305
0.29253432
0.450515
0.27831548
0.26371488
0.29899353
0.46947855
0.54059505
0.46223697
0.40889904
0.5103154
0.5508974
0.47092944
0.31313312
0.5286016
0.4492869
0.5549725
0.28653762
0.5670872
0.4865294
0.3079832
0.266668
0.26976812
0.45692477
0.41949946
0.41556144
0.34356493
0.2801463
0.41543907
0.54893637
0.55886567
0.2689449
0.42325544
0.5572378
0.54131705
0.46497977
0.273737
0.2758277
0.57173026
0.6136176
0.28714994
0.34005088
0.5437817
0.5259264
0.59027106
0.55623686
0.40512526
0.4037788
0.2906667
0.2887419
0.4172357
0.2805572
0.27764216
0.55371463
0.5747443
0.6182364
0.29382065
0.40736586
0.5616214
0.29116887
0.41346255
0.31514835
0.28919116
0.31538075
0.5724748
0.5498325
0.5183409
0.51332384
0.3153263
0.6445218
0.26524115
0.5668578
0.28518307
0.32756108
0.2960774
0.54739267
0.53814644
0.5201497
0.32713476
0.51751024
0.28305596
0.27825397
0.52988213
0.5485475
0.41657218
0.291204
0.5867762
0.2883821
0.54570425
0.29284045
0.5146474
0.31925794
0.25910476
0.39147377
0.3470489
0.27706397
0.5376478
0.5443146
0.4096008
0.3355348
0.27833742
0.40716425
0.54971623
0.27289787
0.29402205
0.5605695
0.5776908
0.58771724
0.47682476
0.5572788
0.6248283
0.27373195
0.46773374
0.39468077
0.30302715
0.27538672
0.27169994
0.38598192
0.29477414
0.5160189
0.293124
0.2744626
0.28751978
0.61153543
0.28834337
0.27983287
0.5044179
0.27268228
0.27948546
0.53909343
0.534578
0.5723023
0.41298592
0.39179677
0.32693335
0.50622743
0.27160037
0.59668344
0.592633
0.5312973
0.28941876
0.334027
0.40799516
0.5580364
0.34896603
0.27599248
0.3246018
0.5483607
0.56116354
0.4666435
0.57685846
0.5462871
0.29109976
0.62557644
0.26649722
0.33984277
0.40694207
0.40520996
0.58125633
0.2965085
0.41711017
0.37061787
0.2892535
0.53784686
0.27356532
0.2649765
0.35237446
0.6100665
0.25963712
0.26336408
0.29544088
0.5659649
0.53076446
0.27753842
0.39423966
0.26729262
0.5167462
0.40084836
0.4960311
0.3912643
0.3802462
0.3716247
0.5783531
0.6056075
0.2828014
0.28928962
0.3279849
0.28393736
0.5345752
0.555308
0.5291821
0.26212594
0.3844817
0.34066358
0.39400965
0.42956778
0.59128356
0.2836715
0.5093921
0.39493886
0.28354162
0.28076106
0.54269314
0.56856287
0.57614684
0.5854911
0.5580974
0.26799744
0.6102692
0.5365267
0.4987589
0.27448124
0.2923105
0.30388683
0.497274
0.59942234
0.40659797
0.51625067
0.33106267
0.2709594
0.45352265
0.3359288
0.5112216
0.27168727
0.5770038
0.5580524
0.5796066
0.5972642
0.293136
0.2884625
0.54047084
0.5619919
0.41401002
0.58219916
0.25797066
0.41223234
0.55700517
0.53889555
0.41296738
0.27977812
0.5540684
0.27405775
0.45797396
0.5467286
0.35136873
0.57480896
0.422051
0.2782962
0.54071003
0.60484904
0.60738677
0.3419925
0.46902302
0.3210521
0.5519734
0.26433614
0.2795724
0.48560506
0.5857877
0.52093273
0.57714266
0.2898559
0.26495817
0.3231351
0.5588118
0.2819234
0.27046898
0.30017242
0.26384646
0.2850517
0.573018
0.40138417
0.2814968
0.26445758
0.39581135
0.55441755
0.52723324
0.29707524
0.52975315
0.5745211
0.5132329
0.40857735
0.58388263
0.5622208
0.2880032
0.28953108
0.29134032
0.26265326
0.5647997
0.4166145
0.5779708
0.5572113
0.5219019
0.48967415
0.53080446
0.5574502
0.49304423
0.2679968
0.5539266
0.41220453
0.53246033
0.3200478
0.28085607
0.41182846
0.59020865
0.44320405
0.29593885
0.57696676
0.32183725
0.2980299
0.28738758
0.40464327
0.52641094
0.29086748
0.2631677
0.41236907
0.4145663
0.2642727
0.6167537
0.2796341
0.27227947
0.31940648
0.55117095
0.51141244
0.27946004
0.31241247
0.60741085
0.5652237
0.56825703
0.30122206
0.34128055
0.5311657
0.5888311
0.41539532
0.2717611
0.52120805
0.43234408
0.27957317
0.3003302
0.40987375
0.42109424
0.53494185
0.56770533
0.275283
0.28901842
0.2875149
0.27620298
0.5114135
0.55076283
0.40522218
0.4578243
0.39289954
0.548042
0.54832
0.58734596
0.42408332
0.58082926
0.4139734
0.525796
0.5821343
0.27561697
0.27942228
0.5284665
0.2767104
0.61801845
0.29245716
0.27415574
0.40538302
0.2830598
0.2826182
0.5534748
0.61166716
0.6143626
0.39631936
0.2838401
0.30303323
0.2818999
0.5170193
0.4050498
0.5288711
0.32052922
0.2789239
0.57640153
0.43873423
0.5435253
0.41148186
0.2743087
0.32411706
0.29902422
0.5639353
0.6235999
0.30334362
0.56206125
0.6289157
0.41476688
0.55550724
0.5136608
0.40884104
0.5112932
0.27948028
0.51792514
0.28107113
0.5953161
0.5524873
0.258966
0.2995597
0.5325197
0.5929157
0.27083609
0.57364374
0.2919795
0.6007181
0.5409024
0.49179053
0.27852005
0.28995314
0.41314423
0.27528512
0.55516857
0.43475994
0.28530964
0.54499525
0.5769318
0.34384817
0.56522423
0.27664235
0.32812706
0.4040275
0.41719007
0.54698926
0.27012384
0.2953026
0.2954596
0.57204986
0.5419175
0.4369525
0.42336974
0.46779022
0.542083
0.6071485
0.38735628
0.4277243
0.5699917
0.34982792
0.2832923
0.40113264
0.41188383
0.57690483
0.28276637
0.2894273
0.51614416
0.519993
0.2630894
0.3846614
0.282614
0.49146503
0.3410324
0.5569241
0.27629673
0.58987385
0.42095536
0.36674854
0.44530162
0.35009107
0.27588436
0.26890385
0.51158947
0.5452042
0.30003697
0.5630279
0.6263297
0.5184865
0.4156169
0.2667591
0.5368279
0.31241974
0.5171129
0.37978494
0.28653523
0.36336896
0.27567485
0.27123952
0.3311305
0.41054595
0.28992084
0.44837293
0.41054565
0.51942384
0.37812692
0.531242
0.4173353
0.2781202
0.26743716
0.3403441
0.30493373
0.5775832
0.27972516
0.2931777
0.4336696
0.5873037
0.59690297
0.4151576
0.27565286
0.38724336
0.29146567
0.5807398
0.2680454
0.59939545
0.349131
0.41381425
0.5861242
0.2837305
0.5108449
0.5753632
0.29113066
0.5468835
0.4594406
0.28889325
0.4319631
0.28065592
0.5908103
0.4865177
0.53937143
0.5217114
0.5619636
0.2795378
0.28616208
0.26848206
0.27415898
0.3017258
0.6078245
0.51123434
0.27108678
0.53181934
0.34094566
0.61644745
0.30937335
0.28375655
0.32397112
0.49448678
0.43840936
0.28694996
0.30812198
0.30239242
0.5884986
0.29729357
0.63027513
0.60117
0.56240505
0.29912385
0.5649913
0.2843261
0.44013572
0.3972866
0.28808638
0.4533579
0.31704015
0.50414246
0.28231674
0.58250993
0.5383767
0.30091175
0.33441556
0.27441007
0.5942901
0.5495432
0.5420779
0.44300115
0.32432318
0.55839103
0.4376169
0.57109314
0.28750408
0.537255
0.54062164
0.41563198
0.28577143
0.41733173
0.5037556
0.5541879
0.35021475
0.64636624
0.5482529
0.2846811
0.27299878
0.27738145
0.5523151
0.29913068
0.51204926
0.63323754
0.27352846
0.27206615
0.27289304
0.34619695
0.38754904
0.54576486
0.5157464
0.53212464
0.3818063
0.55215514
0.34514666
0.515288
0.54807484
0.5880742
0.26454523
0.2756099
0.40028226
0.27136567
0.54557306
0.51000524
0.2770043
0.5637416
0.28044343
0.27551058
0.5333244
0.41085145
0.40509534
0.5740067
0.2812117
0.5154293
0.59851867
0.54183453
0.4970029
0.26164556
0.57847136
0.55709016
0.4675056
0.3265403
0.5411035
0.58540785
0.5345521
0.5331074
0.502018
0.5187375
0.52522796
0.28068757
0.28641543
0.58724415
0.29293394
0.33228388
0.31560048
0.28252974
0.2596577
0.27510595
0.5835022
0.52879757
0.41161233
0.4512978
0.5651379
0.25808296
0.2840713
0.55530566
0.28006455
0.6117913
0.6146846
0.44149184
0.429567
0.5584099
0.29402503
0.33864748
0.5829172
0.40702626
0.27376652
0.5260005
0.28768417
0.5135822
0.29016992
0.2737905
0.482282
0.27771458
0.28174338
0.28850725
0.26922438
0.4221645
0.28762355
0.28987008
0.5368591
0.5514798
0.39769474
0.27576277
0.5232628
0.2893312
0.28659973
0.6096759
0.370448
0.26423708
0.45768684
0.3937598
0.5417046
0.28996658
0.61346143
0.5133336
0.26225838
0.40516335
0.36739781
0.41858986
0.27899832
0.2811594
0.29785672
0.5207059
0.4185909
0.27229044
0.544527
0.27581573
0.27604175
0.43444878
0.26975012
0.5488615
0.46255785
0.5043635
0.2832051
0.35353026
0.32914102
0.556683
0.28366032
0.5578509
0.28081796
0.37714884
0.49237463
0.2905208
0.26367152
0.5757105
0.61876553
0.4026748
0.5511008
0.28491244
0.32424852
0.5411188
0.5388237
0.53291196
0.28312624
0.5947731
0.5934385
0.43810964
0.6005106
0.27693266
0.61459976
0.51705706
0.61345536
0.30821636
0.3020931
0.2791609
0.42157707
0.28263757
0.55645114
0.26918584
0.5786309
0.45065948
0.54121995
0.5521979
0.29815608
0.26949736
0.26712114
0.5101643
0.56743485
0.535367
0.60608834
0.4878379
0.49394688
0.53829104
0.25441015
0.4248445
0.49120694
0.5381844
0.28469425
0.56677985
0.48230216
0.5647266
0.5599299
0.2808343
0.27668408
0.5245395
0.60805887
0.2925762
0.54717106
0.41613296
0.5270875
0.25967506
0.29590204
0.5802581
0.54126847
0.45949185
0.54818726
0.5066733
0.26730043
0.28955108
0.3147464
0.6103414
0.579434
0.38923135
0.6083268
0.44572192
0.5697011
0.6040728
0.5560452
0.2695224
0.33547112
0.5650995
0.31346416
0.30064178
0.28648186
0.58136797
0.2671968
0.2880773
0.2625974
0.3935455
0.6030979
0.4176049
0.5446513
0.30635685
0.45259035
0.27137175
0.40198767
0.390904
0.33258224
0.2763166
0.29159722
0.55153334
0.4160153
0.4936695
0.27263704
0.57291377
0.40602666
0.32372013
0.33488756
0.51301575
0.46229485
0.4224517
0.50364447
0.32029638
0.42057186
0.28271076
0.47068375
0.40740854
0.5022705
0.39603892
0.38529205
0.61372286
0.3083941
0.5626912
0.54692465
0.5642705
0.5364792
0.29460078
0.526677
0.60330635
0.51990676
0.27816743
0.52770025
0.5097257
0.5839953
0.48862368
0.2819797
0.40405172
0.5848663
0.40778154
0.63953316
0.28810987
0.32910433
0.30923077
0.5104119
0.6268168
0.45777422
0.4033294
0.45610306
0.5378657
0.33481202
0.5677591
0.6049903
0.52527475
0.53836477
0.54119897
0.4030473
0.2826692
0.5769901
0.41803995
0.5949036
0.428613
0.5827714
0.3922169
0.51969993
0.61936647
0.3101155
0.4903498
0.5968149
0.28591165
0.5722558
0.2784135
0.29652673
0.3086229
0.2900404
0.41040364
0.3321157
0.43340898
0.4208829
0.57729316
0.280366
0.52116466
0.5260717
0.27473226
0.28077543
0.55682343
0.5918276
0.42810148
0.5112576
0.57983875
0.52307206
0.27282107
0.5935471
0.29495662
0.61754704
0.3495039
0.28950244
0.403852
0.57230645
0.27398556
0.65140986
0.41641316
0.53394866
0.38675117
0.28188464
0.5230029
0.58726364
0.29920042
0.5689585
0.51595646
0.28326675
0.5816587
0.3346236
0.2684391
0.40318704
0.4047252
0.5142102
0.5087875
0.45538843
0.44931555
0.54330283
0.4200081
0.4662659
0.2790055
0.56716275
0.40331894
0.40492696
0.27513236
0.28413776
0.6227226
0.40710643
0.4226228
0.27893525
0.5696011
0.49710315
0.28719005
0.53385913
0.2637561
0.41520602
0.5036097
0.33237702
0.28768215
0.5395749
0.5678882
0.4163061
0.52868253
0.4764174
0.2605973
0.41594157
0.61533344
0.39576545
0.4151848
0.26485455
0.30955884
0.40867788
0.4015541
0.4459977
0.54257774
0.60742426
0.5382567
0.2832603
0.41714105
0.58065116
0.28434196
0.3450413
0.4772107
0.26584196
0.550239
0.59789145
0.57949144
0.5834236
0.26356328
0.30545756
0.52298766
0.55025566
0.5720282
0.5356791
0.4296219
0.41308984
0.50799274
0.33133838
0.59909266
0.58706707
0.28819582
0.30165002
0.28192067
0.27805546
0.5519099
0.54962707
0.550096
0.33441746
0.60506374
0.34157225
0.42697936
0.2978468
0.5612302
0.5676227
0.5544108
0.5662308
0.54098135
0.27699214
0.4171179
0.26235366
0.533119
0.5035205
0.4963865
0.29233596
0.6406811
0.58803356
0.48214358
0.29327056
0.55651975
0.30286923
0.56300133
0.55852
0.6116497
0.27178422
0.3949987
0.5171396
0.311584
0.33406407
0.2824012
0.5475286
0.2788475
0.496926
0.5786043
0.50690967
0.3310247
0.30183774
0.58021045
0.57686394
0.29329607
0.54880315
0.45851275
0.28676325
0.28955063
0.25387383
0.28525925
0.5315425
0.41114518
0.29526803
0.5652176
0.5488206
0.2699468
0.3086984
0.53318363
0.27959657
0.5216431
0.2794665
0.26799458
0.26223105
0.3034203
0.6096183
0.2625594
0.27782878
0.543799
0.29051033
0.27600855
0.5289823
0.50960565
0.28765595
0.32566804
0.39839548
0.39972392
0.55819887
0.52838457
0.55064213
0.2855853
0.46604428
0.2805306
0.5770392
0.31854838
0.5475943
0.61629546
0.54335046
0.49218783
0.28066915
0.2858005
0.40599787
0.54767543
0.40212545
0.5379894
0.5492317
0.49465013
0.40893224
0.4915142
0.5329326
0.38393945
0.51538724
0.5286883
0.6080087
0.40298614
0.5790622
0.2989272
0.27802733
0.54264396
0.28749093
0.27677834
0.2785636
0.27505964
0.48090905
0.5292974
0.60230684
0.49659988
0.29192948
0.651275
0.3505501
0.30559924
0.3132421
0.55338526
0.2969298
0.29088417
0.40690482
0.5656087
0.36061502
0.4184288
0.27685106
0.25555956
0.28316715
0.26795486
0.29631656
0.58094734
0.29527342
0.5410816
0.38857067
0.41934824
0.2833294
0.54604524
0.553693
0.28456515
0.337267
0.601323
0.52146363
0.27337825
0.28217036
0.256256
0.39516756
0.530729
0.6347591
0.3118863
0.53961027
0.52189434
0.58413124
0.26861873
0.6146697
0.28388914
0.2814178
0.52472633
0.57311064
0.28325066
0.40485904
0.5613879
0.28064895
0.29648787
0.28689107
0.2764331
0.5828545
0.5509393
0.27553117
0.38116693
0.5717574
0.27889714
0.517716
0.5557316
0.27148435
0.35336465
0.5107317
0.31034666
0.2739944
0.56134266
0.3904424
0.5753739
0.29088995
0.2900932
0.33004665
0.30887696
0.28740934
0.54939044
0.39762726
0.2768568
0.41483167
0.58902353
0.4821218
0.5603651
0.44307154
0.31143135
0.27487603
0.5369417
0.29943663
0.40671992
0.3395904
0.44691697
0.6279965
0.41425788
0.38923928
0.57496715
0.39640048
0.29809478
0.44966936
0.568747
0.6097302
0.2702989
0.59400856
0.27006105
0.4176408
0.44195148
0.56817603
0.29510328
0.50431114
0.55975235
0.27731052
0.27777085
0.5740624
0.2932319
0.58238614
0.2845249
0.5132226
0.4271213
0.26737317
0.5565204
0.33447453
0.26547915
0.3987094
0.5583794
0.27616212
0.31621757
0.59201586
0.4657761
0.5340476
0.5832188
0.41660905
0.5498518
0.48760885
0.2661679
0.5826332
0.2950068
0.39792252
0.32303745
0.2996376
0.56534564
0.2787141
0.5333523
0.444884
0.2811622
0.28783953
0.32188475
0.28493497
0.5566453
0.2972304
0.60614794
0.27940044
0.41600922
0.47038126
0.58597744
0.553955
0.5472434
0.2721783
0.5462736
0.2861172
0.28603676
0.29012862
0.2917766
0.27658746
0.6042658
0.41819698
0.4012941
0.28143546
0.46581206
0.5306552
0.5644304
0.5438144
0.56156284
0.5864458
0.49303454
0.56319153
0.5493541
0.28558505
0.5630094
0.49167103
0.2843867
0.52367085
0.5489685
0.2931563
0.5549882
0.29864582
0.4307328
0.6071646
0.5931693
0.4575948
0.4288974
0.55973405
0.28853226
0.27692702
0.3180468
0.31658033
0.39590153
0.31942865
0.27825537
0.5619342
0.5178593
0.53409463
0.39765513
0.40796924
0.3274662
0.41023138
0.41891247
0.44564483
0.27640936
0.5662685
0.38893265
0.52710956
0.29156455
0.53729475
0.6174081
0.519002
0.50737405
0.2905598
0.5470135
0.28765512
0.44007614
0.2652659
0.29054502
0.2931968
0.41365454
0.5858384
0.27981308
0.29023665
0.4522809
0.5898653
0.46311226
0.2668758
0.5679985
0.5572924
0.588074
0.29319528
0.29963586
0.52009577
0.3219092
0.27842322
0.3919455
0.4353193
0.43922675
0.4037229
0.2801716
0.54265076
0.44598904
0.27341545
0.4521636
0.39645383
0.38534403
0.2809837
0.56445134
0.5273049
0.34314048
0.28955984
0.27651694
0.56871605
0.31539348
0.54628885
0.36289415
0.49000543
0.2984015
0.27962634
0.5739788
0.62546813
0.5350421
0.4487552
0.5182539
0.6530239
0.30154553
0.28165588
0.3155621
0.5739632