0.4547004
0.92367506
0.41800413
0.503608
0.41757843
0.038689632
0.041328285
0.91802853
0.39243215
0.6830296
0.12884519
0.046393033
0.042587735
0.30355084
0.89199215
0.05435061
0.059929382
0.88143945
0.06518905
0.43757012
0.75889945
0.04204533
0.40091616
0.06675974
0.054524474
0.04378342
0.43902045
0.81362045
0.40031415
0.86860794
0.047595013
0.3996322
0.67148274
0.4306956
0.25988463
0.42572108
0.45645124
0.8716636
0.91117007
0.8932948
0.060872357
0.42158014
0.042660177
0.42599618
0.045063753
0.045125637
0.50091714
0.79129505
0.061702993
0.87260276
0.83164066
0.048822924
0.8617442
0.850299
0.44893253
0.06552882
0.47135422
0.07391897
0.054616496
0.047097486
0.5910309
0.864901
0.49248308
0.43356246
0.8035638
0.7473236
0.5756018
0.043622814
0.7866289
0.48411617
0.8826034
0.039450437
0.8178951
0.5533124
0.11444375
0.06349159
0.055250976
0.55338234
0.43532193
0.41225672
0.03576086
0.039306305
0.42160094
0.8507817
0.86093545
0.04471689
0.5003201
0.8050519
0.84180367
0.54866946
0.04642357
0.039308798
0.8882713
0.8767889
0.045475006
0.049531154
0.8091049
0.78627884
0.94192946
0.8836573
0.44017607
0.4248111
0.03707925
0.04009132
0.41049057
0.031197803
0.053538475
0.839906
0.85135156
0.89472777
0.050933186
0.43702093
0.8680508
0.042743303
0.34599048
0.0511025
0.039841995
0.04650403
0.8977446
0.75354135
0.9304348
0.8717117
0.02115893
0.90987045
0.06922723
0.8974691
0.04029832
0.03551168
0.043669917
0.8073201
0.84048367
0.74344563
0.039302472
0.7931798
0.042060897
0.044439744
0.56531507
0.89630085
0.419971
0.038253166
0.89533484
0.04161428
0.8247942
0.043885034
0.77291536
0.05562084
0.04854986
0.40620777
0.047165915
0.04332302
0.8508819
0.8681089
0.4239706
0.036668878
0.06576161
0.41952622
0.9170003
0.060247533
0.042314656
0.69212025
0.8730115
0.9077895
0.5936375
0.8561745
0.88886327
0.05081345
0.6427278
0.4712984
0.03481675
0.08294642
0.042879783
0.44027227
0.04559412
0.641334
0.043924395
0.036018156
0.038367417
0.88043714
0.05735531
0.049269155
0.5705226
0.06289296
0.044186343
0.91277575
0.7845164
0.8346404
0.41792762
0.4025741
0.04568818
0.8899264
0.04441616
0.9023671
0.8893641
0.88950986
0.046489492
0.02689935
0.43503466
0.86318445
0.011869469
0.05987925
0.03218499
0.86390024
0.8623391
0.73065174
0.86018604
0.9073639
0.044646557
0.9089464
0.061679147
0.037066814
0.4274728
0.4006184
0.881286
0.07911453
0.43354848
0.4305451
0.040920816
0.5040147
0.050252523
0.041019384
0.039121386
0.91399294
0.06531902
0.044879165
0.041541543
0.8935377
0.8322428
0.07758287
0.4360162
0.05829853
0.8291794
0.3968487
0.5348292
0.41067448
0.46459955
0.33242583
0.84527594
0.92159903
0.04340535
0.0379973
0.037656922
0.041943274
0.8726727
0.8208692
0.78942096
0.059332248
0.3780495
0.17694306
0.4397497
0.5418684
0.9279388
0.0406877
0.66255987
0.038600046
0.04512808
0.04642232
0.8354092
0.8147027
0.8824415
0.88550204
0.90753996
0.04541129
0.9062514
0.8241482
0.6413589
0.035918172
0.04262464
0.04307362
0.54905283
0.8917706
0.39893508
0.7627621
0.045532305
0.05050962
0.7340268
0.42949158
0.47857487
0.041587748
0.83037627
0.8608219
0.92401314
0.91631055
0.09096185
0.04101039
0.8569405
0.8910518
0.4120881
0.89351535
0.05592102
0.4122572
0.7648371
0.85422856
0.45992324
0.046401452
0.8497846
0.06131649
0.63080543
0.86949474
0.045810986
0.9159055
0.41251907
0.04878683
0.793393
0.8583591
0.8905815
0.044766504
0.46267512
0.053846497
0.89503413
0.07371696
0.047941472
0.6271847
0.9317457
0.8378759
0.865395
0.04301084
0.067491844
0.05085801
0.8225704
0.050116163
0.051801555
0.05628054
0.047851328
0.041363113
0.92874515
0.5189626
0.03144123
0.02801446
0.4184033
0.81681955
0.6733542
0.048294958
0.8902999
0.90222806
0.6615801
0.4217691
0.86900014
0.9082392
0.054638576
0.04399622
0.035622984
0.064309664
0.8483062
0.4231914
0.8540865
0.7951164
0.6349731
0.82806075
0.9040174
0.86353064
0.79783773
0.060239404
0.8944475
0.3967275
0.83007604
0.05420589
0.054205343
0.5067771
0.9006274
0.69677484
0.03003268
0.8542422
0.053169046
0.03998488
0.02989187
0.43197033
0.78164226
0.040542148
0.06582986
0.42693245
0.3428551
0.056457397
0.9195939
0.038186252
0.053500943
0.030342104
0.8448014
0.72011524
0.047579564
0.042243086
0.89882994
0.63945186
0.7533257
0.023498744
0.028277626
0.79136163
0.83749926
0.41868857
0.06620855
0.8352025
0.59585285
0.087841526
0.041222386
0.09819067
0.40896204
0.83056414
0.81331503
0.040132254
0.041418064
0.036577802
0.046727974
0.75206256
0.850741
0.40424487
0.43398306
0.29881933
0.89561963
0.83390564
0.8819198
0.38959533
0.8926007
0.36589542
0.81058276
0.9143492
0.05753934
0.045217294
0.81345546
0.056630984
0.9188424
0.050909992
0.054214254
0.42783934
0.05159929
0.048940886
0.7513919
0.9289077
0.87148666
0.3790622
0.046837155
0.04939502
0.042960197
0.851693
0.38902035
0.6131258
0.045562156
0.042887524
0.89557314
0.5134704
0.83341825
0.41693074
0.060779896
0.051581737
0.045953557
0.853644
0.9209332
0.05455931
0.84737027
0.8747302
0.41926563
0.883186
0.8480327
0.4322188
0.7197152
0.03667799
0.5760463
0.048692845
0.8803065
0.722113
0.05528832
0.0427844
0.8422154
0.9290113
0.065694526
0.79630476
0.03737985
0.8937881
0.8471731
0.54500765
0.05152136
0.031197561
0.4421868
0.04139926
0.9044341
0.57789767
0.045112755
0.74855745
0.83300626
0.051380508
0.89095503
0.05374343
0.040786643
0.43308094
0.41222718
0.89373314
0.06569798
0.070634514
0.03720189
0.8713428
0.82737845
0.39891598
0.44023836
0.73086053
0.9292597
0.88622266
0.42076784
0.3901698
0.89329225
0.026181975
0.07047788
0.4647075
0.40694347
0.88716084
0.025483124
0.045372695
0.8036337
0.83740205
0.05599336
0.30329672
0.04850544
0.6424836
0.03346029
0.8277959
0.046275906
0.887527
0.42344445
0.42629814
0.5004321
0.23211788
0.061705202
0.048231956
0.564305
0.6858564
0.0752859
0.87222725
0.927115
0.7080565
0.42919722
0.061214745
0.84412533
0.049815398
0.80080634
0.3233841
0.059430808
0.39354762
0.04908185
0.06325613
0.039896198
0.44241855
0.03692769
0.49424413
0.39988735
0.84302366
0.41374275
0.7926422
0.37309015
0.0402122
0.068365484
0.043042358
0.04433563
0.8808397
0.050315876
0.060521815
0.38438624
0.85730976
0.90470976
0.41846728
0.05499634
0.1633065
0.044932533
0.9040138
0.06299167
0.90003425
0.4331574
0.4275459
0.87903756
0.040166967
0.8429276
0.87807095
0.043407507
0.87296647
0.7947643
0.04635068
0.4658224
0.045833286
0.88199383
0.85009146
0.8877498
0.72434515
0.8390532
0.06742589
0.044099182
0.028277626
0.057253588
0.0452981
0.874543
0.6990005
0.04381745
0.63331044
0.033179656
0.9038012
0.074972674
0.04482309
0.042040434
0.48559338
0.44508117
0.04420583
0.031352706
0.043237437
0.8903511
0.04912726
0.94118536
0.8872935
0.8153826
0.03800648
0.7346264
0.04921611
0.3998005
0.42278528
0.045574017
0.5794429
0.053072065
0.6409273
0.057907004
0.8387208
0.60836
0.039640684
0.03885452
0.058406793
0.8898589
0.8183994
0.8226528
0.38442972
0.02815939
0.85754395
0.44101834
0.88514364
0.04347786
0.7843443
0.72670025
0.43400493
0.03988053
0.4200722
0.91230667
0.8814612
0.05195113
0.9024746
0.8311964
0.03467825
0.049594384
0.045086768
0.84603465
0.12613633
0.61319035
0.9159245
0.05274359
0.059594158
0.057245523
0.020037524
0.5335444
0.78908795
0.9028504
0.80325997
0.40016136
0.6436438
0.037814822
0.8862392
0.836355
0.9187271
0.08755688
0.043762352
0.39094666
0.048039343
0.80167574
0.6845282
0.021250218
0.7840797
0.05645601
0.057997126
0.8762276
0.38873503
0.46102652
0.90070647
0.03992332
0.7286094
0.6615498
0.8635056
0.5437903
0.07834513
0.89068776
0.8649122
0.67176074
0.05635971
0.708552
0.89774555
0.78262454
0.8826902
0.8022959
0.86236197
0.8195985
0.07711993
0.045829896
0.817222
0.045233652
0.033864215
0.05186864
0.04161137
0.042412795
0.054776568
0.89495045
0.6785266
0.36563113
0.5223934
0.9155383
0.08631646
0.05425127
0.87979317
0.03419804
0.91047525
0.90215886
0.48718712
0.42431298
0.83523923
0.041233618
0.08805936
0.9106724
0.43497568
0.039995477
0.8807656
0.046102427
0.64545286
0.039609607
0.040238146
0.67922497
0.06463306
0.040933296
0.044040475
0.056548614
0.42732224
0.036888715
0.04811397
0.8106537
0.86158407
0.42627093
0.05116706
0.7939994
0.052790493
0.051536415
0.9063158
0.5182333
0.05677104
0.4290861
0.4202366
0.8600142
0.037656646
0.8909589
0.5060017
0.05390916
0.43286815
0.040964328
0.423998
0.05618214
0.041153368
0.04520482
0.7854646
0.43785974
0.052721582
0.81998825
0.055420358
0.045774836
0.40259165
0.060528792
0.8184745
0.5149255
0.7992981
0.044014696
0.03766696
0.03676329
0.80689996
0.03404371
0.8626426
0.040320124
0.03170912
0.613117
0.039006203
0.05948509
0.8805865
0.8834943
0.33588716
0.8704079
0.056631383
0.055334076
0.85672104
0.72299933
0.61146665
0.051436074
0.88673735
0.9226945
0.44303036
0.9064781
0.049474083
0.9211499
0.80308926
0.90256834
0.04196426
0.035063315
0.06427873
0.35820696
0.044417497
0.895485
0.046982244
0.93602276
0.41768074
0.8154338
0.9154545
0.039935376
0.046728153
0.046950705
0.7066798
0.90429497
0.82275164
0.92994726
0.63683206
0.4696686
0.82520694
0.06406868
0.4042154
0.6674764
0.767929
0.076576
0.8717603
0.68009704
0.9092396
0.8857902
0.054771286
0.052421555
0.8260683
0.890669
0.047818556
0.6117241
0.4338737
0.8762555
0.06431965
0.041105848
0.8944728
0.73858273
0.53043455
0.8481702
0.77780867
0.056968097
0.038073912
0.15287498
0.88040406
0.9222851
0.3685113
0.9216828
0.45811626
0.89019847
0.9300799
0.83287185
0.039311185
0.051780093
0.90110564
0.04127576
0.03631871
0.043139644
0.8344421
0.07358437
0.042650666
0.0570271
0.41590494
0.8942984
0.41635668
0.71088886
0.032831702
0.473844
0.05075781
0.38721183
0.2442541
0.03399126
0.038972355
0.042598568
0.6996083
0.42139876
0.8147262
0.053054873
0.90705186
0.43853408
0.023477657
0.053781603
0.5142617
0.45639393
0.39773092
0.66767794
0.019376533
0.4067658
0.05403529
0.6446071
0.44000116
0.48338595
0.40456772
0.2950869
0.93991035
0.04085031
0.90052485
0.85200596
0.78457916
0.76277095
0.042986162
0.88228047
0.8833392
0.67196023
0.04193978
0.84685725
0.5887969
0.83660215
0.5814129
0.04550712
0.4703588
0.8782881
0.41454506
0.880564
0.049981162
0.030563772
0.082897216
0.50449574
0.9054047
0.46829402
0.3920721
0.62150615
0.8289711
0.053130172
0.9111963
0.9148629
0.8056762
0.7992366
0.8506798
0.41704282
0.049074728
0.8961172
0.42417616
0.8991507
0.39441663
0.8851522
0.48700616
0.8002622
0.89079636
0.06932895
0.5029874
0.9243211
0.051604424
0.88573736
0.04311247
0.043357085
0.05588143
0.04673525
0.4323096
0.0456986
0.49843937
0.44594452
0.88404644
0.04142523
0.80845404
0.77151394
0.056566596
0.045426384
0.8877287
0.8777273
0.40978584
0.83857113
0.8881267
0.8236998
0.05756068
0.88944656
0.045477822
0.8883973
0.02273851
0.039811127
0.4327821
0.85612977
0.051615883
0.9246714
0.40240353
0.8431239
0.4129077
0.045396358
0.79870254
0.897771
0.04788318
0.9048395
0.87313956
0.042511914
0.8488042
0.046155542
0.06436059
0.42429557
0.40667346
0.68458736
0.5559361
0.48072934
0.50848114
0.7764443
0.42349905
0.60823387
0.042257633
0.81272584
0.38040414
0.35873005
0.04056391
0.04523293
0.93640804
0.430286
0.4502653
0.042621948
0.86930805
0.7019318
0.039478388
0.8458401
0.058305565
0.4251253
0.8344869
0.025598977
0.03842813
0.8263454
0.91507554
0.43862176
0.5975938
0.7203192
0.060418937
0.4363063
0.8974906
0.40257236
0.42315283
0.024808282
0.06572654
0.40572634
0.43967608
0.40228748
0.8248947
0.91291124
0.80720735
0.03060645
0.40515038
0.83056194
0.027398182
0.04225852
0.7136966
0.061198525
0.8614411
0.91606194
0.9099791
0.8899823
0.056955498
0.04241019
0.7949609
0.9116407
0.8470839
0.8587934
0.49068618
0.42341653
0.9429494
0.029514844
0.851855
0.8994514
0.041430514
0.026347173
0.03369718
0.05560558
0.8329873
0.8784159
0.761494
0.041012347
0.9095455
0.040922638
0.5427541
0.03851872
0.87141967
0.83990246
0.82696253
0.90329015
0.8457926
0.027249506
0.41118547
0.07157791
0.79569477
0.7887335
0.44163013
0.042276878
0.9196195
0.89409745
0.6441201
0.032904882
0.8804601
0.034402452
0.68418425
0.84682864
0.85715276
0.054097295
0.41402346
0.8322552
0.038310964
0.047568727
0.05425769
0.8635887
0.038212802
0.65958774
0.8621953
0.6866935
0.04186883
0.0489617
0.7619136
0.8986327
0.037417762
0.8575739
0.43764767
0.036333375
0.048123084
0.20421666
0.03257871
0.85482115
0.4073999
0.04220744
0.82967275
0.83966124
0.055039108
0.025005661
0.82434607
0.052606568
0.7895541
0.05080492
0.057753403
0.036872447
0.041187845
0.83354014
0.042277526
0.04164868
0.8659849
0.05428918
0.043751366
0.45249492
0.507184
0.038673814
0.062121876
0.34803608
0.42635933
0.8389617
0.85724837
0.8024606
0.039904345
0.8108906
0.057210468
0.86101454
0.052740756
0.9277299
0.88723695
0.87932247
0.80284387
0.050870866
0.05029125
0.4313565
0.6859222
0.42131427
0.71784765
0.35459408
0.58173585
0.43188965
0.69862056
0.6821562
0.43393084
0.6726419
0.7591337
0.9192707
0.47378093
0.8508795
0.03829651
0.04288563
0.7942924
0.06650221
0.047609176
0.03847541
0.041649844
0.73932415
0.8252758
0.9545463
0.8628384
0.04843835
0.9227245
0.04548718
0.032589745
0.05831302
0.83593535
0.036748767
0.043428995
0.43485898
0.90193
0.0072562005
0.43115348
0.066454336
0.06860352
0.049317345
0.04366209
0.04174621
0.8863622
0.050302334
0.863917
0.059915807
0.44554505
0.0675823
0.8617455
0.56660414
0.045606997
0.042240527
0.8972879
0.7919147
0.05405745
0.044241928
0.061057962
0.3374367
0.70554936
0.90172094
0.0474438
0.8646896
0.7206525
0.88809437
0.047114566
0.8949439
0.03997324
0.035264313
0.7049714
0.84216124
0.04215111
0.39027092
0.8346779
0.045586318
0.056130636
0.04931107
0.040021125
0.9188925
0.8810959
0.065180615
0.3436976
0.9121528
0.05673584
0.70653665
0.86617655
0.05172384
0.026913246
0.89152837
0.049877945
0.058633357
0.8370262
0.39084095
0.9086943
0.042088654
0.04873178
0.032996688
0.25794506
0.055393416
0.8282919
0.41056466
0.051253747
0.4314397
0.8897776
0.70614177
0.8162132
0.46438187
0.028380677
0.054776717
0.87413573
0.036654335
0.42579445
0.036157228
0.4056438
0.90125436
0.43112323
0.18042849
0.8835132
0.41566646
0.029569931
0.5145313
0.8306597
0.9077972
0.04672348
0.8327915
0.048317824
0.41546512
0.58283746
0.8527757
0.038051356
0.60024506
0.8420454
0.043846127
0.05446723
0.88274395
0.05529551
0.9052681
0.044816907
0.75844395
0.37422332
0.04480465
0.84578365
0.045986738
0.05677602
0.43959847
0.88385093
0.052787118
0.086480565
0.93943316
0.51378715
0.8064896
0.8571809
0.4810103
0.8533191
0.5956475
0.07315601
0.8620414
0.043582417
0.41394186
0.0484293
0.040088963
0.8728678
0.04534489
0.8230352
0.47970515
0.04699251
0.043343876
0.040153112
0.047190674
0.85823387
0.09055843
0.8951475
0.044926245
0.42839617
0.54260164
0.89104325
0.8629678
0.83676594
0.039790653
0.7656845
0.043850947
0.046825096
0.032560337
0.04673614
0.031945877
0.7683432
0.41047996
0.3988987
0.05158347
0.4717877
0.826494
0.8768397
0.8207964
0.8453458
0.8286842
0.6704122
0.80238754
0.8602335
0.04927906
0.65643585
0.6453858
0.034388904
0.5761617
0.85569113
0.048651285
0.86935174
0.041820325
0.48983464
0.921688
0.88477534
0.5748182
0.6945663
0.8505504
0.042589825
0.050741553
0.04284147
0.046790756
0.39895752
0.03460059
0.041407596
0.8645251
0.8330964
0.81152797
0.40741393
0.43093684
0.025454447
0.426137
0.4114629
0.4257791
0.03745201
0.86092114
0.05185965
0.79375345
0.039754994
0.6624711
0.9119434
0.85996574
0.61719054
0.04017322
0.7838482
0.02948039
0.7154923
0.04933465
0.037289593
0.04471012
0.43680507
0.8845654
0.036702503
0.039314445
0.48212895
0.9069523
0.5864085
0.05308853
0.8738598
0.74265426
0.8569782
0.048676595
0.05627736
0.87633556
0.060391158
0.04365647
0.36472762
0.4364256
0.46382976
0.39816108
0.05378343
0.8465788
0.46130702
0.061430003
0.47190747
0.41184637
0.05192456
0.055579543
0.92475724
0.82553166
0.039854746
0.039310418
0.062025495
0.87241745
0.057501446
0.7539126
0.4055709
0.59951466
0.048680466
0.046537265
0.8797713
0.9011002
0.8522808
0.64101017
0.44252446
0.9087463
0.045492582
0.080332875
0.053467836
0.70595723