0.45742124
0.7263612
0.4262779
0.49243322
0.41527203
0.20961903
0.20174086
0.7278927
0.41810733
0.5913212
0.20763184
0.18782455
0.20437713
0.4405874
0.7021952
0.18695644
0.20995393
0.39543837
0.21701632
0.45491278
0.5930556
0.2434438
0.40774384
0.20437174
0.16948523
0.23986185
0.4302799
0.64286464
0.41131705
0.69240326
0.21380164
0.35956654
0.6140119
0.4225636
0.42452782
0.39390355
0.48325127
0.66672695
0.68462235
0.662312
0.18728124
0.47278655
0.22897772
0.41148221
0.205385
0.18678659
0.5030067
0.650194
0.17914262
0.7121017
0.5403783
0.20342028
0.70773137
0.672738
0.45366025
0.20504554
0.51203233
0.19827257
0.2111361
0.22179604
0.4758794
0.69423825
0.46977708
0.40111607
0.59382135
0.66960144
0.51000684
0.21195078
0.6116814
0.4896614
0.688607
0.20848463
0.667842
0.53194207
0.18734285
0.17219992
0.19316845
0.48449162
0.4126851
0.42199758
0.21244697
0.20118001
0.40493342
0.6549583
0.6550862
0.18260585
0.5664001
0.63400507
0.62139624
0.5740439
0.17931965
0.19124584
0.72219723
0.7403736
0.21815224
0.27645785
0.60902655
0.63090795
0.73050135
0.70160896
0.40745375
0.38073078
0.223783
0.20097345
0.42384663
0.26884854
0.18137264
0.6572092
0.61290985
0.6123493
0.23304182
0.39754504
0.73311615
0.19318089
0.36516455
0.17421713
0.2024807
0.24057053
0.70002174
0.61415344
0.40692914
0.6444003
0.2963846
0.71910274
0.1924495
0.6380895
0.23640814
0.2135853
0.2048536
0.61657965
0.6374453
0.6023027
0.19622084
0.60420465
0.21657856
0.18924488
0.59416574
0.6887116
0.4140439
0.17112859
0.72636664
0.20834754
0.6919554
0.20093964
0.5829207
0.17792937
0.18468013
0.36318493
0.2817361
0.25068665
0.6834346
0.6880033
0.38279206
0.1953686
0.23102659
0.4076241
0.7364961
0.18697198
0.18797086
0.5389579
0.6883681
0.7356436
0.51731956
0.7280545
0.69605273
0.19132629
0.53028303
0.48511463
0.24670853
0.18254587
0.18576635
0.33747315
0.25375465
0.58077973
0.26731133
0.2457089
0.26922268
0.6860801
0.20715202
0.18414077
0.53428084
0.18621604
0.21351923
0.6946157
0.596542
0.67839557
0.42243272
0.4135526
0.18385082
0.6271245
0.17740957
0.7350761
0.733602
0.7073099
0.23396277
0.20566955
0.397692
0.6294425
0.22336137
0.20741193
0.24393056
0.6074557
0.64258176
0.6842254
0.6979039
0.6677254
0.23516762
0.7253349
0.20297857
0.2579228
0.39027885
0.41934562
0.69540036
0.222243
0.39637902
0.376961
0.20479764
0.56288147
0.18883586
0.20382454
0.32883674
0.720921
0.20820493
0.22737552
0.2131965
0.6985706
0.62298054
0.23353031
0.40711147
0.19227882
0.6253132
0.42228335
0.5562739
0.36523432
0.50483584
0.41531843
0.66397804
0.7629684
0.19276711
0.1932978
0.19928977
0.2278294
0.65784913
0.6364755
0.5677211
0.1789264
0.3827897
0.18459615
0.3794933
0.61810726
0.70201623
0.20428139
0.61864877
0.18546128
0.20073247
0.22628364
0.67714185
0.65634924
0.6158384
0.70034397
0.70375216
0.19998804
0.67160875
0.60925955
0.6007506
0.27505812
0.19991167
0.19833793
0.65391827
0.6794745
0.4264048
0.6210854
0.18903549
0.24379751
0.63046503
0.46842912
0.61803955
0.20529471
0.64456373
0.70609856
0.74005145
0.75023615
0.2063619
0.20369792
0.64497113
0.75500417
0.4186495
0.6902194
0.17382288
0.40254423
0.61237025
0.66647524
0.48355657
0.17636898
0.6571801
0.1973296
0.6137764
0.6357678
0.22717318
0.68779063
0.3897338
0.18859445
0.606517
0.6750734
0.65472335
0.20618989
0.45171636
0.21102071
0.702577
0.16912979
0.21679996
0.6817869
0.74687934
0.6443171
0.684946
0.20030844
0.19606936
0.1818842
0.6503612
0.19916289
0.18096012
0.19682156
0.17951697
0.19118486
0.7084359
0.5389132
0.24186005
0.19602792
0.37335244
0.6367904
0.5461917
0.21636581
0.61946154
0.7064509
0.56462806
0.41212535
0.6770468
0.69271356
0.21664205
0.20042083
0.19855504
0.17808062
0.6661434
0.36742648
0.67764014
0.6211647
0.6074248
0.7010887
0.6966208
0.6605773
0.6049874
0.17578398
0.69496816
0.37396955
0.65705156
0.18008725
0.19223797
0.51061803
0.7400481
0.5301948
0.2574149
0.6387303
0.23833759
0.19767307
0.26509497
0.3883394
0.62409157
0.2258431
0.1885083
0.3928313
0.4145562
0.1769612
0.7457114
0.19883506
0.18789938
0.23261338
0.66177416
0.5680294
0.18962872
0.20053391
0.71026874
0.53329456
0.6508293
0.20225924
0.22660008
0.6020123
0.70032924
0.35660678
0.19480875
0.64203733
0.53354156
0.1716152
0.21262297
0.15372963
0.43797085
0.6930256
0.6565205
0.18653269
0.20073515
0.24434505
0.23880787
0.6413372
0.64639264
0.3726801
0.4955619
0.45132646
0.66128325
0.71227413
0.70918214
0.39386308
0.69223773
0.4289988
0.63889194
0.6915934
0.19430663
0.19456746
0.629194
0.19124958
0.75857717
0.2043981
0.21146819
0.41319284
0.18845826
0.22268732
0.63108945
0.7408131
0.6841802
0.37283996
0.22359216
0.24706022
0.18454759
0.605072
0.383626
0.4992324
0.20895056
0.18070914
0.6850106
0.426583
0.6403714
0.41091663
0.20365503
0.21122134
0.2308637
0.6019936
0.7489619
0.22055416
0.6281598
0.7251411
0.42295036
0.7220026
0.6073698
0.4288472
0.5545746
0.21256241
0.60101426
0.22644925
0.7197206
0.5649226
0.17643446
0.22872464
0.71373177
0.7303066
0.19704811
0.6368894
0.22112894
0.67175174
0.6099809
0.55825233
0.19254245
0.20685394
0.4144563
0.20509486
0.6584768
0.51346713
0.19468528
0.62266946
0.67038965
0.20320678
0.69712776
0.21386346
0.20759407
0.4041911
0.39446115
0.6988137
0.1802729
0.22059982
0.19594029
0.684361
0.6451209
0.40697694
0.43903986
0.6017372
0.7017904
0.7077706
0.3985786
0.42466515
0.6205844
0.21813114
0.18186331
0.43737867
0.41576996
0.6612024
0.21975192
0.21266139
0.6086215
0.61499894
0.1840396
0.31752294
0.1960633
0.5521601
0.20355873
0.6490624
0.20922874
0.68356836
0.43150014
0.38315395
0.4817595
0.13107564
0.21106802
0.18800683
0.55076456
0.6323534
0.2192786
0.6401381
0.76451075
0.5858923
0.43540525
0.19206598
0.6573425
0.19186702
0.70266753
0.35951415
0.19715963
0.36847538
0.19153273
0.18558857
0.20700473
0.4304002
0.25875995
0.4566567
0.4020663
0.59495234
0.38945326
0.7056012
0.4120427
0.22312033
0.19778545
0.18953764
0.22145025
0.68535453
0.21685426
0.18475465
0.39164156
0.70063496
0.6718228
0.41426224
0.18520707
0.19386517
0.2128412
0.7138599
0.19685416
0.6714609
0.50262356
0.41324008
0.6786128
0.215333
0.6200933
0.6826688
0.20167223
0.621972
0.6226236
0.2239937
0.5045608
0.18470211
0.6599233
0.57592636
0.6602554
0.6581801
0.6694379
0.21879013
0.20583226
0.23895903
0.16784474
0.28082538
0.65432113
0.56247354
0.20527446
0.6097674
0.21048309
0.76167953
0.22063671
0.20674637
0.21430497
0.55332935
0.47526953
0.20281267
0.23767506
0.211724
0.72217715
0.19088788
0.8118228
0.7375048
0.6336281
0.1978476
0.547974
0.21366638
0.38538766
0.37297356
0.22969404
0.49521503
0.17638181
0.6626017
0.18794607
0.65837944
0.5467826
0.23277813
0.22330648
0.18304788
0.70471895
0.6157185
0.58785385
0.3505562
0.26269808
0.66385645
0.4868591
0.68827355
0.19940414
0.57062405
0.64030725
0.39726794
0.20462643
0.4228072
0.68051946
0.67251945
0.344526
0.7017994
0.6293307
0.25226143
0.20089483
0.1801559
0.6549342
0.18666324
0.5657293
0.74989694
0.18630773
0.19219252
0.22851554
0.2417526
0.49781808
0.6355185
0.647987
0.6478284
0.37318274
0.5329535
0.25506574
0.7259065
0.64265764
0.7155976
0.17402905
0.20938809
0.4021161
0.18563703
0.63995165
0.60390717
0.2225975
0.6319068
0.20443377
0.18585788
0.579076
0.3781099
0.45404732
0.6989859
0.1976874
0.58409685
0.5777466
0.62535304
0.57651323
0.19142726
0.69061655
0.64711446
0.6274075
0.18368301
0.58834785
0.7383382
0.63321173
0.67856085
0.57553786
0.68024707
0.6705419
0.19017401
0.24126263
0.6319612
0.21252926
0.23457022
0.25507912
0.204342
0.19797479
0.18775213
0.6945317
0.5840575
0.40871805
0.44047067
0.68541217
0.22991677
0.18505527
0.66090244
0.2032512
0.72735
0.6868557
0.47532535
0.43786633
0.6204693
0.20822772
0.23660001
0.6876728
0.4096639
0.18123001
0.61667824
0.2000882
0.6107203
0.22822435
0.18154497
0.6368714
0.19473505
0.20206553
0.18745925
0.19546293
0.42838612
0.21069214
0.26326993
0.65297717
0.6360573
0.39374536
0.18903418
0.6199044
0.18419792
0.20530778
0.7144126
0.51078415
0.22432727
0.4711011
0.3746888
0.623342
0.19607171
0.66103464
0.5584728
0.17867419
0.40616882
0.23363097
0.40337387
0.18190795
0.20989716
0.2204318
0.63163024
0.42922375
0.18016036
0.6330538
0.2135104
0.2023118
0.3992031
0.18273471
0.6207618
0.46421918
0.6847262
0.1992279
0.28419647
0.22018203
0.5941291
0.25449166
0.7111883
0.21444629
0.21617815
0.5975647
0.20868559
0.18376182
0.6655895
0.71636176
0.38183084
0.65425956
0.2164887
0.18593742
0.68127966
0.5338879
0.49901763
0.20110725
0.73738
0.68765134
0.45517284
0.68446094
0.2368153
0.79722995
0.6546786
0.7324241
0.22702996
0.24358006
0.16645776
0.3958323
0.20013015
0.69900745
0.17773591
0.6711872
0.3883771
0.6276857
0.75623363
0.21866047
0.18040481
0.1852502
0.5567928
0.706594
0.62215084
0.7413407
0.51358455
0.46547428
0.6291773
0.17122638
0.39056733
0.5615942
0.61286426
0.19957393
0.640266
0.61070716
0.6974674
0.65665174
0.20200892
0.2328535
0.6366138
0.6833459
0.2201029
0.60976857
0.41420817
0.6262482
0.1694346
0.24157682
0.6549011
0.579262
0.63052046
0.71655834
0.6166184
0.17994428
0.21771362
0.22055387
0.66833144
0.72357357
0.28536054
0.7677846
0.4582401
0.63571286
0.73835456
0.66121316
0.17386065
0.27650937
0.70124453
0.19795606
0.23652658
0.2008755
0.60825217
0.19278614
0.21203949
0.1707956
0.3776585
0.7095606
0.43353656
0.62182057
0.22542192
0.47276992
0.2134684
0.36587232
0.10072242
0.14366437
0.1969025
0.20913365
0.60385406
0.4217159
0.6665586
0.18415673
0.7353337
0.4123539
0.2649049
0.215838
0.54275984
0.48529908
0.39593902
0.61470616
0.22852823
0.43372932
0.21413653
0.54395974
0.39924407
0.54527617
0.4059064
0.4210478
0.7087274
0.21835639
0.658181
0.6357999
0.6084293
0.6071747
0.21246253
0.5197373
0.6939981
0.5954936
0.24124356
0.6454821
0.5850228
0.636948
0.5612985
0.1941214
0.46058884
0.68090653
0.40339547
0.7079253
0.19907343
0.22150989
0.18820408
0.52163935
0.7338623
0.4488668
0.40448862
0.48390698
0.65588623
0.18700287
0.68115234
0.7107055
0.59752953
0.611904
0.6291586
0.3967018
0.22706074
0.6930687
0.4226089
0.6628878
0.38513485
0.6995122
0.5079065
0.5951198
0.719406
0.20717253
0.48931083
0.59922904
0.20517386
0.6846649
0.19602282
0.2043548
0.19535792
0.19581199
0.410592
0.22829849
0.47479835
0.42295125
0.7030365
0.22346671
0.6034667
0.638087
0.20103167
0.19810273
0.63989615
0.59050363
0.33334318
0.63194877
0.6790309
0.624612
0.18206002
0.728307
0.19667278
0.7122695
0.23668477
0.1923121
0.40596896
0.67656946
0.18810804
0.76226324
0.4278086
0.6112599
0.3934993
0.20254786
0.60595304
0.7434882
0.2144473
0.779763
0.66469574
0.19323352
0.6790853
0.2093314
0.17928194
0.4092224
0.36232832
0.5943076
0.62439287
0.48548084
0.47667497
0.6034942
0.4297244
0.5431728
0.19099432
0.6434787
0.3752731
0.38531718
0.19831882
0.19456922
0.62066764
0.39849854
0.5217204
0.18309538
0.65443
0.5363056
0.19602413
0.63776207
0.18114194
0.40197146
0.60223055
0.26280442
0.21050784
0.5956431
0.70510733
0.41690338
0.5896692
0.56463915
0.17398408
0.41149327
0.7109772
0.41464153
0.4185961
0.23918276
0.16519114
0.42311266
0.41042748
0.407248
0.59227383
0.7822794
0.6037972
0.22678973
0.423133
0.67377317
0.2464611
0.17994435
0.6024881
0.19574022
0.6374849
0.73976994
0.7049894
0.6745041
0.17100783
0.20947768
0.6256282
0.7082717
0.64518
0.6340216
0.45561776
0.4229223
0.49556014
0.22167182
0.70265627
0.78492045
0.24414223
0.21737234
0.20468915
0.20416161
0.62032866
0.6589319
0.6021012
0.2435991
0.70244586
0.20707358
0.45992506
0.2083633
0.65599567
0.6598265
0.6433827
0.71256906
0.6057375
0.2187324
0.426025
0.17961323
0.6064237
0.66330576
0.47213948
0.20534575
0.70539045
0.7250741
0.52979344
0.25810722
0.62132156
0.21564457
0.64840555
0.6444827
0.7114349
0.19484892
0.40826115
0.65022516
0.19914038
0.22560845
0.1991086
0.6848888
0.22448453
0.57966894
0.64502805
0.58767176
0.23978887
0.2442335
0.5034511
0.6849902
0.20431925
0.6458588
0.44471917
0.20814142
0.22496103
0.18419799
0.18835989
0.62362325
0.42031422
0.22035965
0.65554386
0.6343313
0.21030892
0.2503141
0.5936567
0.2159723
0.6279701
0.18700667
0.20737354
0.22037546
0.21347931
0.6676693
0.22608736
0.19471791
0.64332676
0.1761401
0.21494035
0.47412488
0.53348875
0.20347683
0.17958423
0.37743145
0.39717057
0.6069139
0.6753207
0.597311
0.20950559
0.68179286
0.20819455
0.69605684
0.25033557
0.7023616
0.7015617
0.6639999
0.6295326
0.18687384
0.20120353
0.3885231
0.606073
0.41124493
0.60442644
0.4525209
0.5648762
0.40254152
0.5632311
0.6526051
0.3809113
0.6877755
0.6019974
0.71842617
0.45819357
0.6923452
0.24611175
0.19291982
0.652607
0.2267039
0.19667237
0.25904843
0.2242338
0.6666839
0.6223898
0.7894162
0.67973655
0.19544584
0.69943726
0.21837635
0.23928417
0.21143633
0.65248805
0.22252373
0.20037994
0.3992536
0.69120216
0.24392109
0.42982107
0.18079627
0.17194365
0.18986093
0.245057
0.21022129
0.66802436
0.19615911
0.707157
0.2637342
0.40958753
0.15970542
0.6788473
0.5912403
0.19807811
0.21677312
0.6744113
0.608898
0.19559963
0.19075868
0.17273419
0.36802077
0.60724306
0.7365276
0.21959665
0.6195204
0.59988207
0.6759846
0.1797883
0.71056503
0.20941564
0.22422756
0.5704294
0.6878593
0.19711235
0.4192689
0.64072573
0.19166675
0.2172867
0.18787886
0.20537709
0.6752123
0.6915582
0.17514369
0.44488266
0.7204528
0.17074747
0.5905091
0.64560133
0.18740323
0.22385176
0.7094025
0.20940603
0.18829124
0.6486773
0.40632743
0.6839193
0.21192211
0.19692959
0.21008155
0.15926655
0.20440255
0.59257525
0.38716236
0.19180617
0.4345098
0.67353034
0.5634738
0.654705
0.43488815
0.22845863
0.18481715
0.5888617
0.22358382
0.40353206
0.23233135
0.40614653
0.7364363
0.4102955
0.15121076
0.6595436
0.39945585
0.2542669
0.62737465
0.6351915
0.67668134
0.1724136
0.68476856
0.17634232
0.42119372
0.6329429
0.63720465
0.20757014
0.501193
0.6672638
0.18326302
0.24264774
0.6649281
0.18941517
0.71723497
0.20726557
0.6394804
0.41354617
0.19662254
0.6700164
0.20890386
0.17231423
0.4621178
0.68967485
0.1869629
0.22024639
0.71271086
0.4998272
0.5896006
0.6300025
0.46622634
0.60598946
0.5197293
0.17775466
0.67571414
0.20164958
0.41425586
0.19220126
0.24123351
0.5934098
0.18753624
0.6753915
0.50142205
0.19362946
0.19265248
0.20081618
0.20552464
0.6389342
0.2692193
0.71431094
0.1960549
0.4145608
0.461684
0.66175276
0.6636275
0.6533864
0.20869742
0.63978106
0.19005667
0.23265141
0.24531575
0.20722653
0.23074158
0.5047007
0.43173423
0.41718146
0.19802547
0.59850556
0.6040266
0.63035834
0.668354
0.6696892
0.62202597
0.670181
0.6432272
0.6383752
0.2168774
0.51245594
0.47294524
0.20007253
0.57983416
0.6373919
0.21547388
0.6663685
0.20421891
0.48559207
0.73279506
0.6835575
0.5076613
0.5126724
0.69367784
0.19177091
0.18440881
0.19293511
0.21210037
0.37643695
0.24528085
0.1944888
0.64215285
0.63248897
0.6291308
0.40613845
0.3937517
0.20801452
0.3931482
0.43234813
0.45941877
0.20109762
0.67895675
0.24048096
0.6238502
0.21269631
0.54724675
0.7308981
0.69229674
0.54882944
0.20479669
0.5979671
0.24806862
0.6399565
0.1798622
0.20994523
0.20644484
0.39821807
0.70907736
0.19863003
0.20499496
0.4400876
0.68560624
0.5595429
0.17969508
0.66266453
0.6182571
0.6081866
0.21591209
0.24210528
0.6238357
0.21406744
0.232535
0.4034208
0.49355575
0.48740926
0.40443504
0.21887581
0.63592386
0.48920703
0.17810336
0.47778004
0.37371272
0.22028153
0.20103666
0.6829533
0.6160555
0.20862186
0.20681214
0.22026782
0.66099393
0.25720838
0.5824855
0.3551923
0.5355602
0.23660456
0.19273418
0.6851819
0.6685522
0.63358045
0.5427713
0.5596886
0.73923546
0.19585043
0.18718378
0.17538057
0.5269595