0.495046
0.56420946
0.4222405
0.495956
0.42002028
0.32026935
0.34364814
0.5821275
0.42074564
0.4906121
0.34327492
0.31540996
0.34038642
0.4213064
0.5693552
0.34568283
0.3698217
0.51332915
0.34073865
0.48958516
0.5351392
0.36477014
0.42579356
0.3419499
0.34937742
0.36875093
0.47426125
0.5442869
0.42314714
0.53508145
0.3223815
0.4301878
0.5303928
0.4080398
0.42801195
0.42247698
0.49451277
0.55361533
0.55937845
0.5515319
0.37233594
0.49637085
0.3523584
0.41773048
0.33640546
0.38230178
0.4686528
0.5419325
0.34684014
0.54527336
0.5373625
0.35015264
0.54957294
0.5318334
0.46618757
0.36214638
0.485996
0.40394837
0.38043362
0.3486912
0.47701812
0.55802745
0.476886
0.42821777
0.53703123
0.5496329
0.51290715
0.35097578
0.56179506
0.50306576
0.5637962
0.3626867
0.5712703
0.48739624
0.31477922
0.3255664
0.34260064
0.48756963
0.41801554
0.41957012
0.3150962
0.3224816
0.41288856
0.5550469
0.52462417
0.36260197
0.44866207
0.50544506
0.49897358
0.47605872
0.323211
0.33877695
0.5564616
0.58103293
0.3610348
0.33231094
0.51267105
0.53174615
0.58525115
0.54956806
0.43428695
0.4223739
0.3320551
0.33313057
0.4156215
0.38356408
0.32065207
0.5273545
0.5240163
0.5245344
0.33456343
0.41926497
0.5545704
0.33996862
0.4182387
0.311529
0.35301465
0.4097715
0.554557
0.53056407
0.5025699
0.5478982
0.4041091
0.56091964
0.38691446
0.54902834
0.35215196
0.3416936
0.34454387
0.51340085
0.5233259
0.5069125
0.37010187
0.5110257
0.3408643
0.33841854
0.52754074
0.5083408
0.41484293
0.34003365
0.5512305
0.3437123
0.5399746
0.3379128
0.5059457
0.33783016
0.33931172
0.38731226
0.35689786
0.37422934
0.5418687
0.5696242
0.39692074
0.31661713
0.3476217
0.4168535
0.54856765
0.3448305
0.33542988
0.5132019
0.54998136
0.57584405
0.45058027
0.54635626
0.5524719
0.36007828
0.5284288
0.4673163
0.3732117
0.35453293
0.34588227
0.44048825
0.3493149
0.5085278
0.35244626
0.3476024
0.34893236
0.5425032
0.38001686
0.34793112
0.48228922
0.33553937
0.33051798
0.56677085
0.5116832
0.55905133
0.4215478
0.43427622
0.32672912
0.5328419
0.33112687
0.56534
0.5601033
0.5109054
0.36117268
0.3456864
0.4215709
0.5465639
0.3351687
0.33203208
0.36673638
0.54073435
0.5369274
0.55807185
0.5559962
0.53359824
0.3640776
0.5701402
0.35460752
0.35774428
0.42149422
0.4375792
0.5511545
0.37569433
0.41058052
0.4364797
0.34752193
0.50414205
0.3550076
0.3702672
0.29632503
0.5474617
0.36509678
0.35552967
0.34393162
0.56683195
0.520163
0.35315502
0.43686005
0.3524678
0.5467498
0.41657734
0.5003593
0.4232159
0.47840697
0.41876188
0.5206761
0.5810301
0.33212662
0.31876352
0.34697828
0.3287266
0.53358215
0.5467246
0.52706814
0.35065216
0.4164626
0.40030596
0.42706868
0.50236285
0.544296
0.33581442
0.5041344
0.38937405
0.35031214
0.34728885
0.535972
0.52760965
0.5048428
0.5736886
0.56768805
0.36946166
0.5558078
0.51719296
0.50086504
0.3911208
0.3261518
0.34685305
0.52045655
0.536448
0.43703267
0.4963337
0.3266916
0.36369962
0.50297207
0.45478177
0.52565384
0.3494673
0.51813424
0.56793106
0.5693388
0.56687444
0.32322332
0.33132142
0.49340203
0.53831154
0.41706112
0.535711
0.3490304
0.41348568
0.55094975
0.5132747
0.45899022
0.34639218
0.54213494
0.35089475
0.51418597
0.54182136
0.34070134
0.5699402
0.42424017
0.3433426
0.50530773
0.55837667
0.52405673
0.37322536
0.4877686
0.3819395
0.5229605
0.34841156
0.37626883
0.5246296
0.5874243
0.52490056
0.5251346
0.3420183
0.3793963
0.33678427
0.5336774
0.35310286
0.36350608
0.35251352
0.33185756
0.33992824
0.5578287
0.4531745
0.36580697
0.3945885
0.42174995
0.5421048
0.5061193
0.3126034
0.54301804
0.54678625
0.5058178
0.4278471
0.52970105
0.5382823
0.33474377
0.3191464
0.3195841
0.35229224
0.5332793
0.38665858
0.5301463
0.5344945
0.5010351
0.5476912
0.54202837
0.5094504
0.47907647
0.3209344
0.54979503
0.40190923
0.53144085
0.32088655
0.35079777
0.5180379
0.56026685
0.48958236
0.3693221
0.5183653
0.36375695
0.34381896
0.37953734
0.4034729
0.5371476
0.34701198
0.3459694
0.41422337
0.41374436
0.34739125
0.57879657
0.34748796
0.34299713
0.42694932
0.5243004
0.52763295
0.34891576
0.37555492
0.564106
0.49042806
0.53715014
0.41126794
0.35669562
0.4939759
0.5323575
0.38330084
0.34511352
0.5079345
0.50458056
0.40318105
0.33218214
0.3690223
0.41690475
0.5308387
0.5295818
0.35567254
0.3134865
0.3504662
0.34073788
0.5223169
0.51031005
0.38410026
0.48506817
0.42288753
0.5195013
0.5347642
0.5603349
0.4122803
0.5552642
0.42924988
0.54385614
0.56300294
0.32823417
0.31539184
0.5164917
0.33836278
0.55819595
0.35723487
0.36368448
0.4209324
0.35019207
0.35243496
0.5128265
0.5918768
0.5556211
0.42458984
0.34739774
0.3565556
0.35650444
0.49216524
0.39840674
0.5307767
0.33577222
0.32344308
0.5420394
0.47728917
0.5281483
0.4161342
0.32771134
0.3765202
0.31984892
0.5256945
0.5652058
0.365309
0.53139645
0.55721885
0.4166473
0.5470229
0.5339764
0.42719665
0.49780986
0.32181144
0.5085875
0.37913647
0.56105417
0.5210324
0.353335
0.32776377
0.53289205
0.5578402
0.3277414
0.5384196
0.35736132
0.5372503
0.49598253
0.51989865
0.3314462
0.35005847
0.43712005
0.3333386
0.5597835
0.48810184
0.3455151
0.5014445
0.5311443
0.3469963
0.5489557
0.34607282
0.3369513
0.41904435
0.422228
0.53446764
0.34955797
0.37294012
0.3776519
0.53239906
0.49449515
0.4128167
0.47712374
0.54045373
0.56482214
0.564112
0.442085
0.4142231
0.5431771
0.3453103
0.3810957
0.4881794
0.41787866
0.5443153
0.3580482
0.3238671
0.50848484
0.521669
0.34995052
0.44206244
0.3324156
0.45007628
0.34081173
0.56329024
0.3523786
0.52963954
0.42101282
0.42928532
0.48524967
0.37200683
0.32643688
0.34229368
0.5104169
0.5341986
0.36982185
0.52914506
0.5670663
0.503708
0.40865514
0.33718082
0.5368132
0.33912855
0.48330155
0.42196006
0.35100257
0.3884263
0.34663498
0.33746812
0.35514435
0.4290678
0.33897668
0.4904297
0.40043792
0.48595142
0.43332663
0.51506156
0.43691885
0.36841658
0.3326972
0.3248453
0.35645756
0.53115326
0.3534598
0.3415528
0.3967112
0.5374543
0.5779492
0.42020786
0.3477773
0.39146072
0.32595313
0.55684227
0.33531868
0.55918306
0.477128
0.4170183
0.5324478
0.34464538
0.53750193
0.54866177
0.34524277
0.5389931
0.5113335
0.32084438
0.46302253
0.3287305
0.5524251
0.48688242
0.50807416
0.51987386
0.532706
0.34772947
0.32691625
0.36201432
0.3365503
0.3828292
0.50643253
0.49664617
0.3409103
0.5242281
0.33278418
0.5596849
0.32824376
0.35586742
0.34712887
0.5040571
0.49400634
0.33969083
0.3581053
0.33661154
0.5368852
0.33726367
0.5680197
0.56624895
0.53189176
0.3435615
0.4895314
0.32682475
0.38927874
0.43061197
0.3833789
0.4853408
0.33434764
0.5208231
0.35049006
0.524052
0.5138115
0.3662035
0.3384936
0.34930184
0.54855895
0.5130372
0.5276773
0.3877746
0.39193785
0.5490144
0.45178604
0.5416267
0.3193098
0.5354321
0.5018196
0.42025244
0.3559491
0.41690308
0.5631736
0.53554815
0.32200587
0.54018104
0.5328178
0.37790853
0.3616055
0.32336274
0.4939944
0.31666073
0.5155282
0.5695216
0.3581716
0.3376287
0.35040182
0.36143965
0.49454
0.5174178
0.5358342
0.5351194
0.4185143
0.50311977
0.37272552
0.5473705
0.5440424
0.5618007
0.37819952
0.34060916
0.41755316
0.33294806
0.5426822
0.5095344
0.3834369
0.52558094
0.32743868
0.3375767
0.51990974
0.38425285
0.49004832
0.5218267
0.35885254
0.50749797
0.4984308
0.5209255
0.5053104
0.3686976
0.53015757
0.5506696
0.5110899
0.32727852
0.5241763
0.5829908
0.5264701
0.55299467
0.49178424
0.5306744
0.5204102
0.37013686
0.3811183
0.52741665
0.31365004
0.36972362
0.3566537
0.32011396
0.34821627
0.34123346
0.5619083
0.5359003
0.41594455
0.48967862
0.5521991
0.38092968
0.3445736
0.5420728
0.33520234
0.58972025
0.5328635
0.47570398
0.47324497
0.53130925
0.3427829
0.3307757
0.54050505
0.41938585
0.3548465
0.5297609
0.3282935
0.5297255
0.3369179
0.3366023
0.51925534
0.3154091
0.34936985
0.32775503
0.37331083
0.41302308
0.35642263
0.34610316
0.5367294
0.509547
0.39208227
0.3115874
0.500448
0.35941902
0.32026178
0.5503843
0.4722421
0.3477341
0.47724587
0.42754495
0.54826444
0.3175592
0.47618088
0.51856595
0.33779588
0.41968858
0.37074572
0.41831934
0.33253044
0.32390997
0.31963578
0.530775
0.46052518
0.34214458
0.5350365
0.3505694
0.3323884
0.39430052
0.37005424
0.5227409
0.46743605
0.508938
0.3432147
0.37053254
0.3546997
0.5190519
0.3583561
0.56082755
0.34125513
0.3353825
0.53272694
0.33167514
0.35269982
0.5388897
0.55563605
0.39339972
0.5309707
0.33423528
0.34628817
0.55051184
0.5041037
0.5246997
0.3278714
0.56139636
0.5598418
0.4880698
0.56531405
0.35038182
0.58614904
0.5320534
0.5767191
0.35365036
0.37242156
0.35201588
0.40125704
0.3483899
0.535318
0.32938424
0.5493936
0.40836093
0.53926414
0.571933
0.3268659
0.3371958
0.3250647
0.5149296
0.5536604
0.52549225
0.586955
0.48571652
0.4738084
0.5568595
0.34155643
0.42285776
0.5355433
0.5413023
0.34286648
0.5205396
0.5111649
0.56311256
0.54565644
0.33890095
0.35768497
0.5107925
0.54475695
0.31844205
0.51685005
0.42478222
0.5240028
0.3434189
0.36379576
0.5428536
0.54901373
0.48719832
0.5531672
0.5183057
0.33681825
0.33954775
0.38229248
0.555141
0.56169873
0.43562755
0.5670582
0.49397078
0.5445092
0.57071376
0.5527184
0.32316405
0.34205675
0.57169384
0.33362004
0.37123874
0.32753044
0.4981149
0.33351606
0.33050862
0.33709306
0.43262723
0.56138295
0.41662523
0.5301996
0.3671599
0.5104127
0.35818234
0.4063723
0.40622634
0.35518092
0.33608347
0.34119862
0.53679216
0.41759923
0.5485972
0.34641546
0.5703153
0.425498
0.39270794
0.3630602
0.51769173
0.4793749
0.412228
0.52045196
0.36536777
0.4195833
0.3369818
0.4995404
0.42562312
0.5126436
0.42152813
0.43182907
0.5620847
0.3367064
0.5704768
0.51469785
0.5275252
0.52752995
0.33580378
0.5423369
0.54702276
0.51707983
0.3498984
0.5534209
0.49961847
0.526654
0.463141
0.3529519
0.48846552
0.5351579
0.42010653
0.5559968
0.3593937
0.35178074
0.36281332
0.5074859
0.55271155
0.46935177
0.42498246
0.5015343
0.5181005
0.3221057
0.55701584
0.5437712
0.522086
0.52387387
0.51536393
0.42712298
0.39859766
0.5342474
0.41352358
0.5593364
0.40156245
0.5570593
0.48890445
0.51348823
0.5693016
0.36918655
0.4985533
0.545981
0.3222509
0.529709
0.34464845
0.34414628
0.31214085
0.3169635
0.4148062
0.33005255
0.50228816
0.4873659
0.55830055
0.37702137
0.5138437
0.5106689
0.38904822
0.343562
0.5298961
0.5478368
0.4162007
0.5172022
0.54183143
0.50447255
0.3478957
0.5537645
0.363153
0.5708927
0.35032454
0.34599224
0.4241905
0.5470919
0.33944586
0.5695458
0.41396114
0.49453166
0.42718396
0.35668173
0.50385016
0.56106293
0.3915573
0.5883037
0.5504655
0.3369234
0.569429
0.35092938
0.34653217
0.4270373
0.4047957
0.49765518
0.52976817
0.5044328
0.47055066
0.51179844
0.41421166
0.5040275
0.3142242
0.5221655
0.4134007
0.4180214
0.33712238
0.33617082
0.504873
0.42137927
0.48277414
0.3327021
0.53382945
0.50436723
0.33937833
0.4988248
0.34690243
0.41178313
0.52278334
0.34026238
0.324409
0.4995082
0.5663308
0.42218283
0.52302814
0.522693
0.33782876
0.42396152
0.5627786
0.4258283
0.4104431
0.33125567
0.33552316
0.4245617
0.44255626
0.40347573
0.5230802
0.5757935
0.54604244
0.36117998
0.42068616
0.53941274
0.3767604
0.3393316
0.52507716
0.3569797
0.52066934
0.5683749
0.5465211
0.5412807
0.34154347
0.34211358
0.5286682
0.5545822
0.54114753
0.52272093
0.45773116
0.42328933
0.52533287
0.33690098
0.55495393
0.6131345
0.3469385
0.38052037
0.3316214
0.3321389
0.49951178
0.5362362
0.528913
0.37066853
0.52269644
0.3124604
0.49951172
0.3319336
0.53336674
0.5413128
0.54590863
0.536983
0.5048984
0.3778007
0.41619474
0.3494107
0.5079272
0.5155821
0.4846317
0.33574727
0.57096505
0.54297936
0.4971105
0.37930995
0.553878
0.35747254
0.52250034
0.5269958
0.5580436
0.3621023
0.4276324
0.5260421
0.35145435
0.3300601
0.32056656
0.5489334
0.35793415
0.47685656
0.5510278
0.5018982
0.35661528
0.34310964
0.50006926
0.5469733
0.3302868
0.51898366
0.4625929
0.33874983
0.36865994
0.37523687
0.329799
0.5200615
0.4138221
0.35478678
0.5474518
0.5423512
0.3518228
0.34586746
0.524318
0.37057278
0.5259582
0.35680246
0.38189209
0.3579993
0.3432768
0.5611006
0.35612434
0.32195964
0.5494252
0.37026694
0.36332333
0.4925364
0.5301177
0.34741008
0.38735557
0.42122456
0.42235532
0.5111923
0.5392062
0.48347145
0.32722008
0.5103178
0.3252471
0.53692687
0.38539165
0.55550194
0.55829763
0.52143484
0.5222296
0.3512085
0.35289237
0.42447877
0.50206804
0.42406234
0.511992
0.477084
0.5113059
0.4202488
0.49188402
0.50881755
0.43064988
0.5136538
0.52333796
0.55528885
0.4909128
0.5619648
0.40059856
0.33407494
0.52988344
0.3725227
0.35329857
0.34825534
0.36283135
0.51750606
0.5457311
0.5909909
0.5023325
0.33322808
0.55022997
0.3383972
0.36577573
0.33126926
0.52864563
0.32617053
0.34674776
0.42925426
0.56391686
0.3388614
0.42492843
0.3441781
0.34360224
0.34331498
0.36081815
0.35797364
0.5461175
0.33388615
0.53992045
0.35837227
0.4191683
0.34932178
0.541955
0.53521687
0.34042636
0.34806114
0.5629401
0.4949877
0.33686203
0.33327225
0.3444174
0.427956
0.51309186
0.564076
0.37667966
0.55632335
0.5167112
0.5645477
0.3477611
0.5470153
0.33760056
0.35525715
0.49432334
0.5663325
0.34707034
0.4302112
0.5359706
0.34067494
0.34564325
0.3449475
0.3677825
0.56823474
0.5487087
0.3453195
0.42522344
0.54428554
0.3524688
0.50640523
0.5242167
0.35296974
0.3527824
0.5426841
0.3411673
0.34297368
0.51638657
0.41481712
0.5406085
0.34795022
0.3290882
0.330742
0.3601223
0.3411064
0.5192842
0.40929314
0.35250115
0.42467064
0.53212655
0.49430045
0.52273333
0.48267192
0.35749966
0.3471478
0.53440255
0.35535288
0.4195693
0.3456544
0.41397372
0.56014067
0.4178755
0.38024956
0.5128471
0.412224
0.3678018
0.5027302
0.5427973
0.5544318
0.36859182
0.54848385
0.33737218
0.41604537
0.48488155
0.5170632
0.32164943
0.47474402
0.5299292
0.3238831
0.33419067
0.5435499
0.3405928
0.54833454
0.35326388
0.5159612
0.4251209
0.35537004
0.55766803
0.36314428
0.3413472
0.46562538
0.53228295
0.35436264
0.33662766
0.55956155
0.5135528
0.513887
0.5358981
0.50390965
0.5356409
0.48080045
0.34957665
0.5045395
0.3418936
0.43320483
0.32616866
0.37534273
0.5202304
0.33893672
0.5431104
0.5190686
0.34550557
0.339903
0.3560587
0.35178438
0.52999
0.33030787
0.56573045
0.3416395
0.41377118
0.4752427
0.5362694
0.5274411
0.5478587
0.35765174
0.5377068
0.39020556
0.3592362
0.3693768
0.37388843
0.34798983
0.50544727
0.42248487
0.4243713
0.31636772
0.48207852
0.5435427
0.5266917
0.52422905
0.5604574
0.5174473
0.5260101
0.53924227
0.5337935
0.33896548
0.51688045
0.4766969
0.31307063
0.5194439
0.5066767
0.3266469
0.55466205
0.34161365
0.50244683
0.56280786
0.5439894
0.49498266
0.49669015
0.54852116
0.33612713
0.32820162
0.3384807
0.3397882
0.3730778
0.3524894
0.3200947
0.5153834
0.5190058
0.52756536
0.4183589
0.4239293
0.34323418
0.41374573
0.41745675
0.44928485
0.33378816
0.5523006
0.36712828
0.50299054
0.3208126
0.50441694
0.5588909
0.5342978
0.50093466
0.3301797
0.5251778
0.3673576
0.5190047
0.33410922
0.36247918
0.32885695
0.41046712
0.5400704
0.32484275
0.3950962
0.4875619
0.54227287
0.51548153
0.3321719
0.5509762
0.53588706
0.49919224
0.32788262
0.34175217
0.51779693
0.40229797
0.35766372
0.44275537
0.45471734
0.49039796
0.41157466
0.3490949
0.520158
0.51063085
0.34202746
0.5020104
0.42229465
0.32660204
0.32570237
0.5475469
0.50910217
0.31591275
0.34425983
0.34536967
0.5671631
0.3786797
0.49440366
0.39896363
0.5156798
0.32068905
0.39181855
0.5311532
0.5688636
0.5147122
0.4955908
0.5038857
0.56574243
0.33720386
0.38781068
0.31062958
0.4953578