0.49481386
0.5490763
0.44119716
0.4752069
0.43393287
0.3792819
0.3951567
0.5324624
0.44878522
0.46983895
0.39877248
0.38011488
0.38203546
0.42979795
0.5258202
0.38403392
0.40787384
0.47281468
0.39052415
0.48168114
0.50135326
0.39445257
0.45349082
0.3896477
0.3849706
0.42022824
0.47544613
0.49864388
0.43884468
0.5152346
0.3750676
0.45659047
0.5031589
0.45106366
0.41229808
0.43910715
0.4814708
0.51444566
0.51573867
0.51762223
0.4111731
0.47989434
0.41021493
0.4432863
0.37668827
0.38711104
0.490554
0.5492156
0.38802296
0.4946595
0.4856362
0.3825996
0.5278461
0.5123021
0.4745107
0.3981627
0.48203874
0.41037732
0.3938359
0.39935187
0.47772008
0.51493734
0.47063416
0.44056812
0.48734787
0.51226676
0.4772638
0.3863578
0.4967031
0.48502162
0.5343699
0.4033627
0.504744
0.48351884
0.40723348
0.38520396
0.37947893
0.47507176
0.4414242
0.44626772
0.37686774
0.38243943
0.44793683
0.51123226
0.5203717
0.3927014
0.5045536
0.5556815
0.48676363
0.48035607
0.37830707
0.38514745
0.53873533
0.5384288
0.423677
0.402409
0.5020942
0.50987726
0.52511567
0.5182009
0.44643992
0.4445672
0.37626922
0.3782032
0.4484301
0.40274245
0.38695204
0.5346029
0.5116559
0.5076748
0.39213213
0.44031212
0.54307413
0.39253274
0.44229493
0.382454
0.39361826
0.41107264
0.53980744
0.50386405
0.4834936
0.49204162
0.42240182
0.5071049
0.4047131
0.49888194
0.41621456
0.40301996
0.3833035
0.49796277
0.5067547
0.48955613
0.41032484
0.48379642
0.41100875
0.38763976
0.50594914
0.5014495
0.4404388
0.38865966
0.54486346
0.38299948
0.50438803
0.3795319
0.5077642
0.3906207
0.3766683
0.42653814
0.43121898
0.3974006
0.5268654
0.5339153
0.44460553
0.38682717
0.3950322
0.4437643
0.5355024
0.38383338
0.3910379
0.4827078
0.5137714
0.52402717
0.49425766
0.49149618
0.53834784
0.385763
0.47845107
0.47507703
0.4115418
0.3887088
0.38854036
0.46563488
0.4135714
0.5175994
0.39376494
0.38677704
0.39967766
0.5527704
0.4114492
0.38959756
0.48712605
0.38398877
0.3964044
0.520409
0.49809346
0.51953405
0.44551003
0.45741585
0.39027795
0.50233
0.37856624
0.5376146
0.52466
0.50020564
0.41512588
0.3789409
0.4455573
0.5010026
0.3664696
0.37749535
0.4008341
0.49927306
0.5090594
0.505373
0.5153364
0.49929968
0.4218909
0.5226508
0.3936235
0.42211094
0.4437532
0.437959
0.5360698
0.40917796
0.4403023
0.4496588
0.40202203
0.4914834
0.38419428
0.39955658
0.3974827
0.5374359
0.39435518
0.4066257
0.37845406
0.5198205
0.5208463
0.3952221
0.4398532
0.38047817
0.5060931
0.45000964
0.4974174
0.42741102
0.47229493
0.44173893
0.51977813
0.54766375
0.38745436
0.3879191
0.39989308
0.39001268
0.51174414
0.5143849
0.48387724
0.3878853
0.45026255
0.37581936
0.43941808
0.5002853
0.53158987
0.38305682
0.51563084
0.4174166
0.38200027
0.40145692
0.49794212
0.5208986
0.5055041
0.5078741
0.52775586
0.3945168
0.52666414
0.48752803
0.4722737
0.40737796
0.390214
0.3894706
0.5060839
0.52553326
0.44764754
0.47932443
0.39279115
0.40890008
0.4859622
0.48326018
0.5010315
0.38949984
0.5308546
0.5176351
0.54512054
0.52401537
0.40530187
0.37942922
0.4786133
0.5249461
0.44459665
0.546847
0.3820722
0.42093447
0.49653563
0.49914145
0.4817803
0.39002493
0.51420337
0.39390466
0.5276653
0.52151614
0.40493846
0.515193
0.43192527
0.38317814
0.46618742
0.52023035
0.5393571
0.40630403
0.47873896
0.4010175
0.5087628
0.38748592
0.39730904
0.50977033
0.5329647
0.49672663
0.50153095
0.38313392
0.4013106
0.3892329
0.50518465
0.38447687
0.38158378
0.39666253
0.3786181
0.37360412
0.5257114
0.4858043
0.40716517
0.38403222
0.43975323
0.51487523
0.49794745
0.38282052
0.507585
0.53103685
0.5060194
0.4471179
0.51581705
0.5226993
0.39279616
0.3885428
0.3878504
0.3886364
0.52224314
0.4145438
0.51039803
0.49707606
0.5057272
0.523727
0.5225031
0.5223634
0.5052936
0.38493824
0.52166784
0.42867547
0.51733977
0.37962952
0.3875008
0.5024476
0.5313202
0.48213837
0.39508525
0.4700838
0.42839986
0.38590118
0.41568747
0.44488367
0.5079613
0.39692378
0.38359505
0.43813473
0.42999575
0.38681272
0.53216463
0.37743577
0.38156185
0.42849636
0.5105248
0.49085456
0.38686782
0.41199428
0.51376563
0.4716246
0.4960671
0.38259235
0.43570673
0.5054249
0.5342253
0.43092442
0.39090416
0.49093693
0.48257062
0.40548214
0.37863034
0.37740892
0.44069824
0.52140707
0.517221
0.3915974
0.37458792
0.41580582
0.38967222
0.502976
0.51613206
0.42450202
0.47974917
0.4302893
0.48103374
0.5151583
0.53076226
0.4425234
0.52597487
0.4398083
0.52965933
0.52644247
0.38131186
0.3824532
0.49766776
0.3827193
0.52676284
0.40090913
0.38740328
0.44436488
0.3893181
0.4023906
0.54409724
0.53379524
0.5331053
0.43116152
0.39153934
0.40211022
0.39742345
0.48139516
0.4298595
0.4815796
0.389636
0.3851112
0.5359874
0.46303925
0.5111788
0.4419387
0.37897953
0.4041058
0.38158107
0.49690723
0.5354209
0.4046513
0.5121384
0.49734992
0.43293852
0.52185684
0.5163402
0.44818112
0.48305893
0.38247192
0.52693707
0.39184088
0.5097011
0.5361843
0.38423526
0.37252262
0.52321774
0.5307891
0.38055992
0.5233293
0.39518332
0.53277874
0.5014967
0.50253063
0.37624466
0.39798692
0.44670913
0.39433718
0.4949634
0.4868371
0.3849624
0.5005693
0.5246219
0.386769
0.53072834
0.3872239
0.3991901
0.44013745
0.44349787
0.53678787
0.3880981
0.41975626
0.40299463
0.509954
0.49586454
0.42200816
0.45613325
0.49661288
0.51960677
0.55229056
0.4378875
0.44905582
0.5314142
0.40386248
0.40481612
0.47121856
0.43809316
0.51616144
0.38497618
0.37715286
0.49398342
0.47628167
0.38889194
0.42250422
0.3787165
0.48685357
0.4067262
0.53290486
0.3840057
0.51413685
0.44349188
0.4348886
0.49430844
0.3833707
0.3768467
0.3864421
0.5125124
0.5200488
0.40302402
0.5069541
0.5326513
0.48647705
0.44784462
0.37880638
0.52568704
0.3837654
0.5403721
0.42776287
0.41243386
0.4391866
0.37910455
0.38460284
0.3726603
0.45283988
0.38875428
0.47649592
0.44408098
0.48137304
0.45372748
0.52039784
0.4066603
0.41152984
0.38025403
0.37768143
0.37732846
0.5407175
0.3826378
0.3898783
0.43178636
0.5249207
0.543462
0.44072285
0.3845592
0.40047053
0.39301136
0.5121947
0.38561633
0.53871894
0.48220262
0.44227833
0.49536607
0.38826463
0.5032624
0.54399556
0.38326758
0.49386713
0.4905997
0.39141047
0.4990144
0.3875712
0.5365168
0.48749635
0.49368414
0.5056338
0.5095838
0.39495823
0.3754557
0.40323657
0.39138734
0.4097457
0.57126856
0.48363832
0.38161415
0.5144574
0.40223113
0.5405304
0.4027548
0.3854381
0.43704
0.5094409
0.48428172
0.3868021
0.41162524
0.37845352
0.5282566
0.3879553
0.4852811
0.5442703
0.52711356
0.38834321
0.51318586
0.37730795
0.43397287
0.4389984
0.39667556
0.48213533
0.39133495
0.46391666
0.39055875
0.5156191
0.5050101
0.3929149
0.3965573
0.3881517
0.5445446
0.4573606
0.48377666
0.43075883
0.40333918
0.5032239
0.464814
0.52067924
0.38588914
0.48765454
0.50121826
0.4537633
0.38818812
0.44681016
0.49639353
0.5358564
0.4095539
0.52258164
0.52534527
0.4195623
0.4000601
0.38664007
0.50537086
0.40304536
0.48294806
0.53787893
0.3873299
0.3805403
0.3908707
0.36269924
0.49017707
0.5051948
0.5041654
0.50407994
0.4571016
0.5069128
0.41902956
0.5225132
0.49081653
0.50874543
0.3926674
0.38126978
0.4411675
0.38722512
0.49857387
0.48795453
0.41651976
0.51991665
0.37832332
0.38609752
0.47100863
0.44077095
0.47558382
0.49375156
0.3993623
0.4898359
0.49280012
0.52587265
0.47717443
0.39152384
0.52089953
0.53397626
0.49949273
0.3745887
0.5057243
0.5360048
0.51096696
0.5148469
0.47299024
0.5126683
0.5085162
0.38162163
0.41421384
0.5182793
0.3796568
0.4331508
0.39573014
0.38239256
0.39540884
0.39082554
0.54177713
0.50050336
0.44659585
0.4627794
0.5182314
0.4029602
0.39007616
0.53001237
0.39246756
0.5265624
0.51987785
0.49017632
0.47623122
0.50961363
0.38270858
0.38943365
0.50267076
0.4393189
0.38897613
0.4966117
0.38034105
0.5131656
0.3990616
0.37977776
0.50463676
0.3845972
0.38449967
0.3882604
0.39769492
0.44691724
0.3877451
0.39600062
0.52742356
0.4912807
0.43441615
0.38807812
0.48519936
0.39598045
0.37915874
0.52629495
0.48410782
0.38533637
0.48467022
0.43741864
0.51143
0.38338327
0.62742
0.49756113
0.38548875
0.44202265
0.4217379
0.4404735
0.39020157
0.3801668
0.37605932
0.49807358
0.47801462
0.38682908
0.51800305
0.40141818
0.37844732
0.43306595
0.39227083
0.5014324
0.4691183
0.5037014
0.38217935
0.4205187
0.40604126
0.48921221
0.39400575
0.5289671
0.39197677
0.43695146
0.5017056
0.37995195
0.38445848
0.5218515
0.5278232
0.4446053
0.52302146
0.3996463
0.39122504
0.53932536
0.4784168
0.47628805
0.378125
0.5390938
0.51386297
0.4992659
0.5241711
0.39596692
0.54554206
0.47251308
0.5226693
0.3939587
0.3980123
0.39873344
0.4181202
0.38225847
0.5206748
0.37993062
0.5128735
0.42816234
0.5178468
0.52976096
0.3775209
0.37915668
0.3745155
0.49624273
0.49958965
0.51122636
0.5262938
0.47627783
0.4622278
0.51591116
0.38281327
0.44129446
0.47512305
0.50350463
0.39754802
0.5277381
0.46008125
0.5057334
0.5326284
0.3781017
0.40512258
0.52090627
0.50181276
0.39176536
0.5198518
0.44268405
0.45876816
0.38413805
0.38602975
0.54033595
0.46939355
0.5088059
0.52377176
0.5311598
0.3845044
0.37986615
0.4147552
0.50100625
0.5359566
0.4357339
0.5423564
0.45536113
0.51762307
0.51335114
0.5309582
0.38528788
0.41264567
0.5306222
0.38855013
0.40709475
0.397127
0.4984662
0.3824777
0.3865016
0.38522372
0.43850803
0.5248518
0.43768978
0.5242341
0.4094175
0.47461498
0.4008688
0.41727227
0.30446023
0.38659072
0.37436306
0.38098097
0.52454245
0.4404031
0.51334786
0.38327822
0.5475272
0.44410816
0.41644043
0.4063877
0.48344627
0.47082722
0.43029055
0.49875695
0.4090526
0.44237322
0.37554342
0.4932761
0.44127333
0.4879529
0.44982237
0.43124473
0.54870254
0.3807668
0.498631
0.5064656
0.52365535
0.50437754
0.389629
0.45171133
0.5355723
0.50361216
0.38796225
0.50285196
0.47905102
0.5289109
0.46035352
0.38810152
0.47305357
0.50717235
0.44611007
0.50338197
0.3902051
0.39492536
0.41135588
0.5063573
0.52756965
0.46683615
0.43668783
0.48724043
0.50463
0.3780308
0.51819736
0.54764396
0.48536623
0.48736635
0.51859
0.4417237
0.40045333
0.54021627
0.44293618
0.5115748
0.43362188
0.52340204
0.49312147
0.47783187
0.5502892
0.41401583
0.4576218
0.49269158
0.3787237
0.54012704
0.38246623
0.3833276
0.38857296
0.3881121
0.44400162
0.39828825
0.48095536
0.47544754
0.5301445
0.3928099
0.49286613
0.5138319
0.3981934
0.38013116
0.5132048
0.50777614
0.4421713
0.50955915
0.5373564
0.48432043
0.386356
0.5340503
0.4155119
0.5378261
0.3874337
0.38976914
0.44376174
0.5191254
0.38153392
0.5380593
0.44672665
0.505687
0.45386475
0.38360935
0.49853683
0.539908
0.40904588
0.54558986
0.5215033
0.38048404
0.5374231
0.40200737
0.3861728
0.44943756
0.4283235
0.48106867
0.51086557
0.49982363
0.47091925
0.5015069
0.44416952
0.48718962
0.3750593
0.52237767
0.42880794
0.42587137
0.38852882
0.38194248
0.52710396
0.44400984
0.4826648
0.3870349
0.51496154
0.4841023
0.38427448
0.5087743
0.386711
0.44163477
0.49696264
0.36160713
0.37300724
0.5015875
0.52079254
0.44510847
0.49066713
0.4827852
0.38121775
0.44417766
0.5267764
0.45114306
0.43874472
0.3700854
0.38627452
0.44712183
0.445679
0.42821667
0.5158115
0.555108
0.51507986
0.3919752
0.43320802
0.52399254
0.39900675
0.40598914
0.52478904
0.38914934
0.49264538
0.5397619
0.5368806
0.5055777
0.38559785
0.38192478
0.48940927
0.5269031
0.50087816
0.51068234
0.4938066
0.4451493
0.47588098
0.4185092
0.5174304
0.5463428
0.38947466
0.39219522
0.3868809
0.3781366
0.49427593
0.5007075
0.47756168
0.41125345
0.53321826
0.3794126
0.46798006
0.38250038
0.5125819
0.5353659
0.51283634
0.5281776
0.51508415
0.41195574
0.4464603
0.3849892
0.5035651
0.5344373
0.4601095
0.37988275
0.55814844
0.5286956
0.50226974
0.40547296
0.51690125
0.400702
0.48584637
0.5429365
0.5198253
0.3861439
0.44083664
0.50699604
0.39687052
0.39707696
0.3757671
0.5247875
0.39265856
0.48854882
0.5185624
0.47470206
0.4029544
0.39418674
0.49837044
0.5071237
0.38410777
0.50241655
0.46669576
0.37871075
0.36914414
0.40044984
0.3913467
0.4872043
0.43403533
0.39492795
0.5127728
0.53019536
0.386193
0.3669464
0.48858002
0.3758131
0.49373308
0.38997105
0.39929825
0.38659492
0.3793213
0.5389019
0.4071849
0.37645224
0.52411354
0.38903633
0.41148952
0.48603025
0.49397767
0.38846686
0.4106568
0.42138538
0.4355397
0.5001939
0.5077638
0.4916111
0.39689693
0.5033274
0.37805226
0.5312652
0.41667196
0.5170396
0.5308071
0.52841777
0.488378
0.38320476
0.39291552
0.44862792
0.5266839
0.45844808
0.5030655
0.46473655
0.4899504
0.44561672
0.49208522
0.48222795
0.43915784
0.53575766
0.5187662
0.5323901
0.47111005
0.5243395
0.38859996
0.37970552
0.5071932
0.40998313
0.39331928
0.3965175
0.3992134
0.50473106
0.50594616
0.54861075
0.49625853
0.37698174
0.5396664
0.39698628
0.40251565
0.40241995
0.5187546
0.39600617
0.38436967
0.4404859
0.5271617
0.36684448
0.44372186
0.38830483
0.3836428
0.3856939
0.39122465
0.3900602
0.525141
0.37767026
0.54899067
0.4051125
0.44894445
0.39953887
0.5301741
0.51342523
0.382752
0.40383166
0.5176372
0.49418607
0.37923306
0.37994954
0.38264692
0.43130472
0.51204723
0.5219389
0.4108862
0.49364558
0.49113792
0.5225588
0.38174295
0.52837634
0.37978494
0.40137166
0.49145707
0.49928078
0.38658747
0.44455186
0.51993394
0.38121435
0.4027849
0.38943842
0.39113784
0.51730555
0.5303989
0.39140683
0.43684942
0.51689667
0.39436793
0.50219977
0.50684106
0.3833909
0.3839205
0.51176625
0.37242678
0.39349055
0.5037596
0.44953987
0.5168017
0.3826871
0.37152147
0.38788456
0.39736992
0.43433967
0.48708326
0.44633475
0.38616636
0.44717512
0.51117486
0.4819262
0.5118869
0.45998466
0.40305027
0.38586777
0.5056816
0.3725188
0.43065923
0.3988421
0.43297276
0.5380628
0.4423642
0.31673542
0.52043676
0.45374054
0.407124
0.50348735
0.5201312
0.5299551
0.39582753
0.5263806
0.3850098
0.44746995
0.5096855
0.5305892
0.37829652
0.48558325
0.50283766
0.38188848
0.39519626
0.52537674
0.38095978
0.51267827
0.39473236
0.4913828
0.42839286
0.395488
0.49593768
0.4052288
0.38620403
0.471508
0.5253334
0.3862073
0.38622227
0.51058906
0.4925364
0.46841097
0.5264213
0.4661987
0.51570755
0.48310566
0.38920495
0.5251264
0.3832249
0.44776917
0.38578767
0.39133778
0.5408816
0.38509077
0.517974
0.48486188
0.38538808
0.38425547
0.39819798
0.3830347
0.5025431
0.38697127
0.5422143
0.37879714
0.44384235
0.4733142
0.51620644
0.50681597
0.5167799
0.40013456
0.52296096
0.41570073
0.39769658
0.40956855
0.40818828
0.38874102
0.47622752
0.44649115
0.44406664
0.381563
0.49507856
0.5028247
0.50954604
0.5049876
0.4986147
0.48710546
0.5235627
0.49611148
0.49599138
0.3919395
0.48675314
0.46674842
0.3787067
0.48394346
0.49925143
0.37684056
0.5265826
0.38508135
0.46717924
0.5113425
0.5392435
0.48770353
0.4825308
0.50706416
0.40028974
0.38608974
0.39090097
0.38916677
0.42649105
0.4097213
0.3753225
0.512293
0.50555664
0.5215864
0.4495956
0.43046477
0.39114252
0.44144368
0.43982592
0.46805942
0.38585156
0.5270876
0.4048053
0.49664828
0.39327517
0.507537
0.53225595
0.49870712
0.49526107
0.39597872
0.4801953
0.40454942
0.47828412
0.37532243
0.41068998
0.3779842
0.44272706
0.5410194
0.38358372
0.39864868
0.46984252
0.55143636
0.4963012
0.3817671
0.53033805
0.5061178
0.60016334
0.3765765
0.38212588
0.48415965
0.4210012
0.39514986
0.43617284
0.47249514
0.51250947
0.4439976
0.3906042
0.5026865
0.4858831
0.38930753
0.47612855
0.4374833
0.41627577
0.37350643
0.49616194
0.49647263
0.3816254
0.38205874
0.3896749
0.523836
0.40639323
0.5072298
0.43151417
0.5147518
0.38340107
0.41075894
0.55007464
0.5420772
0.50688666
0.4753377
0.49809143
0.48888075
0.392256
0.4133963
0.38019013
0.48654184