0.46029958
0.79836816
0.4032851
0.46867612
0.42864114
0.15797177
0.18935525
0.80748886
0.43216428
0.62086767
0.21998648
0.18175325
0.14338446
0.37077516
0.75024945
0.12916195
0.17805408
0.6544895
0.14655654
0.4362042
0.57267714
0.1465517
0.43505785
0.17284891
0.13113844
0.18047494
0.4228453
0.7081775
0.4277017
0.83732533
0.1618294
0.41371292
0.6034561
0.4167238
0.4055186
0.4143228
0.47511292
0.60499763
0.7643151
0.7923678
0.13989335
0.3679749
0.1799252
0.4227563
0.15133563
0.116187505
0.477028
0.6112119
0.13266204
0.74950767
0.6263773
0.17713903
0.7267487
0.70459527
0.43424195
0.15809464
0.536975
0.14852601
0.14881046
0.14790572
0.6084034
0.74463505
0.53318566
0.3893726
0.62381893
0.6452752
0.54102445
0.12533064
0.622369
0.54945475
0.79012114
0.14326036
0.65444726
0.54295427
0.1379488
0.167164
0.14544368
0.607396
0.41316178
0.4361201
0.1476194
0.1675275
0.44084617
0.7493411
0.75556207
0.18377362
0.57858765
0.6284633
0.60467964
0.61183107
0.17294466
0.15786225
0.79470336
0.7707147
0.14785016
0.22349612
0.7201067
0.6836853
0.75934315
0.7760782
0.39800906
0.41139826
0.15438746
0.13729647
0.430803
0.15030326
0.16880155
0.7153063
0.68506366
0.781302
0.15446417
0.41402975
0.7196482
0.1572126
0.4140462
0.15714629
0.16667409
0.1528694
0.71220505
0.59861344
0.6187187
0.72103775
0.16087463
0.826557
0.15129352
0.6926787
0.16985653
0.18320985
0.14278379
0.64285314
0.7013424
0.69971967
0.15765119
0.70778054
0.20881413
0.14939174
0.5033023
0.8479527
0.44248545
0.16748789
0.7324109
0.15083231
0.6192157
0.13897017
0.59029347
0.14383182
0.1569979
0.32886395
0.19087133
0.2093954
0.789817
0.6664238
0.41837755
0.17470928
0.1389421
0.4316555
0.8224877
0.149189
0.13203332
0.74839014
0.78360736
0.72783196
0.47126493
0.6720772
0.71098816
0.14449497
0.5436118
0.49128133
0.15013796
0.1331291
0.15038455
0.3777807
0.16878468
0.5212987
0.15183935
0.15810034
0.16068693
0.8033616
0.14877284
0.13374335
0.5321574
0.14974944
0.19557941
0.8238621
0.7300444
0.74536264
0.42536294
0.43940008
0.15136836
0.77694756
0.16494192
0.80385226
0.81934625
0.80589956
0.17391156
0.15925378
0.44157234
0.6865428
0.30353957
0.15783882
0.14963064
0.63958937
0.7972842
0.7304374
0.7006893
0.8521255
0.16348891
0.810822
0.14101623
0.1740857
0.43118206
0.42899582
0.77359957
0.18260692
0.4472476
0.41785476
0.16654354
0.5205022
0.13091636
0.17119454
0.3325084
0.8031325
0.141873
0.18501991
0.16076799
0.7686386
0.75188655
0.14094578
0.42043313
0.14185934
0.7222611
0.43212396
0.59338814
0.39814186
0.44998
0.37105006
0.697783
0.7740597
0.13372141
0.16253069
0.1341554
0.18339737
0.7881739
0.7203169
0.6129554
0.12501337
0.44504705
0.2560252
0.43833637
0.5765745
0.86062765
0.15640542
0.60185075
0.17799088
0.13019119
0.15536796
0.74650294
0.62385356
0.7285174
0.78867704
0.7951368
0.17364183
0.76952094
0.7171435
0.6142352
0.14240803
0.16074459
0.1250318
0.51078105
0.7901818
0.44855782
0.43191427
0.15784083
0.1749604
0.7532775
0.34887314
0.48539332
0.15312576
0.60754997
0.7426544
0.8518838
0.8451562
0.13039504
0.1629828
0.76772285
0.74247724
0.43441862
0.8295808
0.15148038
0.4030758
0.50652677
0.785534
0.44459826
0.13085648
0.6881336
0.13294576
0.6470686
0.7572999
0.23573756
0.755393
0.44223168
0.13912505
0.6739508
0.68534964
0.8027928
0.1539501
0.51895195
0.13941082
0.7526474
0.13181484
0.15807456
0.633289
0.7374315
0.7456761
0.681521
0.15147214
0.1750218
0.14422753
0.71637404
0.14650613
0.13576406
0.14783661
0.1528811
0.1464564
0.6972163
0.51810896
0.15547061
0.13755517
0.4091946
0.6615988
0.5620536
0.16723938
0.691221
0.74371773
0.446634
0.41628486
0.81839454
0.8305962
0.14991507
0.1663743
0.16735822
0.12762782
0.74151146
0.33646074
0.76304054
0.7137005
0.50930333
0.7788818
0.8273226
0.79325485
0.7448388
0.1629931
0.8021316
0.33490553
0.7343543
0.15038477
0.13103408
0.45033982
0.7701109
0.5839621
0.1425147
0.80098754
0.21370786
0.12923399
0.15770388
0.44711047
0.6266385
0.14470498
0.14843486
0.43320933
0.39847317
0.12694182
0.6894438
0.13327178
0.13765495
0.14335983
0.7852069
0.643531
0.12468151
0.15327726
0.6712049
0.7607939
0.7018792
0.19018318
0.29318652
0.7348329
0.73735595
0.36176035
0.13289298
0.72462237
0.59072244
0.16570888
0.15175314
0.28391752
0.4395115
0.76909393
0.6577077
0.14953412
0.16569313
0.18437326
0.16276515
0.6886701
0.80214286
0.32532406
0.47966716
0.38721097
0.81367147
0.70886004
0.7840963
0.42610344
0.6844463
0.4430869
0.68076515
0.80308473
0.15513428
0.1635362
0.7227691
0.14433283
0.67578954
0.18062656
0.17020442
0.4300214
0.12560503
0.15397997
0.6678055
0.79566246
0.72454625
0.339411
0.14206934
0.17703424
0.13978124
0.72473603
0.40217412
0.6022163
0.15436758
0.15886499
0.7199618
0.40490448
0.6665625
0.43143827
0.15883645
0.13602102
0.17093952
0.71307594
0.7595188
0.18080309
0.64326423
0.68823594
0.41804224
0.7774683
0.6631657
0.3757885
0.6621231
0.15991966
0.56622326
0.17108998
0.6386259
0.61775774
0.13373122
0.1534275
0.6046691
0.7909968
0.15998083
0.6280284
0.1409643
0.7957923
0.6111773
0.5426439
0.15883042
0.16337165
0.41447237
0.19343743
0.73807335
0.6375784
0.13455261
0.6968263
0.62084
0.16385928
0.7485388
0.15078916
0.16146019
0.42892465
0.43280977
0.7834435
0.12899156
0.15806493
0.11985115
0.80890024
0.7531338
0.45425907
0.41236365
0.57644725
0.7666031
0.7048661
0.37330532
0.42509654
0.76896
0.1584306
0.14875264
0.4314082
0.4335426
0.7324344
0.15054874
0.17238529
0.6516487
0.71397644
0.13857685
0.37353745
0.15038629
0.6468542
0.13956852
0.6151391
0.1451439
0.7804731
0.43316403
0.42211416
0.51839966
0.36096168
0.16249424
0.14356631
0.49185514
0.6221414
0.17476046
0.6548731
0.7971084
0.66419524
0.424135
0.15542835
0.6432237
0.14207579
0.703518
0.41898325
0.17839573
0.35137197
0.15218176
0.14841418
0.2683798
0.4011448
0.14738983
0.48612094
0.40323448
0.6931312
0.43678373
0.78260505
0.41047272
0.17211014
0.16018029
0.17316909
0.14864942
0.65478206
0.18859302
0.128871
0.4595306
0.7471082
0.78918433
0.442503
0.13689996
0.35136968
0.2056359
0.68791455
0.1483915
0.75763196
0.35621735
0.436319
0.7890952
0.14652322
0.6227223
0.7428438
0.13684775
0.7124715
0.72676307
0.1930367
0.46421406
0.13647608
0.778904
0.7341407
0.78923607
0.7206331
0.7607631
0.13823242
0.16254899
0.15139194
0.13830182
0.20316382
0.68012387
0.63136125
0.15851621
0.59697574
0.15841316
0.6987261
0.11675993
0.1407073
0.15147336
0.46573037
0.41861668
0.20726094
0.1460313
0.13950928
0.66528934
0.13920537
0.79155034
0.6936563
0.5661388
0.12862882
0.6295432
0.16746488
0.4549721
0.39554447
0.16731635
0.6257617
0.12452709
0.63485795
0.12490908
0.7651426
0.49298698
0.12966688
0.14644627
0.12538491
0.7355985
0.72434026
0.7429944
0.350919
0.2137381
0.67898744
0.44222525
0.7252156
0.1621712
0.664894
0.5947311
0.43679512
0.14617802
0.43091387
0.5913657
0.78499633
0.34067756
0.7829405
0.65066886
0.16395617
0.1773129
0.15620899
0.6219199
0.14321107
0.57391405
0.71367383
0.13467383
0.15036118
0.16324155
0.21673998
0.44702318
0.74567854
0.6998731
0.63722926
0.4273501
0.5836723
0.16828541
0.7960184
0.587464
0.7508832
0.13487855
0.15964715
0.43500704
0.13862452
0.8335926
0.625003
0.13658106
0.6192422
0.15633243
0.14455064
0.78939956
0.37621602
0.44126064
0.7490594
0.17244768
0.68792975
0.7450579
0.6947638
0.59709656
0.14081122
0.7661413
0.5951914
0.5260591
0.16629933
0.53699183
0.73436046
0.67528677
0.70440465
0.58452684
0.8175653
0.6906711
0.19220936
0.16556409
0.6398352
0.15742621
0.17984699
0.15846768
0.14686118
0.18230233
0.13504665
0.71293247
0.6389134
0.42201653
0.47469366
0.7794937
0.19229679
0.13503405
0.7567706
0.16390632
0.7443954
0.82284933
0.47348207
0.38159552
0.72446746
0.13903901
0.14386936
0.8127895
0.4459108
0.15648708
0.6695645
0.15266252
0.48630264
0.16136011
0.16311435
0.6926804
0.16148335
0.13623722
0.14528
0.17085643
0.45843107
0.14041266
0.16612615
0.5980478
0.6921223
0.4057468
0.16009791
0.7095588
0.14537022
0.16282399
0.74504197
0.59423655
0.13850285
0.4746652
0.40211987
0.71819305
0.16818158
0.7914988
0.4652372
0.14437774
0.42592812
0.19961506
0.46700183
0.13156582
0.16038674
0.1610659
0.6681068
0.4224791
0.13986407
0.6767993
0.14051676
0.15500657
0.46557912
0.15189245
0.74115044
0.5595452
0.68190163
0.14869352
0.18375544
0.17836483
0.674976
0.14763136
0.77115023
0.16291425
0.27734476
0.5214665
0.16817176
0.13793598
0.7140956
0.7062156
0.36796936
0.762725
0.22277719
0.16556743
0.7627235
0.6507
0.6923401
0.15729858
0.7851852
0.74539816
0.44518876
0.8145928
0.14204587
0.8035756
0.70813715
0.74064153
0.15513444
0.18009417
0.123047836
0.33564797
0.14074399
0.81988823
0.16265512
0.78380704
0.4496165
0.66951525
0.81378776
0.16143236
0.16597784
0.17060344
0.60956985
0.7322176
0.6174251
0.7942731
0.6311425
0.5570421
0.5875219
0.15542842
0.4248145
0.6586329
0.6874541
0.19578113
0.73825675
0.57102
0.723279
0.695386
0.16187835
0.14857444
0.70235693
0.8032684
0.19748265
0.5086115
0.39213902
0.6531657
0.15648931
0.15176617
0.7615909
0.67992955
0.5724278
0.6884019
0.7536998
0.1488906
0.15599383
0.4826468
0.7929744
0.7671496
0.39903188
0.7763059
0.4911354
0.7352839
0.8178751
0.7460853
0.14557216
0.28518522
0.74059784
0.13951507
0.14724101
0.18867233
0.7111118
0.15788563
0.1420812
0.14248303
0.43768862
0.75762767
0.3919691
0.6627668
0.13428713
0.46832147
0.16002938
0.30956435
0.4693992
0.30027446
0.14817064
0.1466625
0.5656795
0.44804752
0.72032386
0.13175638
0.8030639
0.4191944
0.17123719
0.17221537
0.58955973
0.48915094
0.42498335
0.5664532
0.15788938
0.42944342
0.15885445
0.55111843
0.4110964
0.51681435
0.4017102
0.39599317
0.7591819
0.13657945
0.69734496
0.754395
0.6414507
0.5708266
0.16076049
0.60390455
0.77361786
0.61079353
0.15630418
0.6993918
0.50866854
0.74077326
0.3395365
0.15718904
0.45001715
0.7517077
0.42751354
0.7326838
0.13823754
0.15616184
0.20158102
0.5428232
0.72583944
0.49860248
0.42618677
0.6531601
0.73291135
0.12223145
0.78626966
0.77226627
0.6034669
0.6448918
0.51858914
0.44142064
0.17158408
0.7393022
0.4457226
0.71251565
0.45708248
0.72564065
0.4385717
0.57458913
0.7989909
0.20374392
0.54544973
0.7908236
0.16163431
0.71191263
0.1460144
0.13676096
0.14544262
0.16379097
0.43146074
0.21013328
0.5985888
0.41957077
0.8131777
0.16975789
0.7146532
0.6245882
0.16989256
0.15614717
0.6358998
0.7355943
0.36740184
0.7329565
0.69069374
0.75172776
0.12762216
0.85102373
0.2092346
0.65488094
0.13110548
0.12782001
0.42608118
0.7614355
0.13834874
0.771316
0.42661017
0.7122436
0.4384214
0.13275766
0.69581
0.7356327
0.15579367
0.80317247
0.6568132
0.14315175
0.6888265
0.18350616
0.13664874
0.38003412
0.33939096
0.64323366
0.5256548
0.44972405
0.49193525
0.62070876
0.44862574
0.5149242
0.17880575
0.6265179
0.41300008
0.4188382
0.14260958
0.14030312
0.7087129
0.43477905
0.34517565
0.15356913
0.7575953
0.45029458
0.13887276
0.786637
0.13468678
0.41841882
0.6458431
0.1863293
0.16426969
0.7410002
0.75160515
0.40786958
0.5841007
0.51717174
0.15913852
0.40426454
0.79479516
0.35833812
0.4535665
0.18268333
0.13348621
0.41180044
0.43747246
0.4525563
0.7055787
0.7565605
0.6210627
0.16306882
0.43778443
0.7082787
0.1552622
0.12313109
0.6133801
0.12924127
0.71433556
0.8237641
0.8181502
0.7662423
0.14205487
0.13293849
0.61249185
0.83082277
0.79247767
0.6759812
0.44054937
0.4256254
0.5662918
0.15249516
0.77495396
0.80734146
0.15229918
0.12878062
0.16343774
0.15423886
0.5761666
0.60490984
0.6189792
0.2066053
0.78487843
0.18661994
0.6053989
0.14151664
0.73719734
0.72523063
0.69404215
0.73903614
0.742254
0.17341956
0.4299868
0.1336597
0.65922457
0.7393103
0.5295048
0.14536007
0.77750957
0.791676
0.539147
0.14439058
0.73291105
0.17510985
0.67144275
0.6757671
0.73849285
0.12610711
0.4247266
0.7973656
0.18697312
0.19725776
0.17101894
0.772243
0.148141
0.5973856
0.7055776
0.66926193
0.13747476
0.22274761
0.718381
0.84115857
0.16975787
0.8070454
0.44262016
0.1350943
0.14349674
0.23141518
0.15928504
0.6756214
0.43886548
0.16014138
0.67429906
0.70955217
0.1686699
0.20506647
0.68612826
0.14075865
0.7010046
0.13758132
0.1447851
0.13701352
0.13623005
0.6741782
0.17121121
0.15970588
0.70165974
0.18288998
0.18283392
0.5200932
0.5139575
0.13543107
0.18640345
0.41800457
0.42674533
0.7070847
0.5720715
0.7971573
0.17796263
0.6629485
0.15914588
0.6899683
0.19032404
0.7736641
0.7029451
0.796367
0.67298484
0.14366584
0.15430064
0.40442628
0.5597021
0.44903117
0.6988268
0.5037448
0.5753518
0.43800437
0.5709833
0.38873124
0.43523297
0.7207774
0.65329474
0.7710815
0.49848717
0.7845231
0.13158643
0.15915531
0.68200386
0.16806896
0.15950094
0.1544153
0.14701746
0.6661321
0.66459
0.75462747
0.78178227
0.13372402
0.825618
0.16005793
0.12749258
0.14747332
0.67931336
0.17847341
0.13363995
0.39332992
0.68324834
0.22232579
0.43289715
0.13455307
0.1563555
0.1349781
0.15136664
0.1355749
0.7249893
0.13490549
0.7725015
0.22935046
0.45371723
0.12271005
0.7721341
0.58075
0.15097561
0.1767855
0.73905474
0.71127653
0.14767706
0.15409951
0.1571412
0.43577108
0.5774119
0.72591597
0.17958014
0.7339389
0.64724827
0.7544311
0.13062455
0.7631176
0.15874527
0.15839429
0.39899287
0.69712496
0.15499394
0.44983172
0.6774108
0.14249301
0.19715518
0.1300614
0.13621292
0.72741205
0.7000954
0.12931366
0.38295326
0.8416491
0.12733634
0.33528662
0.69587696
0.12865424
0.24751696
0.8340786
0.18064691
0.13738939
0.69224966
0.40876618
0.7613909
0.13945492
0.17676839
0.18232393
0.37815955
0.1610165
0.7545481
0.4612853
0.1450308
0.4307945
0.7713679
0.5223155
0.6325178
0.52654886
0.17575991
0.14527196
0.6276788
0.13305835
0.41359887
0.16464475
0.45252
0.7252584
0.44174817
0.4099055
0.78229064
0.44096223
0.15123197
0.54365987
0.65034616
0.599127
0.17846006
0.731502
0.14193398
0.43074673
0.5999845
0.77676475
0.18060577
0.53316015
0.6753565
0.17481788
0.1820739
0.8021477
0.13459042
0.7510742
0.16032776
0.6371487
0.43712386
0.16716397
0.6912884
0.1826104
0.13724324
0.39094448
0.847479
0.14151078
0.15030727
0.8000553
0.47638142
0.66647863
0.7288431
0.48611385
0.67965853
0.5339018
0.13002251
0.77825713
0.1430022
0.3725124
0.14395107
0.15574208
0.75618446
0.15561475
0.7350168
0.40506563
0.13483402
0.13308474
0.14609607
0.14087857
0.7253409
0.26762483
0.72669935
0.13532896
0.43908495
0.59928936
0.680476
0.77730256
0.7157607
0.17358662
0.6622566
0.1795413
0.14453326
0.17008841
0.12710987
0.15023088
0.71963805
0.42279205
0.4109336
0.16663896
0.55299383
0.7382234
0.75132
0.7669054
0.7644997
0.679437
0.5989494
0.5939372
0.7033466
0.14614868
0.63438696
0.64577276
0.17593592
0.6099857
0.7750836
0.15930918
0.73544896
0.14917414
0.53354126
0.7388663
0.79074454
0.53642476
0.5281694
0.70881325
0.21192138
0.1389419
0.15555038
0.14843513
0.3012458
0.19127731
0.17679177
0.79569644
0.65982455
0.73677814
0.39023024
0.39505062
0.19480711
0.4297996
0.39334995
0.40629473
0.15408786
0.709783
0.20591713
0.6921623
0.1917109
0.56791925
0.73284394
0.7606637
0.5546847
0.1867183
0.5968468
0.1356743
0.7227189
0.16663577
0.18446821
0.15808897
0.44623294
0.8103187
0.1730107
0.164044
0.56488883
0.7460705
0.4962234
0.15311235
0.7123826
0.5969596
0.7784428
0.15837778
0.20132227
0.63955
0.19316415
0.14385492
0.39979616
0.4321911
0.48824424
0.44062135
0.14549315
0.75252515
0.40724066
0.13372286
0.43382227
0.40946576
0.15663168
0.16771343
0.79891086
0.6332983
0.18389015
0.13174771
0.14059895
0.60806155
0.18942204
0.59671277
0.3516465
0.46371895
0.2000883
0.15225373
0.706431
0.7575344
0.7907847
0.6524368
0.44600675
0.7901049
0.13675764
0.15261407
0.1553562
0.77161366