0.47954327
0.47894442
0.444415
0.47876555
0.454847
0.45304728
0.4617988
0.4785537
0.4589927
0.47939533
0.4453055
0.45348513
0.4458817
0.4751722
0.47857478
0.43398252
0.44632953
0.47863534
0.44219708
0.4792444
0.47875702
0.4466063
0.453791
0.45114547
0.44196346
0.44931623
0.479234
0.4788404
0.4644013
0.47866604
0.44995078
0.4720904
0.47911927
0.4703451
0.45955402
0.46179482
0.47907275
0.4791296
0.47834337
0.47933105
0.44685182
0.479396
0.45537832
0.44938737
0.44541854
0.45863348
0.47869855
0.4794338
0.4414557
0.47920072
0.47889826
0.4621798
0.47937495
0.47907642
0.47925043
0.45500764
0.47979394
0.4530852
0.44291908
0.44087064
0.47887596
0.4790258
0.47894377
0.44641834
0.47872394
0.4790738
0.4788212
0.46361423
0.478799
0.47976574
0.47937188
0.45262384
0.47856605
0.47909436
0.4612829
0.4477273
0.44417107
0.47955692
0.4495394
0.46715328
0.44773164
0.45369866
0.4594093
0.47881052
0.47974685
0.46651897
0.4789815
0.47960693
0.47918966
0.47911173
0.45380652
0.44990987
0.4793909
0.47862896
0.47273272
0.4475407
0.4796571
0.4794955
0.4781115
0.47948426
0.4530259
0.4464421
0.4508089
0.44664636
0.45837554
0.45801917
0.44801328
0.47948548
0.4793324
0.4794828
0.4458217
0.44569322
0.47905022
0.44253576
0.47130665
0.43959135
0.4459203
0.477908
0.47944537
0.47888765
0.4782199
0.4783963
0.45448717
0.4785313
0.4456401
0.47965196
0.45064175
0.4464864
0.44281226
0.47894967
0.4790558
0.4794698
0.4523221
0.4794118
0.45958206
0.44474643
0.4792684
0.47898975
0.4581697
0.45496568
0.47920948
0.4502352
0.4784575
0.44380647
0.479451
0.43217155
0.4465016
0.46434346
0.47976574
0.44943532
0.4786448
0.47891936
0.44939998
0.44961128
0.4424393
0.46277645
0.47845086
0.44499043
0.44000968
0.47849977
0.47891167
0.47821242
0.47910514
0.47923085
0.4790103
0.44474992
0.4786733
0.47906443
0.4553549
0.43311572
0.4468907
0.45530596
0.4444183
0.4793107
0.45224482
0.46410728
0.45157066
0.4797687
0.47462308
0.44125643
0.4791923
0.44147325
0.45238298
0.47852236
0.4788758
0.47850892
0.45841175
0.45390376
0.4389249
0.47843263
0.4526549
0.4787074
0.4790628
0.47927493
0.4441059
0.46873054
0.45586386
0.47867277
0.47581658
0.4494894
0.45881128
0.47878596
0.47982705
0.47852618
0.4788355
0.47866806
0.44825548
0.4786825
0.44350138
0.4649669
0.46298966
0.46818686
0.47841194
0.47984016
0.4546266
0.45513245
0.446775
0.47903922
0.44799381
0.45386127
0.4714198
0.47881216
0.45937017
0.46082887
0.44532365
0.47886175
0.47952664
0.44194865
0.4525197
0.4453648
0.47926587
0.4576934
0.47958735
0.44765165
0.4791425
0.477836
0.4796506
0.47848186
0.4397549
0.44922468
0.45329556
0.45372084
0.47966266
0.479403
0.47914824
0.43867984
0.4581018
0.44738913
0.46037626
0.47914022
0.4781288
0.45047808
0.47884256
0.4457494
0.44848764
0.44593287
0.47891176
0.4794382
0.4795186
0.4787504
0.4784455
0.45827058
0.47893533
0.4790988
0.47934777
0.45537308
0.44592002
0.4358627
0.47918883
0.47860733
0.47373715
0.47909585
0.44002226
0.46265563
0.47913182
0.47906122
0.4794081
0.45301428
0.4792418
0.47918144
0.47837445
0.4789346
0.4571298
0.45048368
0.4793396
0.4791828
0.46602887
0.47852537
0.4516565
0.4466744
0.47888327
0.47951984
0.47877833
0.44176766
0.47943792
0.43815303
0.47896028
0.47943068
0.44171822
0.4781749
0.45110366
0.442513
0.4791516
0.47872204
0.47966856
0.4645679
0.4793172
0.45425603
0.4783845
0.43313462
0.44533822
0.4785053
0.47807994
0.479001
0.47834826
0.441518
0.44777337
0.4413195
0.47874242
0.4469551
0.4495335
0.43926498
0.44336867
0.4566834
0.4785726
0.47905952
0.45764694
0.46433893
0.45134735
0.47887683
0.47945255
0.442884
0.47847754
0.47928703
0.4792639
0.45616758
0.47872683
0.47896978
0.44389036
0.44725516
0.4482089
0.43703014
0.47950718
0.466031
0.4794237
0.47882926
0.4794823
0.4784822
0.47898337
0.47904518
0.47910678
0.4417824
0.47934914
0.47037408
0.47953898
0.4477502
0.43684855
0.4786146
0.47890013
0.4786108
0.46926987
0.47888142
0.4754538
0.43566936
0.45025292
0.45266068
0.4789572
0.460224
0.44532967
0.45437
0.4445543
0.4385097
0.47888985
0.4598822
0.44106057
0.46954608
0.47885507
0.47911605
0.4373201
0.44834617
0.47846702
0.47912118
0.4790116
0.47258502
0.46353614
0.4790954
0.4797112
0.45514286
0.43087912
0.479454
0.47932848
0.46430308
0.44289172
0.4770777
0.45499042
0.47904852
0.4788803
0.45228058
0.45188126
0.461524
0.44563088
0.4788959
0.47913656
0.4617367
0.4791037
0.4775194
0.4787761
0.47855556
0.47889
0.46653643
0.47895274
0.45703885
0.47822887
0.47938323
0.4439598
0.4467299
0.4788554
0.44388875
0.47910127
0.44237208
0.449603
0.45430812
0.43615067
0.44426537
0.47834036
0.4779571
0.47888783
0.47141716
0.45318487
0.45750755
0.4455722
0.47732398
0.45412797
0.4790385
0.44718736
0.44717178
0.47899583
0.47938836
0.4788507
0.4636128
0.44621196
0.45565918
0.45159265
0.47885737
0.47884315
0.47937816
0.47929704
0.4787004
0.45072553
0.4794075
0.4794297
0.45191944
0.47886935
0.46053195
0.4792165
0.44749972
0.47855893
0.47937834
0.44735932
0.4422979
0.47862753
0.4787186
0.4520697
0.47925198
0.45102152
0.47872433
0.47935045
0.47990847
0.45222726
0.47730637
0.45265296
0.45595962
0.4780739
0.47955674
0.44220838
0.47938964
0.4793927
0.4552254
0.47965953
0.45256484
0.45096406
0.4576923
0.45926583
0.47859618
0.43529183
0.46222177
0.45779425
0.4786094
0.47929788
0.44750413
0.47911862
0.47832012
0.47860262
0.47914663
0.4509278
0.46803212
0.47949475
0.45254996
0.45519966
0.47953898
0.46556386
0.47916803
0.46215618
0.45357227
0.4787627
0.47945955
0.44143566
0.47556618
0.44824618
0.47910637
0.44832656
0.47900376
0.4638309
0.47827965
0.45612323
0.46225193
0.47957516
0.47542867
0.44801292
0.4424159
0.4794549
0.47937983
0.4796028
0.47926852
0.47817615
0.47911888
0.45257574
0.4496853
0.47904003
0.45207724
0.4789583
0.4554992
0.4616769
0.4571955
0.44961518
0.44147772
0.46967185
0.45208368
0.43895668
0.47916567
0.45410258
0.47916526
0.4689323
0.47838756
0.46674573
0.44838172
0.45212126
0.44218776
0.4382925
0.47943518
0.45474795
0.43053624
0.4493531
0.478826
0.47874358
0.45942944
0.4401831
0.43336955
0.445955
0.47859052
0.45085636
0.47895673
0.4792132
0.46092367
0.47868675
0.45225704
0.4791798
0.47924936
0.44391578
0.4789817
0.47878188
0.4450495
0.47915527
0.4395094
0.4791936
0.4788742
0.4789636
0.47887787
0.47919855
0.43773308
0.4531417
0.45390517
0.43830618
0.45467332
0.47961268
0.47942793
0.45066756
0.47923687
0.4435437
0.47865495
0.4546266
0.44798756
0.4533771
0.4793907
0.4795902
0.4612211
0.47589484
0.43943065
0.47936228
0.4379959
0.47848475
0.47852248
0.47938222
0.4435671
0.47924322
0.45625055
0.45613375
0.4493555
0.44644478
0.47958755
0.43675175
0.47752178
0.4339917
0.47883517
0.4793028
0.45037156
0.44493327
0.4376506
0.4793683
0.47928846
0.47880325
0.4732399
0.45035967
0.47897702
0.47930828
0.4791722
0.4434584
0.4785703
0.47902668
0.45752254
0.45449153
0.4557785
0.47838128
0.47972262
0.47163522
0.4788461
0.4792822
0.45383215
0.45902437
0.4476348
0.4794469
0.463799
0.47928298
0.4786615
0.44611314
0.44374967
0.45648384
0.47272876
0.4784468
0.47904834
0.47874662
0.47930768
0.45705798
0.47892
0.4658844
0.47841215
0.47934666
0.47792682
0.44521952
0.45790336
0.46704727
0.43630135
0.47910738
0.47921202
0.47854802
0.47889963
0.43748537
0.43826443
0.4786892
0.4746769
0.47983155
0.4796173
0.44811672
0.47957924
0.4786215
0.47943473
0.4792649
0.44712257
0.47917038
0.47883606
0.47909048
0.44244403
0.47895417
0.4787588
0.47948065
0.47938278
0.479168
0.47862545
0.4793637
0.4619713
0.4517471
0.47861645
0.44194558
0.4654542
0.46457618
0.44410563
0.4597992
0.43695983
0.4790969
0.47907045
0.44441703
0.47900304
0.47868946
0.45335406
0.4303255
0.47944748
0.44925818
0.4784879
0.4788741
0.47894463
0.479529
0.47931573
0.4443523
0.45051727
0.47858843
0.46158746
0.46560046
0.47882742
0.4489286
0.47937605
0.44473305
0.45689416
0.47896034
0.4431765
0.4508774
0.44157407
0.44724292
0.45944312
0.45158127
0.46001637
0.47908413
0.4793656
0.4679693
0.4343574
0.47928473
0.45022005
0.44904795
0.47888657
0.47863814
0.44862157
0.47915736
0.4530308
0.47832978
0.4542456
0.47966522
0.47917914
0.44004992
0.45203686
0.4627206
0.456326
0.43053302
0.44890353
0.44679013
0.47958514
0.47982013
0.44532984
0.47930938
0.4380024
0.44212416
0.46035364
0.4582564
0.47880477
0.47913817
0.47937703
0.44919476
0.46392882
0.4461494
0.4786485
0.4508581
0.4793826
0.440278
0.46411246
0.4787346
0.45418403
0.4483236
0.47942057
0.4786457
0.47702485
0.47958493
0.45099065
0.43866983
0.47862348
0.4789855
0.47891992
0.44909954
0.4790461
0.47891936
0.47941422
0.47875986
0.45432916
0.47854203
0.47959897
0.47863102
0.44278294
0.4792739
0.43542966
0.4616261
0.44666818
0.47815174
0.4502798
0.47914785
0.45543894
0.4792982
0.47894162
0.44752645
0.45873645
0.45671597
0.47916403
0.47819185
0.4792891
0.47854966
0.47862273
0.47862104
0.47871926
0.44925162
0.447361
0.47953755
0.47884852
0.45057237
0.4795643
0.47922164
0.47969183
0.4793866
0.45106706
0.4390671
0.47964278
0.47870952
0.44475812
0.47930908
0.44836482
0.47869024
0.44118106
0.45321813
0.4793088
0.4789312
0.4792576
0.4788226
0.47900623
0.43731803
0.45110676
0.45892844
0.47865877
0.47883412
0.46685115
0.4789779
0.4787068
0.47943494
0.4786289
0.47860944
0.44534612
0.47641322
0.47862393
0.44707906
0.45119086
0.4590527
0.48003232
0.45109376
0.44726112
0.43934384
0.4618862
0.47855654
0.44710284
0.479588
0.45146385
0.47955766
0.45045587
0.47075224
0.47862536
0.478996
0.44290078
0.4465234
0.47920078
0.45892814
0.47894594
0.43930283
0.47924682
0.45078453
0.44925645
0.44958854
0.47923988
0.47930574
0.45164457
0.47983363
0.46942523
0.45769602
0.44214126
0.4790929
0.44681844
0.47927332
0.45566705
0.47026607
0.4787657
0.43966106
0.47854203
0.47878996
0.47932678
0.47884628
0.44828784
0.47838193
0.47912255
0.4793016
0.4458012
0.4789303
0.47942328
0.47979566
0.47920817
0.44382954
0.47957408
0.4791082
0.45535874
0.47867638
0.44459322
0.4640371
0.45004895
0.47916678
0.4788793
0.47885343
0.46306455
0.47936592
0.47852314
0.4469864
0.47833294
0.47889158
0.4794024
0.47935703
0.47935712
0.4584943
0.45162138
0.47940964
0.45923597
0.4786932
0.4541607
0.47953793
0.478395
0.479343
0.47825608
0.45937288
0.47867462
0.47888032
0.4493089
0.47939748
0.4479272
0.44190893
0.44656557
0.44359845
0.44966227
0.44313866
0.47967508
0.47946236
0.47918004
0.45383722
0.47921556
0.47909638
0.44884655
0.4504278
0.4792514
0.47944218
0.43949944
0.4795972
0.47959262
0.4793818
0.43771905
0.47867265
0.4792053
0.47874478
0.45717296
0.44096723
0.45301616
0.4786354
0.4410136
0.47857586
0.4619617
0.47919568
0.46546513
0.44222763
0.47895634
0.4785669
0.45478424
0.4783989
0.4793737
0.44438818
0.47908106
0.4419849
0.44023517
0.44713816
0.47627205
0.4794936
0.47940534
0.4798732
0.47918496
0.479471
0.46084374
0.478422
0.454749
0.47943714
0.44207117
0.46740097
0.44378036
0.44342557
0.4800722
0.45669836
0.47918305
0.4462127
0.4785857
0.47929996
0.44717705
0.479288
0.44216922
0.4559144
0.4790421
0.46164435
0.4542208
0.4791971
0.47869974
0.45171243
0.47911194
0.47890428
0.44303715
0.45086682
0.47889388
0.4488668
0.46210048
0.47649828
0.44023705
0.46530655
0.4536469
0.4655445
0.478691
0.47891134
0.4794936
0.44896618
0.4540574
0.47876227
0.47148615
0.43769112
0.47872767
0.4485368
0.47930235
0.47895077
0.47922465
0.47895646
0.44599786
0.4384821
0.4790547
0.4789758
0.47850662
0.4792571
0.4788448
0.45676202
0.47810093
0.4517049
0.47878674
0.4787228
0.43800157
0.46835065
0.4539552
0.44436106
0.4793111
0.47895548
0.47871685
0.479739
0.47907767
0.44025555
0.47927076
0.4459512
0.47874826
0.47936738
0.47874302
0.47848317
0.47876576
0.47461396
0.45940995
0.43944788
0.47979626
0.4786167
0.4788074
0.44531494
0.47893828
0.4782811
0.478935
0.45420894
0.47905788
0.46540487
0.47898653
0.47926074
0.47879505
0.44100678
0.47706372
0.4787217
0.4580316
0.44665623
0.4538053
0.47930193
0.45994422
0.47938082
0.47908163
0.47945425
0.4531895
0.44059896
0.47841462
0.47926822
0.4488507
0.47880837
0.4787143
0.44966614
0.4513644
0.47458592
0.44479373
0.47927487
0.45759168
0.4548835
0.47912353
0.47950673
0.45968783
0.47818986
0.4787097
0.4595754
0.47923642
0.45057616
0.44989422
0.46172908
0.43809688
0.478972
0.44562778
0.44826356
0.4792781
0.45383814
0.4449526
0.478676
0.4787674
0.45323315
0.45706692
0.4634034
0.45721573
0.4790292
0.47942668
0.479056
0.4508193
0.47917083
0.43853226
0.47937533
0.4458314
0.47871712
0.47895175
0.47980636
0.4786661
0.44288638
0.444357
0.44659424
0.47926298
0.4626051
0.4789213
0.4790512
0.47947332
0.45959777
0.47923192
0.4792597
0.4556821
0.47890088
0.4792497
0.4792814
0.4793534
0.47882938
0.45769808
0.45165178
0.47920424
0.45876822
0.43896914
0.442005
0.45289847
0.47906926
0.47955927
0.478195
0.47921294
0.43601075
0.47865385
0.44312438
0.458218
0.46263877
0.47843242
0.441852
0.44396186
0.44628754
0.47844216
0.47893795
0.45526317
0.43434656
0.44894263
0.4323332
0.449482
0.44712758
0.47951356
0.4357006
0.4789862
0.45076245
0.45574102
0.4345143
0.47954568
0.47922623
0.45052153
0.44390202
0.47859317
0.47903794
0.44406313
0.44985697
0.45199472
0.44987565
0.4794896
0.47872093
0.44978195
0.47902882
0.47909135
0.47906208
0.44327328
0.478916
0.45203653
0.4480577
0.4792643
0.47907346
0.44604158
0.4627965
0.47891095
0.44968146
0.44095522
0.43545353
0.46502984
0.47915158
0.4783858
0.43503597
0.47923216
0.4788339
0.44073445
0.47906515
0.47884133
0.44016784
0.4764388
0.47874084
0.44340616
0.43950385
0.47839868
0.45640972
0.4784331
0.44568846
0.44806048
0.44967645
0.4396415
0.46590984
0.47914675
0.46096125
0.445644
0.46081364
0.47869188
0.47842762
0.47920126
0.479035
0.4796542
0.44494587
0.47906137
0.45958525
0.4533478
0.45765382
0.45277092
0.47898686
0.4577577
0.43894675
0.47884676
0.45638895
0.46786094
0.47911608
0.47922647
0.47871011
0.4649354
0.47863108
0.44666356
0.45641816
0.4794103
0.4788968
0.45103705
0.4788765
0.47874793
0.45025355
0.4502122
0.47939613
0.43336427
0.4793413
0.44042203
0.4787664
0.46310428
0.44491646
0.47883102
0.45901653
0.44381258
0.4796906
0.4787193
0.44952646
0.46226346
0.4785229
0.47931626
0.47866926
0.47931364
0.47921067
0.47917473
0.47874013
0.4351296
0.4781837
0.44368234
0.44860935
0.4434749
0.44944382
0.47934553
0.44799358
0.4789676
0.47928977
0.44734642
0.44266734
0.44694906
0.44273102
0.47871405
0.45254806
0.47921512
0.4439411
0.45762518
0.47872248
0.4794423
0.47878072
0.47907066
0.45824835
0.47900093
0.47763658
0.45052192
0.44571975
0.4516009
0.4555064
0.4748425
0.45663366
0.45074308
0.44844985
0.4794316
0.47893092
0.47888896
0.47938403
0.47873002
0.4791425
0.47889674
0.4792684
0.47915807
0.44535992
0.47880784
0.47858378
0.45489916
0.4791276
0.4792914
0.44735083
0.479094
0.44007558
0.4792053
0.47847292
0.478574
0.47951737
0.47903654
0.4793079
0.44804364
0.43274868
0.44378337
0.4331605
0.45398098
0.471899
0.45518896
0.47905535
0.47852674
0.4795988
0.45482606
0.44780588
0.47598985
0.45721027
0.4480508
0.47886524
0.4539584
0.47919306
0.45009917
0.47925735
0.44995973
0.47917455
0.47882932
0.47856194
0.47872782
0.46355602
0.47880965
0.46129626
0.47929016
0.4540716
0.47463888
0.44759816
0.45487818
0.4789384
0.4512683
0.4792731
0.4786011
0.47931966
0.47876334
0.44310123
0.4793409
0.47862655
0.4797489
0.44719887
0.44014734
0.47857887
0.45845792
0.44169602
0.4712048
0.47926447
0.47934854
0.46468574
0.4482205
0.4798383
0.478931
0.43573377
0.4789186
0.45011985
0.4604124
0.45453894
0.47819987
0.47853082
0.44165027
0.44386658
0.44139794
0.47867337
0.44110897
0.47948372
0.47030064
0.47899517
0.43998265
0.46118793
0.47942606
0.47883123
0.47940326
0.4790931
0.47939932
0.4785911
0.43670598
0.46182734
0.44312
0.47846243