0.5021868
0.81928235
0.37856862
0.49528277
0.3717574
0.102124624
0.09814494
0.84748286
0.39800978
0.57038015
0.09646549
0.08779636
0.10350373
0.35318184
0.8352016
0.09453572
0.12776771
0.7637363
0.10251552
0.46664608
0.7093169
0.12070922
0.4200286
0.10864335
0.085067734
0.15907091
0.44266978
0.70657825
0.41350117
0.8055875
0.09003778
0.36705723
0.54137915
0.37530681
0.3745613
0.35713026
0.5605723
0.8040517
0.8024073
0.80159765
0.066975564
0.45576617
0.09871439
0.38505763
0.09534867
0.082091644
0.611493
0.71174526
0.07944899
0.8049525
0.83844465
0.10699383
0.7063379
0.7301223
0.45958558
0.12007986
0.5152592
0.10539017
0.13100545
0.10770976
0.6034148
0.766932
0.50205237
0.36892897
0.68288743
0.7492822
0.655543
0.091147214
0.74039364
0.5133108
0.7469471
0.087642945
0.7866885
0.4910436
0.07611688
0.07952494
0.09654673
0.51466787
0.3559443
0.38885236
0.121391594
0.08280891
0.35659927
0.80471087
0.75543237
0.10589841
0.5702355
0.73009586
0.6569631
0.67864984
0.07980323
0.08788605
0.77346665
0.83052915
0.08960074
0.17669715
0.7481539
0.73161787
0.8709131
0.76291853
0.3895696
0.3289188
0.10867221
0.09082481
0.38364306
0.09749008
0.085118905
0.78133947
0.77862626
0.83566016
0.10264172
0.3671518
0.8432022
0.11853847
0.37534356
0.09208557
0.096615754
0.11771748
0.7611027
0.7102643
0.8834597
0.849391
0.142516
0.82762504
0.103556104
0.776323
0.13058138
0.1328566
0.11072709
0.70443296
0.769481
0.72774106
0.13887183
0.6769483
0.11024326
0.09287972
0.6664159
0.7727387
0.4049819
0.09845103
0.82365924
0.10818042
0.7903849
0.0982858
0.7196354
0.098672085
0.0846345
0.23642653
0.18669635
0.11771246
0.7822856
0.80488235
0.33338004
0.11487457
0.11523738
0.3686811
0.8537415
0.091704935
0.08386047
0.76503634
0.7860605
0.85835034
0.5092291
0.83815706
0.82048506
0.08343117
0.59986436
0.51662207
0.13074414
0.08647233
0.08453586
0.353861
0.1389152
0.6209454
0.13388309
0.08355738
0.12896061
0.7933462
0.14608613
0.08972247
0.5520885
0.09483833
0.098565646
0.8277305
0.7191661
0.7981938
0.3914486
0.41069353
0.10184631
0.775769
0.0780991
0.841278
0.7959146
0.7783742
0.14319758
0.14775409
0.34522775
0.79625255
0.15064056
0.096064694
0.13507739
0.83919364
0.78662527
0.8304103
0.7610417
0.8144993
0.13366607
0.83532894
0.10966794
0.17910957
0.331646
0.40897527
0.81753993
0.20263505
0.36108574
0.3587229
0.11346882
0.6118695
0.09356172
0.12523416
0.15364963
0.83723706
0.15475014
0.09458316
0.110834725
0.78807014
0.77189845
0.115255766
0.39019454
0.095643975
0.7285259
0.39389312
0.6161352
0.29350123
0.47762185
0.3625214
0.80753887
0.8462492
0.11050375
0.08492883
0.12067155
0.09073368
0.7745884
0.7371461
0.6437359
0.08306055
0.406231
0.18100992
0.33070323
0.52073216
0.8423088
0.08629913
0.69251686
0.11613008
0.092936285
0.11618782
0.7254736
0.68280214
0.83394396
0.79692054
0.8364134
0.10652632
0.791844
0.7116841
0.57579654
0.11105412
0.08866341
0.105581924
0.690859
0.81102496
0.41529533
0.5452224
0.10851184
0.12402699
0.81559324
0.39538562
0.6134535
0.09224237
0.76955223
0.7602413
0.86769915
0.81707823
0.0699627
0.10330753
0.70324045
0.8214023
0.38396016
0.8198034
0.07626435
0.35237992
0.7957056
0.71792
0.5564732
0.0757767
0.80877954
0.096494295
0.73206997
0.79617244
0.15793109
0.8271811
0.32725763
0.097329006
0.6611596
0.80342394
0.7965603
0.12232447
0.4908116
0.1418362
0.8132885
0.07593706
0.12330319
0.7543362
0.86378694
0.7288129
0.8350781
0.09991546
0.11012598
0.095780894
0.7538735
0.10230959
0.09347713
0.109929286
0.083592035
0.07709155
0.81018364
0.48549387
0.112737656
0.07867877
0.31931537
0.79957044
0.6625387
0.07998495
0.8025145
0.79341906
0.6175391
0.39848408
0.78908473
0.7988038
0.0960672
0.08377958
0.090418115
0.08078834
0.7754425
0.21153149
0.7673537
0.72840697
0.59199333
0.82890606
0.8198635
0.782157
0.66214013
0.082975626
0.7760333
0.2831178
0.7341483
0.091299884
0.10038164
0.59193414
0.8208233
0.61435395
0.11500417
0.7552366
0.20111291
0.1009011
0.107631944
0.34020856
0.7383592
0.114407964
0.103062086
0.34769177
0.39548743
0.08480516
0.8060287
0.06606674
0.09392274
0.09540496
0.757809
0.6871136
0.0973345
0.15080932
0.8565445
0.7413584
0.75689185
0.08939075
0.10785909
0.75056577
0.7402647
0.21840928
0.09559116
0.66967684
0.59773564
0.10240744
0.10854243
0.27592298
0.4063111
0.74098915
0.7951087
0.08920463
0.09009579
0.12934788
0.10476921
0.7349061
0.7605955
0.20473681
0.4627972
0.3659607
0.75860995
0.8071968
0.79211277
0.40927824
0.83871347
0.4033716
0.8240465
0.8308318
0.09557302
0.07934093
0.7374152
0.093051806
0.8057102
0.11585617
0.10745399
0.38452774
0.098577105
0.11612665
0.82346255
0.8986572
0.79248184
0.28204992
0.10299759
0.16111419
0.07673919
0.7606177
0.31752345
0.63825625
0.12705211
0.07679078
0.8268112
0.44390127
0.7646536
0.37824902
0.09611959
0.12684314
0.09793114
0.757683
0.85455716
0.18429734
0.68638575
0.8192466
0.40009508
0.76531374
0.73964244
0.35800582
0.63540983
0.10890339
0.58301663
0.13737687
0.8221007
0.68289495
0.07989499
0.09128273
0.8124715
0.8401177
0.09277277
0.8026487
0.087904364
0.8072943
0.7003064
0.58942384
0.08770374
0.13216184
0.38685477
0.10309643
0.8541068
0.6113012
0.098942295
0.6590135
0.7840488
0.13399039
0.7401593
0.088488474
0.118188456
0.37544176
0.3748502
0.81487256
0.08755152
0.11760979
0.080531314
0.7880817
0.73936284
0.3630996
0.4446868
0.7679082
0.8239431
0.83467776
0.32913417
0.40914613
0.7914206
0.12133736
0.09462391
0.44721448
0.38098636
0.72575957
0.10574071
0.100264385
0.7367731
0.7114831
0.09706317
0.31157637
0.08660672
0.60608083
0.1226906
0.75692546
0.096358374
0.85191345
0.40347645
0.36454788
0.48597643
0.20713815
0.09531593
0.09359913
0.6299753
0.7308371
0.17978556
0.82082754
0.88525915
0.64899105
0.39573362
0.092300974
0.7843898
0.10445703
0.7591378
0.3637101
0.09041555
0.23990145
0.09711366
0.09630062
0.10263052
0.37443784
0.12076042
0.5479457
0.37890834
0.69107085
0.37601483
0.82484007
0.36551195
0.1516616
0.092083015
0.11148731
0.12967
0.78058445
0.12210991
0.08980287
0.38080233
0.7964769
0.7775772
0.4140098
0.09168433
0.2591589
0.094007134
0.80815434
0.092573255
0.8064256
0.37286845
0.3834599
0.771685
0.08288664
0.7580592
0.7576249
0.10819358
0.82601833
0.7625874
0.09034677
0.46290627
0.0843266
0.7779302
0.7657261
0.7702803
0.78004843
0.7480655
0.10979343
0.09414325
0.09157135
0.08212165
0.1608755
0.77756405
0.62296903
0.090121984
0.6948173
0.13164516
0.8618018
0.069764875
0.105284855
0.09722818
0.5673873
0.46805036
0.08909515
0.13207404
0.10216247
0.7546303
0.09190894
0.8395231
0.8242994
0.68765295
0.12506546
0.59606266
0.092910156
0.37615815
0.34326118
0.13174917
0.54986006
0.08790631
0.77645063
0.09766328
0.7841036
0.67581654
0.10865847
0.13646045
0.091961004
0.82514507
0.74693304
0.7203234
0.27609548
0.1481412
0.77917105
0.46828905
0.7512807
0.090156674
0.77658707
0.71619695
0.35222992
0.11125031
0.38771743
0.90476036
0.77013135
0.14553954
0.82887894
0.74240685
0.12825681
0.11756784
0.07708633
0.7175695
0.077018164
0.7094618
0.856792
0.09479335
0.093919046
0.10892218
0.16952726
0.5735685
0.69527364
0.8061046
0.70586294
0.3861219
0.58502907
0.1393258
0.84372115
0.76019347
0.9017677
0.08157627
0.0855465
0.38506562
0.09892801
0.71451813
0.57809985
0.09814171
0.7873567
0.0936506
0.09338981
0.75802225
0.29207933
0.4861845
0.7415095
0.107309856
0.67579484
0.7766874
0.69975
0.5525054
0.08765575
0.7749062
0.7718999
0.5348798
0.10163496
0.6782884
0.8137518
0.7399777
0.7325416
0.6487354
0.8092709
0.73279387
0.12577753
0.11898089
0.7747438
0.08099385
0.10022813
0.16877072
0.08765305
0.09199798
0.08960713
0.8101381
0.7005892
0.40143412
0.4638027
0.76086086
0.16256005
0.09450598
0.7974555
0.09433205
0.82311916
0.80609035
0.48454478
0.4347477
0.75537455
0.11202237
0.057738733
0.77360606
0.36828548
0.092605405
0.8500203
0.08713024
0.63229334
0.11351245
0.08086422
0.7431435
0.09710988
0.10276551
0.085253574
0.109044425
0.40254432
0.10324001
0.15268229
0.7445073
0.681372
0.37580216
0.08627474
0.6353754
0.090602666
0.089036435
0.85127604
0.6443918
0.14609525
0.48817068
0.33150598
0.82059616
0.08267038
0.8649966
0.6159594
0.09171246
0.38107175
0.12900735
0.39642295
0.09159248
0.08860816
0.094625376
0.7264739
0.44040242
0.07962422
0.7496972
0.10480051
0.08674774
0.3776526
0.08539838
0.75396883
0.49557734
0.65469295
0.10062147
0.16700765
0.14235814
0.7544025
0.099821955
0.7641551
0.11599917
0.16791199
0.6837949
0.099791065
0.08650997
0.81730944
0.8181624
0.33660093
0.78683054
0.11301942
0.10033134
0.79409033
0.66200346
0.63129723
0.0879342
0.7844152
0.8723151
0.47555944
0.8245087
0.13008288
0.8606912
0.7147318
0.8459443
0.12207376
0.14926039
0.07829721
0.23580658
0.10434442
0.83553886
0.07808496
0.80618083
0.3542063
0.74693596
0.80515814
0.10348513
0.08267094
0.07949239
0.7088821
0.82131845
0.72285986
0.84287363
0.63656735
0.55210656
0.7873355
0.08124865
0.31311023
0.7922125
0.7250579
0.094433405
0.78025115
0.58343536
0.80515593
0.7738251
0.09012026
0.12802753
0.72681284
0.7804483
0.09058194
0.6522968
0.37043476
0.7918852
0.08208518
0.109223165
0.7809507
0.71951944
0.50997883
0.7986539
0.74585783
0.08976744
0.10975834
0.20065916
0.81194484
0.8173364
0.3318608
0.847131
0.49230886
0.79105914
0.8175302
0.8085175
0.087704465
0.20611504
0.84824914
0.11227272
0.11487828
0.10851182
0.75124854
0.09245532
0.13238962
0.08321261
0.37121934
0.8242346
0.37259024
0.6429939
0.105265535
0.48692402
0.10693735
0.23573692
0.010816056
0.153757
0.08129269
0.109545596
0.69377756
0.40602523
0.7350084
0.09262329
0.81989604
0.38472232
0.15194018
0.16404834
0.5796659
0.5162116
0.3824484
0.6057119
0.11034664
0.38862035
0.09459468
0.62954444
0.37424636
0.5920574
0.39196256
0.37960505
0.85125464
0.10999859
0.8090583
0.76483643
0.7564555
0.71903527
0.102165796
0.8290431
0.7964886
0.69242096
0.11814291
0.7571084
0.53148156
0.76795477
0.51205105
0.08704746
0.4896356
0.80361974
0.36006677
0.84050876
0.09177302
0.09791779
0.11669144
0.5792476
0.83699054
0.53064865
0.40428558
0.57295793
0.7782326
0.1042958
0.7934373
0.81721306
0.70297444
0.6559892
0.6765964
0.40435243
0.12071198
0.7918554
0.40328443
0.8002858
0.37255627
0.8164114
0.52971023
0.6568279
0.86232704
0.12858911
0.67352754
0.85940903
0.0888828
0.76530343
0.07821679
0.11187042
0.118736416
0.0849978
0.34592012
0.13347624
0.52496326
0.4737284
0.78328085
0.12989838
0.72515255
0.65610504
0.12754904
0.102125734
0.76584655
0.7980191
0.26830986
0.7612315
0.749967
0.69925785
0.09165814
0.81187844
0.11895862
0.82544
0.12423383
0.10572417
0.38834494
0.7628855
0.09354257
0.85368574
0.38161728
0.7521107
0.38244763
0.08246127
0.71227986
0.838401
0.13437909
0.8928085
0.71597844
0.09088481
0.8004556
0.12815888
0.0791864
0.35297275
0.26644623
0.59275156
0.6515119
0.50651723
0.5013971
0.7370656
0.40743423
0.52259386
0.083910726
0.78680646
0.3794342
0.38344288
0.10457096
0.1014148
0.84692234
0.35957626
0.5269195
0.081850745
0.807893
0.5167228
0.09096859
0.7358727
0.08268924
0.3744086
0.72802234
0.11919234
0.09392661
0.7379685
0.79736346
0.3783489
0.65727574
0.6946136
0.08334746
0.37311834
0.8119668
0.35873932
0.38024315
0.1657134
0.081865706
0.39667434
0.39731422
0.39798793
0.78490883
0.87684375
0.6983691
0.08232842
0.41331023
0.7838694
0.10083244
0.10407966
0.8039956
0.103624895
0.7055848
0.8155032
0.819903
0.7922685
0.080679886
0.10836531
0.7043772
0.8254261
0.79760015
0.7803654
0.49533
0.39298987
0.90847445
0.1525618
0.7964318
0.88551605
0.1261384
0.11438253
0.090495616
0.0953616
0.78269637
0.7766154
0.73327595
0.2203426
0.8165992
0.107751966
0.5809673
0.10421907
0.80399984
0.7905492
0.80525434
0.84210426
0.7719933
0.0761684
0.38795534
0.0753726
0.66220826
0.805375
0.5045926
0.10510249
0.8062158
0.82791626
0.5866011
0.09755043
0.81682295
0.117997736
0.83978575
0.79336077
0.79164857
0.10019337
0.40115166
0.78425646
0.13056563
0.13941632
0.08869295
0.7545107
0.08670577
0.5794886
0.7927869
0.5738886
0.15401503
0.11952276
0.66745824
0.7640722
0.10490894
0.7927166
0.45912355
0.108613364
0.08335699
0.146029
0.11711136
0.67116696
0.3703887
0.13116804
0.75647897
0.7566239
0.10562882
0.16613346
0.76534975
0.0826082
0.7166746
0.08577449
0.12712696
0.1080901
0.11467201
0.77487046
0.11855593
0.08341929
0.7978343
0.123350374
0.13977334
0.5754643
0.5781498
0.08451622
0.1245508
0.374355
0.3637386
0.75950027
0.6437424
0.71454895
0.10666621
0.6720861
0.0945522
0.7463249
0.15896659
0.83765376
0.8194083
0.7649375
0.7892531
0.07769184
0.09399446
0.35544834
0.6809916
0.39824352
0.709382
0.51815784
0.6366192
0.36601606
0.6196352
0.76492023
0.34159982
0.707144
0.7532032
0.84800047
0.5120698
0.7651011
0.091375925
0.07836054
0.7450486
0.15069288
0.109741196
0.12571542
0.08850682
0.6633899
0.6803277
0.8998639
0.7883568
0.08934904
0.8318784
0.1367396
0.10936874
0.06855711
0.7911005
0.10563665
0.10766632
0.37084466
0.8277161
0.12822418
0.40241092
0.0904978
0.08225724
0.094161294
0.11203322
0.11533472
0.81621045
0.09236158
0.81448543
0.08135867
0.38416597
0.076731235
0.75777
0.7067334
0.09546829
0.15263586
0.8063611
0.7075315
0.09401637
0.09185524
0.08181398
0.3883215
0.7442658
0.84210503
0.10811787
0.73592955
0.6560919
0.80609715
0.08372389
0.8196702
0.098792866
0.09168776
0.65796715
0.82134175
0.08944734
0.41040963
0.7829252
0.09323874
0.12858315
0.09753009
0.09928586
0.83565176
0.8464434
0.08487146
0.3588996
0.79378307
0.08994474
0.582121
0.81984264
0.09593436
0.12033256
0.8063695
0.09973238
0.090762794
0.840995
0.39098635
0.82725114
0.11388412
0.090422764
0.12225796
0.13002092
0.09540517
0.74739534
0.3296567
0.08728882
0.3925971
0.796548
0.67938703
0.77204806
0.5193035
0.13332273
0.08330319
0.7732229
0.07860407
0.36142483
0.16137661
0.36470884
0.8423581
0.4054246
0.32753485
0.77601576
0.39149532
0.12027263
0.57510436
0.7692733
0.8386255
0.10725663
0.7820039
0.076916665
0.38120037
0.59271693
0.79027075
0.104401365
0.601792
0.7260935
0.08513133
0.1002363
0.77761924
0.097434424
0.8103559
0.12174781
0.65136653
0.38340485
0.10642493
0.75597155
0.13130727
0.08160865
0.4180304
0.8059861
0.08626033
0.055062633
0.82842135
0.58019555
0.73522174
0.7458784
0.5052767
0.8016846
0.6704881
0.08999682
0.8437798
0.10960869
0.35761774
0.10441677
0.11277868
0.75835085
0.09194086
0.79897225
0.4919288
0.09391129
0.09571678
0.10452469
0.10293809
0.76900846
0.15394913
0.83710873
0.08840587
0.39735517
0.5446143
0.79727834
0.75141317
0.78216285
0.098529875
0.7599493
0.10772862
0.10175972
0.111592874
0.09240124
0.07118094
0.67286676
0.39318684
0.3920569
0.09379868
0.43653452
0.77734554
0.764795
0.7498402
0.7792485
0.7338406
0.71871674
0.7889813
0.70819056
0.097647615
0.73310566
0.59111845
0.090466015
0.59872365
0.7621229
0.092855535
0.7640135
0.09895009
0.540432
0.8678445
0.81131244
0.5925776
0.5437454
0.74597937
0.10458458
0.08860517
0.11073088
0.10966941
0.22092745
0.1338926
0.0836732
0.76444054
0.79198426
0.72380054
0.38140172
0.33994693
0.1440655
0.35892314
0.3745678
0.43427488
0.10733036
0.78815305
0.094491616
0.7386148
0.09877168
0.668551
0.82800376
0.8084017
0.6408521
0.10694992
0.7621605
0.102505706
0.74494565
0.074674755
0.16571525
0.098203555
0.32555056
0.78728044
0.09198006
0.108674936
0.61758
0.8289096
0.6123658
0.08741349
0.8115884
0.6775343
0.7925868
0.09459389
0.099776454
0.78099537
0.13102533
0.12457711
0.381359
0.4884481
0.5568833
0.38158372
0.09085805
0.7327534
0.6673532
0.0893053
0.5221427
0.32119122
0.06971828
0.088710256
0.825223
0.78550464
0.10749567
0.10324503
0.10377275
0.8426249
0.1604442
0.720631
0.26845163
0.6975283
0.09902349
0.1322819
0.788375
0.79406285
0.7442983
0.6287029
0.5986166
0.8336445
0.09856261
0.10924065
0.08466339
0.79974097