0.9999989
1.0
4.5909663e-21
1.0
2.4822092e-23
1.6897664e-21
1.9932135e-20
1.0
3.1735637e-20
0.9996966
2.992737e-21
8.497327e-22
4.182818e-21
1.5322708e-10
1.0
1.4256208e-21
7.9710505e-24
0.9953021
4.758436e-12
0.9989742
0.9999889
3.9513264e-20
1.0032337e-20
2.0150432e-17
3.990851e-19
5.043519e-13
0.956031
0.99999416
1.797847e-15
1.0
2.9776939e-21
3.9313194e-18
0.0031429199
3.032068e-12
2.9904068e-15
7.835194e-20
0.99998236
0.99999917
1.0
1.0
9.681929e-20
0.20025167
1.5216705e-20
3.423987e-20
8.46246e-21
2.9334718e-16
0.9999944
0.9994387
7.895708e-21
1.0
0.99968123
7.7667614e-17
1.0
0.9999993
0.9762657
1.4726771e-21
1.0
1.965707e-11
2.5868646e-16
4.2736015e-16
1.0
1.0
1.0
1.3168959e-20
0.99771786
0.98374987
1.0
8.0647675e-16
0.91050863
1.0
1.0
1.0643889e-15
0.9978635
0.12894513
4.9839793e-21
4.7610852e-20
3.4310625e-19
1.0
7.6894743e-22
5.745436e-22
6.880903e-21
5.018511e-21
2.8209545e-22
1.0
1.0
4.0616247e-18
1.0
1.0
1.0
0.9995073
1.356523e-21
2.8730723e-22
1.0
1.0
5.392342e-20
7.362187e-15
0.9999976
0.9991922
1.0
1.0
6.214887e-20
9.2003624e-21
3.956017e-20
4.8736173e-21
1.0963145e-21
2.2040962e-15
1.0663048e-19
0.99999046
0.9999974
1.0
1.3955688e-14
9.32161e-20
0.9999988
1.9520512e-22
2.1868143e-19
1.4826946e-20
7.3382436e-22
1.565005e-08
0.9999999
0.9975026
0.99996936
1.0
5.633056e-13
1.0
4.5654127e-15
0.99999833
7.681486e-18
8.440533e-22
1.0482797e-21
0.99999666
0.999997
0.99932134
7.79284e-19
0.9999939
1.1909209e-18
9.800238e-21
0.033890154
1.0
9.730237e-22
3.0551808e-18
1.0
5.2077043e-22
0.9997085
2.957961e-21
0.9975762
1.4190393e-21
2.1512103e-20
2.9469347e-21
1.376122e-11
2.1077813e-15
1.0
0.99993837
1.3329695e-18
2.2032729e-22
1.6772457e-11
6.385583e-21
1.0
1.730428e-18
3.154818e-20
1.0
1.0
1.0
0.9705165
1.0
0.99999857
3.7950433e-20
1.0
0.99996305
2.6606753e-16
2.6054607e-18
4.5266254e-20
1.75538e-18
2.5043405e-16
0.22979748
4.4061083e-12
1.3982203e-17
7.164021e-13
1.0
1.1380794e-13
1.4789606e-20
0.83477813
8.934706e-19
7.6394815e-21
1.0
0.99997604
1.0
4.2539427e-21
1.2560979e-19
4.1828957e-22
0.9999999
1.000974e-21
0.9999999
1.0
0.99999976
2.7926793e-13
4.2573725e-19
7.376469e-22
0.9999746
7.068693e-14
1.251874e-19
1.4618115e-12
0.9999726
0.99999964
0.9999999
1.0
1.0
2.8996843e-15
1.0
1.121899e-11
7.681879e-15
2.2391467e-23
3.4561395e-19
1.0
4.982061e-13
9.099481e-23
2.5770998e-19
1.30117635e-20
0.027879598
1.5647537e-20
1.4682654e-17
1.2700521e-18
1.0
1.0169651e-15
1.07170005e-19
1.01418915e-19
1.0
0.9999881
2.2327686e-10
2.5141398e-18
9.39473e-18
1.0
4.806412e-21
0.12400163
1.3723203e-20
0.99417335
4.8440206e-12
1.0
1.0
1.5693362e-23
3.2264049e-21
3.8367613e-20
3.63382e-20
1.0
0.99988294
0.999574
7.4743935e-21
4.4966596e-21
1.0322006e-14
1.4724025e-20
0.0033652913
1.0
6.5925822e-21
0.99242014
3.7224602e-22
4.599087e-19
1.6008086e-22
1.0
0.9994899
0.99999213
1.0
1.0
9.576554e-18
1.0
0.9999999
0.9880713
1.2489898e-09
3.76716e-21
3.101172e-20
0.70734227
1.0
6.881174e-11
0.0022020515
2.355917e-22
5.3992435e-14
0.99999833
0.00063308526
0.19089137
4.5930663e-22
0.9998568
0.9999995
1.0
1.0
1.0126891e-19
6.8727147e-22
1.0
1.0
2.633184e-21
1.0
2.768855e-20
1.3806459e-23
0.9962288
1.0
0.99737036
1.8962714e-21
0.9999294
1.2216758e-12
0.027630592
0.99994683
3.771301e-21
1.0
8.70538e-21
6.331369e-22
0.9482447
0.99999976
1.0
1.1823646e-12
0.9999999
6.1500176e-13
1.0
1.4551938e-19
8.859902e-19
0.013760875
1.0
1.0
1.0
1.0190507e-22
4.4257873e-18
9.452377e-21
0.9999963
1.12308e-20
1.2716962e-17
4.3133492e-17
3.9412684e-21
1.3504974e-21
1.0
0.9999995
2.54148e-12
4.4605354e-17
1.2945071e-21
0.99999726
0.8225369
4.339613e-22
1.0
1.0
0.028003767
8.891791e-20
1.0
0.9999994
8.512732e-16
2.2463356e-21
2.205797e-21
1.5019474e-20
0.9999999
1.9069266e-22
0.9999999
0.9973406
0.9902768
1.0
0.99999523
1.0
0.99965453
1.2027817e-19
1.0
6.8697226e-23
0.9999982
7.940562e-21
7.9482635e-20
0.99999833
1.0
1.0
5.0665148e-09
0.9999932
5.0540996e-14
1.551381e-20
1.610971e-15
3.2762754e-21
0.99978036
1.2368954e-15
8.645229e-18
3.4826414e-23
3.986115e-21
3.897611e-21
1.0
1.08284056e-19
1.4568158e-19
6.8611453e-12
1.0
0.998976
1.110407e-19
3.0082707e-20
1.0
1.0
0.99988985
4.0278336e-11
3.9150405e-16
0.99998724
1.0
1.508222e-21
1.1416792e-14
0.9999994
1.0
1.836436e-14
3.6614665e-21
4.1851418e-13
1.1263917e-21
0.9999987
0.9996039
3.3698362e-20
4.1459833e-19
1.1220771e-14
2.5201865e-20
0.99093574
1.0
1.300452e-20
0.58017707
4.5369689e-10
1.0
0.9999999
1.0
3.735164e-21
0.9999802
1.3519627e-19
1.0
1.0
1.9311456e-19
6.494061e-22
0.9999999
1.5357954e-19
1.0
4.6166446e-20
1.3963601e-17
9.9921584e-21
3.006953e-19
1.03446694e-22
0.9999993
1.0
1.0
5.6497056e-19
5.2391685e-14
1.8083384e-09
1.8414882e-20
1.0
6.862307e-24
0.00025063442
1.2623692e-15
1.1106268e-20
1.0
0.99163276
0.99968445
1.0237853e-21
1.3836541e-19
4.819717e-16
3.5806896e-21
0.9999995
1.0
1.6557055e-14
0.99999833
1.0
1.0070637e-21
1.0
0.99997807
1.4847757e-15
0.9988919
3.1503086e-20
0.06953824
8.880576e-19
1.0
0.9984158
9.1522e-20
9.16848e-21
1.0
1.0
1.9667866e-19
0.983823
3.233269e-20
1.0
0.9999976
0.03989828
4.853802e-21
1.2476472e-16
1.5573578e-20
9.543212e-20
1.0
1.0
2.6482354e-20
0.9999845
0.9999734
4.4414752e-21
1.0
7.266501e-14
2.87174e-19
9.009135e-21
1.6899817e-18
0.9999999
8.85327e-21
5.135519e-15
5.765394e-14
1.0
1.0
2.9087473e-22
0.9919699
0.9998721
1.0
0.9998659
1.558311e-13
1.3037515e-14
1.0
1.350763e-17
3.1443237e-16
0.99997604
1.5194613e-19
1.0
1.7901871e-17
6.368527e-22
0.9999962
1.0
5.1800014e-16
1.2867496e-18
1.6462786e-20
0.88715327
2.2393186e-22
0.9992046
3.4991746e-19
1.0
1.0106466e-21
2.82666e-17
1.0
1.8480263e-12
2.9432398e-20
4.4196244e-20
1.0
0.010073031
7.307312e-13
0.9999645
1.0
0.9998758
8.249037e-14
5.3726922e-20
0.99999654
2.4032944e-19
0.9999987
4.992626e-18
3.8245435e-21
2.2193987e-17
5.20624e-20
1.534104e-18
7.0600726e-17
1.7650966e-14
2.8976852e-21
1.0
2.0068615e-21
0.9999995
8.19256e-21
0.99999976
5.8221767e-20
1.0843051e-13
4.6295893e-20
1.9651356e-20
7.334977e-20
0.9999616
1.3261745e-16
1.1120565e-18
2.8458138e-22
0.99999845
1.0
6.622779e-21
1.708016e-21
8.552785e-27
1.0777137e-20
1.0
8.563721e-20
1.0
0.0003339728
8.821712e-22
1.0
3.3362382e-18
0.9999666
0.99999964
1.1338454e-21
0.9989434
0.99985933
3.3819767e-22
0.99984074
5.8579715e-22
1.0
0.9999945
1.0
0.99999917
0.99999535
3.7319786e-11
1.0740194e-21
3.0403937e-17
1.1277945e-19
2.5593894e-07
1.0
0.9917175
3.4122505e-21
0.9336147
2.0295178e-22
1.0
1.4671155e-20
6.024384e-21
7.2208763e-19
0.020349462
0.9999883
2.1549475e-20
1.9292299e-09
1.9844951e-21
0.99999976
3.1405534e-20
1.0
1.0
0.99968374
1.4281293e-22
0.99997365
3.2710807e-21
8.3842415e-23
2.9433283e-21
1.8243946e-18
1.0
4.3507705e-21
0.99964666
2.7165865e-19
0.9996872
0.92207247
4.169727e-19
3.5002347e-16
2.8377747e-19
0.9999999
1.0
0.9999999
1.0661498e-20
1.5805656e-15
0.99959105
0.5880101
0.99999964
1.404831e-21
0.9999045
0.9908573
2.2425844e-22
8.266625e-19
1.929921e-21
0.999246
1.0
8.0019414e-17
0.99999976
0.99998665
1.609976e-11
2.0454488e-13
3.8676776e-21
0.99999523
2.150077e-21
0.9985416
1.0
7.074809e-20
1.9984755e-19
5.0086574e-15
3.0125113e-18
1.0
0.99999726
0.9999995
0.9999578
5.9233933e-19
0.99999976
4.4875865e-17
1.0
0.9999956
1.0
1.3151065e-16
6.430305e-17
7.047442e-20
2.0522461e-19
1.0
0.9975163
1.2741492e-12
0.9999846
5.7090894e-19
2.675716e-18
0.99999905
9.14884e-22
0.99989307
1.0
2.4757552e-19
0.9998456
0.99999964
1.0
0.025948262
4.1045282e-14
1.0
0.9999757
0.005945515
1.7419047e-19
0.97651017
1.0
0.99995935
0.9999995
0.99999
1.0
0.99999976
5.772452e-16
3.3661027e-13
0.9999914
2.645587e-22
2.2839243e-19
4.7697036e-08
8.3113904e-21
1.9448435e-20
4.8082668e-20
1.0
0.93607706
3.6018985e-20
1.0
0.99999976
4.3491643e-12
3.0039506e-18
1.0
4.5750373e-22
1.0
0.9999999
0.9999527
0.14933722
0.9999999
6.274793e-22
3.2164892e-20
1.0
5.490474e-22
4.2882457e-18
0.9997719
3.2863537e-20
0.5734153
1.6204324e-22
2.1283146e-20
0.98919135
8.861253e-19
1.7056598e-20
4.492063e-22
1.0508913e-19
5.123642e-22
3.5609694e-19
2.6583839e-15
0.9999845
1.0
3.875881e-18
1.1144129e-19
0.9999994
2.6343998e-21
1.2507851e-20
1.0
1.0
1.1642847e-12
0.99999344
6.103888e-22
0.99999404
7.9606057e-22
1.0
0.0014678758
1.1892315e-19
3.7530622e-20
8.980104e-22
1.139509e-20
9.639801e-21
8.975955e-23
2.2957406e-21
0.9988689
0.0748507
4.665895e-22
0.9999517
3.8844164e-13
2.4256467e-20
9.897048e-22
5.319088e-13
0.9999999
1.0
0.99869615
1.0934493e-21
2.763359e-19
4.2384295e-19
0.99995375
1.4456226e-18
0.9999999
1.0438583e-21
6.4308694e-17
1.0
2.3619755e-20
2.9710723e-18
0.99999285
1.0
3.262272e-20
1.0
2.2255687e-19
3.9564337e-23
0.99997056
0.44921237
0.9999989
1.0212076e-20
1.0
0.9999815
0.9998579
1.0
6.2021113e-12
1.0
0.9999981
1.0
5.2656882e-17
3.926092e-09
7.569661e-20
3.2577668e-22
5.486666e-21
1.0
5.6483183e-22
1.0
1.458047e-23
0.99969316
1.0
2.3120258e-21
1.0194722e-19
6.0015383e-21
0.32156378
1.0
0.9999994
1.0
1.0
0.99999964
0.99992025
9.9983776e-20
3.3388433e-21
0.9995427
0.99813867
1.2621824e-21
0.9999999
0.9999577
1.0
0.9999995
2.9771406e-19
2.6518989e-17
0.9999776
1.0
5.9155263e-22
0.21948846
1.2556847e-21
1.0
1.3466303e-19
1.8072873e-12
1.0
0.99839514
0.13210197
0.99999857
0.9998722
6.6207185e-18
1.2247219e-21
3.983215e-12
1.0
1.0
1.0047936e-18
1.0
0.9999999
0.99999976
1.0
0.99998426
9.39403e-22
2.6555586e-13
1.0
4.981741e-19
3.127509e-13
6.337969e-21
0.99968994
1.7025923e-19
3.2335666e-19
2.783204e-20
5.300187e-18
1.0
2.8062716e-22
0.9999995
3.3627018e-13
1.0
1.6330751e-12
3.8383091e-22
2.0210068e-27
1.3893414e-13
4.383907e-21
2.812285e-21
0.57688415
1.6600128e-21
0.9978415
1.4267592e-19
1.0
1.17797935e-20
1.1027389e-12
1.3740096e-16
0.09210557
1.0
5.3030536e-20
0.98909247
5.7104706e-16
8.907773e-22
1.6683696e-18
1.0
3.9010936e-20
0.002321768
6.6539523e-21
3.1053274e-12
1.0
1.652803e-21
1.0
1.0
0.99992144
0.9992848
1.8747702e-16
0.9999999
1.0
0.0112327915
1.4779399e-20
0.9999999
0.006873152
1.0
4.5207833e-09
2.689231e-20
0.9999981
0.9999995
7.741218e-21
1.0
8.855799e-22
1.0710304e-18
2.6007782e-22
0.79384667
1.0
0.9999995
1.2727736e-17
1.0
1.0
1.4830687e-19
1.0
1.0
0.99979144
0.9999957
0.9995596
1.0194134e-20
1.681783e-17
1.0
2.7681023e-22
0.9999999
8.191525e-22
1.0
0.9999981
0.9999945
1.0
1.8229258e-19
1.0
1.0
1.04305876e-20
1.0
1.0354544e-21
9.323877e-22
2.800695e-18
1.0033595e-21
4.268131e-22
2.8268053e-21
1.0
0.99038994
1.0
7.7950515e-16
0.99999917
0.7870969
1.8969036e-18
4.0418965e-21
0.999997
0.99990904
1.5526529e-21
0.99999297
0.9999987
1.0
2.4509196e-19
1.0
2.5293992e-16
1.0
3.7458838e-19
2.1122756e-20
1.9612872e-19
0.9999994
1.2983212e-19
1.0
4.1710252e-22
0.99991333
2.0468025e-21
6.3210976e-19
0.9999994
1.0
4.7277403e-12
1.0
0.99999857
3.6545754e-20
0.9993273
2.9081578e-23
1.6956434e-20
1.0424692e-14
7.5989323e-22
0.99986386
0.0044400273
0.9999995
0.9999999
0.9972849
2.872185e-22
1.0
1.7778713e-22
0.9968732
3.4399574e-21
2.5431119e-21
5.447711e-20
1.04482185e-22
1.0
1.7334637e-22
0.99063814
9.909293e-21
1.0
0.98696136
6.1324315e-22
1.0
4.0572207e-21
2.5045145e-22
0.99994695
5.630128e-19
3.8713112e-20
1.0
1.0
5.878432e-22
0.0031250357
1.0
5.2816736e-20
1.0453645e-21
1.0
1.26674506e-14
1.0922939e-22
1.08157025e-17
1.1009424e-19
1.466047e-20
1.9184137e-19
4.3467183e-23
0.99999046
0.9999999
0.9986314
2.355679e-18
4.6443392e-21
0.99999845
1.8652367e-12
3.0105277e-23
0.09152599
3.9032263e-18
1.0
1.0
1.0
1.0
1.7455556e-20
2.5379466e-21
0.9255143
1.0
1.0
0.999982
0.9998343
4.8043224e-21
1.0
4.151156e-20
1.0
1.0
3.3496375e-20
1.2276961e-11
1.6101576e-18
1.230699e-19
0.99999213
0.99999785
0.99987173
2.6818798e-13
0.9999999
3.439129e-22
1.0
1.789528e-21
0.9999999
0.9999988
1.0
1.0
0.99999833
3.3490216e-14
5.42804e-22
2.3230424e-20
0.9999585
0.99999976
0.99999905
8.2524024e-22
1.0
1.0
1.0
4.4818747e-16
1.0
5.041244e-15
0.9999995
0.9999398
1.0
3.9097535e-18
4.5380754e-18
1.0
2.6382442e-19
4.1213307e-22
5.1503742e-21
1.0
8.101916e-14
0.9851482
0.99996746
0.9999548
2.6560334e-14
3.3533997e-18
1.0
1.0
1.4078305e-20
1.0
0.99817765
6.9358e-20
2.3496236e-16
1.9727672e-12
3.1871238e-22
0.9999999
1.0230626e-22
2.7341506e-12
0.9999931
0.9999831
1.1050459e-17
9.904575e-20
1.0
9.127878e-17
0.9999931
4.2973744e-22
7.0755216e-17
2.2994701e-17
1.0284439e-20
0.99997616
1.4289218e-19
8.929542e-23
0.9999987
2.9070578e-17
8.3453106e-16
1.0
0.00017476882
2.6413914e-15
1.7865042e-16
3.3461763e-20
1.4215202e-22
0.9999995
0.99999976
0.9999943
5.2419683e-21
0.99695325
4.4451244e-19
0.9999995
2.5690114e-12
1.0
0.9999994
1.0
0.999828
3.319845e-20
2.0917893e-19
1.2213208e-21
0.9977817
6.662065e-18
0.98353654
1.3750872e-06
0.95873725
1.0591238e-22
0.99517006
0.5047268
4.7680468e-20
0.99932015
0.9873875
1.0
0.99999964
0.999997
2.9501353e-13
1.02177655e-20
0.99999285
1.6615e-08
1.678852e-19
2.0661294e-16
6.97955e-17
0.99219453
0.9999882
1.0
0.9999968
1.3894861e-22
1.0
1.5608283e-16
9.1617476e-14
8.196991e-23
0.99999774
1.9735485e-21
2.5238603e-21
1.6771995e-20
1.0
1.4022117e-15
1.0643207e-21
9.918824e-21
3.2992194e-18
1.1243371e-18
1.9030997e-19
2.5740248e-19
0.9999815
1.3216909e-22
0.99999976
3.1347244e-20
3.0670286e-21
1.7511856e-19
0.9999999
0.9125426
1.0528965e-21
1.1726088e-19
1.0
0.9999999
8.9601975e-20
4.8899117e-21
3.8713278e-19
3.1123878e-17
0.9977825
1.0
5.5047487e-17
0.99999714
0.99962115
1.0
5.6468777e-21
0.99999964
6.4714362e-21
9.9231055e-20
0.0006790468
1.0
2.8504517e-23
1.3030049e-19
0.99992263
3.8557453e-21
8.5217517e-19
1.4307653e-19
9.318231e-13
1.0
1.0
1.9541095e-20
3.2031774e-10
0.99999976
1.0522637e-18
0.037387017
0.9999906
3.590158e-19
6.3407934e-15
1.0
6.345402e-19
4.0832714e-15
1.0
8.874611e-20
1.0
2.3650669e-21
5.3352962e-20
8.4453355e-21
3.095659e-23
4.503209e-17
1.0
4.744781e-22
8.1285174e-23
1.1570847e-13
1.0
1.0
0.9999831
0.99997616
9.1963946e-14
2.9794307e-22
0.9999882
1.7047119e-18
1.8951847e-23
3.1793912e-13
6.1870926e-20
0.999998
1.7934164e-21
2.8320746e-27
1.0
6.814394e-22
3.3793037e-09
0.0012629499
0.9996973
0.99965024
8.600953e-18
1.0
5.098978e-22
2.5300008e-21
0.19209595
1.0
6.5740737e-21
1.0
1.0
3.7070987e-22
3.4238957e-20
1.0
4.2654777e-22
1.0
2.6189291e-21
0.9976036
1.6105077e-18
5.6758657e-19
0.99999976
1.3511754e-17
2.3290228e-20
0.9431524
0.9999995
1.6507167e-22
2.987161e-20
1.0
0.9999502
1.0
0.9999999
1.0
0.999956
1.0
5.551665e-19
1.0
1.0645277e-21
4.3879026e-15
1.3218037e-19
2.1504353e-16
1.0
7.2475195e-23
0.99999976
0.9999999
3.574057e-21
6.4484444e-21
5.0837995e-18
7.7254284e-23
1.0
7.790516e-13
0.9999963
3.5636662e-23
4.391437e-22
1.0
0.999907
1.0
0.9999324
3.1954866e-15
0.9997577
1.4340953e-16
4.407734e-14
5.461634e-19
7.0309894e-14
1.1819365e-19
1.0
1.806731e-21
7.5556365e-21
3.223603e-19
0.006487345
1.0
1.0
0.99999964
1.0
0.99976915
0.6751252
0.9993767
1.0
4.050058e-15
0.9999932
1.0
4.1300183e-22
0.9738897
1.0
2.1138302e-21
1.0
1.42334e-19
1.0
1.0
1.0
1.0
1.0
1.0
1.2287101e-19
7.18123e-21
4.6043862e-20
9.4450956e-21
2.0880013e-20
5.7183343e-18
1.1507254e-22
1.0
0.9999975
0.99986184
2.0735619e-21
5.874865e-23
8.877231e-17
8.886895e-23
4.742989e-22
9.24139e-05
6.7005436e-20
0.99997866
1.56673e-21
0.99999964
1.2699781e-20
0.01847342
1.0
0.99999905
1.0
3.6761215e-20
0.9999939
3.3379053e-11
0.9999702
3.592646e-22
8.289153e-16
2.7281216e-21
3.5948805e-22
1.0
2.329607e-22
3.23537e-14
1.0
1.0
1.0
1.4170833e-18
0.9999964
0.9988752
1.0
1.6977848e-21
5.414172e-19
1.0
2.382949e-09
3.576567e-21
8.471522e-13
0.90905523
0.99999833
1.3767352e-20
5.9196306e-16
0.9999993
0.99684405
7.3919655e-21
1.0
7.005487e-22
9.461215e-21
2.779044e-21
1.0
1.0
6.7018144e-22
8.5758766e-21
3.2881226e-12
0.99044305
2.2075623e-12
0.999801
2.1979624e-19
0.9999999
9.958405e-21
8.13078e-16
1.0
1.0
1.0
1.0
0.001724185
1.0
1.9545643e-20
4.287712e-15
1.1244095e-19
1.0