0.4652404
0.6997849
0.3316354
0.53793585
0.34815842
0.14362971
0.17711082
0.7316806
0.3876019
0.51581615
0.24179006
0.16597755
0.18779549
0.3736594
0.6819701
0.14083916
0.23615932
0.5994628
0.16508782
0.47217095
0.6136133
0.20813818
0.37872338
0.18228282
0.13514626
0.24571264
0.47505045
0.6464439
0.40556562
0.7072821
0.17695199
0.359183
0.548195
0.37717822
0.34465998
0.37820923
0.51136553
0.64431244
0.68302053
0.6513972
0.20897393
0.4633865
0.18241893
0.35814884
0.17134237
0.16452299
0.49805707
0.61156905
0.1556356
0.65328526
0.62554544
0.1984709
0.6002823
0.6170284
0.46544108
0.23574018
0.491802
0.17953072
0.17192273
0.20322819
0.56024575
0.68113285
0.5203188
0.36196703
0.6033869
0.6316587
0.5455334
0.17584808
0.61702526
0.48160657
0.63659894
0.19689034
0.6597993
0.46274918
0.19121982
0.14917299
0.16708545
0.52668536
0.3587483
0.39428145
0.2025639
0.14897022
0.34541968
0.6705032
0.5946841
0.17384213
0.53268605
0.5314972
0.5029787
0.59541935
0.15546215
0.16666515
0.6543031
0.70553356
0.22293317
0.22888733
0.56469285
0.5925165
0.72540736
0.6406903
0.3713943
0.31159675
0.17644554
0.1692925
0.38502622
0.22007552
0.13379812
0.6270915
0.58976257
0.74640286
0.18127687
0.34762463
0.68282866
0.2080458
0.32228985
0.1603391
0.1853135
0.20235096
0.6272088
0.5828752
0.67643875
0.6611399
0.2632649
0.6968353
0.18180373
0.5837628
0.1946259
0.21864806
0.18347344
0.58105075
0.6131923
0.5767775
0.20861521
0.6064135
0.16956222
0.15598191
0.53000844
0.67243856
0.39498612
0.1725505
0.6703568
0.19923988
0.62171453
0.16731721
0.61905324
0.17160839
0.13301514
0.33698523
0.20907973
0.16735215
0.6237419
0.6547426
0.33868557
0.1859667
0.19874313
0.3771884
0.68839353
0.16080628
0.16940947
0.5682283
0.67688495
0.697714
0.49856362
0.67031735
0.6805821
0.16990806
0.566937
0.5147112
0.19841467
0.18095618
0.17019926
0.34394684
0.22410464
0.50969
0.22096269
0.19310868
0.23609303
0.5793408
0.15165421
0.15604761
0.4686369
0.16490896
0.15901689
0.6884627
0.6330083
0.7101587
0.38576975
0.3756004
0.17350277
0.6447435
0.15317822
0.69781125
0.6827079
0.63805836
0.21762814
0.232462
0.351167
0.6261788
0.2777139
0.17074472
0.26143175
0.64536124
0.61540806
0.66566586
0.6361423
0.6895713
0.23138185
0.7191232
0.17009172
0.27215728
0.36057937
0.3790126
0.6740889
0.13827883
0.3487137
0.34163466
0.16900459
0.4956653
0.1537421
0.16128245
0.12786998
0.7095884
0.12001298
0.17955253
0.18703039
0.6736941
0.59633327
0.19699818
0.36955428
0.16223355
0.6236745
0.3852053
0.5215892
0.32720447
0.48729432
0.3517317
0.58133996
0.7073136
0.2236508
0.15129931
0.2089679
0.16985843
0.5821509
0.5875209
0.5647995
0.14179994
0.35862312
0.25634986
0.33369294
0.5477945
0.7134584
0.14408714
0.58177215
0.30441228
0.17611262
0.18497938
0.66544247
0.59671557
0.7307745
0.6861617
0.7049671
0.15358561
0.6671003
0.58725035
0.5194379
0.22864547
0.1554736
0.16097882
0.5779785
0.6912973
0.3747467
0.47330758
0.17966518
0.21677168
0.5071332
0.45351112
0.52095586
0.17200361
0.6156886
0.66399705
0.7329644
0.6991659
0.22049108
0.19301513
0.61031175
0.65278006
0.39069676
0.6741103
0.14368147
0.29964635
0.6126149
0.6209611
0.47660428
0.14386657
0.60246193
0.14789955
0.5632342
0.6232159
0.265503
0.6908044
0.34464246
0.15510936
0.5716083
0.6620888
0.56507385
0.29014105
0.51541716
0.24014547
0.69867426
0.14108577
0.19574666
0.59933174
0.71257985
0.6315988
0.6657693
0.16538411
0.19318265
0.1767081
0.6737384
0.20014223
0.13295177
0.21395144
0.13286833
0.14126246
0.66393
0.51175153
0.22633019
0.21952406
0.341358
0.62927383
0.52618223
0.13595062
0.6462949
0.65806895
0.50687796
0.37270758
0.69257385
0.68672645
0.17993674
0.14771508
0.15237752
0.14252569
0.603568
0.30384454
0.63033974
0.6547087
0.52524287
0.655336
0.67098933
0.65977055
0.6060283
0.13401474
0.6617561
0.29911536
0.62137705
0.17168649
0.17641367
0.5004136
0.6642447
0.55681056
0.2088647
0.617785
0.20597349
0.15775377
0.21396793
0.30970445
0.5832413
0.22870798
0.1602488
0.34907055
0.34357727
0.13946718
0.7014839
0.16694334
0.16579843
0.20304765
0.67912275
0.5842085
0.16487299
0.24407415
0.68081963
0.5303048
0.63352054
0.2801919
0.30084753
0.6313438
0.57126
0.30701444
0.13663577
0.6242678
0.55075556
0.15922926
0.1744033
0.42204243
0.38341147
0.6551196
0.60977393
0.16923061
0.18960525
0.19147433
0.17776595
0.63188314
0.6508995
0.357292
0.43951592
0.37249094
0.64345
0.6257352
0.67761433
0.38507977
0.659153
0.34201553
0.6470517
0.67672545
0.16717269
0.13901912
0.6435419
0.16840455
0.6778971
0.17860852
0.17191514
0.37547073
0.16506667
0.19006155
0.59267706
0.7422171
0.656347
0.32463896
0.21994047
0.23172781
0.17873375
0.64772844
0.31417707
0.57658124
0.1988671
0.14007975
0.6652818
0.49359533
0.6262751
0.3883641
0.1715867
0.22189084
0.18443392
0.6140271
0.7159017
0.15525296
0.6087193
0.6693466
0.3774635
0.66199905
0.5705484
0.35018456
0.5429652
0.13963401
0.56492215
0.21399716
0.68928385
0.4986919
0.15382221
0.16339305
0.569228
0.69828767
0.18453301
0.6054744
0.2017473
0.67647755
0.5735608
0.5140798
0.18375371
0.15000443
0.38962483
0.16258644
0.7165207
0.5520572
0.18044202
0.6070249
0.6143531
0.24215585
0.64291865
0.19253537
0.21387656
0.38597643
0.33167815
0.67103535
0.14479022
0.18804775
0.20237346
0.6983426
0.60585326
0.33325675
0.46794122
0.62424266
0.7056744
0.67246264
0.32071763
0.42164573
0.5792439
0.2445201
0.16600938
0.4568569
0.38031527
0.6375993
0.15113787
0.18998061
0.5947198
0.5802404
0.14989302
0.3757015
0.16901661
0.5155473
0.21943997
0.6336154
0.19305502
0.7251537
0.38294816
0.31728736
0.49218604
0.3166533
0.17505567
0.15658961
0.5456189
0.5903008
0.123134606
0.6201977
0.71502984
0.5622292
0.36412698
0.18081991
0.64599365
0.18435758
0.6506972
0.35235634
0.21237335
0.34194636
0.19459933
0.16394393
0.2166484
0.35059732
0.1914709
0.49593902
0.3733595
0.62904143
0.36484322
0.67391974
0.34974146
0.17786442
0.18623969
0.17600337
0.19408494
0.6460531
0.18342257
0.1616807
0.3608066
0.6732343
0.63987315
0.39692357
0.1517424
0.17600285
0.15380336
0.667258
0.19291037
0.6630784
0.44539374
0.39191017
0.6826835
0.17303579
0.58593124
0.6753307
0.18480682
0.6284885
0.60258883
0.14773464
0.48503777
0.14293331
0.6029015
0.619347
0.6582305
0.6392831
0.61377496
0.1917892
0.1869116
0.16348913
0.13719934
0.18113081
0.58355886
0.56402254
0.15240291
0.54581565
0.21541022
0.67342746
0.21968375
0.20547043
0.21486288
0.508887
0.4826528
0.1956645
0.21032567
0.16037196
0.60333735
0.17729653
0.7149996
0.69093484
0.60390097
0.20568028
0.5163237
0.19590184
0.3643004
0.30978325
0.20781837
0.5371095
0.18279327
0.60372543
0.16996334
0.6300708
0.5417825
0.24274011
0.21711366
0.17428206
0.6557397
0.6054225
0.5866248
0.31677353
0.21228732
0.6345359
0.44818157
0.6171045
0.14876036
0.621228
0.5733182
0.36889786
0.19891244
0.38149104
0.66723096
0.5966891
0.10300991
0.6745667
0.6140097
0.22382705
0.20320745
0.14371048
0.5779611
0.1812235
0.55147016
0.7163976
0.15715447
0.16630416
0.1797799
0.19391592
0.48620987
0.64601976
0.6339425
0.54909474
0.35925016
0.5436933
0.26154757
0.6712513
0.5465101
0.71183294
0.16314685
0.1777736
0.34638837
0.1172207
0.6336961
0.57600486
0.15677525
0.59469205
0.14710231
0.15637231
0.64138275
0.3081394
0.46600577
0.5933698
0.1819384
0.5476032
0.5444125
0.56882286
0.5240042
0.18649149
0.65654117
0.651647
0.5182887
0.17439985
0.6151361
0.67254466
0.5830715
0.62317055
0.57517844
0.6559123
0.6046652
0.26069415
0.24875483
0.62960815
0.1342048
0.23191555
0.22756718
0.1231088
0.17249587
0.14700596
0.67152905
0.5628472
0.3306162
0.49865928
0.6579708
0.18706304
0.14854902
0.6354887
0.1713097
0.71726376
0.7094119
0.5004077
0.45551285
0.608206
0.1847378
0.22194368
0.67863405
0.36164546
0.1525525
0.59162104
0.1697784
0.52811515
0.18081483
0.15799512
0.5987203
0.16682771
0.1982178
0.14901571
0.18633993
0.39186057
0.19628942
0.20161925
0.6108979
0.5827629
0.3428232
0.12196395
0.58618397
0.1772747
0.17848146
0.69983834
0.48559022
0.15944518
0.47251692
0.34219757
0.6684184
0.16945806
0.6522856
0.48407292
0.14521147
0.3672981
0.25645798
0.38385904
0.12518631
0.15014021
0.17285207
0.52318114
0.46202758
0.16211043
0.6347447
0.19873962
0.13628356
0.3640149
0.15626524
0.6419038
0.5264722
0.58761555
0.19561906
0.2707331
0.23830926
0.62537354
0.24357785
0.6444986
0.15642671
0.2568651
0.55856377
0.19380859
0.17703633
0.640686
0.69109243
0.31631413
0.6158561
0.14966619
0.19353233
0.6746781
0.5715726
0.54563403
0.17430928
0.6813101
0.71863574
0.48498955
0.69320816
0.15685733
0.70322335
0.5918969
0.7179045
0.20262185
0.17615047
0.15216142
0.33967158
0.19298951
0.67470413
0.15445335
0.6405365
0.3570976
0.60977983
0.685299
0.18109718
0.16191694
0.15957956
0.54001075
0.6582739
0.551235
0.7334512
0.6075191
0.48148677
0.62479484
0.1491842
0.3355902
0.5005624
0.6553474
0.19752675
0.5812434
0.5465096
0.6858112
0.6039665
0.18289128
0.18672836
0.5600904
0.6777913
0.14630416
0.514292
0.36846486
0.6255779
0.13335474
0.19926473
0.60999143
0.6253309
0.5586353
0.65820265
0.63570493
0.13315003
0.19535543
0.35077193
0.6808744
0.6814968
0.369662
0.7002332
0.53854954
0.59961987
0.71573853
0.6656101
0.16846116
0.18999046
0.6856093
0.18145673
0.24631488
0.17711931
0.64226377
0.18488503
0.16430315
0.13580337
0.34221053
0.70581204
0.34671864
0.5345123
0.24876687
0.49693495
0.18836047
0.34212863
0.35128167
0.2792299
0.12346209
0.18316044
0.5369934
0.39088014
0.64242154
0.16745527
0.6821576
0.37181073
0.29811063
0.26632145
0.507312
0.48702595
0.35980818
0.54504406
0.20274119
0.37568352
0.14858751
0.5911107
0.35730356
0.50330454
0.40636957
0.35283646
0.66897976
0.16492926
0.67423594
0.6566447
0.5583203
0.5280836
0.21570352
0.63417536
0.6516872
0.5736979
0.18346542
0.6639887
0.53116935
0.59034556
0.32938755
0.17664991
0.4818539
0.64716804
0.34055275
0.7039155
0.1729078
0.20066158
0.25673977
0.4574906
0.67410815
0.50214386
0.3559037
0.52232516
0.63837177
0.20452446
0.67201
0.67865914
0.5275906
0.5853879
0.54660416
0.3920715
0.22694421
0.6277598
0.39252794
0.69757915
0.3646329
0.65018904
0.50469136
0.5068351
0.7270306
0.20169011
0.54762346
0.79032594
0.17808759
0.60859466
0.14603499
0.17882909
0.15784241
0.14854841
0.3278326
0.19887425
0.48367402
0.48350954
0.676502
0.19157183
0.6186452
0.57424796
0.18764322
0.19580662
0.62543106
0.65114284
0.3355707
0.60955924
0.62276393
0.5741863
0.17174602
0.7230864
0.19912724
0.70078003
0.23591089
0.19662349
0.3687665
0.6843324
0.16538589
0.74838513
0.37957498
0.58387226
0.36592856
0.16077451
0.62492615
0.68069524
0.20547569
0.7500096
0.6071423
0.17396694
0.6444388
0.22136521
0.15631264
0.3233663
0.3145809
0.5243356
0.56366676
0.5144354
0.52399313
0.60429674
0.39317194
0.56952864
0.15963158
0.6167743
0.2825681
0.33815458
0.15517665
0.15568276
0.7409991
0.3584602
0.4626714
0.14698859
0.68577725
0.45385626
0.15590869
0.6263448
0.15612978
0.39281768
0.5929999
0.19862795
0.18898048
0.5999992
0.69147635
0.38253665
0.549456
0.5820953
0.13223657
0.3793288
0.6916339
0.3463606
0.36514077
0.14585997
0.17415339
0.37808922
0.3862699
0.37131274
0.65312636
0.70404905
0.56844276
0.16061488
0.3818791
0.67689717
0.24041866
0.20864217
0.59120446
0.19348814
0.5922888
0.7138268
0.686578
0.66322327
0.14917079
0.16459465
0.5710579
0.6825498
0.6971075
0.6131525
0.4912785
0.38565788
0.6737958
0.20703214
0.67682815
0.7449606
0.19114758
0.24470887
0.17632923
0.16204877
0.6589296
0.64105004
0.58268976
0.14493151
0.68018025
0.15833142
0.5349225
0.1838563
0.68126214
0.61996025
0.6307199
0.6590184
0.6083063
0.17846444
0.3820233
0.157329
0.5549902
0.64709777
0.44917744
0.17584604
0.66423845
0.7198348
0.5471215
0.22225054
0.63150716
0.1975939
0.62396675
0.615858
0.66932786
0.17643939
0.3530815
0.6623139
0.19611754
0.21066491
0.19117343
0.65010715
0.19895189
0.5535585
0.64213276
0.5259658
0.23620974
0.16244712
0.57338053
0.6901408
0.20206958
0.6887292
0.48081994
0.17195614
0.17448325
0.18952054
0.19386241
0.6068408
0.32782638
0.21995002
0.628974
0.5812745
0.18539494
0.16318145
0.682656
0.19467798
0.6352107
0.16986597
0.17302905
0.16583823
0.16563879
0.6074232
0.15985414
0.14387853
0.6208931
0.20501664
0.18525693
0.47564152
0.4960854
0.16134198
0.19838929
0.34603646
0.35740194
0.58710027
0.53002584
0.62894523
0.16170858
0.5811708
0.14866239
0.6041371
0.23867448
0.681079
0.66830015
0.61961555
0.59523886
0.16657513
0.18871467
0.29747218
0.5641011
0.3755073
0.61978453
0.39773816
0.5333272
0.36429855
0.5649522
0.53144765
0.34545872
0.5899858
0.5789983
0.6899491
0.51753527
0.61862236
0.1808898
0.13336167
0.60173315
0.19285132
0.14604959
0.21411628
0.19991359
0.5944093
0.5230399
0.7411986
0.63555086
0.14041562
0.73577535
0.22969262
0.26878026
0.2234691
0.6642365
0.16091435
0.18523799
0.3634352
0.67747086
0.202018
0.3859974
0.14665698
0.15418278
0.14643359
0.20309447
0.19796371
0.64045006
0.14428286
0.6683699
0.2495823
0.38530308
0.15119539
0.624524
0.5343633
0.19663535
0.24578878
0.68460965
0.63700116
0.16642231
0.1877591
0.14966181
0.32444987
0.5737678
0.6996781
0.22687656
0.63752085
0.5636215
0.65366673
0.13840649
0.6720106
0.19597788
0.20215383
0.47793683
0.6569012
0.17136136
0.36916304
0.60875374
0.18903956
0.15375285
0.16270743
0.21461456
0.7161886
0.6642532
0.1441041
0.35652876
0.69482684
0.13937429
0.3832382
0.661873
0.17064291
0.21998076
0.6726095
0.16669321
0.15329048
0.65773296
0.36972678
0.6965192
0.18979084
0.15676598
0.19162351
0.16454902
0.20264328
0.5670547
0.33850577
0.16960852
0.36067763
0.67630225
0.5483419
0.58782727
0.51185584
0.16010964
0.16526018
0.6284443
0.1905154
0.33870688
0.24999565
0.37452373
0.687262
0.39978787
0.19055705
0.65952384
0.35054797
0.20441301
0.5454098
0.61821866
0.63116705
0.16449642
0.68012404
0.15913968
0.38373762
0.5616698
0.6566931
0.19158317
0.56275934
0.6563212
0.16098325
0.18320045
0.6327549
0.14273502
0.6433466
0.16220276
0.5749251
0.38811344
0.16414618
0.6654009
0.18741246
0.15365185
0.45618737
0.6857774
0.1676736
0.21297802
0.7119962
0.55344623
0.60948694
0.59658885
0.48685053
0.63774157
0.5426893
0.14166911
0.6659507
0.18617639
0.3377344
0.17905335
0.22384416
0.57791096
0.16937089
0.66018397
0.48572186
0.19476698
0.17550266
0.2051683
0.16456439
0.6512885
0.1935907
0.677256
0.15091527
0.39721915
0.54064137
0.68124473
0.6614891
0.6253122
0.19661571
0.6202897
0.15721641
0.2340314
0.18611391
0.2805902
0.17942014
0.57674813
0.3812088
0.38624793
0.17828056
0.54083425
0.6401513
0.62982416
0.6314796
0.67625654
0.6092961
0.57285494
0.5854135
0.5855781
0.18018562
0.5028771
0.56427145
0.1617965
0.57743865
0.6530991
0.17279662
0.65070975
0.1807101
0.5199575
0.68083405
0.701942
0.5263606
0.56223446
0.6096536
0.16284247
0.12387668
0.1810353
0.17546348
0.35160732
0.2088683
0.15762602
0.6377224
0.62447244
0.59321606
0.4014708
0.30927965
0.16608964
0.35953915
0.34532827
0.4185999
0.14413877
0.6419025
0.24734078
0.6081044
0.1646061
0.49550065
0.7009523
0.6576721
0.5637207
0.17969817
0.6051702
0.22212276
0.5158928
0.15091285
0.16754168
0.17723519
0.34589997
0.6468712
0.16278233
0.17285766
0.5545967
0.67504346
0.53941625
0.13352151
0.6539848
0.58478785
0.5676572
0.1720351
0.16021739
0.66118234
0.23619212
0.18600203
0.3476327
0.4445494
0.5274142
0.3425921
0.1752265
0.60265803
0.51284236
0.1430806
0.4944771
0.33896214
0.22546628
0.18914242
0.6883722
0.60962564
0.1576743
0.18114953
0.15970498
0.6170953
0.22256379
0.58645004
0.31777316
0.5850952
0.1594618
0.14672366
0.63671625
0.66166264
0.6197827
0.5568166
0.49246278
0.72662646
0.17457059
0.19365017
0.15666136
0.6300823