0.5233766
0.7164625
0.3990045
0.45080024
0.38702017
0.17064376
0.15498237
0.67813355
0.37587398
0.56252563
0.2582924
0.18863828
0.18084045
0.35520422
0.7189369
0.2165328
0.19149357
0.58956724
0.19945756
0.4283816
0.51906914
0.1850498
0.37517646
0.14969756
0.15262252
0.23913732
0.40600562
0.623536
0.32560456
0.6594054
0.16657928
0.3552222
0.55687165
0.38669696
0.3971193
0.35173047
0.48616558
0.6135655
0.67489475
0.7040077
0.22056928
0.4691359
0.16885401
0.37212497
0.17244089
0.120636515
0.5160937
0.65527457
0.18685853
0.7115898
0.61467487
0.1735847
0.70662606
0.68808687
0.41127884
0.14162904
0.45788476
0.14075908
0.18090132
0.19133647
0.4619937
0.6614187
0.45981634
0.39182317
0.64151245
0.64682496
0.49530435
0.15261443
0.61332387
0.5304564
0.6908889
0.19152561
0.6502919
0.5092589
0.26119235
0.1796688
0.16482948
0.5013455
0.4013821
0.37507325
0.17757812
0.1529725
0.40659058
0.67387706
0.64390296
0.15936881
0.4358595
0.64979523
0.5469069
0.41669804
0.17553917
0.17954977
0.6999256
0.7139001
0.25623745
0.1454036
0.6310873
0.66027117
0.6814236
0.6677629
0.36801794
0.41389802
0.1611882
0.16460589
0.3937184
0.19670543
0.16778108
0.6530632
0.65506625
0.71729624
0.16934569
0.3806236
0.68435484
0.16409299
0.32092723
0.16329212
0.19556293
0.16939096
0.68156916
0.57686454
0.54018056
0.6623424
0.1982273
0.70628166
0.19951393
0.6902034
0.21874872
0.17074193
0.17873664
0.55960363
0.58980143
0.6637258
0.14946023
0.6126436
0.1907536
0.1758543
0.573331
0.64624405
0.3785021
0.1745399
0.70712614
0.18453543
0.66577154
0.17725897
0.6759524
0.16988783
0.15262282
0.34553334
0.2901678
0.21216884
0.6758201
0.70255864
0.38474587
0.16821131
0.2083767
0.3733486
0.70923734
0.16627896
0.18462633
0.4759143
0.61354023
0.6940537
0.43783548
0.5994094
0.69895995
0.20115747
0.5215836
0.51501137
0.15813585
0.19594646
0.17685689
0.36597544
0.19117947
0.6704227
0.20152321
0.18558145
0.17743814
0.7171583
0.26509565
0.17363165
0.5159648
0.17208862
0.1760419
0.68182117
0.58833843
0.6184026
0.38012618
0.39440808
0.16496558
0.6439281
0.17289218
0.7275576
0.70883393
0.6623681
0.19049671
0.13495089
0.4026553
0.623626
0.19439808
0.16464584
0.1409987
0.61729145
0.6996448
0.6694176
0.6880881
0.687437
0.2057193
0.6948999
0.19273584
0.14124565
0.38636163
0.37431484
0.66211283
0.3535882
0.3838267
0.3981349
0.15845247
0.57713145
0.1807991
0.18164307
0.19990289
0.69648916
0.25839752
0.16436721
0.18624808
0.6044704
0.6795492
0.21355581
0.35602432
0.15069401
0.645354
0.36280194
0.5909255
0.41347504
0.465785
0.27698722
0.6830266
0.707409
0.18061833
0.16850795
0.16322403
0.15915294
0.6896518
0.69067186
0.61340797
0.1926596
0.37095097
0.2646426
0.37387282
0.520147
0.6775603
0.15841842
0.5608023
0.21326087
0.15413147
0.1832554
0.6136837
0.6871176
0.7292888
0.69396025
0.7252744
0.1364841
0.6925625
0.5728396
0.57152534
0.22492716
0.18603833
0.1881574
0.6509128
0.64631206
0.36831358
0.45209792
0.17299387
0.20657605
0.6184373
0.42384937
0.6298132
0.18655886
0.6973025
0.67503554
0.7395698
0.7126616
0.23830675
0.17809208
0.62629044
0.68554157
0.37561455
0.6984214
0.16687427
0.398927
0.5959762
0.6631882
0.56289154
0.17115551
0.6558654
0.18620321
0.53759474
0.7038867
0.19483198
0.71510905
0.31323606
0.18859087
0.6663462
0.6580621
0.7091137
0.19341236
0.4706953
0.17581953
0.5631497
0.20234647
0.1947387
0.632277
0.71565807
0.6426975
0.6873453
0.1951751
0.21630996
0.16236854
0.5784302
0.19556779
0.13755037
0.19205064
0.16804329
0.14229047
0.70889884
0.4676018
0.18835336
0.14405343
0.41044414
0.68975884
0.6458029
0.19171062
0.65640545
0.7034552
0.5309743
0.36785287
0.66357136
0.70068586
0.18831807
0.18281452
0.17366701
0.19743735
0.65035236
0.37421775
0.6669466
0.6003633
0.622987
0.649458
0.6712744
0.64615405
0.517388
0.17200832
0.6758429
0.379869
0.6444578
0.16080604
0.18790266
0.5565524
0.72181815
0.5011699
0.17487663
0.6850826
0.16925874
0.18859574
0.235056
0.39752924
0.6349628
0.14115417
0.19092299
0.391065
0.3902362
0.18709567
0.7186925
0.14011507
0.16938823
0.17240568
0.6327072
0.6190049
0.17997584
0.17578207
0.71150064
0.49397102
0.6068922
0.18197297
0.31065208
0.6289097
0.698006
0.376019
0.219758
0.6311344
0.5101587
0.1830494
0.17281617
0.41754952
0.40089756
0.61366373
0.6310724
0.18161382
0.16382818
0.21010417
0.1539954
0.6788586
0.6330603
0.36176646
0.5273583
0.32086408
0.6727065
0.6236994
0.6399351
0.32822868
0.7055196
0.35310417
0.58115745
0.7236302
0.17008515
0.17564942
0.5913913
0.16771777
0.70182014
0.17546692
0.1492779
0.36706996
0.18164842
0.19112188
0.6758296
0.75765496
0.6575119
0.37207234
0.19357134
0.24739201
0.17518222
0.56672716
0.3748092
0.6503106
0.15638235
0.16779901
0.67282206
0.5515216
0.66387826
0.3678254
0.16150315
0.1673003
0.17577314
0.59559685
0.7017215
0.28684312
0.5844715
0.6722108
0.39128292
0.69582653
0.68191504
0.41291496
0.55514085
0.14925326
0.5866917
0.204822
0.6270219
0.6400927
0.1609306
0.16906339
0.6479559
0.66479605
0.16290599
0.6917974
0.18219034
0.685664
0.6039543
0.6020617
0.17420048
0.20481776
0.38362998
0.14947674
0.62999153
0.49797794
0.17994645
0.5892212
0.6328777
0.1361828
0.6933552
0.19379432
0.13525131
0.36032492
0.35240346
0.70340276
0.19806558
0.24347651
0.12917027
0.6502948
0.633259
0.32263812
0.41650462
0.574807
0.7245242
0.7129233
0.36042252
0.32433334
0.6969763
0.13961563
0.19082169
0.46596932
0.37536412
0.6837718
0.16975845
0.17132476
0.6123715
0.64619285
0.16713664
0.27975547
0.17181034
0.6199162
0.1697247
0.6027984
0.13772441
0.57302403
0.39779687
0.37614182
0.5133479
0.37927952
0.16685605
0.17845474
0.550352
0.6572784
0.33670983
0.67698956
0.6984444
0.54766464
0.38281402
0.16641523
0.6798638
0.15830532
0.6070608
0.38056925
0.25097176
0.35743624
0.19003002
0.17516781
0.17749454
0.3957489
0.16565043
0.472175
0.36886722
0.5722042
0.3685456
0.64776397
0.3450408
0.20969214
0.16594946
0.1810457
0.21184307
0.6983635
0.17496374
0.20324963
0.35809875
0.7113458
0.67798454
0.3801879
0.19376817
0.20380513
0.16851723
0.695235
0.1710153
0.6796533
0.44781545
0.36862883
0.67125666
0.14287408
0.55647635
0.70193595
0.17952877
0.6850691
0.6439969
0.15341283
0.45599818
0.19012171
0.6657544
0.68858653
0.63250375
0.55141747
0.679552
0.21646465
0.16961226
0.17396943
0.17494127
0.2828048
0.6903988
0.5444821
0.15621407
0.5457003
0.16887924
0.7700311
0.24810582
0.19258438
0.29811805
0.57238245
0.4976935
0.16102082
0.21323329
0.19343558
0.72854435
0.19583751
0.7705358
0.6809174
0.5555529
0.17551471
0.6411915
0.16706066
0.31022
0.39296782
0.1929449
0.46810466
0.16392037
0.6073075
0.18754952
0.6945355
0.68890405
0.19196843
0.15782717
0.18253538
0.7132631
0.5464184
0.60032624
0.3524328
0.21465625
0.66879666
0.43165767
0.6950955
0.18803729
0.6105768
0.6131069
0.38290462
0.19869293
0.38815063
0.69338256
0.6876924
0.15882175
0.707907
0.66090196
0.24725111
0.19989389
0.1662077
0.6741242
0.23137133
0.59162533
0.69523364
0.17627458
0.16727653
0.21133576
0.24157757
0.55440086
0.58744854
0.6929244
0.6956689
0.4089649
0.5879477
0.18612656
0.6850973
0.5457353
0.75743353
0.18028453
0.16444029
0.3720476
0.200256
0.677325
0.5743774
0.1836937
0.7070489
0.17678496
0.17335379
0.6029336
0.39639494
0.5180642
0.6611863
0.18498401
0.6113766
0.50946873
0.6357131
0.5213256
0.17577304
0.6792198
0.64864683
0.6115163
0.16917673
0.46666974
0.66756994
0.6298303
0.68748057
0.51849097
0.6170967
0.6924098
0.17689016
0.2074061
0.5840701
0.18750648
0.32269078
0.20280765
0.19611897
0.15374812
0.19384083
0.6601424
0.60413516
0.37982118
0.45252192
0.6876326
0.18408401
0.19258858
0.69819736
0.17507446
0.6766801
0.695113
0.56073993
0.44839588
0.6485155
0.17224318
0.31239897
0.684032
0.3962617
0.16936637
0.5544554
0.17623784
0.65924627
0.17300014
0.15582323
0.6008033
0.17697367
0.1936238
0.19697018
0.21169107
0.38964275
0.17631191
0.19318664
0.68553734
0.60190547
0.3981584
0.18168525
0.615546
0.21973729
0.17636743
0.70861244
0.42239252
0.23354504
0.49541825
0.398717
0.6949453
0.14882305
0.7340237
0.57597756
0.17963655
0.3652087
0.29224926
0.39110136
0.20687151
0.15873545
0.18301693
0.64969033
0.48983
0.19188298
0.69686365
0.21640992
0.16406924
0.36007652
0.17851527
0.60644835
0.44340646
0.5223967
0.18998167
0.2880392
0.16908698
0.54797316
0.19950466
0.7038981
0.17467704
0.29202908
0.55890626
0.17708257
0.17110783
0.67919177
0.6012953
0.39454314
0.6615828
0.15986064
0.18612024
0.68215275
0.5827153
0.5708079
0.17291647
0.7108249
0.7318024
0.4970386
0.6783008
0.20788653
0.76513094
0.61288667
0.6931999
0.2142217
0.25699782
0.18990414
0.38844213
0.1856623
0.6248264
0.17667374
0.6948153
0.34681785
0.6244617
0.711192
0.17485662
0.15953411
0.155227
0.64959246
0.6230996
0.64074254
0.70688045
0.4669193
0.43035775
0.6036185
0.16910225
0.3191995
0.53749007
0.5762068
0.15676239
0.6283063
0.5331137
0.75252956
0.6894365
0.16399369
0.19593589
0.65147907
0.6797171
0.15744315
0.65677667
0.4084675
0.6805204
0.17582949
0.20372492
0.67686886
0.5849437
0.55862874
0.70832634
0.61821586
0.18088686
0.1698682
0.18526474
0.6430319
0.67150974
0.3411309
0.7209082
0.42894676
0.68364555
0.7206543
0.72951084
0.16431227
0.2165125
0.7167718
0.14428222
0.1823915
0.15167768
0.71830016
0.17009687
0.20408566
0.17895138
0.3784085
0.62252337
0.4136595
0.6313136
0.17017414
0.5060833
0.17059195
0.36243176
0.4186471
0.30447388
0.16440466
0.17100322
0.640612
0.3675763
0.6519866
0.17559737
0.70422727
0.36958817
0.19302356
0.17502266
0.5380927
0.44136444
0.38756204
0.57879883
0.19106941
0.40569994
0.16349617
0.5388627
0.377809
0.51086587
0.3786069
0.31803408
0.7035966
0.1942209
0.64511746
0.60718405
0.65342015
0.62578064
0.20807402
0.62199986
0.69617784
0.59950566
0.16440177
0.6922483
0.55670077
0.69842744
0.40736276
0.19557498
0.4882254
0.6259726
0.37191868
0.68886817
0.19807209
0.14934438
0.21160859
0.619798
0.6841471
0.43309146
0.379763
0.52492887
0.53774977
0.16285777
0.6808587
0.6459876
0.5994029
0.57320696
0.5952044
0.38348028
0.215933
0.68175167
0.37847644
0.68987834
0.35910726
0.71079254
0.46808326
0.5116457
0.7415411
0.3079611
0.5088037
0.748306
0.1749866
0.68905544
0.15614039
0.1837029
0.17805825
0.20152347
0.41956002
0.14819887
0.5538138
0.4990495
0.68811214
0.15908808
0.5759789
0.6160548
0.20845841
0.18782637
0.619772
0.7246973
0.32474667
0.6508238
0.6797453
0.6440804
0.1819464
0.65991473
0.26223356
0.70241493
0.15419134
0.16960588
0.3643153
0.6519629
0.17115627
0.7326422
0.3926084
0.6890274
0.36990827
0.14597681
0.57901096
0.73947734
0.20389788
0.7857277
0.706131
0.1742566
0.6608381
0.19356352
0.19706123
0.40551084
0.36363158
0.53750044
0.60360086
0.51301795
0.41895747
0.66962737
0.3851023
0.47336793
0.1715389
0.7146497
0.39528573
0.3747351
0.17904252
0.19118665
0.72912717
0.39965388
0.36467552
0.16939662
0.6235903
0.44353276
0.16890627
0.6149461
0.186614
0.37106138
0.6195051
0.3007884
0.15935932
0.5825163
0.597018
0.39475915
0.5636466
0.5563709
0.16964962
0.39222983
0.6984637
0.38374427
0.38696578
0.20960377
0.15627116
0.3830388
0.37911513
0.3607735
0.5885976
0.7806587
0.64741606
0.16021572
0.37646562
0.6308112
0.22573264
0.17641045
0.6490211
0.20138398
0.62735707
0.7091889
0.6829255
0.6934873
0.17495103
0.19950745
0.6223522
0.6901292
0.6211475
0.63999075
0.5872734
0.37740076
0.64976645
0.12182112
0.62028325
0.7507518
0.17159897
0.16306767
0.15425685
0.16681586
0.68233603
0.6049714
0.59523445
0.32701257
0.6936693
0.19137287
0.4762734
0.183744
0.6139016
0.6727975
0.66329557
0.68002576
0.64795506
0.22923419
0.39305514
0.19527322
0.61391455
0.5629005
0.40895382
0.16802205
0.69794977
0.68135345
0.48073012
0.20110439
0.63360107
0.1625454
0.64450645
0.63816744
0.6573087
0.16929294
0.37788585
0.627858
0.15695758
0.15380678
0.1764476
0.67967075
0.16691469
0.5104053
0.6757372
0.56336415
0.18261029
0.1775265
0.5383758
0.7054368
0.20261207
0.6772945
0.422202
0.16436693
0.17306627
0.272426
0.15489036
0.62076217
0.39201292
0.1615563
0.6194766
0.6703192
0.15367238
0.24204406
0.6181465
0.18813099
0.60674316
0.20876351
0.15054843
0.19678889
0.18964577
0.68495303
0.1525405
0.1646107
0.6422222
0.18663543
0.20496978
0.4385273
0.5476468
0.14031115
0.19463341
0.3696103
0.39336264
0.60690874
0.62464833
0.56648296
0.142225
0.6146638
0.17540333
0.68858784
0.15549622
0.7162332
0.6915695
0.65346056
0.6047059
0.19172439
0.20168868
0.42288283
0.62766534
0.38005632
0.5622721
0.41828123
0.5946667
0.39925516
0.49352962
0.4990163
0.37540352
0.6647122
0.6833515
0.6843587
0.42188454
0.71142125
0.1424201
0.15951069
0.6776512
0.24197365
0.17239591
0.17285888
0.18758139
0.61966157
0.660813
0.7460211
0.70980066
0.21220079
0.719331
0.17698961
0.1813999
0.2689502
0.55333316
0.1588438
0.18232916
0.3875633
0.5822736
0.23937894
0.40013123
0.2048922
0.16760431
0.18902934
0.17843944
0.20149253
0.68379146
0.22026145
0.71822613
0.30561423
0.37903798
0.178247
0.67872137
0.6234113
0.18733706
0.18017973
0.6038319
0.63567287
0.16574892
0.18722035
0.15774162
0.38498637
0.6809701
0.7036202
0.21228912
0.664494
0.54782665
0.69498336
0.16175282
0.7029753
0.17002416
0.1882644
0.47657433
0.7301955
0.19274123
0.36648864
0.66353816
0.19023596
0.14703496
0.18694906
0.1690214
0.7104274
0.5957186
0.1947042
0.2897689
0.6848553
0.16552041
0.5100883
0.64984286
0.17589083
0.18006009
0.6974279
0.18863216
0.17813355
0.66179925
0.38079637
0.6196949
0.17320667
0.16762309
0.1604835
0.13142231
0.27855203
0.6111865
0.36374307
0.20132785
0.38067055
0.6671841
0.5631282
0.66840005
0.41294706
0.28158802
0.19969988
0.5987928
0.16474418
0.3918831
0.16460447
0.32788166
0.69639313
0.3755685
0.30256715
0.6347739
0.37604147
0.20274699
0.53459793
0.6767008
0.7068268
0.17413159
0.61413807
0.18300512
0.3917606
0.4944392
0.62272966
0.18665235
0.48558056
0.624538
0.1822813
0.16722178
0.68179125
0.22410914
0.727482
0.17758046
0.63632125
0.33648884
0.17483765
0.6247561
0.12708698
0.17818913
0.49733692
0.66410387
0.20662445
0.29407552
0.72608376
0.4685048
0.6431957
0.69667417
0.44258383
0.6117322
0.45217103
0.20026025
0.7073743
0.1838194
0.411761
0.15795963
0.22949576
0.64332116
0.19133964
0.66929615
0.509053
0.19454855
0.17852186
0.17302948
0.20063391
0.61564875
0.23547503
0.69953007
0.17790124
0.37002853
0.4601079
0.71480936
0.65771264
0.70138806
0.17519486
0.6651329
0.19458434
0.1989317
0.22623774
0.1740447
0.1566985
0.50630546
0.3998489
0.38747615
0.18001369
0.4372131
0.6571845
0.6603861
0.6592613
0.6304632
0.56215334
0.63804144
0.56291145
0.65920246
0.1711639
0.433912
0.47955835
0.16030245
0.54401755
0.60071486
0.18064493
0.61921877
0.19742067
0.47386593
0.7017828
0.69952583
0.5292838
0.47564626
0.6851564
0.19157732
0.19464262
0.16279033
0.24298134
0.3594733
0.3139507
0.16840242
0.60190845
0.6895388
0.6441982
0.3671099
0.41319853
0.19262998
0.3860735
0.4137448
0.42495543
0.17250453
0.69435185
0.29311505
0.52197486
0.17207687
0.5859252
0.6990566
0.6843416
0.49029475
0.15125631
0.5542056
0.18488011
0.5801228
0.16907838
0.225042
0.18831778
0.4097621
0.68864655
0.16926889
0.15879385
0.4220887
0.6680068
0.5912061
0.16696385
0.6862668
0.5766627
0.69243836
0.17945169
0.20708077
0.5977381
0.22559667
0.16652684
0.33574256
0.45397308
0.47593254
0.37683114
0.18674599
0.6390833
0.47895536
0.19583023
0.45293257
0.40483254
0.2786762
0.17296946
0.6643685
0.65625376
0.18972836
0.16256899
0.19204366
0.6719614
0.1603719
0.6464098
0.3368214
0.64310545
0.16051671
0.17832509
0.59757185
0.6793166
0.639478
0.5628435
0.49341178
0.7273606
0.20102355
0.16492349
0.16252047
0.54588133