0.50957525
0.54814386
0.39070696
0.48911637
0.40393645
0.33365285
0.3278217
0.5688491
0.40672725
0.47991595
0.36769336
0.3161213
0.33359918
0.42251372
0.5723365
0.34925964
0.34006065
0.46612155
0.3412833
0.49719897
0.5131361
0.33945197
0.3932837
0.313181
0.33284846
0.3813563
0.48803976
0.5303761
0.40248746
0.5544666
0.31861854
0.40535888
0.5580143
0.4171105
0.3910142
0.39651343
0.49895576
0.54625887
0.57427543
0.55156946
0.36688533
0.5111449
0.33072168
0.39775273
0.32745394
0.35699236
0.51355255
0.54852664
0.32822573
0.5773418
0.5661296
0.32301655
0.53507054
0.5583964
0.4795097
0.33357942
0.4777239
0.3661781
0.33347592
0.3709516
0.49830773
0.52933043
0.5045741
0.3905578
0.53167367
0.5583427
0.53371155
0.3755332
0.54348844
0.5125264
0.53844273
0.3627298
0.5730242
0.4885127
0.37040257
0.31330952
0.32157964
0.48810285
0.39748192
0.4039006
0.35636333
0.3280693
0.41276804
0.5224771
0.53093237
0.33245218
0.4844624
0.5122539
0.4640347
0.50464803
0.32060736
0.33574206
0.53785515
0.57752705
0.36198953
0.38865972
0.538355
0.53208095
0.5686383
0.50211215
0.39418134
0.39566153
0.33153635
0.3234899
0.4043228
0.35953653
0.31747776
0.5269898
0.5500769
0.5635593
0.36495218
0.3889172
0.5494717
0.3635746
0.4097212
0.3300782
0.34656823
0.40654853
0.51870185
0.52968615
0.53004533
0.5041176
0.41513264
0.54433376
0.34871736
0.5557685
0.35391477
0.36362857
0.33467117
0.51419544
0.53817666
0.51737314
0.35529265
0.48918575
0.33135876
0.33931005
0.5383865
0.5314808
0.4097378
0.35466352
0.55232096
0.32913005
0.534241
0.32736102
0.5379898
0.3425628
0.32565203
0.39727268
0.3935272
0.34647423
0.5696507
0.5243098
0.3866519
0.34586886
0.3436129
0.3926361
0.57101107
0.31561565
0.32925618
0.44685104
0.521079
0.5745193
0.4344652
0.5689825
0.5803702
0.34871817
0.5317109
0.5084295
0.35742968
0.33692724
0.33774468
0.403221
0.37127262
0.50792104
0.3809415
0.34763825
0.3690298
0.547662
0.36229897
0.34657082
0.48151088
0.31522736
0.32343355
0.5455292
0.5154519
0.5361751
0.40666097
0.38946423
0.34221596
0.5549679
0.32431498
0.5601741
0.56333286
0.5579477
0.38209763
0.35047594
0.40724313
0.5228259
0.38651702
0.31491402
0.38592282
0.55552447
0.5593445
0.49872047
0.5282281
0.56738424
0.3719099
0.5530477
0.3517331
0.38099998
0.4071356
0.401292
0.56862706
0.36776844
0.40369332
0.38967678
0.34732765
0.4938432
0.3496717
0.34302032
0.3291158
0.5359839
0.3450159
0.3291977
0.34651545
0.50865746
0.5065185
0.34469506
0.40201032
0.3227988
0.49336314
0.40404603
0.5066096
0.39067048
0.5198762
0.4394355
0.57421815
0.55194217
0.38109055
0.3245717
0.36834538
0.32689118
0.5285986
0.5518775
0.5217767
0.3348652
0.39967486
0.38130632
0.39876077
0.540884
0.58173805
0.34033734
0.5700553
0.40531027
0.34318364
0.34413645
0.521671
0.57374114
0.605016
0.55274576
0.5870541
0.34866673
0.5682184
0.5096806
0.5013592
0.3837142
0.33217973
0.33751422
0.5574371
0.54211175
0.42025933
0.46131858
0.3490985
0.3417714
0.4963314
0.51123464
0.53729844
0.34469348
0.5177293
0.5427751
0.5788962
0.5388006
0.36514515
0.32279462
0.50428915
0.5187081
0.40042764
0.56598985
0.3215098
0.39073792
0.51956147
0.47832873
0.47168446
0.3453665
0.5104402
0.34933195
0.56461805
0.53581125
0.3789708
0.59136766
0.4069335
0.34123144
0.5170946
0.54682255
0.55263036
0.3996237
0.49534652
0.3711018
0.5167511
0.33572865
0.338146
0.5615657
0.5936213
0.5175397
0.48269257
0.34966058
0.34279794
0.3426584
0.5400635
0.3298656
0.3447426
0.38984612
0.3242533
0.33756688
0.57617736
0.4999012
0.38171726
0.36977857
0.39882907
0.53774595
0.5337857
0.3252874
0.55687654
0.54822177
0.5022
0.39787218
0.5231789
0.56519896
0.34739554
0.32507023
0.3263942
0.33648157
0.5529457
0.4119931
0.54498154
0.5264387
0.49873003
0.54977876
0.55824536
0.53118163
0.5186635
0.3159573
0.5232935
0.42739585
0.5197637
0.33199683
0.32657003
0.5388009
0.5739672
0.5169906
0.40141693
0.52145934
0.37542987
0.3329549
0.38032258
0.39589828
0.5266608
0.34615466
0.31830448
0.40623748
0.39096135
0.3316257
0.56120694
0.34129307
0.318811
0.41620693
0.5219859
0.51129365
0.32217938
0.3584863
0.5277151
0.4705931
0.5409384
0.408355
0.43553558
0.49811783
0.5350201
0.38492528
0.35089085
0.4975367
0.50570554
0.3711204
0.33833244
0.41682732
0.4091383
0.55378616
0.5775911
0.34547123
0.31999046
0.36190695
0.32681698
0.5635379
0.5073787
0.39139512
0.53828424
0.43547025
0.5119897
0.540574
0.53172517
0.40918234
0.5360868
0.3899474
0.56909347
0.5656548
0.31526628
0.3219343
0.52482593
0.32180095
0.5601879
0.3583576
0.3274696
0.39881548
0.32715875
0.34981856
0.57483834
0.56193835
0.5483009
0.40642327
0.34413093
0.3653144
0.35207713
0.49249372
0.39656168
0.541926
0.3637128
0.3217723
0.53712714
0.4886836
0.5245946
0.39919382
0.3146487
0.38035116
0.32236797
0.5391383
0.53616494
0.3505833
0.5437929
0.53445363
0.39983517
0.526219
0.53330743
0.41064113
0.48742458
0.32848424
0.550183
0.34499803
0.52758
0.5463546
0.3306378
0.32972714
0.5836698
0.5582878
0.31009424
0.5259355
0.36135656
0.56072927
0.53177905
0.49865755
0.31989467
0.35380808
0.40841198
0.32763588
0.5377094
0.49969226
0.3295767
0.5146743
0.5264559
0.3581169
0.5350782
0.34736463
0.34906378
0.39649153
0.3892779
0.569757
0.3360275
0.37470624
0.37488124
0.538678
0.52022386
0.39693385
0.48197794
0.5448863
0.5621395
0.5598596
0.40524903
0.40823227
0.52281713
0.39314604
0.38608375
0.47299144
0.40046197
0.5531406
0.3565979
0.31911662
0.5139484
0.48112983
0.33903974
0.39798665
0.3198326
0.48050746
0.36214986
0.5463309
0.32047766
0.54866564
0.407296
0.3811833
0.5055501
0.39638826
0.31541327
0.34083125
0.53194845
0.54425985
0.35135585
0.5023952
0.5318557
0.49584264
0.4107532
0.3153638
0.5173586
0.34833264
0.49066633
0.41634768
0.3458359
0.37943748
0.3306012
0.3157291
0.37481746
0.41335836
0.34693485
0.5214247
0.40022394
0.47248137
0.40408728
0.5239954
0.41429713
0.36300215
0.31291026
0.34665176
0.35619992
0.52996993
0.33579955
0.3339221
0.42348537
0.5633933
0.55257535
0.41219425
0.3414407
0.3653296
0.3342004
0.58705634
0.31299272
0.5564471
0.5017659
0.40303877
0.53752416
0.35239375
0.5398446
0.6156925
0.329659
0.539211
0.52723724
0.32002375
0.5038426
0.33178446
0.5091987
0.5359788
0.49266437
0.5086946
0.5111867
0.34347895
0.320688
0.36225373
0.32459024
0.4014623
0.5780632
0.4748601
0.3407794
0.5272108
0.36514756
0.5704322
0.37596864
0.33238488
0.40444866
0.5643966
0.5059254
0.34349585
0.4021884
0.33453783
0.57335705
0.33527792
0.58189213
0.55927926
0.5152777
0.3603195
0.5570599
0.32013488
0.41303396
0.40141195
0.34610507
0.4931442
0.3364393
0.51797616
0.3313408
0.50522554
0.55132455
0.36665922
0.37709633
0.32346085
0.58000135
0.50057465
0.49383563
0.40356827
0.3782648
0.5508691
0.46694288
0.58106226
0.33102146
0.5337852
0.5439076
0.41425526
0.3453376
0.4049201
0.6023517
0.529955
0.3221098
0.56194
0.5031106
0.3720951
0.34599447
0.32480392
0.5403069
0.37811112
0.5783533
0.54082304
0.35172927
0.31724545
0.34061867
0.3507053
0.49644607
0.5006617
0.53426373
0.5161459
0.3890349
0.5468195
0.38533184
0.5638701
0.5104858
0.56441396
0.35421276
0.34354928
0.40477583
0.33148715
0.49708927
0.4888938
0.38267934
0.54373866
0.32288045
0.31878376
0.4946301
0.4228146
0.48823297
0.5337024
0.33861142
0.50354695
0.4616526
0.48115194
0.4949585
0.33598772
0.5191302
0.5454317
0.5412841
0.32888138
0.48743543
0.51475966
0.54580057
0.5005042
0.49052665
0.5418383
0.50824666
0.36858404
0.35631624
0.5347879
0.32727104
0.38381192
0.36389124
0.33095247
0.3265292
0.34413266
0.5580361
0.5065891
0.38636774
0.5007659
0.56241184
0.34077665
0.32896745
0.5437037
0.34028047
0.58740306
0.5405241
0.54099625
0.51448846
0.5528415
0.3307915
0.3691439
0.51809454
0.40393683
0.34183666
0.532233
0.3222362
0.5369714
0.3418713
0.32791603
0.53995013
0.31245092
0.33271846
0.33514807
0.34073296
0.40972108
0.34101373
0.36869758
0.5306708
0.5079109
0.39920616
0.32520545
0.4948351
0.35633203
0.31961152
0.5644616
0.50817025
0.3377949
0.48301008
0.40269503
0.56153435
0.32338253
0.53847295
0.5011374
0.33007747
0.39679813
0.3578808
0.40479624
0.3394106
0.33370355
0.3213529
0.5155748
0.5034925
0.33144593
0.502874
0.35271573
0.33827958
0.43544716
0.35227466
0.5256091
0.4860484
0.54634744
0.3254307
0.3818024
0.3711261
0.52665293
0.3581596
0.5511245
0.33861905
0.4164994
0.531388
0.3288948
0.32069182
0.51551056
0.547737
0.42434525
0.5466385
0.33198774
0.35949814
0.5910068
0.50264376
0.48084718
0.31879786
0.5551186
0.57533216
0.48605976
0.5652109
0.3649624
0.60746163
0.48802018
0.5615673
0.36402416
0.38429898
0.33866885
0.41188633
0.3305402
0.5280066
0.3239202
0.546698
0.4187932
0.5311895
0.53503716
0.32818046
0.328813
0.3259047
0.5322051
0.55222434
0.53187346
0.5891428
0.5026592
0.42151102
0.53048587
0.31982318
0.40608364
0.46464646
0.52231777
0.33220613
0.5334612
0.49520698
0.6385901
0.539777
0.32941952
0.36325124
0.51544505
0.52867895
0.32137105
0.53609705
0.3971629
0.49863723
0.3208512
0.37608677
0.54596573
0.5537296
0.5120703
0.5215994
0.55621016
0.32712433
0.32877585
0.3591682
0.53614163
0.5380225
0.38873258
0.53524935
0.49932072
0.5610995
0.5825359
0.5999674
0.34514463
0.40622622
0.5441067
0.35405153
0.3836438
0.32288498
0.5479995
0.31074408
0.34066212
0.32313585
0.388755
0.5360762
0.39570525
0.5096765
0.38424888
0.48937654
0.3626473
0.4150226
0.32898763
0.461391
0.333615
0.33300772
0.5321698
0.4103488
0.57105654
0.31909528
0.5391775
0.39799902
0.42590573
0.3841683
0.49585047
0.4867325
0.39705876
0.49098796
0.3949419
0.40590322
0.3262369
0.5199832
0.39332834
0.5411762
0.4040989
0.42481554
0.5631628
0.33823845
0.5365424
0.5202953
0.5303044
0.51148295
0.33560565
0.5113717
0.5603308
0.5021181
0.3322316
0.53436047
0.501373
0.5408611
0.49177653
0.3467225
0.47548127
0.5099812
0.41263768
0.5278867
0.35433644
0.36617985
0.33830842
0.531458
0.5307583
0.50714874
0.4063475
0.49251834
0.5134818
0.34655473
0.5821258
0.54682565
0.5010096
0.5213882
0.53676945
0.3997331
0.3430635
0.546033
0.411143
0.5621006
0.4233317
0.55839366
0.5054258
0.51199293
0.58717155
0.36579013
0.49945652
0.57421976
0.31922507
0.53466773
0.34131515
0.3349284
0.34104922
0.32540184
0.40613332
0.3709153
0.5111383
0.47976202
0.538281
0.33940363
0.49543798
0.5111558
0.3543143
0.32933098
0.5277989
0.60213095
0.38783532
0.5027877
0.5607887
0.4903925
0.32083586
0.5332184
0.39272922
0.572087
0.3842143
0.36654255
0.3984527
0.5257601
0.31890902
0.55484027
0.40089402
0.51829594
0.4046868
0.35771847
0.503411
0.5366719
0.34883168
0.5621595
0.5148467
0.32567197
0.5703763
0.37019232
0.32714742
0.3996325
0.42139193
0.4836911
0.5340842
0.52300286
0.47618854
0.5150689
0.4100265
0.48400354
0.3184639
0.5565723
0.39662442
0.40535113
0.34724975
0.3396955
0.6354993
0.41190195
0.53737116
0.33242226
0.5250168
0.49780738
0.3434087
0.49381992
0.32768103
0.40227792
0.57490945
0.31055236
0.32351038
0.48999554
0.52210915
0.4033834
0.52662015
0.5297277
0.3208189
0.401092
0.5572005
0.39616957
0.40093118
0.29548648
0.32816535
0.40756187
0.38921675
0.4281611
0.52763444
0.5998494
0.52410126
0.3587541
0.40247375
0.5429655
0.3746055
0.35393113
0.57000476
0.33515534
0.508656
0.54936105
0.5437828
0.56589055
0.32112327
0.33936343
0.5631288
0.5499594
0.5448124
0.5174921
0.51664627
0.40687624
0.54441863
0.34373814
0.53107345
0.51972336
0.3548866
0.39893904
0.33949524
0.31822005
0.531715
0.51591694
0.5032304
0.38565058
0.57252103
0.3523617
0.5060434
0.33141732
0.51671094
0.5463502
0.50925976
0.5350933
0.5200646
0.3783622
0.40484175
0.33249164
0.51415986
0.5451073
0.43350706
0.32648206
0.55853575
0.5487343
0.49905175
0.3891207
0.5535957
0.36088547
0.55240995
0.52743816
0.55352783
0.3332829
0.4188658
0.5219036
0.33584383
0.36547253
0.31720537
0.5334004
0.36576048
0.4830882
0.55477226
0.4666949
0.37640864
0.35146478
0.45890936
0.59172446
0.3262977
0.543257
0.4822264
0.3345481
0.36112213
0.35169622
0.34724307
0.51152426
0.40588874
0.39431688
0.5145522
0.54600066
0.31636167
0.306817
0.4893943
0.35527885
0.5117511
0.34688646
0.32317075
0.3627495
0.34506628
0.5627066
0.33822778
0.32852894
0.5340259
0.3383129
0.35574186
0.4553888
0.4760954
0.35452545
0.35892898
0.40352234
0.4094271
0.507149
0.50502187
0.5524928
0.3330054
0.52579814
0.32181972
0.52407455
0.37609288
0.5554843
0.5659425
0.527125
0.5255184
0.34411198
0.35114986
0.400556
0.5231122
0.40574902
0.51450557
0.4260367
0.5165676
0.41382828
0.48434883
0.5427407
0.38785902
0.51998085
0.5266968
0.5377999
0.5026717
0.6134966
0.38399363
0.3315535
0.5054862
0.3545743
0.35155615
0.36263707
0.36149186
0.52172107
0.5028575
0.5629462
0.5441359
0.34222475
0.55598277
0.37902692
0.3826804
0.36772624
0.5357626
0.3457758
0.32980645
0.39327458
0.5474881
0.3772504
0.4089111
0.33625245
0.3231389
0.32583413
0.33739394
0.35083172
0.51417685
0.344308
0.5687729
0.36486575
0.4044158
0.340371
0.5358437
0.5462531
0.32986546
0.37375006
0.54669994
0.48834723
0.31852594
0.32179344
0.32192644
0.41435808
0.54870194
0.57206273
0.37408528
0.5649168
0.49827978
0.5842362
0.3313935
0.5814978
0.33186665
0.35691452
0.5001938
0.5813135
0.3410065
0.39086825
0.5307309
0.32340062
0.36064157
0.32782724
0.38264424
0.5642379
0.5411958
0.3343218
0.44774288
0.5693971
0.33916372
0.5110862
0.5270744
0.32410005
0.39315733
0.5377676
0.34795615
0.33694893
0.4926144
0.40441218
0.50740415
0.3360282
0.32285392
0.3577211
0.33122286
0.37862733
0.49679628
0.3951825
0.3414346
0.4241223
0.5183911
0.49075818
0.5011183
0.48466685
0.37194797
0.33462664
0.56793416
0.34866333
0.40344486
0.36929384
0.4194342
0.5529801
0.41071442
0.27990264
0.5137022
0.40179464
0.40497434
0.54743457
0.5476448
0.5810364
0.33161053
0.548036
0.32725635
0.40411508
0.5081617
0.5499356
0.32368562
0.50654644
0.51522636
0.3235079
0.3229966
0.5357375
0.3490154
0.5526437
0.34754664
0.4854507
0.404151
0.3429034
0.55086994
0.35044935
0.32191545
0.47747955
0.56654525
0.34022906
0.35723624
0.5912483
0.52720106
0.49782783
0.5425326
0.4739248
0.5093937
0.4724407
0.33960086
0.50801826
0.33301577
0.40199724
0.3521311
0.37230816
0.5226944
0.3323762
0.5002027
0.5179242
0.3240602
0.3240587
0.36023507
0.3483883
0.5329458
0.3324105
0.54319876
0.33703008
0.4092587
0.47942924
0.5556196
0.5373046
0.5350346
0.34918866
0.5847509
0.37695783
0.3603734
0.35311705
0.4010353
0.34373268
0.43958032
0.4078354
0.39762267
0.31402397
0.5000036
0.5246008
0.5138131
0.53598183
0.5573277
0.5761484
0.5774126
0.51706344
0.53077227
0.35350055
0.43329328
0.48681313
0.32281286
0.50371265
0.50147897
0.32180235
0.528186
0.34687293
0.5034957
0.57045555
0.56574696
0.50075334
0.5068244
0.5344061
0.3489166
0.33573264
0.3588979
0.35640466
0.3972833
0.42717597
0.3212703
0.54426754
0.529945
0.52628857
0.40248618
0.40117863
0.33262852
0.4090361
0.39591208
0.4543069
0.33934996
0.56389344
0.37803584
0.48729646
0.3304328
0.49759224
0.5324554
0.55046314
0.4927212
0.32818863
0.52816474
0.40271142
0.49881965
0.3229467
0.33949482
0.32720122
0.39964703
0.54542744
0.33038938
0.38312656
0.5019933
0.5510947
0.52482283
0.32048056
0.56733537
0.51128703
0.5654172
0.32288343
0.33872092
0.5291866
0.40512
0.3312678
0.42187092
0.44446313
0.5143686
0.40116864
0.3510558
0.5326681
0.55828243
0.33143502
0.51570725
0.39862284
0.37611222
0.31786546
0.5336402
0.47945264
0.35297036
0.33216512
0.34577653
0.5417446
0.3713443
0.54246444
0.37813666
0.4952905
0.32422647
0.35325447
0.53455096
0.5525104
0.49893072
0.53820944
0.5036562
0.560484
0.34003502
0.35758677
0.32560173
0.4421331