0.99946684
1.0
0.0
0.9999993
0.0
0.0
0.0
1.0
0.0
0.9458229
0.0
0.0
0.0
0.0
0.99999976
0.0
0.0
0.6242763
0.0
0.99377304
0.9713651
0.0
0.0
0.0
0.0
0.0
0.886262
0.99916506
0.0
0.9999784
0.0
0.0
6.133279e-20
0.0
0.0
0.0
0.99997854
0.9895124
0.9999999
0.9999732
0.0
0.7017763
0.0
0.0
0.0
0.0
0.9999963
0.5636702
0.0
0.99997735
0.99028593
0.0
0.9999795
0.9978192
0.95984274
0.0
0.999798
0.0
0.0
0.0
1.0
0.99999964
0.9999999
0.0
0.8915516
0.97693753
1.0
0.0
0.66347003
0.99999857
0.99999964
0.0
0.9143305
0.45987222
0.0
0.0
0.0
0.99999976
0.0
0.0
0.0
0.0
0.0
0.99999976
0.99962723
0.0
0.99999547
0.99999666
0.9980558
0.8123361
0.0
0.0
0.99999714
0.99999666
0.0
0.0
0.9974662
0.9693745
1.0
0.99999976
0.0
0.0
0.0
0.0
0.0
0.0
0.0
0.9967001
0.9965449
0.9999902
0.0
0.0
0.9880036
0.0
0.0
0.0
0.0
0.0
0.9998727
0.922813
0.9984059
0.9999927
0.0
1.0
0.0
0.9626723
0.0
0.0
0.0
0.99772316
0.9985586
0.99324954
0.0
0.9976273
0.0
0.0
0.0
0.99999976
0.0
0.0
0.9999987
0.0
0.9962818
0.0
0.0
0.0
0.0
0.0
0.0
0.0
0.99997973
0.99367297
0.0
0.0
0.0
0.0
0.9999994
0.0
0.0
0.97529763
1.0
0.9999937
0.32781014
0.99999857
0.99835557
0.0
1.0
0.99972576
0.0
0.0
0.0
0.0
0.0
0.5261984
0.0
0.0
0.0
1.0
0.0
0.0
0.6543612
0.0
0.0
1.0
0.9992804
0.9999999
0.0
0.0
0.0
0.99965596
0.0
0.9999776
1.0
0.99985206
0.0
0.0
0.0
0.9980361
0.0
0.0
0.0
0.999238
0.9946016
0.9999919
0.99999917
1.0
0.0
1.0
0.0
0.0
0.0
0.0
0.99998844
0.0
0.0
0.0
0.0
0.42101565
0.0
0.0
0.0
0.99999964
0.0
0.0
0.0
1.0
0.9979552
0.0
0.0
0.0
0.99999607
0.0
0.4233673
0.0
0.9971378
0.0
0.9992022
1.0
0.0
0.0
0.0
0.0
0.9999815
0.9649454
0.8113295
0.0
0.0
0.0
0.0
0.34964266
1.0
0.0
0.660726
0.0
0.0
0.0
0.9999943
0.90589917
0.961668
0.9999999
0.9999927
0.0
0.9999982
0.9996302
0.88886976
0.0
0.0
0.0
0.31726065
0.9999976
0.0
0.0
0.0
0.0
0.98850423
0.42017376
0.33327568
0.0
0.99978906
0.9998946
1.0
1.0
0.0
0.0
0.99998355
0.9985328
0.0
0.9999988
0.0
0.0
0.70786357
0.9999944
0.99952435
0.0
0.9404542
0.0
0.45644584
0.9917065
0.0
0.9999951
0.0
0.0
0.9418731
0.99998677
1.0
0.0
0.9999906
0.0
1.0
0.0
0.0
0.48651934
0.9999994
0.9999373
0.99999976
0.0
0.0
0.0
0.9999312
0.0
0.0
0.0
0.0
0.0
0.9999963
0.9999305
0.0
0.0
0.0
0.99308187
0.40260404
0.0
0.99997914
0.9999409
0.5224909
0.0
1.0
0.9999505
0.0
0.0
0.0
0.0
0.99991786
0.0
0.9999877
0.9746903
0.62605166
0.9999664
0.9999342
0.999995
0.9876199
0.0
1.0
0.0
0.9986525
0.0
0.0
0.99991477
0.99999964
1.0
0.0
0.9996574
0.0
0.0
0.0
0.0
0.998635
0.0
0.0
0.0
0.0
0.0
0.9999994
0.0
0.0
0.0
0.99999964
0.9626195
0.0
0.0
1.0
0.9986325
0.99961334
0.0
0.0
0.9995956
0.9999893
0.0
0.0
0.999655
1.0
0.0
0.0
0.0
0.0
0.9997261
0.9938246
0.0
0.0
0.0
0.0
0.8708058
0.9999982
0.0
0.98162234
0.0
0.9999976
0.99994135
1.0
0.0
0.9968612
0.0
0.99859506
0.9971783
0.0
0.0
0.9999409
0.0
0.9999999
0.0
0.0
0.0
0.0
0.0
0.9996119
1.0
0.99999845
0.0
0.0
0.0
0.0
0.99999666
0.0
0.0
0.0
0.0
0.9999981
0.98116577
0.98527676
0.0
0.0
0.0
0.0
0.99955493
0.9999999
0.0
0.99966836
0.9999994
0.0
0.9999999
0.9898622
0.0
0.96486825
0.0
0.27462643
0.0
0.9999999
0.7323339
0.0
0.0
0.99997485
1.0
0.0
0.75273687
0.0
0.99999917
0.99879706
0.0
0.0
0.0
0.0
0.0
1.0
1.0
0.0
0.9986786
0.9830641
0.0
0.9998258
0.0
0.0
0.0
0.0
0.9999583
0.0
0.0
0.0
1.0
0.99969804
0.0
0.988705
0.94735837
0.9999999
0.98796344
0.0
0.0
0.99999917
0.0
0.0
0.9996649
0.0
0.9999963
0.0
0.0
0.9970023
0.9995382
0.0
0.0
0.0
0.4374097
0.0
0.869251
0.0
1.0
0.0
0.0
0.99999857
0.0
0.0
0.0
0.9999995
0.48195544
0.0
0.99783915
1.0
0.98613423
0.0
0.0
0.9995351
0.0
0.99639904
0.0
0.0
0.0
0.0
0.0
0.0
0.0
0.0
0.9999962
0.0
0.9999132
0.0
0.9999895
0.0
0.0
0.0
0.0
0.0
0.9995431
0.0
0.0
0.0
0.99990845
1.0
0.0
0.0
0.0
0.0
0.99998736
0.0
0.9999982
0.0
0.0
1.0
0.0
0.999406
0.9942549
0.0
0.9860728
0.99833786
0.0
0.99947995
0.0
1.0
0.99943584
1.0
0.999764
0.9991493
0.0
0.0
0.0
0.0
0.0
0.9995189
0.7862537
0.0
0.33558738
0.0
0.99990964
0.0
0.0
0.0
0.0
0.9995689
0.0
0.0
0.0
0.9999484
0.0
1.0
1.0
0.9705264
0.0
0.9517073
0.0
0.0
0.0
0.0
0.9999999
0.0
0.9503873
0.0
0.99911374
1.956197e-21
0.0
0.0
0.0
0.9965114
0.9999827
0.99959546
0.0
0.0
0.9742279
0.8262977
0.9988294
0.0
0.9994717
0.5346185
0.0
0.0
0.0
0.99969804
0.9997712
0.0
0.999998
0.99899274
0.0
0.0
0.0
0.99938333
0.0
0.52781916
0.9999993
0.0
0.0
0.0
0.0
0.99999356
0.99972874
0.9999267
0.93913907
0.0
0.99999833
0.0
0.9999987
0.93174237
0.9999727
0.0
0.0
0.0
0.0
0.99999976
0.9706505
0.0
0.9983529
0.0
0.0
0.99970716
0.0
0.999482
0.9985868
0.0
0.95947605
0.9585648
0.99997294
0.8055395
0.0
0.999985
0.99886537
0.0
0.0
0.3808937
0.99999976
0.99039537
0.9591585
0.93662757
0.9999995
0.99997675
0.0
0.0
0.99899393
0.0
0.0
0.0
0.0
0.0
0.0
0.9998456
0.8163918
0.0
0.99999905
0.99997795
0.0
0.0
0.9999589
0.0
0.99999976
0.9999958
0.99968815
0.4058927
0.9994597
0.0
0.0
1.0
0.0
0.0
0.950262
0.0
0.4240895
0.0
0.0
0.9299354
0.0
0.0
0.0
0.0
0.0
0.0
0.0
0.98960215
0.999689
0.0
0.0
0.9994479
0.0
0.0
0.9999757
0.9999981
0.0
0.99956316
0.0
0.9996809
0.0
1.0
0.0
0.0
0.0
0.0
0.0
0.0
0.0
0.0
0.69925845
0.4164338
0.0
0.99693596
0.0
0.0
0.0
0.0
0.99995327
1.0
0.929332
0.0
0.0
0.0
0.99826753
0.0
0.99990606
0.0
0.0
0.9999999
0.0
0.0
0.9981633
1.0
0.0
0.9998287
0.0
0.0
0.9977053
0.6618816
0.9956195
0.0
0.9999999
0.9994717
0.9985611
1.0
0.0
0.99999917
0.9989796
1.0
0.0
0.0
0.0
0.0
0.0
1.0
0.0
0.9999988
0.0
0.9398724
1.0
0.0
0.0
0.0
0.08811228
0.99999774
0.9998104
1.0
1.0
0.5196897
0.9761223
0.0
0.0
0.8439539
0.988593
0.0
0.999246
0.9425153
0.9981027
0.99857056
0.0
0.0
0.99542135
1.0
0.0
0.43096358
0.0
1.0
0.0
0.0
0.9999815
0.99994814
2.8363806e-10
0.99994445
0.9955421
0.0
0.0
0.0
1.0
1.0
0.0
1.0
0.9999995
0.9995715
1.0
0.99597377
0.0
0.0
0.99999094
0.0
0.0
0.0
0.69652677
0.0
0.0
0.0
0.0
1.0
0.0
0.9936604
0.0
0.9999968
0.0
0.0
0.0
0.0
0.0
0.0
0.43452176
0.0
0.95365006
0.0
0.99999976
0.0
0.0
0.0
0.7569537
0.9999895
0.0
0.3185765
0.0
0.0
0.0
1.0
0.0
0.0
0.0
0.0
1.0
0.0
0.99999785
0.999998
0.977088
0.99453235
0.0
0.999803
0.99999654
0.5444291
0.0
0.99997425
0.12959395
0.9997825
0.0
0.0
0.9999542
0.9998572
0.0
0.99999964
0.0
0.0
0.0
0.49447045
0.9999995
0.9999763
0.0
1.0
0.99999976
0.0
0.99999976
1.0
0.987225
0.97582656
0.8547987
0.0
0.0
0.9999876
0.0
0.99997497
0.0
0.99872917
0.99988794
0.9921327
0.99999714
0.0
1.0
0.99998605
0.0
0.9999393
0.0
0.0
0.0
0.0
0.0
0.0
0.99999905
0.97327405
0.9999995
0.0
0.9971335
0.7123607
0.0
0.0
0.9822282
0.6103781
0.0
0.99550664
0.9960294
0.999863
0.0
1.0
0.0
0.999913
0.0
0.0
0.0
0.9999813
0.0
1.0
0.0
0.9878059
0.0
0.0
0.9991248
1.0
0.0
0.99993885
0.9977609
0.0
0.88949805
0.0
0.0
0.0
0.0
0.8171891
0.3338533
0.9990964
0.9998883
0.7225142
0.0
1.0
0.0
0.4881065
0.0
0.0
0.0
0.0
0.9912401
0.0
0.9769275
0.0
0.99999917
0.6293871
0.0
0.99999213
0.0
0.0
0.99312323
0.0
0.0
0.9997756
1.0
0.0
6.476227e-10
0.99999976
0.0
0.0
1.0
0.0
0.0
0.0
0.0
0.0
0.0
0.0
0.9942321
0.99649554
0.59434974
0.0
0.0
0.99974936
0.0
0.0
0.51078266
0.0
0.99943393
1.0
0.99999964
0.99999857
0.0
0.0
0.6137162
0.9999999
1.0
0.9913448
0.99977547
0.0
0.9999988
0.0
1.0
0.99999976
0.0
0.0
0.0
0.0
0.99970394
0.9234318
0.999902
0.0
0.9999956
0.0
1.0
0.0
0.9997218
0.9993716
0.99999833
0.9999993
0.99995613
0.0
0.0
0.0
0.97623676
0.9995245
0.90046436
0.0
1.0
1.0
1.0
0.0
0.9997782
0.0
0.9998914
0.9856154
0.9999999
0.0
0.0
0.9999993
0.0
0.0
0.0
0.9999982
0.0
0.5875304
0.9901029
0.9823377
0.0
0.0
0.9879859
0.9997782
0.0
0.9999987
0.99466324
0.0
0.0
0.0
0.0
0.99974734
0.0
0.0
0.9948802
0.990957
0.0
0.0
0.9999728
0.0
0.9982309
0.0
0.0
0.0
0.0
0.99863714
0.0
0.0
0.9974087
0.0
0.0
0.9577434
0.00016641078
0.0
0.0
0.0
0.0
0.99893636
0.9932776
0.999833
0.0
0.9183298
0.0
0.9994972
0.0
0.9999999
0.9982913
0.9998118
0.99665666
0.0
0.0
0.0
0.9611117
0.0
0.9830987
0.0
0.43297216
0.0
0.31579047
0.8077803
0.0
0.8847155
0.74346316
0.9999893
0.9999888
0.9861573
0.0
0.0
0.99993956
0.0
0.0
0.0
0.0
0.90944946
0.93089753
0.9999995
0.99994195
0.0
0.99999845
0.0
0.0
0.0
0.99892104
0.0
0.0
0.0
1.0
0.0
0.0
0.0
0.0
0.0
0.0
0.0
0.9978156
0.0
0.99979633
0.0
0.0
0.0
0.9996799
0.59484863
0.0
0.0
1.0
0.9999813
0.0
0.0
0.0
0.0
0.5594944
1.0
0.0
0.9887538
0.98590267
0.9996061
0.0
0.9999541
0.0
0.0
0.0
0.99821556
0.0
0.0
0.9992792
0.0
0.0
0.0
0.0
0.99980503
0.9999933
0.0
0.0
0.99999607
0.0
0.4972537
0.9925685
0.0
0.0
0.99999976
0.0
0.0
0.99999976
0.0
0.9999999
0.0
0.0
0.0
0.0
0.0
0.99982846
0.0
0.0
0.0
0.99999785
1.0
0.99861634
0.99995565
0.0
0.0
0.8166321
0.0
0.0
0.0
0.0
0.9998215
0.0
0.0
1.0
0.0
0.0
0.22056507
0.89443415
0.9730363
0.0
0.99999404
0.0
0.0
0.0
0.99993575
0.0
0.99999845
0.9999647
0.0
0.0
0.99999917
0.0
0.99999046
0.0
0.98409677
0.0
0.0
0.99992466
0.0
0.0
0.49865928
0.9999765
0.0
0.0
0.9999995
0.9937921
0.9999944
0.9996728
0.99999976
0.9981762
1.0
0.0
1.0
0.0
0.0
0.0
0.0
1.0
0.0
0.9965533
0.9999634
0.0
0.0
0.0
0.0
0.9999893
0.0
0.99827445
0.0
0.0
0.9999999
0.9605433
0.99999726
0.9984989
0.0
0.98369825
0.0
0.0
0.0
0.0
0.0
0.99899167
0.0
0.0
0.0
0.103690416
0.9999981
0.9999633
0.99996614
1.0
0.9946597
0.8633126
0.9939003
0.9996402
0.0
0.6065875
1.0
0.0
0.7577223
0.99999964
0.0
0.9999701
0.0
1.0
1.0
0.9999999
1.0
1.0
0.9998915
0.0
0.0
0.0
0.0
0.0
0.0
0.0
0.99997914
0.99881315
0.9813136
0.0
0.0
0.0
0.0
0.0
0.39575323
0.0
0.9581362
0.0
0.9995074
0.0
0.57741666
0.9999999
0.99997795
1.0
0.0
0.9973443
0.0
0.8322832
0.0
0.0
0.0
0.0
0.9999968
0.0
0.0
1.0
0.9999869
1.0
0.0
0.9819226
0.99064386
1.0
0.0
0.0
0.9999895
0.0
0.0
0.0
0.9687918
0.9997135
0.0
0.0
0.99847716
0.99866533
0.0
0.9999999
0.0
0.0
0.0
1.0
0.99999034
0.0
0.0
0.0
0.9494804
0.0
0.8056462
0.0
0.9999988
0.0
0.0
0.9999497
0.9999999
0.99998856
1.0
0.0
1.0
0.0
0.0
0.0
0.99988794