0.99999356
1.0
0.0
0.9999999
0.0
0.0
0.0
1.0
0.0
0.9803713
0.0
0.0
0.0
0.083116405
1.0
0.0
0.0
0.9999449
0.0
0.9999888
0.99999595
0.0
0.0
0.0
0.0
0.0
0.9201626
0.9999981
0.0
1.0
0.0
0.0
0.43299618
0.0
2.4519763e-34
0.0
0.9999913
0.9999764
1.0
1.0
0.0
0.7441162
0.0
0.0
0.0
0.0
1.0
0.9907039
0.0
1.0
1.0
0.0
1.0
1.0
0.9542215
0.0
1.0
0.0
0.0
0.0
1.0
1.0
1.0
0.0
0.99772495
0.98334724
1.0
0.0
0.88886565
1.0
1.0
0.0
0.99192303
0.67651045
0.0
0.0
0.0
1.0
0.0
1.6911898e-38
0.0
0.0
0.0
1.0
1.0
0.0
1.0
1.0
1.0
0.999923
0.0
0.0
1.0
1.0
0.0
0.0
1.0
0.9998536
1.0
1.0
0.0
0.0
0.0
0.0
0.0
1.5492176e-26
0.0
0.9999999
0.99996257
1.0
0.0
0.0
0.9999949
0.0
0.0
0.0
0.0
0.0
0.9999993
0.84906363
0.9999999
1.0
0.0
1.0
0.0
0.99982303
0.0
0.0
0.0
1.0
1.0
0.9930084
0.0
0.9998522
0.0
0.0
0.1403462
1.0
0.0
0.0
0.9999329
0.0
0.9969215
0.0
0.9112169
0.0
0.0
0.0
0.0
0.0
1.0
0.9996606
0.0
0.0
0.0
3.820945e-34
1.0
0.0
0.0
0.9999472
1.0
1.0
0.5285223
0.99999595
0.9999999
0.0
1.0
1.0
0.0
0.0
0.0
0.0
0.0
0.21554962
0.0
0.0
0.0
1.0
0.0
0.0
0.54315937
0.0
0.0
1.0
1.0
1.0
0.0
0.0
0.0
1.0
0.0
1.0
1.0
1.0
0.0
0.0
0.0
0.99999774
0.0
0.0
0.0
0.9999999
1.0
0.99933857
1.0
1.0
0.0
1.0
0.0
0.0
0.0
0.0
1.0
0.0
0.0
0.0
0.0
0.025844727
0.0
0.0
0.0
1.0
0.0
0.0
0.0
1.0
1.0
0.0
0.0
0.0
1.0
0.0
0.3726748
0.0
0.999992
3.4878254e-16
0.9999995
1.0
0.0
0.0
0.0
0.0
1.0
0.99986875
0.9986632
0.0
0.0
0.0
0.0
0.3370241
1.0
0.0
0.9995983
0.0
0.0
0.0
1.0
0.99837214
0.9999969
0.9999999
1.0
0.0
1.0
1.0
0.7267481
8.533501e-25
0.0
0.0
0.8956046
1.0
0.0
0.12509677
0.0
0.0
0.99993646
0.025844727
0.39192435
0.0
0.9972984
0.99999917
1.0
1.0
0.0
0.0
1.0
1.0
9.4560956e-35
1.0
0.0
0.0
0.9996568
1.0
0.9995617
0.0
0.9998466
0.0
0.7697961
0.9998591
0.0
1.0
0.0
0.0
0.9596641
0.9999995
1.0
0.0
0.9999907
0.0
1.0
0.0
0.0
0.6468972
1.0
1.0
1.0
0.0
0.0
0.0
0.9995883
0.0
0.0
0.0
0.0
0.0
1.0
1.0
0.0
0.0
0.0
0.9999658
0.60917765
0.0
1.0
1.0
0.39393973
0.0
1.0
1.0
0.0
0.0
0.0
0.0
1.0
0.0
1.0
0.9757095
0.7530531
1.0
1.0
1.0
1.0
0.0
1.0
0.0
1.0
0.0
0.0
0.9999988
1.0
1.0
1.12617655e-14
1.0
0.0
0.0
0.0
0.0
0.9996117
0.0
0.0
0.0
0.0
0.0
1.0
0.0
0.0
0.0
1.0
0.9908155
0.0
0.0
1.0
0.9997658
0.9998698
2.1350977e-19
0.0
1.0
1.0
0.0
0.0
1.0
1.0
0.0
0.0
0.0
0.0
1.0
0.9998803
0.0
0.0
0.0
0.0
0.999887
1.0
0.0
0.6805756
0.0109381685
1.0
0.9999999
1.0
0.0
0.9999862
0.0
0.9999993
0.9999871
0.0
0.0
1.0
0.0
1.0
0.0
0.0
0.0
0.0
0.0
0.9990878
1.0
0.9999999
0.0
0.0
0.0
0.0
1.0
0.0
0.025844727
0.0
0.0
1.0
0.9716277
0.99566615
3.7240384e-36
0.0
0.0
0.0
1.0
1.0
0.0
0.99999714
1.0
0.0
1.0
0.9998925
0.0
0.9975206
0.0
0.025844727
0.0
1.0
0.9998834
0.0
0.0
1.0
1.0
0.0
0.8438252
0.0
1.0
0.99997056
0.039164253
0.0
0.0
0.0
0.0
1.0
1.0
0.0
0.9987746
0.999881
0.0
1.0
0.0
0.0
0.0
0.0
1.0
0.0
0.0
0.0
1.0
1.0
0.0
0.93780786
0.9972796
1.0
0.99979836
0.0
0.0
1.0
0.0
0.0
0.99993813
0.0
1.0
0.0
0.0
0.9999255
1.0
0.0
0.0
0.0
0.9347476
0.0
0.9994524
0.0
1.0
0.0
0.0
1.0
0.0
0.0
0.0
1.0
0.025844727
0.0
0.99988055
1.0
0.9999995
0.0
0.0
0.99999917
0.0
0.9971187
0.0
0.0
0.0
0.0
0.0
0.0
0.0
0.0
1.0
0.0
0.9999993
0.0
1.0
0.0
0.0
0.0
0.0
0.0
0.99916613
0.0
0.0
0.0
1.0
1.0
0.0
0.0
0.0
0.0
1.0
0.0
1.0
0.03641732
0.0
1.0
0.0
0.9999999
1.0
0.0
0.99997306
1.0
0.0
0.99999726
0.0
1.0
0.99999356
1.0
1.0
1.0
0.0
0.0
5.359778e-34
0.0
0.0
1.0
0.9985813
0.0
0.8628451
0.0
0.99999094
0.0
0.0
0.0
0.025844727
0.99982685
0.0
0.0
0.0
0.9999993
0.0
1.0
1.0
0.99969196
0.0
0.99993706
0.0
0.0
0.0
0.0
1.0
0.0
0.9999999
0.0
0.9984388
0.42271292
0.0
0.0
0.0
0.9999856
1.0
1.0
0.0
0.0
0.99971265
0.9164421
1.0
0.0
0.99999225
0.9700725
0.0
0.0
0.0
0.99999917
1.0
0.0
1.0
0.99996495
0.0
0.0
0.0
0.99996734
0.0
0.41977897
1.0
0.0
0.0
0.0
0.0
1.0
1.0
0.99999964
0.9557097
0.0
1.0
0.0
1.0
0.9999584
1.0
0.0
0.0
0.0
0.0
1.0
0.98986185
0.0
0.99536115
0.0
0.0
1.0
0.0
0.99976164
1.0
0.0
1.0
0.9928671
1.0
0.09350324
0.0
1.0
0.99927646
0.02821222
0.0
0.930348
1.0
0.99980646
0.99996376
0.99649423
1.0
0.999992
0.0
0.0
0.99961424
0.0
0.0
0.0
0.0
0.0
0.0
0.9999999
0.32191953
0.0
1.0
1.0
0.0
0.0
1.0
0.0
1.0
1.0
0.9999999
0.84418434
1.0
0.0
0.0
1.0
0.0
0.0
1.0
0.0
0.6169907
0.0
0.0
0.978014
0.0
0.0
0.0
0.0
0.0
0.0
0.0
0.99458575
1.0
0.0
0.0
1.0
0.0
0.0
1.0
1.0
0.0
1.0
0.0
1.0
0.0
1.0
0.025844727
0.0
0.0
0.0
0.0
0.0
0.0
0.0
0.99702054
0.6166837
0.0
0.99959
0.0
0.0
0.0
0.0
1.0
1.0
1.0
0.0
0.0
0.0
0.999813
0.0
0.9999918
0.0
0.0
1.0
0.0
0.0
0.99999166
1.0
0.0
1.0
0.0
0.0
0.99999964
0.9639129
1.1221174e-07
0.0
1.0
0.9999943
0.99998426
1.0
0.0
1.0
0.9999988
1.0
0.0
0.0
0.0
0.0
0.0
1.0
0.0
1.0
0.0
0.9998191
1.0
0.0
0.0
0.0
0.47261286
1.0
0.9999999
1.0
1.0
0.999226
0.99996626
0.0
0.0
0.9967546
0.9902388
0.0
1.0
0.99041545
0.99999833
0.99998856
0.0
0.0
1.0
1.0
0.0
0.43353006
0.0
1.0
0.0
0.0
1.0
0.96999323
0.43600857
0.9999697
0.99999976
0.0
0.0
0.0
1.0
1.0
0.0
1.0
0.9999999
0.9999999
1.0
0.99827254
0.0
0.0026733035
1.0
0.0
0.0
0.0
0.9999999
0.0
0.0
0.0
0.0
1.0
0.0
1.0
0.0
0.9999962
0.0
0.0
0.0
0.0
0.0
0.0
0.35503235
0.0
0.99979216
0.0
1.0
0.0
0.0
0.0
0.6028799
1.0
0.0
0.5731823
0.0
0.0
0.0
1.0
0.0
0.025844727
0.0
2.9399476e-23
1.0
0.0
1.0
1.0
0.9999083
0.99602926
0.0
0.99999666
0.9999999
0.025844727
0.0
0.9999999
0.025844727
1.0
0.025219738
0.0
1.0
1.0
0.0
1.0
0.0
0.0
0.0
0.293583
1.0
1.0
0.0
1.0
1.0
0.0
1.0
1.0
0.9219971
1.0
0.99999094
0.0
0.0
1.0
0.0
0.9999999
0.0
1.0
0.9999989
1.0
1.0
0.0
1.0
1.0
0.0
1.0
0.0
0.0
0.0
0.0
0.0
0.0
1.0
0.94285136
1.0
0.0
1.0
0.6935509
0.0
0.0
0.99998283
0.9921321
0.0
1.0
0.99998915
1.0
0.0
1.0
0.0
1.0
0.0
0.0
0.0
0.99998367
0.0
1.0
0.0
0.99999714
0.0
0.0
1.0
1.0
0.0
1.0
0.9985702
0.0
0.999432
0.0
0.0
0.0
0.0
1.0
0.025844727
1.0
1.0
0.9989555
0.0
1.0
0.0
0.9846201
0.0
0.0
0.0
0.0
1.0
0.0
0.99704057
0.0
1.0
0.825324
0.0
1.0
0.0
0.0
0.9999509
0.0
0.0
1.0
1.0
0.0
0.2632348
1.0
0.0
0.0
1.0
0.0
0.0
0.0
0.0
0.0
0.0
0.0
0.9999994
0.9999132
0.9836415
0.0
0.0
0.9999627
0.0
0.0
0.11381788
0.0
1.0
1.0
1.0
1.0
0.0
0.0
0.99984133
1.0
1.0
0.999713
0.9999702
0.0
1.0
0.0
1.0
0.9999819
0.0
0.0
0.0
0.0
0.99999785
1.0
0.9999975
0.0
1.0
0.0
1.0
0.0
1.0
1.0
1.0
1.0
1.0
0.0
0.0
0.0
1.0
1.0
0.99485296
0.0
1.0
1.0
1.0
4.90167e-39
1.0
0.0
1.0
0.9999436
1.0
0.0
0.0
1.0
0.0
0.0
0.0
1.0
0.0
0.99694806
0.9992654
1.0
0.0
0.0
0.9999993
1.0
0.0
1.0
0.99895716
0.0
0.0
0.0
0.0
0.9999982
0.0
0.0
0.9999858
1.0
0.0
0.0
1.0
1.1595819e-38
0.9989115
0.0
0.0
0.0
0.0
0.99999547
0.0
0.0
1.0
0.0
0.0
0.9999211
0.025844727
0.0
0.0
0.0
0.0
1.0
1.0
1.0
0.0
0.9985505
0.0
0.99994147
0.0
1.0
0.9999995
1.0
0.99999976
0.0
0.0
0.0
0.9832792
0.0
0.81166255
0.005735737
0.70463014
0.0
0.97610146
0.6890765
0.0
0.9970657
0.98191524
1.0
1.0
0.9998486
0.0
0.0
0.99999475
0.0
0.0
0.0
0.0
0.99766266
0.99999976
1.0
1.0
0.0
1.0
0.0
0.0
0.0
0.9999937
0.0
0.0
0.0
1.0
0.0
0.0
0.0
0.0
0.0
0.0
0.0
0.99999046
0.0
1.0
0.0
0.0
0.0
1.0
0.88438123
0.0
0.0
1.0
1.0
0.0
0.0
0.0
0.0
0.9969886
1.0
0.0
0.99935097
0.9999987
0.99999666
0.0
1.0
0.0
0.0
0.083905764
0.9999981
0.0
0.0
0.9998436
0.0
0.0
0.0
0.0
1.0
1.0
0.0
0.3393624
1.0
0.0
0.59078014
0.99999154
0.0
0.0
1.0
0.0
0.0
1.0
0.0
1.0
0.0
0.0
0.0
0.0
0.0
1.0
0.0
0.0
0.0
1.0
1.0
0.9998605
1.0
0.0
0.0
0.9997768
0.0
0.0
0.0
0.0
0.9999989
0.0
0.0
1.0
0.0
0.0
0.025844732
0.9989396
0.9998945
0.0
1.0
0.0
0.0
0.046726212
1.0
0.0
1.0
1.0
0.0
0.0
1.0
0.0
1.0
0.0
0.9752098
0.0
0.0
0.9999999
0.0
0.0
0.9128557
1.0
0.0
0.0
1.0
1.0
0.99999976
1.0
1.0
0.9999994
1.0
0.0
1.0
0.0
0.0
0.0
0.0
1.0
0.0
0.99999774
0.9999999
0.0
0.0
0.0
0.0
1.0
0.0
0.9999914
0.0
0.0
1.0
0.9999844
1.0
0.99978524
0.0
0.99175173
0.0
0.0
0.0
0.0
0.0
0.9999988
0.0
0.0
0.0
0.025844727
1.0
1.0
1.0
1.0
0.99999964
0.98319536
0.98598635
1.0
0.0
0.99442285
1.0
0.0
0.9220711
1.0
0.0
1.0
0.0
1.0
1.0
1.0
1.0
1.0
0.99999285
0.0
0.0
0.0
0.0
0.0
0.0
0.0
1.0
0.9999957
1.0
0.0
0.0
0.0
0.0
0.0
0.06146541
0.0
0.99981457
0.0
1.0
0.0
0.46029916
1.0
1.0
1.0
0.0
0.9997081
4.6152536e-20
0.997875
0.0
0.0
0.0
0.0
1.0
0.0
0.0
1.0
1.0
1.0
0.0
0.9999927
0.99513185
1.0
0.0
0.0
0.9999999
0.0
0.0
0.0
0.9904236
0.9999999
0.0
0.0
1.0
0.99732554
0.0
1.0
0.0
0.0
0.0
1.0
1.0
0.0
0.0
0.0
0.9915153
0.0
0.99949336
0.0
0.99999857
0.0
0.0
1.0
1.0
1.0
1.0
0.025844727
1.0
0.0
0.0
0.0
1.0