0.631963
0.7812839
0.32295662
0.6361044
0.3460764
0.1869785
0.19657171
0.791983
0.35950458
0.5339799
0.38406193
0.1994835
0.2278267
0.24804212
0.7716072
0.16399862
0.22681054
0.42863137
0.1606155
0.5520397
0.59047675
0.2427961
0.3132627
0.19535375
0.15981656
0.16143154
0.55329096
0.57753056
0.22851014
0.6924287
0.20930079
0.25429088
0.59688926
0.29488942
0.22837912
0.33666226
0.6350739
0.72673815
0.77003026
0.74878615
0.21304
0.5372349
0.18151936
0.32728603
0.21623033
0.11230542
0.6801491
0.7234678
0.20464464
0.7668826
0.6663015
0.18561311
0.6954537
0.7584815
0.5324029
0.17721066
0.5241797
0.11584046
0.17396224
0.18084584
0.6282251
0.6431757
0.6098508
0.3602848
0.62988025
0.6245514
0.678601
0.09689012
0.6495843
0.61210185
0.65677583
0.1778427
0.71806514
0.5706716
0.31231973
0.18780585
0.21104571
0.5619629
0.36616802
0.350248
0.1470484
0.18037811
0.3308518
0.68040454
0.6827909
0.16392255
0.57327235
0.7650828
0.66746676
0.68530536
0.1992533
0.2146155
0.6807991
0.70630497
0.32376575
0.10006755
0.6566472
0.6397951
0.76403224
0.6809796
0.3499263
0.3110221
0.19815966
0.21182387
0.33844376
0.17257361
0.17123334
0.64848095
0.7299374
0.73453355
0.16900831
0.33886918
0.7786283
0.15141568
0.23150897
0.12476288
0.20096156
0.12920539
0.7710954
0.6239423
0.6459673
0.7531871
0.12525946
0.81277984
0.16373782
0.79592013
0.16265278
0.13692039
0.22232263
0.6218577
0.68450797
0.63852984
0.09774786
0.624699
0.15731522
0.1855532
0.63011056
0.6944952
0.35709697
0.12513189
0.7978452
0.23883773
0.7333394
0.21443312
0.44483072
0.13289379
0.18092272
0.40081334
0.056687996
0.15906551
0.7262649
0.7083841
0.31556508
0.14856464
0.18881099
0.3441107
0.726095
0.18291193
0.20518677
0.5332423
0.6890257
0.75909376
0.42041916
0.7270347
0.79426837
0.19035318
0.69752693
0.608966
0.11747374
0.19407737
0.19503376
0.27418363
0.18833633
0.6342499
0.18801336
0.17238946
0.18350044
0.79444474
0.13197178
0.17796822
0.6115131
0.19233821
0.2063537
0.7374653
0.56711864
0.68884003
0.34230274
0.3388274
0.12792154
0.73737943
0.20152718
0.83642113
0.69615567
0.7214356
0.1532248
0.09197591
0.34581622
0.6866156
0.16544041
0.1938396
0.10434367
0.68950516
0.7104537
0.7338883
0.71138895
0.72828627
0.1745363
0.7400577
0.16862492
0.0760905
0.34449148
0.34909227
0.788922
0.10432885
0.35187212
0.31398916
0.13841578
0.60327446
0.18251395
0.1587918
0.057408392
0.7563982
0.13429216
0.17525321
0.20064792
0.6814451
0.6663557
0.1742184
0.3386925
0.18740869
0.62907624
0.3644966
0.57572097
0.31808782
0.53861225
0.24522842
0.7360704
0.75043416
0.11500555
0.17863546
0.12093239
0.18389523
0.675562
0.67403024
0.61362463
0.19367455
0.2915699
0.32600975
0.32244998
0.53326315
0.7803117
0.17399243
0.68959427
0.20306697
0.19315176
0.2041757
0.5829957
0.7380911
0.68068165
0.68234205
0.76578164
0.1410346
0.7589214
0.62207234
0.539515
0.17565693
0.17888786
0.18378937
0.62744695
0.72633475
0.25986013
0.35104337
0.13141789
0.18579242
0.59025264
0.5137583
0.5773791
0.2177281
0.7814843
0.6473952
0.7937223
0.69953376
0.34164062
0.23786926
0.6154276
0.76582694
0.34272823
0.7635421
0.18106371
0.3147196
0.66783065
0.60603344
0.6299698
0.19362655
0.72277
0.15042698
0.6514498
0.71310407
0.11192953
0.7477725
0.23171501
0.20370387
0.63926435
0.7432188
0.7988971
0.1301081
0.6231452
0.10478523
0.6832276
0.17466366
0.19158192
0.6457684
0.74838805
0.5922901
0.7291329
0.19101326
0.18151785
0.13613911
0.6699637
0.23344037
0.14417447
0.14356747
0.19396895
0.1696531
0.77424294
0.5506649
0.16265395
0.08798082
0.3421696
0.72399
0.69616956
0.16508716
0.6982899
0.7429882
0.65676314
0.33599287
0.6618135
0.7566772
0.18847159
0.17867348
0.17940208
0.18803103
0.69083494
0.38635087
0.6879981
0.586169
0.6108536
0.6450207
0.7477087
0.6163552
0.61093533
0.166611
0.65701693
0.39312035
0.6144619
0.13370194
0.21685536
0.6217705
0.78278536
0.6780191
0.12138519
0.6659413
0.06625614
0.19290563
0.1587442
0.3099257
0.66609746
0.164244
0.17414404
0.35681993
0.26444206
0.1989351
0.774346
0.16300894
0.20982414
0.12887678
0.62315
0.60223836
0.20424874
0.1352742
0.7766041
0.6172106
0.61997867
0.079558335
0.36507532
0.5946175
0.72487926
0.42312038
0.15072773
0.62048054
0.634811
0.11879133
0.20548062
0.079671755
0.3513447
0.63251466
0.7677931
0.19025059
0.19891512
0.16529623
0.22472273
0.6736314
0.6037909
0.4113547
0.57955384
0.2305421
0.6967455
0.7273522
0.68283236
0.2454979
0.7490945
0.25607643
0.6690737
0.79824513
0.20376086
0.18398923
0.5575417
0.2106937
0.78285944
0.13616791
0.17682566
0.3467838
0.19750191
0.20238365
0.75637114
0.8296323
0.75982124
0.41037205
0.21828268
0.18470766
0.20123982
0.5878299
0.2652242
0.5990468
0.121259905
0.17358474
0.741801
0.6113089
0.65435094
0.33871514
0.19325793
0.09830258
0.20782228
0.67097896
0.78978705
0.1209788
0.67843384
0.74437255
0.34874722
0.6763408
0.6887592
0.32477173
0.601343
0.14569803
0.71226865
0.20254087
0.7152151
0.71101797
0.1932428
0.18424383
0.71354693
0.7570037
0.19984756
0.75057715
0.16906628
0.7782845
0.6972768
0.61412215
0.23012762
0.13384743
0.35729563
0.17257527
0.69489586
0.61493725
0.21934533
0.6068079
0.7382423
0.1170525
0.72460955
0.19774204
0.10575472
0.3487118
0.19697002
0.76640224
0.19501318
0.12280265
0.121802285
0.64504033
0.67227226
0.22381581
0.5092252
0.5519303
0.7186818
0.7859671
0.28554899
0.20729716
0.78331965
0.07251399
0.12982878
0.5420523
0.33732828
0.7182116
0.11895533
0.2354871
0.6024847
0.638569
0.17084238
0.1334458
0.20643938
0.5968412
0.13877106
0.66214406
0.16106153
0.7191535
0.35922414
0.28538713
0.6508007
0.12204051
0.20723034
0.18620047
0.74164194
0.60927314
0.095433876
0.7680191
0.8286916
0.5806482
0.31393552
0.22320893
0.66593474
0.13344897
0.7183663
0.24830374
0.32024327
0.44297558
0.23497497
0.18896104
0.10333026
0.31784487
0.17914054
0.642586
0.32331046
0.6845905
0.30746984
0.66945285
0.29063767
0.15894055
0.21535805
0.14276956
0.19058889
0.77056813
0.17578499
0.19177848
0.24586652
0.7390577
0.77891
0.3519547
0.1977288
0.22571506
0.16553847
0.7370109
0.21618764
0.7531943
0.51472694
0.34785083
0.6659618
0.19391324
0.59509474
0.75592333
0.23137918
0.7192845
0.6111175
0.18311086
0.5651416
0.18758647
0.7714664
0.6869078
0.61695075
0.5372507
0.64610785
0.18179469
0.23336294
0.15216301
0.17556328
0.12874942
0.84173256
0.5421736
0.19938931
0.6672197
0.13574073
0.86190486
0.33123988
0.22802563
0.30476618
0.6104
0.6301829
0.14788315
0.12377297
0.2016269
0.7415733
0.20432924
0.8091363
0.7957167
0.6833229
0.17580798
0.7662373
0.2264741
0.24297492
0.30920845
0.18454637
0.56569123
0.13765612
0.5626258
0.20298535
0.8060702
0.6715713
0.18358606
0.1151282
0.2066251
0.74174017
0.63362026
0.6330331
0.3632716
0.13319072
0.671445
0.53652847
0.7674637
0.18301272
0.6513906
0.6707304
0.35783318
0.19880898
0.342556
0.8112419
0.688967
0.04869373
0.8472374
0.73394203
0.18438914
0.17618014
0.18289138
0.721185
0.32022133
0.68192726
0.78523797
0.17637792
0.20303318
0.17982775
0.18508522
0.6153855
0.57336754
0.7129982
0.6947117
0.31339544
0.8030046
0.075348906
0.6909865
0.69478095
0.7929431
0.15334748
0.20035332
0.30104244
0.15280871
0.6402318
0.53461146
0.107125655
0.7736934
0.17025395
0.17784831
0.63255924
0.40510783
0.5791402
0.74092
0.1704487
0.61191523
0.49607703
0.7107035
0.50698435
0.1837554
0.7043902
0.7083564
0.6377253
0.15080906
0.61778605
0.7328713
0.64211726
0.7450263
0.6550011
0.66514397
0.6458658
0.15064614
0.1955762
0.68777937
0.17098577
0.2996021
0.09178707
0.15429686
0.1960219
0.17016876
0.7242605
0.5751772
0.24671723
0.648679
0.7828713
0.14764729
0.16847488
0.7136487
0.20724891
0.7769051
0.8320796
0.7178281
0.56774634
0.67546386
0.22608694
0.34404814
0.710344
0.34569576
0.1570193
0.7144494
0.20333578
0.61716765
0.19727351
0.18681835
0.59879136
0.18861844
0.22188129
0.19067284
0.18706156
0.37558514
0.1952723
0.15177904
0.69976044
0.65549284
0.30302384
0.1530341
0.57130075
0.18436575
0.20519426
0.79482013
0.5553279
0.15752761
0.60159624
0.33190098
0.70005167
0.17574269
0.93742967
0.5914601
0.19136845
0.34092888
0.28335342
0.35215697
0.17209847
0.20437902
0.20826629
0.6526393
0.56443596
0.21411707
0.7124836
0.20873679
0.16410388
0.28782496
0.14873926
0.6062219
0.5985737
0.61371493
0.24388222
0.28576547
0.13044621
0.6469224
0.18537061
0.65867597
0.2035781
0.2723865
0.7136632
0.21715596
0.20131932
0.76827127
0.7753384
0.404967
0.6943575
0.14666952
0.14226694
0.7162337
0.5364635
0.6304639
0.20648074
0.6986679
0.7578415
0.6323023
0.72936136
0.15190025
0.81893647
0.64613664
0.7603476
0.17901996
0.09373336
0.1990835
0.40924463
0.23683661
0.7420092
0.20793626
0.75683296
0.26862234
0.64497036
0.6797565
0.21518342
0.18755527
0.19680391
0.66117156
0.7241127
0.68491554
0.78216326
0.6780879
0.5640977
0.65401906
0.18797101
0.20570262
0.6120719
0.58086604
0.20924456
0.69960004
0.68198514
0.7220264
0.73135793
0.21069077
0.21175666
0.6726598
0.70864815
0.17727932
0.64736456
0.35349822
0.6825657
0.16738941
0.17643182
0.73743004
0.6388014
0.5193543
0.75081444
0.6389628
0.1651389
0.22888206
0.19853613
0.71875864
0.72421384
0.17234287
0.77406776
0.5406226
0.7275201
0.7541414
0.73147947
0.15921515
0.08469819
0.7326839
0.118980736
0.14897852
0.16667348
0.7158721
0.2052551
0.18702649
0.1815238
0.269939
0.71436876
0.3343765
0.63585633
0.1330179
0.6782212
0.16361868
0.3770531
0.042782165
0.08843466
0.1567984
0.22035958
0.6541893
0.3645755
0.6278032
0.21019402
0.6901887
0.350979
0.119655356
0.14016902
0.54204035
0.58284646
0.29223636
0.59768564
0.097485885
0.33960074
0.17206846
0.6927658
0.34328973
0.5911514
0.36781228
0.23293461
0.8178189
0.18821628
0.71978027
0.5910607
0.7045874
0.6759932
0.2080737
0.6637742
0.75549597
0.5808829
0.22754338
0.6555164
0.5420607
0.7060847
0.25773087
0.18972918
0.5520459
0.72413313
0.312907
0.7851408
0.19641533
0.096565865
0.24561152
0.6554079
0.79005843
0.5923163
0.33002868
0.64580077
0.6208898
0.1491769
0.7938204
0.75621414
0.69177186
0.6363675
0.6917118
0.29220217
0.18277003
0.74237084
0.3721185
0.7330409
0.26568964
0.765393
0.6105423
0.6168348
0.7989018
0.3573005
0.6850698
0.69154245
0.20599258
0.7347923
0.19862288
0.22236156
0.1048296
0.18268038
0.335088
0.11747545
0.64023435
0.6361481
0.6837435
0.1642746
0.5801507
0.60763747
0.17393985
0.24255644
0.7348184
0.7183095
0.24553049
0.6471593
0.7573288
0.6024011
0.20731856
0.65753686
0.114482075
0.79880947
0.117342636
0.15563075
0.33824444
0.6407954
0.21151882
0.8554109
0.33591032
0.72828436
0.3095765
0.141531
0.5535068
0.73516786
0.14971872
0.84681666
0.7186737
0.21698013
0.7050892
0.14300025
0.200946
0.30608234
0.3926749
0.5483893
0.5756741
0.67784727
0.529324
0.6783861
0.37262323
0.63685966
0.20370093
0.74627507
0.29264733
0.2990468
0.17464489
0.20217523
0.54948276
0.3538059
0.58237505
0.18276714
0.64761627
0.620726
0.1777841
0.59262115
0.21112563
0.3607176
0.7061839
0.28780025
0.20860146
0.5908888
0.722788
0.36238787
0.60277826
0.69787884
0.17134272
0.35812086
0.7381053
0.34427765
0.35013908
0.22787881
0.12557048
0.32222658
0.32739866
0.27110612
0.6870636
0.82540977
0.7231701
0.13264714
0.34067637
0.7254899
0.15519238
0.14506263
0.6907333
0.2143242
0.65409154
0.72552246
0.74151975
0.7474422
0.19605719
0.19708496
0.6694492
0.68405426
0.626446
0.7079152
0.7216992
0.34531707
0.7601856
0.086969726
0.6853008
0.8201961
0.17943856
0.108012825
0.19199346
0.1958947
0.7059807
0.71359235
0.647863
0.0916531
0.7882869
0.12074487
0.5947611
0.21304302
0.6779105
0.7220791
0.71190375
0.74453014
0.72179276
0.12909742
0.3413073
0.19583239
0.66919917
0.6149168
0.4691101
0.22371724
0.8083168
0.70617306
0.67119133
0.15047902
0.7402022
0.12700841
0.61558515
0.7203209
0.7425934
0.19277585
0.31721342
0.62196296
0.12733237
0.13701224
0.2215757
0.64760864
0.18395418
0.5168871
0.7287454
0.55488914
0.10237812
0.13689679
0.56679267
0.671116
0.22198093
0.6873142
0.59658515
0.18939699
0.174023
0.16680908
0.1498006
0.67786294
0.324948
0.13234022
0.66135365
0.6813712
0.18753114
0.20425513
0.68015194
0.20563205
0.5985557
0.19508497
0.16414982
0.16952038
0.19033289
0.74768794
0.18140452
0.20262137
0.7080093
0.20357327
0.16791695
0.5297154
0.55469584
0.15390727
0.094392315
0.2768443
0.3476205
0.6952935
0.6551386
0.66582614
0.14994825
0.5728229
0.16980426
0.7284319
0.096212156
0.7091706
0.7723912
0.67208505
0.6139965
0.18188407
0.20692086
0.3269704
0.68979424
0.3235108
0.5581432
0.37273434
0.5953102
0.35492137
0.6177266
0.6645565
0.28277802
0.6875156
0.67038065
0.7990543
0.54568887
0.77545124
0.07702224
0.16950625
0.6386914
0.1445295
0.14404523
0.19159973
0.20850185
0.60401636
0.6525193
0.8220695
0.68739027
0.18079391
0.8391293
0.13274057
0.15769756
0.32280502
0.62801045
0.16322316
0.22559977
0.354614
0.677688
0.15412973
0.36805284
0.18838874
0.18568756
0.17402859
0.23281048
0.1818543
0.7734751
0.18043743
0.7774403
0.32225433
0.37014464
0.17733791
0.6585196
0.68908715
0.24466695
0.1421175
0.7449324
0.5834065
0.21086706
0.23567384
0.18651353
0.2681604
0.67282575
0.7886114
0.15764003
0.7502783
0.58319
0.73289025
0.18399121
0.7881957
0.23143516
0.18301776
0.562783
0.7294524
0.2145516
0.31262562
0.73076385
0.23591658
0.12273458
0.20277874
0.14865558
0.73279923
0.72477937
0.187045
0.24790162
0.73102707
0.1594756
0.54109675
0.7121427
0.2108989
0.046396125
0.67186415
0.17890659
0.17274015
0.72459686
0.36001378
0.7208035
0.2223816
0.2039436
0.1286715
0.25120148
0.3289448
0.64475626
0.33505997
0.2150118
0.30440682
0.7767666
0.78004473
0.68044907
0.5207018
0.09375345
0.2154825
0.65098447
0.16687019
0.34682438
0.10774546
0.24174337
0.7857775
0.36159414
0.3220442
0.65893227
0.3718251
0.123971455
0.57527393
0.72274375
0.79653585
0.15526815
0.67950135
0.21106698
0.33807883
0.5305695
0.6863524
0.22095463
0.65195316
0.6185017
0.21087474
0.22312364
0.67560846
0.17476578
0.7916916
0.19763571
0.596984
0.22213891
0.16830575
0.64596295
0.07208335
0.20349406
0.5576917
0.73879176
0.21096882
0.35507852
0.8077033
0.6649494
0.67393935
0.7385289
0.55000865
0.6895996
0.6957409
0.17311963
0.79489243
0.22866085
0.3253603
0.12960272
0.19667737
0.8272608
0.22371645
0.6330194
0.66490793
0.23460191
0.22209223
0.10696114
0.20603925
0.6529306
0.16014336
0.78956234
0.20999676
0.36528525
0.61661834
0.76675236
0.6240295
0.67301637
0.17899531
0.66834605
0.10730636
0.21747258
0.18646711
0.13440499
0.16490775
0.5806865
0.34111652
0.36770085
0.20576921
0.50012696
0.65191674
0.68341106
0.62768006
0.63739955
0.7772551
0.6683715
0.7162468
0.65307194
0.17933537
0.5708681
0.6646037
0.19483747
0.5492727
0.6305071
0.213235
0.66109204
0.19022894
0.5906035
0.8046228
0.72242624
0.6288937
0.6462327
0.76274645
0.20396796
0.17458907
0.11903373
0.181783
0.40703833
0.30613858
0.20682178
0.6813546
0.70280594
0.6422223
0.36827275
0.34059098
0.18698469
0.34474555
0.32718846
0.52893066
0.17372964
0.7202094
0.34027517
0.65236545
0.17525227
0.6675027
0.784126
0.69266427
0.70808965
0.15372966
0.66991144
0.15070044
0.5670569
0.20234315
0.14570792
0.22054948
0.33808392
0.7470651
0.20990515
0.10571076
0.5615357
0.76087326
0.6825518
0.17025663
0.70912135
0.6365916
0.8907082
0.21633646
0.17522185
0.6865172
0.14273405
0.24101871
0.27147728
0.518239
0.68010855
0.3060702
0.20229697
0.6884059
0.6539607
0.19414973
0.62630296
0.34866205
0.28653592
0.2256272
0.7003913
0.6530236
0.11391283
0.2084322
0.16025613
0.8003405
0.09960477
0.7196643
0.42690268
0.76318955
0.17956093
0.11507055
0.73716533
0.77285445
0.599062
0.6812136
0.6338581
0.79368263
0.19818251
0.12285734
0.10621613
0.5608957