0.9999746
0.99999857
1.4724255e-12
0.999985
1.60919e-11
2.0389692e-11
1.4077726e-11
0.9999999
4.8240797e-11
0.9889219
3.2237342e-14
4.30194e-12
5.6067994e-11
4.957917e-09
0.99999726
1.3144879e-11
8.142824e-12
0.9999727
3.650875e-09
0.99351865
0.99899787
1.6652648e-09
8.392993e-12
3.4688452e-12
5.657817e-11
4.9876735e-07
0.045348566
0.99908864
1.8158774e-08
0.9999888
1.760932e-12
3.241818e-11
0.08874851
1.4874227e-08
1.0795976e-10
2.9174563e-13
0.9998828
0.99997914
0.99999964
0.99999106
2.8221354e-09
0.0032132282
4.396406e-11
9.057692e-13
1.1658051e-11
3.788378e-11
0.9999926
0.9934411
4.36107e-11
0.99999774
0.99999106
1.155595e-11
0.9999914
0.9999938
0.50111294
2.586225e-11
0.9999933
8.938229e-09
1.2899003e-10
1.69257e-07
0.9999974
0.9999949
0.99999
2.9836272e-11
0.13066411
0.83181894
0.99999964
3.1543316e-12
0.014758968
0.99999356
0.99999106
4.838877e-08
0.5272884
0.014990402
2.0458086e-16
8.735387e-13
1.825755e-11
0.9999951
6.6555698e-12
1.2014102e-12
1.0249395e-11
1.2061659e-11
3.247361e-12
0.99999547
0.99996567
2.785697e-11
0.99999654
1.0
0.9999901
0.9971704
3.965968e-12
1.4613837e-10
0.9999684
0.99998987
5.416081e-16
1.3681939e-08
0.99988663
0.9977487
0.9999999
0.99999666
2.2983063e-11
1.0797329e-11
3.8337652e-11
3.0330936e-11
4.7381733e-13
7.739973e-11
1.8067807e-12
0.9998801
0.99994767
0.9999999
1.1209039e-08
3.6925736e-12
0.9999982
4.0414025e-10
2.1643203e-11
6.031468e-13
7.6374707e-10
1.2671477e-08
0.9998604
0.55731785
1.0
0.9999989
2.655829e-08
0.9999993
9.286791e-09
0.9999689
2.7687383e-09
3.2512007e-10
4.391336e-11
0.9994159
0.9999764
0.9977488
1.8779432e-10
0.99924785
7.873516e-12
1.7823402e-10
6.1382045e-05
0.99999905
2.120678e-11
2.3902115e-11
0.9999982
4.2047647e-11
0.99996245
1.9435507e-11
0.9976865
3.4844634e-11
3.943152e-12
3.4765612e-16
1.0912062e-12
8.20838e-12
0.999995
0.99886453
3.8080427e-13
2.5542377e-11
6.5981074e-09
2.4414368e-13
0.9999999
2.6517488e-12
2.6512443e-11
0.9999964
0.9999988
0.9999988
1.2507971e-06
0.9999999
0.99998975
4.834666e-10
0.9999999
0.9999546
7.891201e-11
1.7727785e-11
2.64467e-10
9.998118e-11
1.411429e-07
0.17869128
1.8405794e-08
1.01904474e-11
2.7035448e-08
1.0
1.1745573e-10
2.568333e-10
0.9762645
2.362598e-12
5.522873e-12
1.0
0.99875224
0.99999845
8.7859174e-13
4.21604e-11
3.2807257e-11
0.999995
1.506401e-11
0.99999833
0.9999931
0.9999993
1.16681186e-07
7.491012e-12
2.6358657e-11
0.9997087
1.9030137e-14
1.1152866e-12
1.6787716e-08
0.999995
0.99998903
0.9999999
0.99999785
0.9999995
9.447085e-08
0.99999917
1.5114429e-08
1.0830904e-08
6.0396558e-12
1.348082e-12
0.99999845
1.1081445e-13
6.581158e-11
4.1383997e-11
5.6654945e-11
0.0021656156
1.6109598e-10
1.6295733e-10
5.9445455e-16
0.9999945
5.5510596e-12
1.3793067e-11
2.935686e-10
0.99999976
0.99977607
4.0170125e-09
4.418075e-12
1.7695219e-11
0.99995697
2.6364692e-11
0.0043965443
2.4540073e-11
0.999632
1.1837993e-09
0.9999994
1.0
1.8533997e-11
2.1396928e-11
1.0989879e-10
1.0407245e-11
0.9999993
0.9994642
0.9985581
2.2076771e-11
1.2650351e-11
9.169113e-09
6.3712082e-12
0.00024047383
1.0
6.2271605e-11
0.9985958
1.30980576e-14
1.6707043e-10
3.9170395e-10
0.9999479
0.99986064
0.99999523
0.9999981
0.9999993
3.2000066e-11
0.99999726
0.99995935
0.7921471
4.945254e-08
2.4635887e-11
1.1063336e-11
0.00042095262
0.9999852
2.869506e-08
2.2169846e-08
6.4014204e-11
4.8086857e-10
0.9999981
1.5852802e-06
0.0064500733
1.6531938e-10
0.9998691
0.99973327
0.9999999
1.0
1.2717079e-14
3.4567866e-11
0.9999994
0.9999994
5.605308e-13
0.9999989
3.0657326e-12
2.1015785e-12
0.9007152
0.999995
0.9996644
4.843746e-11
0.9999213
8.5869285e-09
0.78219646
0.99957174
7.7563517e-10
0.9999995
8.350045e-11
8.6138055e-11
0.97431177
0.9999902
1.0
1.4864783e-08
0.99994314
2.887266e-08
0.9999999
1.1043181e-11
5.5465327e-11
0.009967394
0.99999917
0.9999454
0.9999993
2.0237283e-10
4.164294e-10
2.7488664e-11
0.99983275
7.1745714e-11
1.1142565e-10
5.0621797e-08
6.303242e-12
1.3826361e-11
0.9999862
0.9999888
5.229787e-09
1.910905e-12
5.5598574e-11
0.9999802
0.8945648
8.2526764e-13
0.9999951
0.99999857
0.002570945
1.29675e-11
0.99999595
0.9999925
5.8548717e-09
7.932591e-12
4.6893052e-11
2.403318e-11
0.99997413
1.5134488e-14
0.99995506
0.052390456
0.9973629
0.99999833
0.9999963
0.9999751
0.99995196
3.527141e-13
0.9999988
4.016609e-15
0.99989676
7.3705256e-13
1.4840235e-10
0.99999094
0.99999964
0.99999964
1.4280189e-09
0.99997747
1.4501237e-11
4.7540812e-12
3.7318757e-09
6.444831e-13
0.99879336
5.1535964e-10
7.434712e-13
3.0067185e-11
7.3956796e-12
2.2011431e-11
0.99999774
2.2799674e-12
1.6757587e-11
6.4319924e-11
0.99997747
0.97253394
6.145849e-11
1.8358619e-10
0.9999999
0.99999964
0.99795085
1.3924919e-11
1.7496852e-13
0.9995234
0.99997234
2.1384033e-15
1.2089466e-10
0.99982136
0.9999989
9.212591e-12
5.0933487e-11
2.4025376e-12
7.0284087e-12
0.99999154
0.9998599
5.3064e-10
7.814569e-12
1.8815978e-09
3.8295558e-11
0.9996958
0.9999862
2.4687073e-14
0.98563147
2.8530664e-09
0.99999917
0.9999869
0.999998
3.5318904e-11
0.9997564
2.1518459e-13
0.99999404
0.9999976
3.877882e-12
1.5975467e-12
0.99984145
1.2197276e-11
0.99999774
1.2931987e-10
6.731558e-12
9.995267e-13
1.13767315e-10
5.583591e-10
0.99999654
1.0
0.99999654
2.3028433e-15
1.1175907e-08
8.691981e-08
4.505072e-10
0.99999917
2.332997e-13
3.3887563e-06
7.281712e-09
8.203419e-12
0.99998856
0.99732614
0.92266476
4.1192668e-13
6.361661e-13
4.427747e-10
2.910316e-12
0.9999331
0.9999989
2.1785622e-12
0.9999044
0.99999475
6.5043084e-12
0.99999607
0.9997918
8.084185e-09
0.99746454
2.7141622e-12
0.0015611806
5.5403054e-11
0.99999964
0.9994584
1.0148246e-10
1.886511e-12
0.99999964
0.9999995
5.120393e-13
0.9886297
1.5620213e-10
0.99999905
0.9998622
0.00041269796
5.630781e-12
2.1803967e-11
1.0066118e-11
5.2790667e-12
0.99999845
0.9999994
4.3203198e-11
0.99917513
0.9996964
4.3881124e-11
0.999708
1.5918319e-08
4.788212e-10
2.3307033e-12
1.9293714e-11
0.99999654
6.162224e-11
1.9949873e-11
3.0228682e-09
0.9999969
0.99999535
8.1031196e-11
0.24814098
0.9996376
0.9999999
0.9997874
1.959223e-08
8.744194e-08
1.0
2.7852453e-11
1.0908203e-10
0.9993913
2.8381364e-12
0.99999523
2.5454203e-11
8.458013e-12
0.99948716
0.9999902
8.765677e-10
3.406113e-13
4.659604e-12
0.00051633845
1.9527371e-10
0.99033445
6.9008198e-12
0.9999993
3.717434e-12
8.6984944e-13
0.99999523
2.162627e-12
9.539642e-13
9.710935e-11
0.9999989
0.0015341034
2.2177572e-13
0.999905
1.0
0.9979487
1.5108216e-10
5.185617e-12
0.9993793
1.31960744e-11
0.9048574
1.5465848e-10
2.1052894e-16
8.792853e-14
5.8238366e-11
2.079576e-12
4.445816e-13
1.1991554e-08
1.823661e-10
0.9999641
1.12819115e-10
0.9998634
1.903612e-11
0.9999951
1.6282852e-12
3.2801175e-08
8.698112e-13
1.4866348e-11
2.6238022e-11
0.99992764
1.255842e-11
2.8305802e-11
2.7824326e-10
0.99999845
1.0
2.9162353e-11
6.226484e-11
8.3188657e-16
5.0234565e-12
0.99997985
2.5183035e-12
0.9999963
1.0307695e-06
1.5086317e-12
0.99999106
9.991813e-10
0.99993217
0.9999882
2.8522367e-11
0.9998807
0.9997003
2.8754499e-12
0.9998448
1.662648e-11
1.0
0.99996006
0.99999976
0.999997
0.9997589
1.4368829e-08
1.7010478e-11
1.7971648e-11
7.785543e-12
7.608163e-09
0.99999964
0.7864141
8.2942035e-11
0.6983007
5.217569e-10
0.9999999
2.4649479e-14
8.09972e-11
9.015339e-14
3.2910095e-05
0.9998704
4.4473366e-12
2.491077e-09
5.6365407e-12
0.9999893
3.2407545e-11
1.0
0.99999976
0.9977774
3.028388e-11
0.999956
3.365007e-12
1.8033362e-10
1.0405936e-11
8.851255e-11
0.99999917
9.006788e-12
0.9999795
6.327336e-11
0.9999355
0.003792353
1.231294e-10
4.0130093e-08
5.9856446e-11
0.9999844
0.9999976
0.99992955
1.8796397e-16
2.5645306e-09
0.9967405
0.44631892
0.99999714
2.2814955e-11
0.99788696
0.99929595
5.6641872e-11
3.4121847e-10
1.1160782e-12
0.99999976
0.9999927
1.0945079e-16
0.99999714
0.99950874
2.9983912e-07
7.472772e-09
5.290558e-12
0.9998977
1.1820381e-15
0.99854255
0.9999974
3.1084654e-10
3.9591733e-12
5.1629163e-09
1.8992329e-13
0.99999714
0.9996158
0.99994254
0.9989165
7.718954e-10
0.99999785
6.603766e-11
0.9999989
0.99999356
0.9999999
1.7528878e-10
1.1656641e-09
2.7147418e-12
4.439522e-12
0.9999964
0.7421175
7.177213e-11
0.9997627
4.0039543e-13
1.8556025e-12
0.9999907
6.4694993e-17
0.99966383
0.9999902
5.839835e-10
0.99831176
0.9999976
0.9999964
0.0007079084
4.1863776e-10
0.9999827
0.9993888
4.5206445e-05
5.0406753e-12
0.006520841
0.9999994
0.9993954
0.99997175
0.9996599
0.99999976
0.9997936
2.5048402e-10
2.1203737e-08
0.99940026
1.3647353e-12
2.967612e-14
6.63133e-08
2.2981517e-12
2.1952565e-11
3.0066668e-11
0.9999671
0.2840668
4.209112e-12
0.9999956
0.99999535
3.7380998e-10
1.553937e-12
0.9999906
3.1305458e-10
0.99999833
0.9999993
0.9999709
0.24167871
0.9998872
2.7426918e-11
3.1152195e-14
0.9999989
7.4539125e-12
7.451713e-11
0.9999528
1.6434375e-11
0.96311665
2.988658e-10
3.991126e-11
0.9964998
9.020796e-13
7.5677034e-11
3.5486232e-11
3.8774792e-10
9.961434e-12
2.7846253e-10
1.644499e-09
0.9987821
0.99998546
1.2124178e-13
3.5919496e-13
0.9998882
1.7755168e-10
1.6248819e-12
0.99998903
0.9999993
2.0488296e-10
0.99986374
3.1328738e-11
0.99998474
1.0363626e-11
1.0
1.1253938e-05
3.712285e-11
1.0720268e-12
1.512415e-15
7.304713e-11
6.0815485e-12
2.931337e-11
3.727118e-12
0.99854964
0.040724143
4.7208223e-11
0.99881697
8.9009404e-08
5.4066686e-12
5.1484754e-11
2.4264009e-09
0.9997781
0.9999949
0.99986184
2.8661813e-11
6.746445e-15
1.0828095e-08
0.998804
4.708945e-10
0.99989736
2.6908403e-10
8.5378385e-16
1.0
6.741236e-11
3.243197e-11
0.9999144
0.99999976
1.27974056e-17
0.9999758
1.5769875e-12
4.4229505e-11
0.9999809
0.01801968
0.99982566
1.6542583e-12
0.99998784
0.9999933
0.9994624
0.99999857
1.39873615e-08
0.9999999
0.99992204
0.999997
6.1136336e-09
3.4511967e-09
4.9940437e-11
3.2067224e-14
4.742048e-11
1.0
9.077777e-12
0.9999976
1.31971075e-11
0.99433374
0.9999994
2.9876875e-11
1.7572924e-11
3.692954e-12
0.0014615934
0.9999995
0.9999106
0.9999999
1.0
0.9999738
0.98801416
1.6195197e-12
6.057611e-11
0.9985806
0.20539878
1.1658919e-11
0.9999716
0.9999703
0.9999999
0.9999944
6.9044406e-12
6.01049e-08
0.99978346
1.0
2.6072237e-12
0.8788428
3.5805079e-12
0.9999995
3.2871552e-13
4.0211363e-09
0.99999213
0.99986005
0.02036132
0.99998665
0.99994075
9.814293e-12
4.555358e-11
4.862652e-13
0.9999999
1.0
1.0733444e-12
0.9999999
0.9999144
0.99999046
0.9999987
0.9999875
3.414631e-11
7.49388e-13
0.99999404
4.2121896e-11
5.4468188e-08
5.6676963e-12
0.9998441
3.830728e-13
2.1637548e-11
3.3171623e-12
1.7266832e-10
0.99999976
5.5731125e-13
0.99992096
1.0867183e-07
0.9999702
1.4188242e-08
3.2873635e-16
1.1491965e-26
3.8734037e-15
4.284122e-12
4.1049886e-11
0.5391574
1.5796255e-11
0.9993967
2.917799e-11
0.99999964
3.3213024e-12
2.2470703e-08
6.714977e-08
0.107422486
0.9999914
9.1332645e-12
0.8998198
6.027239e-12
5.388228e-13
2.5786235e-12
0.99999964
4.872087e-12
3.2321718e-06
1.3350539e-10
1.0657476e-08
1.0
1.2650497e-11
0.999997
0.99999166
0.9996244
0.99818677
2.0384465e-09
0.99999654
0.99998534
0.002652189
3.3960823e-10
0.9998647
0.0014909151
0.9999945
1.3291071e-12
7.1933337e-10
0.99994695
0.9999157
6.799579e-11
0.9999964
3.0334826e-10
1.7193275e-11
1.6628065e-11
5.589873e-05
0.99999666
0.99983275
1.3221521e-11
1.0
0.9999994
7.762501e-12
0.9999993
0.99999654
0.99863356
0.9994106
0.99836606
8.595239e-12
1.5595862e-10
0.99999344
1.0557313e-11
0.9999901
4.052773e-10
0.9999982
0.99997437
0.99995995
0.99999976
4.492267e-15
0.99999833
0.99999964
1.5438717e-12
0.99999166
3.5596324e-11
2.110143e-11
2.1967716e-12
6.4859984e-12
1.4387977e-11
2.2984785e-10
0.99999595
0.9969938
0.9999809
3.3992517e-10
0.99962604
0.73656553
3.713753e-10
3.994416e-11
0.99941623
0.999716
1.3881747e-11
0.9999522
0.9996691
0.99998546
2.9374378e-11
0.9999993
5.3906305e-14
0.9999783
1.7925955e-10
8.058053e-11
2.1816394e-12
0.9998901
2.6416437e-11
0.9999999
1.6301458e-13
0.999948
4.1288677e-11
6.855694e-11
0.99980766
0.99999976
7.80417e-09
0.99999976
0.99998045
2.56095e-11
0.99736446
1.9052258e-10
9.808085e-11
9.479733e-09
8.512732e-16
0.9985524
0.0002395297
0.9997274
0.99993277
0.9961182
5.5285433e-12
0.9999989
3.769247e-12
0.9978364
2.2117147e-11
2.0675382e-11
2.3306657e-10
6.650763e-11
1.0
4.039736e-11
0.99996996
5.753528e-11
0.99999785
0.0029311797
2.287453e-10
0.9999862
6.497206e-11
1.5110947e-11
0.9999726
1.0029398e-11
1.6186929e-11
0.99996126
0.9999999
4.4716544e-12
1.6120415e-05
0.9999994
4.1423128e-13
5.0000173e-12
0.99999225
2.426763e-08
1.281442e-11
8.135426e-14
1.1545369e-12
3.751587e-13
1.0051402e-11
9.088934e-12
0.99994016
0.9999893
0.9939704
8.808557e-12
1.3426579e-11
0.99969566
5.032063e-10
1.2926217e-10
0.99792
4.392804e-10
0.99996185
0.9999974
0.99998975
0.9999924
1.8484573e-11
9.868315e-12
0.99503124
0.99999297
0.9999982
0.99973077
0.99994767
1.4497718e-12
1.0
1.7919144e-11
0.9999994
1.0
3.9012327e-10
2.5768772e-09
1.2279244e-09
2.2120131e-12
0.99994195
0.99998724
0.9999659
1.1322126e-12
0.99999976
7.54159e-12
0.99999774
9.721888e-11
0.9999423
0.99993443
0.9999902
0.9999999
0.99998593
8.239548e-12
4.057988e-13
4.7327225e-11
0.99582326
0.9999864
0.7274545
2.1576182e-11
0.9999999
0.99999964
0.9999999
1.6113962e-10
0.99999154
1.3943032e-09
0.99999833
0.9993285
0.9999987
4.8242205e-10
7.054615e-11
0.9999974
2.89193e-11
2.0364557e-10
1.9297237e-12
0.999979
4.285046e-08
0.8766524
0.99975985
0.99906784
3.260121e-08
9.142049e-12
0.99999917
0.99999905
1.1293021e-10
0.999997
0.9802663
6.179455e-11
2.211896e-11
1.524863e-13
7.5571736e-11
0.9999237
1.7207339e-12
4.5998405e-08
0.99936193
0.9994942
3.440669e-12
9.4965756e-14
0.9999784
1.8089918e-11
0.9987674
1.05620304e-10
1.7085208e-10
2.711759e-10
1.1560976e-11
0.99987376
1.9853581e-10
1.0096865e-11
0.9999689
5.6339745e-11
1.4419097e-08
0.99997365
8.7553e-06
5.8099956e-09
1.732006e-11
4.968875e-11
5.2955272e-11
0.9999634
0.99997985
0.99998367
7.950267e-12
0.9998068
2.7453688e-13
0.9999528
3.329019e-07
0.9999988
0.9999895
0.9999924
0.9999833
2.2815533e-10
5.338919e-09
1.2944666e-11
0.9880954
1.3237582e-09
0.0068571013
6.289645e-09
0.08600083
3.3194676e-11
0.9821732
0.110003844
7.0155284e-11
0.9999341
0.96640235
0.9999962
0.9999567
0.99999404
1.905442e-12
1.1868389e-11
0.99956936
6.494069e-08
2.2752985e-11
9.4793355e-09
2.6370918e-08
0.99560577
0.99994695
0.99999964
0.9999856
1.0129522e-11
0.9999995
9.2760494e-08
9.841338e-09
6.9570125e-16
0.99964464
5.7233083e-11
3.940334e-11
2.1264985e-11
0.99999964
9.444625e-14
3.2396343e-12
5.876705e-11
5.399321e-12
1.8889736e-12
1.0315793e-09
2.3152028e-10
0.99988484
1.2776128e-11
0.99999833
1.683891e-14
2.1849095e-11
3.4740048e-11
0.9998864
0.8527333
3.465051e-11
8.271146e-09
0.99999976
0.9998287
9.781981e-12
3.6814992e-11
4.5285867e-12
1.9772757e-09
0.9865832
0.99999917
1.5305979e-09
0.99992156
0.99670535
0.99997914
5.999543e-11
0.99999714
5.1049418e-11
6.688345e-10
1.5778443e-07
0.9999938
1.2533993e-10
1.6142154e-12
0.99981004
2.8183348e-11
6.7734963e-11
7.6497274e-11
1.7753596e-08
0.99997675
0.99999976
5.821893e-11
4.3242814e-09
0.9999932
1.495797e-10
2.0799797e-09
0.9999455
1.1378163e-10
3.74074e-13
0.99999976
8.9707165e-12
1.6530654e-09
0.99999857
7.686295e-10
0.99999154
4.5061954e-11
3.187294e-11
1.3642706e-10
3.2343487e-16
2.3351405e-15
0.9999659
6.5017745e-13
8.998586e-11
1.0785984e-08
0.99999857
1.0
0.99960095
0.99931777
1.1940041e-12
8.1519035e-11
0.99948573
5.9057824e-12
1.5534666e-11
1.5519754e-07
1.6053566e-09
0.9999317
2.2714221e-11
5.7312786e-20
0.9999987
5.0224436e-11
3.6834926e-08
2.2821729e-05
0.9991646
0.9999018
4.312943e-11
0.99994576
2.3690428e-11
7.2010513e-13
0.006386859
0.9999865
4.3852758e-11
0.9999945
0.99987495
2.1312166e-11
6.7881855e-12
0.99998784
9.956969e-12
0.99999917
6.6209727e-10
0.6169899
9.534905e-11
1.2900922e-10
0.9999683
9.2148456e-11
4.0876358e-11
0.942446
0.9999908
8.759489e-11
6.454789e-15
0.99999976
0.9998115
0.9999893
0.99998367
0.99999785
0.99998116
0.99999714
6.026414e-11
0.9999999
4.6064624e-11
4.4255394e-08
4.9765574e-11
8.684217e-10
1.0
9.02182e-11
0.9999628
0.9999602
2.712321e-11
2.4513174e-11
8.2314033e-10
1.0208487e-10
0.9999186
4.0321763e-11
0.9999771
2.8811113e-11
1.5262147e-11
0.9999901
0.99982077
0.9999398
0.99655604
4.120611e-09
0.9999465
1.0945205e-12
4.690869e-08
8.8336405e-09
2.136576e-08
1.5456521e-11
0.9999995
7.7455924e-13
5.591005e-11
5.5658603e-12
2.4187368e-05
0.99993837
0.9999908
0.99986565
0.9999974
0.9999691
0.9988181
0.9995548
0.99997985
2.1510143e-08
0.9998753
0.99999976
1.0656729e-11
0.015315413
0.9999956
2.7357105e-12
0.9999132
2.1944578e-10
0.99999094
0.9999999
0.9999993
0.9999969
0.9999995
0.99993026
9.091955e-11
4.405898e-12
1.5935193e-10
2.494279e-11
1.6339738e-14
9.689893e-16
8.246701e-12
0.99999607
0.99996555
0.99840945
9.8831825e-11
6.3293606e-12
1.4341309e-12
6.648404e-11
6.4452615e-13
1.6993158e-06
1.2829614e-10
0.999895
1.2128688e-13
0.99995863
1.4425539e-11
0.11114157
0.99999726
0.9999931
1.0
2.8530242e-12
0.99941623
1.1001026e-08
0.999997
2.1256133e-12
4.682164e-11
2.3013771e-11
8.607609e-12
0.99999547
7.040058e-11
6.542622e-11
0.9999939
0.99999654
0.99999964
9.071458e-12
0.9998908
0.99731654
1.0
3.5377612e-12
1.8045007e-12
0.9999771
5.330263e-08
2.4652727e-10
2.3722013e-09
0.00014236193
0.9999614
2.0230508e-12
8.56697e-09
0.9994574
0.99983037
4.1835257e-11
0.9999958
8.1268464e-11
1.7261364e-14
2.07441e-12
0.9999988
0.9999938
1.44253194e-11
4.8097932e-11
4.3406927e-09
0.99985874
4.802916e-07
0.99953187
2.1542615e-16
0.9999988
1.1729313e-11
9.33904e-11
0.99999297
0.99999917
0.99999046
0.99999976
1.7738249e-06
0.99999964
3.386669e-11
5.801305e-12
1.7023087e-13
1.0