0.50378346
0.5216227
0.47532797
0.5046953
0.48229012
0.46523038
0.47051516
0.508381
0.49632365
0.49257284
0.49012163
0.47423574
0.47890875
0.4873266
0.50780904
0.46463445
0.49396393
0.46983847
0.46949768
0.5035411
0.5102041
0.48566028
0.48327833
0.46901175
0.46882406
0.47509706
0.5048951
0.50633615
0.49314728
0.5139113
0.46722206
0.48992595
0.5008397
0.4856312
0.47680616
0.4734589
0.5033391
0.50702024
0.5248341
0.50741893
0.47002408
0.49212766
0.47485575
0.4771689
0.47164318
0.4828158
0.5017436
0.51237094
0.47133854
0.5033228
0.50388765
0.47035235
0.5205373
0.5135008
0.4952611
0.49542913
0.48676488
0.48411605
0.47729683
0.48051533
0.5132437
0.50808614
0.5120301
0.48370576
0.51271546
0.50952995
0.5142591
0.48363575
0.5067039
0.502107
0.51923037
0.4732906
0.51129067
0.5003844
0.47459936
0.46982244
0.472873
0.50024
0.48207244
0.4835501
0.4701102
0.46074352
0.4833438
0.4902208
0.5068024
0.46749288
0.50447154
0.515496
0.49748713
0.48021826
0.4653215
0.4724582
0.5150572
0.51131904
0.4783447
0.47245437
0.49997187
0.5043448
0.5070819
0.50225765
0.48516098
0.47564283
0.4735458
0.4738731
0.48229423
0.4764207
0.4683141
0.50833464
0.49126136
0.5095971
0.47086158
0.4772954
0.501176
0.46468866
0.48869762
0.4717241
0.4706154
0.48615244
0.51330316
0.50917
0.485656
0.4967458
0.4836343
0.52093613
0.47370955
0.5139156
0.4752854
0.48258927
0.47526664
0.5080687
0.5035549
0.49610806
0.49030417
0.5014228
0.46796814
0.47046557
0.50096714
0.5144319
0.48841497
0.46773514
0.4988702
0.48399606
0.5080227
0.4743357
0.51431435
0.47955653
0.46353564
0.481477
0.4788596
0.46689588
0.51664263
0.49513197
0.47772008
0.4817369
0.46515092
0.47912005
0.5118477
0.46456626
0.47047982
0.51995766
0.50326663
0.5125138
0.48261127
0.49830395
0.5047132
0.4697459
0.5176385
0.50295526
0.48799706
0.47510576
0.4742852
0.47920948
0.47925538
0.49765164
0.474106
0.4805336
0.4819509
0.51556003
0.4721027
0.47065097
0.49793172
0.47053385
0.4724975
0.51724243
0.50483775
0.5066385
0.4797777
0.48656362
0.4776171
0.49421665
0.46412086
0.5008303
0.5122155
0.5050317
0.47764
0.48330346
0.48076397
0.5082589
0.4696687
0.46445608
0.4783125
0.5108944
0.510095
0.4735602
0.5058513
0.52297354
0.47456455
0.5069907
0.47360963
0.49635977
0.47310865
0.48040977
0.5118011
0.45667937
0.47903013
0.4859304
0.4791064
0.49539554
0.4689
0.47408143
0.45496035
0.51651704
0.4604909
0.4730826
0.47782996
0.5064458
0.4971925
0.4623782
0.48076177
0.46783635
0.49371058
0.49478975
0.5007949
0.47867844
0.49899915
0.48222387
0.5018234
0.51216084
0.46367204
0.46603957
0.49358433
0.47302604
0.4950467
0.51077396
0.51262915
0.46645764
0.47966403
0.5047601
0.48114643
0.49469322
0.5076001
0.46018007
0.5232179
0.499449
0.4697069
0.47388157
0.50722545
0.5030178
0.5140446
0.5026884
0.52768767
0.46438938
0.5061407
0.51063544
0.49551633
0.47151497
0.46582073
0.47191966
0.51121086
0.49808457
0.48351955
0.49791422
0.47785327
0.47604474
0.5223066
0.4970901
0.4819282
0.4725634
0.5104418
0.5137187
0.5163379
0.51015407
0.48008385
0.48341748
0.4909771
0.49049124
0.48425823
0.5203761
0.46159905
0.47688347
0.5106056
0.5042932
0.50213856
0.4625313
0.5054941
0.4661063
0.51085365
0.50841
0.4634866
0.5014529
0.48921177
0.47015926
0.4857711
0.5061368
0.50443834
0.4839153
0.52196777
0.500679
0.50578815
0.4659789
0.47475848
0.50307274
0.51598155
0.50902563
0.51807415
0.46920183
0.47792977
0.48157495
0.5048365
0.48070312
0.47387862
0.4728248
0.46579313
0.4567842
0.5243398
0.49494767
0.48013514
0.4747328
0.47907013
0.5069897
0.51195043
0.45756492
0.52288187
0.51560205
0.4927132
0.48209637
0.5049906
0.5147367
0.47249344
0.46297842
0.4679266
0.46500158
0.506583
0.5051358
0.51095325
0.49763286
0.48112607
0.50374115
0.5232914
0.5048241
0.50655055
0.4680188
0.5135559
0.49584877
0.5093298
0.47868523
0.47555837
0.5011727
0.50299305
0.51509726
0.47036552
0.49065086
0.48682228
0.46970752
0.48709983
0.48245046
0.5080495
0.47100994
0.4622326
0.4786986
0.48258284
0.46736556
0.5101063
0.47045135
0.47201493
0.4720027
0.50480324
0.49394995
0.47485495
0.4959838
0.51026964
0.4977072
0.5016601
0.46284753
0.47908565
0.48780608
0.52754
0.50895375
0.46466687
0.5022938
0.50430495
0.48091146
0.47523335
0.46619046
0.4851491
0.50640005
0.5068368
0.47585812
0.47460294
0.47430128
0.4820664
0.5173287
0.5045221
0.4897349
0.5108433
0.47713935
0.48656577
0.5053889
0.50830925
0.49571112
0.5160668
0.46620575
0.51956767
0.5044003
0.47354195
0.45985144
0.5041009
0.47190797
0.5024106
0.47839138
0.46575743
0.48001215
0.47377595
0.47162536
0.5237731
0.5259051
0.50759935
0.49340302
0.47690836
0.47994542
0.4725904
0.50677687
0.4668548
0.5038823
0.47775763
0.46769848
0.51946455
0.51091
0.5116846
0.48104626
0.46747005
0.50065917
0.46876073
0.5069846
0.51152664
0.47406083
0.5191207
0.5127956
0.48389143
0.5093374
0.502843
0.47768226
0.5037726
0.46659684
0.507202
0.47505292
0.50310385
0.51747394
0.4688693
0.46259534
0.51661897
0.5185405
0.46923575
0.51485735
0.47844294
0.51960546
0.51201135
0.5126771
0.47526032
0.47171038
0.48637214
0.46344906
0.5238216
0.5025486
0.47460854
0.5056112
0.5000021
0.4958581
0.5045273
0.46579435
0.48479402
0.48290247
0.48096552
0.5008526
0.46823338
0.4834849
0.48149458
0.50254816
0.50106525
0.4830578
0.5053997
0.5139958
0.52842087
0.5076367
0.47542706
0.4971928
0.50599223
0.49255705
0.47359002
0.48941544
0.4826118
0.5149329
0.47627032
0.48195845
0.5066514
0.4966056
0.4728587
0.48892242
0.46514854
0.50548047
0.4849809
0.5074258
0.468583
0.5088033
0.48671833
0.47797033
0.50760216
0.47552532
0.4691093
0.46859935
0.5048665
0.50214165
0.4615757
0.50932384
0.52010447
0.50156957
0.48245028
0.4733877
0.4996676
0.48192608
0.48657674
0.48271868
0.4797474
0.501982
0.4805202
0.46953794
0.46528777
0.48429337
0.47571456
0.51696396
0.48363653
0.51048595
0.4857536
0.5057894
0.47972238
0.48078665
0.46751243
0.47441897
0.47293246
0.49653286
0.4658969
0.47436318
0.47346967
0.4991048
0.49874455
0.49028537
0.46915632
0.47741297
0.46701616
0.51749164
0.47255808
0.50749934
0.48369566
0.48491165
0.5056088
0.4616843
0.50702924
0.5233109
0.47660315
0.5180138
0.50045913
0.46949646
0.5103795
0.46624774
0.4966739
0.500676
0.50964665
0.500132
0.49057198
0.4691228
0.48125055
0.4730951
0.4666306
0.4754062
0.5086806
0.49526814
0.46626484
0.49401465
0.481528
0.50385624
0.49490172
0.47867402
0.49892098
0.49867955
0.50237334
0.46600306
0.47070557
0.46995208
0.5141298
0.47192997
0.49900776
0.49979874
0.5091641
0.47963214
0.5150314
0.4755825
0.4798245
0.473852
0.47525182
0.49001536
0.48504865
0.5361319
0.4749218
0.5279835
0.50543725
0.47871345
0.48055872
0.47604457
0.514473
0.5096429
0.5038988
0.4885632
0.47144386
0.508788
0.49848515
0.52187246
0.46699214
0.5011046
0.4875389
0.48308507
0.48383927
0.48171422
0.5273692
0.5014262
0.4624558
0.5095849
0.51096743
0.4881367
0.4750002
0.4639785
0.5076511
0.4788404
0.50818825
0.51354635
0.47123018
0.46977317
0.46994865
0.49596503
0.5066848
0.502298
0.5171697
0.5081711
0.48391816
0.5214352
0.49324983
0.5100008
0.49319217
0.4806257
0.47080258
0.4647589
0.47786084
0.46165746
0.5108136
0.50388587
0.45865735
0.5120929
0.4606761
0.46640036
0.5034962
0.4774781
0.50229007
0.5154084
0.47597295
0.4981193
0.51578295
0.5026033
0.4998707
0.4733171
0.5115203
0.50673795
0.5066292
0.4762236
0.50501513
0.51526797
0.49998367
0.508824
0.49255547
0.50785065
0.501668
0.48634145
0.47674167
0.506403
0.4575759
0.49591205
0.49341074
0.45782956
0.47083652
0.46802226
0.5123798
0.5073451
0.47216436
0.49899364
0.5179386
0.48279947
0.46552923
0.5065485
0.47258133
0.5185599
0.51292753
0.5077677
0.5006285
0.5103024
0.47621354
0.49351266
0.4990998
0.4835926
0.46599123
0.51317275
0.46945938
0.48934624
0.47572482
0.46705818
0.5010648
0.4782104
0.48085308
0.46873385
0.47809651
0.49425304
0.47897646
0.48322102
0.49561727
0.4946861
0.478697
0.46296555
0.5065683
0.46546704
0.46831697
0.50671893
0.49676868
0.46104142
0.4915686
0.47725847
0.5257848
0.4676077
0.4756168
0.49896216
0.47355872
0.47952735
0.4724613
0.4803441
0.46581423
0.46466765
0.4690714
0.5170609
0.50091213
0.4678699
0.5014833
0.4749166
0.45476323
0.4825997
0.47213078
0.5093961
0.50607526
0.49739036
0.48360842
0.48017186
0.48569953
0.5106576
0.47940633
0.5103447
0.47771528
0.4399078
0.5116482
0.4787328
0.4699067
0.49954402
0.5072149
0.46962357
0.49890187
0.45936814
0.47881156
0.51387644
0.49231786
0.4995562
0.46467444
0.52157134
0.51513916
0.49871868
0.5031415
0.4692222
0.5144288
0.50560755
0.5162917
0.475458
0.47314855
0.46549913
0.5044819
0.47912562
0.5220739
0.4637344
0.51683587
0.4844477
0.5047855
0.52186406
0.47620335
0.46748757
0.46478412
0.50470525
0.49850044
0.50848883
0.521611
0.51776403
0.49526885
0.5002311
0.46436805
0.48492572
0.50143236
0.504097
0.47684535
0.5015042
0.521625
0.5044778
0.5013573
0.4714116
0.47960413
0.5039157
0.51017
0.4684382
0.4936484
0.48197222
0.5201795
0.46234986
0.46849346
0.5163099
0.52230877
0.48193562
0.4987614
0.5223143
0.46263576
0.4806887
0.47373694
0.49930608
0.50815034
0.48737156
0.5154793
0.50660425
0.4971503
0.5257488
0.5121907
0.4665262
0.465743
0.49807045
0.47744802
0.4766182
0.46626338
0.5068911
0.46739846
0.47760987
0.46546188
0.4841269
0.5080568
0.47960386
0.5070249
0.48053202
0.5090126
0.47126842
0.48296592
0.38262576
0.46430892
0.45341358
0.47840694
0.49763492
0.492121
0.509038
0.4738807
0.513968
0.48081368
0.47646195
0.49319896
0.49805862
0.49937198
0.49218926
0.503496
0.46659163
0.48253885
0.4620953
0.508139
0.47921255
0.49661222
0.4944744
0.48926866
0.4985059
0.47296003
0.51774544
0.50512177
0.5007637
0.5109189
0.4830601
0.4894215
0.5171026
0.49842444
0.48456013
0.50905305
0.49314678
0.51620394
0.46193182
0.47553
0.49886236
0.4972021
0.482151
0.5104665
0.47012207
0.478916
0.5012464
0.5137661
0.51462334
0.50640917
0.48330432
0.508958
0.51033884
0.4813658
0.5279163
0.5121845
0.5178967
0.5079314
0.49152774
0.4871792
0.47638294
0.49868953
0.49441147
0.5007359
0.4787845
0.5103709
0.509226
0.4909427
0.51444757
0.4858143
0.5010885
0.51195085
0.46700478
0.49927264
0.45666274
0.47535864
0.46333337
0.46745494
0.4784843
0.4720484
0.50943464
0.50751346
0.5106124
0.47694024
0.5016408
0.5019405
0.4747013
0.48377186
0.5089427
0.51165533
0.48002875
0.49786788
0.51472026
0.49744216
0.4754264
0.5054049
0.46699536
0.50830257
0.48906898
0.47521648
0.4804398
0.5023695
0.47425997
0.5026994
0.47680485
0.50538516
0.48691344
0.47752136
0.49917048
0.5073913
0.48008963
0.50615025
0.5051154
0.4732768
0.51016796
0.47604674
0.47262353
0.48121956
0.48876432
0.48656747
0.49870694
0.50798255
0.49445423
0.5131624
0.49409077
0.5137008
0.467008
0.50689113
0.48315898
0.4840677
0.47122258
0.46763486
0.48391306
0.4802974
0.49935007
0.46874022
0.5135354
0.48601
0.47261846
0.50557625
0.47247988
0.4898861
0.5164093
0.48262677
0.47263747
0.5012813
0.5180184
0.4859701
0.4940569
0.5019969
0.4612281
0.48457277
0.51421434
0.4891991
0.4854585
0.5043297
0.48122978
0.4729629
0.4850086
0.48346594
0.5047731
0.4967898
0.5175012
0.47025198
0.48645166
0.50787884
0.46508613
0.47768316
0.52435225
0.4798502
0.5071434
0.51418215
0.50516564
0.50471216
0.46641
0.47319442
0.5074282
0.51106626
0.5004466
0.49854407
0.4990296
0.48096853
0.51323944
0.4917733
0.5030486
0.47597244
0.47500283
0.47779623
0.47099122
0.46655434
0.5041144
0.50032824
0.49333367
0.47381294
0.50930756
0.4585169
0.49172148
0.48105246
0.50587565
0.5091363
0.49400884
0.5040532
0.5033432
0.47069407
0.48153996
0.47001323
0.51426494
0.5178708
0.51879627
0.47741666
0.5215356
0.51891047
0.5123979
0.46929696
0.5222141
0.47544667
0.53291094
0.49790654
0.5061311
0.47810093
0.48004875
0.5146844
0.48068622
0.47952154
0.47611687
0.51309466
0.47045654
0.49448282
0.5109841
0.49114567
0.49286756
0.4617834
0.5279434
0.51197034
0.48099905
0.5110775
0.4962534
0.47735766
0.4651239
0.4918292
0.47259742
0.5125526
0.4771515
0.47871003
0.5056081
0.50966394
0.4656003
0.5070086
0.50930196
0.4725033
0.5048019
0.46668142
0.47856757
0.46989912
0.47071677
0.5177066
0.46871683
0.46293
0.5035257
0.47848916
0.47544995
0.51387537
0.5113522
0.46652004
0.4866141
0.4832202
0.48078963
0.48694503
0.49259228
0.51803386
0.46710458
0.5066387
0.46039528
0.5035852
0.48912024
0.5172626
0.5024344
0.4979731
0.49460602
0.47278258
0.47202376
0.47757903
0.50441206
0.488992
0.5038636
0.4999126
0.48901328
0.4845272
0.5052359
0.4762992
0.47666046
0.51314306
0.50288415
0.49989036
0.49865466
0.49725416
0.47010773
0.4541764
0.49734807
0.4751613
0.46757036
0.4797275
0.4710045
0.50486976
0.50546795
0.5223403
0.51450425
0.46560475
0.5191647
0.47907603
0.48145467
0.48554155
0.5070469
0.47583383
0.47669944
0.48338392
0.5123446
0.49601853
0.48771295
0.47336772
0.4723278
0.46484992
0.48940995
0.4798206
0.5008795
0.46701908
0.50377667
0.47953206
0.48943052
0.4630322
0.50833935
0.48798808
0.48364657
0.48158535
0.5158506
0.4922832
0.47302547
0.48308435
0.46632984
0.49023372
0.49276972
0.52665734
0.4866479
0.520623
0.5055329
0.5108302
0.4688684
0.51833266
0.4796739
0.48234907
0.47406363
0.51497716
0.46761233
0.4773863
0.50040257
0.48185733
0.4703207
0.47537184
0.46727753
0.51925313
0.5033544
0.47090107
0.47805867
0.50964624
0.46968612
0.48643407
0.51330894
0.4758508
0.46253303
0.5118398
0.45857465
0.46864727
0.51232105
0.49086407
0.5121404
0.47784963
0.47323868
0.47221464
0.47448772
0.47679326
0.50131816
0.48271346
0.46768126
0.48437726
0.5178891
0.49631718
0.5094452
0.49627113
0.46633455
0.46732816
0.53586775
0.47404847
0.47804204
0.48888165
0.4842546
0.51365477
0.49065506
0.4695078
0.5089104
0.49128586
0.4805866
0.500953
0.5110007
0.51983786
0.47079536
0.51949835
0.4660269
0.4822503
0.49707788
0.5217639
0.47971198
0.502414
0.51671296
0.47259328
0.47818217
0.5156652
0.46714196
0.50234246
0.47935736
0.5014634
0.4882123
0.47202104
0.5068245
0.48194054
0.46708113
0.5153649
0.5156827
0.4681131
0.4828903
0.5070052
0.5148632
0.49574217
0.52304256
0.48999715
0.4938061
0.5157854
0.46832848
0.5135348
0.47798586
0.47563353
0.4777608
0.47336778
0.49512467
0.47218457
0.5054542
0.5063164
0.48050553
0.47377354
0.48576832
0.467704
0.51573145
0.47646096
0.5114403
0.46413794
0.49167773
0.5044438
0.502286
0.5060883
0.50091964
0.47107628
0.4938105
0.469863
0.47998512
0.48307782
0.47288632
0.4804478
0.52599263
0.48148593
0.4919038
0.47918802
0.49083892
0.49047813
0.4926705
0.50665355
0.502588
0.5115821
0.49998748
0.49609834
0.5072785
0.47172764
0.48376948
0.50474524
0.46728534
0.5025007
0.49782488
0.46832335
0.5091586
0.47287577
0.50056416
0.5209714
0.5218732
0.50840074
0.5034268
0.5237595
0.4789094
0.4647449
0.47468325
0.47767454
0.49799192
0.46755874
0.46759295
0.5019461
0.5215811
0.5015579
0.49451172
0.47441265
0.50714433
0.47924748
0.47823384
0.4963161
0.46990922
0.51329464
0.49390286
0.4927016
0.4732863
0.5077297
0.5107099
0.51684684
0.51028806
0.4659031
0.5043802
0.47449654
0.52178633
0.45729658
0.48257405
0.47800416
0.4784574
0.51616114
0.47337076
0.4744867
0.49881667
0.49981087
0.5088215
0.46610352
0.51231325
0.5006634
0.5084718
0.47011617
0.46815568
0.5191307
0.48440388
0.48618248
0.48209882
0.4855438
0.49832076
0.4802318
0.4635935
0.50666744
0.50851643
0.4715504
0.5161537
0.47960046
0.49306294
0.47402892
0.4985867
0.50367755
0.45995572
0.4736069
0.46236598
0.50614506
0.47581398
0.48051104
0.48238397
0.4899833
0.47190213
0.4749319
0.5068721
0.51398367
0.5066601
0.50751865
0.48932213
0.5061135
0.47454166
0.47697115
0.46837753
0.53888553