0.52805334
0.55627745
0.30705118
0.52351123
0.33204037
0.23679428
0.22770664
0.56014836
0.32543105
0.48240584
0.26021764
0.21213414
0.2528597
0.34372655
0.5505215
0.27013794
0.2838633
0.5693894
0.23835038
0.5042601
0.5393762
0.2711626
0.33964887
0.2133612
0.23659974
0.31269613
0.48041093
0.49853185
0.35458976
0.5589158
0.2194252
0.34380794
0.5564112
0.3650384
0.36415148
0.284786
0.5157599
0.56968725
0.5757509
0.5576379
0.2898905
0.50546885
0.24517466
0.29970527
0.24176586
0.26010302
0.551308
0.5558999
0.23830536
0.56365806
0.57465506
0.21796015
0.5489312
0.5668613
0.5018224
0.26483098
0.4858207
0.29882106
0.26219928
0.29257283
0.5107605
0.5396024
0.47553205
0.3295603
0.52214015
0.5357775
0.52577955
0.24891205
0.5423466
0.51706797
0.53730524
0.293983
0.55570865
0.47069952
0.21049264
0.19724086
0.22247395
0.48176035
0.33844602
0.30355975
0.23720077
0.22943363
0.30465367
0.54039234
0.5438758
0.23051782
0.524821
0.5495042
0.5159381
0.5115354
0.21109517
0.23881462
0.543284
0.55659574
0.22604208
0.33351523
0.5156386
0.5299308
0.5688628
0.54268974
0.33050603
0.3144928
0.24330163
0.24150701
0.3035214
0.2665764
0.20504461
0.54921407
0.54076844
0.5707041
0.25612155
0.29819512
0.57209426
0.28825969
0.34345546
0.22225626
0.26938525
0.38226974
0.5452003
0.5155334
0.5819389
0.5592058
0.32616183
0.57239276
0.280184
0.56150126
0.28266618
0.2810624
0.2665913
0.4977124
0.5463917
0.51154834
0.25760055
0.50474936
0.2331838
0.24444503
0.5309574
0.5536739
0.33943918
0.2445604
0.5567705
0.25983992
0.5718843
0.2524372
0.5510614
0.26888004
0.2168304
0.26017848
0.27979556
0.2514255
0.55701184
0.5625115
0.27995563
0.23906955
0.2433141
0.28475174
0.57467586
0.21191941
0.23804225
0.4190903
0.5386453
0.57664764
0.48957035
0.55719316
0.5732719
0.25878927
0.53899175
0.5305986
0.29824835
0.24314445
0.23827384
0.33621228
0.31144258
0.5058979
0.2803889
0.23236018
0.2830458
0.5583542
0.27107167
0.2560626
0.47520745
0.20881794
0.21866918
0.56707066
0.49197936
0.5282874
0.3058688
0.34714383
0.25390804
0.5726779
0.2214076
0.58496076
0.54250765
0.57165444
0.30885774
0.24711147
0.3200077
0.5363704
0.26018494
0.20905192
0.29284576
0.57504505
0.5582236
0.5590892
0.55194646
0.56054413
0.29236424
0.55248225
0.25329924
0.303845
0.29674646
0.30076876
0.5655841
0.24072944
0.33036807
0.31997022
0.25502452
0.524325
0.26475272
0.25044048
0.2975201
0.5493011
0.24893075
0.2418099
0.26182407
0.5506528
0.53781074
0.23767085
0.3036698
0.22187606
0.5272474
0.32309887
0.4981738
0.31967697
0.5361926
0.3615049
0.56706065
0.5707148
0.31352478
0.22493401
0.2636955
0.22858156
0.54225594
0.5435882
0.52775854
0.2432242
0.34456342
0.3157565
0.30422717
0.5469736
0.5786852
0.25061938
0.5508559
0.3162693
0.24897908
0.27644554
0.50733954
0.56716067
0.5609962
0.5463906
0.57453644
0.2441642
0.5541464
0.49670568
0.48853734
0.28793266
0.23665646
0.2635636
0.5617197
0.541658
0.3317332
0.5075
0.25791386
0.25304303
0.5106836
0.52415615
0.53675336
0.25273088
0.5416514
0.5427901
0.57807726
0.5530657
0.2195676
0.24101497
0.53422415
0.56861126
0.29278073
0.5667837
0.2154288
0.32800415
0.5499812
0.49759448
0.540054
0.24162391
0.5624838
0.25298938
0.5615728
0.5448249
0.30512634
0.58767843
0.33587584
0.2538888
0.5477671
0.5559326
0.5567846
0.33533186
0.47952586
0.28805274
0.5652709
0.2388802
0.27444232
0.5649858
0.5753676
0.5063656
0.5535141
0.27187684
0.2619196
0.25185934
0.53520435
0.26241708
0.2530304
0.3131975
0.21942084
0.23430693
0.5553264
0.5355806
0.28556165
0.27342293
0.33198985
0.55684423
0.4978822
0.23126845
0.5654191
0.5620776
0.53684014
0.32099578
0.52052844
0.5704847
0.24673566
0.2309268
0.2349369
0.2472184
0.5458475
0.28906718
0.5264141
0.50491095
0.52829355
0.563006
0.56939936
0.5320298
0.5369212
0.19952632
0.5433081
0.28951806
0.53383106
0.2178474
0.2572295
0.5594928
0.56096476
0.5547833
0.30249462
0.5505475
0.30409026
0.24983703
0.295204
0.2889072
0.5250361
0.24948442
0.21037842
0.3301466
0.34932384
0.23953064
0.5591643
0.21871431
0.2234142
0.33214405
0.50331455
0.50089973
0.24328989
0.27688166
0.5660471
0.4697661
0.51846737
0.29716188
0.28709552
0.5131236
0.53897077
0.28543773
0.23991306
0.48561007
0.5279663
0.32232657
0.25533834
0.4371665
0.32787663
0.55512244
0.5720528
0.25232488
0.20656748
0.2895486
0.24449666
0.55498093
0.5212626
0.27252427
0.5047834
0.3338361
0.5631413
0.5705726
0.5430236
0.32350263
0.5521792
0.32055557
0.56622237
0.57844204
0.21388061
0.22051206
0.50556546
0.21778166
0.56041795
0.26729876
0.23665047
0.3028737
0.2558657
0.28034174
0.56149834
0.58409536
0.5505781
0.28921115
0.26553676
0.26864347
0.23317228
0.51948833
0.30458936
0.52188975
0.26787704
0.21928534
0.55646867
0.51663315
0.52379715
0.29608792
0.20561846
0.29575402
0.22800246
0.53389984
0.5607079
0.24702568
0.54668343
0.5551769
0.35165998
0.5436153
0.5562243
0.33441117
0.49818617
0.22705768
0.550884
0.2813845
0.5618878
0.55443525
0.22769977
0.23761581
0.58204395
0.5577311
0.19394378
0.55211186
0.26219884
0.56430924
0.5380057
0.5165802
0.22131675
0.2306556
0.33260244
0.22718722
0.5518626
0.527986
0.25504443
0.4977489
0.5490191
0.2669789
0.54462963
0.25166515
0.27047053
0.29879692
0.32430995
0.5802375
0.25494772
0.37164825
0.27355117
0.52413553
0.5374468
0.33856973
0.46189916
0.5630013
0.57305944
0.55503947
0.3537479
0.36202872
0.55974376
0.27560118
0.34152076
0.47382793
0.2906082
0.5491664
0.26546896
0.23068713
0.52950567
0.50864434
0.24197178
0.33709207
0.22349739
0.52437997
0.26460716
0.5530169
0.2232332
0.5463846
0.32531774
0.28707334
0.51822466
0.40496856
0.21147627
0.23829155
0.546026
0.5400945
0.23259786
0.54864556
0.58000094
0.48615023
0.31277135
0.21238814
0.5546777
0.23665221
0.56287014
0.37135705
0.22283472
0.3182163
0.24244122
0.2088565
0.23069903
0.32615653
0.2729123
0.50225127
0.3308414
0.52378106
0.3153151
0.5608276
0.30302572
0.29103288
0.20270215
0.25236818
0.29516256
0.5508754
0.23624814
0.24778621
0.3629897
0.5738016
0.5621552
0.34000778
0.25760213
0.26578203
0.23776299
0.54619783
0.2044156
0.55116177
0.5323422
0.30592316
0.5239974
0.2522479
0.53820807
0.5788253
0.26290205
0.5630734
0.5551544
0.23321274
0.52697927
0.2375304
0.55793595
0.5583216
0.52050275
0.5319101
0.5371582
0.24599221
0.2313893
0.26392466
0.21782857
0.2947793
0.56574523
0.47601643
0.24069363
0.5497203
0.26619616
0.5842745
0.23024459
0.26878303
0.2706808
0.55204964
0.49363303
0.22932538
0.30137822
0.25627923
0.56121147
0.25306955
0.5857669
0.57012886
0.5420308
0.2875832
0.54707676
0.22180326
0.35073474
0.31517482
0.28627297
0.49400756
0.2516085
0.52498543
0.25048882
0.56153303
0.54583573
0.26481995
0.28521633
0.24020427
0.5615527
0.5493917
0.50941813
0.2705165
0.29062083
0.54538065
0.45041645
0.569598
0.23750138
0.51062506
0.5540038
0.32872564
0.26776397
0.3092674
0.6009652
0.54925007
0.29713452
0.56424874
0.5312222
0.289616
0.25212875
0.2149671
0.5350705
0.2233305
0.5464849
0.56669056
0.2653699
0.21415281
0.27522242
0.273748
0.56110454
0.49192303
0.543705
0.534772
0.34476665
0.55641633
0.3241991
0.57187116
0.5721601
0.57766753
0.28122053
0.24650522
0.29435763
0.2388781
0.524528
0.47842106
0.27317223
0.53985053
0.21375194
0.21217026
0.54462904
0.26872528
0.47901934
0.5599436
0.2515554
0.50656646
0.51809055
0.54130995
0.48186198
0.2593825
0.54064584
0.561818
0.5658545
0.23733912
0.5189408
0.5728403
0.5326208
0.5626744
0.48002568
0.5519134
0.53280586
0.2737863
0.29168698
0.52895766
0.23384053
0.26784703
0.29798603
0.23343946
0.22605158
0.24126965
0.5579333
0.5180191
0.35558546
0.5242975
0.5736393
0.29503715
0.22311704
0.5539486
0.24359797
0.55963445
0.574242
0.5440486
0.4763051
0.53412414
0.26368228
0.23773514
0.5530681
0.30231676
0.2369726
0.5391289
0.227558
0.54687524
0.26447085
0.22347626
0.5450329
0.20226349
0.2622698
0.24109906
0.26108447
0.32283658
0.25940385
0.29245925
0.55087745
0.52032465
0.27261162
0.21368265
0.48073155
0.29233667
0.21406597
0.562563
0.53128666
0.24553308
0.50129855
0.32089096
0.5624127
0.21906942
0.6042227
0.51159996
0.22458136
0.29879153
0.25761575
0.33890375
0.24298161
0.23884968
0.2302087
0.54550666
0.48535264
0.24296565
0.53749424
0.27514097
0.23607872
0.32529032
0.26700002
0.50750643
0.48174912
0.562269
0.25341225
0.26882523
0.29570767
0.52014005
0.25979856
0.53962225
0.2560682
0.2637637
0.57265395
0.23584631
0.2249942
0.55032355
0.5608184
0.2736072
0.54657567
0.23602468
0.27813673
0.5753256
0.50971615
0.5066626
0.21805048
0.5444552
0.58511984
0.5261158
0.547506
0.2657598
0.57566416
0.5439726
0.55777204
0.29688013
0.31373665
0.23625079
0.28221735
0.25834188
0.5690693
0.21894446
0.56739324
0.31295857
0.53054744
0.55337054
0.24175173
0.21755077
0.21051724
0.52748686
0.5804746
0.5475936
0.55878866
0.5052617
0.44841748
0.54928523
0.20424366
0.36686644
0.46688917
0.4986581
0.24568526
0.54919416
0.5597372
0.58764786
0.55946016
0.22433764
0.30884433
0.53478014
0.54462147
0.23243935
0.52981067
0.328309
0.5455182
0.20720278
0.2739632
0.54233354
0.5109406
0.5394212
0.54664665
0.5399116
0.22079352
0.24978715
0.346225
0.5348946
0.5605388
0.3744902
0.5695692
0.48505616
0.5532475
0.55421406
0.5781902
0.23660676
0.33848226
0.5651434
0.24864094
0.2965895
0.22138397
0.57752776
0.19512089
0.25132138
0.21609694
0.33084568
0.56023395
0.3216595
0.5314887
0.29996395
0.5117584
0.25258026
0.25998148
0.32235327
0.36726442
0.23563376
0.26118252
0.5311792
0.3314843
0.56474227
0.2295202
0.56190556
0.30636886
0.32964915
0.3248572
0.4910801
0.5070811
0.33019271
0.5240684
0.24967742
0.31227183
0.22416875
0.553841
0.3030441
0.53039277
0.34507838
0.35359403
0.565876
0.26935908
0.5465393
0.5224025
0.5395324
0.5404821
0.244445
0.5618824
0.53739494
0.5409529
0.26073986
0.5441043
0.49922284
0.55058247
0.539342
0.2542503
0.49895298
0.54594785
0.32499614
0.5511741
0.285275
0.25577772
0.26852566
0.52740127
0.55528975
0.49893677
0.30219978
0.52178633
0.5563099
0.22469205
0.57501644
0.5476176
0.50036514
0.48629364
0.54798347
0.3313892
0.28219292
0.5521191
0.33218494
0.55815643
0.3482195
0.57598853
0.5575212
0.5504086
0.57484484
0.24970828
0.52449226
0.5802101
0.2153171
0.5478595
0.23882946
0.2653478
0.23256767
0.2299147
0.3156283
0.28849193
0.5252268
0.5086211
0.5375586
0.27060747
0.5009978
0.5387541
0.28801265
0.24866278
0.53811044
0.5785135
0.30228207
0.5439166
0.55131125
0.48599184
0.23197019
0.5393736
0.31541336
0.555635
0.26879108
0.28268138
0.30365577
0.5395581
0.22538577
0.5661006
0.30030617
0.5403285
0.32458687
0.24915084
0.50401527
0.56430966
0.3086418
0.5827634
0.5599478
0.23682295
0.56006825
0.29429063
0.24710207
0.33777857
0.2808958
0.5056519
0.5319683
0.53388095
0.4869464
0.5540824
0.32189006
0.5464151
0.21542372
0.55768603
0.3487883
0.32599685
0.24589871
0.25799665
0.5568272
0.3316571
0.55922186
0.23259448
0.54588664
0.53877777
0.26122716
0.50557667
0.24018739
0.3437144
0.56222874
0.24933755
0.21942897
0.5077134
0.5514494
0.331745
0.553919
0.56342304
0.20619437
0.32996094
0.5456908
0.37928787
0.3102897
0.24060418
0.22414812
0.30167475
0.33655992
0.31072095
0.5512638
0.57561463
0.5464677
0.2637464
0.3485407
0.5318842
0.28193134
0.24723154
0.55916524
0.26243773
0.5164064
0.5498777
0.5457386
0.5440459
0.22013631
0.26700783
0.5516919
0.54323244
0.52215815
0.5543018
0.54596233
0.31001687
0.594167
0.2673657
0.5425579
0.5763496
0.2801803
0.2824059
0.2418326
0.21711782
0.55132484
0.5524825
0.52248204
0.244613
0.5767075
0.24117865
0.5004338
0.25231412
0.5488886
0.550426
0.53619486
0.5700718
0.54996
0.26800442
0.305966
0.24470001
0.4996281
0.546337
0.42722964
0.25313544
0.55783933
0.55139655
0.53926706
0.29740217
0.54477435
0.25648177
0.5518752
0.55612886
0.5548677
0.26219907
0.31779385
0.54475874
0.24509732
0.2793509
0.21102752
0.5311013
0.2725727
0.4852528
0.5472088
0.4649597
0.31241384
0.26134458
0.4584952
0.5745113
0.23876627
0.5516932
0.4935637
0.25650942
0.24804969
0.26061612
0.25634015
0.4659394
0.30666944
0.269489
0.5385887
0.54152584
0.22507706
0.2561724
0.5321904
0.23733923
0.5265691
0.27853414
0.270102
0.27024788
0.26943904
0.55351704
0.2673581
0.22892807
0.55518293
0.26094875
0.28194588
0.47553492
0.5053472
0.2572761
0.34328258
0.33524898
0.33586234
0.5433873
0.54826856
0.5069507
0.23128845
0.5626608
0.21265891
0.5486276
0.3312028
0.55632305
0.5639312
0.5462283
0.54962903
0.25196198
0.27590546
0.32263982
0.541689
0.33241922
0.50464624
0.388056
0.50637114
0.3291321
0.4948862
0.5775751
0.33671814
0.5690723
0.5391937
0.5590292
0.5047432
0.59319246
0.27359527
0.23219302
0.5273726
0.28077865
0.25350535
0.2855056
0.27779245
0.5605426
0.54380685
0.5762198
0.56767964
0.2580359
0.57895964
0.27170548
0.28085116
0.21770273
0.55253184
0.25203124
0.26632443
0.32195672
0.5670051
0.26621285
0.32472235
0.25360543
0.20565212
0.22433689
0.25916052
0.29362673
0.55429786
0.2620313
0.5791004
0.26720476
0.33171618
0.23596838
0.539071
0.54463756
0.24868722
0.29874793
0.5476666
0.50596994
0.22091818
0.23648576
0.20652877
0.35229307
0.5471264
0.567044
0.30902907
0.53267705
0.4851454
0.547936
0.2413964
0.57709134
0.23953517
0.27183715
0.56905496
0.57380027
0.2589953
0.31157112
0.5345207
0.24502628
0.28721341
0.2517128
0.2785858
0.5745463
0.56413543
0.25148627
0.34083506
0.57220757
0.25297475
0.56787133
0.56082916
0.24240424
0.29968223
0.5648482
0.25981852
0.2380241
0.54809994
0.34003067
0.55470335
0.2699696
0.23737988
0.25481954
0.23540817
0.25004402
0.50406706
0.3010147
0.2670326
0.32390243
0.5613804
0.5649646
0.54714656
0.48002654
0.27243936
0.25553444
0.52328444
0.2280824
0.33930176
0.2906162
0.35929203
0.56344074
0.34082952
0.2672174
0.52646375
0.32381585
0.29109448
0.5469307
0.55607927
0.5767667
0.23754823
0.53178805
0.22932142
0.30413207
0.539726
0.54897267
0.23215024
0.54068506
0.5380363
0.22180617
0.22669348
0.5383326
0.26469937
0.563163
0.27263787
0.52942955
0.34705833
0.24390435
0.5446584
0.26420376
0.22193374
0.49295655
0.5640422
0.26694643
0.21929027
0.5832435
0.50576985
0.52165735
0.54715115
0.50487965
0.5556957
0.5214475
0.25357902
0.56292987
0.2630663
0.34748784
0.24080949
0.27404365
0.5628976
0.24276897
0.5516071
0.5289069
0.24991891
0.24787329
0.27633712
0.27977592
0.51968807
0.28753963
0.5602818
0.25480342
0.33786935
0.5100953
0.56982243
0.5212257
0.53368783
0.25130686
0.56337917
0.27369052
0.28856498
0.2838335
0.31704926
0.24025013
0.46322837
0.3133886
0.347082
0.20507921
0.4878829
0.5226062
0.54031223
0.522978
0.5349228
0.5621222
0.57017255
0.55144995
0.4982441
0.2535423
0.46954766
0.50843656
0.21913974
0.5021669
0.5050808
0.23299147
0.536487
0.25812408
0.50572115
0.57520354
0.5615417
0.52898705
0.54692733
0.5398885
0.25293934
0.23613556
0.25163552
0.27547082
0.27667367
0.24106844
0.2241988
0.55522656
0.56252444
0.53171384
0.34347188
0.32493237
0.25521556
0.34440476
0.32183513
0.4884971
0.24526773
0.5619841
0.27596432
0.52689517
0.22952402
0.5130517
0.55623233
0.5660449
0.5458845
0.2203313
0.5151083
0.28126785
0.5244063
0.21508057
0.24234815
0.24004303
0.30419898
0.5651266
0.23178495
0.27653372
0.5030555
0.5609106
0.55068713
0.21580598
0.560361
0.5290274
0.5817944
0.23690909
0.24264336
0.5653868
0.3468736
0.27044103
0.33520532
0.49984336
0.5406261
0.2917964
0.26512128
0.5200689
0.5446433
0.24600402
0.5126035
0.33543903
0.25120428
0.21639673
0.558848
0.5542535
0.24628827
0.25873488
0.23897539
0.57359374
0.3184202
0.5492951
0.269764
0.5517187
0.24848826
0.2687478
0.55896425
0.55066913
0.5068835
0.56051576
0.5132019
0.5587118
0.25564623
0.32115808
0.21734041
0.48299822