0.9999398
0.99999833
5.2665563e-08
0.9999863
7.297878e-07
1.5221462e-07
1.3372498e-07
0.9999999
2.8858954e-06
0.99525565
2.9396393e-08
8.395459e-08
2.6218436e-07
1.192202e-05
0.99999976
1.605476e-07
1.0217234e-06
0.9956197
3.820209e-06
0.99377835
0.99663806
1.4659853e-06
1.0820343e-06
5.098002e-08
2.0532175e-07
0.00032212067
0.9150319
0.9992799
4.1882813e-06
0.9999913
3.024375e-08
8.902874e-06
0.0064721736
0.0016475038
7.852092e-07
5.4776883e-08
0.99995506
0.99995947
0.9999999
0.9998914
2.8948346e-06
0.21880904
4.5542617e-07
6.480187e-08
8.0643076e-08
1.8638304e-06
0.99996674
0.99214584
8.3077836e-08
0.99999
0.9999262
4.9822114e-07
0.9997347
0.9999758
0.88275665
1.7255117e-06
0.99997616
3.943612e-05
5.3934906e-07
1.7570323e-05
0.9999982
0.99999774
0.9999939
1.4155067e-07
0.9904884
0.99143875
0.9999999
1.2091643e-06
0.9180397
0.99994314
0.9999924
1.793594e-05
0.994263
0.49467805
8.902273e-10
2.6114144e-08
4.499623e-08
0.9999938
5.033014e-07
2.5529005e-07
1.9101077e-07
1.0284389e-07
3.6412112e-07
0.99999917
0.9999094
7.5158414e-07
0.99991405
0.9999945
0.9999707
0.9977992
4.7149893e-08
3.8553043e-07
0.9999931
0.9999995
9.664419e-09
2.2645234e-05
0.9995771
0.9981798
1.0
0.9999988
6.9706806e-07
2.1077936e-07
4.444166e-07
1.730865e-07
9.5816986e-08
5.728313e-07
3.648336e-08
0.99987197
0.9998673
0.99992347
2.385621e-06
1.2862635e-07
0.99966824
3.7000123e-06
1.0756823e-05
3.4389895e-08
9.161999e-07
9.95049e-05
0.9999759
0.8024822
0.99993634
0.999948
1.3103793e-05
0.9999975
1.2454409e-06
0.9999527
6.8049344e-06
3.1293546e-06
4.080359e-07
0.99947864
0.9996935
0.9975351
1.5819849e-06
0.99904627
7.812862e-07
5.5132534e-07
0.15226673
0.9999989
1.4638575e-06
1.2558676e-06
0.9999862
4.7439005e-07
0.9994373
1.5210665e-07
0.9934402
3.0124468e-07
2.0350289e-08
2.0410102e-09
6.787059e-07
5.073398e-07
0.99999595
0.9998319
1.0654839e-07
3.607996e-07
6.3588277e-06
7.247187e-08
0.99999976
2.575591e-08
1.5890068e-07
0.9999554
0.99999976
0.9999999
0.3958414
0.99999714
0.9999006
3.4323847e-07
1.0
0.9997254
1.5247836e-05
1.4652145e-08
4.7799176e-07
6.442284e-07
2.7143982e-05
0.07449543
2.5830283e-05
3.1915027e-07
1.5717615e-05
0.99999666
1.30191165e-05
6.255872e-07
0.89903635
2.2922466e-08
1.5477143e-07
1.0
0.9988889
0.999998
1.02794466e-07
2.1436763e-06
3.9755156e-07
0.99993217
8.9834565e-08
0.99999
0.9999969
0.9999689
0.000126955
4.746146e-06
7.352921e-07
0.9994079
7.2243796e-07
1.638979e-08
2.7771983e-05
0.99996865
0.9999268
0.99992144
0.9999901
0.9999988
3.0062876e-05
0.99999976
3.7816337e-06
4.126962e-05
1.4723068e-07
1.910975e-07
0.9999995
2.1068932e-07
1.5170133e-06
1.8787377e-07
9.378947e-07
0.032742117
5.052997e-07
9.717662e-07
2.6246072e-08
0.9999956
3.6135918e-07
3.4330296e-07
1.4241173e-06
0.9999999
0.99984145
8.2855695e-06
1.4079794e-07
7.725428e-08
0.9999902
2.1298094e-06
0.59469694
6.697172e-08
0.99539053
4.0161467e-05
0.99999034
1.0
1.1441263e-06
1.7209975e-07
1.4002185e-06
3.9368774e-07
0.99998426
0.99742955
0.9986811
3.196973e-08
1.3757193e-06
0.0006878807
2.990204e-07
0.006966068
1.0
3.878615e-07
0.99508494
2.3032987e-06
6.475399e-07
8.077583e-07
0.99996626
0.99886996
0.9939341
0.9999938
0.99999833
6.334596e-07
0.99998057
0.99963605
0.97696257
2.1319705e-05
1.8775911e-07
1.1064665e-07
0.12059525
0.9999739
7.25367e-05
0.4320888
5.592176e-07
2.7133246e-06
0.99994123
0.0016151022
0.9092713
4.3674783e-07
0.9996723
0.9999318
1.0
1.0
6.1328698e-09
2.9035667e-07
0.99998736
0.99993014
1.6543316e-07
0.99999905
2.6796727e-08
1.9459134e-07
0.9812664
0.999967
0.9986331
1.3582023e-07
0.9989003
1.7445516e-06
0.25274536
0.9996947
5.531446e-06
0.99999964
2.7174342e-06
2.7949622e-07
0.9862061
0.9999844
0.9999976
8.625238e-05
0.99996805
8.006312e-06
0.99999905
1.7855474e-08
7.3907654e-07
0.022566745
1.0
0.99991417
0.99999774
7.305412e-07
1.8903441e-07
4.781573e-07
0.9999064
3.505013e-07
9.768637e-07
1.41820965e-05
2.9736272e-08
1.4880405e-07
0.99999845
0.999967
9.6993335e-06
1.754345e-06
4.329975e-07
0.99980074
0.96332103
1.7392122e-08
0.99999547
0.99994457
0.71155536
1.0482376e-06
0.99999607
0.9999832
1.6848492e-06
7.6113736e-08
3.326318e-07
2.3607154e-08
0.99993277
7.4326003e-09
0.9999385
0.973313
0.9976254
0.99999714
0.9999598
0.9999713
0.9997472
1.0952997e-08
0.99999857
7.093035e-09
0.9998442
5.7989276e-08
2.1249168e-07
0.9999852
0.9999999
0.9999993
6.754413e-06
0.9997532
2.0052517e-05
4.8421366e-08
9.988161e-07
7.963517e-08
0.9985012
5.385947e-06
1.8168164e-08
6.318174e-07
7.4816586e-07
4.3326136e-08
0.9999999
1.1321408e-07
4.482893e-08
7.8922276e-05
0.9999871
0.9951622
8.285613e-08
4.854885e-07
0.9999999
0.99986386
0.9991749
8.638103e-06
2.7130347e-06
0.9994703
0.9999788
1.2777439e-08
6.831308e-08
0.99956757
0.99999964
2.675636e-07
3.9845872e-07
3.032473e-08
8.722595e-07
0.9997378
0.9995134
1.3370897e-06
2.2690207e-07
6.8533363e-06
2.3797055e-07
0.9790677
0.9999769
2.0395246e-08
0.7865761
4.0929654e-06
0.999969
0.9999534
0.99999964
1.2046869e-06
0.999967
9.12221e-08
0.99998724
0.99996805
2.978003e-08
1.8002245e-08
0.99978596
4.5274387e-08
0.9999989
5.7964115e-07
9.6956065e-08
8.2628084e-08
1.7645975e-07
6.506182e-07
0.99998784
1.0
0.9999745
2.06344e-08
5.6563586e-06
9.959099e-05
5.322877e-07
0.9999932
1.5026403e-07
0.00067986496
1.4010253e-06
7.973122e-08
0.9999771
0.9292492
0.9956163
1.0676097e-07
1.093688e-08
3.8686144e-06
7.473858e-08
0.9998332
0.9999988
7.677114e-07
0.9999865
0.9999944
7.863332e-07
0.99999714
0.99965477
3.6721676e-06
0.9322975
1.5930443e-07
0.0013480579
7.1547794e-07
0.99999964
0.989781
1.652104e-07
3.248167e-08
0.9999999
0.9999999
2.0009658e-08
0.95303625
5.8254335e-07
0.99999857
0.99978024
0.3412939
5.7155386e-08
2.4293693e-06
4.0952003e-07
8.281379e-08
0.9999932
0.9999994
1.9818403e-07
0.9995846
0.999767
6.997536e-06
0.9999552
2.5711008e-06
8.00512e-06
1.9508485e-07
1.4849629e-06
0.9999925
8.1322234e-08
7.0337455e-06
1.1907204e-05
0.9999975
0.9999453
1.8043378e-06
0.90874815
0.99669856
0.99999964
0.9998909
4.275309e-06
1.2431349e-05
0.9999989
5.296801e-06
2.4912504e-06
0.9995466
6.293289e-07
0.99998164
4.464084e-07
1.2576612e-07
0.9993175
0.99995005
7.1093785e-07
3.0004903e-05
3.753321e-08
0.15648083
1.2042505e-06
0.99823344
4.7528852e-07
0.9999999
5.1066445e-07
6.111258e-08
0.9999876
1.4959289e-09
1.4086772e-08
2.7656398e-07
0.999997
0.12597525
5.7476024e-07
0.9994742
1.0
0.9947708
4.1566946e-06
3.480032e-08
0.99987316
2.2714846e-07
0.9992077
7.331632e-06
5.365973e-09
2.2110669e-07
2.416784e-07
2.4037297e-08
2.7564683e-06
4.5769084e-06
5.896435e-07
0.99999595
4.4013395e-06
0.99960786
1.667744e-06
0.9999914
1.4389006e-07
3.5004723e-05
1.4373817e-08
6.44124e-07
4.7125937e-07
0.99975246
2.2624693e-07
2.0850139e-07
7.716893e-06
0.9999689
1.0
2.1746619e-06
1.599171e-07
9.4997523e-07
4.0865393e-07
0.9999958
3.182815e-08
0.9999881
0.0023198393
1.9068716e-07
0.99998844
6.964063e-07
0.99972194
0.9999027
2.2983019e-07
0.9959311
0.9993123
1.4222155e-07
0.9995881
1.2973004e-07
0.9999999
0.9999052
0.9999995
0.99993837
0.9994723
1.1052291e-05
1.6593737e-07
2.441083e-07
7.755043e-08
0.004063803
0.999997
0.90615886
1.5225919e-07
0.64478034
9.609606e-07
0.99999917
1.0641836e-08
4.783881e-07
1.0248965e-07
0.0029710636
0.99983156
4.404172e-07
0.000115793184
8.771238e-08
0.9999801
3.2410136e-07
0.9999999
0.9999999
0.99969304
1.402869e-06
0.99880826
6.48303e-08
8.709663e-06
7.40446e-08
1.4488605e-06
0.9999987
1.6232347e-07
0.9998148
5.7352064e-08
0.9994941
0.008631128
6.0580237e-07
2.6593093e-06
6.2426054e-08
0.99998057
0.9999902
0.9991522
3.4797047e-09
8.135145e-06
0.9964059
0.8530909
0.99999416
1.422347e-07
0.99941456
0.9808796
1.4032503e-06
3.3517624e-06
1.5077678e-07
0.99997485
0.99996793
2.635704e-08
0.9999969
0.9998987
3.4978526e-05
2.3189386e-06
4.0771376e-08
0.99966145
6.6320194e-10
0.9914466
0.99999774
6.700865e-07
2.0696953e-08
3.0658086e-06
2.0405947e-08
0.99999666
0.99906427
0.99987864
0.99868816
6.016379e-06
0.99999905
1.0752834e-05
0.9999989
0.9998965
1.0
1.111963e-07
7.183276e-07
4.9224246e-07
5.587133e-08
0.99999106
0.7141772
2.3429352e-06
0.99978596
7.1157724e-09
2.5251627e-08
0.99967957
2.2992295e-09
0.99909556
0.9999584
1.0418304e-06
0.99778324
0.99955326
0.9999846
0.18050437
4.5053562e-07
0.99997795
0.9993255
0.026303595
3.4132728e-07
0.12570983
0.99999964
0.99913484
0.99972755
0.99943846
0.9999995
0.99993837
4.4030778e-05
2.7911165e-05
0.99923015
2.0608166e-08
3.0564212e-07
0.0010380741
4.092276e-08
1.3409995e-07
2.1934315e-07
0.9999888
0.45679963
1.1636497e-06
0.99999774
0.99999857
4.3009086e-06
8.3853084e-09
0.999933
8.1986695e-07
0.99999976
0.9999964
0.9999515
0.11268692
0.99980193
3.0691416e-07
2.963554e-08
0.99999297
4.4628453e-07
1.7459813e-06
0.99961877
1.1593458e-07
0.49659806
1.244764e-06
2.755877e-07
0.988577
2.5614426e-08
6.7780286e-07
2.1418647e-07
2.5863724e-07
1.5387412e-06
2.6251987e-06
3.6411734e-06
0.9999614
0.9999497
2.1425554e-07
1.35622145e-08
0.9993024
1.1796525e-06
2.846377e-08
0.9999957
0.9999975
1.1713712e-06
0.99975544
1.2032592e-07
0.9999577
2.1560896e-07
1.0
0.0012992145
1.4389471e-07
9.2709726e-08
2.2244649e-08
2.9396028e-06
6.618201e-08
1.0848545e-07
6.206301e-08
0.9987344
0.5939711
1.0942519e-07
0.9998553
5.2617097e-06
2.5988085e-08
2.1100675e-06
2.327289e-06
0.9997874
0.9999963
0.9988071
2.2227925e-07
2.4497695e-08
9.346915e-06
0.99905986
9.792122e-07
0.99996793
1.150931e-06
5.480101e-09
1.0
6.390011e-07
1.2546317e-07
0.99988365
0.9999999
3.7280126e-09
0.9999651
2.2923697e-07
4.282215e-07
0.99979085
0.031913634
0.9910686
2.0190958e-08
0.99999785
0.9995857
0.9996094
0.99999595
1.16863475e-05
1.0
0.9988004
0.9999994
1.735859e-05
5.484783e-05
1.2107344e-07
7.365695e-08
2.5347202e-07
1.0
5.7736095e-08
0.9999937
6.4137356e-07
0.99926823
0.99999976
2.493206e-07
1.5616526e-07
3.882389e-08
0.7556741
0.99999607
0.9999149
1.0
1.0
0.9997453
0.99940276
2.5539883e-08
1.732019e-06
0.9978951
0.981399
3.2550795e-07
0.9999198
0.9988207
0.99999595
0.9999392
5.9027528e-08
5.210536e-06
0.9996791
0.9999999
1.8592736e-07
0.43191722
1.3300651e-07
0.999998
6.679781e-09
5.180589e-06
0.9999751
0.9998846
0.84355646
0.999923
0.99910766
2.6749083e-08
6.162538e-07
0.002970411
0.99999976
0.9999995
2.0552545e-05
1.0
0.9999385
0.9999713
0.9999999
0.99994385
5.046096e-07
9.659446e-08
0.99999917
2.7266913e-07
1.3705723e-05
2.61857e-07
0.98361635
1.1065568e-08
5.727428e-07
2.8191673e-08
5.136946e-06
1.0
8.321343e-08
0.9950694
5.683795e-05
0.9999764
2.262125e-06
1.978015e-09
1.5649661e-12
5.2464793e-07
2.655515e-08
4.1337756e-07
0.9407916
1.421809e-06
0.99592125
5.5232945e-08
0.99999964
1.4955423e-07
1.7204628e-05
1.9725905e-05
0.718051
0.9999577
1.6791932e-06
0.89286655
9.294624e-07
9.113619e-08
2.8870295e-08
0.9999982
1.1981248e-07
0.0006182015
2.5538209e-06
1.2050547e-05
1.0
2.6838242e-07
0.9999913
0.9999906
0.99924624
0.9980147
4.125193e-06
0.9999665
0.9999857
0.14978918
1.4267109e-06
0.99993753
0.40225288
0.99887294
3.2051764e-07
5.916962e-07
0.9998758
0.9998165
3.1329375e-06
0.9999981
1.0608286e-06
2.398167e-06
9.872238e-07
0.005765692
0.99999654
0.9999621
1.0683762e-06
0.9999999
0.9999982
2.9930627e-07
0.9999999
0.99999905
0.9975521
0.9997241
0.9998933
1.098731e-06
1.3202636e-06
0.9999833
1.2193234e-06
0.9999802
8.420335e-06
0.999987
0.9999871
0.99995077
0.9999993
1.3089831e-08
0.99999857
0.9999728
2.525307e-08
0.9999622
8.087613e-08
2.239425e-07
1.5991115e-07
7.188732e-08
6.262175e-07
2.7587826e-06
0.99996865
0.94536453
0.99999404
4.683717e-06
0.999671
0.89726233
1.1786943e-06
2.3619499e-07
0.9998123
0.992841
9.4049604e-08
0.999925
0.9999722
0.9999206
4.3888054e-08
0.99999976
3.5840524e-06
0.9999993
4.220945e-06
1.456169e-06
1.4967493e-07
0.9998957
6.932826e-08
0.9999999
4.8736393e-08
0.99902236
2.3433554e-06
4.7326037e-07
0.9989498
1.0
2.7703418e-05
0.9999999
0.999948
1.3438223e-07
0.9987727
1.384419e-06
1.9341668e-07
5.866041e-06
5.1154054e-09
0.99900144
0.010755818
0.99997723
0.99997795
0.923077
9.4310496e-07
0.9999999
5.5024543e-08
0.99356115
6.057446e-07
1.0292961e-06
9.77517e-07
3.8850862e-07
0.9999964
7.66701e-07
0.99994206
2.822264e-07
0.99999917
0.9982672
1.2718036e-06
0.9999664
1.1194708e-07
5.0664596e-07
0.9999255
2.119396e-07
2.4256877e-07
0.999951
1.0
2.5721232e-07
0.0030668643
0.99999964
6.705682e-09
1.9908592e-07
0.9999945
1.5534071e-05
1.0411827e-06
7.733725e-09
8.110723e-08
8.996368e-08
5.172396e-07
4.3658122e-07
0.9993635
0.99999297
0.99807644
2.9027802e-07
1.6233353e-06
0.9998919
1.3412325e-06
3.4149005e-07
0.11757958
5.886479e-07
0.999853
0.99999964
0.9999968
0.999997
7.7333e-08
1.6191531e-07
0.98279923
0.9999962
0.99999917
0.9987985
0.9998772
1.3677143e-07
0.99999964
2.1359726e-06
0.99999976
0.9999927
7.5761835e-07
4.2061452e-05
1.546413e-06
2.007767e-08
0.994545
0.9998338
0.99978644
1.0030648e-06
0.9999958
5.1041418e-08
0.99999976
5.89909e-07
0.9999114
0.9997482
0.9999976
0.99999976
0.99997115
2.7210103e-07
9.130809e-08
5.6682158e-08
0.99884796
0.9999777
0.9938678
2.1903523e-07
0.99999774
1.0
1.0
3.621126e-07
0.9997893
1.5207884e-05
0.99997795
0.9992136
0.9999963
3.5821589e-07
5.87301e-06
0.9999943
4.5628306e-07
1.9979168e-06
4.3371447e-08
0.9999902
1.0728916e-05
0.7999594
0.9997769
0.99856335
1.1127029e-05
3.546613e-07
0.99995553
0.9999808
7.6327063e-07
0.9999832
0.9984901
8.9127275e-07
1.346379e-07
1.8945162e-06
3.4180164e-06
0.99978644
1.4082613e-07
3.1291456e-05
0.9998185
0.9996705
8.155181e-08
1.9238804e-08
0.9999881
1.6576102e-07
0.9945899
4.96739e-07
1.3448906e-06
5.421374e-07
2.0947861e-07
0.99883753
9.460606e-07
5.1045994e-08
0.9999218
9.065584e-07
9.466152e-06
0.98229927
0.00038013852
3.3674423e-06
5.6241443e-06
6.9070217e-07
8.1679445e-07
0.99989545
0.9999497
0.9999703
2.1388927e-07
0.9967001
6.1812764e-09
0.99987626
4.6688867e-05
0.99996555
0.99992347
0.9999757
0.9996933
3.5353474e-07
1.4724573e-06
3.3644082e-07
0.9921457
7.545635e-06
0.6402718
5.1989387e-05
0.88972485
1.0507578e-06
0.98173344
0.9997508
5.873996e-07
0.9980975
0.9799998
0.99999475
0.99998486
0.9999492
8.2616793e-07
8.055805e-08
0.9998093
0.00063138903
2.7640735e-07
3.4426664e-06
4.9773143e-06
0.99196786
0.99958247
0.9999999
0.99991083
1.1942416e-07
0.99999833
2.4145247e-06
1.9550256e-05
5.467791e-09
0.9990809
1.360614e-06
2.7642236e-07
1.09398464e-07
0.9999999
6.319517e-08
3.5690238e-07
1.9559717e-07
7.545331e-08
1.4045616e-08
1.7533632e-06
3.766801e-06
0.9998803
1.7203082e-07
0.9999676
7.116563e-08
1.0828859e-06
9.9687135e-08
0.9999317
0.97018
2.5731734e-07
6.175173e-06
0.9999994
0.99989927
3.5693667e-08
2.2723577e-07
5.3121155e-08
9.251864e-06
0.9811736
0.9999999
1.5146368e-06
0.999666
0.99506193
0.9999912
1.0707297e-07
0.99997854
3.7634294e-07
1.6368866e-06
0.00071555795
0.9999708
3.7511714e-07
3.713573e-07
0.9994031
1.9009777e-07
2.7808494e-06
3.21805e-07
4.403472e-05
0.99994993
0.9999993
2.0255419e-07
0.00016687556
0.9999883
6.1422895e-07
0.4400698
0.99941885
1.2972917e-07
1.4480316e-06
0.99999964
2.4833557e-07
5.820047e-07
0.9999981
4.790071e-06
0.99998736
4.9695603e-07
2.477175e-07
4.3899612e-07
2.0672335e-08
2.7439205e-08
0.9995128
4.0091192e-07
1.6286867e-07
7.4867366e-06
0.9999976
1.0
0.9997745
0.9997582
3.893877e-07
1.4688554e-07
0.99855083
1.1587976e-07
5.3908474e-07
2.0987078e-05
2.9929276e-06
0.9999753
1.168291e-06
1.6832256e-11
0.9999974
2.5420773e-06
1.2973556e-05
0.0008089033
0.99778455
0.99898285
1.4988764e-06
0.9999747
8.874377e-08
1.1825399e-07
0.013469809
0.99997735
5.457406e-07
0.99999905
0.9999181
1.41968e-07
1.4748701e-07
0.9999883
1.2519628e-07
0.99998
2.414665e-06
0.9642326
8.677677e-06
4.3800625e-07
0.99998474
4.4590856e-06
1.0515472e-07
0.7658676
0.99999356
2.605435e-07
1.3921276e-08
0.9999993
0.99988544
0.9998745
0.9996643
0.9999988
0.99977726
0.99999595
1.3357345e-07
0.99999905
3.6531551e-07
5.734665e-06
1.5009346e-07
1.0017933e-06
1.0
2.5259052e-07
0.9999206
0.9999664
1.4534716e-07
1.4406952e-07
4.155668e-06
2.9764934e-07
0.9999778
1.316148e-05
0.999902
1.3108138e-07
9.74754e-07
0.99996614
0.99832827
0.99995685
0.99982005
1.4790791e-06
0.9983536
6.5243894e-06
9.322391e-06
5.0272515e-06
9.030596e-05
3.1647764e-07
0.9999846
9.386556e-08
1.8118196e-06
1.7443655e-07
0.019293198
0.99998355
0.99994135
0.99989474
0.9999989
0.9999318
0.9491263
0.9998313
0.9998616
3.7886982e-06
0.67412025
0.9999994
1.4439152e-07
0.6833283
0.9999887
4.0298993e-08
0.9999914
1.2022583e-06
0.99999785
0.9999982
0.99999917
0.9999988
0.9999999
0.99997187
1.5852349e-06
4.3482185e-08
3.1198053e-07
6.0738915e-07
1.459505e-08
8.43005e-09
8.068738e-08
0.9999678
0.99988747
0.99904937
2.1849519e-06
1.3144314e-07
3.3305078e-08
1.6177407e-06
8.9750294e-08
0.06255324
7.360393e-07
0.9985549
9.441123e-08
0.9997862
9.2729596e-07
0.35953477
0.99999785
0.9999896
0.9999999
2.4391002e-07
0.99891376
3.492921e-06
0.9999733
1.803689e-08
3.5580133e-06
1.7983153e-07
4.0931386e-07
0.999972
3.0079886e-07
1.286862e-05
0.999997
0.9999877
1.0
4.3882274e-08
0.99982685
0.9975395
1.0
4.897206e-08
8.248463e-08
0.999997
0.00044698082
5.6519144e-07
8.545206e-06
0.9317942
0.9999356
3.808089e-07
1.8882644e-06
0.9997898
0.99924964
1.8238094e-07
0.9999981
4.555235e-07
2.3775975e-08
3.5591015e-08
0.99999154
0.99999726
8.426003e-08
3.762927e-07
2.4035567e-06
0.994197
2.0769497e-05
0.99958247
3.578745e-09
0.9999949
2.7936778e-07
4.692404e-06
0.99998283
0.99999297
0.99997985
0.9999975
0.0005617488
0.9999994
3.8487028e-07
3.0011861e-07
2.7407976e-08
0.9999994