0.9999999
1.0
4.5513606e-12
1.0
1.6537876e-09
7.714244e-10
2.2555542e-09
1.0
6.6316014e-10
0.99347633
8.435748e-12
2.7120794e-10
8.5982e-10
3.060101e-08
1.0
9.2791724e-10
3.4903935e-09
1.0
8.4505956e-08
0.99967515
0.9999938
1.0015535e-08
8.7716145e-10
1.1921393e-10
1.3638474e-09
3.747045e-06
0.32632884
0.9999907
1.5066684e-07
1.0
4.4014153e-11
1.9203428e-08
0.00039481005
1.7308996e-07
1.2147089e-10
2.7655465e-12
0.9999981
0.99999964
1.0
1.0
3.3660672e-07
0.0036609403
2.9500176e-09
2.8468543e-12
1.2129077e-10
2.416274e-08
1.0
0.9999865
1.5537496e-09
1.0
1.0
1.1572019e-09
1.0
1.0
0.25478035
3.321981e-08
1.0
1.6524805e-06
3.5069496e-09
8.177617e-07
1.0
1.0
1.0
1.6644036e-10
0.9999002
0.9878522
1.0
1.0167806e-08
0.96819323
1.0
1.0
5.63737e-06
0.9998853
0.983538
9.362675e-14
6.590001e-11
5.6821388e-11
1.0
1.9415843e-10
3.494927e-11
3.6471495e-10
1.0375524e-09
2.7419558e-10
1.0
1.0
9.917105e-09
1.0
1.0
1.0
0.9999933
3.350089e-10
4.9729283e-09
1.0
1.0
8.883093e-13
4.084178e-07
1.0
0.99996316
1.0
1.0
2.127952e-10
1.0173597e-10
7.177395e-10
3.691324e-10
1.1927847e-11
1.1012357e-09
1.738829e-10
0.99999917
0.9999999
1.0
1.4458664e-07
7.550715e-12
1.0
4.8226676e-09
4.1508468e-09
3.6477946e-11
2.3391028e-08
1.3828316e-06
1.0
0.9992397
1.0
1.0
3.301492e-06
1.0
4.2562397e-07
1.0
8.322152e-08
2.510051e-08
6.761289e-10
0.99999917
1.0
0.9999956
4.4888532e-07
0.9999994
5.1534293e-10
5.1013456e-09
0.08120895
1.0
1.2062132e-09
4.290605e-09
1.0
1.4804987e-09
0.9999821
2.0424307e-10
0.99999976
6.9680695e-10
1.0618204e-10
4.5413058e-14
1.0505419e-09
2.689655e-10
1.0
0.99999607
1.1992101e-12
1.2665189e-09
1.3067755e-08
4.075023e-12
1.0
1.4707085e-11
1.5416457e-10
1.0
1.0
1.0
0.99972755
1.0
0.99999976
2.3530776e-08
1.0
0.9999999
7.073502e-08
5.6155653e-11
9.33807e-09
3.2368597e-09
4.944675e-07
0.44002432
1.9751967e-07
2.8807393e-10
1.3747616e-07
1.0
7.3114705e-08
8.031256e-09
0.9992704
8.61022e-12
2.8407823e-10
1.0
0.9999981
1.0
1.5084482e-11
1.0787232e-09
1.9413668e-09
1.0
7.5578693e-10
1.0
1.0
1.0
1.4601991e-06
2.4486377e-09
1.063479e-09
0.99999857
3.3729525e-10
2.272059e-11
2.8206793e-07
1.0
1.0
1.0
1.0
1.0
6.251631e-07
1.0
3.0339956e-07
1.6714488e-05
1.4258818e-10
1.1330066e-10
1.0
7.298853e-10
2.7231006e-09
2.6091427e-09
9.890131e-09
0.79231364
1.790291e-08
2.1133847e-08
1.6302291e-10
1.0
4.0360798e-10
1.6877636e-09
3.2652347e-09
1.0
0.9999993
1.1870513e-08
1.17265165e-11
9.607049e-11
1.0
3.6917322e-10
0.44672307
2.9433728e-10
0.9999902
5.5362783e-08
1.0
1.0
1.4636942e-09
8.982556e-10
9.702821e-08
4.5176524e-10
1.0
0.99999106
0.9999974
3.2146777e-10
2.867316e-09
2.3165159e-09
1.1551041e-10
0.00013956512
1.0
4.3799306e-09
0.99976236
8.45813e-11
2.17001e-09
7.610834e-09
0.9999999
0.99999905
1.0
1.0
1.0
1.1885579e-08
1.0
0.9999999
0.973319
2.3732963e-07
1.0137688e-09
1.0564751e-10
0.045291673
1.0
4.4012626e-07
0.9998752
2.6249463e-09
2.4512465e-08
1.0
6.3099455e-06
0.06283171
1.6358094e-08
0.99999976
0.9999982
1.0
1.0
1.1110126e-12
4.686339e-10
1.0
1.0
1.5026017e-11
1.0
1.7785437e-10
3.0475575e-10
0.9191737
1.0
0.9999919
1.0011729e-09
0.99999905
5.0968744e-08
0.0023726039
0.9999963
1.657303e-08
1.0
6.7175454e-10
2.8158553e-09
0.9842195
1.0
1.0
2.8771046e-06
0.99999976
5.978407e-06
1.0
1.426189e-10
7.5712485e-09
0.0402803
1.0
0.9999994
1.0
6.5927983e-09
4.6539647e-08
9.596157e-10
0.9999999
2.0826556e-09
1.3443025e-08
2.7173255e-07
1.07315316e-10
1.0934746e-09
1.0
1.0
1.2469748e-07
1.0618311e-09
1.3469094e-09
0.9999989
0.9874556
3.2791495e-11
1.0
1.0
0.99977726
1.5034883e-10
1.0
1.0
5.9270427e-08
4.4236784e-10
1.420142e-09
2.9178782e-10
1.0
3.5792975e-13
1.0
0.9928034
0.99993014
1.0
1.0
1.0
0.99999905
2.255268e-11
1.0
9.90138e-13
0.9999994
6.161354e-11
5.5247223e-10
1.0
1.0
1.0
6.6824214e-07
1.0
2.7853917e-09
1.8572109e-11
6.130732e-08
1.667415e-11
0.99999726
1.00244456e-07
3.744897e-12
1.7446868e-09
3.6352943e-10
3.310371e-10
1.0
1.2963895e-10
3.5538524e-11
2.9784577e-08
1.0
0.99998915
1.1872335e-10
3.532823e-07
1.0
1.0
0.9999939
6.929151e-08
1.8264988e-09
0.99999464
1.0
7.2428335e-12
2.0237398e-10
0.9999999
1.0
1.8763698e-08
4.1690065e-10
4.3742702e-06
2.1260331e-10
0.9999999
0.9999945
4.604326e-08
1.9493768e-10
1.2009195e-07
2.349111e-10
0.9999862
1.0
2.5340596e-12
0.45804626
2.4421556e-08
1.0
1.0
1.0
3.6733245e-09
0.9999665
1.9122513e-11
1.0
1.0
2.3332752e-11
9.058426e-11
0.9999989
4.7681047e-11
1.0
1.157454e-08
4.0848241e-10
6.1459162e-12
3.1012762e-10
1.2195691e-08
0.99999964
1.0
1.0
7.0039824e-13
1.7269522e-07
1.7283626e-06
5.4572884e-09
1.0
4.440922e-11
0.004060209
1.095906e-07
4.796475e-10
1.0
0.9944964
0.9988349
1.0158524e-11
6.9360134e-12
1.5635408e-06
9.419022e-11
0.9999999
1.0
2.6007212e-09
1.0
1.0
5.114925e-10
1.0
0.9999999
7.7816686e-08
0.9998963
3.370303e-10
3.798393e-05
1.0385013e-08
1.0
0.9999802
3.6912975e-09
1.3606085e-11
1.0
1.0
1.710212e-11
0.9874105
1.991618e-08
1.0
1.0
0.22337605
1.16068495e-10
3.9927595e-09
1.6800222e-10
1.4722424e-09
1.0
1.0
6.25805e-10
0.9999981
0.9999982
4.4838167e-08
1.0
8.474652e-07
5.3776557e-08
1.2232596e-11
4.2143056e-10
1.0
9.085632e-10
5.56792e-08
6.177796e-07
1.0
1.0
7.8759727e-10
0.96958363
0.99999905
1.0
0.99999106
5.562708e-08
1.7097276e-06
1.0
4.1621186e-07
8.052979e-08
0.9999988
2.3406254e-11
1.0
2.538296e-09
2.2519635e-10
0.99998426
1.0
2.091063e-08
7.922392e-10
5.6829954e-11
0.15771115
5.685334e-08
0.9998807
8.699669e-10
1.0
1.0835584e-10
3.0414414e-11
1.0
1.13173965e-05
1.9433654e-11
2.6999774e-09
1.0
0.0047207503
2.999737e-10
0.99999964
1.0
0.9999511
3.4914505e-10
4.9139373e-11
0.9999987
2.0764994e-09
1.0
6.2910246e-09
5.937642e-13
1.4776316e-10
1.0969716e-09
7.879391e-12
1.0191585e-09
5.4564268e-08
1.132925e-09
0.9999999
5.8791183e-10
1.0
4.2061807e-09
1.0
1.4808219e-11
4.864103e-07
2.2187962e-11
9.395248e-11
7.2289286e-10
0.9999999
1.0850024e-09
1.3401102e-10
1.131843e-09
1.0
1.0
2.0534274e-09
2.0295312e-09
1.0847566e-12
2.0200029e-10
0.9999999
9.075513e-11
1.0
2.0144548e-06
2.2224852e-11
1.0
3.3280564e-08
0.99999905
1.0
5.984643e-10
0.99999976
1.0
1.14322864e-10
0.99998474
3.900972e-10
1.0
1.0
1.0
1.0
0.9999982
1.2691577e-08
3.5032108e-10
7.5467205e-10
1.6007054e-10
3.6362408e-08
1.0
0.9999558
2.4317195e-09
0.6642171
4.138674e-08
1.0
1.7886695e-12
4.763946e-09
4.1129064e-10
2.5698757e-05
1.0
1.9904172e-09
5.4610814e-07
3.0652664e-11
1.0
4.0908046e-10
1.0
1.0
0.9999994
7.505522e-10
1.0
1.7348172e-10
5.1274573e-10
1.04230825e-10
1.6620387e-08
1.0
9.129425e-10
0.99999964
1.3844498e-10
0.99999905
0.9358958
1.5295422e-08
1.0804267e-06
1.6570105e-10
0.9999999
1.0
1.0
5.0987257e-14
2.8069822e-08
0.9998336
0.79771924
1.0
4.975345e-10
0.9999964
0.9998066
3.015986e-09
3.191423e-08
1.56782e-11
1.0
1.0
5.967579e-10
1.0
1.0
1.1312509e-06
3.3529983e-07
3.0609795e-10
1.0
2.6588936e-13
0.9999845
1.0
2.7250243e-08
1.3407386e-11
7.679267e-07
1.3446e-08
1.0
0.9999994
0.9999999
0.9999678
7.366338e-09
1.0
3.1964677e-07
1.0
1.0
1.0
3.6475292e-08
9.957122e-08
4.6015122e-10
5.407548e-11
1.0
0.9993242
7.652158e-09
0.9999987
1.1413951e-12
5.8796397e-12
1.0
1.7863049e-14
0.99999523
1.0
2.7247125e-08
0.99999774
1.0
1.0
0.0007527794
8.8807734e-09
1.0
0.9999969
0.00018224928
2.3121302e-11
0.99987245
1.0
0.9999939
1.0
0.9999999
1.0
0.9999993
1.0846285e-08
2.0971358e-06
0.99999225
4.054951e-11
3.492363e-10
3.5840965e-06
9.611997e-11
2.5493438e-09
1.0931431e-09
1.0
0.9845532
3.6278344e-10
1.0
1.0
1.1554863e-06
9.56028e-13
1.0
6.4315575e-09
1.0
1.0
1.0
0.22392142
0.9999999
6.7968725e-10
1.1225341e-12
1.0
2.6282262e-10
9.120606e-09
1.0
2.2855386e-10
0.9968761
3.72898e-09
3.157021e-09
0.9999958
1.3683092e-11
5.8799623e-09
6.6163647e-10
3.0018807e-08
1.8308893e-10
2.1283885e-08
5.3513395e-07
0.9999975
1.0
2.8143048e-12
6.8829165e-12
0.9999995
1.2093288e-07
4.6568166e-11
1.0
1.0
7.825734e-10
0.99999964
4.9118126e-10
0.9999999
3.188031e-10
1.0
0.0002575085
6.5545036e-10
3.9170355e-12
1.0935904e-11
2.6570943e-09
6.0499786e-11
6.8768347e-10
5.2861226e-11
0.99999475
0.0023400881
2.1036992e-09
0.99999905
4.3710276e-08
1.236974e-10
1.3364143e-10
2.2825289e-07
0.99999976
1.0
0.99997807
7.5479295e-10
4.805401e-11
5.419668e-07
0.99999833
5.2171436e-09
0.9999995
2.3585718e-09
5.980697e-13
1.0
1.3768531e-09
3.4083275e-10
0.9999994
1.0
3.1434514e-14
1.0
4.231074e-10
5.2424003e-09
0.99999964
0.9956151
0.99999654
3.303091e-11
1.0
1.0
0.9999956
1.0
4.944137e-07
1.0
0.99999976
1.0
1.2143423e-07
1.3790545e-06
7.053139e-10
2.9008673e-12
1.162243e-09
1.0
3.92225e-10
1.0
9.235362e-11
0.99991393
1.0
3.6800615e-10
2.5377538e-09
3.4208844e-10
0.49950796
1.0
0.99999976
1.0
1.0
0.99996305
0.999992
1.146478e-10
1.1408441e-09
0.99999976
0.99951315
2.8680694e-10
1.0
0.9999989
1.0
1.0
1.6562837e-10
2.685711e-07
0.9999994
1.0
9.788406e-11
0.9108048
7.065698e-11
1.0
1.0007291e-11
1.8617287e-08
1.0
0.99999976
0.29190293
0.9999976
0.9999993
9.5506124e-11
1.0432257e-09
5.342851e-09
1.0
1.0
2.5671357e-08
1.0
0.9999999
1.0
1.0
0.9999999
6.1177013e-10
1.02221565e-08
1.0
5.731475e-09
2.2596391e-06
6.8360845e-10
1.0
1.1620223e-11
3.140659e-10
6.107509e-11
9.05524e-09
1.0
1.2133536e-11
1.0
7.383773e-06
1.0
3.1924708e-07
1.918426e-14
7.7756454e-08
6.832474e-10
6.9256656e-11
8.9427427e-10
0.459408
4.3898474e-10
0.99999785
5.1247364e-11
1.0
1.15632694e-11
6.7279584e-06
1.0860012e-05
0.74744886
1.0
3.9387807e-10
0.999705
2.767082e-08
1.9272198e-11
2.3477525e-11
1.0
1.08478e-11
6.581153e-05
2.549261e-09
4.4393367e-08
1.0
1.7501685e-10
1.0
1.0
0.9999981
0.9999521
1.3093003e-08
1.0
1.0
0.80989915
1.8166733e-09
1.0
0.0022434732
1.0
1.1856658e-09
1.525894e-08
0.9999999
1.0
2.6027807e-09
1.0
2.9533407e-08
7.982553e-09
9.1939985e-09
0.014784582
1.0
0.9999995
8.35433e-11
1.0
1.0
8.7069185e-11
1.0
1.0
0.9999999
0.99999976
0.9999999
3.5363767e-09
6.938157e-08
1.0
3.135458e-10
1.0
1.1389135e-09
1.0
1.0
0.9999999
1.0
4.1903217e-11
1.0
1.0
4.3288817e-11
1.0
1.0269129e-09
3.9965822e-10
1.0983675e-10
1.7950111e-10
5.2327775e-10
3.2710692e-09
1.0
0.99994946
1.0
4.2983473e-08
0.9999999
0.994827
1.1191164e-07
7.9400314e-10
0.9999999
1.0
5.064169e-12
0.9999999
1.0
1.0
6.5140573e-11
1.0
2.2924815e-09
1.0
2.3812825e-08
1.3290509e-09
8.209194e-12
0.9999995
5.8659876e-11
1.0
9.4178675e-12
0.9999994
8.723184e-09
3.7895522e-09
0.9999981
1.0
8.690312e-07
1.0
1.0
2.5821845e-10
0.9999709
2.6344773e-08
2.5353493e-09
2.1041497e-08
3.9986425e-13
0.9999876
9.053471e-05
0.9999999
0.9999999
0.9999609
1.61824e-10
1.0
2.8083022e-10
0.9996344
6.0282457e-10
1.7874819e-09
5.4529807e-09
2.7377136e-09
1.0
2.4536824e-09
0.99999857
1.732662e-09
1.0
0.9999285
1.5065615e-08
1.0
1.9950501e-09
9.916118e-10
0.99999976
1.5926762e-08
4.2237208e-10
1.0
1.0
1.1445902e-10
0.00044680422
1.0
1.540625e-11
1.0702117e-10
1.0
9.652952e-07
4.1070664e-10
6.2514294e-10
5.1724718e-11
2.0879512e-11
1.0061099e-09
9.9684136e-11
0.9999993
0.99999976
0.99999094
5.39524e-10
1.0488421e-09
0.9999993
1.252717e-08
8.280949e-09
0.9518223
1.0735329e-08
1.0
1.0
1.0
1.0
6.271134e-10
1.08428405e-10
0.99995506
1.0
1.0
0.99999964
1.0
1.9869216e-11
1.0
6.443557e-08
1.0
1.0
1.860968e-09
1.7344044e-07
3.5777504e-08
1.5896874e-11
0.99998355
1.0
1.0
3.0507168e-09
1.0
1.7834421e-10
1.0
1.5718399e-09
1.0
0.9999999
1.0
1.0
1.0
1.4216461e-09
1.36747445e-11
1.3499107e-09
0.9999995
0.99999976
0.9999511
3.1949585e-10
1.0
1.0
1.0
2.7651774e-08
1.0
9.1884445e-08
1.0
0.99999535
1.0
3.1687606e-09
9.148935e-09
1.0
1.13850565e-08
1.8367734e-09
7.7871515e-11
1.0
1.9134218e-06
0.9298918
0.99999774
0.9999982
3.906146e-05
1.8124223e-10
1.0
1.0
1.2310974e-09
1.0
0.9999213
1.891706e-09
2.6559882e-10
3.502895e-11
6.5529915e-10
1.0
1.2867328e-10
6.441996e-07
0.99999046
0.999998
4.4241424e-10
3.701358e-09
1.0
7.6044737e-10
0.9999813
3.5909107e-08
1.6448919e-08
1.2326817e-08
1.05825994e-10
0.99999917
9.332764e-09
2.5876523e-10
1.0
3.0257194e-08
8.4196735e-08
0.9999987
3.480228e-05
3.3641865e-07
5.8772514e-08
7.5137185e-09
3.8296326e-09
1.0
0.9999999
1.0
7.4705164e-10
0.99996364
1.1922767e-12
0.99999964
2.239463e-05
1.0
0.99999976
1.0
1.0
1.1004908e-08
1.064255e-07
3.1014002e-10
0.99993455
6.145601e-08
0.9816867
1.8446764e-07
0.9834789
2.3283786e-09
0.9999511
0.9977481
8.313249e-09
0.9999888
0.99699926
1.0
1.0
0.9999993
8.903636e-09
1.0752353e-09
0.9999957
3.885119e-06
2.7772804e-09
2.1174719e-08
1.0148615e-06
0.99996984
0.99999976
1.0
1.0
2.5134403e-10
1.0
2.3967897e-07
2.993611e-07
2.115319e-13
0.9999989
8.5169644e-10
9.16673e-10
7.1291605e-11
1.0
8.831281e-09
6.870079e-11
9.874331e-10
5.4503785e-10
1.4850724e-12
6.74689e-09
3.4034326e-08
0.99999976
3.555366e-10
1.0
1.4961015e-11
5.187136e-10
3.945849e-10
0.9999999
0.99541926
6.773474e-10
3.3682153e-07
1.0
0.99999917
3.301617e-11
4.769426e-10
4.4671156e-10
4.351527e-09
0.9999815
1.0
1.5991573e-07
0.9999999
0.9999347
0.9999999
8.7929214e-10
1.0
9.766312e-10
1.3623893e-08
0.0011626614
1.0
5.3903872e-09
8.296783e-11
0.99999976
6.906621e-10
5.313725e-09
3.0277714e-10
8.565754e-07
1.0
1.0
9.579078e-10
3.5344836e-08
1.0
5.0026294e-09
0.85599345
0.99999976
3.107772e-10
8.401446e-09
1.0
5.6320654e-10
1.3291098e-08
1.0
1.7671466e-08
1.0
1.5390729e-09
1.1420714e-10
8.462754e-09
4.6330486e-14
5.221018e-12
1.0
1.195046e-11
6.680902e-09
1.03128514e-07
1.0
1.0
0.9999945
0.9999995
6.6912414e-10
3.5944792e-09
1.0
9.538961e-11
1.9748256e-09
4.4340536e-06
1.1223909e-08
0.99999964
1.267674e-09
1.1903265e-17
1.0
8.855819e-10
2.8347074e-07
1.922416e-05
0.9999887
0.9999974
1.1828813e-08
1.0
9.710737e-10
1.1608926e-11
3.955902e-06
0.9999999
5.042767e-10
1.0
0.9999999
6.4476446e-10
1.6103087e-10
1.0
4.22638e-10
1.0
8.614258e-09
0.9991253
3.156744e-09
6.871947e-09
1.0
5.7283625e-08
9.668931e-10
0.31782582
1.0
1.5645933e-08
6.1894516e-13
1.0
0.99999976
0.9999999
1.0
1.0
0.99999976
1.0
1.1208158e-09
1.0
7.680638e-10
8.837065e-08
2.3895304e-09
4.2936936e-08
1.0
2.8676168e-09
0.99999964
1.0
9.920772e-10
3.1638855e-10
2.404386e-07
6.6946786e-09
0.9999999
2.6102144e-08
0.99999976
1.2324365e-09
6.6870437e-10
1.0
1.0
1.0
0.99997663
1.2810253e-07
0.9999924
3.968229e-09
6.459898e-07
2.4517094e-08
2.4574622e-06
3.8862158e-10
1.0
2.1856471e-11
8.1020873e-10
8.457985e-11
9.4436946e-05
1.0
1.0
0.99999976
1.0
1.0
0.99820673
0.9999933
1.0
2.474776e-07
0.9999999
1.0
5.020023e-10
0.9772668
1.0
4.6272357e-11
1.0
1.5859154e-09
1.0
1.0
1.0
1.0
1.0
1.0
2.9654865e-09
3.214382e-11
8.343765e-09
2.725739e-10
1.1995328e-12
3.926333e-12
5.4039834e-10
1.0
0.9999999
0.9999901
1.7720332e-09
3.805413e-10
5.9836758e-09
5.2773133e-09
1.4776055e-11
2.3698753e-05
6.240817e-09
0.99999774
2.7890693e-10
1.0
1.5227612e-10
0.6920885
1.0
1.0
1.0
4.5668003e-10
0.99999
2.8205366e-07
1.0
1.4967529e-10
1.49169e-08
3.024493e-10
2.4279365e-10
1.0
1.5081189e-09
6.263179e-08
1.0
1.0
1.0
2.9399502e-10
0.9999994
0.9999832
1.0
5.5272807e-11
2.677487e-11
1.0
1.3137177e-05
1.0101421e-09
1.3332814e-08
0.73287314
0.9999999
3.2636455e-10
2.3491408e-07
1.0
0.99999833
6.7227623e-10
1.0
2.4689302e-09
9.579652e-12
7.794819e-11
1.0
1.0
4.7090887e-10
1.0964069e-09
4.381353e-08
0.9999982
5.8408928e-06
0.9999777
2.9052287e-13
0.99999976
3.8797705e-11
7.571035e-08
1.0
1.0
1.0
1.0
7.4085074e-05
1.0
4.2773088e-10
6.355682e-09
2.1572643e-11
1.0