0.548349
0.6036861
0.3389055
0.5137391
0.33061123
0.23064654
0.22639905
0.59753567
0.33072144
0.5146691
0.24915633
0.24052815
0.25393596
0.39633995
0.58128136
0.24545844
0.3046856
0.51845044
0.32169715
0.5044182
0.57100785
0.26551038
0.33297884
0.25525707
0.2588762
0.33197045
0.49228942
0.54298276
0.3912482
0.6159861
0.25485948
0.31432775
0.5934084
0.38600317
0.35066727
0.3456256
0.5103663
0.59708273
0.596162
0.5757622
0.25455892
0.50180924
0.25532568
0.3405201
0.24523234
0.29149556
0.52943504
0.5709298
0.259917
0.5597135
0.62403
0.25245234
0.5993137
0.53567326
0.4809374
0.3049248
0.5054704
0.31796482
0.2620102
0.2998958
0.5346473
0.58536834
0.5131941
0.3604828
0.5524973
0.554823
0.5307246
0.27435163
0.565997
0.52103275
0.57525545
0.28390154
0.6044826
0.5111894
0.25966588
0.2514109
0.25097424
0.5044923
0.3500842
0.34886655
0.2616289
0.23699243
0.33171073
0.57907647
0.5518589
0.23155142
0.57692325
0.60449934
0.50415194
0.54299885
0.24271116
0.23995201
0.56844366
0.5765571
0.27360034
0.34498146
0.5519999
0.5530893
0.6248762
0.5625991
0.34639707
0.35081357
0.24046968
0.24800617
0.34421533
0.27477247
0.24600834
0.5434578
0.5669463
0.56216437
0.29077038
0.34391138
0.6261933
0.29499048
0.35008988
0.2358374
0.24648708
0.36369193
0.54093677
0.5485387
0.6302583
0.55484635
0.3266573
0.66106987
0.2718738
0.5347486
0.28454852
0.24443294
0.24894674
0.53403383
0.5934607
0.545213
0.2686779
0.4921061
0.26755583
0.23822956
0.5451075
0.6215648
0.34733722
0.28572258
0.59457415
0.2487117
0.5815532
0.24438605
0.48786584
0.25515148
0.24719757
0.30766824
0.2595556
0.2673002
0.58259004
0.5937613
0.34517282
0.24321218
0.31899202
0.3537199
0.6382105
0.24716456
0.25282863
0.5268458
0.56938684
0.63688165
0.43843943
0.5302142
0.619534
0.2496576
0.57357424
0.51999503
0.27795354
0.2739582
0.24513213
0.3302316
0.30795953
0.5450214
0.30482158
0.2825234
0.33125326
0.64129007
0.24946085
0.24504955
0.5094733
0.25048912
0.25830504
0.59291065
0.5386088
0.5428904
0.33737907
0.334596
0.24171253
0.6298889
0.24124312
0.61962664
0.5815728
0.57584673
0.32081842
0.27999032
0.34426594
0.5899646
0.3424449
0.25408524
0.3248298
0.6394829
0.5570659
0.5654382
0.59493303
0.6076671
0.30661082
0.5792609
0.30690286
0.32669416
0.33145112
0.32662436
0.6281502
0.21782282
0.33658916
0.3386772
0.24143276
0.5157421
0.24283293
0.22987634
0.28554204
0.583475
0.22891663
0.2550242
0.24573515
0.5717777
0.55187273
0.32738978
0.34255674
0.25183582
0.5676231
0.32999873
0.53708255
0.3505394
0.53141177
0.39704973
0.5727374
0.608238
0.30720702
0.24031813
0.2738193
0.26857543
0.5809888
0.5491446
0.5631745
0.257694
0.3420915
0.31787485
0.34550208
0.54387254
0.6549605
0.23000178
0.5900669
0.4155553
0.24598886
0.25555956
0.5532314
0.573485
0.5046854
0.5872134
0.62712425
0.23187247
0.5790102
0.565928
0.52481437
0.33379474
0.23925056
0.25864384
0.5246691
0.5805906
0.38314238
0.5157351
0.24025877
0.28449294
0.6022091
0.50884295
0.5337074
0.23944645
0.5355409
0.5574072
0.60962427
0.5866778
0.26337147
0.24712743
0.55475134
0.6126496
0.35285655
0.6409218
0.24940982
0.32396087
0.5663651
0.5474793
0.54673123
0.23587629
0.5904875
0.30204138
0.62874466
0.5610973
0.25902224
0.5987453
0.3435729
0.2410516
0.52986586
0.5850971
0.6327867
0.34877914
0.51900554
0.31632173
0.5713132
0.26230636
0.24873318
0.5834807
0.63931257
0.55442005
0.57553655
0.2451992
0.23477888
0.25002545
0.52641284
0.25478002
0.2621159
0.32219788
0.24505943
0.23980497
0.58661765
0.5160608
0.34026426
0.35552657
0.3519601
0.58757824
0.519273
0.24111947
0.6060366
0.6007561
0.47060528
0.34461963
0.56560487
0.65070814
0.29287693
0.23862809
0.23733695
0.25750569
0.5774108
0.34125775
0.56346077
0.53108585
0.52630985
0.59997034
0.68343216
0.5584401
0.58317375
0.24963617
0.5689995
0.3340985
0.5449685
0.24268034
0.2665322
0.555949
0.58579135
0.5951105
0.36223182
0.5136158
0.27367803
0.2548491
0.28930768
0.34754732
0.5674853
0.2890922
0.24464677
0.33920613
0.3476403
0.25663614
0.5673691
0.26671436
0.2500667
0.33093628
0.5394586
0.5437916
0.26146662
0.28298727
0.59221643
0.4844638
0.5546518
0.35967562
0.32979262
0.53945714
0.56272864
0.32998073
0.28465253
0.52372384
0.53825206
0.26242286
0.24450555
0.37185773
0.35323286
0.61106676
0.6219668
0.24198742
0.26395044
0.2954443
0.2521725
0.56774706
0.5521547
0.3496059
0.46693507
0.40163997
0.52958006
0.6168926
0.5644398
0.36098343
0.5684513
0.3300769
0.6142027
0.600277
0.25337213
0.23892176
0.5572466
0.25071952
0.5645349
0.25125316
0.24113949
0.33878165
0.2634916
0.26019344
0.5867996
0.6216316
0.57590955
0.3491018
0.30286428
0.30518815
0.24760021
0.5348531
0.35518062
0.5242513
0.27392837
0.24055572
0.58715045
0.53390247
0.5507578
0.34380996
0.25468644
0.3041383
0.2534343
0.5784545
0.59460986
0.23364389
0.5378539
0.5554012
0.34278622
0.57753485
0.5760065
0.40670288
0.511757
0.23211248
0.5777063
0.24150284
0.5804357
0.58868766
0.25767827
0.24524313
0.56015396
0.5998682
0.25788334
0.5766665
0.2747542
0.63044316
0.5542631
0.51052386
0.25033048
0.23145212
0.34271768
0.23249224
0.6123821
0.5359865
0.25779366
0.51624787
0.5651234
0.30646673
0.5577832
0.308813
0.2614083
0.34728166
0.32577854
0.62183434
0.25786644
0.26486453
0.3113018
0.56473684
0.57755136
0.33962974
0.503222
0.59481925
0.6201288
0.5877501
0.38889498
0.3883927
0.6086373
0.29866323
0.2742298
0.5148726
0.35786092
0.5856963
0.27173755
0.24770579
0.53708637
0.5375429
0.27171966
0.40415776
0.2481883
0.5024946
0.27864
0.5777944
0.238992
0.5559786
0.33878392
0.33162183
0.5299635
0.4039754
0.25728977
0.24101794
0.562797
0.5293654
0.22259834
0.5801874
0.63029516
0.52126074
0.40911278
0.25436667
0.58054304
0.25446928
0.5513488
0.36896232
0.26956767
0.32144636
0.2490191
0.2497672
0.2266058
0.4062095
0.271758
0.52238774
0.34335715
0.4977372
0.310633
0.5678737
0.3460234
0.28736818
0.2573267
0.22893228
0.25025815
0.56188637
0.24752825
0.2815158
0.34588256
0.59828746
0.6448937
0.34801495
0.2417518
0.2831161
0.26292905
0.5856591
0.26611036
0.5861238
0.49034366
0.34045628
0.5333934
0.25711232
0.53375703
0.55246407
0.254663
0.57141286
0.5926536
0.25598785
0.55207586
0.24419394
0.6059793
0.5528762
0.5600541
0.57786655
0.544082
0.31932992
0.24823731
0.26596615
0.2519633
0.35873902
0.6101414
0.5116471
0.23243818
0.5584768
0.27010402
0.5841342
0.27585512
0.25931013
0.3156402
0.55463105
0.53241134
0.22348548
0.31591913
0.24241684
0.59786123
0.260784
0.598051
0.58202195
0.54061353
0.28004575
0.5691037
0.25633588
0.34368268
0.34237602
0.251785
0.52117264
0.27322492
0.52524596
0.269225
0.6506534
0.5483071
0.2857611
0.30210793
0.2649337
0.585296
0.53104866
0.54626596
0.30701903
0.27757898
0.561413
0.48791286
0.5621891
0.23772407
0.52270085
0.5632179
0.33637664
0.24215317
0.34239814
0.6771009
0.55698985
0.2709422
0.61387604
0.540595
0.3141079
0.26713976
0.24080399
0.5579737
0.23919812
0.48312023
0.58941567
0.24244423
0.24944872
0.30795178
0.31219688
0.5566807
0.5279395
0.58224964
0.5454846
0.35161006
0.59806234
0.2698327
0.5977636
0.5528387
0.61887133
0.27384242
0.27706847
0.32399943
0.24153928
0.53295
0.526021
0.26448554
0.54470426
0.2492915
0.25084183
0.5472321
0.3510124
0.5175368
0.5834708
0.24342108
0.5229272
0.57899225
0.5702374
0.5140493
0.28241593
0.572827
0.5625098
0.55670416
0.23247996
0.51857907
0.5974117
0.5603903
0.5759971
0.5079741
0.6086006
0.55890745
0.3280078
0.29564375
0.5383027
0.23601073
0.3135124
0.31948894
0.23082393
0.22663237
0.25009313
0.5961543
0.51363367
0.34876886
0.5532117
0.59818554
0.32813755
0.25606436
0.58010405
0.24247324
0.60826397
0.65946686
0.53256387
0.5228521
0.5759098
0.25221282
0.30446306
0.55591124
0.33454135
0.23805593
0.58698505
0.24722834
0.5547688
0.26428843
0.24024597
0.5537355
0.2636481
0.2555593
0.23771863
0.23329432
0.3387932
0.25363007
0.34519416
0.53596467
0.5592237
0.34666064
0.24682748
0.5407091
0.24109837
0.25589854
0.5915116
0.59254473
0.27749032
0.51943594
0.34819564
0.607371
0.23967457
0.5746057
0.5272697
0.25169712
0.34268606
0.2775456
0.34777987
0.25398314
0.23155868
0.24957497
0.53155077
0.50443447
0.24932398
0.53764665
0.32143885
0.23434055
0.33096442
0.29701567
0.54512405
0.5107587
0.5976388
0.25319922
0.31809682
0.26442477
0.5593697
0.2971451
0.5685781
0.25640422
0.29807895
0.59137607
0.240636
0.25778112
0.57309353
0.5655887
0.37278733
0.56871134
0.2524585
0.24495135
0.60285264
0.50273645
0.52203864
0.25229743
0.57284296
0.63613975
0.5152061
0.5939155
0.29253224
0.612592
0.52498615
0.5931802
0.28641492
0.3100774
0.26429403
0.36883554
0.2543277
0.63187486
0.24302019
0.5608691
0.329239
0.5459918
0.5926471
0.24373686
0.24147598
0.24480481
0.55471057
0.6024643
0.58167386
0.62063944
0.5449075
0.5128214
0.5822157
0.2493842
0.33883655
0.5702668
0.5340202
0.26956257
0.5531868
0.49548554
0.59710187
0.58163977
0.2548603
0.28387964
0.55664164
0.60134584
0.25716907
0.55096126
0.35506552
0.58371645
0.24607265
0.2840848
0.5873135
0.49030343
0.51719457
0.5831869
0.5964952
0.260997
0.24398261
0.3036284
0.5742403
0.6031229
0.38696027
0.60258734
0.5229655
0.57520384
0.59995824
0.5834811
0.27017516
0.36600158
0.60889196
0.26961377
0.32325977
0.23123923
0.53812414
0.2574151
0.24656294
0.2507613
0.33150998
0.5993178
0.34089473
0.5755055
0.32905936
0.5387975
0.28295022
0.3233562
0.4488602
0.32092017
0.23419933
0.24008691
0.5444258
0.34553397
0.5951999
0.2552567
0.5736122
0.3435339
0.30456653
0.3292798
0.5160337
0.5259553
0.3565624
0.5135571
0.27762306
0.34009108
0.24669646
0.5755369
0.34558812
0.5498364
0.34633148
0.3874245
0.63877547
0.24290833
0.5968236
0.5657069
0.5484675
0.5570983
0.28380927
0.51818264
0.5785904
0.51798946
0.25003186
0.5811676
0.5172515
0.5684488
0.39898837
0.24589276
0.5303553
0.55896103
0.33160245
0.5637417
0.23434353
0.2680882
0.32577223
0.55106074
0.5834522
0.5136749
0.3432792
0.54652727
0.57820374
0.25690207
0.60506237
0.5818673
0.51336783
0.52156126
0.5371784
0.32322603
0.25537512
0.5819776
0.33997685
0.58952934
0.34728444
0.60400945
0.5496593
0.54711914
0.6412265
0.27683094
0.53718764
0.59395397
0.25530347
0.5699775
0.23368585
0.25237563
0.22772543
0.23974487
0.34330916
0.2618137
0.53558093
0.51818293
0.564637
0.24713558
0.531408
0.5270874
0.22976862
0.24617237
0.57561845
0.5017049
0.31818676
0.554841
0.5695917
0.54301435
0.26184875
0.55925804
0.25954935
0.5582557
0.2990191
0.29400632
0.34291098
0.5646236
0.2521453
0.5783435
0.3475477
0.524054
0.31119305
0.27348953
0.5499788
0.5987939
0.3166958
0.6143824
0.5706944
0.25053838
0.58355606
0.24034594
0.25649804
0.40661755
0.31728557
0.52156854
0.54183996
0.52213204
0.5178129
0.56756645
0.33722684
0.5704038
0.24104896
0.5823148
0.34406227
0.35615683
0.2439918
0.24243753
0.43651548
0.3404053
0.54573536
0.2371051
0.5675404
0.52568406
0.24041863
0.54841083
0.25856346
0.352925
0.58488446
0.33463523
0.25223523
0.5524017
0.5918498
0.35384256
0.5467243
0.5928627
0.2460335
0.35340577
0.5686881
0.42301598
0.3300961
0.26576632
0.23937212
0.3411759
0.33253762
0.33961836
0.5945667
0.60158366
0.53296804
0.2956728
0.343726
0.54003483
0.28092653
0.2770511
0.63823843
0.26510465
0.5537888
0.5855599
0.57659644
0.5865739
0.254822
0.24746576
0.5676584
0.5957447
0.5617916
0.5668149
0.53449494
0.33794862
0.6474421
0.29228863
0.56789565
0.6396825
0.2709514
0.37770203
0.25745943
0.2505525
0.5453616
0.535527
0.54776853
0.23128545
0.62581956
0.23564675
0.52258354
0.2536009
0.58410484
0.5733423
0.5767195
0.6010139
0.61315817
0.2820276
0.3412445
0.26046354
0.5347568
0.604715
0.48467883
0.24521612
0.6310191
0.59607893
0.5320066
0.29349038
0.6016327
0.27264327
0.493833
0.5731557
0.57882166
0.27177766
0.3433904
0.586366
0.23763983
0.26008826
0.2565684
0.56453097
0.28597414
0.5226852
0.5805716
0.5203942
0.34235042
0.26730508
0.543164
0.54813784
0.25670472
0.5619024
0.5213657
0.2425201
0.26497293
0.3201724
0.28947496
0.517047
0.3256612
0.33345187
0.5516184
0.56198543
0.24540663
0.29343334
0.55136114
0.26443592
0.51005626
0.24632339
0.25560725
0.25143284
0.25179958
0.59583604
0.24507478
0.23585077
0.5869989
0.2501893
0.27945763
0.45976374
0.5194178
0.28253356
0.29270676
0.35453185
0.33209726
0.55974144
0.538645
0.59127605
0.23174477
0.57188314
0.24992849
0.55647296
0.31146708
0.5960127
0.59229517
0.549634
0.60610163
0.24984182
0.265722
0.3426238
0.54422385
0.34984264
0.5244101
0.43294728
0.5424513
0.33582163
0.49482745
0.5633602
0.32593843
0.5471053
0.54916036
0.5880379
0.5337847
0.60271335
0.3081662
0.23454615
0.5565317
0.32327622
0.23768842
0.29247802
0.27912265
0.5592741
0.5213618
0.63596886
0.5948755
0.24243644
0.6565677
0.28440315
0.31128615
0.2657698
0.58666295
0.27222812
0.25489566
0.35695258
0.6081995
0.3667491
0.33946797
0.25744498
0.25544852
0.25076377
0.25537398
0.24992356
0.57538134
0.24272951
0.61271006
0.2922217
0.35417706
0.26845148
0.5594808
0.54751307
0.2466136
0.2691532
0.5899305
0.5422783
0.25003752
0.24939755
0.2527876
0.37377572
0.54000735
0.5620232
0.329826
0.5355965
0.5194492
0.5787359
0.2540223
0.6380322
0.24527046
0.2884815
0.4979769
0.6043509
0.24282412
0.33269385
0.57711285
0.2526055
0.2702055
0.26502126
0.34004268
0.6179831
0.59227705
0.25614798
0.4091574
0.662861
0.259513
0.4859194
0.5963781
0.26105273
0.28330198
0.58980715
0.25023633
0.2915028
0.56361836
0.35867274
0.5952013
0.24849807
0.2210245
0.24532384
0.2882269
0.30919954
0.5343696
0.3518774
0.24706833
0.40920997
0.6210619
0.54828423
0.54704744
0.5129091
0.26268047
0.24504696
0.519024
0.27439097
0.32619038
0.2901654
0.3723194
0.57843524
0.34811482
0.21760228
0.5571353
0.342673
0.33585846
0.5419839
0.5795987
0.6194395
0.2298485
0.5530467
0.24919656
0.34272796
0.57785165
0.6186988
0.24669015
0.5417136
0.5628956
0.2368689
0.26019663
0.5737793
0.24558489
0.5750706
0.2583458
0.5365914
0.34424084
0.23988117
0.5826498
0.24215208
0.25768864
0.49301645
0.64760256
0.24452825
0.28320092
0.6108087
0.54720235
0.5285028
0.5792973
0.52316123
0.5881875
0.52543026
0.2623278
0.59944206
0.2517809
0.41480392
0.26431802
0.27591783
0.56781363
0.24106579
0.5549882
0.555979
0.26231256
0.2587151
0.2656664
0.24005173
0.5588757
0.3445532
0.5873606
0.24453662
0.35090154
0.5388272
0.5721699
0.5547077
0.55254275
0.25878063
0.5574079
0.23609222
0.30480707
0.26801115
0.3597591
0.28404018
0.49331364
0.34368706
0.3457362
0.26394987
0.53991205
0.5644241
0.5710449
0.56134254
0.5758963
0.609063
0.5989184
0.54884326
0.55567336
0.28821787
0.51539135
0.55012417
0.23924224
0.5248037
0.535258
0.24918582
0.5592642
0.26683292
0.52343726
0.62651074
0.6083892
0.53241813
0.54586643
0.5441786
0.27247804
0.24640541
0.2439242
0.2741487
0.3324369
0.33646137
0.2374923
0.5999986
0.5580662
0.5419172
0.348781
0.33620194
0.24825735
0.33334154
0.33704448
0.49707618
0.22831742
0.58147794
0.29034227
0.5342399
0.2671569
0.5080854
0.57372564
0.584306
0.54664016
0.23804693
0.5162742
0.31925514
0.5663328
0.24406393
0.22330639
0.24494274
0.34649283
0.6216352
0.23464748
0.25973362
0.5298733
0.5929677
0.5695336
0.2557673
0.59150344
0.55885196
0.584613
0.24690226
0.26670396
0.5653048
0.306957
0.25093108
0.3786565
0.48611498
0.53654987
0.32408366
0.29253277
0.55381703
0.53217244
0.2526103
0.52959526
0.35400975
0.2703229
0.25503594
0.5881816
0.5661038
0.23310925
0.25765973
0.31766176
0.6243602
0.3100226
0.5691122
0.2999993
0.5419148
0.2414474
0.23960765
0.5804674
0.61447316
0.55123
0.57012004
0.5280739
0.56476605
0.26597232
0.2852263
0.2327203
0.5421798