0.99996173
0.99999666
2.8476794e-05
0.99999785
0.00035060933
1.1706704e-05
1.1429274e-05
0.9999999
0.00021763486
0.9676426
4.3026913e-07
1.2509102e-05
9.001557e-06
0.008723445
0.9999993
9.169497e-06
4.3679185e-05
0.9611538
0.00019437895
0.9960062
0.99481237
1.642079e-05
0.0001158283
7.689991e-06
2.6544203e-05
0.00736599
0.9876052
0.99218845
0.07710462
0.9999949
3.284903e-06
0.0005571521
0.0123459175
0.08495813
0.00040062272
4.3811888e-05
0.9999248
0.9999963
1.0
0.99991953
0.00068187
0.505156
9.778921e-06
3.5233363e-05
3.6442477e-06
3.27672e-05
0.9999809
0.99380964
1.7202954e-05
0.99999535
0.99999845
3.295353e-05
0.9999391
0.9999876
0.9976145
0.00012345072
0.99998844
0.00028703792
1.7978908e-05
0.00035041635
0.99999464
0.99999774
0.99998736
0.00061705866
0.92572784
0.6970237
0.9999999
2.2537984e-05
0.47092527
0.99996245
0.9999924
0.0002900361
0.821418
0.34616613
1.00976735e-07
7.0998917e-06
3.7860543e-06
0.9999862
0.0005598003
9.418657e-05
1.4982038e-05
1.2802679e-05
0.00022355081
0.99999857
0.999905
3.8966693e-05
0.99999726
0.99999976
0.99998295
0.9754199
8.687887e-06
2.3699407e-05
0.999923
0.99999297
8.6442334e-08
0.00019741095
0.99987197
0.9979867
0.9999999
0.99999404
0.00024411012
0.0007152917
1.58361e-05
7.0147144e-06
6.48599e-05
1.5118678e-05
1.2612814e-05
0.99979204
0.99991715
1.0
0.0002258815
9.334101e-05
0.99998426
2.5331852e-05
0.00015648216
2.6828925e-06
3.5029334e-05
0.0006376602
0.9999223
0.8209871
0.9999701
0.99999404
0.0057723816
0.9999914
0.000125145
0.99998915
0.00011052872
2.9595143e-05
6.043274e-06
0.9996427
0.9999764
0.99922264
5.4686658e-05
0.99970055
2.5599767e-05
3.276623e-05
0.8087434
0.9999993
0.0004406728
4.875641e-05
0.9999957
1.0374002e-05
0.9981451
4.0973946e-06
0.999954
9.8576475e-06
4.6184177e-06
1.3445765e-06
0.00021242403
1.2933914e-05
0.9999988
0.9993862
8.879012e-05
1.3619767e-05
9.3825845e-05
6.9905094e-05
0.9999994
2.8019997e-06
9.792313e-06
0.9998648
0.99999857
0.9999993
0.2983672
0.99999917
0.99994373
2.989303e-05
1.0
0.99993765
2.2381797e-05
4.2026613e-06
4.8291135e-05
0.022179238
0.0012529667
0.11200509
0.00021410851
1.6366683e-05
0.00030531778
0.9999999
0.00016561139
4.4277607e-05
0.4258006
2.9390449e-06
1.5712923e-05
0.9999999
0.9947221
0.9999968
6.4665604e-05
0.0002690276
1.3188568e-05
0.999998
1.04725095e-05
0.99998236
0.99996316
0.99999607
0.0010083695
3.239902e-05
0.00087387796
0.9998179
6.546906e-07
3.1285308e-06
0.00086971745
0.99999976
0.9999534
0.9995695
0.99999475
0.99999905
0.0007515992
0.9999988
0.00022339207
0.00052078156
0.00015988952
7.167924e-05
0.99999976
1.1684074e-05
0.001495448
0.005095144
2.1105316e-05
0.20267034
2.3935261e-05
3.9256913e-05
5.0948042e-08
0.99997187
2.1327169e-05
8.160196e-06
1.9677242e-05
0.99999917
0.99986506
0.00011272072
8.1364466e-05
7.099553e-06
0.9999945
0.00015204636
0.44810283
0.006218687
0.9994973
0.07727225
0.99999416
0.9999999
1.1913584e-06
2.6114672e-05
6.0221344e-05
1.9021752e-05
0.999995
0.99876
0.99952054
5.5718688e-06
0.00020481972
0.013160984
0.0002146598
0.0011814687
1.0
1.9634916e-05
0.99891865
7.1338e-06
3.0405952e-05
1.2012225e-05
0.9998971
0.99986863
0.9999981
0.99998546
0.99999857
1.746536e-05
0.9999864
0.9998087
0.9160235
0.00017336104
2.0729525e-05
3.2180817e-06
0.35270935
0.99998
0.07735578
0.72598743
1.5925712e-05
7.5846874e-05
0.9989549
9.6996664e-05
0.021770624
1.92071e-05
0.99929667
0.99969053
0.99999976
0.9999994
1.3241976e-07
1.0337729e-05
0.9999964
0.99998593
0.0001039413
0.9999987
5.0888693e-06
0.00021465325
0.98469216
0.99986696
0.99952745
1.9617379e-05
0.99991584
0.00021707574
0.16919492
0.99973637
1.7363209e-05
0.99999964
0.0002889046
1.6234579e-05
0.37561634
0.9999927
0.99999964
0.00037282013
0.99995375
0.00045176773
0.9999995
6.6445423e-06
1.1713014e-05
0.08377394
0.99999964
0.99985087
0.99999666
1.6917978e-05
2.229684e-05
1.3413577e-05
0.9999416
1.00721545e-05
4.2210686e-05
0.00020858494
4.8575153e-06
1.6859609e-05
0.99999833
0.9999914
0.00013266758
4.6915093e-06
0.0025159423
0.99992466
0.8298445
2.970733e-06
0.9999989
0.99998844
0.9495753
0.0002290959
0.9999708
0.9999912
0.00016686569
1.1265976e-05
2.8565002e-05
4.6996506e-06
0.9998908
1.2105108e-06
0.9997335
0.71770114
0.99115974
0.99999845
0.99997604
0.9998772
0.99991465
4.18545e-06
0.99999475
1.8361022e-06
0.9997758
3.93658e-06
7.6112588e-06
0.9999956
0.9999994
0.9999995
0.00017564389
0.99986947
8.461547e-05
1.9912572e-06
6.491782e-05
9.095744e-05
0.99965477
0.00025722806
2.1232245e-06
0.001865441
3.355059e-05
6.612316e-06
0.9999995
7.5225857e-06
2.9672192e-06
0.0012065093
0.99996805
0.9967435
4.7312187e-06
7.6907825e-05
0.9999995
0.9999093
0.9978119
2.1785912e-05
5.9149306e-06
0.99369675
0.9999839
0.0001582244
2.028523e-05
0.9998703
0.99999857
1.1286312e-05
8.1186445e-06
6.441599e-06
0.00023120933
0.9999616
0.99939144
5.9531423e-05
2.7113532e-05
9.713514e-05
6.1091123e-06
0.9893524
0.9999138
6.823761e-06
0.9856719
0.006830835
0.9999943
0.99998724
0.99999714
0.0004305062
0.9999298
1.8082592e-05
0.999995
0.9999964
4.0210307e-06
4.3022665e-06
0.99893135
5.466586e-06
0.9999988
1.8354076e-05
4.547948e-06
4.515681e-05
6.802333e-06
1.2391368e-05
0.9999951
1.0
0.99999
6.8373487e-07
0.00013976595
0.0016374859
0.000121770536
0.99999034
3.261578e-05
0.025179164
9.407509e-05
1.4092896e-05
0.999972
0.99954396
0.946794
6.557285e-05
2.4737665e-06
8.93179e-05
5.4404413e-06
0.999801
0.99999726
4.1405427e-05
0.9999957
0.99995255
0.00039365288
0.9999926
0.9999342
0.46897683
0.94573
1.5971964e-05
0.00078458484
8.027994e-06
0.9999988
0.99916494
2.9816843e-05
2.2052263e-06
0.99999964
0.9999995
4.6191535e-06
0.97751856
1.5881107e-05
0.9999987
0.9999403
0.06712253
4.138926e-06
0.0001115256
0.00031356473
1.0853489e-05
0.9999994
0.99999845
6.557131e-06
0.9996456
0.99951553
0.00019057498
0.9999021
0.00023780503
4.5722114e-05
9.887665e-05
0.00013649826
0.9999976
1.140184e-05
1.4038102e-05
0.00016015166
0.9999894
0.9999875
0.0002512328
0.97971374
0.99997103
0.9999999
0.9997019
0.41589627
0.82811576
0.99999964
2.60672e-05
3.7258375e-05
0.9999573
0.00020718398
0.99998844
1.4402172e-05
6.2557147e-06
0.99872285
0.99988997
8.8716064e-05
2.3074756e-05
3.1324598e-06
0.17087024
6.4215725e-05
0.9948742
2.2084057e-05
0.9999982
0.00014211725
0.000110234214
0.9999815
0.00035002173
2.47556e-06
2.0216148e-05
0.999997
0.3494436
1.680912e-05
0.9999442
0.9999999
0.9942676
0.008442944
3.5759983e-06
0.9998423
1.6893246e-05
0.99997365
0.00043178335
3.0561094e-07
9.646187e-05
9.14249e-06
2.9603875e-06
8.874494e-06
0.3453402
4.2822417e-06
0.99999225
0.0017247144
0.99994373
0.00041352498
0.9999863
3.214788e-05
0.0004513046
2.752919e-06
5.1081383e-06
3.536562e-06
0.99994636
1.3524261e-05
1.4932783e-05
0.00024661276
0.9999896
1.0
0.00048854447
1.3364355e-05
1.1606883e-06
2.514755e-05
0.9999908
7.723144e-06
0.99998915
9.9207675e-05
8.9044996e-05
0.9999746
5.407422e-05
0.9999827
0.99999785
5.188708e-06
0.9995629
0.99971896
9.085854e-06
0.99996567
1.1123868e-05
1.0
0.9999534
0.9999981
0.9999877
0.9990928
0.00013818673
8.361894e-06
1.1591137e-05
1.7822435e-05
0.0002655344
1.0
0.9335052
8.751927e-06
0.9024082
4.836487e-05
0.9999999
1.4013831e-07
1.2521001e-05
1.2643735e-06
0.0014536378
0.999964
7.017297e-06
0.00032282315
2.057211e-06
0.99999726
1.3171713e-05
1.0
1.0
0.9996395
3.3694052e-06
0.9915997
5.885575e-06
0.0008811723
0.00019562544
1.1000491e-05
0.99999774
1.5857106e-05
0.02308244
4.6744e-06
0.9988595
0.12100767
1.23810905e-05
0.00023845893
5.2228042e-06
0.9999715
0.999956
0.99972266
5.4558673e-06
3.802938e-05
0.99547124
0.99461854
0.9999956
1.320459e-05
0.99310267
0.8605365
0.0017136127
4.9340568e-05
8.257374e-05
1.0
0.99995315
2.6404992e-08
0.9999951
0.99993527
0.00027201066
0.00011510129
1.1027254e-05
0.99986017
6.996389e-08
0.9938338
0.9999944
2.920242e-05
2.3991895e-06
5.7706988e-05
3.413049e-06
0.99999905
0.9991472
0.9999906
0.99930465
0.015507068
0.9999995
3.244902e-05
0.99999845
0.99999833
0.9999994
2.7485503e-05
6.141665e-05
0.0001106193
8.916861e-06
0.99998903
0.9143246
7.731099e-05
0.9996705
9.951108e-07
2.4280953e-06
0.9999739
7.440992e-07
0.99986196
0.9999864
5.4375894e-05
0.9994686
0.9987382
0.99998546
0.13262017
3.356227e-05
0.9999094
0.9989629
0.22339207
3.1440152e-06
0.899518
0.9999994
0.999328
0.9999913
0.9996195
0.99999976
0.99994314
1.8179855e-05
0.000250895
0.99936575
3.1269262e-06
2.3096823e-06
0.0012020756
6.278133e-06
1.1030988e-05
1.7419781e-05
0.99997985
0.8902224
5.985898e-05
0.9999994
0.999998
0.00019557323
8.5452746e-07
0.99994314
3.1286232e-05
0.9999993
0.9999976
0.9999889
0.800361
0.99989927
6.351913e-06
4.295061e-08
0.99999285
0.00021712005
7.624529e-05
0.99988794
7.921326e-06
0.56218135
2.1401902e-05
2.635832e-05
0.9649262
5.956809e-06
2.0567328e-05
1.7111342e-05
2.222271e-05
0.00022291632
5.0821305e-05
6.922586e-05
0.9993123
0.9998865
0.0001748565
3.5218573e-06
0.99956805
4.164302e-05
3.9038528e-06
0.99999046
0.9999995
3.817567e-05
0.99979347
0.0005303879
0.999995
1.4655712e-05
1.0
0.0012654508
1.9683399e-05
4.5255874e-05
1.1715924e-06
0.0012404557
7.0767055e-06
5.928518e-06
3.8434614e-06
0.99867946
0.6426617
1.9311938e-05
0.9995003
0.0001901497
3.7523016e-06
0.0001207522
0.00012828068
0.999561
0.999987
0.9995554
7.23405e-06
1.0706695e-05
0.00010342678
0.99840266
2.2054614e-05
0.99986255
2.6356034e-05
3.812526e-07
1.0
2.4017461e-05
9.6220365e-06
0.9999169
0.9999999
2.0754392e-06
0.9999622
1.6413605e-05
1.315257e-05
0.999974
0.1782829
0.89666563
2.4429257e-06
0.999974
0.9999894
0.99984026
0.9999931
0.0005688835
0.99999964
0.99961036
0.99999595
0.00012382715
0.018577259
5.7467827e-05
4.6750997e-06
7.1800346e-06
1.0
7.641405e-06
0.9999995
0.0001604058
0.9985153
0.99999964
8.517681e-06
1.9431574e-05
7.653921e-06
0.86218303
0.9999956
0.99997854
0.9999999
0.9999999
0.99993396
0.9980521
5.5932655e-06
0.00061160984
0.99282235
0.79408574
1.190188e-05
0.9999156
0.99996614
1.0
0.9999746
5.741818e-06
8.5273285e-05
0.9996724
0.9999999
1.3888681e-05
0.31505388
0.00022160857
1.0
1.9615582e-06
7.8810524e-05
0.99996805
0.99972016
0.07105284
0.99991405
0.9997117
7.2943476e-06
1.2526078e-05
0.00023018628
0.9999995
0.9999994
5.9601123e-05
0.9999994
0.999838
0.9999734
0.99999774
0.99999213
1.27253825e-05
2.5993174e-06
0.9999975
3.2227505e-05
0.00018630551
1.4408974e-05
0.99889344
2.5247639e-06
1.7585411e-05
6.0423345e-06
0.007085232
0.99999976
5.4107077e-05
0.999546
0.0008220482
0.9999815
0.00015787658
3.102099e-07
7.837305e-15
1.3134542e-07
3.889104e-06
7.4621516e-06
0.51058275
0.00027577562
0.99971145
3.1853288e-06
0.99999917
5.614362e-05
0.00065518
0.0033701325
0.26443383
0.99993706
0.0001390651
0.44305292
1.817311e-05
4.8171823e-05
3.4373911e-06
0.99999905
8.513865e-05
0.0050759222
0.00035942142
0.13617477
1.0
3.6432818e-06
0.9999989
0.99996185
0.9989274
0.9964593
0.00019634339
0.9999993
0.99996686
0.7978567
1.5798178e-05
0.9999757
0.03601334
0.99999225
7.112818e-05
4.778051e-05
0.9999889
0.99971956
0.0006076009
0.9999951
2.5259167e-05
1.6093103e-05
0.00020436365
0.026942477
0.99999404
0.9999608
0.00015867918
0.9999999
0.99999845
1.8256316e-05
1.0
0.99999726
0.9992612
0.99973613
0.9998317
0.00047081205
1.9824063e-05
0.9999734
0.00019501497
0.9999839
0.00046047752
0.99999785
0.99999046
0.99987197
0.9999994
4.0207132e-07
0.99999905
0.9999999
3.3528363e-06
0.9999548
9.857572e-06
4.2721176e-06
9.543754e-06
9.746493e-06
0.00051684666
2.0704554e-05
0.999987
0.99682695
0.99996054
3.91557e-05
0.9998173
0.39596772
2.728941e-05
7.2441917e-06
0.9998714
0.99998474
0.02624365
0.9998652
0.9999552
0.9998939
3.6121553e-06
0.9999963
1.5627968e-06
0.99996614
6.342734e-05
7.871136e-06
7.376559e-05
0.99976724
4.4276353e-06
0.99999976
4.0415307e-05
0.99929094
0.000496057
1.327007e-05
0.99795806
0.99999976
0.0005726519
0.9999994
0.99999046
6.385281e-06
0.99833196
1.9270692e-05
3.2335498e-05
0.46132436
1.1145222e-06
0.9990152
0.0036154483
0.9999844
0.9999894
0.99656624
0.00015234416
0.9999993
7.70859e-06
0.9995609
0.0003849042
0.00015367387
4.658666e-05
1.7874741e-05
1.0
0.0011088427
0.9999789
2.5237763e-05
0.99999106
0.9869435
3.8455408e-05
0.9999099
1.9074505e-05
0.0018353121
0.9999347
3.0251306e-06
1.945852e-05
0.9999243
0.9999999
0.00022033391
0.010124684
0.99999976
2.1529409e-06
0.00025550096
0.9999852
0.9370079
0.00020028064
5.627496e-07
3.1102263e-06
7.5770244e-05
0.0021875405
8.984059e-05
0.9999682
0.9999826
0.9978948
8.1134585e-06
0.000396346
0.99972385
7.2234914e-05
7.359674e-05
0.9488001
2.7386106e-05
0.9997769
0.9999963
0.99998116
0.99999547
1.6656504e-05
2.7873307e-06
0.997806
0.99999607
0.99999213
0.9991704
0.99999046
7.4016294e-05
1.0
5.4090877e-05
0.99999905
0.99997354
6.448975e-06
0.0001246139
8.5228006e-05
2.680481e-06
0.9990652
0.9999888
0.9998223
3.2995256e-05
0.999997
4.0826662e-06
0.9999994
1.829117e-05
0.999905
0.99972063
0.99999774
0.99999964
0.99998176
3.4661283e-05
5.3820746e-05
1.4037608e-05
0.9995352
0.99999356
0.9986066
5.189831e-06
0.9999989
0.9999994
0.99999976
1.9008425e-05
0.99998426
0.00014597834
0.99996877
0.99977154
0.99999833
1.551317e-05
0.0012509438
0.99999726
1.791481e-05
2.6933627e-05
5.3655126e-06
0.99997675
0.00019777287
0.85279906
0.9999124
0.99890447
0.0003992034
5.496933e-06
0.999696
0.99999857
3.8272337e-05
0.9999931
0.99961793
2.4175539e-05
8.15384e-06
4.1733374e-06
3.2483636e-05
0.99989855
7.492142e-05
0.00016667694
0.9994943
0.9996166
8.0311265e-06
1.5701544e-06
0.9999925
9.855993e-06
0.9975681
1.9455754e-05
2.9991317e-05
2.141946e-05
3.592131e-06
0.9995832
1.24242615e-05
5.511983e-06
0.99996626
3.472785e-05
0.00016668234
0.99996734
0.0027962294
0.00025854842
1.0342609e-05
0.0003624798
0.0008690708
0.9999088
0.9999794
0.9999969
1.1917428e-05
0.9996437
9.732872e-07
0.99981195
0.00076077034
0.9999969
0.9999287
0.9999727
0.9999658
4.371031e-05
0.0001321518
0.0004279075
0.9935128
0.009297342
0.3781776
0.018380273
0.8483339
0.00069298566
0.8622862
0.994292
0.007554213
0.99993145
0.9241535
0.9999924
0.9999931
0.9982241
1.4080888e-05
9.887163e-06
0.9998056
0.0014446835
9.68244e-06
3.9981747e-05
0.0001100712
0.9911089
0.9998704
0.99999976
0.99999154
5.959406e-06
0.99999905
0.00025136143
0.00020375912
1.2360832e-07
0.99170893
2.7960128e-05
5.9573267e-06
0.00031122795
0.9999989
1.0106745e-06
0.00012009399
2.4917423e-05
1.3396435e-05
1.1548286e-06
2.2195918e-05
2.2973469e-05
0.99994457
6.6446246e-06
0.99999535
1.6655204e-06
0.0008007636
6.6259636e-05
0.99983394
0.44377765
9.124042e-06
0.00013270251
0.9999999
0.9997217
2.9537716e-06
1.0417168e-05
1.0320558e-05
0.012995072
0.93160194
0.9999989
0.00017597865
0.9999316
0.9945157
0.99998724
1.2962524e-05
0.99998415
1.2413e-05
2.6810592e-05
0.31339186
0.99999714
2.1904052e-05
7.0876646e-05
0.99979216
7.536617e-06
1.623862e-05
9.900855e-06
0.00014579332
0.9999964
0.9999995
2.837514e-05
0.06355944
0.99999475
5.337561e-05
0.64637744
0.9999418
6.201133e-06
1.1821909e-06
0.99999976
8.042301e-06
0.00011308126
0.9999875
0.0010729751
0.9999893
8.134392e-06
5.7411935e-06
2.1793225e-05
4.809479e-08
4.0630212e-07
0.99987376
4.094984e-05
1.3578539e-05
0.055815388
0.99999535
1.0
0.9978935
0.9997967
3.1342166e-05
1.897461e-05
0.99997556
1.0985343e-05
0.00075786904
0.00052662287
0.036290824
0.9998683
0.00053416204
5.5987797e-09
0.9999844
0.00038710327
0.0009265106
0.000113286005
0.99950874
0.99996746
4.944263e-05
0.99994814
1.4554008e-05
8.196433e-05
0.024450451
0.9999919
2.1833792e-05
0.9999981
0.999892
1.3001386e-05
8.245455e-06
0.99996793
6.8213276e-06
0.99999785
4.2569736e-05
0.7569175
0.00026907094
2.3659843e-05
0.99997485
1.7541777e-05
2.591721e-05
0.87796336
0.9999944
1.492585e-05
5.873711e-08
0.99999905
0.9999864
0.99991274
0.99986327
0.9999993
0.999967
0.9999939
2.451756e-05
0.9999993
7.243342e-06
0.59898627
2.1631078e-05
2.5800493e-05
1.0
2.0847823e-05
0.999811
0.9999747
7.3043093e-06
5.4403063e-06
4.8976875e-05
8.923436e-06
0.9999434
7.079727e-05
0.9999075
8.784137e-06
0.00039939847
0.9999746
0.9975541
0.9998246
0.9994654
6.1300736e-05
0.9998946
8.680326e-06
0.00016925139
4.5586497e-05
0.00033310786
1.0996086e-05
0.9999988
6.059348e-05
0.00017564137
2.3217635e-05
0.0006431625
0.9999881
0.99995387
0.99985933
0.99999654
0.99987924
0.5360039
0.9998764
0.9998646
0.00029570947
0.99972993
0.9999994
1.4422308e-05
0.7408657
0.9999769
2.612915e-06
0.9999641
3.437342e-05
0.99999547
0.9999987
0.9999982
0.9999932
0.99999964
0.99998033
7.1569484e-05
5.05223e-06
2.1468295e-05
6.088749e-06
3.315423e-05
4.6190908e-07
8.36656e-06
0.9999926
0.99996245
0.99864846
0.00037625784
0.0014383798
1.270337e-06
0.0012547498
5.3101656e-05
0.21624988
4.435406e-05
0.99985576
8.281786e-06
0.99936885
3.8521735e-05
0.089271136
0.9999957
0.99999285
0.9999999
1.3463124e-05
0.9979924
9.7425676e-05
0.86490107
3.49526e-06
0.000109765555
7.5407006e-06
0.00053260836
0.999961
1.7620041e-05
4.685358e-05
0.99998987
0.9999831
0.9999999
1.1965167e-05
0.9999443
0.98964536
1.0
2.5785657e-06
4.164166e-06
0.99999976
0.00091145147
5.8658175e-06
0.009378045
0.98429585
0.9999361
9.7850236e-05
9.793892e-05
0.99988234
0.99997723
1.7960896e-05
0.9999976
0.0063318284
8.219965e-07
3.7672573e-06
0.9999944
0.9999665
5.1839006e-06
9.381878e-06
9.75722e-05
0.99871325
0.0007742304
0.9999399
1.48792e-06
0.9999976
4.306343e-06
4.4099106e-05
0.99996233
0.9999981
0.9999337
0.99999857
0.0002136177
0.999997
1.12846e-05
9.386774e-06
1.9560923e-06
0.9999993