0.9999999
1.0
8.62356e-17
1.0
5.96375e-12
6.638887e-15
6.937647e-14
1.0
6.732726e-12
0.98955566
1.2072437e-10
8.412685e-17
1.1345023e-15
1.2306144e-08
1.0
1.9041865e-14
3.0855635e-14
0.99998915
5.598526e-12
0.9987619
0.99994445
2.7069087e-12
1.3417645e-11
1.5280489e-16
1.1388377e-16
1.5997507e-07
0.31475484
0.99999964
2.7485933e-07
1.0
1.8366293e-17
1.4332553e-09
3.092865e-05
1.9180752e-06
2.3674979e-11
7.0663505e-17
0.99999917
1.0
1.0
1.0
1.1906219e-09
0.0232709
5.544927e-14
2.4504266e-17
1.2205508e-16
4.606383e-15
1.0
0.99942636
1.9895028e-16
1.0
0.9999949
7.928328e-15
1.0
1.0
0.9966204
1.9929392e-13
1.0
1.261204e-08
2.6028733e-14
1.4779799e-08
1.0
1.0
1.0
1.7907542e-13
0.9999374
0.61915255
1.0
6.01639e-14
0.81313854
1.0
1.0
1.5553992e-08
0.9966546
0.65990734
2.1361612e-15
2.400738e-19
4.6648722e-18
1.0
1.471355e-13
2.8130352e-14
2.181586e-15
2.4862374e-15
3.2286202e-14
1.0
1.0
1.8790296e-13
0.99999964
1.0
1.0
0.9999976
2.8582677e-17
9.86448e-15
1.0
1.0
1.0207898e-11
1.1895012e-08
1.0
0.9992855
1.0
1.0
4.338008e-14
1.5442228e-15
1.2918624e-14
1.8724044e-16
7.905523e-16
1.735921e-12
3.4663742e-18
0.99999917
1.0
1.0
4.516549e-10
3.2387426e-17
0.99999964
1.2874986e-14
1.0446742e-11
7.362961e-18
1.5855409e-12
7.020898e-06
1.0
0.99534035
1.0
1.0
2.2011051e-07
1.0
9.30263e-11
1.0
1.2900578e-10
2.327105e-12
2.9823183e-15
0.9999993
0.9999994
0.99990773
5.074624e-11
0.99999976
3.053333e-15
5.4140385e-15
0.12972817
1.0
9.4297535e-11
6.908382e-15
1.0
2.820057e-14
0.9999335
2.0472216e-16
0.99999833
5.6734283e-16
6.8046925e-18
1.5647094e-12
2.9853364e-10
2.472238e-13
1.0
0.999918
1.6764848e-18
7.0663033e-15
3.909676e-12
1.3646439e-16
1.0
5.7034956e-19
1.9160241e-17
0.99999905
1.0
1.0
0.9992472
0.9999999
0.99999654
7.598079e-14
1.0
0.9999826
8.3617425e-11
1.668428e-17
2.742341e-15
3.4386174e-11
2.4664981e-08
0.7506199
9.619306e-09
2.5560259e-15
2.3828126e-09
1.0
3.0338139e-09
9.947615e-15
0.9930599
1.301743e-19
6.740187e-17
1.0
0.9999949
1.0
1.2118247e-15
3.2337463e-11
3.2714276e-15
1.0
1.2615983e-16
1.0
1.0
1.0
4.473973e-09
8.4188455e-14
1.08215845e-13
0.9999993
1.8996351e-09
1.9065814e-18
8.248051e-09
0.9999999
1.0
1.0
1.0
1.0
2.898289e-09
1.0
2.0057277e-11
3.2027873e-07
6.8168656e-14
6.3598524e-13
1.0
2.5186795e-11
3.59883e-12
1.7334494e-12
1.9916359e-13
0.4608387
1.8013878e-13
3.6714837e-12
4.0916543e-14
1.0
7.119777e-13
3.9469475e-14
1.3064723e-14
1.0
0.9999994
5.2302676e-12
7.414489e-17
6.626479e-18
1.0
3.663649e-12
0.014325849
1.00995316e-13
0.83974385
2.190134e-06
1.0
1.0
4.7809104e-14
1.0046878e-15
2.1014343e-12
4.914984e-16
1.0
0.9999919
0.99993765
1.0252301e-16
5.1073767e-11
1.0768772e-13
1.5839154e-15
2.1227377e-05
1.0
5.0882533e-14
0.801301
3.2455825e-13
7.0764732e-15
3.623251e-13
1.0
0.99994564
1.0
1.0
1.0
1.5773425e-12
1.0
1.0
0.9769907
3.3476315e-09
3.580523e-15
2.6222446e-16
0.001280535
1.0
8.612077e-06
0.99987745
1.2634104e-14
3.1492534e-11
0.9999598
7.027657e-06
0.0015346345
1.8806216e-13
0.99999964
0.9999939
1.0
1.0
4.88436e-12
1.3823802e-15
1.0
1.0
1.9215817e-15
1.0
6.3991263e-18
7.166126e-13
0.9742051
1.0
0.99991274
9.843951e-16
0.99999976
5.910718e-12
0.0098422095
0.99999845
2.16688e-12
1.0
2.8990514e-13
6.310053e-15
0.9947465
1.0
1.0
2.3867197e-09
0.9999988
1.2238326e-07
1.0
8.7181875e-18
2.8941067e-13
0.11880171
1.0
0.9999999
1.0
3.0341316e-13
1.0422079e-12
9.650422e-16
0.9999999
1.04374254e-14
7.633446e-15
6.179944e-09
5.167543e-18
4.2332187e-15
1.0
0.9999999
9.19337e-12
2.6030122e-14
1.0405711e-12
0.99999964
0.7817686
8.873405e-17
1.0
1.0
0.99852645
1.081279e-14
1.0
1.0
1.8692622e-11
6.522159e-16
3.6460343e-15
1.0743295e-16
1.0
5.120899e-10
1.0
0.8826726
0.9970663
1.0
1.0
1.0
0.999974
6.069067e-20
1.0
6.09415e-11
0.9999988
1.17889376e-17
4.0978125e-16
1.0
1.0
1.0
3.5305558e-08
1.0
1.6818884e-10
1.35483466e-17
9.134929e-10
3.0284482e-17
0.999997
3.4470093e-11
2.6991914e-19
4.2070167e-12
7.633283e-12
4.9796567e-17
1.0
2.0951375e-17
1.8142757e-18
8.2242394e-08
1.0
0.9998579
3.160436e-17
1.0676179e-11
1.0
1.0
0.999851
2.048934e-11
3.4813436e-07
0.9999956
1.0
2.0741985e-10
5.501228e-15
1.0
1.0
6.7346267e-12
1.0632891e-15
8.54451e-14
2.5725895e-13
0.9999999
0.99990165
1.7692331e-13
2.3083908e-17
6.177101e-10
8.4291356e-16
0.9968617
1.0
3.2358614e-08
0.9863354
1.5572401e-07
1.0
1.0
1.0
3.880725e-11
0.9999883
1.3506008e-13
1.0
1.0
8.4762645e-19
3.0558236e-17
0.9999981
3.8317045e-18
1.0
3.3765715e-13
4.3017034e-15
1.8349636e-16
1.739258e-16
1.1889159e-12
1.0
1.0
1.0
1.6990122e-10
1.0029173e-10
3.5155104e-08
7.392693e-15
1.0
1.0341278e-14
3.823338e-05
1.8803482e-10
4.0159923e-17
1.0
0.9997017
0.997943
1.3035693e-15
3.7758394e-19
8.154089e-09
3.9906591e-16
1.0
1.0
1.9221099e-11
1.0
1.0
9.78758e-12
1.0
1.0
3.068787e-08
0.997874
1.933936e-15
0.0006030561
2.6340451e-12
1.0
0.9976598
2.857277e-16
4.5139236e-17
1.0
1.0
5.0607137e-19
0.9902586
7.3581054e-14
1.0
1.0
0.011450183
2.971493e-17
2.7637045e-13
4.5523023e-14
2.4582009e-14
1.0
1.0
1.9287999e-16
0.99999917
0.9999919
9.224239e-14
1.0
3.3623157e-10
2.7861949e-12
1.0453438e-15
2.6482245e-13
1.0
5.727378e-16
2.5098534e-09
2.1084091e-11
1.0
1.0
3.951092e-13
0.95103866
0.99997175
1.0
0.99983513
5.4460404e-08
0.00017823458
1.0
2.879716e-11
1.4588195e-09
0.99999905
3.5417795e-15
1.0
1.0938751e-13
6.0715803e-16
0.9999987
1.0
1.4534001e-14
1.2877185e-12
7.523866e-18
0.004362672
2.4666577e-12
0.9913668
2.2209224e-14
1.0
4.7645884e-14
1.153054e-15
1.0
9.713991e-15
1.8805343e-18
8.1326407e-16
1.0
0.0020428873
1.6130604e-13
0.9999999
1.0
0.9995776
8.041708e-13
3.8566485e-18
0.9999994
2.871516e-15
0.99998987
9.184997e-11
8.6951225e-14
1.0822984e-06
7.349472e-16
1.2226085e-19
1.6422137e-13
7.650114e-09
3.7579803e-14
1.0
1.1408538e-11
1.0
4.445134e-11
1.0
4.319199e-15
1.4197735e-09
1.0957182e-18
8.115746e-17
8.292055e-14
0.9999999
2.89192e-14
1.0996507e-17
5.822334e-12
0.9999999
1.0
8.1841374e-11
3.4108683e-15
1.27022525e-20
3.982627e-17
1.0
4.8486643e-18
1.0
2.7349236e-07
5.0012497e-15
1.0
9.769283e-12
0.99999917
1.0
1.5368299e-15
0.9999995
1.0
3.3990837e-17
0.99376005
1.4104998e-16
1.0
1.0
1.0
1.0
0.9999951
1.475988e-12
6.467109e-16
2.9219547e-14
1.9130287e-18
4.905395e-07
1.0
0.98494786
1.6031281e-14
0.25846645
3.7832276e-12
1.0
4.0977995e-11
1.5395983e-13
2.2240894e-10
9.3054605e-06
1.0
9.738186e-14
2.2515492e-08
1.0928265e-16
1.0
5.08452e-17
1.0
1.0
0.99998605
1.0631152e-14
0.9998697
2.7869814e-16
2.0075484e-12
7.1047387e-15
6.0115905e-12
1.0
5.662574e-16
0.0017745998
6.469376e-17
0.9999654
0.65072745
6.211105e-13
2.0623776e-08
4.2380456e-17
1.0
1.0
1.0
2.4269467e-13
8.82171e-11
0.99806064
0.91879797
1.0
8.682617e-16
0.99999964
0.97597414
2.7601662e-12
4.7183687e-13
9.050702e-16
0.99999833
1.0
2.5820917e-13
1.0
0.9999999
3.343062e-07
1.4594673e-10
3.0039292e-17
1.0
7.7884165e-14
0.99757105
1.0
1.2661539e-13
5.9907026e-19
7.231315e-10
5.503944e-12
1.0
0.99999964
1.0
0.99998856
5.4578164e-10
1.0
5.375118e-10
1.0
1.0
1.0
2.5253153e-13
1.1026049e-11
1.3645868e-12
4.0002898e-17
1.0
0.96493274
1.1761354e-10
0.9999988
9.874507e-20
9.42685e-20
1.0
5.2609884e-14
0.9999943
1.0
5.0116156e-13
0.9999553
0.9999908
1.0
0.0007411449
3.171437e-14
1.0
0.99999833
7.570676e-05
2.5888956e-18
0.9697398
1.0
0.99996555
1.0
0.99999964
1.0
1.0
7.0943327e-13
1.9495504e-07
0.9999981
1.1465969e-16
2.1057979e-10
5.8869614e-07
3.2076614e-16
4.740811e-14
2.508337e-16
1.0
0.63437355
3.209126e-11
1.0
1.0
4.4975446e-09
3.6491422e-20
1.0
3.1082873e-14
1.0
1.0
0.99999964
0.5675035
0.9999995
2.5491806e-15
2.6452337e-11
1.0
2.5103643e-14
4.8676978e-14
0.99999976
5.326519e-17
0.9431549
2.5704399e-14
1.7289462e-15
0.9994205
1.1209661e-19
1.0141458e-13
7.558538e-16
1.7998124e-12
5.878156e-13
2.1303284e-13
1.4014468e-08
0.9999957
1.0
1.144674e-16
4.3321597e-19
0.99999964
6.944171e-11
5.0523836e-18
1.0
1.0
1.9725293e-13
0.99999905
1.6834487e-13
1.0
1.6782399e-16
1.0
7.211595e-06
2.5276715e-17
4.7228522e-17
1.15457045e-11
2.7458744e-11
2.8810916e-17
4.220223e-15
6.5312434e-17
0.9999956
0.2309296
1.1243045e-15
0.99999225
6.0470476e-11
4.463601e-16
2.6719848e-13
2.6515276e-11
1.0
1.0
0.98715425
3.3590508e-15
8.643277e-12
4.5319354e-10
0.99999917
4.369925e-13
1.0
2.6867872e-15
3.414582e-13
1.0
8.13817e-15
5.3659e-17
0.99999976
1.0
1.9935988e-15
1.0
7.1533875e-16
1.7173288e-14
0.9999968
0.98333067
0.9999975
3.9575307e-18
1.0
0.9999994
0.9999962
1.0
1.8095193e-08
1.0
0.99998844
1.0
4.0606556e-11
2.2125867e-06
2.1541628e-16
2.5957322e-08
2.2259213e-15
1.0
3.6713482e-17
1.0
3.9569727e-14
0.9932208
1.0
1.6959257e-15
6.434872e-16
6.5191216e-17
0.30990037
1.0
0.99999964
1.0
1.0
0.99889565
0.9999844
8.289804e-19
6.3735746e-13
0.99999964
0.9978071
7.163874e-16
1.0
1.0
1.0
1.0
1.0638038e-16
2.1924176e-09
0.99999976
1.0
1.8897689e-17
0.36446777
1.6771407e-14
1.0
5.157868e-20
2.4337261e-11
1.0
0.9994425
0.00032413317
0.99999976
0.9999945
9.5402735e-18
1.6595185e-14
1.8392095e-13
1.0
1.0
2.7168945e-10
1.0
1.0
1.0
1.0
0.99999917
9.333438e-17
1.6076784e-10
1.0
5.5297926e-14
2.193844e-09
4.098784e-15
0.9999865
2.0763818e-19
1.9957445e-15
7.4561755e-19
5.3931715e-10
1.0
1.6402775e-15
0.9999889
5.405182e-09
1.0
1.1366587e-09
4.220117e-12
6.399022e-20
3.1536678e-17
1.166356e-16
4.126096e-15
0.20706613
4.2512773e-12
0.9999634
3.8070963e-18
1.0
3.2389171e-16
1.2878088e-07
1.4576068e-07
0.19942719
1.0
1.8684048e-13
0.11166509
4.891681e-11
6.5607907e-15
8.9147596e-18
1.0
1.1601878e-16
1.4709382e-05
5.1347676e-10
1.5638211e-06
1.0
2.0387668e-15
1.0
1.0
0.9999925
0.9999443
9.49433e-14
1.0
1.0
0.9038225
1.5886421e-14
1.0
0.00046406814
1.0
2.8698328e-09
2.843075e-14
1.0
1.0
1.7621046e-12
1.0
4.754426e-12
6.542216e-13
4.986486e-15
0.007019193
1.0
0.99999976
2.2902042e-13
1.0
1.0
8.7328045e-17
1.0
1.0
0.9999957
0.9999995
0.9999999
4.776199e-10
2.3652504e-11
1.0
4.8654197e-12
1.0
9.702303e-12
1.0
0.9999999
0.99999976
1.0
6.4411844e-12
1.0
1.0
5.3701157e-18
1.0
5.581724e-15
1.1969164e-15
7.93377e-16
1.429589e-16
2.4128953e-14
1.5294303e-13
1.0
0.9818927
1.0
1.3876452e-11
0.9999999
0.9936393
4.8345367e-10
2.0362174e-15
0.9999999
0.9999987
2.91747e-15
0.99999964
1.0
1.0
6.7589275e-18
1.0
4.6232322e-14
1.0
2.8712956e-12
1.1779779e-15
8.495243e-17
1.0
2.9670514e-18
1.0
1.1366205e-15
0.9999989
4.865619e-10
2.2216787e-16
0.99998355
1.0
2.3487718e-09
1.0
1.0
3.304171e-17
0.994166
2.3714331e-12
6.510849e-16
1.0088982e-09
6.821025e-11
0.9999157
6.0069757e-05
0.9999999
0.9999999
0.9978788
8.1684556e-13
1.0
1.4265112e-16
0.99873203
3.0682306e-12
3.27783e-11
1.8487788e-14
2.5830658e-14
1.0
2.9313748e-12
0.999946
7.692167e-16
1.0
0.9997825
1.3080738e-13
1.0
4.1698132e-16
1.9319023e-10
0.99999905
1.4087323e-10
5.847876e-16
1.0
1.0
8.3991496e-14
0.0020635328
1.0
1.2028275e-19
6.8119264e-14
1.0
1.5970198e-05
2.0547122e-13
6.593011e-13
4.9056695e-18
3.941431e-15
3.2696734e-12
1.7932425e-13
0.99999976
0.9999999
0.9999809
7.4481137e-16
1.5981785e-11
0.99999
2.3281521e-09
9.3197185e-14
0.048876487
3.3277244e-13
1.0
1.0
1.0
1.0
1.992806e-17
7.52597e-16
0.61440283
1.0
1.0
0.99999976
0.9999999
1.4416159e-15
1.0
1.4701532e-11
1.0
1.0
3.328154e-14
2.559428e-10
1.240912e-12
1.8295378e-18
0.9999962
1.0
1.0
7.8479424e-11
1.0
1.2882331e-14
1.0
2.9435282e-15
1.0
0.9999999
1.0
1.0
1.0
4.3871767e-14
1.6674687e-15
2.7614346e-16
0.9999993
0.99999976
0.48481318
5.1183056e-16
1.0
1.0
1.0
1.14723266e-10
1.0
5.5220644e-11
0.9999982
0.99999213
1.0
2.4869108e-15
3.3995887e-10
1.0
7.0062e-13
4.6345597e-14
1.18422584e-17
1.0
7.566903e-09
0.2142635
0.999997
0.9999819
1.7438647e-06
5.2688287e-15
0.9997782
1.0
1.3531315e-15
1.0
0.99979216
1.1406955e-14
7.3481257e-16
5.7965674e-17
9.62068e-17
1.0
5.009883e-14
4.7888015e-08
0.9999968
0.999998
5.450032e-15
1.2897384e-13
1.0
1.5195571e-15
0.99991405
5.1862703e-12
1.2702927e-13
2.8431753e-12
1.2306499e-15
0.9999938
5.615795e-13
2.7112487e-16
1.0
7.8058016e-14
4.057334e-11
0.053266123
2.2601519e-06
9.6152426e-11
4.2891177e-12
1.5816469e-09
7.184089e-11
1.0
1.0
1.0
6.3758177e-15
0.9904512
1.1375595e-19
1.0
9.203279e-06
1.0
0.9999999
1.0
1.0
9.627445e-15
2.052321e-11
1.3209124e-14
0.9979613
3.6627412e-08
0.4061496
1.820365e-06
0.77106464
3.0364836e-12
0.9982327
0.9649089
4.873384e-10
0.86205995
0.98461825
1.0
0.9999999
1.0
9.300049e-13
1.1632285e-15
0.9999982
3.011125e-08
2.1111192e-13
6.074465e-12
2.222903e-09
0.9573652
1.0
1.0
0.99999976
1.7705277e-15
1.0
6.0046434e-09
1.0427981e-09
4.741096e-12
0.9999995
9.807667e-16
3.4541167e-15
2.2762066e-14
1.0
2.8287019e-11
2.4808289e-14
4.839393e-16
1.9910876e-18
9.355667e-20
1.4760155e-13
2.5170502e-12
0.99999976
4.2507277e-15
1.0
9.378168e-11
4.3256422e-13
1.8829266e-16
0.9999999
0.9655574
3.5682106e-15
3.3251596e-10
1.0
1.0
2.6280202e-18
2.7580343e-16
4.3418073e-18
7.216266e-11
0.99986684
1.0
2.9724372e-11
0.99999976
0.9995116
1.0
2.4434735e-16
1.0
5.033097e-15
1.562507e-14
0.8902179
1.0
9.649474e-14
3.1560212e-13
0.99999785
1.0043736e-15
1.8388097e-13
4.587527e-17
9.0723375e-09
1.0
1.0
2.6957792e-16
5.2051428e-06
1.0
1.798629e-15
0.7807092
0.99999976
4.9096782e-17
3.7570218e-13
1.0
1.8855006e-15
6.1161606e-14
1.0
2.6293995e-10
1.0
1.1672875e-14
9.885716e-17
1.0845063e-12
1.2273819e-23
1.4535728e-13
1.0
1.6146555e-16
2.314475e-13
2.2671838e-08
1.0
1.0
0.99996424
0.9999993
4.3031437e-13
1.0573761e-14
0.99999905
2.1857499e-16
4.087215e-11
1.570322e-07
1.0663815e-09
0.99999976
5.9377496e-11
2.4650208e-27
1.0
3.4623191e-13
5.793046e-07
3.2831804e-06
0.9997018
0.99999595
1.9937566e-13
1.0
1.3422832e-16
4.380341e-16
7.67636e-07
1.0
1.3107698e-15
1.0
1.0
2.223383e-16
1.8124444e-16
1.0
7.5589745e-15
1.0
2.2729397e-14
0.9990828
1.839443e-11
7.5614015e-14
1.0
1.2794734e-11
4.8622434e-17
0.7596861
1.0
4.16262e-13
3.2573503e-11
1.0
0.99999654
1.0
1.0
1.0
1.0
1.0
4.8203793e-16
1.0
1.7991162e-15
1.4671404e-07
1.3936455e-14
6.544038e-13
1.0
6.668279e-15
1.0
0.99999964
2.1299687e-15
7.8041526e-17
6.1049785e-12
9.245856e-13
1.0
1.1992993e-12
0.99999976
4.856873e-15
2.4033088e-11
1.0
0.99999917
1.0
0.99996805
8.123809e-11
0.9977563
1.8092187e-12
5.8658594e-09
9.9434044e-11
3.27006e-08
2.5500157e-16
0.9999999
3.034175e-15
1.31007765e-11
3.359443e-18
2.7888996e-06
1.0
1.0
0.99999905
1.0
0.99999976
0.37288636
0.99998057
1.0
1.3778902e-10
0.99896455
1.0
8.457415e-16
0.4111592
1.0
4.8062198e-17
1.0
5.4755153e-16
1.0
1.0
1.0
1.0
1.0
1.0
6.3054535e-16
9.91812e-18
1.8466125e-13
9.46799e-16
4.9091897e-10
5.213035e-13
6.499111e-16
1.0
1.0
0.99959666
5.0339355e-10
2.714342e-13
8.1246926e-11
4.7028124e-11
1.7350774e-15
0.0005686296
9.986248e-14
0.99999416
1.8551276e-09
1.0
3.8930124e-17
0.31960306
1.0
1.0
1.0
4.3273456e-15
0.99999976
8.584456e-09
0.99975544
1.8853478e-17
8.886521e-12
3.5748708e-16
8.168276e-15
1.0
3.9654855e-15
5.0039885e-11
1.0
1.0
1.0
1.261001e-17
0.99999905
0.99996245
1.0
7.6982106e-17
9.700132e-17
1.0
3.57384e-06
9.080065e-15
2.8656046e-09
0.994925
1.0
7.3203135e-13
2.5953484e-10
1.0
0.9997986
1.20768e-16
1.0
8.751769e-12
3.6740076e-11
2.3008477e-17
1.0
1.0
4.729458e-14
1.7897656e-15
9.532444e-12
0.9999474
3.0056624e-05
0.9999758
8.649362e-12
0.9999999
3.5565335e-17
3.1284194e-11
1.0
1.0
1.0
1.0
3.585733e-05
1.0
8.8806865e-17
9.611241e-12
3.9665387e-18
1.0