0.99999917
1.0
4.0738635e-09
0.9999995
1.8612269e-07
6.516341e-08
1.9192889e-07
1.0
4.6271103e-07
0.98473144
4.2084184e-07
5.1571412e-08
2.4752717e-07
7.0386236e-06
1.0
1.3207469e-07
2.65285e-06
0.99990654
1.957126e-06
0.9962465
0.99967575
3.3268177e-06
1.428858e-07
8.1915196e-08
5.813568e-07
8.9246554e-05
0.61615133
0.99988735
3.8216825e-05
1.0
1.7320582e-08
2.814327e-06
0.015448104
3.612391e-05
2.185647e-07
1.26559225e-08
0.99984324
0.99999964
1.0
1.0
1.4476767e-05
0.027327681
1.7583015e-07
7.395367e-09
4.100894e-08
2.7903575e-06
1.0
0.99996364
8.466364e-07
1.0
0.999967
8.0469664e-07
0.99999976
1.0
0.809758
2.0572723e-05
1.0
2.976037e-05
1.0740367e-06
3.598737e-05
1.0
0.9999999
0.9999999
2.3994244e-07
0.9994586
0.9359561
1.0
2.0574407e-06
0.38413754
0.9999999
1.0
4.0605573e-05
0.98205066
0.34070534
1.5338828e-09
4.0726064e-08
4.5328818e-08
1.0
4.325571e-07
4.9974723e-08
1.8441469e-07
5.9874004e-08
5.7615317e-08
1.0
1.0
9.949011e-07
0.9999999
1.0
0.9999999
0.99986327
5.90084e-08
5.3806264e-07
1.0
0.99999976
5.3460955e-08
4.7544177e-06
0.9999999
0.9998783
1.0
1.0
1.6446243e-07
1.9110698e-07
2.9418973e-07
1.6982064e-07
1.0436979e-08
2.5618149e-06
3.398315e-08
0.9999938
0.9999999
1.0
1.9464696e-06
2.7328422e-08
0.99999464
2.4271715e-06
2.9918692e-06
2.6651865e-08
4.798534e-06
0.00011486687
0.9999999
0.99344325
1.0
1.0
5.212123e-05
1.0
4.6606212e-05
1.0
4.351345e-06
6.3414172e-06
4.8736257e-07
0.99999475
0.99999905
0.9999864
1.7316312e-05
0.9999951
9.308288e-08
6.0399447e-07
0.07448493
1.0
1.2026471e-06
7.586349e-07
1.0
9.118311e-07
0.9999771
7.933181e-08
0.999634
5.704708e-07
3.2692622e-08
6.575957e-09
1.5086987e-06
3.0758753e-07
1.0
0.99995065
1.2279509e-08
3.1064246e-07
1.1348633e-06
1.1181045e-08
1.0
1.9021597e-08
1.3741206e-07
0.999997
1.0
1.0
0.5719413
0.9999999
0.9999999
6.5940417e-06
1.0
0.9999993
7.839492e-06
7.8255475e-08
2.7897454e-06
7.507675e-07
3.1508403e-05
0.37961233
1.5119672e-05
1.3499094e-07
1.1980466e-05
1.0
1.913129e-05
2.1488117e-06
0.9832548
1.7456397e-08
2.058919e-08
1.0
0.99993134
1.0
1.7082586e-08
3.438049e-07
4.781427e-07
0.9999994
1.1919387e-07
1.0
1.0
1.0
1.8829232e-05
1.7287895e-06
7.6258965e-07
0.9999975
4.7913505e-07
1.3437667e-08
2.00382e-05
0.9999994
1.0
0.9999999
0.9999999
1.0
2.0445279e-05
1.0
7.4728914e-06
0.0001263303
6.752261e-08
5.3981992e-08
1.0
7.1475705e-07
1.3222572e-06
1.2606831e-06
1.7421027e-06
0.27131099
1.3559197e-06
3.529224e-06
2.678579e-08
1.0
3.6809718e-07
1.1391665e-07
1.5989469e-06
1.0
0.99999857
1.0875793e-06
3.279004e-08
9.876356e-08
1.0
2.9060598e-07
0.5792085
5.3945865e-07
0.99904853
1.4164592e-05
1.0
1.0
1.3994759e-07
8.999079e-08
7.4479253e-06
3.6800586e-08
1.0
0.9999914
0.9999225
1.7183291e-07
2.6357472e-07
0.00035036707
1.4280012e-07
0.002112603
1.0
1.1619314e-07
0.9996507
1.7109655e-06
1.4331722e-06
8.587749e-07
0.9999994
0.99999714
0.99999857
1.0
1.0
8.6456157e-07
1.0
1.0
0.819417
2.5013967e-05
6.8442844e-08
4.9577874e-08
0.10689755
1.0
1.378846e-05
0.9897754
5.3066833e-07
1.5258466e-06
0.9999951
0.00034649417
0.04940023
6.841021e-07
0.9999988
0.99998236
1.0
1.0
2.9064887e-08
2.8950836e-07
1.0
0.99999774
2.8152607e-08
1.0
5.6416393e-08
2.4964722e-08
0.93105155
1.0
0.9999093
1.9728283e-07
0.9999989
2.7809106e-06
0.8587575
0.99999857
4.9150362e-06
1.0
1.4191118e-06
4.918577e-07
0.84120446
0.99999976
1.0
8.419628e-05
0.99999976
0.00019181427
1.0
2.3332929e-07
2.8229153e-06
0.43099442
1.0
0.999997
0.9999999
9.0045785e-07
9.411828e-06
6.8702326e-07
0.9999995
2.7765725e-06
1.4949107e-06
4.8983322e-05
3.04555e-08
9.6728684e-08
1.0
0.9999999
1.9845102e-06
3.139429e-07
9.788846e-07
0.9999919
0.98872674
3.0026868e-09
1.0
1.0
0.99795014
1.2499883e-07
1.0
1.0
1.7789275e-06
2.8322479e-08
1.08470964e-07
1.9543755e-07
1.0
2.4165276e-08
0.9999999
0.81010467
0.99921703
1.0
1.0
0.9999999
0.999987
1.6676305e-08
1.0
1.3825617e-08
0.9999962
5.0764317e-08
5.570236e-07
0.9999999
1.0
1.0
3.6855236e-05
0.99999845
1.2164058e-06
1.815029e-08
1.658872e-05
1.5405098e-08
0.99993205
1.4465106e-05
1.4046768e-08
9.220578e-07
8.096874e-08
1.7416892e-07
1.0
9.6009074e-08
4.4894474e-08
9.230395e-06
0.9999999
0.999869
8.914787e-08
2.1348676e-05
1.0
0.9999987
0.9998275
3.215864e-06
2.1743529e-06
0.99998164
1.0
5.1794547e-07
1.1323697e-07
0.99999976
1.0
2.930514e-06
1.6730567e-07
3.0672922e-07
1.8079847e-07
1.0
0.99999785
2.9930848e-06
2.2497234e-07
1.772707e-06
4.5230195e-08
0.99728954
1.0
2.2161885e-07
0.27877682
1.3891556e-05
1.0
0.9999987
1.0
3.284875e-06
0.9999355
5.8070486e-09
0.99998426
1.0
2.0900302e-08
1.0521346e-08
0.9999807
3.8826187e-08
1.0
4.4325866e-06
1.3082261e-07
9.481451e-09
2.447764e-07
1.4903798e-06
0.99999607
1.0
1.0
4.9863324e-08
1.1161495e-05
7.414613e-05
2.5379013e-06
0.999998
6.2287113e-09
0.00061565667
3.5783316e-06
8.7375916e-08
1.0
0.9993217
0.9995072
1.9933966e-08
9.41684e-09
8.569742e-05
2.3864663e-08
0.99999976
1.0
1.749595e-06
0.99999976
0.99999964
3.873924e-07
1.0
1.0
6.6348352e-06
0.9950288
7.926375e-08
0.0013223668
2.6339683e-06
1.0
0.9997398
9.2562607e-07
8.077373e-09
1.0
1.0
2.082728e-08
0.99851996
2.2674426e-06
1.0
1.0
0.42305
6.831086e-08
9.1196233e-07
2.456002e-07
1.0052514e-07
1.0
1.0
5.4672984e-07
0.99998474
0.9999925
5.665483e-05
1.0
6.2017307e-06
9.808444e-06
3.4579983e-08
6.108805e-07
1.0
6.5862594e-07
4.797299e-06
2.528416e-05
1.0
0.9999999
9.217404e-07
0.9115449
0.99989974
1.0
0.9999801
6.417471e-06
0.0001249167
1.0
1.6764086e-05
7.930396e-06
0.99996006
1.07383435e-07
1.0
9.310984e-07
7.0700224e-08
0.9999937
1.0
2.6201315e-06
1.1273103e-06
3.3269394e-08
0.0074178223
4.784611e-06
0.98704964
7.384537e-07
1.0
8.771774e-08
1.2241793e-07
1.0
9.361775e-08
8.474804e-09
6.709325e-07
1.0
0.07628293
4.9157353e-07
0.99999917
1.0
0.9999354
2.539126e-07
4.135897e-08
0.9999968
5.276027e-07
0.99996674
3.8990715e-06
3.369008e-08
4.1916737e-06
7.7705806e-07
1.8202606e-08
2.6010457e-07
6.8563636e-06
3.153671e-07
0.99999833
1.3162509e-06
0.99999976
9.0340563e-07
1.0
5.47348e-08
1.0945594e-05
1.7401014e-08
1.2202652e-07
1.5424068e-07
0.9999989
2.9437695e-07
3.8464097e-07
5.346565e-07
0.9999999
1.0
1.6638407e-06
8.0086403e-07
1.4099196e-07
2.4827441e-08
0.99999976
6.5406226e-08
1.0
7.771014e-05
4.439074e-08
0.9999999
7.8118853e-07
0.9999964
1.0
3.0149474e-07
0.99999917
0.99999976
1.1089508e-08
0.9999826
1.1093955e-07
1.0
0.9999999
1.0
0.9999989
0.9999949
1.9857273e-06
1.3064233e-07
2.0677113e-07
1.5617688e-07
1.0922039e-05
1.0
0.9942473
1.4013497e-07
0.8377452
1.6369241e-06
1.0
3.1830638e-08
3.957766e-06
2.57696e-07
0.00034520696
0.99999976
2.5812201e-07
4.6144683e-05
1.0409385e-08
1.0
1.268504e-06
1.0
1.0
0.9998627
2.0243505e-07
0.99999845
5.4453654e-08
1.2187339e-06
7.247671e-08
5.6635486e-06
1.0
1.0696158e-06
0.99860555
1.2902122e-07
0.9999887
0.77123827
9.075176e-06
1.0026479e-05
1.4479086e-07
0.9999999
1.0
0.99999976
5.1878736e-08
4.2125403e-06
0.9967493
0.50045806
1.0
4.904974e-08
0.9999863
0.9923804
1.0086804e-06
8.554762e-06
2.034924e-08
1.0
1.0
1.1473585e-08
1.0
0.9999999
0.00015343199
8.034674e-06
5.490356e-08
1.0
3.1348075e-09
0.9992906
0.9999999
2.6519976e-06
1.6912802e-08
9.011856e-06
2.0892765e-05
1.0
0.9999912
0.9999995
0.9999472
5.2671917e-06
1.0
2.4416782e-05
1.0
1.0
1.0
3.953695e-06
1.3412364e-06
1.4228246e-07
3.3629156e-08
1.0
0.99729985
3.8635303e-06
0.9999951
1.8731792e-09
1.219055e-08
0.9999999
1.3278321e-09
0.9999933
1.0
7.6156007e-06
0.9999802
0.9991654
1.0
0.021919427
2.2804606e-06
1.0
0.9999697
0.0012268306
1.09192094e-07
0.7936859
1.0
0.9999962
1.0
0.99999976
1.0
0.9999995
6.65262e-06
0.00019335638
0.9998331
3.797881e-09
1.0608741e-06
0.00032718477
1.3876313e-08
2.8849246e-07
6.0964953e-07
1.0
0.96551156
1.02389606e-07
0.99999976
1.0
3.3525263e-05
3.2684e-09
1.0
7.5584956e-07
1.0
1.0
1.0
0.4820689
0.9999989
2.9783504e-07
3.8363677e-08
1.0
1.5782868e-07
1.5385343e-06
0.9999994
8.559297e-08
0.81880313
6.6143076e-07
3.4086924e-07
0.9998154
1.5360149e-08
3.6222489e-06
9.2260784e-08
7.1424793e-06
2.6254764e-07
9.328491e-06
7.655906e-06
0.9999752
1.0
3.208684e-08
5.460287e-09
0.9999999
6.1896358e-06
1.881886e-08
1.0
1.0
4.702492e-07
0.999998
2.69991e-07
0.9999976
9.4421495e-08
1.0
0.0019431101
2.6719692e-07
1.1987644e-08
5.583697e-07
3.8659555e-06
3.8337856e-08
3.995283e-08
1.5461705e-08
0.99998236
0.12031798
9.154426e-07
0.99999714
6.652671e-06
1.884684e-08
1.8430146e-07
9.35355e-06
0.9999974
1.0
0.99976104
6.003839e-07
1.2100907e-06
3.075503e-05
0.99987257
3.6137783e-06
0.99999917
2.3547507e-07
1.3031539e-08
1.0
4.624843e-07
2.7587168e-07
0.99999976
1.0
9.273693e-09
1.0
2.0276556e-08
3.38875e-06
0.99999976
0.86444616
0.999608
1.634197e-08
1.0
0.99999714
0.9999373
1.0
1.1298804e-05
1.0
0.9999529
1.0
4.8505055e-05
3.825997e-05
4.7682397e-07
7.80188e-08
7.025071e-07
1.0
9.041179e-08
1.0
2.3016511e-07
0.9992756
1.0
9.687529e-08
2.6362275e-07
6.489414e-08
0.5077448
0.99999964
0.9999987
1.0
1.0
0.9995981
0.9991429
6.0899175e-08
7.687591e-07
0.99997234
0.9794613
5.1369966e-07
1.0
0.99999905
1.0
1.0
6.975137e-08
5.8261057e-06
1.0
1.0
1.2818546e-08
0.27560005
9.9651764e-08
1.0
1.2471836e-08
7.444169e-06
1.0
0.99999666
0.043151107
0.9999945
0.9999981
4.758899e-08
6.6411445e-07
8.122509e-06
1.0
1.0
1.7077086e-06
1.0
0.9999982
1.0
1.0
0.9999999
1.5550006e-07
7.940635e-07
1.0
1.0367853e-06
5.9001013e-05
1.2020045e-07
0.9999962
1.3536087e-08
2.7718687e-07
6.061977e-08
8.293641e-06
1.0
9.435664e-09
0.9999975
8.496347e-05
0.9999999
1.4130632e-05
2.0156163e-09
9.403472e-12
5.6749876e-08
1.6308652e-08
3.1756483e-07
0.2008532
5.4947037e-07
0.99998605
7.044353e-08
1.0
1.9990127e-08
9.25973e-05
0.00075995334
0.74293274
1.0
1.7148862e-07
0.98897624
1.6239733e-06
1.0750348e-08
9.907804e-09
1.0
2.864027e-08
0.0009837296
1.4512045e-06
1.936723e-05
1.0
3.205888e-08
1.0
0.9999995
0.99999285
0.999148
5.701151e-06
0.99999964
0.9999999
0.57533354
4.5530982e-07
0.9999999
0.13646941
1.0
1.75963e-06
6.669492e-06
0.99999344
0.99999976
7.5772675e-07
0.9999999
1.5645327e-06
1.2727743e-06
2.8655611e-05
0.05287485
1.0
0.9999958
1.6919438e-07
1.0
1.0
2.8126155e-07
1.0
1.0
0.9999924
0.99999964
0.99999964
2.3406997e-06
1.9392532e-05
1.0
3.5440974e-07
0.9999999
1.6017033e-06
1.0
0.99999905
0.9999993
1.0
3.179512e-07
1.0
1.0
1.7278678e-08
1.0
7.1883754e-08
1.2905419e-07
1.2528609e-07
2.5257215e-08
3.049957e-07
5.765901e-07
1.0
0.99756634
1.0
7.3539213e-06
0.9999875
0.99474525
6.179256e-06
4.7022323e-07
0.99999976
0.9999777
6.400819e-08
0.9999908
1.0
1.0
8.2144574e-08
1.0
1.955427e-07
0.99999976
8.894616e-06
8.665948e-07
2.3554396e-08
0.9999988
6.446531e-08
1.0
5.6227516e-09
0.9999962
1.1822259e-06
1.4880421e-06
0.9997657
1.0
6.659029e-05
0.99999964
1.0
1.7990185e-07
0.9965957
7.658513e-06
2.1739816e-06
4.36194e-06
2.2131442e-08
0.9999596
0.00035468952
0.99999976
0.9999373
0.99989235
1.6057118e-07
1.0
3.4251965e-08
0.9995097
9.711467e-08
1.2863093e-06
1.5179047e-06
3.7079036e-07
0.99999964
8.6607014e-07
0.99998164
2.634418e-07
1.0
0.99901307
6.972137e-07
1.0
8.855765e-07
1.2840676e-06
0.9999999
4.4529575e-06
2.411238e-07
0.99999976
1.0
1.592865e-07
0.050862234
1.0
1.24408785e-08
1.7220809e-07
1.0
5.0327442e-05
1.6396271e-07
1.2253182e-07
1.1847671e-07
1.8285599e-08
5.5025697e-07
1.2037528e-07
0.9999765
0.9999801
0.9999963
1.0770775e-07
8.52717e-07
0.9999988
1.9244375e-05
1.5087721e-06
0.9911282
6.0738676e-06
1.0
1.0
1.0
1.0
2.7902033e-07
2.576043e-08
0.99925345
1.0
1.0
0.9999993
0.9999999
2.4939592e-08
1.0
1.5154159e-05
1.0
1.0
8.7803915e-07
8.841439e-06
1.1945177e-06
1.1059723e-08
0.9999391
0.99999535
0.99999976
7.540719e-07
1.0
1.148151e-08
1.0
4.225635e-07
0.9999999
0.9999999
1.0
1.0
1.0
6.1472764e-07
9.949751e-09
1.1733133e-06
0.9999988
0.99999034
0.9938896
1.4698475e-07
1.0
1.0
1.0
9.1935935e-06
1.0
2.9960836e-06
0.9999995
0.99999523
1.0
9.702087e-07
2.5083818e-06
1.0
1.3754333e-06
6.605249e-07
3.8369752e-08
1.0
1.57967e-05
0.5305511
0.9999951
0.9999869
0.0003568432
5.467105e-08
0.99982506
1.0
1.0293874e-06
1.0
0.9750021
9.734599e-07
2.805891e-07
8.4727735e-06
2.2290185e-07
1.0
2.012172e-08
1.018851e-05
0.9999435
0.9999993
2.1633315e-07
9.098792e-07
1.0
5.8724106e-07
0.9999335
2.1541218e-06
2.3855505e-06
2.186098e-06
4.286681e-08
0.999933
2.587019e-07
2.4869527e-08
1.0
5.6795366e-06
4.3557416e-06
0.9999814
0.0004960799
4.265787e-06
3.0027168e-06
4.580122e-06
8.8588484e-07
1.0
0.9999999
0.9999999
1.327518e-07
0.9973686
1.7171498e-09
0.99999964
0.0002443402
1.0
0.99999845
1.0
0.99999976
5.8318205e-06
1.9909852e-05
1.060383e-07
0.99081707
7.834769e-06
0.7650856
2.3041002e-05
0.9561017
5.904313e-07
0.9997708
0.4507729
4.08237e-06
0.99998736
0.97121465
1.0
0.9999919
0.99999917
3.7852133e-06
5.542818e-08
0.9999852
4.49869e-05
2.894918e-07
3.2676933e-06
1.529899e-05
0.9993579
0.99999917
1.0
1.0
2.5918338e-08
1.0
3.5817661e-06
4.990653e-05
1.6893361e-08
0.9999846
1.5459013e-07
4.6620187e-07
1.16276176e-07
1.0
5.48728e-06
6.827191e-08
1.1943457e-06
2.428155e-07
3.5647927e-09
1.691179e-06
7.145811e-06
0.9999999
3.1674084e-08
1.0
1.910497e-06
1.0817051e-06
6.4643666e-07
0.9999999
0.8986259
4.8170995e-07
2.3596862e-05
1.0
0.9999993
2.6846246e-08
4.27857e-07
1.2350473e-07
5.7482166e-06
0.99986887
1.0
1.7070612e-05
1.0
0.9998217
0.9999995
2.1917023e-07
1.0
4.3043661e-07
1.2005099e-06
0.019637123
0.9999999
1.2914719e-06
2.9196572e-08
0.99999905
5.7254346e-07
3.5392944e-07
2.851809e-07
2.3301216e-05
1.0
1.0
1.0277413e-06
2.3902028e-05
1.0
1.6334371e-06
0.097172685
0.99999964
2.1114916e-07
5.8048477e-07
1.0
4.9251195e-08
1.216791e-06
0.9999999
1.4676486e-06
1.0
5.059246e-07
8.6506326e-08
3.3144025e-07
3.5787195e-08
5.0333835e-08
0.9999999
1.7226131e-07
1.797588e-06
5.257887e-06
1.0
1.0
0.9999732
0.9998716
3.004608e-07
1.5633276e-06
0.9999987
1.8787215e-07
2.7543533e-07
2.9532044e-05
6.2393774e-06
0.9999964
1.2070386e-06
9.854988e-06
1.0
2.7500042e-07
4.6732923e-05
0.00025882712
0.99993646
0.9999789
1.5552365e-06
0.9999994
4.0829593e-07
1.422154e-08
0.00020953837
0.9999999
2.8077727e-07
0.9999999
0.9999999
1.1213043e-07
2.0584713e-08
1.0
7.5068456e-08
1.0
6.290241e-07
0.98992455
1.8721856e-06
1.8470647e-06
0.99999845
3.825313e-06
4.4717365e-07
0.89987195
1.0
1.3856923e-06
1.9297351e-08
1.0
0.9999906
0.9999999
1.0
0.9999999
0.99999976
0.9999999
1.5282801e-06
1.0
3.9064045e-07
5.0120957e-06
3.668989e-07
1.796845e-05
1.0
5.1513416e-07
0.9999435
0.999992
9.571924e-07
2.6051094e-07
1.7610315e-05
5.645967e-07
0.99999905
3.7508098e-06
0.99999964
1.6347057e-07
7.3732355e-07
1.0
0.9999949
0.99999964
0.9998853
7.584956e-06
0.999819
5.422434e-07
6.994183e-05
5.3463937e-06
0.00013721941
8.682586e-08
1.0
1.3361607e-08
3.7014735e-07
1.01146945e-07
0.0007814268
0.9999999
1.0
0.99999833
1.0
0.99999976
0.90821224
0.99998546
1.0
4.428889e-06
0.99964356
1.0
5.8100202e-08
0.9444967
1.0
1.209582e-08
0.99999964
2.4719814e-06
0.99999976
1.0
1.0
1.0
1.0
0.9999999
2.3744191e-07
1.6545961e-08
6.586435e-07
2.1618364e-07
5.787944e-08
3.1253645e-08
4.703492e-08
1.0
0.9999995
0.99997914
1.1373097e-06
1.5498263e-07
2.7620903e-05
1.3276981e-06
1.0020389e-08
0.00019875779
4.105606e-07
0.9999943
1.01141895e-05
0.9999999
5.8164964e-08
0.46418735
1.0
1.0
1.0
9.122001e-08
0.99940646
2.3739423e-05
0.99999726
2.8201782e-08
3.2770774e-06
7.9626666e-08
3.312592e-07
0.9999999
1.6427418e-07
2.983512e-06
0.9999995
1.0
1.0
7.908374e-08
0.99999964
0.9984653
1.0
1.3544559e-08
8.736122e-09
1.0
6.751475e-05
2.0581558e-07
1.1171154e-05
0.7441943
0.9999999
8.548024e-08
2.5167612e-06
1.0
0.9974552
6.0704116e-07
0.9999989
1.5371e-06
2.5262207e-07
3.2010185e-08
1.0
0.9999999
1.8699675e-08
6.535117e-07
1.3258446e-06
0.9999896
6.400071e-05
0.99999595
2.9960233e-08
0.99999905
2.4129855e-08
6.2359095e-06
1.0
1.0
1.0
1.0
0.00092886
1.0
7.066536e-07
1.1421967e-06
1.7362126e-08
1.0