1.0
1.0
2.2714077e-05
1.0
0.3663147
2.5079057e-09
2.5264142e-09
1.0
0.33019787
0.9325446
4.3497015e-09
3.043481e-13
3.7475702e-06
0.50699675
1.0
7.516035e-07
3.1894316e-09
0.995216
8.954405e-09
0.9999832
0.9999659
0.005993051
0.36804518
5.4445207e-13
1.3699279e-08
0.023132406
0.99995196
0.9999999
0.86741096
1.0
2.6506844e-10
0.36759016
0.012889119
0.45576435
1.18315e-05
2.0144183e-08
1.0
0.9999999
1.0
1.0
0.004207505
0.86402553
8.771497e-06
7.061734e-08
7.3659905e-08
1.271506e-05
1.0
0.9999579
4.3380427e-07
1.0
0.99990237
8.6748964e-10
1.0
1.0
0.99999714
5.093783e-06
1.0
5.390411e-05
0.00020732329
0.0007063225
1.0
1.0
1.0
0.24495794
0.9998116
0.99989045
1.0
1.4564897e-09
0.9877351
1.0
1.0
0.014636012
0.9997296
0.6907352
1.2467405e-13
7.189533e-14
7.7072994e-11
1.0
0.3630178
0.00077348296
3.5808765e-16
4.3543103e-12
2.1083397e-06
1.0
1.0
7.362131e-11
1.0
1.0
1.0
0.999767
4.3031111e-13
0.0005039515
1.0
1.0
8.956234e-07
0.00058167154
0.9999999
0.99995005
1.0
1.0
0.044977296
5.6655635e-06
1.50145925e-05
6.917648e-07
2.0802461e-05
0.00035270985
2.3351838e-16
0.9999944
0.9999995
1.0
9.525193e-08
0.0002888173
1.0
1.0161127e-05
0.36515507
2.7349864e-15
0.0015473844
3.3766773e-05
1.0
0.987576
0.9999907
1.0
0.00015887494
1.0
1.2535326e-05
0.99999654
0.0043994924
1.6612308e-05
6.7146306e-07
0.99999905
1.0
0.9996443
8.711915e-08
0.9999745
6.1919286e-10
1.537339e-06
0.7065081
1.0
0.36467484
1.2853389e-11
1.0
0.010077511
0.99980384
4.386684e-07
0.9990533
3.692577e-10
2.641053e-12
3.0962376e-08
0.00011970434
5.817045e-10
1.0
0.99999917
2.5853666e-11
5.598173e-12
1.802475e-08
2.0936211e-08
1.0
1.7565903e-13
5.6659356e-08
0.39051384
1.0
1.0
0.87722594
0.99981743
1.0
0.00017552434
1.0
1.0
3.219009e-05
2.9780722e-07
2.9873796e-05
0.001895413
0.0569852
0.71896654
0.001039363
1.6055883e-05
0.038774718
1.0
2.606111e-05
4.845324e-06
0.64848834
8.800374e-13
3.0956628e-13
1.0
0.99996424
1.0
0.00061274
0.36873466
6.6510744e-09
1.0
3.907667e-10
1.0
1.0
1.0
0.001483887
6.6458617e-13
0.025868664
0.99999917
1.3471927e-08
2.4602651e-14
0.50118905
0.99999964
1.0
1.0
1.0
1.0
0.009139669
1.0
1.4416933e-06
0.005214102
0.0119218845
0.001356046
1.0
3.9657755e-10
0.30770224
0.0050949263
5.2906904e-05
0.03098993
0.00023112688
0.0001367926
1.0087971e-15
1.0
3.1023094e-07
1.3604944e-07
4.95842e-06
1.0
0.9999995
1.8486108e-09
4.540445e-07
4.9596525e-11
1.0
0.32853696
0.34092426
8.216498e-05
0.9999808
0.3723686
1.0
1.0
4.458894e-06
1.9525889e-13
8.12427e-08
3.6740652e-10
1.0
0.9999975
0.9994289
7.414076e-07
0.3691031
1.2421152e-08
9.1932276e-07
0.035818215
1.0
3.879282e-11
0.99941194
2.4738193e-12
3.0029832e-06
0.0047484506
1.0
0.99991333
0.99999976
1.0
1.0
3.638291e-10
1.0
1.0
0.90321505
0.00018156467
4.588394e-13
3.2691858e-09
0.68292165
1.0
0.88614
0.2464737
2.045419e-08
1.6257245e-05
0.43403733
0.45456052
0.0028508636
0.013969706
0.9999999
1.0
1.0
1.0
4.8411064e-10
0.00014414903
1.0
1.0
1.3485186e-05
1.0
3.450068e-11
0.36327997
0.9989428
1.0
1.0
9.3728573e-07
0.9999974
7.672481e-07
0.5409298
0.99999976
7.0082104e-05
1.0
1.781929e-05
4.3501517e-05
0.98652655
1.0
1.0
0.00023905924
1.0
1.902421e-06
1.0
3.6505337e-09
0.007261815
0.8022433
1.0
1.0
1.0
0.00024987446
0.00037263165
1.0672219e-09
1.0
0.008431523
8.0445815e-08
9.203451e-05
8.867528e-11
4.203646e-13
1.0
1.0
0.004868822
5.0499277e-10
0.0029766369
0.99980766
0.94500065
8.489156e-16
1.0
1.0
0.7951568
0.00012440923
1.0
1.0
8.3387386e-07
5.068551e-14
8.803115e-12
4.167024e-07
1.0
0.00023933336
1.0
0.9998412
0.8905997
1.0
1.0
1.0
0.99916375
3.2374366e-15
1.0
2.8951084e-05
0.9999994
1.0708889e-15
2.2442991e-05
1.0
1.0
1.0
0.003519297
1.0
5.391811e-06
5.6562712e-08
0.00012560133
1.266267e-10
0.99998856
2.0532485e-05
2.3247262e-13
0.28988466
0.3612952
5.2683646e-07
1.0
9.431076e-09
2.8036593e-08
0.0022634498
1.0
0.99789774
1.0563256e-05
2.9702323e-07
1.0
0.40300375
0.99999726
9.259209e-05
1.1400295e-07
0.9999651
1.0
1.7068476e-09
1.3610523e-07
1.0
1.0
1.5975841e-07
4.5049134e-07
5.2129735e-07
0.36693254
1.0
0.9999715
0.0005410747
1.3262444e-10
0.001843668
1.2064186e-08
0.99873155
1.0
1.1455387e-05
0.9754465
0.75166386
1.0
1.0
1.0
0.00072610134
0.9999993
0.00016329257
0.999997
1.0
1.1860185e-13
6.0904655e-15
0.9999989
3.7902407e-12
1.0
0.00021384085
1.1356748e-09
1.8158863e-06
5.1823386e-06
0.0032567282
0.9999937
1.0
1.0
0.0018434725
0.0028064223
0.005081572
5.2492243e-05
0.9999949
2.5385355e-06
0.009126573
1.2321239e-07
3.274034e-13
1.0
0.99999905
0.9999653
0.00017146867
1.7577089e-14
5.9692558e-09
1.4876574e-09
0.9999994
1.0
3.3884724e-06
1.0
1.0
0.36169738
1.0
0.99999964
0.5849282
0.9913106
8.182971e-10
0.4538686
0.36995056
1.0
0.97569525
1.4779511e-06
1.2222644e-10
1.0
1.0
8.0342185e-15
0.98638946
2.021347e-05
1.0
1.0
0.5077124
1.8291902e-07
4.1078183e-10
0.36483642
1.2301355e-12
1.0
1.0
1.9952238e-05
0.99999917
0.9999938
8.583248e-08
1.0
2.5172312e-05
3.3743145e-05
3.915839e-05
1.3615862e-06
1.0
2.3739095e-07
4.020711e-05
5.795152e-06
1.0
1.0
0.0008913356
0.99994123
0.9990947
1.0
1.0
0.04479751
0.99262625
1.0
3.6712645e-06
4.113625e-07
0.99999964
1.830925e-05
1.0
6.0199494e-07
2.352314e-06
0.9999702
1.0
2.5187896e-07
0.0007657293
3.6144354e-10
0.7862133
2.4721672e-07
0.9998596
6.1488714e-07
1.0
0.3673262
7.813851e-09
1.0
1.0600802e-06
3.4704978e-13
2.76934e-06
1.0
0.44660506
3.0878316e-13
0.9999995
1.0
0.99966884
4.6138744e-06
4.504769e-11
1.0
4.7471017e-13
1.0
0.06395223
4.4344093e-09
3.7249956e-05
0.0021439877
1.5074982e-12
1.4298095e-09
0.76509494
1.348828e-08
1.0
0.3674736
1.0
0.36837354
1.0
0.03511941
4.1502157e-05
7.4941805e-13
7.987998e-11
4.6987196e-09
1.0
1.7151425e-10
3.229578e-08
0.00030711028
1.0
1.0
0.36477545
1.754842e-05
8.0573525e-13
3.4690501e-12
1.0
1.3437839e-13
1.0
0.026681572
0.044377368
1.0
6.1056774e-08
0.9999981
1.0
2.7145124e-06
0.9986349
0.9999924
1.2936786e-12
0.9999999
2.508056e-07
1.0
0.9999987
1.0
0.99995494
0.99999964
1.5171378e-06
4.865935e-06
2.9442117e-05
1.183946e-09
8.634764e-07
1.0
0.3181837
3.306733e-08
0.62723505
3.275773e-07
1.0
2.1256094e-08
0.3097721
3.6579131e-10
0.33881435
1.0
1.753442e-07
9.884126e-07
4.282976e-09
1.0
1.1220439e-05
1.0
1.0
0.99999833
1.1157762e-08
0.99984574
4.822753e-08
0.02694334
0.00022876871
0.36995056
1.0
1.0459288e-10
0.04066933
3.0540627e-06
0.9999974
0.66035676
0.366055
7.872895e-05
6.135544e-06
1.0
1.0
0.99999964
7.7363574e-11
2.2694437e-06
0.999998
0.9938112
1.0
9.991974e-12
0.999979
0.9883475
0.28391266
0.000895149
0.0009969728
1.0
1.0
5.3587434e-16
1.0
1.0
0.0012858405
2.3118284e-06
5.146936e-14
1.0
4.057719e-12
0.94774336
1.0
7.544961e-05
7.745105e-13
0.0011807538
1.759096e-08
1.0
0.9999989
1.0
0.9998653
0.035365168
1.0
0.0004096815
1.0
0.9977418
1.0
2.4172934e-07
2.5076065e-07
4.3604173e-06
1.2277606e-09
0.9999999
0.9350456
0.00021025885
0.99999475
1.451537e-16
1.2700221e-12
1.0
4.2494906e-07
1.0
1.0
4.5947218e-05
0.9999168
0.40340412
1.0
0.23040664
8.580973e-06
1.0
0.99999976
0.6447057
2.522219e-10
0.9975573
1.0
0.99999547
1.0
0.9999976
1.0
1.0
1.8282849e-07
0.36672372
0.9999982
1.1063213e-14
3.9121677e-08
1.1262442e-05
7.631612e-15
7.1779596e-09
1.3172486e-07
1.0
0.647372
0.3636384
1.0
1.0
4.6714945e-06
2.3177444e-09
1.0
0.0011424077
1.0
1.0
1.0
0.99471635
1.0
2.154385e-06
1.3882863e-06
1.0
0.003152711
1.9256345e-09
0.9999999
1.732073e-10
0.844669
0.00062183454
1.0472783e-10
0.9985783
4.860148e-17
0.011228784
1.09723794e-08
0.00074327557
0.3677275
0.00054718583
2.349796e-06
0.9999994
1.0
1.4630877e-10
1.6906871e-15
0.99999976
0.00048752056
1.0813754e-11
1.0
1.0
1.5388351e-09
0.9999999
0.007041786
0.99999976
2.369601e-09
1.0
0.00035768753
8.1781415e-08
8.9456854e-08
8.8314617e-10
0.36532962
8.158663e-09
7.5995334e-09
4.3311882e-10
0.9763105
0.993026
4.025011e-05
1.0
0.00012439748
1.2478134e-13
2.8853432e-05
1.6213936e-07
1.0
1.0
0.9730084
0.0019442267
9.592045e-09
0.00018044698
0.9999621
2.3687522e-05
1.0
3.6656668e-06
7.845749e-13
1.0
7.1003046e-06
2.1690953e-07
0.9999999
1.0
1.8786777e-05
1.0
7.558427e-15
7.789598e-08
0.9999839
0.90764576
0.9483735
7.617579e-11
1.0
1.0
0.9999999
1.0
0.00014171035
1.0
0.9999331
1.0
6.00955e-07
0.36861944
2.777372e-08
0.0017043581
0.000121609235
1.0
2.0928734e-09
1.0
3.6814556e-05
0.999959
1.0
1.6751337e-06
3.158576e-12
4.04625e-12
0.6328192
1.0
1.0
1.0
1.0
0.3948894
0.99987185
3.8586027e-12
8.269586e-07
0.3367018
0.9994893
1.0650409e-11
1.0
0.7943113
1.0
1.0
6.8784345e-10
0.00016305094
0.9999999
1.0
4.4075854e-13
0.7181785
0.36319074
1.0
1.4379546e-12
4.110595e-05
1.0
0.9976419
0.03713398
1.0
0.9998011
1.5367811e-10
0.0010758912
0.0002183761
1.0
1.0
0.14778927
1.0
1.0
1.0
1.0
0.9992785
7.318045e-11
2.3891362e-05
1.0
7.088074e-12
0.36606562
9.407841e-10
0.99986756
9.246306e-15
1.323599e-07
3.1186103e-09
0.2845119
1.0
0.3661628
0.9999976
0.3490817
1.0
2.7303108e-06
8.875813e-07
3.8296558e-12
2.6304106e-08
1.6113422e-12
1.4111779e-05
0.8437914
0.3661589
0.999998
8.792921e-06
1.0
0.00016861706
9.300286e-05
0.000111267706
0.14001484
1.0
0.0020009845
0.2817609
1.8164084e-05
0.001188104
2.3402144e-15
1.0
0.0014348692
0.003704281
0.3670501
0.3911137
1.0
6.910182e-09
1.0
1.0
0.99995697
0.9997788
4.719687e-06
1.0
1.0
0.25910363
0.00040709667
1.0
0.0010528218
1.0
1.7748064e-06
3.6002064e-05
1.0
1.0
0.2555516
1.0
0.0005167469
7.090542e-07
1.940733e-06
0.06344338
1.0
1.0
4.3749595e-05
1.0
1.0
7.869484e-14
1.0
1.0
0.99493426
0.9999989
0.99999297
0.36521646
0.3663931
1.0
0.3660941
1.0
0.0015287481
1.0
1.0
0.9997733
1.0
2.5982867e-09
1.0
1.0
2.1306802e-11
1.0
1.4247317e-10
1.4680572e-07
7.965256e-14
1.0371091e-13
0.006196695
2.2752558e-06
1.0
0.99999774
1.0
0.0013718094
0.999689
0.93461096
0.007840722
0.0015144944
1.0
0.99135804
9.22541e-08
0.9999566
1.0
1.0
6.084291e-06
1.0
4.579847e-06
1.0
8.0512585e-08
9.874416e-08
8.955553e-08
1.0
2.6182471e-08
1.0
4.4997364e-06
0.9999999
0.3669669
7.499096e-07
0.9998895
1.0
0.00050762517
1.0
1.0
4.0154177e-07
0.9998518
9.487092e-06
1.2386379e-07
0.0040156143
3.351912e-05
0.9668883
0.025838448
1.0
0.9999999
0.99677974
0.36751154
1.0
1.43686694e-11
0.989824
0.0022563837
0.36513373
1.9666642e-05
9.925547e-05
1.0
0.34065214
0.99953115
7.7394613e-10
1.0
0.5157003
0.00012744137
1.0
1.1086398e-06
0.3636816
0.9999783
8.5843414e-05
5.4731984e-08
0.99999976
1.0
0.36479092
0.16881251
1.0
9.2164307e-14
0.36458126
1.0
0.03892071
0.10042558
1.4098686e-11
2.142433e-11
9.058186e-06
0.36514917
8.7932115e-09
0.99998546
1.0
0.99957997
2.2074958e-07
0.3626794
1.0
0.3693866
1.897724e-08
0.5062903
0.00032338468
1.0
1.0
1.0
1.0
1.2929664e-07
5.61223e-09
0.9876161
1.0
1.0
0.99999976
1.0
0.010464005
1.0
3.1117497e-07
1.0
1.0
4.5545807e-09
0.010914732
6.780292e-08
9.465256e-14
1.0
0.99999964
0.9999943
5.040029e-09
1.0
7.82926e-17
1.0
1.1152376e-06
1.0
1.0
1.0
1.0
1.0
7.200898e-05
0.00018682297
1.8675603e-07
0.9999999
0.99999964
0.4017659
1.0189657e-05
1.0
1.0
1.0
0.011113756
1.0
5.920213e-06
0.97342515
0.999998
1.0
2.6089432e-05
0.33521348
1.0
4.3664298e-11
6.664425e-06
5.5751626e-10
1.0
0.0022206446
0.29140648
0.99999785
0.9996908
5.689033e-05
3.238499e-11
0.39169353
1.0
1.4100584e-06
1.0
0.9999895
6.425774e-05
8.138086e-09
7.3113977e-09
3.0554147e-06
1.0
0.0020922308
4.7247304e-06
0.999995
0.9999999
3.712846e-10
3.4717824e-09
1.0
3.3059184e-06
0.9999653
0.002740332
0.00016802916
1.6210568e-05
2.4073852e-09
0.9999999
1.7347485e-05
2.5595876e-11
1.0
0.007538942
1.7584638e-05
0.5029758
0.02385997
1.3405405e-07
1.2818548e-05
0.36245722
0.36656576
0.9999995
0.9999995
1.0
2.1506265e-10
0.9961791
7.300958e-17
1.0
0.007367081
1.0
1.0
1.0
0.9999802
5.883908e-06
0.0007742193
0.00020392492
0.99968743
0.36816886
0.98716325
6.1111064e-07
0.6321013
0.368473
0.99873203
0.69117975
0.32908437
0.9997311
0.9946195
1.0
1.0
0.99996257
3.6828232e-09
2.7728958e-14
0.9999981
4.7084293e-07
1.620851e-06
2.9362461e-06
0.23660186
0.9996177
0.99980646
1.0
1.0
1.5866036e-06
1.0
0.00063573057
0.34729466
6.258531e-09
0.9999939
5.6604813e-06
2.5824022e-06
0.02247209
1.0
3.4746925e-08
0.3671408
2.626961e-08
5.626018e-11
1.7334612e-10
0.0049330113
3.7713264e-07
1.0
1.6361795e-06
1.0
7.777077e-10
0.3666943
1.4982189e-09
1.0
0.28703287
0.0007301119
0.00023143296
1.0
0.9999999
1.18140255e-11
5.300538e-05
2.5507797e-12
0.39167702
0.99905306
1.0
0.00053045794
0.9999999
0.9998766
1.0
7.566501e-07
1.0
0.00047124535
0.0018258718
0.22177966
0.99998415
0.0011784413
0.0030957798
0.99999785
0.0042470284
2.8368413e-07
2.5180457e-06
0.00019394593
1.0
1.0
2.2651264e-08
0.6190705
1.0
7.791899e-09
0.28010333
0.99997115
3.8035763e-05
8.116835e-12
1.0
2.8247822e-11
1.7679649e-07
0.9999999
0.33806756
1.0
1.113669e-05
9.422719e-08
5.328433e-12
7.065974e-13
2.1035488e-11
0.9999999
2.6160814e-07
0.0015815911
0.84578574
1.0
1.0
0.9999887
0.9999969
0.0018122817
0.00016727191
0.9999989
6.6952766e-06
0.36528468
0.008538447
0.6170531
1.0
0.3644663
2.1160009e-13
1.0
0.0487887
0.042930376
0.045495007
0.9999422
1.0
4.372677e-09
1.0
1.6438433e-05
2.275436e-05
0.09583854
1.0
1.2945471e-06
1.0
1.0
8.547461e-10
2.2285693e-10
1.0
1.4016573e-06
1.0
1.520707e-06
0.99914145
0.006267075
1.1065758e-05
1.0
3.145302e-08
2.426611e-07
0.99858665
1.0
0.0026284668
1.2056975e-05
1.0
1.0
1.0
1.0
1.0
0.9999995
1.0
1.0828487e-08
1.0
3.3690324e-06
0.32132715
3.7533906e-13
2.1895075e-06
1.0
0.00031288713
0.999931
1.0
0.002034628
7.50047e-05
4.8908396e-07
0.0012746188
1.0
1.291668e-10
1.0
0.00026401525
0.3650608
1.0
1.0
1.0
0.99999976
2.414729e-05
0.9974298
3.552957e-07
0.36568832
1.05954505e-05
0.36114636
5.13781e-07
0.75257826
0.0008005732
0.3660093
1.6675722e-13
0.080845885
1.0
1.0
1.0
1.0
0.99999535
0.91999185
0.9997131
1.0
5.1162265e-06
0.36944768
1.0
1.6191694e-10
0.97964925
1.0
1.5298915e-09
1.0
1.6074007e-05
1.0
1.0
1.0
1.0
1.0
1.0
1.1634311e-06
5.6933724e-09
3.3773626e-10
3.0274972e-08
1.8364808e-07
1.0251404e-08
2.3882715e-10
1.0
0.9999989
0.9999771
0.36707288
0.18258506
1.788991e-11
0.36758402
0.36995056
0.70949537
1.0450406e-08
0.99999964
5.3068015e-11
0.9999999
1.4982076e-09
0.5327088
1.0
1.0
1.0
1.3119812e-10
0.999887
0.04256818
0.38223672
7.2242633e-12
4.1478735e-08
7.370516e-08
0.0022792004
1.0
6.621989e-08
4.155189e-06
1.0
1.0
1.0
3.2903183e-12
0.99999964
0.9997768
1.0
7.8624085e-09
3.941275e-14
1.0
0.00014474902
0.0003412168
0.4866596
0.9999099
1.0
3.3493054e-06
0.0002749232
1.0
0.99999547
6.879583e-08
1.0
0.00905452
1.8918907e-12
5.3390514e-09
1.0
0.99999976
1.8640947e-16
1.0304282e-05
8.212777e-09
0.9999925
0.036551807
0.9966271
2.2933718e-06
1.0
4.7846083e-09
2.7283868e-05
1.0
1.0
1.0
1.0
0.008562851
1.0
4.0217706e-06
5.5552136e-06
1.9272838e-17
0.41002628