1.0
1.0
0.177177
1.0
0.3382216
3.2580344e-06
4.5794244e-09
1.0
0.31938052
0.6096439
0.20168538
2.1773017e-10
1.9758027e-06
0.3382216
1.0
0.04436459
0.035816
0.99999905
0.0006685612
0.99989116
0.99813974
0.09117532
0.37598008
1.8095475e-11
2.9813945e-09
0.39364782
0.96200305
0.9996333
0.35647547
1.0
5.510336e-10
0.024637599
0.0149580985
0.3984063
0.3382216
1.973237e-09
0.9999945
0.99999905
1.0
1.0
0.0013247549
0.38409102
0.0010987603
1.1754013e-05
1.3803121e-07
1.2983873e-09
1.0
0.9988232
6.46309e-08
1.0
0.9999995
4.9578858e-14
0.9999503
1.0
0.9879979
3.815868e-08
1.0
0.005066977
5.228092e-06
0.22183676
1.0
1.0
1.0
0.25815636
0.8391107
0.5488169
1.0
8.575515e-14
0.38304636
1.0
1.0
0.0012100852
0.8791284
0.45415628
8.438139e-05
1.7400913e-12
1.4882506e-09
1.0
0.21703093
5.4388847e-06
3.566743e-10
1.9655225e-08
0.0014294445
1.0
1.0
6.48469e-11
0.99999774
1.0
1.0
0.76334244
3.3616023e-11
2.7854946e-07
1.0
1.0
0.0059248144
0.3382216
1.0
0.99221414
1.0
1.0
0.009308552
0.00016663641
1.1396435e-07
2.8273417e-08
5.1771517e-06
2.3368693e-07
1.3993992e-10
0.9999995
1.0
1.0
0.029209241
1.0000989e-06
0.99999905
0.1756751
0.00030591915
3.41581e-11
5.1889234e-05
0.0030582398
1.0
0.9046493
1.0
1.0
0.02351867
1.0
1.4973725e-05
1.0
0.31061542
7.732268e-06
0.00023707743
0.9999907
1.0
0.9793169
1.3301145e-07
0.99999356
1.0972233e-06
1.9839884e-07
0.000109370514
1.0
0.23069109
1.0929853e-08
1.0
8.474587e-07
0.9852861
5.0753274e-06
0.99950874
2.2388108e-06
4.313564e-09
0.0343408
0.011180519
3.7502087e-08
1.0
0.99991214
1.2548137e-09
1.938858e-09
0.00011018745
5.504091e-08
1.0
2.1201712e-12
8.951809e-09
0.9996933
1.0
1.0
0.44231316
1.0
0.99999976
1.1591391e-07
1.0
1.0
8.26293e-06
4.8793225e-08
1.2300294e-09
0.066581085
0.42789736
0.3382216
0.31123716
4.8536765e-07
0.3253042
1.0
2.4459655e-06
2.3277128e-06
0.57635415
5.9292363e-12
1.5575489e-07
1.0
0.9998499
1.0
4.418343e-06
0.347852
3.5874947e-08
1.0
2.6239738e-10
1.0
1.0
1.0
0.3653178
1.148675e-11
6.664136e-05
0.9999889
9.260568e-06
3.2288835e-11
0.00035825235
1.0
1.0
0.99999666
0.9999993
1.0
0.3382216
1.0
0.00011608981
0.024888514
0.00025712236
3.722045e-05
1.0
5.133993e-05
0.13962054
0.0024018304
2.6069638e-06
0.29236057
2.1639207e-05
1.2670334e-07
1.5092266e-07
1.0
4.653881e-06
9.2344395e-05
1.3225795e-07
1.0
0.9999995
3.9388044e-05
1.3932144e-07
1.2991266e-11
1.0
0.31966713
0.32246214
0.0005623978
0.9999484
0.10074571
1.0
1.0
0.30703858
1.1817763e-08
1.1383205e-09
2.8062092e-05
1.0
0.9999974
0.997903
7.732578e-06
0.39502308
0.10091675
7.004614e-07
0.0069579314
1.0
5.47941e-06
0.650989
0.040666807
3.99212e-09
0.29243985
1.0
0.9965107
1.0
1.0
1.0
4.3986354e-08
1.0
0.99999964
0.41926542
0.0622196
4.7661257e-07
0.002138478
0.37598398
1.0
0.70488083
0.7832719
2.8926607e-07
4.003413e-05
0.9980198
0.04384285
0.2950764
5.6647473e-06
0.890012
0.99999774
1.0
1.0
0.007761484
1.1087245e-08
1.0
1.0
1.7601738e-07
1.0
2.3437974e-11
0.3382216
0.2092689
1.0
0.99688125
3.0437845e-06
0.9999999
0.00012339822
0.2937921
0.9999964
0.2244657
1.0
0.004244819
5.0613722e-05
0.8320673
0.99999976
1.0
0.0003577174
1.0
0.0017272664
1.0
1.7761893e-08
1.5506956e-05
0.34124154
1.0
0.9999949
1.0
0.011789709
6.526043e-08
1.1722436e-09
0.99995124
4.730474e-07
4.7998547e-09
0.03550046
6.089488e-08
1.7468519e-08
1.0
1.0
0.06365368
1.5151298e-05
0.07774335
0.9998721
0.56306493
2.3371063e-06
1.0
1.0
0.5513247
0.00014886573
1.0
1.0
0.0068770265
1.1222842e-07
1.0956407e-07
6.406849e-06
1.0
0.27422702
1.0
0.65076506
0.81321454
1.0
1.0
1.0
0.9999981
5.833873e-12
1.0
0.27464342
0.99999905
8.344893e-13
0.00026178817
1.0
1.0
1.0
2.3160618e-08
0.9999995
0.12392286
3.7735135e-05
0.0005309772
6.6120892e-06
0.9988362
6.457416e-10
8.785281e-13
0.16792458
0.46082684
4.598443e-06
1.0
1.9857775e-11
1.8173076e-09
2.4606837e-07
1.0
0.9508516
3.4985483e-06
7.1570116e-07
1.0
0.99999666
0.9998921
2.2369854e-07
0.16447319
0.9998648
1.0
0.2537895
0.00033349363
0.99999774
1.0
1.676537e-07
1.3007724e-05
5.9383216e-05
0.1080222
0.99995756
0.999938
2.8814567e-08
1.6114214e-13
0.30640757
0.00010667516
0.9804303
1.0
0.20662168
0.9978701
0.27896228
1.0
1.0
1.0
0.015893402
0.9984383
0.3248051
1.0
1.0
1.4588077e-10
2.4919668e-08
0.999997
1.05842e-09
1.0
2.115761e-05
1.9761597e-09
1.7237375e-05
4.9162743e-05
0.30894077
0.99977547
1.0
1.0
0.20696011
1.9188894e-06
0.124145634
9.447658e-09
1.0
0.33645222
0.33265394
2.7469678e-05
1.5925226e-10
1.0
0.9910061
0.96746576
1.0376879e-07
1.2142333e-11
0.00033961958
5.725454e-09
0.9999982
1.0
0.000104403014
1.0
1.0
0.30365834
1.0
0.9999951
0.5076645
0.696167
2.2303645e-07
0.006928844
8.4771986e-05
1.0
0.9779187
1.4721863e-09
4.1959711e-07
1.0
1.0
5.0592404e-14
0.41204247
1.7795296e-08
1.0
0.9999999
0.14760977
5.202769e-11
3.170748e-10
0.0045137075
5.324743e-09
1.0
1.0
5.07318e-07
0.9998574
0.9974585
1.83256e-07
1.0
0.028391507
7.926782e-07
7.1540154e-07
9.734033e-05
1.0
9.355604e-05
0.0009560626
1.1207612e-07
1.0
1.0
0.100129955
0.95719403
0.9791379
1.0
0.9994886
0.61730564
0.8825246
1.0
1.2196347e-07
7.166366e-05
0.9997261
1.6693617e-08
1.0
2.7120748e-07
3.7639296e-09
0.9999851
1.0
6.968581e-08
3.0934018e-05
1.5139687e-10
0.43875557
2.0342668e-07
0.94777405
2.0389799e-12
1.0
0.012880839
2.0279419e-08
1.0
0.0024105844
3.5178546e-10
2.0029056e-08
1.0
0.23576443
2.1669908e-09
0.9998654
1.0
0.9909279
0.05289739
2.7853995e-11
0.9999678
9.161913e-12
0.9999503
0.3503492
0.055368274
0.33690023
3.1272276e-10
3.5976972e-12
4.1489134e-10
0.41895267
0.3191213
1.0
0.35768533
0.99998283
0.001126289
0.99999976
2.9726727e-05
0.2805138
1.7418444e-12
1.9678463e-10
0.12915869
0.9769158
1.5920913e-10
8.046751e-07
0.33823264
1.0
1.0
0.14573751
1.8006394e-05
0.2838089
7.8291945e-05
1.0
2.369611e-12
1.0
0.0033858903
6.6678626e-07
1.0
0.00012244996
0.9999987
1.0
7.2215356e-05
0.9999988
0.99999917
0.0011019354
0.99999905
8.5615403e-07
1.0
1.0
1.0
0.9997552
0.994181
8.2460065e-06
1.8768092e-09
1.858504e-06
3.9143358e-10
0.020893728
1.0
0.3382216
2.7045432e-06
0.887311
4.1400133e-05
1.0
0.019330898
8.50746e-06
0.2097614
0.033627387
0.9999995
1.6308745e-08
7.709263e-09
0.00043594773
0.99995685
9.2611636e-08
1.0
1.0
0.99822897
0.006093333
0.9606492
2.2942868e-10
0.3382216
0.0032511158
0.00022295969
1.0
1.1654885e-09
0.9719349
7.161399e-05
0.9999989
0.36222282
1.2085973e-08
0.053169467
1.07565675e-07
1.0
1.0
0.9999999
0.0038321686
2.9673297e-06
0.99889034
0.9590559
1.0
6.950514e-07
0.99995387
0.62961984
0.014394981
8.079958e-10
1.2619901e-05
0.9999999
1.0
1.2896299e-05
1.0
0.99999344
0.048077986
7.9213106e-07
3.535168e-10
0.9999999
0.00064606074
0.71744424
0.9999999
3.7268135e-06
1.258353e-10
0.015422823
0.022483563
1.0
0.99998784
1.0
0.99993634
0.37851897
1.0
2.1953158e-06
1.0
0.99999845
1.0
7.366735e-08
6.83911e-06
0.00033550666
5.181706e-06
1.0
0.68173707
3.3972228e-10
0.9998385
1.2650292e-09
7.912931e-12
1.0
0.1060534
0.9999958
1.0
1.243822e-08
0.9999554
0.9991379
1.0
0.2069825
3.514117e-11
1.0
0.99829394
0.31594816
9.811162e-13
0.19324684
1.0
0.9999125
1.0
0.9982456
1.0
0.99999106
0.010400159
0.07182761
0.99956685
1.649157e-05
0.14717509
0.007611267
1.8098854e-06
3.2513512e-09
6.750446e-08
1.0
0.3497368
0.46216938
1.0
1.0
0.28876308
1.8442824e-09
1.0
3.084629e-07
1.0
1.0
1.0
0.74969983
1.0
0.00012679289
0.004328591
1.0
1.6696566e-05
9.7585426e-11
0.9999976
1.9835222e-10
0.3382216
0.25148526
1.3568772e-10
0.9968118
1.1155994e-12
1.03993486e-07
3.2223936e-06
9.725617e-07
0.0027698285
4.8702337e-10
0.27023804
0.999977
1.0
5.7655187e-09
9.075678e-09
0.99999297
0.0003543024
5.308978e-11
1.0
1.0
2.7879023e-06
0.9999999
0.0062764627
1.0
6.200359e-09
1.0
7.866193e-05
3.2915676e-08
1.5310724e-06
0.01241717
0.1583566
0.0011113166
1.5342092e-05
3.0565836e-08
0.9999815
0.6102836
7.7608725e-08
0.9998834
0.08542041
1.1501969e-06
0.047575016
2.1274348e-08
0.9999999
1.0
0.99471056
2.2404525e-07
0.0074163442
0.0002467045
0.99986553
0.0008156912
1.0
0.06964385
0.0015356316
1.0
2.2677393e-10
2.4328478e-12
0.99995375
1.0
0.17686297
1.0
6.272533e-05
3.814268e-06
0.99999905
0.96067375
0.9649232
8.9191966e-11
1.0
1.0
0.9999993
1.0
0.2265807
1.0
0.9999397
1.0
0.00018048656
0.1538765
9.333592e-07
0.27471817
1.0970255e-06
1.0
3.4453873e-10
1.0
0.0006610375
0.9921968
1.0
2.336319e-07
1.6426853e-11
1.8462303e-11
0.3800971
1.0
0.9999999
1.0
1.0
0.9995635
0.9898241
4.0481798e-12
0.058463685
0.9998766
0.87994146
1.707948e-07
1.0
0.9999728
1.0
1.0
9.0864594e-11
0.41140282
0.9999988
1.0
0.00035508993
0.37032756
0.21791807
0.9999999
6.5326303e-12
1.3374866e-08
1.0
0.99992895
0.009696926
0.9999999
0.9999695
8.479558e-09
3.6264613e-08
0.47487867
1.0
1.0
0.162051
1.0
1.0
1.0
1.0
0.9999907
9.433505e-09
9.919586e-06
1.0
2.8930862e-09
0.00016461655
2.4048794e-09
0.99999785
5.507761e-14
4.8434254e-07
1.4057454e-09
0.0015057902
1.0
0.32464164
0.9999714
0.00016983354
1.0
0.0001973784
0.018639395
6.221982e-08
1.9773059e-09
2.2723002e-06
1.8267114e-05
0.35046175
0.0127635
0.99987304
5.0093703e-09
1.0
6.505316e-05
0.016930478
0.22528099
0.34035644
1.0
0.35410538
0.3180352
2.2916168e-12
0.0008011372
1.17658985e-08
1.0
8.312852e-06
0.0024119401
0.36808163
0.17500672
1.0
0.027919514
1.0
1.0
0.99993765
0.9950342
6.674709e-10
0.9999988
1.0
0.16750014
0.0017235513
1.0
0.043400735
1.0
0.23414396
4.748182e-08
1.0
0.9999887
0.1539177
1.0
0.020577332
5.6411176e-10
5.0547544e-05
0.3354771
1.0
1.0
2.4756498e-06
1.0
1.0
3.5913742e-13
1.0
1.0
0.9999962
0.9999958
0.9999012
0.20841648
1.3990839e-06
1.0
0.16330451
0.99999976
0.3382216
1.0
1.0
0.99831617
1.0
0.14385396
1.0
1.0
7.42177e-11
1.0
9.172532e-06
0.0010557239
2.6834598e-10
1.2038596e-07
0.026593054
0.19200875
1.0
0.7627575
1.0
5.8120246e-09
0.9999902
0.5846875
0.0011731029
1.1861731e-08
0.99999976
0.999992
0.0043667937
0.99999917
1.0
0.9999999
7.3510256e-09
1.0
8.947502e-10
0.99999917
6.1368566e-10
1.819532e-06
6.98738e-07
0.99986076
3.816376e-09
1.0
6.782847e-06
0.99837816
0.17247888
5.35911e-09
0.9998945
1.0
8.6902655e-06
1.0
1.0
2.8462344e-09
0.9945695
0.00028827038
1.6773848e-07
0.36563286
0.056022484
0.89541656
0.054754164
1.0
0.99999917
0.9806764
0.005682482
1.0
9.847511e-10
0.40139925
0.3951602
0.06648629
4.3023715e-07
0.0009930932
1.0
0.015396906
0.9990306
1.0461813e-08
1.0
0.62363577
9.822765e-05
1.0
3.1128954e-07
0.24467334
0.99999976
0.027248865
1.5642179e-11
1.0
1.0
0.18958694
0.0014584117
1.0
2.8920292e-11
0.14241938
1.0
0.99883527
0.0008840127
0.0004669689
2.5310824e-13
2.0511775e-06
0.16809067
0.0008599545
0.9999765
0.99999845
0.99998045
0.00030229997
0.28971162
0.9999945
1.9362636e-09
1.4169159e-05
0.4982869
1.292343e-06
1.0
1.0
1.0
1.0
4.0272669e-10
0.022533607
0.9803649
1.0
1.0
0.99999905
0.9999738
9.972856e-06
1.0
5.5528726e-06
1.0
0.9999999
0.31974706
1.9019611e-05
1.00782984e-07
1.6083662e-09
0.9998635
0.99998224
0.9999777
0.11550608
1.0
7.1692443e-06
1.0
2.2581848e-06
0.99999976
1.0
1.0
1.0
1.0
2.264746e-08
2.1486545e-05
8.373709e-08
0.9999999
1.0
0.9625055
7.105853e-06
1.0
1.0
1.0
3.123331e-09
1.0
1.4523404e-08
0.99999917
0.9999862
1.0
9.36654e-07
0.030118028
1.0
1.01791464e-10
0.0097270515
5.2448428e-12
1.0
0.011371151
0.19990501
0.9999925
0.99890065
0.008963541
0.014370674
0.9982047
1.0
3.1679795e-10
1.0
0.9986351
3.0240614e-07
2.5248265e-11
0.026434809
0.0002308333
0.99999976
0.052194186
0.22107384
0.9999918
0.99999964
1.5466283e-11
0.026117077
1.0
8.4239256e-13
0.99951017
0.0001216728
5.4161853e-07
3.3823635e-06
0.016706137
0.9999393
0.1700079
5.718488e-07
1.0
2.4418705e-09
0.10864423
0.99919015
0.0035554222
7.941688e-06
2.684203e-06
0.15484157
0.24447192
0.99999964
0.9999999
1.0
2.937936e-07
0.9584977
1.1469641e-09
1.0
0.018471133
1.0
0.9999964
1.0
0.9998683
1.4281967e-08
0.00017281427
0.29797807
0.850836
0.3382216
0.46583658
0.26789153
0.33684233
0.01824992
0.8001626
0.30654162
0.067328066
0.98687613
0.80296534
1.0
1.0
0.9999994
5.443272e-14
2.1496975e-08
0.99998593
0.019405244
0.00047738015
0.3382216
0.00030253408
0.9954423
0.9999999
1.0
0.9999999
0.06963067
1.0
0.17027172
1.590366e-08
0.009178157
0.99991
0.11777963
9.1929345e-05
0.17187658
1.0
5.6846734e-08
0.0133757405
4.0376555e-05
6.488791e-13
8.694846e-09
0.00018893035
9.198442e-05
0.99998546
0.13300301
1.0
0.0048987856
0.0021985152
2.868778e-08
1.0
0.38560292
6.973647e-08
0.0034738372
1.0
0.99999964
2.2472235e-09
8.543273e-10
3.900172e-12
0.5372079
0.67132056
1.0
0.15138061
0.99999976
0.99234337
1.0
1.7745152e-06
1.0
1.5145675e-09
0.0060874736
0.3382216
0.9999999
4.1590196e-05
0.32203466
0.9998621
9.317361e-09
0.3266237
1.2977875e-05
0.062155023
1.0
1.0
6.67016e-06
0.34163797
1.0
7.623825e-08
0.51397616
0.99999964
6.428972e-08
1.406306e-09
1.0
1.39570875e-05
1.2798047e-06
1.0
0.34210312
1.0
8.534756e-05
1.3392244e-09
1.6187717e-07
0.10848843
0.00024329944
0.9999999
0.0107320035
0.00018791904
0.4720023
1.0
1.0
0.9999982
0.999998
1.2041508e-05
1.9933511e-06
0.99999976
1.1361411e-12
0.3382216
0.02347022
0.30808648
0.9999807
0.21475767
0.36291435
1.0
0.3324864
0.00013055127
0.00080959394
0.9991197
0.99926764
5.0505707e-11
1.0
2.3344529e-09
2.4336894e-06
0.028018784
1.0
3.3410472e-10
1.0
1.0
3.1552327e-09
3.345856e-07
1.0
0.089951456
1.0
0.28282192
0.39494202
0.019489648
3.623025e-08
0.9999987
9.1798495e-07
2.2279925e-09
0.8587635
1.0
3.3998025e-05
0.011723527
1.0
0.9999999
1.0
1.0
1.0
0.9999999
1.0
5.4977227e-07
1.0
5.6486137e-05
0.88240254
2.527524e-08
5.9335303e-10
1.0
1.8958139e-06
0.9999895
0.9999964
7.3420466e-08
2.4434283e-07
5.0098976e-08
0.10047901
1.0
0.14095679
0.9999894
0.00040714556
0.21420881
1.0
0.9999703
1.0
0.9998603
2.5454e-08
0.9981002
2.1418374e-10
0.0023559772
0.029362202
0.00801754
1.1354584e-05
0.9999994
0.0002982984
0.3715938
1.543277e-12
0.0051372373
1.0
0.9999999
0.9999999
1.0
0.99999964
0.44182798
0.94781464
0.9999999
0.0028202115
0.9005698
1.0
2.2380655e-09
0.37118852
1.0
5.315785e-08
1.0
2.6090248e-08
1.0
1.0
1.0
1.0
1.0
1.0
9.7735625e-05
8.1903854e-05
4.172296e-08
0.0074911634
0.22696504
0.00060715224
7.2335813e-09
1.0
0.9999989
0.99991834
0.367148
0.31557918
0.0018494609
0.21885021
0.33002028
0.3382216
8.360357e-07
0.9999989
0.117322385
0.9999999
5.7046263e-06
0.28095502
1.0
1.0
1.0
2.4612837e-10
0.95454615
8.319184e-08
0.9962811
1.09068914e-10
3.9193506e-09
6.19451e-08
9.531647e-06
1.0
9.081482e-08
2.6033133e-08
1.0
1.0
1.0
7.837445e-10
0.9999999
0.92288625
1.0
1.4550277e-07
1.2883563e-05
1.0
0.0014647194
0.2741196
0.092703216
0.7984598
1.0
0.00054904836
0.22798483
1.0
0.94396144
1.0949561e-05
1.0
0.2377495
0.0016743626
2.5248748e-11
1.0
1.0
7.0637666e-06
3.3425881e-06
0.012477849
0.98896885
0.22531006
0.85985047
0.17754345
0.99999976
0.0018658629
1.7908431e-07
1.0
1.0
1.0
1.0
2.0039474e-07
1.0
1.7433041e-06
8.45095e-08
2.1852947e-13
1.0