0.54415095
0.5902392
0.25507843
0.5736806
0.35380667
0.23940752
0.2427415
0.63332903
0.32002944
0.48205897
0.22209471
0.22623397
0.23436046
0.30915353
0.611601
0.2189972
0.24845894
0.4657336
0.1934659
0.54686326
0.5895198
0.24694358
0.27756155
0.17988902
0.18648633
0.23834984
0.5316275
0.55491537
0.35386452
0.5560067
0.2025108
0.32177955
0.539824
0.28030464
0.29039735
0.27329507
0.56510377
0.57310194
0.61331296
0.6223435
0.2655066
0.55363894
0.2057118
0.2531968
0.214502
0.1785207
0.5749032
0.62578994
0.22195213
0.5849794
0.52824926
0.2023436
0.5602092
0.58367044
0.51785153
0.21417125
0.535054
0.18585947
0.20978808
0.23685908
0.5557689
0.5662777
0.54162097
0.305543
0.5601389
0.57868165
0.5730522
0.2063034
0.56481844
0.5611574
0.566919
0.23997125
0.6127535
0.52766204
0.1895133
0.1969321
0.19368722
0.5397735
0.32331872
0.32373178
0.2202315
0.21024509
0.31694475
0.5866242
0.5885999
0.22041832
0.52069896
0.4824223
0.3758617
0.5121102
0.221456
0.24432541
0.5790629
0.6132115
0.21888576
0.21930242
0.56713265
0.5528381
0.65548223
0.5800451
0.28670275
0.27976972
0.22656794
0.21547002
0.29752174
0.23424104
0.18103363
0.6036242
0.585259
0.5262604
0.20723952
0.25067133
0.6323713
0.21779425
0.27632245
0.2109917
0.2541557
0.1896173
0.6164092
0.5553061
0.49741137
0.5854857
0.2901874
0.58835274
0.22586675
0.6378581
0.2193899
0.29262233
0.24696672
0.54512346
0.5623045
0.56146455
0.22357489
0.5456991
0.19130568
0.21265015
0.56226575
0.54508007
0.36491916
0.23583257
0.6220881
0.25916144
0.596412
0.22377014
0.47422233
0.23968345
0.19415385
0.23977813
0.25607026
0.20424959
0.5996879
0.6198495
0.224483
0.2628726
0.19214039
0.28864437
0.5985918
0.17376453
0.19819754
0.44424653
0.57687044
0.63763833
0.41354197
0.527193
0.5889793
0.23713548
0.5836732
0.5369153
0.19474646
0.20102519
0.22429103
0.29589567
0.23691659
0.54541427
0.23514764
0.19187471
0.2091295
0.5929167
0.24065568
0.2175592
0.5207996
0.17480083
0.21359518
0.5826898
0.56222767
0.57878196
0.29935858
0.3031208
0.24278381
0.6129528
0.22500178
0.61496085
0.60270315
0.59757125
0.21277207
0.24018307
0.3326225
0.5779766
0.22106406
0.17649008
0.24158736
0.5262142
0.5736077
0.5839102
0.5700211
0.59792924
0.22911471
0.6157785
0.19579555
0.24894074
0.3433597
0.30961516
0.62537557
0.25408274
0.35562226
0.31486747
0.19576547
0.52329934
0.23459771
0.23410344
0.16147393
0.5872152
0.23190704
0.20412025
0.22150405
0.6090075
0.5756437
0.18470895
0.2561387
0.17893611
0.5589897
0.32524398
0.56737137
0.30131105
0.5242967
0.31165335
0.5947346
0.6337998
0.222022
0.20297913
0.24789523
0.190743
0.55704886
0.5904709
0.5465765
0.22014268
0.28793788
0.22408228
0.3024464
0.54931706
0.64453584
0.20704038
0.5601677
0.23018262
0.20547079
0.22689849
0.5492233
0.56005895
0.5244033
0.6183004
0.59757996
0.19786577
0.62628925
0.5706907
0.5214863
0.2052807
0.20442985
0.21508501
0.56947786
0.5960916
0.3161909
0.3131367
0.25087267
0.20450377
0.5546804
0.52887565
0.5591527
0.26287895
0.58837223
0.57785094
0.6092212
0.621176
0.19740744
0.24148972
0.5274765
0.63766056
0.31147966
0.57979006
0.206226
0.3318659
0.54290724
0.5387798
0.5360382
0.21200559
0.6263054
0.1863349
0.56635416
0.58174056
0.27201986
0.62049764
0.3431091
0.24015504
0.589695
0.59511876
0.5986514
0.20780274
0.5681619
0.24048747
0.5721068
0.19769228
0.24060692
0.57800967
0.65053636
0.54141265
0.56472325
0.24771918
0.2487494
0.24394214
0.5963555
0.25783724
0.18528928
0.24578042
0.20204726
0.19772574
0.6424781
0.52177876
0.2063135
0.19047086
0.3228507
0.5658704
0.6051087
0.18812612
0.5874734
0.6196339
0.48601258
0.2745668
0.5799255
0.5728987
0.21903272
0.20054054
0.20837928
0.21860127
0.5820244
0.29425016
0.58276606
0.5648175
0.5461971
0.585057
0.5601984
0.56974965
0.5319913
0.17716339
0.6105119
0.28821295
0.5859443
0.22910477
0.22677459
0.54687095
0.60704076
0.56242776
0.22325794
0.59680665
0.2908387
0.2075998
0.24888745
0.27561957
0.57059216
0.19568442
0.18173294
0.3538522
0.27198896
0.21435224
0.61341715
0.18260606
0.19452874
0.20736082
0.5612227
0.56754816
0.20608506
0.2592511
0.6200039
0.4196032
0.58220905
0.23351328
0.26828152
0.54167277
0.58927155
0.2719108
0.17654471
0.54615647
0.5578468
0.18869345
0.2205093
0.18517177
0.31999823
0.54617596
0.5985771
0.23160869
0.19620156
0.2279901
0.20681243
0.54914314
0.5656814
0.26961485
0.5472623
0.31285188
0.60548425
0.5679188
0.59290993
0.34096646
0.5948609
0.22864245
0.54294485
0.6228573
0.18011245
0.2022889
0.5615926
0.18618649
0.6021496
0.19962327
0.19080897
0.27631542
0.20903409
0.22918722
0.58953387
0.6101854
0.6057489
0.27165586
0.22831795
0.23814851
0.22089952
0.5798919
0.28600875
0.5571294
0.24637887
0.19471298
0.6043987
0.58793443
0.54956263
0.31038848
0.17608856
0.22773518
0.20900263
0.5798763
0.5983937
0.2807595
0.59920233
0.598917
0.34290752
0.56052715
0.5694695
0.32693377
0.5346934
0.20565301
0.5535694
0.25414762
0.593272
0.53685594
0.21001758
0.18497361
0.58046466
0.61531925
0.18233979
0.58100754
0.20824052
0.571491
0.5935666
0.5727821
0.22508448
0.22838186
0.31659412
0.2139462
0.60101765
0.58235747
0.23100588
0.539384
0.5651175
0.21963441
0.5899779
0.23634644
0.24050383
0.29138356
0.3047468
0.61391497
0.21844733
0.17358303
0.19002126
0.577743
0.54816496
0.33236027
0.5196506
0.5321399
0.57667756
0.59570366
0.28184518
0.36028025
0.58191454
0.21651988
0.19466916
0.51902187
0.29888678
0.5883316
0.18937159
0.23772743
0.55352724
0.50660807
0.18958965
0.2509446
0.20082068
0.47859022
0.25979444
0.5985917
0.18854353
0.5821543
0.32116336
0.2642639
0.5528577
0.16902392
0.18534258
0.21097124
0.5964285
0.59306616
0.23814067
0.55491126
0.6260105
0.5460809
0.25611538
0.20413637
0.579115
0.23517224
0.63286763
0.3008009
0.1939992
0.2931096
0.24020225
0.17512043
0.2038086
0.32056734
0.19743764
0.563542
0.3056487
0.59408885
0.34360707
0.55899036
0.24070473
0.21954387
0.19511566
0.21973346
0.23298453
0.6009613
0.19827843
0.18523474
0.34266007
0.5676934
0.5999414
0.35593492
0.2366017
0.20194414
0.17412801
0.6120199
0.19272518
0.6138236
0.51133335
0.3179888
0.5885944
0.22004274
0.5398061
0.5759455
0.2515812
0.60223037
0.55185634
0.17865223
0.5000207
0.20748387
0.5718774
0.56233877
0.58818895
0.52913964
0.548841
0.18452449
0.23250599
0.21797529
0.18252479
0.19927162
0.57390505
0.52558386
0.23437944
0.6185155
0.2560947
0.6498746
0.20909315
0.2631488
0.23236358
0.5326803
0.55838263
0.21107477
0.19190319
0.2090762
0.5603301
0.21228062
0.64962465
0.6474496
0.5936116
0.24897745
0.5602489
0.22843206
0.34650627
0.28766862
0.24553606
0.5390519
0.2329188
0.5352062
0.21651353
0.55828
0.5920362
0.21790203
0.2409265
0.20796758
0.60801226
0.544616
0.5876529
0.26161286
0.24736948
0.587789
0.5039516
0.5942419
0.20648727
0.56882584
0.54985994
0.35121486
0.22996427
0.2980263
0.58871764
0.5739006
0.14391257
0.6002137
0.6100112
0.25815192
0.2317098
0.1985785
0.5851124
0.20410517
0.56685704
0.6042694
0.22471336
0.18421882
0.24055012
0.23062645
0.54419374
0.54704505
0.58281827
0.55631876
0.32424158
0.5970635
0.23839296
0.601652
0.5094991
0.6441755
0.20588492
0.23292185
0.31217268
0.17913161
0.5957841
0.51954234
0.21568397
0.6096719
0.15769885
0.16574831
0.60823876
0.28013077
0.52269214
0.578693
0.23346432
0.54581034
0.45731202
0.53764707
0.5317482
0.19047914
0.5701208
0.6397294
0.5812639
0.22818866
0.556962
0.63482904
0.56722456
0.6191755
0.5533284
0.5606599
0.5373414
0.25118843
0.25758508
0.5595189
0.19308002
0.23893836
0.21595919
0.18831977
0.2392576
0.1958007
0.6137537
0.5442462
0.26574567
0.56324375
0.634117
0.20021568
0.16308844
0.5949206
0.24239594
0.6268945
0.5792845
0.5748139
0.5500767
0.5793053
0.24915627
0.22248948
0.62963563
0.33622268
0.21275118
0.5502578
0.19489023
0.55232173
0.20788753
0.21759695
0.5299408
0.16582446
0.24915339
0.2089371
0.2547023
0.3447781
0.22800261
0.22324786
0.6184653
0.55575764
0.28328994
0.1594527
0.5298007
0.2543347
0.19475478
0.6181806
0.5529833
0.2078676
0.54940325
0.3190833
0.54176986
0.20160952
0.53185767
0.5489105
0.19417202
0.2639402
0.24461567
0.349145
0.18656024
0.23441708
0.20106836
0.5653555
0.5372351
0.2407134
0.59212846
0.21898948
0.19013457
0.3448075
0.1980351
0.56440955
0.53491366
0.55307364
0.2567324
0.23902579
0.2939385
0.5679077
0.21077573
0.57969505
0.20754465
0.24661696
0.6168339
0.22610205
0.19569013
0.5792605
0.6399383
0.26746824
0.57899076
0.1686305
0.2837797
0.56639266
0.49684536
0.57252276
0.19957146
0.58830434
0.60180384
0.558885
0.628367
0.239334
0.6535683
0.5819258
0.5971405
0.22108927
0.23270537
0.20138015
0.2823634
0.25197846
0.58890533
0.22984742
0.6649246
0.34196445
0.5613423
0.5930082
0.22183259
0.21817943
0.22223988
0.58922994
0.64350796
0.5230105
0.6249312
0.5648897
0.43288133
0.5963412
0.2031673
0.31030974
0.5676181
0.54757667
0.20184879
0.57738894
0.40172562
0.547653
0.58879673
0.2037499
0.23806204
0.54827434
0.58584106
0.17641048
0.5575341
0.31477898
0.571491
0.18188794
0.19870281
0.57679576
0.5639375
0.53033376
0.61998385
0.5249516
0.18091129
0.24878995
0.21195093
0.60515684
0.61395013
0.30490553
0.6182363
0.5469622
0.5874599
0.6370414
0.5769336
0.21792002
0.19984509
0.6267148
0.21893129
0.21061635
0.21047914
0.53762907
0.1854678
0.23115262
0.19077653
0.3479427
0.6088458
0.29242933
0.54584414
0.20971818
0.5839773
0.21064098
0.24590038
0.08422904
0.17042157
0.18698528
0.239915
0.5715754
0.35008028
0.5356848
0.20217313
0.6059353
0.2764785
0.3061867
0.2673178
0.5393833
0.5406054
0.26300436
0.5513066
0.23451376
0.29651937
0.16092068
0.5944222
0.26238587
0.58851314
0.34664828
0.31849158
0.6066085
0.2153538
0.59774816
0.5800952
0.57736224
0.5575472
0.21326795
0.59511614
0.58905196
0.5636843
0.22015525
0.56943375
0.5325596
0.58548754
0.32198095
0.23039357
0.5539777
0.55385536
0.31581882
0.5889201
0.25851482
0.2173283
0.24575053
0.5443406
0.5895832
0.5523571
0.29034644
0.55334973
0.53472894
0.20553952
0.6306009
0.597178
0.541207
0.5810713
0.56145704
0.31534943
0.2549733
0.57893056
0.36262617
0.61130506
0.36902317
0.6074995
0.5519506
0.45766327
0.5863261
0.24990045
0.6057019
0.5677292
0.1968598
0.57072055
0.21970987
0.24605496
0.22527194
0.20121647
0.3157837
0.22324035
0.55304027
0.58021593
0.5856283
0.21591176
0.55467963
0.54708505
0.2542442
0.25102314
0.62770385
0.5594564
0.27910697
0.583595
0.6154146
0.54692394
0.20313197
0.59076285
0.15723847
0.6157047
0.23184069
0.22429599
0.26119322
0.5756696
0.19424528
0.651619
0.29600924
0.5300593
0.35597724
0.17814142
0.5701338
0.6078911
0.20640562
0.6260288
0.56963015
0.21275157
0.6208791
0.30350602
0.21804813
0.291133
0.27878729
0.53334945
0.55428356
0.5798574
0.5397444
0.5384427
0.35171553
0.5834833
0.23037316
0.5645499
0.285746
0.30129087
0.22132795
0.24857551
0.48348215
0.3486412
0.44289848
0.2036007
0.60687554
0.40867126
0.22490868
0.55580395
0.22602695
0.368464
0.54228914
0.23915277
0.21073021
0.5691012
0.5989418
0.32751247
0.5513417
0.63846487
0.18451947
0.3222007
0.6010818
0.29699576
0.34707952
0.20273668
0.220736
0.299317
0.31788853
0.34156895
0.5341495
0.6452949
0.61473024
0.16645432
0.33791646
0.5917036
0.2616854
0.2417679
0.5549808
0.23898417
0.5529759
0.5894909
0.5811078
0.611847
0.20847946
0.21913008
0.59028304
0.60592943
0.59884393
0.6012567
0.5684019
0.29991916
0.48354304
0.21938269
0.59069717
0.65434647
0.19922005
0.2097126
0.22774886
0.17697139
0.5524074
0.49906287
0.58478224
0.25674075
0.60111374
0.20989843
0.5632876
0.22008097
0.5791995
0.6042183
0.5910127
0.6007438
0.5640882
0.22762738
0.30229476
0.22200164
0.56327486
0.5408522
0.45516455
0.23725803
0.60162663
0.60550654
0.59142196
0.24457325
0.60436743
0.20383099
0.5595769
0.6061287
0.60064226
0.20847428
0.33497688
0.5311411
0.26468825
0.24629822
0.21221407
0.56481296
0.23782489
0.5465345
0.5924662
0.5357591
0.25467724
0.15524112
0.4461995
0.5372544
0.22647601
0.53433776
0.5418866
0.22460862
0.17984688
0.19947937
0.20005594
0.55947447
0.31844497
0.23274468
0.5699105
0.5729378
0.20041855
0.18101412
0.52688634
0.20743735
0.56332296
0.26318723
0.20108445
0.2536405
0.22118014
0.5932516
0.21065375
0.22413188
0.5833906
0.2398802
0.2130615
0.49072957
0.5416651
0.20011427
0.19295403
0.29873088
0.36130247
0.5730577
0.4243554
0.550633
0.19210403
0.5425381
0.15717217
0.56614184
0.24786969
0.61755145
0.5823621
0.58421797
0.5536366
0.22463511
0.2538461
0.2924923
0.5943681
0.35860887
0.5612224
0.3819539
0.5526889
0.35380837
0.57408756
0.43931264
0.33679315
0.58683336
0.58816946
0.59132564
0.5638552
0.60470337
0.21849826
0.19381228
0.55946094
0.18095809
0.19871324
0.20080046
0.26067293
0.53282124
0.5221225
0.6188026
0.5319506
0.21832213
0.5778747
0.23841755
0.21126635
0.20206198
0.5968345
0.17969258
0.25017717
0.29352653
0.6296191
0.21488045
0.32455578
0.20690945
0.19573921
0.16676976
0.23168288
0.23259561
0.58489674
0.22078484
0.59037924
0.2693506
0.3349334
0.19008036
0.5651604
0.5973092
0.25174737
0.30154076
0.6097757
0.52692646
0.19289388
0.23138823
0.19932845
0.2843397
0.58809966
0.6128934
0.21797316
0.6282855
0.5389315
0.59968185
0.2041748
0.58810556
0.24029794
0.20051573
0.44403285
0.6445071
0.2577586
0.25716618
0.5997821
0.24388464
0.16728868
0.1977406
0.24635912
0.59109163
0.5926007
0.20345268
0.3075578
0.5647694
0.18785559
0.36631778
0.57433206
0.20890069
0.17598405
0.5630356
0.18966286
0.19381204
0.5662767
0.3327899
0.60104847
0.2506601
0.20536348
0.24833682
0.19053812
0.19997573
0.55087644
0.27368572
0.26865402
0.3114925
0.56766796
0.60742337
0.58833414
0.54543036
0.23252735
0.2528889
0.5457048
0.17621735
0.36845726
0.26820374
0.36302266
0.5954762
0.36587813
0.123038694
0.58815503
0.3246313
0.23009077
0.5394261
0.5765449
0.6054634
0.21020776
0.57123536
0.23283601
0.29266882
0.5152732
0.52302533
0.22632764
0.55856097
0.5446944
0.23335753
0.20400712
0.606363
0.2269092
0.5854075
0.21113168
0.5210566
0.29591337
0.21573365
0.5916965
0.20264484
0.21102576
0.5610873
0.57160115
0.26684743
0.217955
0.617772
0.5582227
0.5621686
0.57162327
0.54174316
0.5721554
0.5508139
0.20272042
0.5766623
0.24335809
0.31374916
0.21961147
0.22659776
0.5791374
0.25250435
0.5978155
0.56515414
0.25122878
0.22666006
0.24959879
0.26899686
0.5633903
0.17689547
0.6014078
0.24983622
0.36545026
0.56803036
0.6043294
0.5852823
0.5783329
0.23427749
0.5294821
0.17968628
0.25116685
0.2627824
0.23765405
0.18490106
0.48557493
0.2958923
0.3205854
0.1869526
0.51867133
0.58817834
0.57014596
0.57036424
0.5985789
0.5400105
0.5690405
0.5309115
0.56446576
0.21464567
0.45756277
0.581635
0.2287579
0.5588246
0.54901546
0.20657347
0.5766722
0.20476134
0.5480885
0.611485
0.5612083
0.587068
0.6062222
0.6102753
0.21908347
0.1806694
0.22993805
0.20139872
0.24927804
0.21782328
0.23449714
0.54144424
0.5699539
0.56168264
0.3485478
0.32880065
0.21460599
0.3601445
0.28646734
0.5341412
0.23032767
0.6274327
0.26028746
0.53027254
0.18521076
0.5337533
0.5899185
0.56984615
0.59314847
0.20464739
0.5611831
0.23974943
0.5595368
0.23037356
0.2652549
0.21688695
0.3227033
0.56959057
0.24002978
0.19847304
0.5668991
0.6211701
0.5967906
0.18501611
0.6053033
0.55205804
0.52810913
0.21100973
0.16541444
0.5869547
0.21166974
0.23023304
0.285817
0.4130828
0.5797566
0.3128858
0.2388916
0.60328656
0.5713453
0.20542645
0.561744
0.33230826
0.22264864
0.22066103
0.6405151
0.55682915
0.20851906
0.2328465
0.19170983
0.58116287
0.23264544
0.5328976
0.26049003
0.62177265
0.16886422
0.2094879
0.59962386
0.59449077
0.5631199
0.55393577
0.5446413
0.6325829
0.20776117
0.17796811
0.19809912
0.522313