1.0
1.0
0.0
1.0
5.3873224e-36
1.0642812e-34
5.437683e-35
1.0
1.3781368e-37
0.99999976
0.0
2.9950214e-36
1.4469563e-35
1.0670824e-26
1.0
9.3281295e-33
0.0
1.0
1.0077875e-26
0.999892
1.0
1.10603106e-35
1.6388144e-37
3.1113335e-38
0.0
5.9469254e-24
0.9613039
1.0
5.0190227e-23
1.0
5.248892e-36
3.538356e-34
2.729019e-05
1.624518e-21
1.427377e-38
0.0
1.0
1.0
1.0
1.0
2.3900676e-32
0.0003790863
8.648076e-38
0.0
1.1063517e-35
2.2555726e-38
1.0
0.9999852
0.0
1.0
0.9999999
3.2581555e-35
1.0
1.0
0.992943
0.0
1.0
6.0436317e-27
1.4245376e-38
2.2278416e-22
1.0
1.0
1.0
1.1769585e-37
0.999992
0.9998888
1.0
8.985728e-36
0.8824619
1.0
1.0
8.831188e-26
0.9999994
0.20240912
0.0
0.0
0.0
1.0
9.178287e-34
2.4833764e-36
7.142855e-33
3.5457722e-35
2.2389685e-37
1.0
1.0
1.0145607e-34
1.0
1.0
1.0
0.99999833
7.475156e-38
7.620006e-37
1.0
1.0
1.2482617e-38
9.6568045e-21
1.0
0.99999774
1.0
1.0
3.457317e-39
0.0
7.682156e-34
1.49910165e-36
3.4392996e-37
4.1980524e-36
1.5091296e-38
1.0
1.0
1.0
2.0889532e-24
0.0
1.0
3.1184662e-36
4.0837127e-35
6.608208e-39
1.6301882e-33
1.7177034e-24
1.0
0.9999807
1.0
1.0
1.8184325e-26
1.0
7.829311e-34
1.0
1.7520426e-32
1.7428455e-30
5.4340565e-34
1.0
1.0
0.9999999
1.1582808e-33
1.0
2.6308536e-37
1.5845632e-36
0.043171536
1.0
4.007604e-33
7.759735e-34
1.0
9.1119345e-34
0.99999094
6.4885416e-36
0.99999976
4.015203e-36
0.0
0.0
4.8911007e-23
6.064713e-36
1.0
1.0
0.0
1.304846e-33
2.4685322e-26
0.0
1.0
0.0
3.6190814e-38
1.0
1.0
1.0
0.99796957
1.0
1.0
1.1839705e-36
1.0
1.0
3.7351752e-30
3.195521e-39
1.0923808e-38
0.0
9.513855e-25
0.8726842
1.7059332e-20
7.4693815e-35
1.339782e-23
1.0
4.355203e-29
6.2782884e-37
0.9989229
0.0
1.5867219e-37
1.0
1.0
1.0
5.8050695e-38
1.978568e-37
8.3213876e-35
1.0
5.7838936e-38
1.0
1.0
1.0
3.1548825e-25
5.0748e-29
2.1065351e-38
1.0
1.6099791e-26
3.1455364e-38
2.7614458e-23
1.0
1.0
1.0
1.0
1.0
3.4601077e-28
1.0
8.0665635e-28
1.0331232e-20
0.0
1.1580284e-34
1.0
3.5813207e-27
1.2627664e-34
0.0
6.388629e-36
0.27315006
7.581708e-36
3.3182624e-35
1.835097e-23
1.0
3.0382027e-32
2.1259673e-37
5.2754516e-35
1.0
1.0
6.9944716e-26
0.0
0.0
1.0
2.2862832e-37
0.28936833
0.0
0.9999783
5.1714186e-29
1.0
1.0
1.10549956e-35
5.5251022e-36
3.3619175e-33
5.1850102e-36
1.0
1.0
1.0
0.0
1.1641204e-38
0.0
0.0
4.961315e-06
1.0
4.3099895e-34
0.8088537
0.0
1.6637712e-37
7.763187e-37
1.0
0.99956137
1.0
1.0
1.0
4.60799e-34
1.0
1.0
0.99998844
1.0681103e-23
1.5352557e-35
4.7317717e-35
3.9766448e-05
1.0
2.1395401e-20
0.999997
9.737418e-34
4.2022488e-29
1.0
9.640999e-09
0.013914229
1.0760909e-35
1.0
1.0
1.0
1.0
0.0
5.139582e-35
1.0
1.0
1.9770071e-36
1.0
0.0
2.630707e-34
0.9366669
1.0
0.99999964
7.318192e-39
1.0
3.202786e-29
0.004977648
0.99999976
2.0181232e-29
1.0
3.805377e-36
2.135242e-36
0.99903584
1.0
1.0
1.6474122e-24
1.0
1.620103e-24
1.0
0.0
2.1635715e-35
0.010562542
1.0
1.0
1.0
7.3031237e-34
3.9384262e-37
6.0092786e-37
1.0
2.6657815e-34
2.8073193e-38
1.5421451e-22
0.0
1.3322407e-36
1.0
1.0
4.9208284e-27
2.5308638e-33
2.2752932e-38
1.0
0.8307663
6.654463e-35
1.0
1.0
0.6068624
6.113551e-39
1.0
1.0
4.1113357e-26
2.9215055e-35
6.0493964e-35
0.0
1.0
6.1669363e-38
1.0
0.9996432
0.9999807
1.0
1.0
1.0
1.0
0.0
1.0
0.0
1.0
1.1920723e-38
2.569921e-36
1.0
1.0
1.0
1.7803324e-25
1.0
3.1628216e-26
2.385407e-37
2.2386194e-36
0.0
1.0
5.806314e-29
0.0
1.4737127e-34
7.715805e-36
0.0
1.0
4.4425553e-38
0.0
4.3765928e-34
1.0
0.99999166
4.052142e-39
5.4166126e-33
1.0
1.0
1.0
8.681269e-29
1.3912742e-36
1.0
1.0
0.0
2.7812313e-34
1.0
1.0
3.7252036e-36
3.7231453e-35
8.975418e-28
1.9233433e-36
1.0
1.0
2.4738456e-36
9.2105765e-37
6.887079e-27
9.354979e-37
0.99999666
1.0
0.0
0.18696012
1.0894007e-24
1.0
1.0
1.0
8.600297e-33
0.9999994
7.8175964e-38
1.0
1.0
3.328499e-39
1.0258221e-36
1.0
0.0
1.0
5.48403e-36
1.4401172e-35
0.0
3.3434937e-37
1.2834632e-36
1.0
1.0
1.0
1.5679661e-38
4.1344412e-25
3.7281782e-19
0.0
1.0
1.29667165e-36
1.921519e-06
1.190308e-25
2.2224094e-37
1.0
0.9999976
0.9999981
8.0460854e-38
0.0
2.1605934e-28
7.776745e-34
1.0
1.0
1.3335433e-27
1.0
1.0
8.6641795e-33
1.0
1.0
1.1497057e-25
0.9997625
6.607667e-35
1.38471405e-05
9.712415e-34
1.0
0.9999999
0.0
4.8087804e-35
1.0
1.0
0.0
0.99628025
2.4297654e-37
1.0
1.0
0.42023575
8.201499e-37
1.0430967e-31
1.79427e-38
1.1358293e-34
1.0
1.0
9.94959e-37
1.0
1.0
9.064658e-39
1.0
1.0397513e-24
2.1878462e-29
0.0
1.1837497e-35
1.0
6.896426e-38
5.11743e-30
1.5020485e-30
1.0
1.0
4.292171e-34
0.9997315
0.99999523
1.0
1.0
1.422914e-30
1.3896016e-16
1.0
2.9670107e-30
1.2322136e-31
1.0
5.7412727e-37
1.0
2.425027e-35
3.1551088e-34
1.0
1.0
5.068378e-36
8.4057426e-35
3.6875505e-37
0.07795421
1.1035504e-32
0.9999137
4.7241964e-35
1.0
1.177844e-36
0.0
1.0
1.7716154e-30
4.0524683e-38
2.09311e-38
1.0
0.38034296
2.6883763e-30
1.0
1.0
0.99998486
1.0382025e-30
4.049174e-39
1.0
1.4135394e-36
1.0
1.4978311e-38
0.0
0.0
8.065788e-37
0.0
6.554737e-30
7.323547e-26
5.7818258e-36
1.0
1.4645315e-36
1.0
5.5558085e-37
1.0
9.005798e-37
7.148652e-28
3.268382e-39
7.775855e-34
2.3143776e-32
1.0
4.076371e-33
1.3915502e-36
1.1261871e-33
1.0
1.0
4.04059e-34
2.3120433e-36
0.0
1.1466022e-37
1.0
0.0
1.0
1.3106763e-09
5.112414e-38
1.0
7.984686e-31
1.0
1.0
8.634607e-35
0.99999964
1.0
4.710998e-38
0.99999976
1.004006e-37
1.0
1.0
1.0
1.0
1.0
1.2236207e-27
5.50199e-35
5.2452434e-38
0.0
6.4913394e-21
1.0
0.9999325
6.177915e-36
0.18886222
4.0503786e-32
1.0
0.0
1.6042168e-33
0.0
4.9318594e-08
1.0
1.8610377e-33
6.183396e-25
3.4788092e-35
1.0
5.25685e-35
1.0
1.0
1.0
2.5432322e-33
1.0
8.791619e-35
4.44163e-35
0.0
7.6326148e-34
1.0
1.9409948e-37
0.0006530359
7.4756695e-38
1.0
0.49351674
1.7444515e-34
3.2881793e-23
3.690164e-39
1.0
1.0
1.0
0.0
1.525882e-31
0.9999931
0.9996798
1.0
1.2228832e-35
1.0
0.98850816
1.25718965e-36
2.8267758e-34
3.4868154e-38
1.0
1.0
3.1995142e-21
1.0
1.0
2.607568e-26
1.9811296e-28
4.705718e-38
1.0
0.0
0.16146874
1.0
2.3656444e-36
0.0
2.894887e-23
0.0
1.0
1.0
1.0
0.9999993
3.265394e-37
1.0
6.0045397e-28
1.0
1.0
1.0
1.516604e-37
1.0829596e-28
1.4158877e-35
1.0397043e-38
1.0
0.9999993
4.599791e-33
0.9999999
0.0
0.0
1.0
0.0
1.0
1.0
3.1123577e-36
0.9999995
1.0
1.0
0.2130767
3.533227e-36
1.0
0.9999999
2.8395013e-06
3.2557419e-37
0.9793747
1.0
1.0
1.0
1.0
1.0
1.0
2.7655158e-30
5.644438e-23
1.0
2.5095952e-35
0.0
6.495746e-22
6.884477e-35
3.5261713e-36
4.4556577e-38
1.0
0.9932058
1.1737495e-35
1.0
1.0
2.0425833e-28
0.0
1.0
1.5469008e-36
1.0
1.0
1.0
0.68784195
1.0
1.0490768e-34
4.5672648e-35
1.0
0.0
4.6222303e-35
1.0
7.252698e-36
0.9958449
6.1025343e-38
1.1714989e-36
0.9999914
0.0
2.1792694e-34
1.701805e-36
1.2033456e-35
4.6122966e-35
2.3288717e-35
2.6386716e-23
1.0
1.0
6.324e-39
0.0
1.0
3.2857211e-31
2.6413835e-36
1.0
1.0
8.58913e-30
1.0
0.0
1.0
1.1957717e-36
1.0
4.8272304e-06
0.0
0.0
5.046936e-39
6.753335e-33
7.817504e-39
9.909482e-36
8.207266e-35
0.9999845
0.1725851
1.8927509e-37
1.0
1.2853764e-25
8.8910365e-37
1.1797067e-34
6.203128e-31
1.0
1.0
0.99999416
9.703041e-35
1.1765366e-37
7.2464023e-26
1.0
5.6994436e-36
1.0
1.5373573e-38
2.1809377e-37
1.0
5.332857e-34
0.0
1.0
1.0
0.0
1.0
2.4752619e-36
5.4312673e-31
1.0
0.9999968
1.0
5.4235076e-37
1.0
1.0
1.0
1.0
3.4522737e-22
1.0
1.0
1.0
1.0671928e-25
2.2291628e-19
0.0
3.0304512e-37
1.3760473e-35
1.0
6.553381e-39
1.0
6.982572e-36
0.99995947
1.0
2.0407624e-34
1.0324568e-36
8.466649e-38
0.3128021
1.0
1.0
1.0
1.0
1.0
0.99999976
0.0
9.86732e-34
1.0
0.9999975
0.0
1.0
0.99999595
1.0
1.0
8.873117e-36
3.7276513e-27
1.0
1.0
5.286907e-38
0.63001144
2.746248e-36
1.0
0.0
2.6067027e-26
1.0
0.99993384
2.3955929e-05
1.0
0.99999917
0.0
1.471926e-34
1.17231756e-35
1.0
1.0
8.729136e-33
1.0
1.0
1.0
1.0
1.0
3.4420823e-37
2.5854013e-26
1.0
1.2286157e-35
2.0088939e-26
1.7635532e-35
1.0
0.0
3.309745e-33
0.0
1.2960399e-34
1.0
4.4913427e-37
1.0
2.3369298e-24
1.0
5.1671674e-26
1.5214766e-38
2.8800677e-26
2.627752e-31
2.69894e-37
4.7014003e-35
0.044665568
1.7590247e-35
1.0
0.0
1.0
0.0
1.7475633e-25
8.596035e-25
0.16895801
1.0
4.099111e-38
0.9998785
6.0330403e-33
6.891647e-36
4.4022215e-37
1.0
0.0
2.917845e-06
2.0233743e-35
5.729438e-29
1.0
3.6733898e-34
1.0
1.0
1.0
0.99998736
1.9722224e-30
1.0
1.0
0.99861825
7.8876055e-37
1.0
0.042135116
1.0
2.967065e-05
3.6020066e-36
1.0
1.0
9.600456e-37
1.0
1.2084292e-34
4.954985e-32
0.0
0.41318926
1.0
1.0
2.8989912e-35
1.0
1.0
1.3675789e-37
1.0
1.0
1.0
1.0
1.0
2.1717671e-34
1.1945329e-34
1.0
3.1753454e-34
1.0
4.0416076e-34
1.0
1.0
1.0
1.0
0.0
1.0
1.0
2.0992854e-36
1.0
6.029163e-37
9.741092e-35
2.1867712e-35
8.25754e-36
4.5472483e-38
5.0716546e-33
1.0
0.9973889
1.0
1.1618436e-32
1.0
0.9957354
2.4205826e-34
2.1496026e-35
1.0
1.0
0.0
1.0
1.0
1.0
0.0
1.0
2.0098527e-33
1.0
4.996673e-30
1.5768158e-35
0.0
1.0
0.0
1.0
2.543374e-36
1.0
7.643621e-36
0.0
1.0
1.0
8.895143e-29
1.0
1.0
1.8638188e-37
0.9999893
1.0896646e-28
2.9977614e-38
3.1316024e-29
0.0
0.99999774
0.002895039
1.0
1.0
0.99997044
7.183672e-35
1.0
1.606903e-36
0.9907663
9.62429e-37
1.7111716e-37
5.467838e-37
8.300147e-35
1.0
2.0060426e-36
0.9999982
9.911557e-37
1.0
0.9981014
3.9067377e-35
1.0
0.0
1.1640847e-31
1.0
4.211816e-28
3.579831e-35
1.0
1.0
4.451517e-36
0.0004878657
1.0
0.0
3.206601e-36
1.0
3.511782e-28
3.530571e-37
7.8195134e-36
0.0
3.2678754e-36
2.6262322e-36
6.0441436e-33
1.0
1.0
0.9999999
1.3551096e-38
4.324647e-34
1.0
1.0774323e-31
1.483464e-35
0.0044947937
2.6051613e-34
1.0
1.0
1.0
1.0
0.0
1.0741434e-34
0.96072316
1.0
1.0
1.0
1.0
1.732207e-38
1.0
2.8041082e-31
1.0
1.0
7.125671e-36
3.1516482e-24
2.5551568e-31
1.3255275e-38
1.0
1.0
1.0
2.675237e-25
1.0
3.202329e-32
1.0
6.89941e-35
1.0
1.0
1.0
1.0
1.0
6.426368e-36
8.743782e-37
0.0
1.0
1.0
0.9999924
1.3746728e-35
1.0
1.0
1.0
2.630604e-36
1.0
1.0127623e-27
1.0
1.0
1.0
3.9415053e-38
3.1352912e-32
1.0
5.4311788e-33
8.401739e-34
3.704118e-36
1.0
7.8329613e-25
0.9509184
1.0
0.9999999
4.330109e-20
5.2809457e-36
1.0
1.0
2.3425754e-35
1.0
0.99996793
3.1521837e-35
5.3094678e-36
0.0
2.6802142e-38
1.0
3.2726265e-37
1.7260817e-20
1.0
1.0
5.4522636e-35
6.343233e-39
1.0
7.614693e-36
1.0
1.36474655e-33
1.5801983e-37
3.062846e-34
7.9079196e-35
1.0
7.3132323e-37
5.690035e-37
1.0
2.2340127e-36
8.9513284e-32
0.9999999
1.6103838e-08
8.9707247e-29
5.6627383e-34
7.85248e-37
1.3508433e-35
1.0
1.0
1.0
8.310249e-36
0.99997663
0.0
1.0
3.1060066e-17
1.0
1.0
1.0
1.0
2.0753821e-36
1.1389394e-28
5.554447e-39
0.9996388
8.393044e-30
0.99917954
5.3223366e-06
0.8513315
2.2162215e-36
0.9999496
0.72510326
2.8144116e-35
0.99732757
0.9897508
1.0
1.0
0.99999964
8.528982e-39
1.9721198e-35
1.0
1.9298906e-22
7.1126666e-35
5.354598e-30
9.923406e-28
0.9993131
1.0
1.0
1.0
3.6098903e-35
1.0
5.701004e-23
8.221028e-26
0.0
1.0
2.8211896e-38
2.9570387e-34
3.749877e-39
1.0
1.0736223e-28
5.3375907e-37
1.145488e-36
0.0
0.0
5.099697e-37
7.6316326e-32
1.0
1.6207438e-34
1.0
5.963592e-34
3.0452874e-35
0.0
1.0
0.8763737
2.1455554e-35
1.00898915e-23
1.0
1.0
3.888235e-39
3.8603815e-36
0.0
7.815883e-34
0.99999833
1.0
4.3427474e-35
1.0
0.99999523
1.0
0.0
1.0
2.3099199e-35
3.3903323e-38
0.011723937
1.0
1.6239621e-34
9.102953e-38
1.0
8.7302216e-36
2.2628757e-35
1.1388776e-37
6.275963e-23
1.0
1.0
3.3962865e-38
9.632062e-25
1.0
1.439077e-38
0.1432865
1.0
0.0
8.625012e-31
1.0
1.1060321e-33
4.326811e-33
1.0
9.988651e-36
1.0
1.2150671e-34
2.6319e-35
1.0331725e-31
0.0
0.0
1.0
0.0
1.4777997e-34
5.385937e-24
1.0
1.0
1.0
1.0
4.8422603e-29
9.6803725e-36
1.0
4.2288665e-35
1.1035961e-33
1.2467597e-20
8.504972e-24
1.0
2.8544415e-33
0.0
1.0
3.671909e-39
1.7063082e-23
2.2802966e-07
0.99999976
0.9999734
2.6186809e-35
1.0
3.572403e-39
5.0621515e-38
4.013411e-07
1.0
1.8396285e-34
1.0
1.0
3.7669714e-37
5.6190506e-36
1.0
2.8827612e-33
1.0
4.6901105e-37
0.9999672
4.4384695e-32
1.860466e-37
1.0
3.253517e-31
0.0
0.96287686
1.0
1.3982883e-34
1.1066013e-34
1.0
1.0
1.0
1.0
1.0
1.0
1.0
1.3320315e-37
1.0
1.2778659e-34
2.9447344e-27
9.0497505e-35
7.5934667e-34
1.0
4.007032e-36
1.0
1.0
1.2707923e-35
6.0316473e-37
2.3952176e-30
1.2687592e-33
1.0
2.0070765e-28
1.0
1.0604868e-36
1.5991943e-33
1.0
1.0
1.0
0.99999976
3.172446e-30
0.99991727
6.9699647e-34
3.0344866e-23
1.9678811e-35
6.694366e-26
1.6021516e-38
1.0
9.412683e-37
1.7853823e-36
1.8849321e-38
2.7965991e-06
1.0
1.0
1.0
1.0
1.0
0.6534152
0.9999988
1.0
9.049861e-26
1.0
1.0
7.760319e-36
0.9992853
1.0
4.9371474e-35
1.0
4.0917417e-36
1.0
1.0
1.0
1.0
1.0
1.0
6.4428564e-38
0.0
6.9235906e-34
3.0020863e-31
0.0
0.0
4.8293116e-36
1.0
1.0
0.99999833
4.0675746e-35
1.246793e-35
8.192421e-32
4.543131e-34
3.1150762e-37
6.210943e-08
8.272997e-34
1.0
5.2487265e-38
1.0
2.1134894e-38
0.81741303
1.0
1.0
1.0
3.800867e-35
1.0
1.0254166e-26
1.0
5.756223e-39
5.9625324e-31
8.5932695e-35
4.201267e-39
1.0
3.6465242e-36
1.4674565e-28
1.0
1.0
1.0
5.80013e-39
1.0
0.9999974
1.0
7.946566e-35
4.8296804e-36
1.0
4.4334493e-22
1.4058495e-36
9.780761e-32
0.9927654
1.0
1.4450037e-35
4.215021e-25
1.0
0.99999964
1.2582632e-38
1.0
6.325551e-37
1.7670879e-36
4.1702797e-36
1.0
1.0
1.1185843e-31
3.2482132e-36
8.616743e-27
0.9999925
1.4857437e-16
0.9999944
0.0
1.0
6.8225092e-37
1.4778448e-34
1.0
1.0
1.0
1.0
0.00010996073
1.0
1.4419153e-34
1.01736224e-35
4.691287e-39
1.0