0.99999964
1.0
1.2386192e-05
0.9999999
9.550805e-05
4.196735e-08
3.466438e-08
1.0
7.7721845e-05
0.99510586
1.7293254e-06
1.8320195e-08
3.2371648e-07
0.00012024731
1.0
2.4729693e-06
1.1744171e-06
0.9995359
7.1587165e-06
0.9997168
0.99986076
3.3754873e-06
0.000108985005
7.432178e-08
3.7259e-07
4.4572254e-05
0.92458206
0.9993375
0.0033345926
1.0
1.8178804e-08
7.418037e-05
0.0037122953
0.0010946045
0.00011767185
2.8528177e-06
0.9999862
0.99999976
1.0
1.0
2.0251075e-05
0.8146503
3.3622396e-07
6.0481284e-06
7.0875885e-08
2.0238735e-07
1.0
0.99864775
7.1826594e-07
1.0
0.99997616
1.6158519e-07
0.99999976
1.0
0.9945016
2.8951272e-06
1.0
1.779139e-05
3.2914663e-06
3.3060896e-05
1.0
1.0
1.0
0.00032462552
0.9984262
0.9409267
1.0
3.910333e-07
0.37587944
1.0
1.0
1.1931029e-05
0.7127548
0.56225985
1.6668992e-08
2.0301867e-08
5.495008e-08
1.0
0.00040102509
5.9255904e-06
1.351163e-06
2.3321622e-08
1.4465684e-05
1.0
1.0
5.5701083e-08
0.9999999
1.0
1.0
0.99917275
1.4722937e-08
1.7460198e-07
1.0
1.0
3.203108e-07
7.254638e-05
0.9999999
0.99986684
1.0
1.0
5.9539092e-05
7.81193e-05
1.3798488e-07
1.1490716e-07
4.949213e-06
2.002302e-06
2.4956199e-08
0.99999857
0.99999964
1.0
6.778417e-06
2.5446352e-05
0.9999945
4.0750965e-06
4.8592417e-05
2.666954e-07
3.841746e-06
1.0169551e-06
0.99999976
0.94422007
0.985485
1.0
0.00018912123
1.0
1.4422322e-05
0.9999999
5.621318e-06
1.0404222e-05
1.1160654e-06
0.9999963
0.9999999
0.99995065
6.367518e-06
0.9999846
2.1086221e-07
3.023917e-07
0.6279103
1.0
0.00023541442
1.6576102e-07
1.0
4.775621e-07
0.99892527
1.6912581e-07
0.9999882
3.6631504e-06
2.5008854e-08
1.1812803e-06
3.963908e-05
7.05766e-07
1.0
0.9999877
1.0234367e-05
4.6252356e-07
4.9471646e-06
2.9737034e-06
1.0
2.5664892e-08
3.643243e-07
0.99999964
1.0
1.0
0.98709446
1.0
0.9999999
3.429464e-06
1.0
0.99999964
2.2151921e-06
9.3293386e-07
5.5632177e-07
0.00038099306
3.1112446e-05
0.15611508
1.566276e-05
3.5621989e-07
8.515699e-06
1.0
1.996374e-06
1.9725192e-06
0.974774
3.7288533e-08
3.0088167e-08
1.0
0.99987364
1.0
6.345168e-06
0.00017788704
1.9798088e-06
0.9999999
2.4939022e-08
1.0
1.0
1.0
2.7479658e-05
3.6481072e-06
0.000102870355
0.9999988
5.023504e-06
1.530403e-08
0.00011324767
0.99999905
1.0
0.9999989
0.9999999
1.0
1.8345658e-05
1.0
1.3593219e-05
3.546549e-05
1.1445254e-05
1.6409098e-05
1.0
7.9276583e-07
0.0003472632
0.00022320003
1.2390648e-06
0.29742327
8.089424e-07
1.3836415e-06
2.4961395e-07
1.0
1.6231263e-06
2.0108239e-07
8.355536e-07
1.0
0.99999976
6.219476e-06
1.303165e-05
6.555472e-08
1.0
5.7944104e-05
0.7334245
0.00051812717
0.99995625
0.00027569017
1.0
1.0
1.6389797e-06
4.764066e-08
2.8265547e-06
1.1843559e-07
1.0
0.9999958
0.99998474
4.6150004e-07
0.000101174795
0.00048009172
9.269492e-06
0.008639492
1.0
6.2078875e-08
0.99991333
0.002756272
4.6818053e-07
1.7980268e-06
0.9999993
0.99998426
1.0
1.0
1.0
1.583751e-07
1.0
0.9999999
0.95319265
1.6161666e-05
1.1512719e-07
9.575347e-07
0.49630743
1.0
0.001688838
0.6856149
2.4019917e-06
2.069123e-06
0.99998796
0.0005820373
0.59387666
2.0865099e-07
0.9999945
0.9999933
1.0
1.0
2.1216245e-07
1.243194e-07
1.0
0.9999999
4.219223e-06
1.0
1.5158571e-08
8.466955e-05
0.59272116
1.0
0.99976176
4.2693463e-07
0.99999917
9.541605e-06
0.1172189
0.9999994
6.140417e-05
1.0
0.0004471598
7.645047e-07
0.86503184
0.99999976
1.0
3.046099e-06
0.9999994
4.423232e-05
1.0
9.316109e-07
2.5484978e-06
0.19044158
1.0
0.99999976
1.0
1.8632867e-06
4.1809863e-06
1.2088865e-06
0.9999987
1.8921834e-06
1.8328694e-07
8.996491e-05
3.6909473e-08
1.995862e-08
1.0
1.0
5.3617837e-06
4.3166366e-07
0.00038150643
0.9999887
0.82129264
4.916916e-08
1.0
1.0
0.9963527
2.8139431e-05
1.0
1.0
4.295969e-06
4.974876e-08
6.05173e-08
6.487798e-07
1.0
3.8302005e-06
1.0
0.88703287
0.99472946
1.0
1.0
0.9999999
0.99999833
2.5713058e-08
1.0
1.8053568e-06
0.9999994
1.14129456e-07
2.125228e-06
1.0
1.0
1.0
9.154653e-06
0.9999994
2.5030002e-05
3.2516417e-07
3.326279e-05
7.4424297e-06
0.9995912
2.1423193e-06
3.2684014e-08
0.0004139677
0.00012389802
3.5755474e-07
1.0
6.6117664e-08
9.3510494e-08
2.805508e-06
1.0
0.9996138
4.3706243e-07
1.3673151e-05
1.0
1.0
0.9999145
5.473329e-07
3.4785124e-05
0.9999646
0.99999964
9.449241e-06
2.466711e-06
0.9999995
1.0
1.9410611e-07
3.069657e-07
9.505562e-07
5.0568997e-05
0.99999964
0.99998164
4.4067437e-07
5.814377e-08
2.9692292e-06
1.3235878e-07
0.99927694
1.0
2.3528195e-05
0.9959573
0.00020247335
1.0
1.0
1.0
0.00019500792
0.9998975
1.7249593e-05
1.0
1.0
3.19626e-08
2.4738434e-08
0.9999808
5.8066195e-08
1.0
4.7557555e-06
1.7141488e-07
5.5627097e-06
1.1473539e-06
2.975874e-06
1.0
1.0
1.0
6.5680583e-06
2.3918606e-06
2.5171614e-05
1.6278948e-06
0.9999999
1.0723904e-05
0.0024838925
2.0590427e-05
3.8761666e-08
1.0
0.99769187
0.99772674
3.149747e-06
1.6226181e-08
1.1826367e-05
2.6920034e-08
0.99999964
1.0
2.3333848e-06
1.0
1.0
0.0001881889
1.0
0.9999987
0.006186924
0.99819
7.7889894e-08
0.0016797563
1.9841468e-06
1.0
0.9672112
2.0926694e-07
5.7473947e-08
1.0
1.0
1.2641495e-08
0.9350191
2.9760413e-06
1.0
0.9999999
0.10788665
2.653768e-08
1.2733895e-07
0.00011488461
6.35211e-08
1.0
1.0
9.881015e-07
0.99997866
0.99989736
2.1729142e-05
0.9999999
5.4036095e-06
1.0064483e-05
7.4034247e-06
0.00012262863
1.0
1.922199e-06
3.6429302e-07
3.3729095e-06
1.0
1.0
0.0004650282
0.97465456
0.99998844
1.0
0.99991643
0.006909595
0.031065105
1.0
2.2545917e-05
8.767614e-07
0.9999813
1.626922e-05
1.0
2.074992e-06
2.787923e-08
0.9999615
1.0
1.5406617e-06
3.8992268e-05
2.571296e-08
0.030168759
4.2299675e-06
0.9996289
9.6793464e-08
1.0
2.7154858e-05
1.6958604e-05
1.0
7.454268e-08
1.6556347e-08
4.2122528e-07
1.0
0.5985742
5.97124e-07
0.99997973
1.0
0.999926
0.00013853358
2.2994762e-08
0.9999856
4.2707063e-07
0.9999207
0.0004050763
2.725337e-07
0.0003250774
3.0032504e-07
4.0944382e-08
2.7908845e-07
0.0056395307
1.3585136e-06
1.0
0.00031550878
1.0
2.7911563e-05
1.0
1.9479981e-05
1.2819525e-05
1.1593962e-08
8.985398e-07
1.6913451e-06
0.99999917
3.096333e-07
3.0727106e-06
0.0003381857
1.0
1.0
0.0002577141
1.3860399e-06
1.1755286e-06
1.5815337e-07
1.0
3.2647634e-08
1.0
0.00038125194
7.3752085e-06
1.0
7.255049e-07
0.9999999
1.0
7.4687125e-07
0.9999814
0.99997807
6.1585666e-08
0.9999944
2.6236793e-07
1.0
0.9999969
1.0
1.0
0.99998283
7.383907e-06
3.8411265e-08
2.3580677e-07
2.2618802e-07
5.5970842e-05
0.99999964
0.98431903
6.2134426e-08
0.98656136
7.336115e-06
1.0
4.9702476e-07
2.452564e-06
9.593518e-07
0.018973576
0.9999987
1.4460885e-07
2.2127915e-06
1.4189546e-07
0.9999999
2.3531954e-06
1.0
1.0
0.9998734
6.99336e-07
0.99711895
1.829104e-08
0.00061431795
4.2293854e-05
4.249517e-06
1.0
2.277961e-06
0.999617
1.0702647e-06
0.9993519
0.8344963
4.7067056e-06
6.882401e-05
6.2338603e-07
0.9999999
1.0
0.9999999
3.788366e-07
2.4431201e-05
0.999076
0.96266127
1.0
7.9874454e-08
0.9999416
0.9991442
0.00018214798
9.3369397e-07
8.9047335e-06
0.99999964
1.0
1.2459112e-06
1.0
0.9999907
4.250933e-05
3.4419377e-06
3.6837385e-08
0.99999976
2.345572e-08
0.99889165
1.0
1.2920718e-06
2.745339e-08
1.5277002e-06
1.940087e-06
1.0
0.9999931
0.9999999
0.99993145
0.00068791147
0.9999999
4.4694098e-06
1.0
0.9999995
1.0
1.7167581e-06
3.9784666e-07
1.3763237e-05
3.0833027e-07
1.0
0.93776834
9.173627e-07
0.9999839
3.3172636e-08
5.887451e-08
0.9999999
4.3471664e-07
0.9999944
1.0
1.988938e-06
0.9999887
0.9999999
1.0
0.09445227
9.4057737e-07
1.0
0.9999832
0.0076278234
6.182452e-07
0.9626851
1.0
0.99998856
1.0
0.9999925
1.0
0.99999857
3.5398382e-06
3.707103e-05
0.9999074
5.4534095e-08
7.834476e-07
0.00016134798
9.675839e-08
4.087377e-08
1.037636e-06
1.0
0.85055
0.00013311756
0.9999999
1.0
3.0105191e-05
9.444167e-08
1.0
2.602502e-07
1.0
1.0
1.0
0.26955217
0.99999976
6.259339e-07
9.514087e-07
1.0
1.3580689e-05
6.0155365e-08
0.99999964
4.2468848e-08
0.6604219
1.5544329e-06
2.8247381e-08
0.9905765
3.2435793e-08
1.0583346e-06
2.0184939e-07
3.1173117e-06
5.191324e-05
1.3683239e-06
5.130357e-06
0.9999776
1.0
7.688341e-06
7.143776e-08
0.9999995
3.5182484e-06
1.9494642e-08
1.0
1.0
2.7146832e-06
0.999997
9.546616e-05
1.0
4.979328e-08
1.0
0.00080689444
2.2573118e-07
6.1114606e-06
3.6863113e-07
0.0007916802
6.534356e-07
3.5253542e-08
3.3283232e-08
0.99998295
0.4459402
5.531439e-07
0.9999418
1.9425386e-05
1.18080564e-07
8.781111e-05
5.897565e-07
0.99999964
1.0
0.99995196
4.053307e-07
2.430922e-06
3.5110603e-05
0.9990471
3.1492575e-06
1.0
6.163855e-07
2.2862173e-07
1.0
7.949661e-08
1.1305516e-07
0.9999975
1.0
8.3803934e-07
1.0
1.2094176e-07
9.315431e-06
1.0
0.10099418
0.99993336
1.795208e-08
1.0
0.9999994
0.99997187
1.0
3.5848065e-05
1.0
0.99998784
1.0
2.078523e-05
0.00013092576
1.858706e-06
1.9134408e-05
7.046778e-07
1.0
2.9993743e-08
1.0
0.00011324884
0.9993512
1.0
9.813676e-08
2.4131053e-08
1.2817983e-08
0.2256758
1.0
0.9999962
1.0
1.0
0.9999838
0.9998492
2.2944949e-08
0.0002087668
0.99991393
0.97072875
1.7813944e-07
1.0
0.9888065
1.0
1.0
4.2230322e-08
2.8942306e-05
0.99999917
1.0
7.1065394e-08
0.20078786
0.00010813408
1.0
2.3994787e-08
4.251479e-06
1.0
0.999926
0.16053632
0.999997
0.99999976
2.0475899e-07
2.2600088e-07
8.1109676e-05
1.0
1.0
7.594378e-05
1.0
0.99999905
1.0
1.0
1.0
1.2463101e-07
6.079826e-07
1.0
2.3334628e-06
6.23536e-05
7.8160596e-08
0.9999306
1.164709e-08
5.0102904e-07
8.328599e-08
0.00059222546
1.0
2.1320133e-05
0.9999913
4.3817236e-05
0.9999999
1.2430105e-05
9.1131295e-07
1.8431674e-05
2.4488058e-09
6.847078e-08
3.1536197e-07
0.19240654
9.235497e-05
0.99983895
2.3000077e-07
1.0
1.1997698e-05
0.0007652146
0.00012149936
0.33566606
1.0
2.8639932e-05
0.9102532
1.1724699e-06
7.3005067e-06
6.012898e-08
1.0
2.3813524e-05
0.0015204767
0.00049612083
0.0010273855
1.0
3.1641244e-07
1.0
1.0
0.9999254
0.998312
1.8443187e-06
1.0
1.0
0.1800617
5.5036975e-07
0.99999905
0.08646774
0.99999976
3.7034933e-06
3.3973897e-06
0.9999999
0.9999999
0.00012046869
1.0
2.7868948e-06
1.4756638e-06
2.3959585e-06
0.003969571
1.0
0.9999995
5.165492e-05
1.0
1.0
6.8755423e-07
1.0
1.0
0.999972
0.9999989
0.99998975
0.0004834102
8.616678e-06
1.0
7.267504e-05
0.9999999
0.00077895477
1.0
0.99999976
0.99999857
1.0
3.390543e-07
1.0
1.0
1.8436468e-08
1.0
9.467324e-08
5.8003377e-07
8.825439e-07
5.7906266e-08
0.00013465568
7.0159854e-06
1.0
0.99795735
1.0
1.7342256e-06
0.9999933
0.9731785
3.972911e-06
2.1996594e-07
0.9999813
0.99995065
0.0010346727
0.99999905
0.99999976
1.0
3.8189125e-07
1.0
3.004274e-09
0.9999994
1.9399802e-05
1.8094834e-06
9.46349e-06
0.9999958
1.14906065e-07
1.0
2.898868e-06
0.9999976
7.287442e-05
2.2076736e-06
0.99992883
1.0
8.685468e-06
1.0
1.0
1.5593935e-07
0.9998473
1.24912685e-05
1.6053887e-06
0.0016676522
7.5115565e-07
0.99997854
0.003043163
0.99999976
0.9999969
0.99112445
2.9332456e-05
1.0
1.0586264e-08
0.98549426
0.00022024823
0.00024002786
1.0839325e-06
7.7962864e-07
1.0
0.00018730099
0.9997837
1.0759974e-07
1.0
0.94225997
4.5899247e-07
1.0
7.232983e-07
0.001067259
0.99999964
5.8589517e-06
4.2144947e-08
1.0
1.0
9.972499e-05
0.03366589
1.0
1.9877245e-08
0.00014214774
1.0
0.017254846
1.6137948e-05
1.05718016e-07
4.2012724e-07
5.564567e-06
0.00033602025
4.4524546e-05
0.99998367
0.9999999
0.9998785
6.723429e-07
0.00022789964
0.999974
1.30417575e-05
6.6246876e-06
0.5582332
2.9712287e-06
1.0
1.0
1.0
1.0
9.326059e-08
3.6216164e-07
0.99857056
1.0
1.0
0.99999297
0.99999976
8.9661135e-06
1.0
1.8828567e-05
1.0
0.9999999
2.8630468e-06
4.9194537e-06
2.700278e-07
2.833842e-08
0.9999932
0.9999999
0.99999785
2.177459e-06
1.0
6.709503e-07
1.0
3.7930764e-07
1.0
0.9999988
1.0
1.0
0.99999976
6.198044e-08
4.493107e-06
1.2320173e-06
0.9999765
0.9999999
0.9976763
2.1262913e-07
1.0
1.0
1.0
9.191657e-06
1.0
9.182117e-07
1.0
0.9999821
1.0
1.7144807e-06
4.3397187e-05
1.0
1.1861808e-06
6.327469e-06
1.6309368e-08
1.0
4.3678297e-06
0.8852702
0.9999752
0.99999595
7.150849e-05
8.955968e-07
0.9999579
1.0
3.546011e-07
1.0
0.99687284
3.3274637e-07
3.49745e-07
1.7243404e-06
5.614861e-07
0.9999999
1.0291113e-05
2.3825767e-05
0.999961
0.9999993
7.2228445e-08
2.7267407e-07
0.9999999
1.7267695e-07
0.9997527
1.1324307e-06
1.5972033e-06
2.1161413e-06
5.534832e-07
0.9996451
5.192873e-07
2.6109813e-08
0.9999999
9.477203e-07
5.4444167e-06
0.99847776
0.0005520699
2.6115026e-06
3.192894e-07
0.0008430784
0.00030621156
1.0
1.0
1.0
1.5798454e-07
0.99932957
2.9773899e-08
0.9999988
0.00047954195
1.0
0.99999964
1.0
0.999998
3.3434428e-06
1.1325796e-05
9.0160465e-05
0.9947125
0.00053073355
0.8652023
0.00013966644
0.97054815
7.767783e-05
0.998481
0.4652217
0.00068788556
0.9999982
0.9694857
1.0
1.0
0.9999987
1.8240265e-06
3.0977972e-08
0.9999707
1.7010922e-05
1.3322287e-06
7.076969e-06
5.113485e-06
0.9989617
0.9999999
1.0
0.9999999
5.166594e-07
1.0
6.43223e-05
6.591049e-06
2.5896256e-07
0.99997187
6.9369656e-07
1.0489956e-06
0.00014344646
1.0
5.7502666e-07
2.7167964e-05
2.909731e-06
5.646688e-08
8.520433e-08
9.3705694e-07
3.8206535e-06
0.9999993
6.694247e-07
1.0
1.8465064e-06
0.00037409665
1.915505e-06
1.0
0.77566034
2.543692e-07
4.3268217e-05
1.0
0.99999714
3.9663846e-08
1.5001261e-07
2.3956009e-08
0.0012090085
0.99832743
1.0
6.6817347e-06
0.99999976
0.9995901
1.0
1.8750038e-07
1.0
1.133582e-07
3.4485747e-06
0.16636801
1.0
1.1223597e-06
3.0818446e-05
0.99973565
2.7716678e-07
1.1060376e-06
1.2116843e-06
6.1346777e-06
1.0
1.0
2.1818264e-06
0.0002037762
1.0
1.2278475e-06
0.118473016
0.9999789
5.892741e-07
2.4494946e-07
1.0
1.1882681e-07
2.9167657e-06
1.0
0.00027865937
1.0
7.458185e-07
3.651225e-08
2.0119512e-06
2.5784615e-08
8.240617e-08
1.0
6.5867325e-06
1.6574315e-06
0.002634816
1.0
1.0
0.9999746
0.9999825
9.2727737e-07
1.1969889e-06
0.9999999
2.1783659e-07
0.0001642827
5.2836014e-05
0.002534007
0.99999905
0.00033439905
6.06851e-09
1.0
5.0148265e-05
2.9421597e-05
0.00019635576
0.99941933
0.99990153
7.135864e-08
0.99999964
1.6197477e-07
6.5985396e-06
0.044765554
1.0
9.00581e-08
1.0
0.9999999
3.8388634e-08
5.344618e-08
1.0
1.832177e-06
1.0
1.7376276e-06
0.98561734
0.0002472364
1.0237707e-06
0.9999999
3.1409822e-06
2.2451495e-07
0.9903667
1.0
7.066718e-07
2.7383504e-07
1.0
0.9999989
1.0
0.9999999
1.0
0.9999962
1.0
3.3025058e-06
1.0
7.5748903e-07
0.009970646
1.8397392e-06
1.8795414e-05
1.0
3.047791e-07
0.9999895
0.9999862
7.399298e-07
5.0238737e-07
1.0311586e-05
1.7469656e-06
0.9999999
3.0037106e-06
0.9999995
3.6052134e-07
0.00019491589
1.0
0.9999883
0.9999999
0.99996984
1.9049318e-06
0.9999982
1.5235965e-08
1.985089e-05
1.0172898e-05
0.00014076359
2.2061487e-07
0.999997
9.666091e-06
0.00022214784
5.2044147e-08
0.0014151542
1.0
1.0
0.99999905
1.0
0.9999938
0.9924453
0.9999864
1.0
6.5219633e-06
0.99990404
1.0
1.6885918e-08
0.95465314
1.0
2.7646607e-08
1.0
2.1728024e-06
1.0
1.0
1.0
1.0
1.0
0.9999999
1.5846362e-07
2.3206591e-07
2.916215e-06
2.2729525e-06
1.24224025e-05
1.54709e-07
1.2260318e-08
1.0
0.99999976
0.99998915
0.0004781484
0.00028547438
2.3591001e-07
0.00031856002
1.7844168e-05
0.005710622
1.4139577e-07
0.9999958
2.1532755e-06
0.9999999
1.7728968e-07
0.6659686
1.0
1.0
1.0
7.362549e-08
0.99995553
1.057039e-05
0.9998783
1.1636321e-08
7.3595646e-07
7.516087e-08
5.6319554e-05
1.0
5.334993e-08
8.556115e-08
1.0
1.0
1.0
7.45053e-08
0.99999917
0.99913234
1.0
3.0883633e-08
2.0947542e-07
1.0
3.091143e-05
9.307619e-07
0.00082013104
0.9789546
0.9999989
9.97277e-06
6.195246e-06
0.99999964
0.99998415
1.1726153e-06
0.9999999
0.0010942448
8.858176e-08
1.33915865e-08
1.0
1.0
8.139391e-07
8.363755e-07
9.393849e-06
0.9999403
0.00073829206
0.9996512
2.6786668e-06
0.99999964
1.9471776e-07
7.958102e-07
1.0
1.0
1.0
1.0
0.0011036226
1.0
1.9968481e-06
2.0718804e-07
1.1928233e-07
1.0