0.52598965
0.55064267
0.39843714
0.5246797
0.40960607
0.33382225
0.3227709
0.5495026
0.40663797
0.4870665
0.33485842
0.31681514
0.35274187
0.43378675
0.5402788
0.35758927
0.34935397
0.39001644
0.34662604
0.49307314
0.51753294
0.36711493
0.41651794
0.3263903
0.32822227
0.39315978
0.5022767
0.52066493
0.40878347
0.5651325
0.31450722
0.40554526
0.532828
0.4087685
0.4385832
0.3557106
0.5325089
0.5451954
0.6001963
0.5711444
0.37163514
0.5194749
0.34428525
0.37845087
0.33994108
0.3686447
0.5213266
0.57660335
0.33664194
0.59043354
0.5155032
0.32488203
0.5441526
0.5200213
0.5073646
0.34387755
0.47401038
0.36206648
0.36991218
0.39425856
0.5060121
0.5328524
0.5033236
0.40646124
0.481187
0.5316468
0.5196394
0.35983193
0.5040352
0.52551246
0.5345058
0.37444755
0.50779533
0.4647527
0.3158867
0.30596933
0.3287918
0.49304143
0.41517684
0.36680257
0.3273189
0.32393166
0.37908992
0.5341814
0.54179376
0.32533738
0.51831096
0.5679825
0.474912
0.5098344
0.30754298
0.3414908
0.557004
0.54377997
0.33242574
0.36661887
0.5376592
0.54673535
0.58007866
0.5440365
0.39558077
0.3929091
0.34101108
0.3327644
0.37094846
0.3775275
0.30819425
0.52966994
0.54745924
0.51952934
0.35839
0.3838887
0.5800729
0.37821785
0.4040987
0.3182284
0.37258238
0.4036217
0.5359147
0.49435166
0.42238244
0.521864
0.42694134
0.57651776
0.37050328
0.5292163
0.3690239
0.37026054
0.3608693
0.50077814
0.54664385
0.5344573
0.33745056
0.49370053
0.33725813
0.345687
0.5231836
0.5298387
0.4093063
0.34020308
0.5881973
0.35436082
0.56303895
0.34357518
0.48979476
0.35036284
0.31147134
0.34606934
0.3676273
0.363126
0.5751018
0.5720538
0.36071935
0.33011588
0.34877804
0.35699615
0.5526207
0.3132467
0.33812287
0.52569735
0.54066
0.5678245
0.44268602
0.5805617
0.5542732
0.36015308
0.52121866
0.52525276
0.3649611
0.34548557
0.34881857
0.40280688
0.39002377
0.51956445
0.3752996
0.3576108
0.374912
0.56945086
0.35482678
0.35596213
0.46222183
0.31911492
0.3279927
0.5385659
0.50359505
0.5215698
0.37714517
0.42620233
0.34050032
0.5817144
0.31414765
0.5910412
0.5497857
0.5487554
0.3825566
0.33273092
0.39166036
0.49900717
0.41971922
0.31079572
0.3744749
0.5238852
0.55117
0.5404463
0.5250027
0.5573031
0.37819564
0.55202997
0.3583001
0.353456
0.36347887
0.3818616
0.584578
0.34359184
0.41323575
0.40162706
0.35119355
0.47227952
0.34839267
0.35635233
0.32601023
0.5324435
0.34307203
0.34101006
0.3652877
0.5215039
0.5410967
0.34535462
0.3882827
0.3259791
0.52424926
0.40731734
0.51720876
0.39662772
0.5196278
0.42605945
0.55628103
0.56923175
0.3836466
0.3245911
0.34749135
0.33418837
0.52272654
0.55013835
0.47376907
0.3329659
0.4204156
0.36058334
0.36984938
0.545263
0.59574217
0.3365141
0.55622905
0.33084238
0.34210825
0.36413857
0.5145531
0.5740324
0.5162334
0.5413483
0.58743304
0.34192747
0.54999375
0.49976265
0.49450985
0.40101528
0.33706027
0.3559743
0.55536914
0.5103821
0.41314355
0.47138876
0.3424416
0.35075003
0.51709175
0.5214568
0.5195105
0.35090923
0.54935837
0.53799105
0.5629612
0.5322734
0.32031345
0.34260818
0.50665385
0.5739575
0.3620459
0.5514283
0.30223623
0.41179895
0.5353945
0.50681126
0.52999806
0.33359057
0.5633892
0.35229507
0.5369001
0.553206
0.4019753
0.6074341
0.40896514
0.35008606
0.5225294
0.5391491
0.5603791
0.37680942
0.4885667
0.3558178
0.5450823
0.33877373
0.36941546
0.56981516
0.57011664
0.49270558
0.5295738
0.36384645
0.36925957
0.33781198
0.52368945
0.3617278
0.3376255
0.40251034
0.31808335
0.30947614
0.5397157
0.49508923
0.38235378
0.39027026
0.39982423
0.5624425
0.5144314
0.3273186
0.5581613
0.5888319
0.48979452
0.38592395
0.5209833
0.56392413
0.35883725
0.32991642
0.33278632
0.33422652
0.5498512
0.38826257
0.54494333
0.51847893
0.50109315
0.5645969
0.5680978
0.50390834
0.508908
0.31009996
0.5238734
0.36908913
0.51895463
0.31299865
0.35835606
0.52245414
0.55210876
0.5476409
0.38588852
0.49915135
0.35612768
0.3477621
0.40104988
0.37394336
0.52145064
0.34327218
0.3113884
0.4068095
0.4215186
0.33400497
0.58840966
0.32927334
0.3278787
0.3885281
0.51428
0.52742696
0.34503266
0.3567863
0.5686751
0.4927424
0.5346134
0.40859884
0.41277936
0.49592143
0.5359892
0.35261908
0.3497038
0.5209647
0.53219616
0.36166623
0.3530535
0.3035717
0.40383536
0.53927803
0.5583664
0.348775
0.3186105
0.3645678
0.34914732
0.5587767
0.5018363
0.36163
0.45526522
0.42264485
0.48700407
0.5842181
0.5383391
0.3892909
0.5707124
0.39106184
0.5718065
0.55679715
0.31846413
0.31740898
0.50477743
0.32169616
0.5828897
0.3693352
0.33924755
0.3764165
0.35476798
0.36758104
0.57098705
0.5862896
0.5416986
0.39142218
0.35837957
0.36859423
0.34641263
0.46457702
0.389651
0.48130676
0.34980062
0.31466007
0.560863
0.5230323
0.50311786
0.3600852
0.30803633
0.35411593
0.32229793
0.49230793
0.5700002
0.3638488
0.5674978
0.5675248
0.4206075
0.5440793
0.52490973
0.42004198
0.49414772
0.33052817
0.59793377
0.38032982
0.5503294
0.5625881
0.32714474
0.33126062
0.55316705
0.536466
0.30126485
0.5581777
0.37218368
0.55195653
0.5206975
0.5052394
0.32151952
0.32711074
0.40406525
0.32073748
0.5060304
0.51964825
0.354469
0.5182168
0.5480037
0.3392863
0.55369973
0.35132363
0.34657958
0.36892948
0.38882747
0.556713
0.35037675
0.36377174
0.3742607
0.5158646
0.5406471
0.40599418
0.4984885
0.5427942
0.56352603
0.56952804
0.4062486
0.41895992
0.5416939
0.37599367
0.36814442
0.5080344
0.36982554
0.5510858
0.3673555
0.32993406
0.49086654
0.4936344
0.35152084
0.4136239
0.31728297
0.4916111
0.34865966
0.548786
0.32451534
0.5269695
0.3956209
0.38442814
0.5246467
0.30801672
0.31456748
0.34941554
0.55721277
0.5330386
0.33636504
0.55629116
0.5752829
0.49867433
0.38782865
0.31354603
0.5509912
0.33316678
0.53310937
0.43182904
0.30502042
0.38146156
0.35048023
0.31910196
0.36776403
0.42222273
0.36917198
0.5264717
0.41550258
0.4852197
0.38367757
0.54360956
0.38997626
0.38027474
0.30469888
0.3318623
0.37892735
0.5769306
0.3332323
0.3643366
0.41576606
0.5572631
0.56016815
0.4091226
0.35136148
0.335884
0.3433096
0.5411224
0.30946353
0.5508617
0.50432646
0.3715854
0.51512814
0.34097067
0.5183342
0.544962
0.35775664
0.5412748
0.53741
0.33094
0.5131303
0.33603817
0.5469461
0.5554879
0.48026422
0.5469403
0.52519786
0.35609037
0.32955983
0.38192964
0.3267798
0.38637653
0.61103755
0.46946868
0.34245706
0.53237385
0.35834405
0.6001392
0.32905203
0.36336374
0.35165995
0.5538743
0.5117062
0.3458449
0.3963096
0.34773856
0.5487679
0.3582236
0.5889621
0.585365
0.55605155
0.37600178
0.56459457
0.32125607
0.40743938
0.3853428
0.37888303
0.48891613
0.3396952
0.523903
0.35378695
0.5859618
0.519938
0.38270083
0.3601777
0.34294862
0.57373434
0.5065583
0.50828886
0.34601736
0.3830189
0.55145323
0.48559752
0.5478633
0.34031814
0.49831873
0.5469683
0.3978806
0.36029425
0.3781041
0.57843155
0.55696684
0.3227745
0.57469076
0.52898014
0.3988541
0.35744873
0.30963522
0.52314717
0.3083579
0.54313695
0.5675191
0.3548713
0.3177107
0.35423225
0.36557275
0.53093714
0.50517046
0.52578455
0.5274546
0.42414662
0.58662146
0.40621045
0.5615522
0.5338644
0.57829577
0.34934792
0.33611625
0.37920982
0.33831704
0.48269
0.50296694
0.3740585
0.5482394
0.3277653
0.32385758
0.48273945
0.3671889
0.51620656
0.5386646
0.35785192
0.5321904
0.5297027
0.53209025
0.49123028
0.34896106
0.5053303
0.5723394
0.55201995
0.33100566
0.520572
0.56753117
0.5341657
0.5081644
0.45164385
0.5629237
0.52849
0.37004796
0.38581353
0.5002845
0.32740635
0.34388682
0.35368413
0.32652318
0.32261962
0.35468432
0.57384497
0.49388447
0.42153284
0.5285434
0.5535311
0.35622177
0.338963
0.5622779
0.35012951
0.5484706
0.58371
0.53671813
0.5007319
0.54708546
0.35694164
0.35191348
0.5095777
0.37840563
0.32557914
0.5109674
0.3204141
0.5136331
0.36152008
0.32001224
0.56030107
0.31660622
0.35456735
0.33659694
0.36523327
0.39908588
0.35836425
0.373091
0.5656276
0.48193374
0.34362936
0.33061236
0.5049347
0.36227635
0.31334373
0.5795797
0.5217203
0.3398639
0.48439246
0.3873017
0.54954964
0.32579044
0.6365792
0.5104183
0.3415299
0.37453696
0.33425546
0.42368278
0.35018477
0.33532596
0.3253303
0.52033406
0.5145052
0.3413531
0.5563403
0.37196904
0.33876413
0.4006425
0.34009033
0.51184416
0.49789768
0.5221562
0.35231945
0.35681885
0.37999448
0.5071745
0.38019812
0.55127424
0.3599947
0.3705144
0.55872244
0.33736664
0.32128578
0.5580778
0.58355427
0.37040696
0.54439545
0.33455205
0.36008203
0.5573326
0.4674342
0.4445882
0.31334075
0.5561971
0.5859665
0.5285381
0.55651575
0.37521023
0.558359
0.5212405
0.55117947
0.38565746
0.3883746
0.34150922
0.3817427
0.3569737
0.5829286
0.31614113
0.52131325
0.38389412
0.5435474
0.5419658
0.3409793
0.31929994
0.31269184
0.5182883
0.57358974
0.54957366
0.55808824
0.4931057
0.4990289
0.5445002
0.3088263
0.40557206
0.5236809
0.5061811
0.31529796
0.5546419
0.46241623
0.5787814
0.5469163
0.3299869
0.39433193
0.5429758
0.5358194
0.33268175
0.5192515
0.4057225
0.53002906
0.30702794
0.37547415
0.555729
0.50529426
0.5144133
0.5475539
0.5439904
0.32672498
0.3514083
0.36528867
0.5404302
0.5357887
0.41979352
0.58434296
0.510155
0.54412013
0.55876005
0.5410759
0.35072762
0.3866753
0.56834626
0.3405362
0.40040994
0.32359394
0.5289116
0.30128443
0.34913498
0.31986725
0.40667725
0.5602475
0.40205446
0.51825607
0.4018435
0.51968503
0.35603872
0.3616066
0.22286291
0.3413525
0.3262112
0.35362348
0.5280959
0.40234667
0.55643094
0.33375564
0.53446466
0.38528156
0.44298077
0.37096083
0.4895179
0.49435925
0.390389
0.51502496
0.37993154
0.3808247
0.33437112
0.54446346
0.38671803
0.5073908
0.4222757
0.43656543
0.58678424
0.3556763
0.5445245
0.49688774
0.54505694
0.52755463
0.35553092
0.47175008
0.5590462
0.4691435
0.35808095
0.5313172
0.50655895
0.55276066
0.42728302
0.36725637
0.50212014
0.5221564
0.3950182
0.5438438
0.3628565
0.35809943
0.35825646
0.51456624
0.5637253
0.5097917
0.38454282
0.52607536
0.5469517
0.32504624
0.6016074
0.5457736
0.52277696
0.51607066
0.524444
0.41332242
0.37622812
0.5460797
0.3991948
0.5490558
0.4211722
0.5649834
0.5465917
0.49901804
0.5556175
0.32562253
0.5218362
0.5355415
0.313436
0.54590744
0.32884723
0.36013502
0.32341298
0.33409205
0.404943
0.35698003
0.5391852
0.52320766
0.55382264
0.36203757
0.4903035
0.50836366
0.37859452
0.35138217
0.50593644
0.4746103
0.38136905
0.521256
0.5823081
0.5103141
0.33758307
0.5112881
0.33809334
0.5580385
0.3689475
0.37683547
0.37822938
0.519907
0.3310994
0.5806282
0.36371228
0.5096085
0.39825723
0.36418197
0.4913293
0.5602902
0.38473055
0.50819683
0.51992947
0.3389803
0.57273924
0.37722272
0.34808534
0.415437
0.36183515
0.48465028
0.5123683
0.5398939
0.48417887
0.5460339
0.39264125
0.52352685
0.31408218
0.55215776
0.43943432
0.40904436
0.35593286
0.3508863
0.4452726
0.4003526
0.50164866
0.33014756
0.50056595
0.48157948
0.34510177
0.49691176
0.3390898
0.4084958
0.542398
0.35346738
0.3228341
0.4823056
0.53010374
0.40441906
0.4922616
0.5729236
0.30508468
0.40300813
0.5556206
0.42045942
0.38903293
0.3239217
0.3278286
0.36558992
0.42022252
0.38339126
0.5459374
0.5916715
0.52129793
0.37109014
0.4178154
0.5202941
0.383684
0.34889406
0.57607776
0.34759232
0.4884555
0.5629909
0.5616574
0.56117225
0.31971937
0.35811466
0.5478692
0.55050254
0.5054674
0.56047016
0.5353775
0.38222912
0.5290584
0.33896774
0.534037
0.59539145
0.37634382
0.3903118
0.34078303
0.31973702
0.5772465
0.4763933
0.52780855
0.36383638
0.5626631
0.3345385
0.5190595
0.3470021
0.51853937
0.5633506
0.5245542
0.558176
0.5397337
0.3596409
0.3722504
0.33934417
0.53634846
0.5347887
0.49196568
0.3467403
0.5562926
0.537483
0.5429565
0.38981843
0.5557795
0.35024023
0.5413296
0.559406
0.53790385
0.3523783
0.38494402
0.53386563
0.3294845
0.35477906
0.31310934
0.54691744
0.36192426
0.46705
0.54918855
0.48334232
0.36986926
0.3529492
0.5149971
0.49014145
0.3473483
0.53646934
0.4972689
0.34219638
0.355148
0.2889522
0.3605428
0.5069463
0.39021304
0.36751083
0.5423676
0.5554268
0.31991565
0.32861045
0.48927483
0.35821337
0.5008084
0.3502521
0.35684955
0.38034183
0.36192104
0.5501842
0.36064294
0.3215863
0.56055117
0.33595866
0.3794138
0.501461
0.49290788
0.3383543
0.35569832
0.41371974
0.40674633
0.47795242
0.52433336
0.56429005
0.32935995
0.5071824
0.326468
0.54598516
0.38188878
0.56236136
0.5576186
0.5322887
0.56328756
0.35858345
0.37771842
0.402351
0.568834
0.4131628
0.5071117
0.43940154
0.5204851
0.39479807
0.47481018
0.50454074
0.40216917
0.52391505
0.54907066
0.5613971
0.5066527
0.5690788
0.39334044
0.31729025
0.5354902
0.36395308
0.35563484
0.37725952
0.3738188
0.53597265
0.51445234
0.58592623
0.53992105
0.34836492
0.58849007
0.35911727
0.389308
0.31779948
0.51471627
0.3538148
0.35800892
0.39972562
0.54456323
0.33837628
0.40077826
0.3604747
0.3215383
0.33793458
0.36093515
0.36893782
0.5598391
0.35224512
0.5557182
0.36706686
0.41074562
0.3383276
0.5532374
0.53787464
0.34668675
0.38026324
0.5353819
0.5030133
0.32309857
0.3384836
0.31199375
0.42993122
0.54306304
0.59297913
0.37824807
0.49390262
0.49864617
0.5565723
0.32602936
0.5801704
0.34435347
0.37543854
0.49676687
0.5710288
0.35577935
0.39361104
0.52958184
0.34373894
0.36667657
0.35761824
0.37813857
0.5681799
0.5670015
0.35255215
0.42181805
0.5518554
0.344657
0.446002
0.51537406
0.34464324
0.35227814
0.5315107
0.32510844
0.34297177
0.52914107
0.42611963
0.5199221
0.36015877
0.33259872
0.34309757
0.28265858
0.3444941
0.51053286
0.3467393
0.3534948
0.4130284
0.56871176
0.55663866
0.5553473
0.5006884
0.361944
0.35015023
0.46752217
0.34563643
0.40990466
0.3685554
0.415707
0.56972593
0.41113895
0.30812123
0.5024464
0.41262886
0.4013342
0.5573288
0.53690094
0.57725275
0.3305141
0.49799818
0.3300949
0.3729002
0.51672727
0.5406068
0.33752564
0.49696112
0.5106943
0.3248632
0.33491212
0.5432318
0.3571364
0.5773668
0.37057376
0.5019505
0.40914387
0.3531753
0.53794503
0.3293475
0.3275453
0.49268496
0.5600775
0.3486675
0.33573765
0.55766356
0.5209836
0.5002287
0.5544108
0.5051569
0.5409731
0.5161942
0.3569523
0.5640841
0.35991868
0.42046386
0.33330384
0.3927793
0.5390784
0.34539926
0.48662606
0.5207427
0.3501512
0.34631014
0.36462075
0.36303285
0.50921965
0.33391562
0.56752086
0.34261665
0.40601155
0.51237005
0.5891175
0.521207
0.5526864
0.3526867
0.52997136
0.34495088
0.37712383
0.38668576
0.413735
0.35082844
0.51941824
0.38393366
0.42902175
0.31540895
0.5238905
0.5333822
0.49618378
0.53183043
0.5304487
0.55043495
0.54416305
0.55260754
0.5079238
0.35997796
0.4950446
0.51471794
0.3204386
0.5151041
0.4963516
0.3279172
0.53981197
0.36571303
0.5215441
0.5673125
0.54367405
0.5334193
0.5430943
0.5365264
0.33008432
0.34265357
0.3425577
0.37116268
0.3576457
0.37405115
0.31800634
0.5357985
0.5575761
0.5476002
0.419985
0.40413198
0.31396642
0.40624472
0.399296
0.4837778
0.34112233
0.5831935
0.3488639
0.49154
0.33716032
0.5063327
0.5493884
0.5604702
0.5481112
0.31863317
0.5306488
0.39415085
0.5145076
0.3056971
0.34622598
0.33559322
0.3879756
0.5676628
0.3348705
0.33766758
0.50418943
0.56634563
0.5402336
0.31660268
0.57173836
0.5018979
0.5528131
0.3312042
0.3528322
0.49009332
0.40190363
0.36817887
0.4045239
0.49796236
0.54062974
0.37826127
0.3607711
0.5398941
0.53361595
0.35143182
0.5029047
0.40717643
0.3267596
0.31483954
0.50971043
0.5020416
0.3325822
0.352995
0.3449113
0.54647756
0.37808812
0.5408039
0.35575366
0.5897333
0.3465939
0.3545457
0.56022817
0.54883975
0.49781713
0.5352201
0.50917643
0.55713594
0.35951063
0.36127657
0.31186822
0.52030176