1.0
1.0
5.096995e-29
1.0
2.3976463e-25
2.889528e-36
2.7283325e-34
1.0
6.8901904e-24
0.99725914
0.0
1.0623644e-38
2.9015138e-35
2.4405723e-12
1.0
1.655898e-33
2.1976815e-38
0.9997894
2.295438e-25
0.99976796
0.9999943
1.1186403e-30
8.302731e-23
1.3958886e-36
5.077291e-39
2.5627405e-17
0.9939148
0.99999917
2.8484215e-10
1.0
6.405481e-39
9.004978e-21
0.00024127743
1.8797709e-10
9.659445e-16
1.8136165e-35
1.0
1.0
1.0
1.0
1.517833e-27
0.23468235
1.3242377e-32
7.7962635e-33
1.3871618e-36
2.1192674e-33
1.0
0.9988159
0.0
1.0
0.9999995
2.712975e-32
1.0
1.0
0.9993923
3.3685455e-38
1.0
1.0200376e-24
4.262591e-33
2.9059113e-20
1.0
1.0
1.0
4.266018e-28
0.9677328
0.9984334
1.0
2.6148216e-32
0.018301187
1.0
1.0
5.7751158e-24
0.99945086
0.05539987
0.0
0.0
0.0
1.0
3.8518987e-26
1.1564767e-30
1.4143669e-33
8.6486136e-36
5.051163e-28
1.0
1.0
5.865922e-33
1.0
1.0
1.0
0.9999709
0.0
1.3390067e-36
1.0
1.0
0.0
2.9143592e-20
1.0
0.99992883
1.0
1.0
5.712023e-29
9.515096e-31
1.0346387e-33
1.0147643e-37
3.5983215e-31
1.6655005e-27
0.0
1.0
0.9999999
1.0
2.7676906e-22
4.1661044e-33
1.0
1.671104e-31
6.181374e-23
0.0
6.071021e-32
1.3725061e-16
1.0
0.99833006
1.0
1.0
8.0223094e-14
1.0
3.0605064e-29
1.0
5.194777e-26
9.474354e-30
2.268909e-35
1.0
1.0
0.99970406
8.764034e-26
0.99999976
1.8487276e-31
6.035152e-35
0.0058350186
1.0
4.1555344e-25
6.4852546e-35
1.0
5.110937e-36
0.99999964
9.756254e-37
0.98468715
9.288705e-35
0.0
6.450677e-38
8.3678244e-29
8.651783e-28
1.0
0.9999994
9.55892e-34
2.4382172e-35
3.3633146e-26
9.7487925e-34
1.0
0.0
1.3360213e-37
1.0
1.0
1.0
0.07229166
0.99999976
1.0
1.03616225e-35
1.0
1.0
1.2356723e-25
0.0
4.1141226e-36
9.541372e-24
1.4591842e-20
0.69763976
4.8668755e-20
1.4680583e-32
1.2931794e-21
1.0
4.5968092e-33
1.2683762e-34
0.9651007
0.0
3.6281373e-37
1.0
0.999998
1.0
3.417965e-31
3.2071026e-21
9.440093e-35
1.0
0.0
1.0
1.0
1.0
1.0246582e-18
6.250349e-31
4.599765e-29
0.9999999
8.1156827e-25
0.0
1.5077762e-17
1.0
1.0
1.0
1.0
1.0
3.818217e-21
1.0
1.1227007e-24
1.1598239e-18
1.2229883e-31
3.1259887e-24
1.0
1.5728372e-37
1.1443245e-24
4.6355942e-29
1.1696537e-30
0.030523134
1.9224714e-35
1.298878e-31
9.649647e-39
1.0
4.355964e-38
6.7390775e-33
1.5272562e-31
1.0
1.0
1.2554803e-26
4.180833e-32
0.0
1.0
2.0164046e-24
0.00028304665
7.841873e-32
0.99995995
1.8735265e-12
1.0
1.0
1.4340992e-33
1.1958317e-35
4.479174e-31
4.596754e-34
1.0
0.9999964
0.9991048
0.0
8.451229e-22
4.0210231e-38
2.8566199e-33
8.2306455e-05
1.0
1.1588907e-33
0.96468306
3.3485116e-36
1.8324846e-34
5.2702676e-33
1.0
0.9999896
1.0
1.0
1.0
7.963273e-31
1.0
1.0
0.85316
5.135041e-18
1.4396353e-33
4.9020537e-35
0.36430568
1.0
5.454476e-07
1.6449986e-08
9.745371e-34
6.71603e-26
0.99999607
0.00060987
0.000698422
1.3996912e-35
1.0
1.0
1.0
1.0
0.0
8.968019e-37
1.0
1.0
5.065434e-31
1.0
0.0
1.4243854e-23
0.9874635
1.0
0.9999999
8.250892e-37
0.9999999
8.187349e-27
0.017574133
0.9999969
1.4128734e-25
1.0
1.2281633e-24
4.235887e-36
0.9997079
1.0
1.0
2.0972763e-21
1.0
3.8317632e-18
1.0
0.0
2.3707442e-32
0.10332876
1.0
1.0
1.0
8.267229e-33
8.213628e-34
1.2850113e-36
1.0
5.75781e-37
9.909785e-36
3.3861962e-23
0.0
9.474243e-38
1.0
1.0
1.3015722e-22
4.75964e-32
1.3235276e-29
0.9999999
0.6086327
2.8404357e-36
1.0
1.0
0.7537995
5.398471e-29
1.0
1.0
1.232081e-25
1.2129223e-35
1.2892746e-34
0.0
1.0
7.185605e-31
1.0
0.9905019
0.99360776
1.0
1.0
1.0
0.99999976
0.0
1.0
4.1822684e-32
1.0
0.0
1.4856889e-36
1.0
1.0
1.0
1.1305717e-21
1.0
2.5648593e-27
4.1347475e-37
3.5056494e-22
9.428874e-33
0.9999821
6.078058e-27
0.0
7.384615e-27
2.3277982e-19
0.0
1.0
1.9928693e-37
0.0
9.019569e-18
1.0
0.97741175
1.7623872e-38
1.0699672e-28
1.0
1.0
0.9999999
2.3735555e-27
3.330395e-22
0.99999833
1.0
1.12445175e-35
3.8423478e-32
1.0
1.0
7.7141986e-33
9.30002e-34
6.2642365e-25
4.14817e-25
1.0
0.9999789
2.1145258e-34
7.4786676e-37
5.3886706e-24
2.834745e-34
0.9994154
1.0
1.4911265e-31
0.9999306
3.9047254e-13
1.0
1.0
1.0
5.3710703e-21
0.9999691
7.599968e-24
1.0
1.0
0.0
6.343619e-39
0.9999999
0.0
1.0
7.894647e-30
1.0149134e-33
1.19431534e-32
1.0118541e-36
3.2005214e-32
1.0
1.0
1.0
2.1741053e-26
3.7306406e-26
8.032889e-18
1.5307827e-34
1.0
8.1628916e-29
7.5285897e-07
3.7522938e-25
0.0
1.0
0.9997738
0.99740607
3.559328e-33
0.0
6.4480965e-22
1.0641547e-35
1.0
1.0
4.8893383e-34
1.0
1.0
1.5826234e-22
1.0
0.99999833
1.7349659e-14
0.9984232
5.6385474e-36
0.00014906019
3.3387767e-30
1.0
0.9006518
0.0
1.2848307e-35
1.0
1.0
0.0
0.9972838
1.6263513e-31
1.0
0.9999994
0.00024673293
0.0
2.6612817e-33
1.9056918e-28
4.5913413e-33
1.0
1.0
1.3435341e-37
0.9999988
0.999961
2.7069262e-33
1.0
1.5742942e-24
3.2943482e-28
2.1515407e-33
1.2060499e-24
1.0
7.310132e-38
4.7332197e-26
1.4996697e-26
1.0
1.0
2.89984e-22
0.9922759
0.99998903
1.0
0.9999993
5.8974876e-19
1.1261444e-06
1.0
1.0837387e-24
2.6811545e-31
0.9999999
5.8318666e-28
1.0
5.8960604e-30
1.6572974e-37
0.9999924
1.0
8.7433336e-33
2.619993e-25
0.0
1.7528817e-05
1.4442855e-30
0.99970007
8.458596e-34
1.0
8.617725e-28
1.3416125e-31
1.0
1.9806415e-25
0.0
4.3010175e-36
1.0
0.9025182
3.6303249e-37
0.9999999
1.0
0.99978834
4.7449306e-20
0.0
1.0
9.807268e-36
1.0
4.11615e-20
0.0
9.090289e-30
1.6202036e-37
0.0
2.5255508e-32
7.563536e-14
1.1092239e-30
1.0
4.127343e-21
1.0
1.3205347e-25
1.0
5.6665396e-27
5.618319e-22
0.0
3.8995607e-35
1.3852367e-29
1.0
1.8562263e-30
6.553617e-36
1.037654e-19
1.0
1.0
5.9032996e-25
3.7375993e-37
0.0
6.7995254e-34
1.0
0.0
1.0
5.469615e-05
2.2775754e-32
1.0
1.8874744e-28
1.0
1.0
2.089602e-36
0.9998294
1.0
2.9040038e-36
0.99999976
9.461818e-38
1.0
1.0
1.0
1.0
0.9999995
1.03402686e-26
9.30284e-38
1.0228633e-30
0.0
4.1185164e-15
1.0
0.9554849
2.5410184e-35
0.81767094
2.8373828e-28
1.0
0.0
6.27123e-36
1.3279825e-30
5.8443053e-05
1.0
1.4403981e-34
1.0948194e-19
3.1980638e-35
1.0
7.0046314e-37
1.0
1.0
0.999982
2.7437677e-35
0.99992585
4.4696853e-38
6.2789863e-21
2.0054652e-32
6.279245e-30
1.0
7.260085e-37
4.0857026e-11
1.0343761e-37
0.99999976
0.008753556
4.825328e-31
5.675365e-20
0.0
1.0
1.0
1.0
1.6554053e-33
2.7616263e-22
0.99996173
0.9788143
1.0
3.1476177e-35
0.9999809
0.9978041
1.6420722e-25
1.283505e-32
3.0958708e-31
1.0
1.0
1.9026705e-35
1.0
0.9999993
6.3756625e-18
7.4648044e-25
0.0
1.0
0.0
0.98897064
1.0
1.8452231e-34
0.0
6.0666843e-27
3.4285802e-32
1.0
1.0
1.0
0.9999989
4.8192895e-18
1.0
5.1421803e-24
1.0
1.0
1.0
2.6425209e-37
1.5864983e-29
5.2242758e-23
2.1326675e-38
1.0
0.99619603
7.091641e-28
1.0
0.0
0.0
1.0
6.586211e-32
1.0
1.0
9.948742e-32
0.9999795
1.0
1.0
0.00021669689
2.3283466e-36
1.0
1.0
0.00032082637
8.782752e-39
0.91177785
1.0
0.99998796
1.0
0.99998415
1.0
1.0
1.0872161e-33
4.257122e-22
1.0
1.8974001e-36
1.2392088e-31
1.1233688e-17
9.739967e-37
4.220905e-35
1.9361963e-36
1.0
0.9583176
3.4254538e-18
1.0
1.0
3.1368408e-28
0.0
1.0
2.526801e-34
1.0
1.0
1.0
0.4983197
1.0
1.15862424e-35
3.4364032e-36
1.0
8.168899e-30
1.9440201e-35
0.99999964
3.5213557e-38
0.7744865
1.11248565e-32
1.9655984e-37
0.9998864
0.0
3.224805e-36
5.99392e-36
1.1177045e-33
1.6426227e-26
3.3381222e-33
5.1371776e-25
0.99999976
1.0
6.450493e-34
0.0
1.0
1.7796663e-33
0.0
1.0
1.0
3.8026278e-32
0.9999999
2.5725744e-32
1.0
2.0263161e-36
1.0
1.182727e-05
2.6534794e-38
1.7462035e-33
6.279184e-34
7.1628954e-22
6.0453303e-37
2.36256e-36
1.1554942e-36
0.9999696
0.581345
0.0
0.9999964
4.8335963e-25
1.0397575e-35
2.7799394e-25
7.8807466e-30
1.0
1.0
0.9999937
1.0651365e-37
7.441589e-29
8.095249e-24
0.9999964
8.256026e-29
1.0
5.425422e-33
2.4947508e-29
1.0
2.6123066e-34
0.0
0.9999995
1.0
4.0088963e-29
1.0
9.590007e-33
1.8308075e-34
1.0
0.9736858
1.0
0.0
1.0
1.0
0.9999989
1.0
3.408749e-22
1.0
1.0
1.0
1.7121885e-24
3.6137328e-21
4.9100592e-37
1.4018784e-25
8.020685e-37
1.0
0.0
1.0
2.372415e-27
0.9997676
1.0
1.5316939e-34
1.5234926e-37
0.0
0.0018994379
1.0
0.9999999
1.0
1.0
1.0
0.9995938
0.0
9.3388585e-23
0.99319625
0.99887854
0.0
1.0
0.99999785
1.0
1.0
1.2156593e-36
1.3495448e-21
1.0
1.0
5.2470903e-36
0.61954606
3.2383166e-28
1.0
0.0
1.5281608e-22
1.0
0.9999989
0.4513814
1.0
0.99999964
0.0
4.3934354e-35
0.0
1.0
1.0
4.359008e-22
1.0
1.0
1.0
1.0
0.9999999
9.437193e-39
1.1328259e-27
1.0
9.027485e-33
1.5910754e-20
6.3604277e-34
0.99999416
0.0
2.8832862e-35
0.0
1.7760083e-21
1.0
1.1678104e-26
0.9999994
4.406292e-20
1.0
1.9840097e-22
2.0368737e-34
0.0
4.9875106e-31
4.5860956e-38
9.970954e-35
0.5999256
8.043277e-27
0.9999962
0.0
1.0
2.3872063e-32
1.6085808e-13
3.3745922e-22
0.18724413
1.0
3.103735e-23
0.989426
4.8758177e-26
4.141333e-28
1.085871e-37
1.0
9.2470675e-33
2.4621087e-07
2.171558e-21
2.3367759e-11
1.0
3.545776e-33
1.0
1.0
0.99998724
0.9999882
1.9615466e-29
1.0
1.0
0.8902624
1.3791026e-32
1.0
0.00016768536
1.0
4.7992347e-19
6.234504e-34
1.0
1.0
7.4976235e-25
1.0
6.140663e-32
5.850336e-29
0.0
0.00016610703
1.0
1.0
8.556037e-22
1.0
1.0
7.145238e-37
1.0
1.0
0.99878126
0.99999905
0.99962294
5.2138606e-24
3.2465988e-31
1.0
1.1017618e-26
1.0
2.0511103e-20
1.0
1.0
0.99999976
1.0
0.0
1.0
1.0
0.0
1.0
6.8307156e-36
2.4268965e-35
7.827981e-38
9.469587e-37
6.923215e-28
9.989945e-29
1.0
0.9985561
1.0
7.8306496e-28
1.0
0.887125
2.5854678e-28
3.9832705e-37
0.999998
0.9989766
3.964346e-25
1.0
1.0
1.0
0.0
1.0
1.9906588e-29
1.0
1.02588655e-25
1.3726815e-35
1.6137618e-32
1.0
0.0
1.0
3.3122746e-31
0.99999917
3.0158496e-23
3.5992634e-34
0.9999999
1.0
1.7776332e-23
1.0
1.0
6.7635016e-38
0.99982786
1.20025925e-29
1.1562868e-38
1.5443868e-16
1.6359874e-34
0.9998301
0.00010336012
1.0
1.0
0.99738437
2.6475693e-27
1.0
0.0
0.9636848
1.8706596e-19
1.7360154e-25
7.407216e-34
1.3280146e-35
1.0
1.5171788e-27
0.99980193
1.0359048e-36
1.0
0.6407406
6.6158167e-34
1.0
0.0
2.4496955e-26
0.99999857
1.5008915e-30
4.798095e-36
1.0
1.0
1.2313742e-28
3.0889918e-05
1.0
0.0
5.5400007e-29
1.0
3.4922426e-14
2.9759246e-27
4.3117425e-37
0.0
6.2606575e-31
2.5628863e-25
7.538196e-27
1.0
1.0
0.99623847
3.6774914e-30
3.0669085e-23
0.99999964
4.7767315e-27
9.291488e-31
0.8229388
1.0762013e-36
1.0
1.0
1.0
1.0
0.0
5.4247365e-34
0.92318994
1.0
1.0
0.9999995
1.0
4.0723337e-31
1.0
2.4125895e-27
1.0
1.0
2.211205e-29
5.467525e-22
4.200628e-30
0.0
1.0
0.9999993
1.0
2.3877552e-30
1.0
5.95907e-33
1.0
1.555862e-34
1.0
1.0
1.0
1.0
1.0
1.8810241e-31
5.3906046e-31
0.0
0.9998124
1.0
0.9999751
1.8597644e-36
1.0
1.0
1.0
1.0941428e-27
1.0
2.5158877e-24
1.0
0.9999944
1.0
3.866896e-36
1.0917434e-23
1.0
2.934244e-31
1.00991365e-30
0.0
1.0
2.794009e-22
0.0066814576
0.99999833
0.9999745
1.1810306e-19
2.023366e-28
1.0
1.0
1.3175147e-34
1.0
0.9999825
3.5745365e-35
3.791272e-32
0.0
5.082573e-35
1.0
1.1479165e-27
3.38144e-19
1.0
0.99999976
2.1272604e-34
1.3424174e-37
1.0
4.00508e-34
0.999997
1.5050837e-36
5.3891185e-33
1.6042429e-31
2.4463064e-33
1.0
6.2126e-31
1.4420775e-38
1.0
6.6680105e-34
6.1291037e-24
0.99999976
6.8473133e-07
3.037528e-26
1.7509113e-27
1.1089237e-22
1.7285935e-26
1.0
1.0
1.0
5.7252313e-33
0.99999857
0.0
1.0
4.8880664e-13
1.0
1.0
1.0
1.0
5.035155e-36
3.921741e-29
2.2050571e-28
0.99964595
7.2191517e-16
0.98263043
4.5571047e-11
0.023096418
1.6230574e-27
0.9407529
0.9632689
1.616578e-24
0.9999876
0.9440782
1.0
1.0
1.0
1.2154602e-28
3.7380843e-37
1.0
1.4408336e-17
2.4896336e-31
7.0798393e-25
1.0130841e-25
0.99998975
1.0
1.0
1.0
5.739483e-35
1.0
2.4046518e-19
3.9020702e-23
0.0
0.99999976
1.1013515e-31
2.605775e-36
9.4747154e-30
1.0
2.0368712e-29
2.7248565e-28
4.8951562e-36
0.0
0.0
5.255755e-32
3.4784185e-31
0.9999993
4.535131e-34
1.0
6.3960825e-31
8.994823e-27
1.7619241e-37
1.0
0.8161088
2.8224505e-37
2.9398564e-24
1.0
1.0
0.0
2.8789845e-38
0.0
4.566373e-14
0.98823243
1.0
8.028759e-24
0.99999976
0.9999013
1.0
0.0
1.0
1.8374885e-35
6.456513e-30
0.00050101976
1.0
7.452955e-36
9.343588e-25
0.99999976
7.640665e-39
4.4553404e-28
2.4154149e-36
8.498523e-23
1.0
1.0
6.5215673e-37
2.26518e-10
1.0
3.2808407e-36
7.488699e-05
0.99999857
6.622845e-39
3.4446875e-27
1.0
3.5831955e-33
7.6628215e-31
1.0
1.4380147e-20
1.0
1.5965664e-34
1.0714904e-36
1.4507017e-30
0.0
2.2471068e-36
1.0
2.2231798e-38
2.744309e-37
6.2130275e-12
1.0
1.0
0.9999999
1.0
1.5094747e-31
2.3888933e-38
0.999995
9.296332e-34
2.8407118e-25
1.1941098e-18
5.2131437e-17
1.0
9.4092894e-26
0.0
1.0
1.02831187e-25
2.6505234e-17
5.7602687e-05
0.99987924
0.99999976
7.58513e-34
1.0
0.0
1.8808087e-31
0.0046240063
1.0
6.288122e-35
1.0
1.0
9.469216e-39
1.4552375e-35
1.0
5.531477e-34
1.0
3.9115174e-31
0.9886651
2.2658937e-17
4.7806547e-33
1.0
2.2297854e-25
0.0
0.91015154
1.0
1.3618419e-37
0.0
1.0
0.99999976
1.0
1.0
1.0
1.0
1.0
1.8716847e-37
1.0
2.3666294e-35
1.0169967e-14
2.0471337e-33
2.3302488e-28
1.0
3.0634373e-37
1.0
1.0
0.0
2.5755515e-38
1.8031099e-28
4.244853e-34
1.0
1.7394356e-33
1.0
1.2772742e-37
1.6962269e-26
1.0
0.9999987
1.0
0.99998903
2.566593e-26
0.9999298
2.1401647e-31
3.769713e-24
5.879118e-25
7.6863535e-25
7.821192e-34
1.0
7.3591017e-29
2.359813e-21
0.0
8.83982e-06
1.0
1.0
1.0
1.0
0.9999999
0.9447392
0.9999784
1.0
4.0962017e-24
0.9999788
1.0
4.8100594e-37
0.89425737
1.0
1.9907265e-37
1.0
2.2774266e-33
1.0
1.0
1.0
1.0
1.0
1.0
1.9620879e-34
3.7398652e-38
1.8573516e-31
7.5451146e-31
8.675188e-34
1.1393406e-33
7.316294e-39
1.0
1.0
0.9999995
5.5182115e-22
9.21473e-28
8.5541993e-32
2.8264006e-25
5.665848e-27
0.0014989253
3.999187e-34
0.99999917
1.0747968e-31
1.0
1.5600104e-34
0.19794647
1.0
1.0
1.0
2.9321373e-33
1.0
7.884661e-21
0.9999906
0.0
1.7861371e-30
3.2690972e-36
2.3278386e-30
1.0
2.2285313e-36
1.9925373e-27
1.0
1.0
1.0
0.0
0.99999917
0.999964
1.0
3.6624565e-37
4.7980315e-32
1.0
1.5727206e-14
7.542229e-33
2.4374203e-14
0.990669
1.0
9.814252e-24
1.4466555e-24
1.0
0.99999917
8.713976e-38
1.0
5.5803888e-28
1.671924e-34
0.0
1.0
1.0
2.6568908e-32
5.0489653e-36
5.5218676e-25
0.99994564
2.8717723e-12
0.9862536
1.0409469e-37
1.0
5.7085454e-34
4.975007e-31
1.0
1.0
1.0
1.0
6.1304145e-06
1.0
1.598473e-35
4.456706e-33
0.0
1.0