0.58952457
0.7481145
0.28450045
0.550975
0.28820312
0.12268295
0.15133874
0.743902
0.3058656
0.5655753
0.23291928
0.15561746
0.14394636
0.2084977
0.74140227
0.115390286
0.18083607
0.63947016
0.14033097
0.57944226
0.697757
0.16515815
0.2949418
0.14772165
0.109034695
0.19619958
0.49192083
0.64579517
0.2987971
0.76769406
0.14148757
0.27374896
0.65804285
0.30733678
0.1623246
0.33194226
0.58508587
0.69026214
0.74657637
0.7237261
0.12926894
0.54073745
0.17496525
0.31173828
0.13393873
0.10565499
0.62373745
0.6645344
0.14563982
0.77103806
0.6647144
0.15790676
0.65091735
0.67105
0.4828271
0.20190471
0.588626
0.13276023
0.13821311
0.13769217
0.6105439
0.69545865
0.5721618
0.31708458
0.62337
0.67914164
0.65210176
0.08830453
0.668324
0.6171251
0.7013198
0.13250321
0.7248781
0.52859765
0.1419494
0.14865196
0.13829076
0.59360176
0.33738342
0.33195537
0.13714585
0.12467306
0.29289228
0.69915056
0.750466
0.14353316
0.5987344
0.34836978
0.63176566
0.62708807
0.14102921
0.1425467
0.74177223
0.75756115
0.1910477
0.1410322
0.71660924
0.6999059
0.76662725
0.70777375
0.2892079
0.28493044
0.12868646
0.13108388
0.3251056
0.11802905
0.13889296
0.7228315
0.72987175
0.7806011
0.12329588
0.327567
0.7677375
0.1671572
0.23080988
0.11804292
0.15382692
0.12047902
0.7220925
0.65558267
0.7228012
0.6253694
0.10236325
0.8192535
0.15104897
0.75521046
0.17742163
0.1234897
0.1455129
0.6500797
0.68004864
0.6679848
0.10402005
0.6108401
0.15554518
0.12794092
0.59997845
0.72848284
0.33334497
0.14344265
0.7138062
0.15845838
0.7446417
0.13301915
0.5942916
0.10639404
0.118806235
0.31607026
0.112492345
0.11894135
0.7204323
0.7311405
0.32553944
0.12721744
0.14633216
0.35335615
0.81014663
0.13126217
0.1302067
0.6427645
0.70774233
0.7549978
0.4775269
0.76992196
0.7774735
0.14157039
0.67129207
0.5569159
0.12503427
0.1407351
0.1389758
0.23591158
0.1642862
0.5568955
0.13245381
0.13841732
0.15800759
0.53781384
0.122067794
0.12429749
0.47193038
0.14201732
0.15849398
0.76038206
0.64713436
0.6853054
0.3123456
0.3032125
0.10816957
0.7275196
0.13482875
0.7858903
0.7429968
0.76077724
0.16576058
0.14520445
0.309173
0.6571114
0.2203019
0.14276327
0.10521563
0.6669197
0.7686244
0.62573934
0.66567904
0.7641094
0.17151009
0.7420643
0.1263788
0.1665126
0.2781783
0.30277926
0.74896353
0.12797982
0.31625327
0.3307321
0.14073913
0.5515552
0.117516026
0.13355374
0.2419345
0.79862285
0.11250485
0.16620736
0.13808115
0.72039735
0.7209754
0.14712776
0.31194094
0.12514473
0.67468995
0.3091652
0.61481684
0.30339244
0.555014
0.20214203
0.7571277
0.7867504
0.15424062
0.12776309
0.11793827
0.16005485
0.70945126
0.7011836
0.6714084
0.12547745
0.2847272
0.18975759
0.30699143
0.62253815
0.82034713
0.1145457
0.57959056
0.14024162
0.11482276
0.15859984
0.64831537
0.6647904
0.70624745
0.7132641
0.76739603
0.115762085
0.71361786
0.6769516
0.6170783
0.1188446
0.121049605
0.11993914
0.5179781
0.67439336
0.2747407
0.50917643
0.10952888
0.18345371
0.68795747
0.50702554
0.61461127
0.14472085
0.62686235
0.7140657
0.806791
0.7535276
0.17364368
0.15491185
0.64801025
0.73962003
0.33934602
0.7794309
0.12785292
0.26288617
0.68745077
0.7031543
0.5835531
0.10978264
0.7378334
0.11970185
0.68672633
0.7370162
0.13412605
0.7681948
0.25405034
0.13198474
0.59125054
0.68440646
0.5697121
0.13319434
0.5738369
0.122167885
0.7519831
0.12625931
0.15306133
0.6796854
0.7792921
0.6666825
0.68004435
0.13593103
0.16458425
0.111190215
0.6261104
0.1659229
0.10312694
0.14701018
0.12766306
0.10487912
0.7128334
0.6024361
0.14692098
0.13770005
0.31408048
0.731693
0.5944115
0.124494664
0.7417048
0.7400467
0.53302866
0.29631177
0.7107014
0.7886725
0.13634448
0.12828185
0.12969382
0.12395369
0.73822415
0.2966548
0.72215396
0.6378325
0.62920254
0.7497729
0.7694069
0.68489265
0.68580526
0.13743025
0.7251192
0.28974184
0.6932029
0.12606965
0.15033683
0.6523412
0.74302876
0.69354266
0.120959654
0.6507631
0.11965423
0.12494954
0.12259825
0.3139212
0.62895656
0.1716233
0.13257684
0.3196022
0.22728585
0.12757371
0.76741624
0.12537381
0.13740237
0.07591476
0.6687057
0.63907987
0.1341122
0.1564838
0.7206481
0.6802412
0.6625592
0.14811487
0.21919888
0.62362295
0.6581327
0.31735042
0.11882582
0.6381943
0.6464565
0.11577612
0.13211334
0.25163677
0.30133379
0.7242696
0.6986598
0.13362929
0.15257122
0.172834
0.14728618
0.672094
0.6785388
0.37530524
0.5790329
0.20391925
0.6617111
0.71588224
0.7292739
0.31120947
0.76071787
0.26380017
0.7264421
0.79135734
0.14567222
0.12886308
0.64076155
0.13636129
0.73490775
0.14891322
0.12700626
0.3213675
0.13217582
0.16106355
0.7194105
0.82368374
0.7079952
0.31124505
0.1426843
0.17495146
0.11609166
0.635614
0.25833368
0.6542999
0.11521532
0.12908222
0.7274897
0.4856961
0.6543211
0.3314014
0.14128736
0.13293158
0.14499003
0.6841605
0.7880436
0.13016415
0.6347696
0.72273284
0.29084843
0.7240222
0.6979926
0.29891047
0.5611847
0.1245666
0.6604716
0.16677429
0.78366053
0.49050513
0.12447684
0.12194981
0.7303005
0.7640452
0.15562797
0.6710954
0.1398687
0.76161313
0.5587743
0.5711049
0.14870039
0.12130147
0.30930564
0.13190983
0.6732336
0.64617187
0.14425384
0.6048215
0.7308041
0.19688173
0.7239645
0.14069965
0.11513547
0.33515716
0.25288162
0.788588
0.13072369
0.12148438
0.103634536
0.68894196
0.66915995
0.25659892
0.5079057
0.64999086
0.7610177
0.77294695
0.27853808
0.3315316
0.5925647
0.10716559
0.10667749
0.53617615
0.3160805
0.6955691
0.10659045
0.156754
0.6308008
0.6690165
0.12349062
0.20573077
0.13565606
0.558419
0.12830234
0.7076208
0.15247728
0.77455676
0.30979064
0.2733612
0.6439346
0.2982171
0.14795426
0.12979075
0.70699906
0.68536127
0.12317795
0.67362034
0.8057297
0.65448076
0.34729242
0.15189952
0.7061131
0.12137451
0.665369
0.25732446
0.18071935
0.39285368
0.15281346
0.14067699
0.18063098
0.29527485
0.13477126
0.6174658
0.26556873
0.5230552
0.29411644
0.6967812
0.24720074
0.15527952
0.15467218
0.113268636
0.12478765
0.6745162
0.14203158
0.15402476
0.24023807
0.71431017
0.66412157
0.32699656
0.13213104
0.19388972
0.1514429
0.70733637
0.1600831
0.7331829
0.49773142
0.33122525
0.6701532
0.1154547
0.6293669
0.7253639
0.14625522
0.692478
0.677979
0.15131703
0.5476478
0.12546279
0.5566557
0.6775432
0.6916905
0.6355854
0.6767606
0.14940082
0.14996697
0.09023779
0.12583913
0.12684098
0.5092245
0.6077207
0.12307259
0.6368106
0.12375928
0.7661403
0.17248724
0.16385718
0.17008388
0.5612829
0.49256057
0.17427519
0.12025453
0.12586237
0.633458
0.15364952
0.7766677
0.71973205
0.6116443
0.1386679
0.3888399
0.15565582
0.22462165
0.2850552
0.15929829
0.6020155
0.12614551
0.7004366
0.13904952
0.74445575
0.5663106
0.14428885
0.119478576
0.1378469
0.77752185
0.7199911
0.6343623
0.2861406
0.12346487
0.67133695
0.48964775
0.68312967
0.12792559
0.61892027
0.5661483
0.29640615
0.1382179
0.31867352
0.6910636
0.75492907
0.21949321
0.72515726
0.62293804
0.1492217
0.16000809
0.12679859
0.59361607
0.14520979
0.540717
0.79294926
0.11908767
0.13783988
0.1566665
0.14965442
0.6578249
0.6348033
0.67937964
0.65079147
0.3205579
0.6905868
0.09094429
0.7603896
0.7010343
0.79362285
0.11298604
0.13718638
0.26094133
0.1144023
0.7332169
0.5893495
0.09014566
0.6402712
0.13059033
0.13521335
0.6441204
0.29355568
0.5593558
0.6764022
0.15505908
0.6580139
0.64962304
0.63383955
0.59837717
0.13431844
0.7101141
0.6378748
0.6353323
0.122702725
0.55894536
0.7688919
0.6996689
0.7179504
0.5831583
0.731225
0.6658819
0.15197931
0.16802244
0.6410372
0.11889013
0.19030473
0.13861267
0.11486025
0.1520971
0.12661085
0.75205344
0.63512063
0.2570741
0.55795527
0.7327208
0.18225712
0.1231079
0.7375659
0.14700724
0.767347
0.82037294
0.5262301
0.44065365
0.6832948
0.14457332
0.14580017
0.68488157
0.30802518
0.11915702
0.6943934
0.13685216
0.6377387
0.16203396
0.12936805
0.6387504
0.15881737
0.14819726
0.12382958
0.16401283
0.34115344
0.13689221
0.18541656
0.6413549
0.7074626
0.350081
0.12742649
0.6494839
0.13471371
0.14747803
0.80679834
0.63609046
0.13035655
0.5147106
0.32079512
0.6604511
0.14836949
0.12643059
0.5784768
0.13068528
0.32021108
0.1921788
0.34072322
0.12052243
0.12564287
0.13839708
0.6816824
0.4586775
0.14267056
0.6654998
0.15136142
0.10773091
0.26836872
0.116565265
0.6659345
0.589011
0.7046199
0.16029307
0.1693421
0.12430744
0.6232892
0.13944016
0.7248517
0.14217104
0.11097726
0.70891273
0.14840423
0.1329876
0.7233327
0.71029717
0.26689807
0.76184374
0.14779386
0.1188909
0.71727186
0.59680355
0.62422055
0.14065038
0.7378564
0.7848139
0.5496331
0.7475136
0.11507123
0.8045629
0.6167535
0.7865902
0.14555748
0.13007602
0.11817412
0.35592166
0.15303402
0.77983326
0.1375809
0.71746194
0.27768925
0.7029648
0.72238314
0.13971683
0.13556497
0.1375757
0.64846426
0.73312765
0.6005176
0.76661825
0.6431803
0.51067525
0.67849773
0.13680106
0.24224485
0.5999935
0.6441088
0.13618872
0.7435586
0.55043495
0.7978577
0.7212417
0.14120787
0.14514135
0.6853884
0.65902585
0.15337625
0.60608494
0.30696177
0.6346354
0.12366814
0.123270355
0.7395546
0.6451152
0.594434
0.6855946
0.6630718
0.12205375
0.15211315
0.36471954
0.6984212
0.74746084
0.30393714
0.7902071
0.5567784
0.76003844
0.77309257
0.6816438
0.1376322
0.15582494
0.75287
0.11566336
0.14202411
0.1579329
0.75143844
0.15612966
0.13467559
0.12731345
0.29334402
0.7390405
0.2818755
0.52291447
0.13012762
0.573903
0.13777843
0.2908288
0.14923105
0.17081195
0.10180443
0.13740699
0.67145777
0.33177003
0.688764
0.13633075
0.7361235
0.31508878
0.11888566
0.14888477
0.62316865
0.5824396
0.27596268
0.629848
0.087428175
0.30812457
0.12745763
0.70200974
0.3204319
0.63898
0.30547497
0.19696441
0.730905
0.119425885
0.6764836
0.6602114
0.67592055
0.6110743
0.15977454
0.608971
0.7415978
0.63202685
0.15326823
0.70478874
0.5454224
0.6232142
0.41582045
0.14456463
0.56287956
0.7305133
0.25537333
0.72960293
0.12736279
0.100084014
0.21319172
0.4573951
0.7560941
0.55601865
0.2864762
0.61111933
0.6856844
0.12995864
0.7430013
0.747822
0.6074612
0.61977255
0.56443334
0.34258384
0.1720657
0.75289494
0.33422697
0.7048715
0.2470189
0.7705785
0.6429612
0.5621638
0.804723
0.1573771
0.6244898
0.78284293
0.146217
0.7332216
0.108349465
0.13997957
0.10887307
0.1349337
0.28797093
0.108388215
0.56740177
0.50030506
0.7425894
0.13810003
0.6334654
0.6577459
0.13919744
0.15685146
0.6375988
0.73249686
0.2157174
0.6829668
0.7200333
0.688418
0.1386873
0.7168987
0.12374029
0.7460668
0.1230266
0.13621733
0.316664
0.654502
0.14185692
0.76062906
0.3288932
0.65464145
0.30377
0.11736575
0.6255105
0.7729403
0.15176114
0.8022524
0.70130634
0.13798776
0.7532757
0.12565824
0.1423056
0.30205598
0.2915423
0.6574671
0.6416302
0.6168527
0.5565694
0.6708559
0.33553433
0.6681391
0.14617851
0.7343807
0.24887651
0.25247335
0.12487793
0.13195783
0.6951416
0.31468162
0.50164706
0.12380047
0.69847643
0.52323055
0.11636772
0.68483835
0.1454688
0.35061535
0.64758414
0.20469414
0.14539391
0.6711745
0.73020566
0.32002532
0.6751375
0.6963137
0.1258357
0.31988993
0.73728955
0.34906358
0.300752
0.17360015
0.11031096
0.3097795
0.3405329
0.3019762
0.6948509
0.817989
0.64953077
0.11049275
0.29345536
0.6678402
0.124918245
0.11193271
0.6614595
0.14164175
0.70112807
0.7726824
0.7714245
0.72951674
0.13502203
0.123518065
0.6044813
0.72892624
0.6871601
0.6734723
0.5300918
0.3105726
0.68377537
0.12598877
0.70564973
0.7773794
0.13829154
0.13397202
0.1399186
0.13610741
0.65473646
0.66295207
0.59513074
0.114103846
0.79446995
0.11297129
0.6149887
0.1409734
0.7158444
0.71671724
0.6552885
0.7637298
0.71753055
0.10812781
0.3235735
0.14393328
0.616019
0.71684206
0.5375818
0.1390087
0.7149818
0.7366411
0.70218533
0.110765286
0.7108633
0.1475581
0.68717194
0.69953746
0.6957066
0.12902229
0.2792404
0.68225265
0.13672526
0.116051614
0.15879941
0.7187562
0.13545491
0.6050712
0.71163493
0.63674676
0.14787471
0.14931701
0.6416417
0.73948574
0.16009
0.6725989
0.50583136
0.12194531
0.113072276
0.21234724
0.16300407
0.6174215
0.2688116
0.14613198
0.676992
0.73363596
0.14060558
0.17438918
0.6379454
0.13361396
0.60981315
0.13593443
0.11934213
0.11362821
0.12076674
0.67978674
0.14942652
0.12572864
0.7113813
0.18613648
0.15819265
0.5353217
0.5412542
0.107086666
0.14732735
0.26017624
0.31722993
0.6512318
0.6602377
0.6309288
0.13783605
0.6759437
0.13207482
0.7118059
0.113652155
0.6990045
0.7542517
0.75114125
0.6548824
0.13963298
0.151848
0.28225848
0.5703404
0.31465665
0.6397434
0.46678093
0.6449245
0.3077379
0.49886188
0.5932835
0.32669836
0.69104934
0.6519047
0.78606033
0.5878359
0.8156307
0.06453257
0.11634292
0.63943946
0.13876387
0.11548105
0.14782514
0.14674446
0.6678763
0.63218886
0.81415963
0.6971558
0.11881892
0.8433714
0.109519504
0.12529469
0.19606563
0.70530355
0.14462996
0.14418578
0.3157747
0.7617427
0.17005071
0.3180899
0.13625233
0.13710603
0.12546414
0.15899035
0.13036768
0.73830825
0.12101252
0.76437074
0.14603429
0.35915542
0.111679144
0.7364333
0.6705408
0.15046443
0.12582923
0.7098161
0.6230487
0.14047185
0.15150318
0.13259198
0.25089604
0.6225262
0.78194827
0.15674613
0.68688804
0.6431281
0.7501791
0.113276444
0.7396373
0.15035658
0.14828812
0.5073224
0.7645117
0.1500552
0.2935213
0.69334334
0.1497711
0.13732915
0.14065097
0.13835408
0.78950906
0.740614
0.12771633
0.2004886
0.7921286
0.112744674
0.44347775
0.69088566
0.1377972
0.10067278
0.7319444
0.14164451
0.12491375
0.64614844
0.298519
0.70797074
0.1405581
0.12792554
0.11963015
0.13466218
0.13104582
0.6744162
0.29065353
0.15351902
0.29356906
0.80344784
0.666841
0.69180757
0.5184605
0.12758471
0.14768855
0.6672398
0.1341663
0.2949371
0.11886752
0.29915065
0.780214
0.34280798
0.18376957
0.7001664
0.302359
0.10020076
0.59714484
0.71201503
0.6912211
0.13117652
0.6802306
0.1366442
0.32181245
0.6280567
0.6884034
0.1559812
0.64004505
0.7100678
0.14685255
0.1657338
0.73258746
0.12197754
0.74157065
0.14186998
0.61301416
0.28442702
0.13873258
0.66516346
0.08668296
0.13799092
0.47311866
0.78368765
0.14224316
0.16496556
0.7149746
0.6000106
0.6268992
0.6759396
0.56728506
0.66503364
0.6266501
0.12769891
0.72945195
0.14862147
0.30460677
0.119870536
0.1598289
0.2910827
0.14809912
0.7007406
0.55416393
0.15822583
0.1434412
0.103285015
0.14271882
0.6763901
0.23920594
0.7704349
0.12931755
0.34054404
0.5578567
0.72783107
0.68041766
0.69302416
0.15409587
0.6062466
0.10714981
0.14776212
0.14521259
0.1421608
0.12792337
0.5935265
0.3137455
0.276848
0.15909296
0.49634066
0.6875584
0.6747566
0.6877941
0.68935835
0.61991894
0.6648358
0.69726
0.6949461
0.12662849
0.6194114
0.5629634
0.14298461
0.6114693
0.6558287
0.13844521
0.719614
0.1428221
0.59478503
0.70877165
0.740437
0.6665479
0.6578575
0.6853249
0.17625046
0.1196051
0.10525788
0.14134741
0.3476496
0.09690206
0.14274384
0.7027237
0.6684944
0.716084
0.3034935
0.28339273
0.15415017
0.30537188
0.27690157
0.47520477
0.11962388
0.7219934
0.19954357
0.64023155
0.16282256
0.57937
0.7499684
0.7079835
0.63838583
0.14748006
0.5772345
0.107779734
0.6535988
0.13620478
0.13932839
0.14398958
0.31418607
0.7616209
0.14275305
0.12556753
0.5795714
0.7599793
0.6969911
0.12883873
0.75924605
0.6183229
0.13828243
0.13711014
0.14460292
0.67371535
0.19473685
0.14837253
0.20198625
0.5223741
0.6355034
0.26953226
0.12736239
0.6856109
0.5105088
0.13301785
0.6069704
0.32023162
0.13877395
0.15343046
0.6797633
0.6328553
0.10896935
0.13491738
0.13175431
0.6903192
0.112934396
0.67737204
0.32145113
0.64047664
0.13909669
0.1077726
0.72952306
0.69322526
0.704374
0.68170935
0.57486814
0.75177824
0.14806974
0.113094546
0.11538208
0.64762974