0.5090388
0.6941817
0.38746914
0.6394227
0.31506285
0.13073821
0.12888184
0.72538847
0.34223604
0.53268147
0.20252961
0.13649194
0.14408652
0.3628516
0.7132887
0.19755603
0.1370433
0.6451882
0.18956026
0.507308
0.63470703
0.16183668
0.33909044
0.15144315
0.18926388
0.22285163
0.5369041
0.6122112
0.336133
0.7154926
0.13564982
0.3390221
0.5813708
0.37862462
0.39358258
0.34565434
0.5300336
0.6451652
0.7640133
0.6270342
0.12896015
0.48235896
0.1640764
0.38460523
0.14396913
0.23137607
0.585971
0.6292107
0.17397399
0.68527615
0.68265253
0.14983499
0.6079417
0.66887534
0.53498596
0.15754144
0.4990466
0.23637418
0.1890511
0.17196101
0.59309864
0.64883125
0.52766097
0.3567456
0.624983
0.59329426
0.60237235
0.19081475
0.64406127
0.5187723
0.59468853
0.17969775
0.68347394
0.5068731
0.19282512
0.1658171
0.15848732
0.5034345
0.3325926
0.30411005
0.1755008
0.13842586
0.33354604
0.67066956
0.5957245
0.1455774
0.58134633
0.59076506
0.59265447
0.51953924
0.13686186
0.14336288
0.61777216
0.6829679
0.17999762
0.18778037
0.603354
0.5688153
0.750067
0.60127383
0.37200424
0.39417717
0.13886152
0.14640887
0.33050266
0.1822161
0.16695206
0.6064941
0.6503614
0.7051477
0.15860294
0.37392354
0.62199587
0.1877858
0.35911515
0.1894096
0.16346872
0.24665548
0.6858673
0.5833333
0.66800374
0.6835853
0.20019902
0.7306563
0.1909263
0.7019059
0.1776853
0.14489922
0.15301067
0.5824002
0.62884957
0.5942048
0.18259695
0.6250486
0.17767371
0.15444672
0.6022237
0.67874986
0.30826905
0.16143869
0.6942105
0.13998559
0.68050396
0.15153031
0.6205481
0.19380617
0.1630727
0.33152038
0.18818142
0.19127333
0.73190445
0.62721395
0.38068762
0.15339735
0.18066943
0.33953106
0.7567044
0.17683445
0.15652634
0.53038496
0.65435594
0.7350567
0.49550673
0.7265548
0.68483275
0.16867785
0.6198164
0.53725505
0.21700887
0.19716255
0.15902717
0.33023065
0.17553642
0.5402525
0.15095152
0.1637362
0.17746566
0.6165363
0.17511666
0.16345318
0.53337216
0.17236069
0.15568551
0.75460315
0.60165125
0.68117183
0.33368263
0.3543454
0.17334743
0.71603537
0.13887696
0.7006553
0.6600311
0.6375213
0.21249937
0.1737545
0.34373054
0.6239311
0.115782335
0.15816662
0.18579015
0.6619237
0.61383545
0.6482374
0.6692247
0.7140831
0.1831347
0.6966663
0.18505585
0.20041358
0.30170548
0.31070828
0.77308655
0.14828995
0.32950172
0.35134795
0.17531978
0.5441137
0.16879734
0.15991548
0.2865405
0.6965199
0.17308621
0.1651951
0.16053176
0.64201784
0.59324735
0.18734176
0.37901255
0.17449397
0.5943583
0.33174658
0.52958834
0.35614747
0.5296405
0.36980474
0.65804124
0.69534266
0.19132598
0.14084168
0.1689951
0.15929522
0.6103094
0.58566356
0.56406057
0.17998552
0.35707334
0.18713513
0.36548835
0.5750201
0.7937812
0.14836442
0.66783565
0.19155869
0.15258539
0.15361947
0.60712665
0.65252155
0.7027584
0.6687626
0.7202442
0.16177064
0.6555296
0.59248114
0.53453076
0.19151254
0.13739821
0.19139236
0.6380269
0.6791125
0.3889475
0.570122
0.17033401
0.17113666
0.6943404
0.5108516
0.5334521
0.14396362
0.6836635
0.6095424
0.7785888
0.6780249
0.18046941
0.13425906
0.5922428
0.60035473
0.31781325
0.7408681
0.16126679
0.32909825
0.623711
0.5881545
0.58779794
0.14193454
0.59890044
0.20646141
0.6406303
0.6224945
0.15895928
0.74697787
0.36356702
0.15382943
0.5801994
0.67408127
0.6357705
0.19783105
0.5902112
0.19399309
0.712874
0.2102949
0.17085935
0.66698503
0.7242826
0.61690503
0.70878357
0.15764165
0.16944428
0.17580883
0.69631505
0.15144013
0.1930106
0.21595515
0.15731901
0.13728508
0.749041
0.5264358
0.19666165
0.18332115
0.35814545
0.68419564
0.62887496
0.14644262
0.70131063
0.6362172
0.6200127
0.3742016
0.6572378
0.6822075
0.15944667
0.14078897
0.14401118
0.18944518
0.61499494
0.31220788
0.62127876
0.6063326
0.5537755
0.7337337
0.68134856
0.64037645
0.6091498
0.17866729
0.6194154
0.31599617
0.5795078
0.17730193
0.17970811
0.6129045
0.6966372
0.632574
0.21451344
0.6423487
0.1970633
0.18002398
0.19604322
0.37875184
0.6037363
0.1578765
0.17448099
0.32729527
0.33000886
0.17606488
0.744794
0.1741782
0.16633625
0.20102674
0.62397563
0.5784022
0.18665229
0.15618058
0.72468835
0.5228457
0.62104964
0.18772736
0.15465347
0.6019985
0.6668289
0.32904428
0.23664945
0.6270694
0.56613624
0.20699713
0.14934802
0.28023252
0.3213723
0.64925104
0.6328064
0.16219676
0.14435022
0.16922612
0.15497193
0.60605067
0.629012
0.3178597
0.5117503
0.37137994
0.669069
0.7018514
0.656956
0.32547456
0.68271697
0.36294356
0.7322588
0.67211044
0.15856895
0.14230244
0.6146276
0.15628552
0.7384792
0.19279265
0.15643924
0.36277473
0.19387244
0.15843536
0.7384386
0.808085
0.6458938
0.32329148
0.1531443
0.16574065
0.13550311
0.599186
0.34100813
0.59768414
0.17550099
0.15231894
0.6597708
0.5185855
0.6261078
0.31458485
0.15798214
0.22374366
0.13120873
0.630194
0.7072571
0.13062045
0.6602565
0.6578084
0.32834324
0.6409768
0.5910877
0.37095618
0.57782763
0.13939625
0.6229891
0.17027415
0.69734627
0.5639251
0.16800684
0.14911868
0.74264467
0.7226383
0.15687087
0.618678
0.17961982
0.71585315
0.6249107
0.5512141
0.13219397
0.14442642
0.33765215
0.13902807
0.7169175
0.53793156
0.15890948
0.62898904
0.6367786
0.18327111
0.67035955
0.16160156
0.1649161
0.34127516
0.39045382
0.73885876
0.19201738
0.2841246
0.20014277
0.67992944
0.61388814
0.3603671
0.48027313
0.663149
0.7000264
0.6662528
0.40179843
0.3358055
0.6338029
0.19403316
0.2338309
0.48773324
0.32846788
0.62802297
0.18251017
0.12700625
0.6197897
0.5880227
0.18400447
0.3587994
0.14364606
0.52410036
0.15155782
0.6019677
0.15403248
0.7148906
0.3299122
0.3753926
0.5217539
0.30449352
0.14974837
0.15555757
0.59714127
0.55216885
0.16549984
0.66067713
0.79019254
0.564931
0.38266474
0.14749257
0.6453373
0.17216226
0.61216915
0.3700706
0.19180626
0.33800182
0.14386742
0.17444229
0.13433541
0.3782378
0.15834169
0.5255061
0.3196154
0.65051657
0.31699362
0.72174174
0.34369427
0.19823237
0.14887677
0.1842131
0.1804686
0.68560654
0.15373655
0.19500475
0.3414298
0.644064
0.7012734
0.31617576
0.16639523
0.24715923
0.1708096
0.66395426
0.15294093
0.6534988
0.4845093
0.31620443
0.64271545
0.12931383
0.61352605
0.6696895
0.14890504
0.67132646
0.67500025
0.15560798
0.54033303
0.15653893
0.6545008
0.6742002
0.6097646
0.67705625
0.5958888
0.18670776
0.13056363
0.17727827
0.17482875
0.22482902
0.6700636
0.5384137
0.13770838
0.5738172
0.15293369
0.78037786
0.17361502
0.1521698
0.17626351
0.5695866
0.5491456
0.13240683
0.2026119
0.15965728
0.67390084
0.17094818
0.7147117
0.7514681
0.6334378
0.1740945
0.6343952
0.12682235
0.3081937
0.3853781
0.18242437
0.50702536
0.18681543
0.6323457
0.19043982
0.6924065
0.58555454
0.18145566
0.17765594
0.18544644
0.6714215
0.6356181
0.59994715
0.30209342
0.18830772
0.6178524
0.4884463
0.6998128
0.14336143
0.6548475
0.6223181
0.3191488
0.17290235
0.33521914
0.7508928
0.5953852
0.33339724
0.7558255
0.6581408
0.20752262
0.1551455
0.14520836
0.6418478
0.18383817
0.67705315
0.7065845
0.17507124
0.1604596
0.18856663
0.102254115
0.6230318
0.5901965
0.676375
0.5790488
0.35314506
0.68953323
0.25679952
0.7560725
0.6253073
0.78267944
0.20599444
0.14461513
0.32466206
0.19745195
0.63871855
0.5336682
0.18269353
0.6952495
0.18658946
0.18897226
0.66010594
0.3252177
0.49621472
0.6553429
0.1667613
0.55945766
0.5726674
0.5838351
0.53604174
0.18790159
0.6368694
0.67605084
0.5887261
0.17990467
0.62982893
0.6780254
0.582803
0.6643855
0.61930865
0.73803425
0.6135199
0.18677329
0.17269866
0.64180505
0.14715782
0.17093721
0.22340235
0.15689084
0.132387
0.17433135
0.6492805
0.5624053
0.33986038
0.5429429
0.7357877
0.21777827
0.21824591
0.6155982
0.1433689
0.7003624
0.7017896
0.5927902
0.49847662
0.59526026
0.14571887
0.16488628
0.6770437
0.33376893
0.1524354
0.62794375
0.1501871
0.54909736
0.1559055
0.14333777
0.636227
0.16906592
0.15161774
0.14804813
0.16471714
0.30943215
0.17329036
0.20141415
0.63864857
0.59409285
0.34158057
0.18918407
0.5762456
0.17651483
0.14062375
0.7083151
0.6637778
0.1667138
0.50639385
0.3516401
0.66665584
0.1435353
0.6838041
0.5078353
0.16899776
0.37194833
0.16725552
0.330893
0.20042695
0.13302048
0.13698968
0.56341493
0.4994486
0.14975457
0.6672877
0.18258779
0.15885553
0.3151883
0.19461605
0.61826426
0.52823955
0.5918361
0.1383391
0.16808371
0.1593348
0.6447004
0.18209964
0.5998542
0.16362828
0.17701586
0.6372077
0.14016774
0.16790444
0.66991735
0.75675344
0.31760237
0.6278083
0.18199386
0.16560957
0.6451714
0.5833564
0.5581522
0.13989797
0.64522684
0.66880035
0.51841354
0.68038934
0.15782978
0.73664755
0.62135106
0.7171618
0.19364831
0.1756983
0.16596322
0.30708024
0.14475222
0.75562936
0.13570324
0.70301265
0.32494986
0.5890046
0.6801182
0.13786393
0.14270742
0.13527916
0.57944673
0.75059235
0.6084712
0.74421275
0.6158129
0.5069596
0.64760274
0.16319916
0.40551898
0.56142765
0.5967558
0.12764646
0.6178855
0.589529
0.702371
0.6270015
0.14092693
0.18837263
0.57234716
0.7075858
0.15902692
0.54543936
0.34462395
0.6837143
0.18975715
0.17522337
0.6313791
0.7373793
0.5529646
0.63862014
0.65089744
0.19056036
0.13363403
0.3487713
0.6962875
0.69336385
0.39985466
0.6810556
0.5318168
0.6606403
0.7161333
0.68217975
0.1594429
0.28903523
0.7064418
0.18233702
0.21102129
0.13853271
0.6377995
0.15698971
0.14527525
0.17583385
0.34533492
0.7037065
0.35750678
0.54815435
0.20741412
0.5939109
0.16482869
0.31806326
0.14400569
0.17388918
0.16821328
0.14810312
0.57196814
0.31128222
0.6349096
0.17351736
0.64016
0.36746806
0.2026589
0.16758648
0.5602174
0.53243405
0.34279165
0.5175172
0.16573161
0.3275702
0.18110701
0.60957074
0.3732245
0.5579686
0.32972085
0.3756822
0.7291353
0.16724463
0.68071485
0.6246535
0.59039503
0.5760683
0.15951848
0.6719636
0.6608603
0.56729305
0.16141663
0.64134705
0.5100433
0.64003074
0.55738896
0.16968766
0.49141803
0.6433857
0.33924478
0.6832362
0.14841846
0.18313919
0.14976126
0.53358144
0.684268
0.52992797
0.3307878
0.548349
0.6783295
0.18015309
0.7654529
0.68958837
0.63867646
0.63683784
0.6343591
0.32810682
0.18409684
0.64838994
0.30439982
0.67182916
0.3171646
0.65060925
0.60354334
0.5615299
0.75573623
0.17644988
0.5964453
0.691963
0.13988644
0.6364707
0.12929559
0.15426727
0.1914384
0.14302489
0.3494628
0.17031755
0.5070559
0.5228949
0.6205616
0.17705677
0.56137234
0.5768816
0.17303298
0.13761474
0.6680395
0.63859737
0.36483413
0.5806109
0.68276155
0.58050394
0.18101941
0.66892165
0.18665713
0.743862
0.1681535
0.20073642
0.37768903
0.6598251
0.16588749
0.77472645
0.31913117
0.61357254
0.3139766
0.1927057
0.58378077
0.72293913
0.20676252
0.779811
0.6200472
0.15046687
0.63109624
0.16200338
0.18217246
0.3978026
0.3147408
0.54444015
0.5450549
0.5690242
0.48754457
0.5974909
0.30436563
0.6108599
0.1302095
0.65718967
0.3806636
0.3309998
0.15397073
0.1494179
0.7286275
0.33189705
0.55763876
0.14925125
0.6561598
0.5505073
0.16066478
0.5994276
0.17000493
0.3042517
0.6447489
0.12903972
0.13710882
0.58354753
0.68965524
0.3316314
0.5749584
0.6334644
0.17863704
0.33409628
0.6515309
0.40282708
0.32147616
0.13139385
0.18906422
0.32456955
0.33802027
0.317593
0.65513265
0.69075346
0.6215616
0.20560467
0.332039
0.71567535
0.18179736
0.14952189
0.6511886
0.17266709
0.57817006
0.6855978
0.6660674
0.68160665
0.16543116
0.17019233
0.6564456
0.6892087
0.678602
0.62672395
0.60447705
0.33700976
0.7412348
0.17605253
0.6735962
0.69029164
0.1688268
0.21694341
0.14606053
0.1600118
0.66468436
0.6028239
0.63668495
0.16034539
0.67434496
0.17891173
0.5133578
0.15081047
0.65453285
0.6020294
0.6874773
0.7503209
0.70106727
0.18173638
0.32363862
0.18286134
0.6149958
0.7253452
0.48429716
0.141092
0.67834634
0.7125002
0.58809936
0.19618593
0.6318453
0.17815863
0.7361417
0.62826866
0.6787324
0.19736628
0.32150763
0.69118595
0.15163194
0.15242845
0.13371031
0.5986359
0.1632275
0.5267689
0.64471334
0.534012
0.19821101
0.19812106
0.58747154
0.60478723
0.14665684
0.6715062
0.5168498
0.1522992
0.17466232
0.18453616
0.16932125
0.6546677
0.332243
0.18671319
0.59034824
0.58807296
0.13725132
0.10771656
0.6676337
0.16539565
0.6341049
0.15991946
0.1949496
0.15020326
0.16614045
0.62217915
0.1782288
0.13092238
0.5973213
0.16155398
0.19359447
0.53071237
0.5482313
0.15941007
0.25480685
0.36113513
0.3194327
0.60434973
0.5562367
0.7135187
0.1507282
0.61487263
0.18376566
0.6136151
0.2395881
0.69358957
0.68330616
0.608247
0.7053387
0.1707272
0.16731925
0.3936694
0.6399439
0.3359935
0.59042954
0.4208565
0.54484165
0.32751694
0.55522627
0.60190755
0.33121055
0.6372141
0.57161963
0.69018686
0.50644827
0.7158956
0.22417474
0.15113953
0.6185701
0.19609419
0.18544921
0.16790856
0.15451306
0.60515755
0.549825
0.737341
0.6544823
0.16581222
0.72743213
0.1628431
0.1799962
0.17333344
0.66866946
0.16971794
0.15558627
0.36327687
0.71269846
0.113757536
0.3269012
0.19363227
0.1723513
0.20721973
0.16150849
0.19551201
0.66131264
0.16673571
0.6965052
0.17821302
0.32546946
0.17605384
0.59040123
0.5814903
0.13275884
0.15632941
0.68128926
0.6003158
0.1554142
0.14154059
0.16363014
0.3621046
0.59529245
0.7424669
0.21124312
0.6791989
0.5609688
0.6614283
0.17422214
0.67267853
0.13491532
0.18736252
0.59789336
0.7191796
0.15076233
0.3516644
0.6323333
0.13964778
0.21695787
0.18897104
0.17727245
0.6497637
0.7563414
0.18806995
0.37412745
0.7236608
0.20054103
0.5896429
0.6691384
0.1783416
0.17695236
0.6985613
0.17029274
0.17622572
0.7013003
0.34825194
0.6794118
0.1501327
0.1509778
0.16264558
0.23722033
0.19081369
0.5992111
0.31894937
0.1495326
0.37808472
0.702401
0.7118118
0.61251056
0.5101927
0.15979443
0.15276372
0.6381993
0.17023773
0.31203544
0.16739817
0.33774692
0.67422086
0.31169274
0.22181512
0.63447106
0.34690735
0.18738143
0.5881448
0.60495466
0.71663034
0.15647858
0.6647831
0.1452947
0.3373854
0.5858426
0.69520307
0.13894214
0.58409625
0.6175849
0.13671152
0.15258817
0.6002763
0.18491273
0.66309017
0.17750691
0.59728247
0.35598177
0.15963148
0.6515842
0.19259812
0.16420655
0.4878187
0.7072063
0.15541299
0.15668532
0.7105433
0.59669644
0.6307701
0.6078527
0.50788534
0.61938375
0.5957829
0.20356523
0.7481297
0.15083092
0.3900202
0.17973377
0.19330812
0.6726123
0.14427158
0.63770986
0.6033835
0.14061372
0.15141839
0.18195663
0.15442616
0.65417594
0.23265757
0.6517478
0.14609906
0.30667505
0.562709
0.65038514
0.64263135
0.6069774
0.1554054
0.63042665
0.17091884
0.15870704
0.18025132
0.2004563
0.18426989
0.5926143
0.33656543
0.34688967
0.15840355
0.5647025
0.6309582
0.6205554
0.6110044
0.6610898
0.70841634
0.60579073
0.6341675
0.60422057
0.16057035
0.5043959
0.6159724
0.13251375
0.5715486
0.60275155
0.13624702
0.6054407
0.17224135
0.5203411
0.71836185
0.71327436
0.5379915
0.5761654
0.6845106
0.16270396
0.1894758
0.17551939
0.18886559
0.33807027
0.16216318
0.12983587
0.65326864
0.67027754
0.5663584
0.32355145
0.3417078
0.1374684
0.32924953
0.36309132
0.48398337
0.14186327
0.60782063
0.16445036
0.59239924
0.16511111
0.5646477
0.68846864
0.69520175
0.61334276
0.14653133
0.6643634
0.18273573
0.6322488
0.13284446
0.14463721
0.14177491
0.34459636
0.6668914
0.13580033
0.17680363
0.5937389
0.65892226
0.6280769
0.17356601
0.638725
0.6050013
0.6607883
0.13562915
0.18335038
0.7294944
0.22541538
0.16585194
0.3502534
0.48518378
0.54685605
0.3249088
0.1577069
0.6383815
0.5502772
0.18430494
0.5524635
0.35321823
0.17262347
0.13025975
0.71533155
0.6567736
0.18306921
0.15471007
0.19281304
0.6780982
0.22178853
0.6425781
0.33955073
0.66275406
0.16664624
0.18795903
0.61788034
0.67261606
0.5997406
0.61749756
0.56977206
0.7039514
0.17501792
0.21940404
0.20133626
0.59520286