0.45554495
0.45554495
0.45554495
0.45554525
0.45554495
0.45554495
0.45554495
0.45554495
0.45554495
0.45554525
0.45554495
0.45554495
0.45554495
0.45554495
0.455545
0.45554495
0.45554495
0.4555444
0.45554495
0.45554495
0.45554495
0.45554495
0.45554495
0.45554495
0.45554495
0.455545
0.45554495
0.4555451
0.45554495
0.45554495
0.45554495
0.45554495
0.4555447
0.45554495
0.45554495
0.45554495
0.45554495
0.45554495
0.45554495
0.45554495
0.455545
0.45554495
0.45554492
0.45554495
0.45554495
0.4555448
0.4555451
0.45554492
0.45554495
0.45554495
0.4555448
0.45554495
0.4555448
0.45554554
0.45554516
0.45554495
0.45554507
0.4555448
0.45554477
0.45554495
0.45554495
0.45554507
0.4555451
0.45554495
0.4555455
0.45554495
0.45554495
0.45554462
0.45554522
0.4555451
0.45554495
0.45554486
0.45554495
0.45554516
0.45554495
0.45554495
0.45554495
0.455545
0.45554495
0.45554495
0.45554495
0.45554495
0.45554495
0.45554495
0.455545
0.45554495
0.45554495
0.4555454
0.455545
0.45554495
0.45554495
0.45554495
0.45554495
0.45554495
0.45554495
0.45554495
0.455545
0.45554495
0.45554495
0.45554492
0.45554492
0.45554495
0.45554495
0.45554495
0.45554495
0.4555451
0.45554495
0.45554575
0.45554495
0.45554495
0.45554495
0.45554495
0.45554492
0.45554492
0.45554495
0.45554495
0.45554495
0.45554492
0.45554495
0.45554492
0.45554495
0.45554495
0.45554495
0.45554495
0.45554495
0.4555448
0.45554495
0.45554495
0.45554495
0.455545
0.45554495
0.45554495
0.45554495
0.45554495
0.45554495
0.45554495
0.4555451
0.45554495
0.45554495
0.45554495
0.45554486
0.45554492
0.45554507
0.45554495
0.45554668
0.45554495
0.45554495
0.45554492
0.45554495
0.45554495
0.45554492
0.45554495
0.4555451
0.45554495
0.45554495
0.45554495
0.45554486
0.45554495
0.45554495
0.45554495
0.45554495
0.45554495
0.45554495
0.4555451
0.45554495
0.45554495
0.45554495
0.45554495
0.45554492
0.45554495
0.45554495
0.45554495
0.45554492
0.45554522
0.45554495
0.45554492
0.45554486
0.45554495
0.45554495
0.45554495
0.45554492
0.45554495
0.45554495
0.45554495
0.45554486
0.45554495
0.45554495
0.45554495
0.45554495
0.45554495
0.45554495
0.45554495
0.45554495
0.45554495
0.45554495
0.45554495
0.45554495
0.455545
0.45554495
0.45554495
0.45554507
0.45554492
0.45554492
0.45554492
0.45554495
0.45554495
0.45554495
0.45554495
0.45554495
0.4555448
0.45554495
0.45554495
0.45554495
0.45554495
0.45554495
0.45554495
0.45554495
0.45554495
0.45554495
0.45554495
0.45554495
0.45554495
0.45554495
0.45554492
0.45554492
0.45554492
0.4555448
0.45554495
0.45554495
0.45554492
0.45554495
0.45554495
0.4555451
0.45554495
0.45554492
0.45554495
0.4555451
0.45554495
0.45554495
0.45554495
0.45554495
0.45554495
0.45554495
0.45554507
0.45554495
0.45554495
0.455545
0.45554495
0.45554495
0.45554495
0.45554495
0.45554495
0.4555451
0.455545
0.45554492
0.45554495
0.455545
0.45554495
0.45554495
0.45554495
0.45554495
0.45554495
0.45554495
0.45554516
0.455545
0.45554495
0.45554495
0.45554495
0.4555454
0.455545
0.45554495
0.45554495
0.45554495
0.45554495
0.4555447
0.45554495
0.45554495
0.45554492
0.45554495
0.45554495
0.45554495
0.45554495
0.45554486
0.45554492
0.45554495
0.4555444
0.45554495
0.45554495
0.45554495
0.45554495
0.45554495
0.45554507
0.45554495
0.45554495
0.45554495
0.45554495
0.45554495
0.455545
0.45554495
0.45554495
0.45554495
0.45554495
0.4555444
0.45554495
0.45554507
0.4555448
0.45554495
0.45554492
0.4555462
0.45554495
0.45554495
0.45554495
0.45554495
0.45554522
0.45554495
0.45554495
0.45554495
0.45554495
0.4555448
0.45554495
0.45554492
0.455545
0.45554495
0.45554495
0.45554492
0.45554495
0.45554495
0.45554495
0.45554495
0.45554477
0.45554495
0.45554495
0.45554495
0.4555448
0.455545
0.45554492
0.45554495
0.45554495
0.45554495
0.45554495
0.45554495
0.45554495
0.45554495
0.45554495
0.455545
0.45554495
0.45554492
0.455545
0.45554492
0.45554495
0.4555453
0.45554495
0.45554492
0.45554495
0.45554492
0.45554495
0.45554495
0.45554495
0.4555447
0.45554495
0.45554495
0.4555447
0.45554495
0.45554495
0.455545
0.45554495
0.45554495
0.45554495
0.45554495
0.45554495
0.45554495
0.45554495
0.45554495
0.45554495
0.45554492
0.45554537
0.45554578
0.45554495
0.45554495
0.45554495
0.45554495
0.45554495
0.45554495
0.45554495
0.45554495
0.45554495
0.45554477
0.45554495
0.45554495
0.45554495
0.45554495
0.45554495
0.45554495
0.45554495
0.45554495
0.45554492
0.45554668
0.45554492
0.45554495
0.45554495
0.45554492
0.45554495
0.45554495
0.45554492
0.45554495
0.45554495
0.455545
0.45554495
0.45554495
0.45554495
0.45554495
0.45554495
0.45554495
0.4555448
0.45554495
0.45554495
0.455545
0.45554495
0.45554495
0.45554495
0.45554495
0.45554495
0.45554495
0.45554492
0.4555448
0.45554495
0.45554495
0.45554495
0.45554495
0.45554495
0.45554495
0.45554495
0.45554495
0.45554495
0.45554495
0.45554495
0.45554495
0.4555445
0.45554525
0.45554495
0.45554492
0.45554492
0.45554495
0.45554495
0.45554495
0.45554495
0.45554495
0.45554495
0.45554495
0.45554495
0.45554495
0.45554495
0.45554492
0.45554495
0.45554492
0.45554495
0.45554495
0.45554486
0.45554495
0.45554495
0.45554495
0.45554495
0.45554495
0.45554495
0.45554492
0.45554495
0.455545
0.45554486
0.45554495
0.45554495
0.45554495
0.45554495
0.45554495
0.45554495
0.45554495
0.45554495
0.45554495
0.45554495
0.45554495
0.45554495
0.45554495
0.45554495
0.45554495
0.45554495
0.45554495
0.4555444
0.45554486
0.45554495
0.45554492
0.45554495
0.45554495
0.45554495
0.45554495
0.45554495
0.45554495
0.45554495
0.45554495
0.4555447
0.45554492
0.45554495
0.45554495
0.4555453
0.45554495
0.45554492
0.45554495
0.45554522
0.45554495
0.455545
0.45554495
0.45554495
0.45554495
0.45554492
0.45554492
0.45554495
0.45554495
0.45554495
0.455545
0.45554495
0.45554495
0.45554495
0.45554495
0.4555448
0.45554495
0.45554495
0.45554495
0.45554495
0.45554495
0.45554495
0.45554495
0.45554495
0.45554447
0.45554492
0.45554495
0.45554495
0.45554492
0.45554495
0.45554495
0.45554495
0.45554492
0.45554495
0.4555451
0.45554402
0.45554495
0.45554495
0.45554495
0.45554495
0.45554495
0.45554495
0.45554495
0.45554492
0.45554495
0.45554495
0.45554477
0.45554495
0.45554495
0.45554495
0.45554495
0.45554495
0.45554492
0.45554495
0.45554495
0.45554495
0.45554492
0.45554495
0.45554495
0.45554495
0.45554495
0.45554525
0.45554495
0.4555448
0.45554495
0.45554495
0.45554495
0.45554495
0.45554495
0.4555456
0.45554537
0.45554516
0.455545
0.45554495
0.45554495
0.45554516
0.45554495
0.45554495
0.45554495
0.45554492
0.45554495
0.45554495
0.45554495
0.4555448
0.45554495
0.45554495
0.45554495
0.4555448
0.45554495
0.455545
0.45554495
0.45554495
0.45554495
0.45554495
0.45554575
0.455545
0.45554495
0.45554495
0.45554492
0.45554495
0.45554495
0.45554495
0.45554495
0.4555451
0.45554495
0.45554492
0.45554495
0.45554492
0.4555448
0.45554492
0.45554495
0.45554495
0.45554495
0.45554495
0.45554495
0.45554495
0.4555457
0.455545
0.45554495
0.4555455
0.45554495
0.45554537
0.45554495
0.45554495
0.45554495
0.45554495
0.45554492
0.45554492
0.45554495
0.4555463
0.45554495
0.455545
0.45554495
0.45554495
0.45554495
0.45554495
0.45554522
0.45554495
0.45554495
0.45554495
0.45554492
0.45554495
0.45554495
0.45554495
0.45554495
0.4555451
0.45554495
0.45554492
0.4555448
0.45554495
0.45554492
0.4555451
0.45554495
0.45554495
0.45554495
0.45554495
0.45554495
0.45554492
0.45554495
0.45554495
0.45554495
0.45554495
0.45554486
0.45554495
0.45554495
0.45554495
0.45554495
0.45554492
0.45554492
0.45554492
0.45554492
0.45554495
0.45554507
0.45554447
0.45554525
0.45554495
0.4555447
0.45554495
0.45554495
0.4555447
0.45554495
0.45554495
0.45554495
0.45554495
0.45554495
0.45554495
0.45554495
0.45554495
0.45554495
0.45554495
0.455545
0.45554495
0.45554495
0.45554492
0.45554495
0.455545
0.4555451
0.45554495
0.45554495
0.45554495
0.45554492
0.45554495
0.45554495
0.4555453
0.455545
0.4555447
0.45554495
0.45554495
0.455546
0.45554495
0.45554495
0.45554495
0.45554495
0.45554495
0.45554495
0.45554495
0.45554495
0.45554495
0.45554495
0.45554495
0.45554495
0.45554495
0.45554495
0.45554492
0.455545
0.45554495
0.45554495
0.45554495
0.45554477
0.45554495
0.45554495
0.45554495
0.45554495
0.45554495
0.45554507
0.45554495
0.45554495
0.45554495
0.45554495
0.45554495
0.45554495
0.45554495
0.45554495
0.45554492
0.45554495
0.45554495
0.45554495
0.4555451
0.45554495
0.45554495
0.45554495
0.45554495
0.45554495
0.45554495
0.45554495
0.45554492
0.45554495
0.45554495
0.45554492
0.4555451
0.45554495
0.45554525
0.45554495
0.45554495
0.45554495
0.45554495
0.4555448
0.45554492
0.45554492
0.45554495
0.45554495
0.455545
0.45554495
0.45554495
0.45554495
0.45554495
0.45554465
0.45554507
0.45554495
0.45554495
0.4555444
0.45554495
0.45554507
0.45554495
0.45554492
0.45554495
0.45554495
0.45554495
0.45554495
0.45554495
0.45554495
0.45554495
0.45554495
0.45554495
0.4555444
0.45554495
0.4555448
0.455545
0.45554495
0.45554495
0.45554495
0.45554495
0.45554495
0.455545
0.45554495
0.45554495
0.45554495
0.45554495
0.45554495
0.45554495
0.45554495
0.45554492
0.45554495
0.45554492
0.455545
0.45554495
0.45554492
0.45554495
0.45554495
0.4555451
0.455545
0.45554495
0.45554486
0.45554495
0.45554507
0.45554495
0.45554495
0.45554495
0.45554495
0.45554486
0.45554614
0.45554495
0.45554495
0.45554492
0.45554495
0.45554495
0.4555445
0.45554495
0.45554495
0.45554495
0.45554495
0.45554495
0.45554492
0.45554495
0.455545
0.45554495
0.45554495
0.45554492
0.45554495
0.45554495
0.45554495
0.45554495
0.45554495
0.45554495
0.45554495
0.45554495
0.4555454
0.45554486
0.45554495
0.45554495
0.45554495
0.4555444
0.45554492
0.45554495
0.45554495
0.45554516
0.45554495
0.45554495
0.45554495
0.45554486
0.45554495
0.45554486
0.45554495
0.45554492
0.45554495
0.45554495
0.45554495
0.4555448
0.45554495
0.45554495
0.45554495
0.45554495
0.4555451
0.45554495
0.45554495
0.45554495
0.45554495
0.455545
0.4555453
0.45554495
0.45554495
0.45554495
0.45554495
0.45554495
0.45554495
0.4555447
0.45554495
0.45554495
0.45554492
0.45554495
0.45554495
0.45554495
0.45554507
0.45554495
0.45554495
0.45554495
0.4555448
0.45554495
0.45554566
0.45554495
0.455545
0.45554495
0.45554495
0.45554495
0.45554495
0.45554495
0.45554495
0.45554495
0.45554495
0.45554495
0.45554495
0.45554495
0.45554495
0.45554495
0.45554495
0.45554492
0.455545
0.45554495
0.45554495
0.45554495
0.45554495
0.45554495
0.4555456
0.45554495
0.45554495
0.45554495
0.45554495
0.45554495
0.45554495
0.45554495
0.45554495
0.45554495
0.45554495
0.45554495
0.45554495
0.4555451
0.45554495
0.45554495
0.45554486
0.45554495
0.45554522
0.45554495
0.455545
0.4555448
0.455545
0.45554495
0.45554495
0.4555448
0.45554495
0.45554492
0.45554495
0.45554495
0.45554495
0.45554495
0.45554495
0.45554495
0.45554507
0.45554495
0.45554495
0.45554522
0.45554495
0.4555448
0.4555447
0.45554492
0.45554495
0.45554495
0.45554495
0.45554495
0.45554495
0.45554495
0.45554495
0.45554495
0.45554495
0.45554495
0.45554495
0.45554495
0.45554495
0.45554495
0.45554495
0.4555448
0.45554495
0.45554495
0.45554495
0.4555453
0.45554495
0.45554495
0.45554495
0.45554495
0.45554495
0.45554495
0.45554516
0.45554495
0.45554495
0.45554838
0.45554495
0.45554495
0.455545
0.45554495
0.45554495
0.45554495
0.4555448
0.45554495
0.45554495
0.45554495
0.45554495
0.45554495
0.45554495
0.45554495
0.45554495
0.45554495
0.45554495
0.45554495
0.45554495
0.4555448
0.45554495
0.45554495
0.45554495
0.45554495
0.45554495
0.45554492
0.45554492
0.45554495
0.45554495
0.45554495
0.45554495
0.45554495
0.45554495
0.4555448
0.45554495
0.45554492
0.45554495
0.45554546
0.45554495
0.45554495
0.45554495
0.45554495
0.45554495
0.45554492
0.45554495
0.45554495
0.45554495
0.4555448
0.45554495
0.45554495
0.45554495
0.45554492
0.45554495
0.45554495
0.45554495
0.45554495
0.45554495
0.45554495
0.45554495
0.45554492
0.45554495
0.45554495
0.45554495
0.45554495
0.45554495
0.45554495
0.45554495
0.45554495
0.45554495
0.45554495
0.45554495
0.45554495
0.45554495
0.45554492
0.45554495
0.45554495
0.4555448
0.45554495
0.45554492
0.45554495
0.45554495
0.45554495
0.45554495
0.45554492
0.455545
0.45554495
0.45554495
0.45554495
0.45554495
0.45554495
0.4555448
0.45554492
0.45554495
0.45554495
0.45554495
0.45554495
0.45554495
0.4555447
0.455545
0.45554495
0.45554507
0.45554492
0.4555448
0.45554495
0.45554495
0.45554495
0.45554495
0.45554495
0.45554495
0.4555447
0.45554495
0.45554495
0.455545
0.45554495
0.45554495
0.45554495
0.45554492
0.45554495
0.45554495
0.45554495
0.45554495
0.45554492
0.45554495
0.45554495
0.45554495
0.45554492
0.455545
0.45554495
0.45554486
0.45554495
0.4555448
0.45554495
0.45554495
0.45554495
0.4555451
0.45554492
0.45554495
0.45554495
0.45554495
0.4555448
0.45554495
0.45554492
0.45554495
0.45554495
0.45554495
0.45554495
0.45554495
0.45554495
0.45554492
0.45554492
0.45554495
0.45554495
0.45554522
0.45554477
0.45554495
0.45554495
0.45554495
0.45554495
0.45554492
0.45554492
0.45554495
0.45554492
0.45554495
0.45554495
0.45554495
0.45554495
0.45554495
0.45554486
0.45554495
0.45554495
0.45554495
0.45554495
0.45554495
0.45554495
0.45554495
0.45554495
0.45554495
0.45554495
0.45554495
0.45554537
0.45554492
0.45554507
0.45554495
0.45554495
0.45554495
0.45554495
0.45554495
0.45554495
0.45554495
0.45554495
0.45554495
0.45554495
0.455545
0.45554495
0.45554495
0.45554495
0.45554492
0.45554495
0.4555448
0.45554495
0.45554462
0.4555451
0.455545
0.45554495
0.45554495
0.45554492
0.45554492
0.45554516
0.45554495
0.45554495
0.45554495
0.45554495
0.45554495
0.45554495
0.45554495
0.45554495
0.45554495
0.45554495
0.45554495
0.45554492
0.45554495
0.45554495
0.45554495
0.45554495
0.45554492
0.455545
0.45554495
0.45554495
0.45554495
0.45554495
0.45554495
0.45554495
0.45554495
0.45554492
0.45554495
0.45554495
0.45554495
0.45554477
0.45554495
0.45554495
0.45554495
0.45554495
0.45554495
0.45554495
0.45554495
0.45554495
0.45554495
0.45554608
0.45554495
0.45554495
0.45554495
0.45554495
0.45554495
0.45554495
0.45554495
0.4555451
0.45554495
0.45554495
0.45554495
0.45554495
0.45554492
0.45554495
0.45554495
0.45554495
0.45554495
0.45554486
0.45554495
0.45554492
0.45554495
0.45554495
0.45554495
0.45554495
0.4555448
0.45554495
0.45554495
0.45554495
0.45554495
0.455545
0.45554495
0.455545
0.455545
0.45554495
0.45554495
0.45554495
0.45554495
0.45554492
0.45554522
0.45554495
0.45554495
0.45554495
0.45554495
0.45554495
0.45554495
0.45554495
0.4555454
0.45554495
0.45554495
0.45554495
0.4555448
0.4555451
0.45554495
0.45554507
0.45554495
0.45554495
0.45554495
0.45554495
0.45554495
0.455545
0.45554495
0.45554495
0.45554495
0.45554495
0.45554495
0.4555447
0.45554495
0.45554495
0.45554495
0.45554495
0.45554495
0.45554495
0.455545
0.45554495
0.45554495
0.45554495
0.45554495
0.45554495
0.45554495
0.45554492
0.45554495
0.45554495
0.45554495
0.455545
0.45554495
0.4555457
0.45554495
0.45554522
0.45554495
0.45554462
0.455545
0.45554495
0.45554495
0.45554495
0.45554495
0.45554492
0.45554495
0.45554495
0.45554495
0.45554495
0.45554492
0.4555448
0.45554495
0.45554495
0.45554495
0.45554495
0.455545
0.45554492
0.45554495
0.45554495
0.45554495
0.45554522
0.4555448
0.45554495
0.45554495
0.45554495
0.45554495
0.45554495
0.45554495
0.45554495
0.45554492
0.45554495
0.45554495
0.45554495
0.4555451
0.45554495
0.45554495
0.45554495
0.45554495
0.45554516
0.45554495
0.45554492
0.45554495
0.45554495
0.45554495
0.45554495
0.45554492
0.45554495
0.45554495
0.45554495
0.45554495
0.45554495
0.45554495
0.45554495
0.45554492
0.45554495
0.45554495
0.45554495
0.45554495
0.45554665
0.45554495
0.45554495
0.455545
0.45554495
0.45554495
0.45554495
0.455545
0.45554495
0.45554495
0.45554495
0.45554495
0.45554495
0.45554495
0.45554495
0.455545
0.45554495
0.45554495
0.45554495
0.45554495
0.45554495
0.45554495
0.45554495
0.45554495
0.45554492
0.45554495
0.45554495
0.45554462
0.455545
0.45554495
0.45554495
0.45554495
0.45554495
0.4555447
0.45554495
0.45554495