0.99999964
1.0
0.18347766
1.0
0.18575624
5.143654e-07
5.118038e-07
1.0
0.18450637
0.99833447
0.00011226471
8.164667e-10
4.4361116e-08
0.1874591
1.0
1.05696635e-07
6.5777165e-08
0.31161055
1.0381369e-08
0.8605
0.9999833
2.555063e-07
0.1869092
1.1448275e-07
2.956597e-09
3.8623884e-07
0.6187326
1.0
0.1974187
1.0
1.677012e-07
0.18881516
0.15999141
0.18921556
0.18832874
0.18296282
0.99967
1.0
1.0
1.0
1.3902229e-07
0.12971705
8.694651e-08
0.18290359
1.228113e-07
3.293557e-09
1.0
0.9996296
7.468155e-09
1.0
0.99999964
2.8274657e-08
1.0
1.0
0.9173423
9.182818e-07
1.0
1.5189188e-05
1.3660032e-06
5.073504e-07
1.0
1.0
1.0
0.18933174
0.9998449
0.99641776
1.0
4.7914733e-10
0.9753493
1.0
1.0
1.5625434e-07
0.9999851
0.03141289
2.507755e-11
1.1514614e-10
2.2795286e-08
1.0
0.19104429
0.18382181
5.696297e-08
4.080763e-08
0.18428114
1.0
1.0
9.207335e-09
0.99986136
1.0
1.0
0.9994641
4.8450444e-09
2.141235e-08
1.0
1.0
5.4623737e-08
2.725758e-07
1.0
0.99997556
1.0
1.0
0.18588491
0.1875427
7.270043e-07
1.2659886e-07
0.18311587
1.4127588e-05
1.4266544e-10
0.9999999
1.0
1.0
2.0521638e-08
0.18625969
0.99999726
5.6381586e-14
0.18814486
5.3306675e-09
4.2568278e-08
7.8540445e-09
1.0
0.9993886
1.0
1.0
0.00012657412
1.0
1.7458385e-07
1.0
3.5917677e-07
6.687912e-06
3.8543743e-07
1.0
1.0
0.9976801
5.471958e-06
1.0
7.985975e-10
1.6068178e-09
0.05848214
1.0
0.18967605
7.229098e-13
1.0
4.2123412e-07
0.99999976
9.850882e-08
0.9999945
1.0314381e-08
5.4590398e-08
0.00044411907
0.0008279454
2.745942e-07
1.0
0.9987465
0.18435517
2.1553682e-07
9.004845e-07
0.1820716
1.0
2.8713345e-08
1.80749e-09
1.0
1.0
1.0
0.6857715
1.0
1.0
8.2459316e-08
1.0
0.9998387
2.8954805e-06
2.0986242e-06
9.946823e-10
0.19089347
1.953922e-06
0.7768779
5.5852483e-06
2.7370886e-08
5.204211e-07
1.0
2.621841e-07
1.387975e-09
0.9616938
5.0860827e-09
4.1923065e-10
1.0
0.9999999
1.0
0.18337458
0.18741016
5.6112366e-08
1.0
9.168134e-09
1.0
1.0
1.0
4.367669e-08
3.5938535e-10
0.18700063
1.0
1.2937632e-07
1.6580366e-08
8.8450383e-07
1.0
1.0
1.0
1.0
1.0
9.5796345e-08
1.0
4.7353463e-09
4.5650168e-06
0.18361342
0.18474582
1.0
0.000111084075
0.18926193
0.18839642
2.2763524e-08
0.0016987417
1.6650695e-07
3.1318126e-07
5.6257645e-06
1.0
4.304458e-06
2.1263664e-07
1.5728753e-08
1.0
0.9999988
3.0059487e-06
0.18384337
3.9679662e-08
1.0
0.18409461
0.009451054
0.18917666
0.97708094
0.18812689
1.0
1.0
2.102274e-14
2.2619302e-09
1.995779e-07
1.4474062e-09
1.0
1.0
0.9999993
2.996616e-07
0.18706952
9.302122e-05
0.18402947
0.0052297665
1.0
3.676473e-08
0.9990403
3.0820723e-16
9.120905e-08
8.472788e-08
1.0
0.9999726
1.0
1.0
1.0
1.7376294e-07
1.0
1.0
0.99835324
1.5423566e-07
4.2782737e-09
1.5092513e-06
0.05497221
1.0
0.1932313
0.14776337
1.0499499e-07
1.7913385e-07
1.0
0.03847151
0.002283668
2.1775993e-07
0.9999999
1.0
1.0
1.0
1.246551e-08
5.027646e-08
1.0
1.0
0.18348934
1.0
2.1290624e-08
0.18786861
0.98646134
1.0
0.9889171
5.128829e-09
0.99999905
7.342691e-08
0.27265158
0.99999547
3.0981553e-07
1.0
0.19083261
1.2206721e-08
0.848428
1.0
1.0
6.4909336e-09
0.99999905
5.3154886e-06
1.0
1.5313871e-08
1.3108241e-06
0.90062153
1.0
1.0
1.0
8.435732e-08
3.059541e-08
8.429407e-09
1.0
3.56118e-07
3.442289e-09
1.12269805e-10
6.6111707e-09
3.603233e-08
1.0
0.9999924
6.558246e-09
1.04638164e-14
0.1882993
0.9999993
0.83521533
2.4283556e-08
1.0
1.0
0.9190722
0.18438719
1.0
1.0
6.5309465e-09
5.943977e-09
3.3031826e-09
5.3563537e-07
1.0
0.010157228
1.0
0.986779
0.9978532
1.0
1.0
1.0
0.9999999
1.0365964e-10
1.0
0.005911523
0.9999999
4.9323465e-09
1.7234183e-07
0.99999976
1.0
1.0
8.722312e-07
1.0
1.248948e-07
4.3443728e-07
7.3059977e-07
0.18287492
0.99999154
6.083799e-08
1.3281512e-07
0.18906848
0.18987139
4.6097124e-08
1.0
1.4385639e-08
6.215422e-08
8.0854284e-07
1.0
0.9997415
2.6295686e-07
1.21829125e-05
1.0
1.0
0.99999976
5.2002094e-11
4.0616727e-05
0.99999917
1.0
0.06807428
3.6427605e-06
1.0
1.0
8.785868e-09
6.143362e-08
6.7026536e-12
0.18578644
1.0
0.9999944
1.1700707e-08
2.0539443e-09
2.2777133e-06
3.3046778e-08
0.99996364
1.0
0.022090148
0.6669165
0.18827227
1.0
1.0
1.0
0.19122891
0.99998796
0.1825365
1.0
1.0
3.4341572e-09
1.2692885e-08
1.0
4.936422e-09
1.0
3.5710418e-08
1.161881e-06
0.18242973
1.9693809e-07
1.37777e-07
1.0
1.0
1.0
0.009975284
6.2414864e-07
3.5365244e-07
5.4725874e-10
1.0
0.18264863
0.0001662807
1.4059093e-06
6.6091876e-10
1.0
0.9426629
0.99968994
0.18350394
2.6710236e-08
3.4715672e-06
1.757899e-07
1.0
1.0
5.4044394e-06
1.0
1.0
0.19098394
1.0
1.0
0.19327877
0.99083394
1.9980719e-07
0.12216793
1.914851e-06
1.0
0.99933976
1.029084e-08
4.987997e-07
1.0
1.0
2.8040217e-09
0.16992779
8.089557e-08
1.0
1.0
0.93373144
7.3916475e-08
1.5728904e-08
0.18762188
1.303955e-07
1.0
1.0
2.0372063e-07
1.0
0.9999927
3.1834365e-06
1.0
6.3314616e-08
3.4371146e-07
0.183819
0.18974972
1.0
2.0496836e-08
2.9031045e-07
8.931667e-09
1.0
1.0
0.19547021
0.38649297
0.9999938
1.0
0.99999845
0.19172452
0.21855728
1.0
1.1196763e-06
8.657434e-08
0.99723685
0.1843561
1.0
1.506881e-07
1.305737e-07
0.99999225
1.0
2.610361e-10
0.006606124
6.139637e-08
0.0028107143
7.382361e-07
0.9956026
1.08942665e-07
1.0
0.1847835
0.18440087
1.0
1.7822816e-11
2.5301574e-08
1.187311e-09
1.0
0.0077814823
6.426165e-07
0.99999356
1.0
0.99984753
0.18784688
1.6285464e-08
0.9999801
1.3286941e-08
0.9999993
0.18974157
1.16611165e-08
0.19187027
7.153539e-08
7.2229653e-09
6.8344025e-07
0.19266418
5.024554e-07
1.0
0.18965441
1.0
0.18549664
1.0
0.182219
1.7762334e-08
1.2287849e-08
6.350956e-09
2.4889707e-06
0.9999999
6.67096e-08
6.584551e-10
0.19244635
1.0
1.0
0.18918127
1.66079e-08
4.378406e-06
7.800977e-11
1.0
4.7076543e-09
1.0
0.015022677
0.18442394
1.0
1.6468341e-07
1.0
1.0
4.714032e-07
0.99905866
1.0
1.6646806e-09
0.9983279
2.047924e-09
1.0
1.0
1.0
1.0
1.0
1.8728217e-07
1.07051335e-07
3.6636293e-06
2.203571e-11
2.9099642e-06
1.0
0.97005355
3.4793123e-07
0.00017981476
3.2158914e-06
1.0
1.6518376e-07
1.206706e-06
1.0781283e-06
0.065546565
0.99998736
1.1179649e-06
1.2673621e-09
1.7469058e-07
1.0
2.1353161e-09
1.0
1.0
0.99997795
6.43202e-10
0.99999845
2.1181998e-07
0.1925683
0.18575174
2.804403e-06
1.0
2.3853467e-08
0.99999905
1.3790032e-06
1.0
0.96275574
4.8244137e-06
4.056384e-06
4.0277402e-07
1.0
1.0
1.0
0.0020546243
4.527509e-06
0.9999323
0.3223743
1.0
4.5844843e-09
1.0
0.99918586
0.188122
6.042007e-08
0.18391384
1.0
1.0
0.00016111246
1.0
0.9999999
2.2545186e-05
6.16007e-08
1.557518e-09
1.0
3.2694414e-09
0.958741
1.0
2.5304471e-08
2.0993273e-08
9.34387e-07
0.0018485308
1.0
1.0
1.0
0.99996924
0.1905383
1.0
1.5446973e-05
1.0
1.0
1.0
5.433994e-07
5.746528e-08
0.18628187
9.473841e-09
1.0
0.995535
2.3041316e-06
0.99999845
5.766236e-08
8.946091e-09
1.0
1.2394782e-05
0.8514109
1.0
6.0516228e-09
0.9999869
1.0
1.0
0.00364434
1.5769251e-07
1.0
0.996114
0.07231371
1.3995949e-09
0.97939086
1.0
0.9999994
1.0
0.9999999
1.0
1.0
1.0001035e-14
0.00017821335
0.9999974
6.980567e-08
8.8818416e-07
1.4021736e-06
2.5940988e-08
6.700129e-07
2.3156752e-10
1.0
0.0844913
0.19144392
1.0
1.0
1.2090054e-05
2.9555673e-07
1.0
3.4028616e-08
1.0
1.0
0.9999777
0.6035032
1.0
5.607797e-07
5.5311276e-08
1.0
0.18427597
2.9233502e-09
1.0
1.2573106e-08
0.98564005
3.299631e-09
6.4569146e-09
0.99996257
1.1076369e-10
6.2885795e-07
1.4910208e-09
6.9057315e-08
0.18546902
2.0549217e-07
3.8097419e-06
0.99999094
1.0
0.18263625
8.163558e-11
1.0
1.0380522e-07
2.1607928e-08
1.0
1.0
4.9140567e-06
0.9994536
0.18590167
1.0
2.0622155e-09
1.0
0.0018762364
1.8304737e-10
0.18310791
1.4998702e-06
0.19138755
3.864177e-09
4.591978e-07
9.190127e-08
0.9999907
0.44521362
1.4828989e-08
0.99999964
4.0293185e-06
7.58225e-08
0.18626097
3.9211527e-09
1.0
1.0
0.9999143
2.8326727e-07
4.2106703e-07
1.3415471e-05
1.0
4.5654684e-07
1.0
1.4608494e-09
1.0565952e-08
1.0
4.3916856e-08
1.3399652e-07
0.9999956
1.0
1.6952055e-05
1.0
6.1901456e-10
6.850409e-07
1.0
0.97476906
0.99999976
8.007611e-08
1.0
0.9999999
0.77444637
1.0
1.380523e-06
1.0
1.0
1.0
1.3871896e-08
2.2769404e-05
1.0318996e-10
0.1270347
3.9368436e-07
1.0
1.0160342e-08
1.0
0.18896244
0.9997063
1.0
1.1279733e-07
3.4696708e-09
2.9793553e-08
0.34891155
1.0
1.0
1.0
1.0
0.99999535
0.999795
1.7480877e-09
0.19167982
0.99999976
0.9994999
1.34544145e-08
1.0
0.9999999
1.0
1.0
6.650317e-08
8.1618396e-07
1.0
1.0
3.8100317e-10
0.98048246
0.18854883
1.0
8.2873015e-09
1.5022257e-08
1.0
1.0
0.032694437
0.99999976
0.99999964
5.6532596e-09
5.669908e-07
2.8280458e-06
1.0
1.0
0.015348232
1.0
1.0
1.0
1.0
0.99999475
1.7214759e-12
7.596393e-06
1.0
5.1598768e-08
5.255192e-07
5.141994e-09
0.9999958
3.6507704e-09
9.3264285e-09
1.8286183e-09
0.19111685
1.0
0.18543988
1.0
5.7462756e-08
0.9999975
2.0243388e-07
0.00034341554
0.0
1.4475628e-10
4.7164377e-07
1.6488126e-07
0.91700995
0.1869663
0.99999905
1.5093893e-07
1.0
0.1841017
0.00012983545
6.4711353e-06
0.045939617
1.0
0.18469305
0.98491424
1.5082324e-07
0.18293358
1.5277083e-08
1.0
0.18587387
8.732894e-06
0.18917732
0.19102466
1.0
3.6112695e-07
1.0
1.0
0.9999988
0.9984855
3.6454456e-10
1.0
1.0
0.9834343
1.2621426e-08
1.0
0.0006006675
1.0
3.5501396e-06
1.819732e-09
0.9999708
1.0
0.18679675
1.0
3.2013185e-07
1.1884264e-08
1.0839035e-10
0.020441497
1.0
0.99999964
0.18659475
1.0
1.0
8.8839364e-10
1.0
1.0
1.0
1.0
1.0
0.19238251
3.5612077e-06
1.0
0.18628266
1.0
0.19226274
1.0
0.99999976
1.0
1.0
1.7960068e-07
1.0
1.0
3.6557196e-08
1.0
1.8018173e-07
3.2302566e-07
4.3581576e-08
1.400193e-09
0.1878675
5.0831947e-08
1.0
0.7295236
1.0
3.0590718e-07
1.0
0.85028005
5.904453e-07
1.516588e-07
1.0
1.0
0.19188043
0.9999999
1.0
1.0
2.552321e-07
1.0
2.764969e-10
1.0
7.494385e-08
2.3238785e-10
0.18349308
1.0
1.495168e-08
1.0
0.18215925
1.0
0.18703538
4.7576965e-10
0.9999995
1.0
6.6161185e-08
1.0
1.0
1.4766444e-08
0.9989502
7.2321395e-06
7.8324836e-10
0.19243798
0.0034550878
0.9999393
0.0005021036
0.999998
0.99999106
0.99629277
0.18489446
1.0
1.3093427e-08
0.9842232
0.19032732
0.18751317
4.2300434e-09
3.418794e-08
1.0
0.18757932
0.6000785
8.929738e-10
1.0
0.85476893
5.160468e-08
1.0
6.3282353e-09
0.19052806
0.9999999
1.7379229e-07
6.007235e-08
1.0
1.0
0.18759367
0.0002428952
1.0
6.843185e-09
0.18820785
1.0
0.3056899
0.18451898
1.4605845e-07
1.9368842e-09
0.18264313
0.19055192
0.18753472
1.0
0.99999976
0.9999993
3.7633123e-09
0.19003223
1.0
0.00037023867
4.0373968e-07
0.3275469
1.254881e-06
1.0
1.0
1.0
1.0
1.8668234e-09
2.826307e-07
0.99903727
1.0
1.0
0.9999957
0.9999807
0.18398935
1.0
8.689234e-05
1.0
1.0
1.0170603e-07
9.749645e-12
1.916117e-08
1.855617e-08
0.9999995
1.0
1.0
4.318022e-06
1.0
6.5472875e-07
1.0
1.3373565e-08
1.0
1.0
1.0
1.0
1.0
1.2974406e-06
0.18294425
1.7815026e-08
1.0
1.0
0.997759
1.5738392e-07
1.0
1.0
1.0
4.1401752e-05
1.0
2.0908546e-09
1.0
0.99977285
1.0
7.51486e-07
0.18548343
1.0
5.1502448e-06
1.9269802e-08
1.7716049e-08
1.0
9.297251e-08
0.05799413
0.9999981
0.99999094
5.7042785e-06
3.2454341e-09
1.0
1.0
9.679761e-10
1.0
0.79656255
3.7805776e-07
3.7298136e-08
6.7412583e-07
2.0593526e-14
1.0
0.18268073
3.3506067e-10
1.0
1.0
3.0218494e-06
5.7105864e-10
1.0
1.4274904e-07
0.9999999
9.901089e-07
1.3991156e-07
1.9566482e-06
8.7453924e-07
0.9999995
2.2717728e-07
1.252346e-07
1.0
1.0340032e-07
3.3748915e-09
0.99996865
4.712598e-07
9.022793e-09
3.1705076e-09
0.1916006
0.1877687
1.0
1.0
1.0
2.5367388e-08
0.9998149
5.578604e-08
1.0
8.067946e-05
1.0
1.0
1.0
1.0
3.9112105e-09
4.4994774e-08
0.18677254
0.9848797
0.19234918
0.98729694
1.185254e-05
0.13466236
0.18601236
0.9955734
0.21053237
0.19220722
0.99155605
0.09617255
1.0
0.9999999
1.0
1.3581193e-07
1.9934348e-08
0.99999917
2.1990387e-09
2.603763e-07
1.592587e-07
2.0064022e-06
0.9998235
1.0
1.0
1.0
6.8321285e-08
1.0
4.010954e-06
5.144086e-07
2.42562e-08
0.9999994
7.187491e-10
6.050056e-07
0.18789104
1.0
7.559849e-09
0.18492362
2.9437042e-10
1.4048522e-10
1.2293843e-07
7.7593036e-08
2.24406e-07
0.99999964
4.8745136e-08
1.0
1.5232923e-05
0.18873459
1.0854718e-10
1.0
0.88402313
1.2404915e-07
1.4103679e-05
1.0
1.0
2.1448281e-08
1.9869283e-08
1.5854497e-09
0.19365017
0.9999434
1.0
4.1962287e-09
1.0
0.9999727
1.0
1.04299986e-07
1.0
2.1605398e-07
8.3051305e-10
0.0002484837
1.0
7.096246e-08
0.18295406
0.9999963
2.5766897e-07
1.5261901e-09
6.156497e-09
7.283469e-11
1.0
1.0
2.4638297e-10
0.18747425
1.0
1.2464095e-10
0.9048648
0.99999976
1.5350167e-07
4.373603e-09
1.0
1.279875e-07
1.3834869e-09
1.0
0.18698046
1.0
6.045834e-07
1.9437946e-08
1.1117228e-06
8.262096e-09
2.2249338e-10
1.0
0.17502475
4.3619255e-07
0.18973117
1.0
1.0
0.99997115
0.9999995
2.9782957e-06
4.0212456e-08
1.0
2.7042411e-08
0.18796949
1.5759105e-06
0.19538726
1.0
0.1897124
0.00011540164
1.0
0.184085
4.7521195e-07
0.011918885
0.9999944
0.9999932
1.6215653e-09
1.0
8.029447e-09
0.18356824
0.0008000653
1.0
8.9719965e-09
1.0
1.0
3.5915184e-09
1.713506e-08
1.0
1.1734146e-07
1.0
3.3360545e-10
0.95744705
0.19313207
1.9400796e-08
1.0
5.070549e-07
6.8451006e-10
0.59810126
1.0
4.0596203e-07
1.0982765e-08
1.0
0.99999905
1.0
1.0
1.0
1.0
1.0
1.2988306e-09
1.0
5.797877e-08
0.19290061
3.0780257e-08
3.319479e-08
1.0
1.0836235e-08
1.0
1.0
8.719468e-07
1.1215866e-07
5.6921317e-07
1.8932575e-06
1.0
6.0594654e-09
1.0
3.1045144e-07
0.18867943
1.0
1.0
1.0
0.99998546
5.4144607e-07
0.9998247
2.2734745e-09
2.9825174e-05
4.391803e-08
3.3559186e-08
7.686885e-09
1.0
0.18327668
0.18831484
1.8347313e-10
0.03875433
1.0
1.0
1.0
1.0
1.0
0.9972921
0.99997723
1.0
6.2284258e-09
0.9999999
1.0
1.8755719e-08
0.99269605
1.0
1.5785652e-07
1.0
9.460996e-10
1.0
1.0
1.0
1.0
1.0
1.0
7.432593e-11
4.8455897e-09
1.5379004e-07
3.3172813e-09
0.022070734
1.9757046e-08
2.7734016e-08
1.0
1.0
0.99999297
0.18909298
0.18791169
7.7644097e-07
0.1887523
0.18486498
0.14960995
3.516704e-08
0.9999999
5.595014e-05
1.0
4.1609494e-11
0.79744583
1.0
1.0
1.0
4.264294e-09
1.0
1.3005302e-06
0.9999999
7.340143e-08
1.1688633e-07
2.1472225e-08
0.18636179
1.0
2.6495146e-08
4.242602e-08
1.0
1.0
1.0
8.106617e-10
0.99999964
0.99991906
1.0
2.1033338e-07
3.1206038e-09
1.0
7.510011e-08
4.0989782e-08
0.18880588
0.27486095
0.99714833
0.1862582
4.190856e-07
1.0
0.9974093
3.8393358e-10
1.0
0.18973452
8.258491e-08
8.619488e-08
1.0
1.0
5.274131e-07
1.211808e-06
1.589595e-07
0.9998894
9.4660725e-05
0.99471444
0.006808109
0.9999987
6.387994e-10
1.6786618e-07
1.0
1.0
1.0
1.0
0.0013702753
1.0
2.621089e-09
1.1133504e-06
2.6232796e-09
1.0