0.4896419
0.99999285
0.4186015
0.48487473
0.42448586
1.9251018e-05
6.614335e-05
0.9999871
0.424339
0.83542436
0.00055411644
7.385673e-05
4.256925e-05
0.4195106
0.9998505
2.4920226e-05
0.00011456954
0.7474301
0.00015681674
0.47693318
0.9420824
0.00033765013
0.42360666
9.04888e-05
1.9027595e-05
0.003844901
0.4761006
0.97514856
0.42132878
0.9998646
2.2106538e-05
0.421021
0.5416552
0.4479784
0.4195671
0.41963997
0.48557207
0.9979284
0.9999875
0.99984765
3.8643742e-05
0.4793739
0.0004000478
0.41902483
3.415046e-05
9.2107824e-05
0.5101637
0.97277766
7.0338865e-05
0.9998907
0.99810034
0.000104353945
0.99989116
0.9999305
0.47594246
9.977512e-05
0.48906898
5.7865087e-05
0.000111433124
0.00024599585
0.49764106
0.9998179
0.49103647
0.42978972
0.9206812
0.8832838
0.4912174
5.0765553e-05
0.53647375
0.49724072
0.9998528
3.6584268e-05
0.8608239
0.2555003
4.966038e-05
7.732722e-05
6.885086e-05
0.49209496
0.4321822
0.41969875
1.5440433e-05
2.9006716e-05
0.41925532
0.9991748
0.99962044
5.7822832e-05
0.49815947
0.9999883
0.9995901
0.9901267
2.510114e-05
3.323999e-05
0.9997427
0.99584347
5.8171096e-05
0.00013403886
0.99950683
0.99001324
0.9999269
0.99994886
0.4265027
0.42627227
2.3582264e-05
1.721464e-05
0.41914436
0.001615942
5.7353183e-05
0.9833515
0.9995433
0.9998474
8.484639e-05
0.42580596
0.991719
0.0017233242
0.42333564
2.2402577e-05
6.546776e-05
0.00020244633
0.99973017
0.80786705
0.99646604
0.99935037
0.0009606027
0.99999416
9.726647e-05
0.9994222
0.00029337144
1.2770559e-05
3.7270136e-05
0.995839
0.999928
0.9963468
1.567162e-05
0.99298227
0.00067698554
5.1807358e-05
0.42999482
0.9999893
0.43118116
7.742609e-05
0.99993145
3.1848806e-05
0.9988851
2.327754e-05
0.9279621
2.5987276e-05
2.3697961e-05
0.41645747
8.453281e-05
0.0006200561
0.9998518
0.98169035
0.4191969
1.8798266e-05
0.00020360996
0.41932583
0.9999807
2.232388e-05
3.517555e-05
0.9972753
0.9999579
0.99966097
0.64333427
0.999666
0.9999442
4.541718e-05
0.4993632
0.48696834
1.728897e-05
5.112404e-05
6.4368076e-05
0.41944388
0.0028204701
0.66283333
0.00016554334
0.00078738225
0.0012918746
0.9999975
9.4972114e-05
3.638494e-05
0.690757
4.6952206e-05
0.000483254
0.9999908
0.98301
0.998755
0.41939336
0.4246418
1.2184841e-05
0.98623335
1.9395326e-05
0.99999094
0.9998462
0.9999492
0.001212705
2.0044201e-05
0.42886466
0.9993735
0.00029655534
3.7824593e-05
0.00019248392
0.9998982
0.99981946
0.9962365
0.9995863
0.99999905
0.000718386
0.9999454
0.00020593041
2.1683354e-05
0.4192188
0.41992763
0.9998318
0.00023166189
0.43123525
0.4254094
4.4839606e-05
0.1546283
1.5583675e-05
6.14088e-05
5.1537816e-05
0.99998033
3.3836044e-05
0.00045025654
7.120854e-05
0.99966943
0.9973175
0.00016047634
0.4197659
3.0111165e-05
0.99941635
0.4245982
0.49228954
0.42898238
0.48664108
0.42281628
0.9997769
0.99998486
0.00088124664
3.533896e-05
2.6483975e-05
0.0004487423
0.99998164
0.9860108
0.9856129
3.5990906e-05
0.4200488
0.01682754
0.41980723
0.35701394
0.9999484
1.9406501e-05
0.96062493
3.6372207e-05
1.5308447e-05
0.00023274541
0.99625564
0.99680305
0.9971083
0.9998035
0.9999933
2.7067674e-05
0.9998847
0.9989278
0.68672204
0.004690234
5.66879e-05
2.173169e-05
0.28757924
0.99988675
0.42425108
0.5673486
1.23995e-05
0.0010465517
0.9720157
0.45646745
0.3759241
2.355345e-05
0.99943537
0.99180555
0.9999927
0.9999548
5.7731148e-05
4.5943714e-05
0.9999924
0.99029934
0.41975
0.999946
1.8690243e-05
0.41905764
0.84960175
0.99993837
0.49263093
1.5971324e-05
0.9975612
3.1974338e-05
0.6423315
0.9991887
0.00017759233
0.997265
0.42461857
3.5954785e-05
0.6364982
0.9992693
0.9999852
0.00023606692
0.48719466
8.2699036e-05
0.99988616
5.7816764e-05
3.953391e-05
0.94178635
0.9998615
0.999148
0.9996735
3.2680135e-05
8.315373e-05
3.2723325e-05
0.9939142
5.6886158e-05
2.401483e-05
0.0007483524
4.0724663e-05
2.8948843e-06
0.99972945
0.48909026
0.006226457
0.0004182748
0.43090922
0.9988527
0.7219514
2.3001396e-05
0.99995315
0.9998203
0.8668173
0.42017582
0.99997485
0.99998796
0.000110960325
4.1507465e-05
4.440607e-05
4.1017924e-05
0.9997105
0.41634163
0.9996909
0.71339804
0.8539807
0.99897975
0.9999726
0.9992995
0.99734133
5.206351e-05
0.9998379
0.4170313
0.9939904
2.5507312e-05
0.00012770937
0.48872244
0.9999666
0.5223574
0.0006016461
0.9914665
0.000109027926
2.2657763e-05
0.0033603006
0.4188579
0.9881373
7.610582e-05
2.4048837e-05
0.43201932
0.42205736
4.279646e-05
0.9999434
7.0290254e-05
5.045368e-05
2.2205699e-05
0.9998042
0.9317728
4.8008467e-05
4.3766286e-05
0.99972826
0.9999093
0.96100974
0.0018276133
0.007824884
0.96544135
0.9997136
0.41696903
1.9659012e-05
0.9993419
0.50010574
2.2693226e-05
3.2430366e-05
3.738804e-05
0.4229714
0.9996561
0.998298
3.5567104e-05
7.1047245e-05
0.0003739061
0.0002843322
0.99851614
0.9996419
0.4180483
0.47678658
0.42073163
0.9997309
0.9997769
0.999634
0.42015794
0.99889743
0.4183036
0.9929892
0.99988127
6.960635e-05
2.2832744e-05
0.9863825
5.9652302e-05
0.99998057
8.865729e-05
3.4389916e-05
0.41902938
6.826502e-05
0.00028333743
0.9947291
0.99999857
0.9998721
0.4184003
0.000112279704
0.00058028585
3.5738532e-05
0.99554104
0.41817272
0.08574575
3.570215e-05
1.9327525e-05
0.99996674
0.4922864
0.9664796
0.41969278
3.4463523e-05
5.2017353e-05
4.308195e-05
0.999385
0.9999881
9.048509e-05
0.99878424
0.99881256
0.4275588
0.99996734
0.99902916
0.43415418
0.98340744
2.1176324e-05
0.4517684
6.92287e-05
0.99966455
0.99443614
3.7415968e-05
1.8403063e-05
0.99698657
0.9999838
4.427567e-05
0.9932916
0.00023135
0.999992
0.99831355
0.40244848
3.5219524e-05
5.3586547e-05
0.427105
6.159618e-05
0.9998987
0.4992185
4.2872027e-05
0.98926485
0.99863523
2.7831478e-05
0.99987555
9.2650196e-05
1.3691705e-05
0.4197545
0.42019397
0.99985695
8.468077e-05
1.5452719e-05
7.35395e-05
0.9999269
0.99994755
0.41988143
0.4794344
0.94626886
0.9999981
0.9986578
0.42382762
0.42553625
0.9999949
0.00011038538
1.7941687e-05
0.48715892
0.42034534
0.9998876
0.00015757218
5.1970994e-05
0.99695575
0.99989474
0.00011224298
0.42055598
1.7473823e-05
0.9488094
1.6071233e-05
0.9689395
2.5207191e-05
0.9999436
0.42321557
0.41878393
0.5005792
0.00021541904
6.049948e-05
6.6247194e-05
0.56650805
0.50080526
0.00019294825
0.99987936
0.99999845
0.97643936
0.42593616
7.26758e-05
0.993547
4.7726957e-05
0.9539191
0.4267593
0.00022531042
0.4195305
5.30645e-05
4.304745e-05
0.00012675698
0.4321412
0.00023840574
0.49088338
0.42623004
0.99960595
0.42044857
0.99941504
0.4198107
0.0003953829
6.213997e-05
1.469857e-05
6.2600615e-05
0.9998728
0.000104120656
0.00024668165
0.4192482
0.9999268
0.99999547
0.4308939
3.9884144e-05
0.002297595
0.00080744474
0.9996698
6.862589e-05
0.9999554
0.44007164
0.4216602
0.99960023
2.9620891e-05
0.9962655
0.9999825
3.131892e-05
0.99006236
0.986637
0.00027126528
0.48547825
3.251615e-05
0.9999924
0.9993437
0.9999677
0.9829422
0.9987708
0.00017691375
3.901116e-05
0.0011008584
6.3732616e-05
0.0010363513
0.99999523
0.58494765
3.0328167e-05
0.7991738
1.2629364e-05
0.99964416
2.9131992e-05
3.3990993e-05
0.00026402078
0.42163748
0.4869069
6.578568e-05
0.00045660156
2.1276423e-05
0.9996773
0.000101300386
0.9998528
0.9998913
0.9928484
4.0910727e-05
0.99105304
4.6202676e-05
0.41850537
0.42000422
5.1469447e-05
0.49175128
2.765799e-05
0.5096783
7.3815616e-05
0.9997249
0.4963063
0.00015686071
2.6011947e-05
4.80959e-05
0.99949336
0.9998454
0.99715155
0.4160812
7.1671726e-05
0.94603354
0.47675526
0.9999858
5.4454766e-05
0.98645276
0.9422643
0.42852646
4.7132817e-05
0.41944012
0.9997625
0.9999192
6.511138e-05
0.99999654
0.99927694
0.0024074926
0.0002033306
1.7039676e-05
0.99871933
2.8288734e-05
0.70211804
0.9998975
2.6830287e-05
4.877041e-05
6.484413e-05
2.4781091e-05
0.49193418
0.9847136
0.99932826
0.994478
0.4265986
0.53190774
2.5271915e-05
0.99988794
0.9979221
0.99963343
2.5585536e-05
3.6994043e-05
0.41956446
3.0596388e-05
0.9998493
0.69266075
7.993213e-05
0.9934562
2.9101171e-05
2.8994738e-05
0.9967884
0.41672486
0.48935267
0.9999201
7.8573314e-05
0.9925708
0.9987357
0.99997425
0.32015643
5.1396855e-05
0.9998729
0.98619336
0.55762815
4.4847646e-05
0.79893756
0.99981433
0.99422497
0.9990965
0.9841389
0.999858
0.99890506
0.000497264
0.00029329341
0.9888136
1.6899337e-05
0.0004275882
0.00011568249
1.272469e-05
4.9980976e-05
6.918527e-05
0.9997002
0.55536866
0.42123282
0.48931518
0.9999722
0.00028914513
2.5045281e-05
0.9999304
4.4108903e-05
0.99972695
0.99999535
0.4960482
0.47580522
0.99940443
2.564524e-05
0.0001923089
0.9998485
0.41989923
2.718717e-05
0.9997552
2.1017944e-05
0.6540206
0.00030103768
2.814802e-05
0.94934005
8.237932e-05
2.4931089e-05
3.248559e-05
6.0560727e-05
0.4278991
3.435471e-05
0.00010461309
0.9839243
0.99972326
0.4205452
6.675897e-05
0.99511504
1.7446515e-05
2.8692855e-05
0.9999099
0.49284697
6.925095e-05
0.4821419
0.42620605
0.9999312
6.392752e-05
1.0
0.114238575
0.00013271844
0.41925615
2.8255463e-05
0.43302926
7.986873e-05
2.003497e-05
3.0888474e-05
0.98957074
0.48275858
2.8720176e-05
0.9960426
0.00032940382
2.6539168e-05
0.41896835
3.434606e-05
0.9986507
0.49165294
0.96288604
3.868611e-05
0.00013552078
2.3498325e-05
0.99481404
0.0008864499
0.9992556
0.0002749675
0.00015387533
0.4801531
6.4852604e-05
2.8526836e-05
0.99992085
0.999933
0.41823596
0.99990976
0.00050052715
1.5849773e-05
0.9997552
0.13089713
0.71662503
1.98363e-05
0.99985325
0.9981856
0.48212275
0.99996686
6.0135037e-05
0.99991155
0.97742385
0.9997837
9.488756e-05
0.0007525302
5.926469e-05
0.4179267
3.8578237e-05
0.9999652
2.5064111e-05
0.9998373
0.41929027
0.98541623
0.9999057
4.1284897e-05
4.846663e-05
3.5228124e-05
0.7571432
0.99843305
0.9995945
0.9999906
0.49489495
0.4887487
0.9497852
5.147028e-05
0.42475435
0.9919436
0.8888483
5.419827e-05
0.9996013
0.9981756
0.999969
0.99979526
5.3737e-05
0.00069892773
0.9987908
0.9999944
0.00036697925
0.66711086
0.42814028
0.9999056
2.2261589e-05
0.0005031401
0.9999577
0.96774745
0.2786481
0.97705984
0.99932635
3.3546945e-05
3.1198993e-05
0.03264661
0.99998474
0.9999925
0.4205556
0.9999771
0.4882224
0.9998919
0.9999672
0.99981326
7.1292314e-05
0.0020992584
0.9993267
3.404471e-05
0.0014334093
7.0494585e-05
0.96046543
4.8166403e-05
4.290307e-05
3.9747873e-05
0.42818
0.99994516
0.42012814
0.99631727
0.00060675136
0.49595338
0.00013204475
0.41580826
1.5894335e-05
4.9393715e-05
4.7688172e-06
2.9581795e-05
0.65388364
0.42900223
0.9944616
5.2884963e-05
0.99936527
0.42213097
0.0026651146
0.00011464004
0.38160858
0.48879194
0.41901574
0.7939619
5.1317467e-05
0.41890517
3.8945145e-05
0.6086103
0.4253437
0.21957113
0.429883
0.4214544
0.9999988
1.4784988e-05
0.9998859
0.9983485
0.99415165
0.98125917
0.00015657737
0.99634117
0.9999386
0.2444792
0.00025178885
0.9995295
0.26644167
0.99993384
0.11567831
0.00011260297
0.49299276
0.9998067
0.4199065
0.9998191
1.8585482e-05
4.086534e-05
0.00057533977
0.32962167
0.9999796
0.48817286
0.42013717
0.5061818
0.99948955
2.9800298e-05
0.9999869
0.9999529
0.9946938
0.9964725
0.99102545
0.42614347
5.4773347e-05
0.99992085
0.42972097
0.99941885
0.42035437
0.99987984
0.48693627
0.99343103
0.999967
0.000797262
0.49024978
0.9904991
2.578962e-05
0.99989474
1.4167874e-05
2.8447508e-05
2.3076209e-05
5.1228133e-05
0.42676505
4.672472e-05
0.5011877
0.4851759
0.99972373
4.1699965e-05
0.9820545
0.92535776
4.2488948e-05
4.854059e-05
0.9994535
0.9370925
0.41742134
0.98918074
0.99971265
0.9998272
5.0527156e-05
0.9996233
1.586122e-05
0.99880755
4.971686e-05
5.4394877e-05
0.41954517
0.99775094
7.210656e-05
0.99995923
0.41904026
0.99868375
0.42255127
0.00011488374
0.95099
0.99980575
9.538362e-05
0.99969006
0.99951816
3.988171e-05
0.98250085
1.4799702e-05
0.000111583584
0.4313742
0.41730252
0.9413784
0.4729441
0.4867759
0.4828586
0.9867865
0.4261198
0.4841446
3.5632285e-05
0.9944237
0.42247868
0.42073727
5.9666523e-05
2.3492454e-05
0.99642915
0.4303379
0.4808888
3.22044e-05
0.9987896
0.8777853
1.3690231e-05
0.9997558
7.309323e-05
0.43296355
0.9994092
2.9460962e-05
5.0849616e-05
0.99901307
0.99996865
0.4288786
0.10829961
0.48862863
2.538474e-05
0.42957124
0.9999422
0.42894772
0.4198805
1.1984729e-05
2.1070746e-05
0.419595
0.42676473
0.41925973
0.99370617
0.9985794
0.9887706
0.0017630073
0.42738226
0.990266
0.00032304204
8.243434e-06
0.8681128
5.2809868e-05
0.9997359
0.99998426
0.99998224
0.9999403
4.2625674e-05
2.0435456e-05
0.98303926
0.99993503
0.9994199
0.9971679
0.49946693
0.41959122
0.9999838
6.5425515e-06
0.9995652
0.99926466
0.00053244823
0.00070780853
6.0297025e-05
4.2994285e-05
0.9984548
0.9914102
0.9867671
6.953331e-05
0.9999918
1.0546557e-05
0.49457866
3.1174666e-05
0.9997063
0.9989543
0.99700826
0.9999336
0.99878055
0.0006567032
0.41909593
7.747706e-05
0.9986308
0.9929014
0.48201847
2.5778483e-05
0.9999887
0.99997556
0.49216673
0.00040067278
0.9999604
6.7316934e-05
0.91574323
0.9988288
0.9995994
5.0454688e-05
0.42084292
0.99970895
3.06591e-05
6.922322e-05
4.3415646e-05
0.999889
9.411251e-05
0.47071323
0.9989943
0.97029346
3.694884e-05
0.0005410005
0.99100107
0.99997866
0.00011057226
0.9999838
0.47067717
1.3090729e-05
0.0001324051
0.0039033697
0.0012949025
0.99965703
0.41877472
0.00036617095
0.9923205
0.99806637
3.5424324e-05
2.7960394e-05
0.9994143
0.00021092889
0.90608525
9.6030335e-06
3.8774495e-05
0.00013957018
2.7638584e-05
0.9941354
0.00022845746
1.6751143e-05
0.9994981
4.1375977e-05
0.00094296585
0.4857344
0.06989481
8.556352e-06
1.9288507e-05
0.4253586
0.4300796
0.99941766
0.9988355
0.999726
4.356092e-05
0.97940207
2.9845463e-05
0.99942124
6.671767e-05
0.9999665
0.99959475
0.99984324
0.98767984
6.175928e-05
8.048052e-05
0.4253169
0.9713226
0.42898458
0.65721357
0.007805752
0.726494
0.4281887
0.9013972
0.9439697
0.42824087
0.9377936
0.954122
0.9999949
0.48884583
0.9945722
2.7994118e-05
1.1592585e-05
0.9876088
0.00033345897
3.2317002e-05
0.00057568727
5.847276e-05
0.96348685
0.99887043
0.9999714
0.999749
2.4329689e-05
0.9999988
2.7915876e-05
0.00022020454
2.8008539e-05
0.9853416
0.00039543986
2.8517017e-05
0.4285756
0.9993741
5.919902e-06
0.42431447
0.00019075659
0.00010650531
2.5661095e-05
0.00034013623
2.1602404e-05
0.99993515
2.8310404e-05
0.99994946
6.835543e-05
0.43322754
3.9380724e-05
0.9991804
0.6583056
3.3532615e-05
2.0926622e-05
0.9999734
0.996682
6.279272e-05
4.439413e-05
5.665315e-05
0.42845586
0.9274702
0.9999536
0.0021697795
0.9993831
0.9795889
0.99981254
1.4245915e-05
0.99997365
5.4092423e-05
0.0018708433
0.778308
0.99799526
2.926347e-05
0.41917285
0.9976943
3.088073e-05
0.0002918908
0.00012891232
0.00015844272
0.9998921
0.9996717
0.0001146056
0.42240924
0.99992096
4.96006e-05
0.6049056
0.99945635
6.2830455e-05
2.7511624e-05
0.9999784
1.4214186e-05
6.8044494e-05
0.9995103
0.42473173
0.9999678
2.7706354e-05
3.787231e-05
2.1614933e-05
0.0060259006
0.00024423
0.99968386
0.41606286
2.389068e-05
0.4257458
0.99995434
0.7288023
0.99417335
0.4828487
9.47149e-05
3.336025e-05
0.99921715
0.00018551297
0.42725098
3.6560556e-05
0.4308596
0.9998229
0.43172395
0.015406965
0.99994123
0.42195895
0.0017202008
0.34511682
0.99638546
0.99859875
3.441137e-05
0.994292
2.6912496e-05
0.41929036
0.3944094
0.99983454
8.925209e-05
0.48469406
0.9985751
5.4119562e-05
0.00035921298
0.9998512
3.4864366e-05
0.99998605
0.00030191086
0.94734347
0.42053393
7.282343e-05
0.99536324
6.255941e-06
6.381557e-05
0.48129284
0.99995255
1.5045396e-05
7.2463765e-05
0.9999652
0.47308537
0.99672616
0.99953914
0.48680776
0.9980975
0.47339293
0.00012419918
0.999814
4.5010973e-05
0.4304629
3.79588e-05
0.0005280295
0.9999995
3.871796e-05
0.9805407
0.4927447
3.3097902e-05
3.400678e-05
1.8476287e-05
2.233587e-05
0.9994837
0.0006666324
0.99985075
1.5126609e-05
0.4315614
0.49117005
0.99674267
0.9991934
0.9886932
0.00014706867
0.99468416
1.4989784e-05
0.0002231328
0.00048266337
0.0008768468
0.0007327121
0.99870324
0.41913834
0.4266341
0.00011913724
0.38228977
0.99921966
0.9998882
0.9989548
0.9992561
0.99987304
0.9662437
0.999313
0.9997017
7.549028e-05
0.9954596
0.5037146
4.531495e-05
0.5304384
0.9997905
2.7742468e-05
0.9992592
0.00010427397
0.49237183
0.99999046
0.9999821
0.49601102
0.4955023
0.9994954
0.0004157507
4.9387356e-05
1.8791112e-05
0.00010737792
0.41726962
0.00014539543
2.5737265e-05
0.99996936
0.99966455
0.97834104
0.43014807
0.42692846
5.1842962e-06
0.43181664
0.41902077
0.4274932
2.730607e-05
0.9890771
2.2169093e-05
0.9992501
0.0008867655
0.88205135
0.9999751
0.9999074
0.49438843
7.1422146e-05
0.97309214
0.001075156
0.97081506
1.4158582e-05
9.319391e-05
4.244626e-05
0.42798552
0.9999409
4.74191e-05
1.7294147e-05
0.48465705
0.9999721
0.49014357
3.693292e-05
0.9989268
0.95943654
0.9999999
2.8022432e-05
0.00039571477
0.9988882
0.000930422
0.00021343387
0.4203893
0.47175607
0.48480958
0.4194762
3.939864e-05
0.9993893
0.46661493
0.0001265665
0.48874125
0.43256584
6.5991126e-06
3.658898e-05
0.99971503
0.99688256
8.885596e-06
2.2651779e-05
8.007433e-05
0.99776924
7.476441e-05
0.99959403
0.4175932
0.4847585
0.00037831572
1.7430932e-05
0.999856
0.9999627
0.9998486
0.5245102
0.21505418
0.9993812
8.915903e-05
8.332726e-06
1.2590618e-05
0.9970937