0.45209518
0.45209587
0.4520947
0.45209557
0.45209524
0.4520942
0.45209426
0.45209625
0.45209512
0.4520945
0.45209497
0.45209458
0.45209512
0.45209518
0.45209605
0.4520951
0.45209432
0.45209825
0.45209578
0.45209524
0.45209494
0.45209557
0.45209503
0.4520945
0.45209542
0.45209733
0.4520947
0.4520954
0.4520942
0.4520947
0.4520942
0.45209458
0.45209488
0.45209458
0.45209217
0.4520948
0.45209563
0.45209634
0.45209494
0.45209503
0.45209587
0.45209688
0.45209548
0.45209518
0.45209464
0.4520954
0.45209548
0.45209333
0.45209596
0.45209557
0.45209616
0.4520947
0.45209524
0.45209605
0.45209497
0.4520962
0.45209587
0.4520955
0.4520947
0.45209634
0.45209512
0.45209432
0.45209542
0.4520948
0.45209596
0.45209527
0.45209488
0.4520941
0.45209634
0.4520958
0.45209497
0.4520951
0.4520982
0.45209563
0.45209596
0.45209542
0.45209512
0.45209587
0.45209527
0.4520948
0.4520945
0.45209426
0.45209527
0.4520945
0.45209578
0.4520948
0.45209402
0.4520929
0.45209587
0.4520947
0.45209444
0.4520954
0.4520942
0.4520964
0.4520941
0.45209527
0.45209497
0.45209566
0.45209616
0.45209494
0.45209512
0.45209566
0.45209464
0.45209512
0.4520947
0.4520941
0.45209557
0.45209566
0.45209527
0.45209712
0.45209497
0.45209497
0.45209497
0.45209724
0.45209527
0.4520948
0.4520961
0.4520935
0.4520947
0.4520963
0.4520954
0.45209625
0.4520948
0.4520948
0.4520962
0.45209488
0.45209673
0.45209494
0.45209518
0.45209548
0.45209473
0.45209402
0.45209348
0.45209503
0.45209605
0.45209557
0.45209497
0.45209524
0.45209548
0.45209587
0.4520939
0.45209557
0.45209396
0.45209497
0.45209557
0.45209587
0.45209488
0.45209685
0.45209578
0.45209387
0.45209455
0.45209634
0.45209527
0.45209432
0.4520945
0.45209503
0.4520964
0.45209488
0.45209497
0.45209625
0.45209458
0.45209834
0.45209587
0.4520951
0.45209494
0.45209655
0.45209596
0.4520948
0.45209432
0.45209563
0.45209587
0.45209432
0.45209694
0.4520951
0.45209455
0.45209497
0.4520951
0.45209303
0.4520958
0.45209596
0.45209566
0.4520951
0.45209578
0.45209473
0.45209524
0.45209527
0.4520947
0.45209497
0.45209497
0.45209587
0.4520948
0.4520944
0.45209488
0.4520954
0.45209685
0.45209372
0.45209587
0.45209655
0.4520947
0.4520948
0.45209372
0.4520942
0.4520941
0.45209432
0.45209566
0.45209527
0.45209688
0.45209548
0.45209578
0.45209366
0.45209494
0.4520939
0.45209557
0.45209512
0.45209605
0.45209634
0.45209548
0.45209655
0.45209578
0.45209587
0.452098
0.45209587
0.45209473
0.4520954
0.45209527
0.4520951
0.45209363
0.4520944
0.45209497
0.4520947
0.45209372
0.45209524
0.45209527
0.45209664
0.45209518
0.45209333
0.45209527
0.4520968
0.45209646
0.45209455
0.45209402
0.45209578
0.45209458
0.45209605
0.45209566
0.45209533
0.4520954
0.45209363
0.45209542
0.45209402
0.45209718
0.45209494
0.4520941
0.45209274
0.4520951
0.45209605
0.45209563
0.45209372
0.45209563
0.45209548
0.4520951
0.4520945
0.45209566
0.45209473
0.4520947
0.4520942
0.4520945
0.4520947
0.4520941
0.45209634
0.45209512
0.45209596
0.45209488
0.45209578
0.45209217
0.45209396
0.45209625
0.45209572
0.4520954
0.45209488
0.45209605
0.45209527
0.45209616
0.45209518
0.4520942
0.45209497
0.45209485
0.45209685
0.45209458
0.4520945
0.45209578
0.4520951
0.4520963
0.4520954
0.45209596
0.45209497
0.45209426
0.45209432
0.45209518
0.45209596
0.4520945
0.45209566
0.4520961
0.45209596
0.4520938
0.45209533
0.45209605
0.45209557
0.45209342
0.45209625
0.45209518
0.45209405
0.4520978
0.45209387
0.45209497
0.45209578
0.4520971
0.45209542
0.45209616
0.45209548
0.4520945
0.4520963
0.45209518
0.4520938
0.45209518
0.45209542
0.45209557
0.45209578
0.45209578
0.45209324
0.45209458
0.4520951
0.45209494
0.45209557
0.45209685
0.45209488
0.4520954
0.4520945
0.45209578
0.45209464
0.4520947
0.45209512
0.45209524
0.45209518
0.4520947
0.45209548
0.45209578
0.45209455
0.45209485
0.4520947
0.45209503
0.45209566
0.4520951
0.45209578
0.45209524
0.4520944
0.4520951
0.45209625
0.45209625
0.4520947
0.4520945
0.45209596
0.45209742
0.45209455
0.45209444
0.45209566
0.45209497
0.45209473
0.45209488
0.45209616
0.4520944
0.4520954
0.45209455
0.45209488
0.4520951
0.45209342
0.45209533
0.45209432
0.4520948
0.45209432
0.4520963
0.4520971
0.45209473
0.45209625
0.4520939
0.4520954
0.45209512
0.45209488
0.4520948
0.45209542
0.45209464
0.45209518
0.45209485
0.4520948
0.45209485
0.4520942
0.45209524
0.45209518
0.4520945
0.45209664
0.4520951
0.45209458
0.45209488
0.45209548
0.45209578
0.45209458
0.45209458
0.4520954
0.45209402
0.45209378
0.45209485
0.4520944
0.45209578
0.45209742
0.45209512
0.45209458
0.45209524
0.45209518
0.4520948
0.45209634
0.4520942
0.45209518
0.45209497
0.45209605
0.4520941
0.45209566
0.45209572
0.45209518
0.45209488
0.45209494
0.45209596
0.45209587
0.45209578
0.45209703
0.45209455
0.45209494
0.45209548
0.45209518
0.45209563
0.4520945
0.4520948
0.45209518
0.45209402
0.45209557
0.4520945
0.45209587
0.45209458
0.45209578
0.4520948
0.4520941
0.4520954
0.4520948
0.45209432
0.4520942
0.45209274
0.45209503
0.4520938
0.45209396
0.45209524
0.45209402
0.4520964
0.4520939
0.45209494
0.45209527
0.45209587
0.4520955
0.45209524
0.45209557
0.4520947
0.45209494
0.45209512
0.4520942
0.45209548
0.45209503
0.4520951
0.45209578
0.4520951
0.45209518
0.45209497
0.45209524
0.4520944
0.45209488
0.45209512
0.45209605
0.45209557
0.45209494
0.45209527
0.4520954
0.45209485
0.45209518
0.45209533
0.4520941
0.4520942
0.45209557
0.4520947
0.45209464
0.4520942
0.45209318
0.4520954
0.45209464
0.45209512
0.45209578
0.45209458
0.4520942
0.45209444
0.45209363
0.45209587
0.45209587
0.45209494
0.45209566
0.4520944
0.45209557
0.45209464
0.45209533
0.4520951
0.45209566
0.45209566
0.4520945
0.4520948
0.45209587
0.45209488
0.45209587
0.45209557
0.4520954
0.45209458
0.4520948
0.45209557
0.45209488
0.4520948
0.45209444
0.45209402
0.45209524
0.45209402
0.45209372
0.45209557
0.4520951
0.45209596
0.45209524
0.45209497
0.4520954
0.45209518
0.45209497
0.45209512
0.4520954
0.4520938
0.45209658
0.45209488
0.45209497
0.4520948
0.4520945
0.4520941
0.45209557
0.45209503
0.45209527
0.45209485
0.45209557
0.45209557
0.45209578
0.45209634
0.45209566
0.45209497
0.45209542
0.45209557
0.45209488
0.45209587
0.45209426
0.45209527
0.45209488
0.4520951
0.45209816
0.4520948
0.45209563
0.45209518
0.45209527
0.45209563
0.4520947
0.45209488
0.45209432
0.45209616
0.4520944
0.45209458
0.4520942
0.45209566
0.4520942
0.45209178
0.4520954
0.4520948
0.45209596
0.45209396
0.4520951
0.45209593
0.45209566
0.4520942
0.45209455
0.45209497
0.45209497
0.4520942
0.45209464
0.45209718
0.4520951
0.45209557
0.4520948
0.45209402
0.45209497
0.4520941
0.4520939
0.45209557
0.45209542
0.45209518
0.45209485
0.45209646
0.45209587
0.4520947
0.45209435
0.45209625
0.45209587
0.45209405
0.45209512
0.45209616
0.45209605
0.45209527
0.4520954
0.4520945
0.45209566
0.45209524
0.45209557
0.45209485
0.45209557
0.45209435
0.45209596
0.4520954
0.45209497
0.45209357
0.45209527
0.45209888
0.45209494
0.45209458
0.45209548
0.4520955
0.45209458
0.45209655
0.45209596
0.4520951
0.45209548
0.45209587
0.4520951
0.4520945
0.45209202
0.4520961
0.45209557
0.45209458
0.45209527
0.4520958
0.4520945
0.45209435
0.4520942
0.45209494
0.45209718
0.45209703
0.4520945
0.45209488
0.45209557
0.4520927
0.45209557
0.4520928
0.45209625
0.45209497
0.45209488
0.45209503
0.45209703
0.45209524
0.45209655
0.45209596
0.45209435
0.45209578
0.45209458
0.4520945
0.45209655
0.45209733
0.45209557
0.4520944
0.45209572
0.4520954
0.45209703
0.45209542
0.45209458
0.45209342
0.45209426
0.45209458
0.4520954
0.45209563
0.45209664
0.45209485
0.45209348
0.45209488
0.45209518
0.4520947
0.4520958
0.45209527
0.45209485
0.45209426
0.45209605
0.45209494
0.45209655
0.45209458
0.45209563
0.45209533
0.4520974
0.45209417
0.4520951
0.4520954
0.45209488
0.45209512
0.45209557
0.45209557
0.45209524
0.4520941
0.45209712
0.45209494
0.4520963
0.45209646
0.4520947
0.45209458
0.45209548
0.4520958
0.4520951
0.45209664
0.4520954
0.45209587
0.45209593
0.45209432
0.45209593
0.45209518
0.45209616
0.4520954
0.45209593
0.4520945
0.45209572
0.45209485
0.45209458
0.45209646
0.45209566
0.4520954
0.4520947
0.45209232
0.45209432
0.45209566
0.45209524
0.4520929
0.45209524
0.45209566
0.4520941
0.4520942
0.45209518
0.4520947
0.45209566
0.45209372
0.4520945
0.4520947
0.45209557
0.45209402
0.45209512
0.45209587
0.45209518
0.45209542
0.45209235
0.4520948
0.45209625
0.4520955
0.45209455
0.4520964
0.45209566
0.45209777
0.45209464
0.45209566
0.4520942
0.4520954
0.45209557
0.45209473
0.45209587
0.4520965
0.4520945
0.4520964
0.45209572
0.45209458
0.45209432
0.4520975
0.45209527
0.45209566
0.45209503
0.45209858
0.45209464
0.45209488
0.45209542
0.45209557
0.45209548
0.45209518
0.45209533
0.45209587
0.4520948
0.45209548
0.45209497
0.45209458
0.45209265
0.4520945
0.45209488
0.45209432
0.45209527
0.4520955
0.4520947
0.45209572
0.45209634
0.45209596
0.45209563
0.45209512
0.4520944
0.4520947
0.45209548
0.4520947
0.4520955
0.45209533
0.45209488
0.45209616
0.4520944
0.45209605
0.45209602
0.45209542
0.45209587
0.4520954
0.45209458
0.45209244
0.45209548
0.4520944
0.4520954
0.45209634
0.45209557
0.4520962
0.45209372
0.45209548
0.45209524
0.45209563
0.45209527
0.45209432
0.45209596
0.45209792
0.45209566
0.45209503
0.4520954
0.4520944
0.45209557
0.4520961
0.45209733
0.45209444
0.4520961
0.45209497
0.45209557
0.4520951
0.4520954
0.45209548
0.45209616
0.45209527
0.4520945
0.45209488
0.45209572
0.45209464
0.45209512
0.45209685
0.45210287
0.45209646
0.45209485
0.45209524
0.4520947
0.45209548
0.45209503
0.45209497
0.45209587
0.45209503
0.45209464
0.4520945
0.45209458
0.4520954
0.4520948
0.45209605
0.45209312
0.45209432
0.45209518
0.4520948
0.45209488
0.45209572
0.45209518
0.4520924
0.45209587
0.45209488
0.45209557
0.4520954
0.45209664
0.45209518
0.45209518
0.45209527
0.45209518
0.45209694
0.4520955
0.45209485
0.4520962
0.45209458
0.45209947
0.45209625
0.45209402
0.45209473
0.4520948
0.45209664
0.45209593
0.45209402
0.45209557
0.45209458
0.4520951
0.4520951
0.4520948
0.45209542
0.45209396
0.45209533
0.45209533
0.4520944
0.45209518
0.4520941
0.4520977
0.45209527
0.45209616
0.45209473
0.45209557
0.45209548
0.45209533
0.45209602
0.45209512
0.4520968
0.45209557
0.45209485
0.4520948
0.45209762
0.45209444
0.45209548
0.45209444
0.45209497
0.4520947
0.45209497
0.45209566
0.45209548
0.45209557
0.45209488
0.45209485
0.45209512
0.45209557
0.45209432
0.45209587
0.45209548
0.45209503
0.4520978
0.4520948
0.45209572
0.45209372
0.45209503
0.45209488
0.45209596
0.45209458
0.45209566
0.45209357
0.4520951
0.4520951
0.4520955
0.45209518
0.4520963
0.45209444
0.452097
0.45209548
0.45209625
0.45209548
0.45209566
0.45209426
0.45209733
0.45209616
0.45209518
0.4520958
0.45209566
0.45209596
0.45209497
0.45209625
0.45209512
0.45209578
0.45209372
0.45209557
0.45209593
0.4520951
0.45209685
0.45209396
0.45209616
0.45209548
0.45209566
0.45209593
0.45209542
0.45209587
0.45209596
0.45209733
0.45209527
0.45209664
0.4520962
0.45209542
0.45209488
0.45209566
0.45209548
0.45209542
0.45209742
0.45209396
0.45209512
0.4520942
0.45209497
0.45209593
0.45209718
0.45209548
0.45209485
0.45209557
0.45209605
0.45209512
0.45209557
0.45209548
0.4520945
0.45209455
0.4520944
0.45209402
0.45209578
0.45209444
0.45209458
0.4520948
0.45209548
0.4520934
0.45209432
0.45209485
0.45209625
0.45209596
0.4520938
0.4520939
0.45209625
0.45209527
0.45209488
0.45209473
0.45209312
0.45209605
0.45209605
0.4520951
0.4520948
0.45209303
0.45209366
0.4520944
0.45209488
0.4520951
0.45209587
0.45209488
0.45209497
0.45209426
0.4520963
0.4520954
0.45209572
0.45209512
0.45209402
0.45209527
0.4520951
0.45209548
0.4520961
0.45209548
0.45209602
0.4520948
0.45209435
0.45209455
0.45209646
0.45209464
0.4520948
0.45209727
0.4520951
0.4520955
0.45209616
0.45209557
0.45209366
0.45209432
0.45209596
0.452098
0.45209494
0.4520962
0.45209548
0.4520942
0.45209432
0.45209396
0.45209548
0.45209435
0.45209458
0.45209458
0.45209485
0.45209587
0.45209488
0.4520945
0.45209488
0.45209587
0.45209572
0.45209542
0.4520945
0.45209578
0.4520954
0.4520942
0.4520958
0.4520968
0.45209488
0.4520942
0.45209512
0.45209563
0.45209533
0.45209378
0.45209473
0.4520962
0.45209488
0.45209518
0.45209602
0.45209488
0.45209548
0.4520947
0.45209533
0.45209596
0.4520942
0.45209587
0.45209587
0.45209634
0.45209557
0.45209593
0.4520944
0.4520954
0.45209566
0.45209605
0.45209596
0.4520968
0.45209327
0.4520947
0.4520945
0.4520951
0.45209685
0.45209566
0.45209318
0.45209527
0.45209518
0.45209432
0.45209646
0.45209646
0.45209518
0.4520948
0.45209563
0.45209518
0.45209762
0.4520948
0.4520958
0.45209458
0.45209873
0.4520965
0.4520948
0.45209542
0.45209396
0.45209527
0.45209703
0.4520942
0.45209455
0.4520947
0.4520938
0.45209497
0.45209518
0.45209566
0.4520951
0.45209548
0.45209646
0.4520944
0.45209503
0.45209485
0.45209342
0.4520948
0.45209485
0.45209587
0.45209655
0.45209518
0.45209464
0.4520944
0.45209327
0.45209527
0.45209616
0.45209566
0.4520947
0.45209566
0.45209566
0.4520948
0.4520951
0.45209518
0.4520945
0.45209587
0.45209605
0.45209497
0.4520954
0.4520955
0.4520954
0.45209578
0.45209497
0.4520951
0.45209533
0.45209497
0.45209485
0.45209616
0.45209587
0.45209694
0.4520947
0.45209518
0.45209488
0.4520955
0.45209518
0.45209497
0.45209616
0.4520971
0.4520954
0.45209587
0.45209494
0.4520955
0.4520954
0.45209634
0.4520951
0.4520944
0.45209616
0.45209405
0.45209605
0.45209342
0.45209497
0.45209557
0.45209986
0.45209688
0.4520951
0.4520948
0.4520948
0.4520948
0.45209557
0.45209542
0.45209587
0.45209602
0.45209527
0.45209488
0.45209402
0.45209578
0.45209432
0.4520947
0.45209497
0.45209587
0.45209527
0.45209402
0.4520945
0.4520948
0.45209566
0.4520968
0.45209587
0.45209497
0.4520945
0.45209527
0.45209363
0.4520954
0.4520951
0.45209557
0.4520951
0.45209587
0.45209605
0.4520939
0.45209333
0.45209634
0.45209566
0.4520942
0.45209685
0.4520954
0.4520948
0.4520941
0.4520942
0.4520948
0.45209596
0.45209518
0.45209473
0.45209497
0.45209557
0.4520951
0.45209527
0.4520963
0.4520954
0.4520945
0.45209578
0.45209566
0.45209417
0.45209524
0.45209587
0.45209497
0.45209593
0.4520962
0.45209518
0.45209426
0.45209587
0.45209625
0.45209518
0.45209488
0.45209464
0.45209625
0.4520954
0.45209518
0.4520947
0.4520948
0.45209548
0.45209324
0.45209548
0.45209616
0.45209524
0.45209527
0.45209497
0.45209435
0.45209557
0.45209518
0.45209616
0.45209494
0.45209527
0.45209563
0.45209494
0.4520942
0.45209527
0.4520945
0.45209548
0.4520954
0.45209324
0.45209563
0.4520954
0.45209596
0.45209548
0.45209458
0.4520947
0.4520948
0.4520951
0.45209342
0.4520947
0.45209566
0.45209494
0.45209518
0.4520961
0.4520945
0.45209616
0.45209593
0.45209587
0.45209542
0.45209578
0.45209405
0.45209527
0.4520961
0.4520944
0.4520945
0.45209527
0.4520951
0.45209488
0.45209566
0.45209497
0.45209527
0.45209494
0.45209646
0.45209563
0.45209458
0.45209497
0.45209557
0.45209548
0.45209402
0.4520939
0.45209455
0.45209488
0.45209524
0.45209464
0.45209605
0.45209596
0.45209458
0.4520954
0.4520951
0.45209587
0.4520945
0.45209533
0.45209646
0.45209557
0.45209566
0.45209488
0.45209605
0.45209497
0.45209563
0.4520944
0.45209378
0.45209444
0.4520964
0.45209485
0.45209557
0.45209596
0.45209464
0.4520945
0.45209587
0.45209527
0.45209602
0.45209572
0.45209548
0.45209587
0.4520928
0.4520944
0.45209566
0.45209566
0.45209494
0.45209527
0.45209488
0.45209694
0.45209488
0.4520947
0.45209458
0.4520951
0.45209524
0.45209596
0.45209503
0.45209578
0.45209596
0.45209426
0.45209512
0.45209634
0.4520938
0.45209518
0.45209533
0.45209694
0.45209518
0.4520948
0.45209602
0.45209444
0.45209566
0.45209464
0.4520951
0.4520954
0.45209432
0.45209578
0.45209458
0.45209727
0.45209488
0.45209572
0.4520944
0.4520947