0.45437354
0.4543766
0.45437345
0.45437294
0.45437363
0.4543736
0.45437256
0.45437846
0.45437375
0.4543725
0.4543696
0.45437223
0.45437405
0.45436558
0.45437315
0.45437476
0.45437688
0.45436615
0.45437405
0.4543746
0.45437187
0.45437473
0.4543726
0.45437348
0.45437488
0.45437437
0.45437264
0.4543725
0.454377
0.45437348
0.4543728
0.45437336
0.45437378
0.4543755
0.45437196
0.45437437
0.4543698
0.45437202
0.45437238
0.45437196
0.45437488
0.45437202
0.45437443
0.45437405
0.45437324
0.4543727
0.45437345
0.45437193
0.4543734
0.4543758
0.4543776
0.45437196
0.45437452
0.4543729
0.4543755
0.45437634
0.45437375
0.45437557
0.4543739
0.45437497
0.45437428
0.45437187
0.45437482
0.45437413
0.45437238
0.4543729
0.45437393
0.4543752
0.45437127
0.45437452
0.45437384
0.4543746
0.4543681
0.45437285
0.45437434
0.45437256
0.45437324
0.45437157
0.45437375
0.45437315
0.45437407
0.4543737
0.4543746
0.4543731
0.45437276
0.45437542
0.4543711
0.45437956
0.45437294
0.4543702
0.45437264
0.45437363
0.45437562
0.45437405
0.45437157
0.45437348
0.4543749
0.45437118
0.45437172
0.45437378
0.45437473
0.4543746
0.45437285
0.45437422
0.45437306
0.4543718
0.45437354
0.45437393
0.45437512
0.45436764
0.45437422
0.45437482
0.45436785
0.4543755
0.45437264
0.45437276
0.45437363
0.45437348
0.4543725
0.45437378
0.45438254
0.45436808
0.454373
0.45437443
0.45437336
0.45437434
0.4543764
0.45437384
0.4543742
0.45437413
0.45437294
0.45437405
0.454376
0.45437324
0.45437548
0.45437518
0.45437413
0.45437488
0.45437363
0.45437866
0.45436463
0.45437393
0.45437512
0.45437378
0.45436907
0.4543745
0.45437363
0.45437223
0.45436794
0.45437375
0.45437294
0.4543711
0.45437458
0.4543732
0.45437422
0.45437285
0.45437187
0.45437405
0.45437422
0.45437038
0.45437488
0.4543702
0.45437127
0.45437217
0.45437035
0.45437422
0.45437384
0.45437503
0.45436922
0.4543709
0.45437422
0.454376
0.45437452
0.45437276
0.45437476
0.45437163
0.4543749
0.45437562
0.45437503
0.4543752
0.45437413
0.4543733
0.45437208
0.45437512
0.4543759
0.45437315
0.45437345
0.45437315
0.45437434
0.4543765
0.4543734
0.45437405
0.4543758
0.45437023
0.4543742
0.4543709
0.45437405
0.4543773
0.45437178
0.4543736
0.45437393
0.454377
0.4543757
0.45437166
0.45437345
0.4543755
0.45437634
0.4543762
0.45437437
0.45437405
0.45437375
0.45437038
0.45437127
0.4543726
0.4543732
0.45437422
0.4543728
0.4543727
0.4543766
0.4543757
0.45437068
0.4543736
0.45437452
0.4543736
0.45437363
0.45437354
0.45437178
0.45437443
0.45437443
0.45437437
0.45437324
0.45437324
0.45437127
0.45437488
0.45437595
0.45437098
0.45437437
0.45437133
0.45437136
0.45437428
0.4543761
0.45437276
0.45437747
0.45437533
0.45437437
0.45437452
0.4543734
0.45437562
0.45437437
0.45437196
0.45437112
0.45437488
0.4543687
0.45437208
0.4543746
0.4543729
0.45437375
0.45437452
0.45436743
0.45437315
0.454373
0.45437476
0.45437473
0.45437354
0.45437196
0.45437405
0.45437467
0.45437488
0.45436937
0.45437807
0.45437345
0.45437405
0.45437405
0.45437393
0.45437163
0.45437393
0.45437178
0.45437393
0.45437276
0.45437276
0.45437384
0.45437482
0.45437196
0.4543733
0.4543734
0.45437118
0.45437264
0.45437378
0.45437363
0.45437336
0.45437133
0.45437208
0.45437238
0.45437533
0.45437238
0.45437562
0.45437136
0.4543749
0.45437306
0.45437166
0.45437476
0.45437473
0.45437315
0.4543728
0.45437443
0.45437533
0.45437413
0.45437646
0.45437208
0.45437476
0.45437413
0.45437127
0.45437127
0.45437276
0.45437178
0.4543752
0.45437393
0.45437437
0.4543768
0.45437434
0.454376
0.4543759
0.45437336
0.4543759
0.45438865
0.45437452
0.45437166
0.45437285
0.45437375
0.4543711
0.45437375
0.45437428
0.4543766
0.45437717
0.4543758
0.45437473
0.4543776
0.45437437
0.45437384
0.45437452
0.45437422
0.4543746
0.45437443
0.45437315
0.4543766
0.45437375
0.4543715
0.4543733
0.4543773
0.45437562
0.45437044
0.45437324
0.45437473
0.45437354
0.45437294
0.45437315
0.45437363
0.45437482
0.45437187
0.45437422
0.45437405
0.4543727
0.45437112
0.45437407
0.4543725
0.45437405
0.4543749
0.45437482
0.45437405
0.45437315
0.45437196
0.45437434
0.45437285
0.45437324
0.45437378
0.45437226
0.45437655
0.4543721
0.45437467
0.45437753
0.45437405
0.45437208
0.45437315
0.45437533
0.45436487
0.4543733
0.45437443
0.4543726
0.4543752
0.45437256
0.4543736
0.45437503
0.45437375
0.4543766
0.45437354
0.45437157
0.45437163
0.4543758
0.4543731
0.45437512
0.45437294
0.45437407
0.45437503
0.45437407
0.45437098
0.45437375
0.45437497
0.45437157
0.45437393
0.45437512
0.45437083
0.45437226
0.45436832
0.45437306
0.454373
0.45437384
0.45437512
0.45437345
0.45437315
0.45437238
0.4543736
0.45437363
0.45437422
0.45437306
0.45436883
0.45437208
0.4543767
0.45437
0.4543757
0.45437497
0.45437437
0.45437473
0.4543732
0.45437285
0.45437452
0.45437452
0.45437405
0.45437157
0.45437405
0.45437324
0.45437294
0.4543766
0.45437276
0.45437413
0.45437074
0.454373
0.45437324
0.45437157
0.4543737
0.45437407
0.45437655
0.45437476
0.45437443
0.45437405
0.45437226
0.45437405
0.4543728
0.45437813
0.4543742
0.4543729
0.45437336
0.45437375
0.45437336
0.4543703
0.45437127
0.45437422
0.4543739
0.45436913
0.45437354
0.45437565
0.4543755
0.4543731
0.45437887
0.4543745
0.45437473
0.45437345
0.4543706
0.4543766
0.4543746
0.4543755
0.4543739
0.45437384
0.45437488
0.45437452
0.45437363
0.4543708
0.45437354
0.4543761
0.4543733
0.45437413
0.45437157
0.45437294
0.45437452
0.4543696
0.45437694
0.45437816
0.45437542
0.4543767
0.45437354
0.45437378
0.4543731
0.4543766
0.45437217
0.45437285
0.4543737
0.45437393
0.4543746
0.4543752
0.45437354
0.45437104
0.4543763
0.45437226
0.45437336
0.45437354
0.45437405
0.45437405
0.45437223
0.4543765
0.45437264
0.45437407
0.45437476
0.45437247
0.45437443
0.4543699
0.45437124
0.454373
0.45437345
0.45437315
0.4543746
0.45437437
0.4543677
0.45437247
0.4543724
0.45437127
0.4543746
0.45437345
0.4543755
0.45437422
0.45437285
0.45437336
0.45437354
0.45437378
0.45437405
0.45437294
0.4543711
0.45437565
0.4543732
0.4543736
0.45437354
0.45437375
0.4543709
0.454374
0.4543752
0.45437232
0.45437542
0.45437393
0.45437452
0.45437807
0.4543733
0.45437858
0.45437437
0.45437393
0.45437542
0.45437378
0.45437178
0.4543745
0.45437533
0.45437482
0.45437452
0.45437837
0.45437488
0.454373
0.45437422
0.45437434
0.45437148
0.45437747
0.45437595
0.45437306
0.4543709
0.45437413
0.45437345
0.45437196
0.45437452
0.45437393
0.45437807
0.45437166
0.4543734
0.45437467
0.45437503
0.45436823
0.45437166
0.45437428
0.4543709
0.45437437
0.45437452
0.454374
0.45437482
0.4543729
0.45437753
0.4543737
0.45437717
0.45436898
0.45437083
0.45437384
0.4543703
0.45437294
0.4543749
0.4543755
0.45437375
0.45437413
0.45437506
0.45437014
0.45437443
0.45437124
0.45437324
0.45437208
0.45437506
0.45437452
0.45437238
0.45437503
0.45437434
0.4543746
0.45437503
0.45437458
0.45437443
0.45437422
0.45437512
0.45437422
0.45437375
0.45437405
0.45437488
0.45437354
0.4543767
0.45437294
0.45436838
0.45437166
0.45437345
0.45437378
0.45437413
0.45437413
0.45437247
0.45437306
0.45437178
0.45437083
0.45437708
0.45437324
0.45437512
0.45437422
0.45437324
0.45437375
0.45437768
0.45437557
0.4543749
0.4543705
0.4543727
0.4543739
0.45437217
0.45436883
0.4543746
0.45437512
0.4543731
0.45437527
0.4543755
0.45437276
0.4543731
0.45437363
0.4543732
0.45437384
0.45437294
0.4543715
0.45437413
0.4543706
0.45437384
0.45437208
0.45437256
0.45437378
0.4543718
0.45437506
0.45437264
0.45437157
0.45437533
0.4543734
0.45437422
0.45437133
0.45437336
0.45437393
0.4543768
0.4543746
0.45437443
0.4543749
0.45437476
0.45437634
0.4543742
0.4543728
0.45437944
0.4543758
0.4543727
0.45437428
0.45437276
0.45437208
0.45437247
0.45437384
0.45437405
0.45437846
0.45437452
0.4543734
0.4543733
0.45437208
0.45437157
0.45437193
0.45436975
0.454374
0.45437434
0.45437238
0.45437336
0.45437354
0.4543758
0.4543706
0.45437393
0.45437208
0.45437315
0.45437422
0.4543755
0.45437306
0.45437482
0.45437542
0.45437393
0.45437324
0.45437482
0.45437148
0.4543711
0.4543749
0.45437384
0.45437348
0.4543749
0.45437473
0.454373
0.45437375
0.45437413
0.4543752
0.4543696
0.4543746
0.45437413
0.45437256
0.45428663
0.45437238
0.45437384
0.45437413
0.45437527
0.45437428
0.45437437
0.4543731
0.45437276
0.45437467
0.4543727
0.45437375
0.45437488
0.45437405
0.45437393
0.45437324
0.45437586
0.45437708
0.4543749
0.45437
0.45437422
0.45437405
0.45437512
0.4543736
0.4543715
0.45437574
0.45437363
0.45436996
0.4543671
0.45437315
0.45437434
0.4543708
0.45437193
0.45437187
0.4543742
0.45437443
0.45437476
0.45437586
0.45437238
0.45437422
0.45437315
0.4543759
0.45437384
0.45437157
0.45437384
0.45437717
0.4543699
0.45437536
0.45437354
0.4543746
0.4543739
0.45437503
0.4543728
0.45437467
0.4543705
0.4543728
0.45437843
0.45437378
0.4543706
0.4543757
0.45437285
0.45437428
0.45437276
0.45437384
0.45437166
0.45437688
0.454373
0.45437562
0.4543698
0.45437157
0.45437306
0.4543757
0.4543736
0.45437428
0.45437562
0.45437247
0.45437098
0.45437956
0.45437753
0.45437354
0.45437345
0.45437178
0.45437187
0.45437294
0.45437178
0.45437458
0.45437172
0.45437422
0.45437157
0.45437473
0.4543757
0.4543708
0.4543732
0.4543736
0.454374
0.45437336
0.4543762
0.45437437
0.45437405
0.45437443
0.45437095
0.45437595
0.45437664
0.45437187
0.45437127
0.45437533
0.4543666
0.4543709
0.45437422
0.45437136
0.45437294
0.45436686
0.45437324
0.45437476
0.45437384
0.45437458
0.4543731
0.45437294
0.45437393
0.45437178
0.45437747
0.45437443
0.45437256
0.45437503
0.45437422
0.4543742
0.45437363
0.454373
0.45437375
0.45437562
0.45437422
0.45437562
0.45437422
0.45437157
0.454377
0.45437247
0.45437503
0.45437306
0.4543709
0.4543758
0.4543729
0.45437384
0.4543726
0.45437473
0.45437208
0.45437285
0.45437247
0.45437336
0.4543733
0.45436996
0.45437708
0.45437166
0.45437324
0.45437354
0.45435917
0.45437562
0.45437294
0.45437384
0.4543763
0.45437074
0.45437482
0.45437694
0.45437393
0.45437405
0.45436913
0.45437533
0.4543757
0.45437574
0.4543731
0.4543773
0.45437315
0.45437005
0.45437512
0.45437083
0.45437506
0.45437217
0.45437542
0.45437187
0.4543731
0.45437202
0.45437422
0.45437196
0.4543728
0.45437384
0.45437393
0.4543733
0.45437306
0.45437482
0.45437413
0.4543737
0.45437747
0.4543703
0.45437142
0.4543724
0.45436627
0.454373
0.45437428
0.45437452
0.45437434
0.45437443
0.45437503
0.45437467
0.45437413
0.45437306
0.45437434
0.45437256
0.45437187
0.4543732
0.4543742
0.4543746
0.45437413
0.4543757
0.4543746
0.454377
0.45437345
0.45437238
0.45437324
0.45437467
0.45437434
0.45437306
0.45437422
0.4543731
0.45437476
0.45437437
0.45437482
0.4543736
0.45437378
0.45437264
0.45437595
0.45437375
0.4543739
0.45437616
0.454374
0.4543721
0.4543588
0.4543746
0.45437393
0.45437217
0.45437363
0.454373
0.45437533
0.4543742
0.4543725
0.45437136
0.45437503
0.4543746
0.45437294
0.45437324
0.4543709
0.45437208
0.45437053
0.4543733
0.45437324
0.45437497
0.4543746
0.45436493
0.45437405
0.45437422
0.45437506
0.45437512
0.45437238
0.4543768
0.45437452
0.4543731
0.45437345
0.45437503
0.45437345
0.45437315
0.45437467
0.45437405
0.45437443
0.45437407
0.45436892
0.45437378
0.45437473
0.45437363
0.454377
0.45437324
0.45437193
0.45437393
0.45437363
0.4543745
0.45437348
0.45437497
0.45436615
0.45437232
0.45437083
0.45437393
0.4543761
0.45437196
0.45437625
0.45437256
0.454374
0.45437405
0.45437458
0.4543703
0.4543728
0.45437354
0.45437354
0.45437345
0.4543758
0.45437574
0.4543826
0.45437458
0.45437393
0.45437434
0.45437557
0.45437434
0.4543697
0.45437324
0.45437548
0.45437443
0.45437306
0.45436576
0.4543681
0.45437178
0.45437345
0.45437443
0.45437285
0.45437452
0.45437413
0.45437315
0.4543709
0.45437285
0.45437193
0.45437473
0.45437178
0.45437294
0.4543736
0.45437238
0.45437124
0.45437112
0.45437384
0.4543763
0.45437202
0.45437187
0.45437172
0.45437688
0.45437276
0.45437294
0.454373
0.45437533
0.4543745
0.4543752
0.4543749
0.4543742
0.4543732
0.45437306
0.4543742
0.45437452
0.4543742
0.45437393
0.45437074
0.4543764
0.45437217
0.4543703
0.4543746
0.45437345
0.45437413
0.45437375
0.45437488
0.45437247
0.45437256
0.45437375
0.4543749
0.45437363
0.45437482
0.45437247
0.45437375
0.45437306
0.45437473
0.45437354
0.45437074
0.45437315
0.45437413
0.45437375
0.45437238
0.45437363
0.4543755
0.45437393
0.45437315
0.45437413
0.45437363
0.45437703
0.4543711
0.45437422
0.4543766
0.45437443
0.45437294
0.454374
0.4543732
0.45437473
0.45437238
0.4543731
0.45437452
0.45437324
0.4543739
0.45437542
0.4543749
0.45437172
0.45437238
0.45437324
0.45437354
0.4543736
0.45437422
0.45437285
0.45437363
0.45437428
0.45437443
0.45437178
0.45437393
0.45437476
0.45437708
0.45437434
0.45437393
0.45437074
0.4543698
0.45437533
0.45438132
0.4543742
0.45437536
0.45437473
0.4543763
0.45437443
0.45437393
0.45437458
0.4543749
0.4543759
0.4543697
0.45437533
0.45437405
0.45437148
0.45437503
0.45437256
0.45437452
0.45437384
0.45437413
0.45437458
0.45437443
0.45437217
0.45437768
0.45437405
0.4543734
0.45437315
0.45437384
0.45437434
0.45437452
0.45437104
0.45437413
0.45437437
0.4543745
0.45437363
0.45437533
0.4543732
0.45437157
0.45437434
0.45437533
0.4543709
0.45437393
0.45437315
0.4543739
0.4543732
0.45437503
0.45437196
0.45437163
0.45438012
0.45437413
0.4543728
0.45437428
0.45437437
0.45437264
0.45437336
0.45437196
0.4543733
0.4543705
0.45437315
0.45437405
0.45437118
0.4543746
0.45437363
0.45437413
0.45437738
0.45437527
0.45437118
0.45437384
0.45437232
0.45437488
0.45437512
0.4543653
0.4543739
0.45437473
0.45437887
0.4543752
0.45437375
0.45437458
0.45437232
0.45437384
0.4543761
0.45437422
0.4543727
0.45437324
0.45437443
0.4543725
0.4543737
0.45437562
0.45437345
0.45437533
0.4543742
0.45437324
0.4543762
0.45437434
0.45437118
0.45437354
0.45437548
0.4543703
0.45437407
0.45437717
0.45437428
0.4543705
0.45437393
0.45436516
0.4543762
0.45437285
0.45437276
0.45437306
0.45437482
0.45437375
0.4543765
0.45437405
0.45437393
0.45437345
0.4543725
0.45437562
0.4543729
0.45437202
0.4543733
0.4543724
0.45437256
0.45437375
0.45437413
0.45437708
0.4543745
0.45437196
0.4543746
0.45437393
0.45437294
0.4543761
0.45437354
0.45437178
0.4543726
0.45437458
0.45437178
0.45437813
0.454376
0.4543746
0.45437473
0.45437473
0.45437223
0.45437354
0.45437422
0.45437405
0.45437405
0.45437542
0.45437413
0.45437503
0.45437533
0.45437354
0.45437247
0.45437476
0.45437452
0.45437443
0.45437542
0.45437452
0.4543742
0.45437822
0.45436794
0.4543746
0.4543737
0.4543749
0.4543746
0.45437345
0.45437407
0.45437363
0.4543734
0.4543763
0.4543757
0.4543731
0.454374
0.45437232
0.45437276
0.45437336
0.45437345
0.454373
0.45437023
0.45437375
0.45437345
0.45437434
0.45437452
0.45437217
0.45437428
0.45437482
0.4543759
0.45437473
0.45437118
0.45437363
0.4543726
0.45437324
0.45437226
0.45437285
0.45437336
0.45437422
0.45437422
0.45437166
0.45437172
0.45437384
0.45437306
0.4543739
0.45437872
0.45437422
0.45437458
0.45437434
0.45437226
0.45437178
0.45437247
0.45437536
0.45437294
0.45436996
0.45437276
0.45437437
0.45437533
0.45437393
0.45437306
0.4543709
0.4543755
0.4543731
0.45437542
0.45437226
0.45437238
0.4543697
0.45437196
0.45437413
0.45437118
0.45437306
0.45437533
0.45437306
0.45437178
0.4543729
0.454376
0.45437315
0.45437375
0.45437178
0.4543728
0.4543767
0.4543755
0.4543728
0.45437127
0.45437393
0.4543734
0.45437595
0.4543634
0.45437276
0.45437354
0.45437482
0.45437118
0.45437315
0.4543758
0.45437685
0.4543711
0.45437247
0.45437548
0.45437226
0.45437562
0.45437354
0.45437354
0.45437345
0.45437714
0.4543733
0.45437276
0.45437196
0.45437354
0.45437482
0.45437434
0.45437223
0.45437443
0.4543703
0.45437098
0.4543705
0.45437294
0.45437905
0.45437336
0.4543767
0.45437533
0.45437354
0.45437336
0.45437542
0.45437407
0.4543698
0.45437384
0.45437