0.9999285
0.9999851
5.3395322e-08
0.99997973
2.0058224e-06
4.0862977e-07
2.8738637e-07
0.9999974
1.3460146e-06
0.975491
4.4760218e-09
6.0247224e-08
4.5714066e-07
3.2778369e-06
0.99999547
1.0314077e-06
1.4842466e-06
0.98431766
1.3167042e-05
0.997474
0.9960543
2.9771113e-06
1.2328024e-06
7.8938164e-08
1.0856488e-06
0.0002250107
0.96449095
0.9991835
9.4407105e-06
0.9999925
2.739141e-08
7.739808e-06
0.03220432
0.00012214092
7.34896e-07
7.0099304e-09
0.9998764
0.9999528
0.99999964
0.9999454
7.6229835e-06
0.19973688
1.0074536e-06
1.9553331e-08
1.2848206e-07
3.345969e-06
0.9999933
0.99920374
4.3938604e-07
0.9999776
0.99999654
3.189084e-07
0.99997175
0.9999963
0.9821031
4.4139415e-06
0.9999913
0.00020499752
3.870744e-06
7.188809e-05
0.9999887
0.9999864
0.9999223
6.67355e-07
0.9938013
0.7112633
0.99999535
7.284764e-07
0.9045993
0.99998355
0.9999738
0.00010952518
0.99381244
0.062364433
3.1428627e-11
2.4469022e-08
7.8120955e-08
0.9999833
4.208627e-07
4.8477176e-08
4.3245965e-08
3.1449912e-07
2.8614693e-07
0.9999808
0.99995446
1.3645019e-06
0.99999416
0.9999999
0.99997544
0.99983335
6.910304e-08
1.4452972e-06
0.99990034
0.9999784
3.731233e-10
1.9296547e-05
0.99983907
0.9987054
0.99999845
0.999987
9.743887e-07
2.9958272e-07
6.1122313e-07
3.2344397e-07
2.42562e-08
8.9749153e-07
7.012956e-08
0.99994886
0.99988806
0.9999999
1.6304912e-05
3.0734494e-08
0.99999154
3.3500494e-06
5.706939e-06
9.490968e-09
5.140117e-06
0.00023412623
0.99998903
0.9881449
1.0
0.9999926
0.00015940164
0.9999993
2.6454669e-05
0.99999535
2.4026534e-05
1.4169643e-06
6.1266053e-07
0.9994623
0.9999764
0.998606
3.0259673e-06
0.9998561
1.9353551e-07
3.0629185e-06
0.19121918
0.9999974
1.5799162e-06
8.4993144e-07
0.999997
5.672688e-07
0.99985623
2.2615825e-07
0.92411757
2.6255466e-07
9.465121e-08
1.5743715e-10
5.841277e-08
1.0177435e-07
0.99999774
0.9997328
4.5868718e-09
9.525957e-08
1.12209e-05
7.82847e-09
0.99999845
1.8878465e-08
1.8786946e-07
0.9999372
0.9999821
0.99999857
0.18535747
0.99999964
0.99998605
5.865375e-06
0.99999905
0.99996066
1.5353067e-05
1.6518204e-07
4.406972e-06
6.7362785e-06
0.00021737667
0.35637757
0.00011690921
1.5419037e-07
9.883583e-05
1.0
9.333092e-06
5.384083e-06
0.5910082
1.4341859e-08
6.75024e-08
0.9999999
0.9992642
0.9999896
4.6130193e-08
2.0957043e-06
2.7309437e-07
0.99998116
1.7598869e-07
0.9999975
0.99996686
0.99999654
0.00016226382
1.5603693e-07
7.705684e-07
0.99983215
7.408783e-08
1.4897764e-08
4.423401e-05
0.99999857
0.9999708
0.9999969
0.99998593
0.99999774
0.00012208457
0.99999
3.952731e-05
0.0001408882
1.2157558e-07
9.963771e-08
0.99999905
7.899299e-08
1.2190419e-06
1.1908846e-06
7.0936317e-06
0.14412142
5.557858e-06
1.0609283e-05
5.6446936e-09
0.99998796
8.301169e-07
4.642205e-07
2.1888143e-06
0.9999989
0.9998317
1.9387484e-05
6.248752e-08
1.517922e-07
0.99994683
7.1658076e-07
0.06824618
3.394283e-07
0.99849963
2.8641707e-05
0.9999949
0.9999995
2.4508106e-06
4.1735103e-07
2.2112345e-06
2.2083483e-07
0.99999285
0.9994311
0.9987184
3.8994997e-07
2.666593e-06
0.0003212714
1.6678253e-07
0.00412766
0.9999995
1.3883867e-06
0.9933802
6.833549e-08
2.7832612e-06
5.736142e-06
0.99992585
0.99986994
0.9999138
0.9999833
0.9999962
2.1395242e-06
0.9999603
0.9998994
0.7751309
7.7798664e-05
4.8653504e-07
3.8538673e-07
0.1427662
0.99995387
3.6947713e-05
0.5756543
3.368479e-07
2.865631e-06
0.99999344
0.00022798526
0.05485512
2.14635e-06
0.99993825
0.9997607
0.99999964
0.9999993
5.550536e-10
2.0671318e-07
0.99999106
0.99999785
2.0081078e-08
0.99999833
4.8349932e-08
9.952522e-07
0.58284634
0.99995625
0.9994498
8.5290236e-07
0.9999254
2.476389e-05
0.57995594
0.99947387
1.2696864e-06
0.99999774
1.0347613e-06
1.8170003e-06
0.86613905
0.9999602
0.9999999
0.00012366468
0.9999435
8.632314e-05
0.9999994
2.2292843e-07
3.4334005e-06
0.3755349
0.9999989
0.99993265
0.99999297
2.5696668e-06
3.248138e-06
1.5928241e-07
0.9998417
7.9035703e-07
5.007151e-06
6.691117e-05
1.0750414e-07
2.2090163e-07
0.99999833
0.9999893
2.1239952e-05
5.9836725e-07
9.58006e-07
0.99993765
0.97300446
3.3931205e-08
0.99999607
0.9999659
0.49509194
6.3630773e-07
0.99997056
0.9999807
1.1342906e-05
2.110304e-07
6.4227766e-07
3.9445402e-07
0.99991226
1.767439e-09
0.9998148
0.37598035
0.9972199
0.99999857
0.99999297
0.9999434
0.99994314
1.5901083e-08
0.9999968
1.1087978e-09
0.9999261
7.660993e-09
4.822689e-07
0.99999547
0.9999987
0.99999726
2.6121646e-05
0.9999651
2.3482943e-07
1.4162629e-07
2.9154585e-06
2.9595437e-08
0.99953127
1.0759348e-05
9.419373e-09
7.698031e-07
1.4629616e-06
3.929282e-07
0.999997
2.096255e-07
6.072311e-08
4.923302e-06
0.99990535
0.9981583
2.9797368e-07
1.588169e-06
0.99999535
0.99999666
0.98610616
1.2512292e-06
2.1512605e-08
0.9974899
0.99999
8.8784985e-10
1.292105e-06
0.9999374
0.9999924
1.6333968e-06
4.3597709e-07
5.621664e-05
7.35039e-07
0.9999875
0.99991584
9.310813e-06
9.6453434e-08
1.3845331e-05
1.9572741e-07
0.9971213
0.99995756
1.3346472e-09
0.93846035
4.5076695e-06
0.9999958
0.9999918
0.99998665
4.499997e-07
0.99943787
7.724514e-08
0.99998784
0.9999939
2.5401862e-08
6.120719e-08
0.9995753
5.5100255e-08
0.9999933
5.743105e-06
3.2627375e-07
2.5749573e-08
6.0101746e-07
8.599185e-06
0.9999964
1.0
0.9999552
1.057994e-09
2.7970396e-05
0.00010037086
2.1771623e-06
0.9999982
1.1311953e-07
0.0003644761
4.9619302e-06
2.4065676e-07
0.99996257
0.98783267
0.9955006
1.46387915e-08
9.513406e-09
1.6784003e-05
4.2001624e-08
0.9998061
0.99998724
3.0207062e-07
0.99993825
0.9999409
1.9795616e-06
0.99996364
0.9998307
1.7174922e-05
0.99641174
4.0845757e-07
0.11165008
2.496171e-06
0.99999475
0.9999453
1.3669505e-06
4.5181476e-08
0.9999982
0.9999974
8.321038e-09
0.997077
4.5665142e-06
0.99999607
0.9999764
0.4596682
5.085814e-08
6.9695704e-07
7.7113305e-07
2.883934e-07
0.9999976
0.999997
6.3086964e-07
0.99981564
0.99980253
1.478725e-06
0.9999521
2.5963323e-05
5.2450114e-06
3.3696573e-08
3.5919595e-07
0.99999547
8.804213e-07
6.1717954e-05
3.4984932e-05
0.9999865
0.99998295
8.895803e-07
0.9442621
0.99915147
0.99999857
0.9999212
0.00013371142
5.614694e-05
0.99999976
4.513567e-06
7.0365827e-06
0.9994803
6.19373e-08
0.9999212
2.2351478e-06
6.525632e-08
0.99950445
0.9998691
1.0491063e-05
7.7882004e-07
4.930063e-08
0.042239208
1.1892878e-06
0.9910591
5.224047e-07
0.99999774
3.7268418e-07
9.839221e-08
0.99996626
0.00011683832
1.3288056e-08
2.8088864e-06
0.9999927
0.43286878
6.9910534e-08
0.99991584
0.9999999
0.99926037
1.6491192e-07
2.6323226e-08
0.9996315
1.3492902e-07
0.99903786
5.893579e-06
1.4432015e-10
3.232641e-08
6.091428e-07
1.38699905e-08
1.9783997e-07
1.0478094e-05
1.2714751e-06
0.99993634
2.1263288e-06
0.9997962
2.098126e-06
0.9999957
1.17952155e-07
4.6277462e-05
8.976155e-09
6.956404e-08
1.2200003e-06
0.9999323
2.825151e-07
1.6231218e-07
9.0170215e-07
0.9999932
0.9999999
2.8859972e-06
1.666383e-06
4.870123e-07
1.7570962e-07
0.9999814
2.6822448e-08
0.99996316
1.4513288e-05
4.1032962e-08
0.99995136
3.5998335e-06
0.999926
0.9999982
4.545779e-07
0.999897
0.99997413
1.3480877e-07
0.99988735
4.9323353e-07
0.9999999
0.9999764
0.99999845
0.99996364
0.99974626
1.23960945e-05
1.2272548e-07
3.3947072e-07
1.6332082e-07
4.974225e-06
1.0
0.9960516
1.0384072e-06
0.5264746
9.681919e-07
0.9999995
1.0085018e-09
1.5995615e-06
7.976115e-09
0.00022240575
0.99994636
4.4499635e-07
1.5196156e-05
8.563363e-08
0.999995
2.0665048e-07
0.99999976
0.9999987
0.9991198
7.2338383e-07
0.9999982
4.5900862e-08
8.402898e-07
2.4266873e-07
5.141357e-06
0.9999951
9.447391e-08
0.8713434
4.0375778e-07
0.99999034
0.6967439
4.2755946e-06
2.2611073e-05
2.4865383e-07
0.9999442
0.9999914
0.9998462
8.884559e-11
5.2548114e-07
0.9975447
0.2717334
0.9999975
3.8511007e-07
0.9997608
0.99547017
1.6033002e-06
7.737668e-06
4.5131436e-08
1.0
0.9999615
1.0442953e-08
0.99999905
0.9999312
2.7677144e-05
1.2140915e-05
1.3158338e-07
0.99997735
1.0904916e-10
0.9973984
0.9999833
1.0462139e-05
2.0905446e-08
3.1288022e-05
6.842078e-07
0.9999988
0.9990439
0.9999809
0.99953675
4.4202643e-06
0.9999993
9.885419e-06
0.9999993
0.99998486
0.9999999
2.8773954e-06
3.3317167e-06
3.5960554e-07
2.4830172e-07
0.9999869
0.95226616
2.7833407e-06
0.99991345
5.457039e-09
1.3201381e-08
0.99999213
1.3476617e-10
0.9988048
0.9999963
4.9136397e-06
0.9994337
0.99998295
0.9999832
0.005369552
1.8185536e-06
0.9999343
0.98595756
0.0326161
1.5226727e-08
0.92893815
0.9999975
0.99943465
0.99997795
0.99987745
0.9999987
0.9998054
4.316692e-06
0.0002802524
0.99959224
5.653057e-08
5.6654357e-09
9.515759e-05
1.6760335e-07
4.3870563e-07
1.355188e-06
0.99991715
0.8452162
1.7708653e-06
0.99997556
0.99999845
0.0001942065
1.3401219e-08
0.99994504
2.1681615e-06
0.9999932
0.9999995
0.9999894
0.44515777
0.9998056
5.1755836e-07
1.1806289e-09
0.9999896
3.3235625e-07
2.9103749e-06
0.9999957
1.2889024e-07
0.95314324
4.029322e-06
7.616041e-07
0.9956903
1.0200789e-08
2.2552579e-06
5.386921e-07
3.6685065e-06
3.0927058e-07
9.602703e-06
5.6167504e-05
0.9998332
0.99996877
6.055826e-09
2.1936566e-08
0.99986565
5.918779e-06
2.0808418e-08
0.99997485
0.9999989
1.6531518e-06
0.99974376
4.1403487e-07
0.99999094
2.5989604e-07
1.0
0.007505973
9.205422e-07
1.8901632e-08
8.441261e-10
1.6947682e-06
3.1446882e-07
3.195989e-07
4.4158767e-08
0.9995685
0.087482765
7.0408527e-07
0.9996649
9.698316e-05
2.9343516e-07
1.2540396e-07
9.972219e-06
0.9996762
0.999962
0.9995334
3.1372622e-07
2.5863163e-09
1.6708926e-05
0.9994617
1.6879645e-06
0.99982244
1.5363906e-06
1.14374565e-10
0.99999976
4.680658e-07
1.8381226e-07
0.99992716
0.9999982
6.350356e-11
0.9999007
1.5581091e-07
4.4516952e-07
0.99998486
0.46836588
0.9979455
2.2218105e-08
0.9999354
0.9999653
0.999338
0.99997735
0.000106995656
0.99999976
0.9998418
0.99999475
1.3881346e-05
0.00011673742
4.6437194e-07
7.351418e-09
7.151512e-07
0.9999999
1.17579496e-07
0.99999917
8.1065934e-08
0.9974704
0.9999982
2.0865993e-07
4.7531978e-07
8.727865e-08
0.35128716
0.99999416
0.99987745
0.999998
0.9999987
0.9996735
0.998976
4.3619078e-08
1.5094585e-06
0.9999964
0.89847803
1.6567867e-07
0.9999536
0.9998461
0.9999987
0.9999397
9.783735e-08
3.6719535e-05
0.9998111
0.9999981
1.2724158e-07
0.8646002
3.592792e-07
0.99999857
1.1011648e-08
1.0550581e-05
0.9999627
0.99975175
0.01059213
0.9999503
0.99991405
1.15072865e-07
6.273395e-07
3.3773504e-05
0.999997
0.9999956
1.250828e-05
0.9999987
0.999941
0.9999609
0.99999464
0.999985
5.6183694e-07
3.6673662e-06
0.99998355
3.926555e-07
0.00017290065
2.488688e-07
0.99950707
5.3060782e-09
3.0579693e-07
7.698348e-08
5.5200526e-06
0.9999944
1.2279291e-07
0.999974
0.00026423708
0.9999759
2.5979147e-05
1.1719234e-10
7.784861e-06
1.22165265e-08
1.7828918e-07
6.535671e-07
0.6344759
9.389624e-07
0.99979395
9.953039e-08
0.9999993
5.0558693e-08
5.957078e-05
0.00041383298
0.226278
0.9999559
7.863595e-07
0.9955818
6.0552685e-07
5.846762e-08
4.214117e-08
0.99999344
4.8609582e-08
0.0005946755
2.6623493e-06
3.952139e-05
1.0
2.759025e-07
0.9999907
0.9999821
0.999772
0.9993488
2.6690734e-06
0.9999988
0.99991417
0.89095145
9.975033e-07
0.9998995
0.033220038
0.9999976
8.157357e-07
4.986593e-06
0.9999567
0.9999627
5.8590413e-06
0.999985
5.2171645e-06
1.1351295e-06
6.5806404e-07
0.5160096
0.9999796
0.9998791
1.5119782e-07
0.99999785
0.999998
1.8846338e-08
0.9999995
0.9999857
0.9998714
0.99994123
0.99996495
1.6631776e-06
5.7845227e-06
0.9999609
5.009497e-07
0.999961
9.770929e-07
0.99999475
0.99999356
0.9999912
0.9999994
1.1829439e-09
0.9999975
0.99999785
2.0809253e-08
0.999928
4.865063e-07
3.4579332e-07
2.9149831e-08
1.3858427e-07
8.118444e-07
1.117287e-06
0.99998164
0.97050226
0.999933
9.867374e-06
0.9999478
0.71995276
1.3727489e-05
3.5987622e-07
0.99997747
0.9857547
3.8729222e-08
0.99998343
0.99996996
0.99994063
1.1773468e-07
0.99999547
6.645359e-08
0.9999924
2.6348175e-06
1.4202084e-06
4.1972548e-08
0.99980956
8.252634e-08
0.9999994
1.3030098e-08
0.9998622
3.2288906e-06
5.36736e-06
0.99915266
0.99999654
7.3841315e-05
0.99999976
0.999961
2.5019045e-07
0.99578816
1.4913521e-06
7.438971e-07
9.458924e-06
2.9171382e-10
0.99938047
0.0022756052
0.9999546
0.99997365
0.98994327
2.5705637e-07
0.99999607
6.012439e-08
0.994665
2.0508294e-06
3.0648412e-06
6.354233e-06
1.3117394e-06
0.99999356
1.5335522e-06
0.9424096
1.1641658e-06
0.9999949
0.9249584
4.8718553e-06
0.99996257
6.0343314e-07
6.9289985e-07
0.9999691
1.2217025e-06
1.669122e-07
0.9999484
0.99999905
3.3822693e-07
0.0015090895
0.99999857
1.3608545e-08
3.469286e-07
0.99993575
0.00067847717
4.8478614e-07
1.3897558e-08
1.3848077e-08
3.9999872e-08
1.4402311e-06
4.780177e-08
0.99997747
0.9999957
0.99975103
4.8090345e-07
3.5292844e-06
0.99991167
1.094976e-05
2.1969423e-07
0.995269
2.8664674e-06
0.9999095
0.9999695
0.99993837
0.99997187
2.2890644e-07
2.1791679e-07
0.99989545
0.99998915
0.9999888
0.99990034
0.9999814
7.053159e-08
1.0
1.3817427e-06
0.99999094
0.9999993
1.9533352e-06
5.1419505e-05
4.0118757e-06
2.4338831e-08
0.9974348
0.99998844
0.99989724
6.67916e-08
0.99999774
2.5012001e-08
0.9999918
5.9810253e-07
0.9999013
0.99990606
0.99998426
0.9999994
0.99999166
2.0010218e-07
2.6541933e-08
4.2610117e-07
0.99988663
0.9999764
0.9090389
2.9201564e-07
0.9999964
0.99999595
0.9999976
3.007784e-06
0.9999778
1.1368552e-05
0.9999347
0.99968004
0.9999881
2.9195487e-06
5.926884e-06
0.9999962
2.6639114e-07
7.458356e-07
2.1837879e-08
0.9998926
5.2983753e-05
0.79765064
0.9995436
0.999718
0.00058195717
1.5986937e-07
0.99978775
0.99999785
3.9537147e-07
0.9999914
0.9980118
2.0101406e-06
5.0899723e-07
4.87035e-08
1.2860653e-06
0.9999629
2.7928522e-07
9.834564e-05
0.99948055
0.9996101
1.5192195e-07
5.9124886e-08
0.99996257
5.932512e-07
0.9992324
2.8917304e-06
7.795722e-06
5.279755e-06
3.8893344e-07
0.99988663
2.9481262e-06
1.3609706e-07
0.99995863
1.9754823e-06
1.2240291e-05
0.99787056
0.00043430188
1.39179165e-05
8.667554e-06
6.7658175e-06
2.6348955e-06
0.99994755
0.99997056
0.99999654
7.1759837e-07
0.9996563
4.868119e-09
0.99986386
0.010155014
0.99999833
0.99998045
0.9999821
0.9999825
3.1986312e-06
1.0133479e-05
8.054121e-07
0.99183226
1.0122343e-05
0.4643396
2.4969088e-06
0.8848123
1.4863032e-06
0.9851244
0.99676335
3.5834953e-06
0.99919504
0.9420854
0.99998677
0.9999722
0.9999608
4.6471172e-07
3.8405526e-07
0.99914384
0.00017212867
3.4576965e-06
1.3797906e-05
4.699884e-05
0.9986811
0.9999392
0.99999964
0.9999714
3.9437052e-07
0.9999994
6.150512e-06
5.9567596e-05
2.6850164e-10
0.99971193
1.1401995e-06
6.5265465e-07
3.1755545e-07
0.9999969
2.7566446e-07
2.4017e-07
8.0600074e-07
2.1641651e-07
1.6187911e-08
2.4758197e-06
8.589481e-06
0.99994063
4.4368525e-07
0.9999974
2.869302e-09
4.501654e-07
3.503646e-07
0.99978894
0.8874643
2.9273835e-07
1.0141407e-05
0.99999523
0.9996513
4.297044e-08
2.2751985e-07
1.3901406e-07
7.88275e-06
0.9920299
0.9999969
8.935196e-06
0.99996626
0.9986878
0.99995387
8.4942013e-07
0.99999225
4.894106e-07
3.2602723e-06
0.034378693
0.9999794
1.6565244e-06
1.7037135e-07
0.9995908
3.0777412e-07
3.2181588e-06
3.5738123e-07
9.9590034e-05
0.9999833
0.9999995
8.4616175e-07
4.1844447e-05
0.99999213
2.9822977e-06
0.45287612
0.99994886
4.3166654e-07
1.0693603e-07
0.9999994
1.1599983e-07
3.8286817e-06
0.9999851
1.0901798e-05
0.9999893
1.015729e-06
1.8603042e-07
3.8518758e-07
2.4977603e-10
3.2691344e-10
0.9999145
3.9904243e-08
1.3508756e-06
1.3679906e-05
0.9999974
1.0
0.9988257
0.9993092
8.7219064e-08
9.475441e-07
0.9999709
1.7787565e-07
2.0669102e-06
0.00015510907
3.5351627e-06
0.99993193
1.4700383e-06
5.5748645e-10
0.9999901
1.1976294e-06
5.124915e-05
0.0006939592
0.9990864
0.9999896
2.0648315e-06
0.9999304
3.629614e-07
2.9198967e-08
0.0003758334
0.9999801
2.0219329e-07
0.9999876
0.99976677
1.732713e-07
5.4439106e-08
0.9999739
6.534792e-07
0.99999344
3.7212483e-06
0.93227774
1.3215775e-06
5.274873e-06
0.99990845
1.8485873e-06
3.487837e-07
0.9523769
0.9999906
1.6303543e-06
3.810504e-10
0.9999994
0.99998856
0.9999633
0.9999523
0.9999938
0.999933
0.9999901
1.2365634e-06
0.9999995
4.1636432e-07
8.9107176e-05
1.3126038e-07
3.8240655e-06
1.0
8.5352735e-07
0.9999603
0.9999851
3.582213e-07
2.975713e-07
8.765183e-06
2.2551976e-06
0.9999118
2.7118369e-05
0.9999634
8.603168e-07
8.057094e-07
0.9999747
0.99994695
0.9999014
0.99816483
8.7427015e-06
0.99984443
6.1659654e-07
0.00012455962
2.062889e-06
0.00028079265
3.026349e-07
0.9999943
6.703076e-08
1.7190288e-06
4.605793e-08
2.211259e-05
0.9999552
0.9999312
0.99977535
0.9999901
0.99999857
0.968164
0.999814
0.999895
2.7117929e-05
0.99718237
0.99999666
1.3237329e-07
0.8077939
0.9999819
3.5883982e-08
0.9998473
1.1298547e-06
0.99997497
0.9999974
0.99999535
0.9999845
0.9999913
0.9999857
8.0768433e-07
1.7235251e-07
6.4804146e-07
2.0631082e-07
1.878675e-09
1.2273314e-10
1.01310675e-07
0.9999887
0.99998033
0.9995222
1.8753145e-06
8.90323e-07
2.6127128e-07
2.637432e-06
1.2974463e-07
0.0006372845
2.5795225e-06
0.99973553
9.263298e-09
0.99992526
2.1730354e-07
0.10075923
0.9999833
0.9999958
0.99999845
1.6466974e-07
0.999132
2.0674208e-05
0.99999535
3.302718e-08
1.5232862e-06
1.435314e-07
1.6760303e-07
0.99999416
4.5530462e-07
3.3216756e-06
0.99998975
0.99997926
0.99999845
1.4970306e-07
0.9998017
0.99600345
1.0
4.309997e-08
2.9108163e-08
0.99999833
0.0049001854
4.4622877e-07
1.4623169e-05
0.34088254
0.9999434
2.5334515e-07
2.0918902e-05
0.9999728
0.99962246
7.1025545e-07
0.9999896
1.2948313e-06
7.779258e-10
2.4517748e-08
0.999997
0.9999696
4.6015433e-08
1.399874e-06
1.44211945e-05
0.99998057
0.0014194984
0.99982446
3.4083603e-10
0.9999914
1.2867825e-07
1.0186868e-05
0.99996686
0.99998677
0.9999566
0.9999981
0.00037341347
0.99999785
2.4831448e-07
3.0209185e-06
4.3310004e-09
0.9999994