0.58408785
0.61188376
0.32338533
0.5681604
0.3450429
0.27307406
0.27602798
0.6371468
0.34483972
0.4969691
0.2959663
0.2733133
0.27464816
0.40559828
0.64471465
0.28539228
0.2681767
0.51440704
0.33293974
0.5782602
0.5560623
0.29070008
0.32679722
0.26559192
0.28216577
0.34744018
0.53263676
0.54404855
0.37212762
0.62354434
0.2608467
0.3370189
0.54630506
0.3872816
0.37589028
0.32882008
0.5981814
0.65409786
0.65607893
0.60738474
0.2709704
0.5599601
0.27498645
0.3262857
0.26815405
0.30215356
0.60222435
0.6139082
0.2902015
0.6266443
0.55680555
0.2781371
0.6136105
0.548861
0.54562986
0.26198584
0.49882355
0.30210805
0.28734604
0.33152634
0.54470956
0.5799195
0.53756773
0.34472787
0.5072047
0.5901603
0.61996955
0.32545638
0.5695244
0.5814583
0.5828775
0.30899206
0.6411895
0.4771786
0.26942664
0.2769079
0.26863748
0.53408355
0.35189098
0.3209935
0.28056368
0.26873258
0.3342647
0.59966964
0.5606241
0.27981776
0.5824805
0.592985
0.5408159
0.54086107
0.269405
0.2882983
0.59643054
0.6643318
0.2705484
0.3419097
0.56644535
0.5626136
0.69674313
0.55549186
0.3343008
0.36210632
0.26977652
0.26792002
0.32565475
0.31166545
0.2704125
0.56843597
0.56728685
0.4644313
0.31421587
0.34759253
0.59421605
0.3191194
0.3672649
0.28647986
0.30800667
0.36144668
0.5763165
0.5537168
0.53757817
0.5710929
0.39178488
0.6499913
0.3083772
0.6047705
0.29884475
0.30294096
0.2808797
0.529242
0.5389059
0.5371216
0.27984583
0.5311993
0.28246388
0.28857112
0.56464803
0.5721372
0.34731174
0.28154278
0.5621051
0.2794668
0.6368315
0.26760492
0.51741517
0.30231485
0.2728016
0.31160542
0.26500013
0.2953866
0.63923717
0.62411475
0.33828425
0.29161894
0.30946702
0.32484037
0.6657787
0.2616545
0.26851285
0.5544494
0.5655401
0.69428605
0.50613123
0.6166405
0.61256355
0.3029704
0.6352645
0.55453104
0.27235904
0.28444988
0.29628792
0.30592996
0.33818045
0.5423265
0.30423084
0.26946735
0.30567178
0.6663824
0.26557747
0.2942179
0.49897903
0.26719117
0.27833176
0.6460648
0.52837664
0.5595839
0.32538223
0.34174404
0.2920997
0.64341074
0.27291426
0.68366134
0.6221729
0.57007086
0.32839888
0.25588778
0.35949975
0.569522
0.36514726
0.25912833
0.3495789
0.57424283
0.5901026
0.52634716
0.58801097
0.61611
0.30839932
0.6241051
0.33485404
0.32558206
0.32459167
0.33020648
0.63305765
0.24206467
0.36602077
0.36274436
0.28450942
0.52160317
0.28295556
0.2912046
0.34537604
0.60834813
0.25701287
0.27531615
0.28646898
0.57053906
0.55093133
0.3070568
0.34162164
0.27003947
0.53666043
0.3403405
0.5462001
0.365601
0.54983103
0.38952327
0.63498735
0.6335133
0.28096256
0.26739994
0.29930723
0.27617845
0.58150804
0.59407556
0.505189
0.2869461
0.34377673
0.3359775
0.34828502
0.53662306
0.68056613
0.27412382
0.56554806
0.35318604
0.2639321
0.28857967
0.5515823
0.5993554
0.52533257
0.6112942
0.6869174
0.28541675
0.5987666
0.5423525
0.5015668
0.3372291
0.27051154
0.27120376
0.54731065
0.59813607
0.39530146
0.5319632
0.29431462
0.28360677
0.5725065
0.56522286
0.538459
0.28781414
0.5313051
0.59004956
0.6850478
0.6214642
0.25676528
0.27944592
0.4887495
0.5864528
0.32875603
0.64237016
0.27457112
0.3356685
0.5721512
0.53500366
0.62816393
0.26937118
0.60057807
0.3186022
0.57745034
0.6207372
0.31531373
0.6993348
0.3687268
0.29105914
0.5561373
0.5923512
0.6642511
0.34748852
0.55920416
0.31109303
0.58366585
0.29553223
0.27695033
0.6357524
0.7002433
0.54293185
0.5775407
0.29557985
0.30665416
0.29848182
0.5700159
0.28465283
0.28551543
0.34040046
0.27769655
0.25622344
0.6415146
0.5406144
0.33743945
0.30100203
0.35367832
0.6171803
0.568352
0.26831102
0.6290585
0.6148914
0.5360174
0.32731032
0.58376586
0.6072214
0.31629273
0.2700024
0.27385995
0.28725702
0.59185857
0.33108705
0.59424984
0.56169516
0.5107103
0.67633665
0.6158408
0.5607347
0.50186336
0.27721262
0.5749498
0.33013013
0.54901344
0.28507826
0.28115
0.640217
0.617116
0.6137487
0.35905766
0.57575655
0.27101326
0.27237135
0.35415268
0.34605378
0.56294584
0.28051165
0.25926477
0.35967833
0.33512613
0.28895742
0.6496577
0.28027558
0.27048755
0.31083682
0.5571885
0.5240293
0.27297196
0.3055585
0.6465373
0.5521092
0.5772435
0.3742286
0.32263806
0.54895496
0.60108656
0.3537245
0.30291447
0.5437061
0.6010654
0.29161957
0.27610007
0.39987198
0.33238795
0.59284645
0.5849171
0.29209837
0.27314207
0.29504794
0.2731108
0.58697146
0.54569405
0.32149243
0.5676724
0.40432018
0.5942225
0.66723204
0.59311384
0.3492638
0.63688594
0.3154384
0.66924477
0.62104815
0.26463497
0.26865104
0.5253897
0.26114568
0.61525947
0.29988068
0.27399373
0.32345396
0.2742381
0.295654
0.6590555
0.73065364
0.586618
0.31930068
0.30315644
0.3158167
0.27610487
0.49196446
0.33059257
0.5404968
0.31621385
0.27394062
0.620891
0.5557699
0.56823456
0.3277193
0.25876215
0.29953673
0.262294
0.55653125
0.6523733
0.25289825
0.5926033
0.61740524
0.3426832
0.5828115
0.5484959
0.3811042
0.4807401
0.2562748
0.59181434
0.28038484
0.5963455
0.6207835
0.28635362
0.26239702
0.6469724
0.6072019
0.26230848
0.596374
0.3164992
0.5929658
0.52113134
0.5422059
0.26863176
0.260941
0.33480746
0.27129215
0.60757357
0.57067806
0.2787411
0.5292879
0.59628767
0.27316245
0.5730671
0.32056025
0.30552346
0.32828182
0.3480302
0.6370797
0.29267678
0.2691355
0.3196998
0.5703775
0.50507224
0.3707784
0.52981937
0.63537216
0.65723294
0.62001574
0.36106372
0.37465066
0.62735313
0.31968674
0.2738555
0.5385178
0.33843163
0.5767718
0.2901235
0.274938
0.5536542
0.5146088
0.31425938
0.35395965
0.26335064
0.48161334
0.2993311
0.63040394
0.25774115
0.583524
0.33125728
0.3515188
0.5690269
0.31142896
0.26120472
0.29798156
0.62209547
0.5858128
0.23880292
0.60054266
0.6972841
0.5226199
0.36518133
0.26732177
0.6209746
0.29317495
0.53369826
0.384952
0.2921987
0.31962043
0.28008816
0.267166
0.30654502
0.3937153
0.27157128
0.5854792
0.33512047
0.53733295
0.33622414
0.6603381
0.34219402
0.3171762
0.263356
0.28443605
0.2853644
0.570659
0.27587652
0.29565036
0.3755286
0.6143393
0.6563833
0.3476345
0.2966572
0.26471227
0.27655402
0.62459034
0.26590765
0.5874784
0.5436913
0.33180106
0.56689733
0.2810336
0.5670594
0.5658605
0.27501658
0.62655634
0.6056284
0.2694389
0.5193088
0.28537083
0.61185694
0.5638911
0.5225963
0.58050454
0.5562801
0.3163067
0.27415338
0.31602043
0.28761417
0.32861942
0.65905905
0.5192657
0.28238523
0.56548506
0.29723275
0.698899
0.26442224
0.28225252
0.288078
0.53207767
0.53596085
0.2858267
0.35280433
0.26873443
0.63000476
0.29382953
0.6788135
0.6303925
0.578297
0.26724973
0.571027
0.26551002
0.35152373
0.34069082
0.2814245
0.51426494
0.2996993
0.56244075
0.27625528
0.6023234
0.5466014
0.30221447
0.3180294
0.27575973
0.65685505
0.5310183
0.54648405
0.3355637
0.32250658
0.6132936
0.49146363
0.5820854
0.27804717
0.5230768
0.5400428
0.34739935
0.28261676
0.3290362
0.6710968
0.58281004
0.3410348
0.6170756
0.54735804
0.3521708
0.3244754
0.26716664
0.5306068
0.26189828
0.5778586
0.6687622
0.29120144
0.26382494
0.336642
0.33485883
0.67784894
0.55758
0.6030901
0.54844207
0.37862363
0.6410444
0.35081673
0.6733045
0.6119813
0.69851416
0.29356706
0.29487333
0.34410828
0.2784834
0.5072501
0.52744323
0.3026485
0.5733572
0.2613497
0.26746634
0.5603859
0.33277547
0.5460755
0.54969025
0.30202782
0.5329081
0.5324124
0.54752344
0.5093488
0.29913142
0.55985624
0.57369107
0.57198656
0.2881921
0.5432217
0.62022096
0.5632969
0.58820206
0.49043867
0.62465304
0.5750141
0.2941182
0.3035193
0.5587504
0.2694036
0.329505
0.3243116
0.26637515
0.27778694
0.30343336
0.65253055
0.53869826
0.3414702
0.5856842
0.60540265
0.3344785
0.27710766
0.58709127
0.29124102
0.6609618
0.6073361
0.5756492
0.51973265
0.5940934
0.27528417
0.2848324
0.60543424
0.34566534
0.27119952
0.5366177
0.2652038
0.55858403
0.29387784
0.27336636
0.6079678
0.2665692
0.27638677
0.2771231
0.2991146
0.34607068
0.2832398
0.34829772
0.59864175
0.51204324
0.31789732
0.28256068
0.5324235
0.29273343
0.2611194
0.66610736
0.6282633
0.27530923
0.53349733
0.35061428
0.62552947
0.2693127
0.7728219
0.5307889
0.29361796
0.32942277
0.32284543
0.3680317
0.29109067
0.28011107
0.26250648
0.55069256
0.5565715
0.29228184
0.5856311
0.3124167
0.27521047
0.3594808
0.31138805
0.55463964
0.5275871
0.5398304
0.27840942
0.34534198
0.32573107
0.5373232
0.29578373
0.60290164
0.29702657
0.2931689
0.65799713
0.2765981
0.27295995
0.5999482
0.60501564
0.36525896
0.572398
0.2740049
0.3136159
0.64540416
0.5203901
0.4627942
0.26175696
0.62270665
0.6266272
0.5755411
0.6176324
0.30524787
0.6712443
0.54360557
0.62259525
0.3103905
0.30210647
0.27754512
0.33840862
0.27714133
0.64906466
0.27567533
0.6392393
0.3517067
0.5646482
0.62191516
0.27287245
0.27862757
0.26975328
0.5377823
0.6664077
0.60849655
0.65762365
0.57603484
0.5382175
0.6289911
0.27730975
0.36605573
0.5506149
0.55394447
0.25310624
0.57371676
0.49649155
0.62755203
0.58716387
0.26609042
0.32327834
0.54793197
0.6118054
0.27120924
0.57191086
0.34075725
0.5850087
0.27775678
0.31865895
0.5864264
0.5786653
0.52946883
0.5881747
0.5669719
0.2940209
0.28181836
0.35688776
0.5735692
0.623296
0.33752182
0.6276306
0.56517965
0.57562906
0.6450864
0.6618134
0.2827364
0.38427144
0.68433243
0.29127645
0.35516316
0.26810282
0.54088604
0.26467514
0.26406848
0.28620955
0.36289617
0.637614
0.33058783
0.5808809
0.34256846
0.5545576
0.32383713
0.30857566
0.25373346
0.38952103
0.27343664
0.27435258
0.5724149
0.34441707
0.6187413
0.27390054
0.59972465
0.3315437
0.39584664
0.33486554
0.5308421
0.5182185
0.32993242
0.5384444
0.34811997
0.32139865
0.26271278
0.59810156
0.34214228
0.56404734
0.34843686
0.3945708
0.70647955
0.26569733
0.5944939
0.51873064
0.55272204
0.5365972
0.30258477
0.5359543
0.6056129
0.5615618
0.28527352
0.5838768
0.4978735
0.56171834
0.49079293
0.31149304
0.5397139
0.57161945
0.3417631
0.5875538
0.27506468
0.3162479
0.29527774
0.5597453
0.62791353
0.54366255
0.3552311
0.611856
0.5965869
0.2741907
0.66182184
0.6030806
0.49561048
0.5516684
0.55626583
0.3427442
0.28274268
0.5721491
0.34293184
0.59251016
0.3846011
0.6206044
0.66557515
0.5709425
0.69001186
0.31131592
0.5885965
0.5776287
0.26113245
0.5750494
0.26460156
0.2723171
0.2806403
0.27670413
0.36224088
0.28834188
0.5880898
0.55690205
0.6038812
0.28740087
0.5225007
0.57108104
0.27941525
0.27911043
0.56119686
0.5654449
0.33756176
0.5380755
0.6243269
0.52064234
0.27595687
0.6137154
0.3023719
0.63340074
0.3158599
0.28121203
0.33055657
0.59178007
0.27196968
0.6198638
0.3188898
0.53059983
0.33575588
0.30544567
0.5155396
0.67626774
0.29905185
0.623777
0.5633193
0.27423984
0.66239035
0.31972462
0.29709724
0.38015175
0.32956228
0.48586518
0.5736145
0.5792232
0.5110632
0.57420105
0.34085956
0.6214873
0.2699666
0.6033378
0.36224496
0.36538354
0.291833
0.28895754
0.45741856
0.35355425
0.5579382
0.27859
0.5540349
0.5068186
0.28006226
0.52151614
0.2906288
0.3467837
0.5502983
0.2956129
0.27155897
0.5142855
0.57074213
0.33857864
0.57859653
0.65367424
0.27408615
0.34028864
0.6081093
0.37507978
0.3477421
0.2630437
0.28987408
0.31482956
0.35214508
0.35220924
0.56334347
0.6882575
0.573014
0.2925582
0.34539083
0.5918768
0.29933217
0.2854402
0.61903566
0.26889533
0.5212434
0.6182394
0.60743463
0.59598005
0.28340834
0.26890638
0.58246386
0.62016076
0.5681873
0.6179369
0.5790132
0.32783714
0.5766538
0.27589718
0.5948049
0.60184896
0.28350002
0.34875828
0.29161158
0.26003894
0.508441
0.5939315
0.55055916
0.2559136
0.59763545
0.28843185
0.57051504
0.27462283
0.6024289
0.5969875
0.5759136
0.6311148
0.5815587
0.32563788
0.32379147
0.29280987
0.5230207
0.6028422
0.54550964
0.27358472
0.62861896
0.62164766
0.6302907
0.32564035
0.59406245
0.2948518
0.6012548
0.6051945
0.59380436
0.27603033
0.3473335
0.6016384
0.28802526
0.28633523
0.2655146
0.56841475
0.31634262
0.4986409
0.60582155
0.49567786
0.34207818
0.2771716
0.5795324
0.5356817
0.28356913
0.5839167
0.5477646
0.26818883
0.2916053
0.2792175
0.29332945
0.5322825
0.33384773
0.32834643
0.55199367
0.5781701
0.2610706
0.30975404
0.47953585
0.29671484
0.5324904
0.28462955
0.2732907
0.3056457
0.27332842
0.6217304
0.28681546
0.27385908
0.58677554
0.28250825
0.31891328
0.56366146
0.527903
0.29310262
0.2876919
0.37862507
0.3536775
0.53791136
0.5773541
0.5521094
0.27215943
0.5726178
0.2602159
0.56698334
0.35195175
0.623506
0.6116725
0.5488476
0.6026459
0.30655268
0.32038
0.35299224
0.5675893
0.37134
0.55648845
0.46302432
0.52937156
0.34920627
0.49515283
0.5799209
0.35933813
0.56432277
0.5738559
0.62225693
0.5628088
0.6364813
0.34028137
0.26962945
0.56354946
0.32582447
0.28714806
0.29733804
0.30991685
0.5869618
0.57528293
0.70163196
0.60446954
0.28130075
0.630926
0.3101269
0.30836335
0.28595915
0.6099565
0.29020774
0.27428833
0.34104493
0.6374739
0.34029505
0.3332183
0.30415207
0.293412
0.27257413
0.29092968
0.27738163
0.59999084
0.28219756
0.6478352
0.3406034
0.3591737
0.27495438
0.57673126
0.5566661
0.27121842
0.32782063
0.58084816
0.5170681
0.26618865
0.2759729
0.27933848
0.392972
0.5570772
0.6315989
0.34078157
0.5951416
0.52784854
0.61847025
0.27668267
0.6332146
0.2773009
0.3175561
0.5978102
0.6473556
0.30012986
0.31446332
0.5860605
0.27432442
0.29273492
0.28196377
0.32241035
0.6194994
0.63738286
0.2938925
0.410099
0.6203093
0.2855307
0.5415818
0.61869025
0.27752504
0.34043178
0.62883526
0.27681696
0.31327295
0.55698663
0.36642042
0.6181791
0.27448
0.2702433
0.29556817
0.27578092
0.28461576
0.52445036
0.31888798
0.29523835
0.3855899
0.6041664
0.64670897
0.6016496
0.52786845
0.26562124
0.29665115
0.50480723
0.28496662
0.34611607
0.3394731
0.3887936
0.6543841
0.34950557
0.28130537
0.54759467
0.35515073
0.34237322
0.56438446
0.57683027
0.6420948
0.2786702
0.590211
0.2856916
0.3283928
0.5558815
0.56020015
0.27899063
0.54323775
0.56491476
0.2793038
0.26503578
0.58177495
0.28803
0.6369478
0.30369118
0.5216007
0.36662182
0.30065998
0.59077835
0.27321193
0.28674048
0.5124831
0.6111314
0.2881139
0.28355312
0.6535814
0.57354677
0.49206626
0.5954318
0.5507656
0.57932115
0.5782791
0.2985309
0.65324426
0.27913883
0.3744356
0.2919148
0.32706878
0.64018965
0.2922306
0.5684336
0.5875495
0.276439
0.27466238
0.31445917
0.28671604
0.52860117
0.33855098
0.62092257
0.2844154
0.34581754
0.563913
0.5961705
0.55439085
0.6048548
0.30969605
0.5612548
0.2674
0.30851412
0.33110493
0.3290894
0.28958383
0.5625804
0.32474974
0.339642
0.27350032
0.5029479
0.56725746
0.5482922
0.5545585
0.59280246
0.5931127
0.58789104
0.5699893
0.5413204
0.3161153
0.5445149
0.5604661
0.27244362
0.51830226
0.533379
0.26396632
0.5629908
0.29786327
0.58561057
0.62580407
0.6385583
0.5859283
0.6206581
0.5654696
0.30928734
0.2847956
0.2885093
0.2945658
0.30415896
0.3218879
0.27257356
0.5306148
0.631665
0.5620295
0.34356084
0.3507242
0.27565292
0.35411647
0.32879105
0.4994748
0.27584252
0.6246978
0.34068048
0.5531494
0.28582844
0.5249014
0.60215104
0.6430829
0.6354049
0.2682621
0.5379944
0.3546324
0.5446367
0.26998958
0.27291316
0.27031505
0.36612016
0.63269556
0.28227443
0.27869752
0.57887554
0.62172914
0.6712812
0.2855525
0.64313877
0.5466601
0.6998919
0.2651822
0.26808524
0.58967125
0.35446662
0.27751017
0.36113107
0.5541977
0.608272
0.34313267
0.30968535
0.5729265
0.580019
0.29719317
0.59049886
0.35597074
0.3076796
0.26574537
0.6107742
0.52031285
0.28778204
0.27503
0.32502216
0.61379576
0.35128352
0.56406605
0.31245154
0.60924
0.27006587
0.278458
0.61397636
0.61725765
0.52207524
0.62471217
0.5488215
0.6320209
0.2917057
0.26165098
0.28610405
0.524625