0.6402155
0.68418247
0.29406303
0.65663713
0.32557178
0.19092984
0.1741437
0.69914234
0.3051931
0.54510087
0.15701687
0.18545297
0.25009307
0.31876817
0.65226877
0.2787904
0.24784033
0.7432625
0.22927071
0.58625793
0.6160523
0.27925014
0.27750266
0.18009683
0.24495484
0.27381307
0.5960986
0.59563094
0.32819995
0.7292936
0.18388163
0.3295728
0.6544269
0.34121603
0.3399775
0.2693411
0.64351153
0.66688967
0.7948782
0.64610666
0.28431693
0.58232176
0.17819141
0.28724575
0.21408598
0.2672244
0.7245243
0.6541021
0.2871353
0.6623697
0.68126255
0.19955656
0.65113467
0.69307595
0.58751297
0.24771401
0.5720496
0.26630872
0.2797192
0.30576164
0.6371034
0.64950675
0.61092556
0.38166562
0.58126456
0.6257592
0.6918836
0.22429726
0.58284813
0.64996034
0.6578711
0.28097978
0.6091352
0.3177869
0.11494234
0.20130883
0.2183968
0.59223026
0.3806344
0.24904944
0.18721725
0.17154048
0.25787303
0.6325124
0.61915916
0.18761204
0.6988986
0.6671568
0.565785
0.45756036
0.19412105
0.24238743
0.6594607
0.6696212
0.11500747
0.19202739
0.58529526
0.59958947
0.7374119
0.6335205
0.34423313
0.35139108
0.21915807
0.23884001
0.25920492
0.27799025
0.17522815
0.6153356
0.60678715
0.6885686
0.20999315
0.35810053
0.6151216
0.27812067
0.33089712
0.18738063
0.30571857
0.27991512
0.6800921
0.5664451
0.7601611
0.6023116
0.29366148
0.7475532
0.3158472
0.6614767
0.23651049
0.2577019
0.29341102
0.573057
0.66979
0.5666185
0.20150171
0.58212227
0.16107394
0.23680766
0.56684494
0.71185505
0.36879835
0.2348398
0.62968343
0.2715245
0.7272103
0.24152283
0.61349744
0.25969273
0.19187857
0.15215579
0.30330417
0.19133729
0.7549826
0.64516646
0.29718062
0.19483182
0.24962743
0.24624258
0.7477196
0.21793126
0.2501317
0.30273968
0.6398594
0.69736886
0.3480023
0.6639022
0.70442903
0.3178037
0.7139446
0.7015772
0.22874726
0.33467162
0.27339175
0.3046442
0.27724057
0.56228614
0.25436538
0.1912404
0.22727354
0.69156635
0.28531417
0.28191975
0.35671335
0.22343196
0.16185097
0.7609264
0.55853516
0.61069643
0.27302015
0.31286687
0.23126067
0.7750512
0.21204871
0.7694583
0.6763188
0.71450573
0.24057738
0.17373627
0.34620687
0.60371417
0.18145488
0.1761136
0.24052587
0.70939386
0.61618686
0.5639136
0.66266096
0.7339528
0.23879574
0.67477334
0.23993546
0.21862486
0.26375455
0.24212818
0.7783852
0.25281742
0.36711374
0.35777014
0.22345452
0.4317532
0.26094404
0.23599525
0.24199586
0.6389163
0.25523874
0.1652074
0.26845732
0.6505162
0.5960355
0.25850415
0.30992427
0.22847922
0.6081775
0.30154762
0.5423456
0.3839096
0.6962879
0.36361182
0.62126607
0.68470436
0.25696212
0.18138553
0.22647782
0.15952016
0.6418011
0.62044466
0.562316
0.26791888
0.269478
0.32579073
0.29123607
0.65163314
0.78813547
0.18716604
0.6706149
0.17188935
0.24293259
0.24432549
0.5999196
0.69453907
0.6643067
0.66527516
0.76011604
0.18600942
0.6666067
0.56842154
0.5468175
0.24562342
0.1777262
0.28197917
0.64757955
0.62709
0.2890263
0.5718271
0.22593544
0.18669127
0.6408656
0.6682727
0.5563378
0.24252738
0.61988384
0.6501493
0.7734302
0.6832419
0.12823644
0.24425882
0.62955683
0.61196774
0.25309676
0.750254
0.20925024
0.3133106
0.60983765
0.5902828
0.692718
0.22137654
0.61069065
0.25662965
0.6639388
0.60958475
0.22761767
0.78922266
0.34576833
0.26684782
0.6031748
0.65664434
0.6833302
0.30316153
0.64091307
0.24334376
0.6793017
0.30594203
0.29127482
0.70498717
0.7174347
0.5917324
0.6272117
0.2820198
0.30540708
0.23961681
0.6304499
0.3171521
0.23414361
0.3471759
0.2017526
0.17085625
0.7376544
0.6742924
0.22423996
0.20290266
0.37086496
0.6591171
0.59026736
0.15299982
0.74616337
0.6668329
0.6094681
0.30129793
0.61656004
0.7345005
0.23339613
0.17168142
0.19060871
0.28440922
0.6360749
0.17300622
0.62714624
0.5814452
0.56937873
0.7464023
0.7425531
0.6049265
0.6200589
0.19459926
0.6493119
0.1530901
0.6096752
0.18842252
0.31882495
0.73916006
0.6595307
0.7506794
0.3006539
0.6207431
0.21677321
0.26011294
0.3462956
0.26116815
0.6047889
0.2138944
0.231587
0.36791205
0.29088253
0.25951335
0.7099756
0.19891745
0.24222706
0.27005687
0.5967713
0.56610745
0.27658123
0.24931139
0.68082607
0.27052796
0.6042213
0.29111746
0.15052661
0.56648093
0.6686341
0.19492821
0.25813156
0.61418515
0.6992726
0.27760786
0.24230696
0.5675698
0.31691417
0.67188627
0.6791222
0.2592339
0.21002816
0.19504154
0.19298877
0.6906548
0.59769034
0.18194245
0.54414994
0.35024714
0.6581751
0.7377539
0.6646256
0.28226236
0.6361095
0.19807373
0.7029726
0.66309637
0.20276608
0.17106825
0.5812253
0.20784938
0.71109736
0.2670435
0.19713572
0.27216083
0.30111548
0.25853744
0.66758066
0.79448426
0.6498847
0.16793635
0.26327342
0.26370305
0.24956627
0.5769857
0.24819471
0.5355938
0.22052656
0.20011328
0.66553605
0.65424484
0.5839748
0.26636645
0.18648338
0.24163337
0.17118935
0.58714247
0.68642944
0.25968108
0.6655315
0.6597218
0.36551398
0.65989375
0.60631806
0.3537801
0.41178247
0.17357685
0.68180156
0.2850007
0.6693975
0.605623
0.2501069
0.18196242
0.7241974
0.69536996
0.19123201
0.5780895
0.28529322
0.7218046
0.63119966
0.58511186
0.21951964
0.20124748
0.36128536
0.16178407
0.666286
0.6618432
0.29671985
0.5929571
0.61796653
0.23032926
0.6909381
0.24059983
0.23232307
0.29485583
0.29724228
0.76510704
0.301415
0.26285917
0.2799934
0.62818575
0.64214844
0.3457998
0.56708246
0.70135534
0.7668732
0.641145
0.36580792
0.36074093
0.6696544
0.2338868
0.29693177
0.5854283
0.27806824
0.6594353
0.23533863
0.20491362
0.56917167
0.55805004
0.24786763
0.34102693
0.20882975
0.35133058
0.22061425
0.6393334
0.18717873
0.6391734
0.31265032
0.27111486
0.668224
0.4848995
0.17413072
0.2498412
0.67614037
0.58960974
0.24880506
0.6137094
0.76449895
0.53565127
0.2984755
0.21043046
0.6541068
0.19504069
0.5706786
0.37947372
0.118847415
0.20017895
0.27624536
0.22829728
0.16468368
0.34588075
0.23167479
0.6504568
0.31431657
0.6085263
0.29902375
0.705792
0.26280192
0.23481765
0.18931495
0.23253113
0.28443077
0.64735883
0.18800958
0.32463738
0.30366802
0.6848002
0.7019177
0.36979046
0.29073545
0.25924316
0.16164781
0.67995644
0.2032354
0.65415734
0.6544732
0.2950474
0.61236876
0.1872903
0.6240387
0.7484083
0.28157705
0.6643393
0.6961837
0.15255715
0.6572007
0.23589952
0.684607
0.7086807
0.601382
0.635864
0.5859805
0.28751725
0.21645218
0.21642786
0.23104113
0.21698825
0.69917303
0.47934005
0.20279314
0.5817143
0.20525464
0.71389616
0.13487586
0.3140888
0.1364465
0.6420099
0.6613948
0.17418686
0.3073149
0.22208147
0.7099987
0.32023355
0.7470927
0.7104406
0.65539616
0.28292415
0.66597897
0.18948326
0.27756396
0.33650845
0.29614487
0.59132254
0.26248446
0.6339919
0.31220806
0.6862591
0.61311936
0.3132803
0.21725598
0.29818824
0.6597324
0.58320946
0.56076336
0.15266573
0.22047354
0.65277874
0.43287873
0.7441232
0.1942344
0.563633
0.65401286
0.33850807
0.27999586
0.28835896
0.82878715
0.629069
0.2524722
0.743038
0.65502656
0.26901475
0.2250548
0.18856893
0.6503283
0.11297811
0.618653
0.69126385
0.27231234
0.21079867
0.26240066
0.19421667
0.75039214
0.5739924
0.6673637
0.59095615
0.355163
0.7584188
0.27361155
0.7591181
0.6149002
0.7018672
0.32609117
0.20478693
0.23717354
0.21945906
0.5850202
0.548865
0.27784625
0.6338951
0.18755093
0.23121668
0.6550431
0.1326319
0.59915054
0.71216434
0.2741193
0.55186063
0.4123568
0.61610436
0.4248793
0.3157573
0.6143581
0.68531674
0.710952
0.2441172
0.6068019
0.6758085
0.6051418
0.6315846
0.57341224
0.7324802
0.62162894
0.2426044
0.31401765
0.5897227
0.1628089
0.14080773
0.26272893
0.17849879
0.18672453
0.26724392
0.67078024
0.5359247
0.27957222
0.658028
0.77543753
0.24955763
0.25875407
0.6314708
0.24298015
0.68801755
0.73984504
0.74215966
0.61000377
0.61985016
0.2742229
0.15077575
0.6578409
0.29074782
0.21735951
0.5884202
0.2110988
0.59817797
0.2337899
0.20484278
0.68405604
0.19663082
0.2917315
0.21549372
0.29828167
0.32429627
0.2929031
0.2507784
0.63372505
0.58468825
0.28075966
0.18324307
0.5713925
0.29494232
0.18784969
0.68721116
0.7180201
0.25746736
0.55811197
0.3493534
0.6989987
0.18320338
0.77809036
0.52949244
0.233119
0.29086113
0.12701198
0.38376814
0.24890815
0.19115062
0.18410239
0.5715817
0.5796941
0.28192115
0.6421303
0.31987208
0.1826433
0.2585051
0.25045612
0.57762814
0.61188227
0.65642476
0.27696764
0.1434599
0.26923075
0.5761438
0.2642946
0.6451008
0.22264604
0.101656005
0.68749917
0.22031777
0.26041842
0.61356986
0.71496654
0.13947344
0.63406044
0.13820788
0.2884032
0.7086975
0.6057095
0.52903914
0.19346005
0.67405677
0.68786633
0.6140108
0.66345257
0.25403574
0.69386965
0.6271803
0.67887086
0.3224325
0.30071163
0.25470898
0.17448038
0.28558147
0.76124185
0.21859314
0.7519896
0.29361477
0.6018868
0.70795953
0.21360889
0.19661279
0.18470176
0.5519146
0.7574667
0.62417257
0.7083197
0.65699404
0.25566933
0.62870806
0.21041958
0.32950383
0.36564022
0.5627553
0.18632269
0.61855084
0.4555309
0.6879099
0.63426083
0.19457453
0.28818822
0.59707737
0.6652583
0.1539799
0.57975984
0.36549923
0.6710922
0.21488456
0.25835544
0.6418399
0.6032288
0.60362995
0.6198976
0.6382474
0.2220774
0.25465715
0.2974045
0.6364193
0.70120394
0.37175494
0.68094754
0.6089613
0.6323474
0.7076296
0.6815732
0.22318277
0.29951522
0.67233235
0.19284818
0.32865697
0.17052779
0.6453766
0.1954068
0.2503127
0.22887616
0.3693219
0.69001746
0.3115584
0.61517286
0.31565788
0.6769651
0.2231701
0.14488438
0.77887887
0.2442797
0.18769504
0.25399545
0.5867639
0.35184938
0.7173115
0.26762643
0.6717053
0.313871
0.3022961
0.2740043
0.40401968
0.59888357
0.29151657
0.5734396
0.22687724
0.25125268
0.17676605
0.7037294
0.35336196
0.5218665
0.3502814
0.37259775
0.7190461
0.23988079
0.6701889
0.5839833
0.5818246
0.59880495
0.26884523
0.65298474
0.64308614
0.535333
0.23297249
0.63882494
0.5483874
0.68624467
0.571472
0.3119205
0.5945349
0.5900617
0.31929442
0.64022774
0.2698655
0.20675248
0.28518927
0.4563375
0.6534603
0.5917496
0.27867603
0.68633205
0.6816151
0.2108395
0.80381924
0.67832255
0.6043071
0.5980644
0.653085
0.3546663
0.31893075
0.66007406
0.3404578
0.6698046
0.31856737
0.649359
0.7566992
0.59690315
0.7138959
0.14730108
0.639619
0.67209256
0.18776803
0.64236486
0.18180141
0.27172816
0.21159098
0.18612583
0.3460802
0.19306044
0.6636222
0.63110507
0.65618527
0.25622374
0.55936235
0.56832796
0.27110597
0.2640851
0.68366545
0.6086116
0.29629514
0.59589
0.67848104
0.5655109
0.2859644
0.6387277
0.22077961
0.6813458
0.23437208
0.3045597
0.29323673
0.61681783
0.24156043
0.72051513
0.23181145
0.56131214
0.31436634
0.27909178
0.5652259
0.6882677
0.29407373
0.62893003
0.6325668
0.25148302
0.64999396
0.2844308
0.30423242
0.3634441
0.15583827
0.430105
0.5876207
0.67640114
0.5723519
0.59465855
0.31127885
0.67539495
0.18013209
0.5966533
0.3273378
0.33914244
0.2610138
0.2642248
0.7024051
0.3548095
0.67342854
0.21433192
0.59883696
0.5548672
0.2411122
0.58587676
0.28296244
0.38001487
0.68630886
0.24090548
0.20499507
0.56108147
0.67881066
0.36306763
0.5567523
0.7055445
0.19968398
0.37091815
0.6569603
0.38571757
0.2852704
0.12935947
0.2362648
0.24762513
0.3667014
0.24597406
0.67454106
0.64751405
0.63596725
0.19635512
0.36545715
0.64511675
0.34332344
0.21562357
0.6785232
0.3136959
0.58411646
0.6914782
0.66193944
0.64452964
0.24041645
0.24912296
0.7170409
0.67935187
0.60434365
0.64545834
0.7365848
0.29081342
0.80208737
0.20987517
0.654399
0.6259418
0.25421816
0.2626044
0.21352948
0.18566307
0.6476919
0.59814686
0.59996146
0.22815481
0.7122553
0.15652886
0.6468814
0.24700631
0.6144603
0.6226177
0.6175592
0.7172113
0.6965352
0.23889329
0.25548407
0.30875415
0.6212649
0.69532716
0.31911248
0.2503255
0.693681
0.6519949
0.70836985
0.3401045
0.6443177
0.19869483
0.64457315
0.62003416
0.670044
0.30342153
0.292822
0.692629
0.18561247
0.1932036
0.19520672
0.64265156
0.23262167
0.5050189
0.6271174
0.38084444
0.27622437
0.17063892
0.33640686
0.69404453
0.25607345
0.67700166
0.5766471
0.25519082
0.22717589
0.29754257
0.21909583
0.62009406
0.25300902
0.21651223
0.5997661
0.6117125
0.17874454
0.15626726
0.597431
0.24634092
0.6015605
0.28133094
0.2602651
0.2654696
0.25675604
0.65164226
0.19213632
0.18709263
0.62550896
0.28594372
0.23072113
0.46001372
0.3984603
0.2125431
0.26498848
0.37369058
0.363205
0.5500553
0.62250423
0.6704818
0.17355642
0.6948862
0.18062553
0.62773126
0.29077706
0.70878977
0.6803693
0.6236141
0.6663359
0.31884757
0.32029793
0.33394024
0.6199969
0.33215776
0.5575752
0.19027983
0.54161507
0.33211046
0.5490942
0.632449
0.37929124
0.7046732
0.58026916
0.6588497
0.62893397
0.7214128
0.29039693
0.17670165
0.60846037
0.23865959
0.22338104
0.24770464
0.26856148
0.6961141
0.59013444
0.72602063
0.7213076
0.23343785
0.74405813
0.20345874
0.27749494
0.119380735
0.6263179
0.19756483
0.29030553
0.37706488
0.6994917
0.18703943
0.317762
0.30772433
0.22191775
0.23865499
0.2487929
0.30338806
0.61302686
0.23847787
0.75066346
0.1582323
0.37732032
0.26496089
0.63532686
0.5563447
0.25624016
0.27234045
0.66798866
0.57447475
0.21194777
0.25681415
0.20559011
0.3688285
0.63414615
0.6922828
0.33080074
0.62427443
0.5424911
0.6381075
0.23409536
0.7234239
0.23927614
0.26248935
0.6443969
0.6564796
0.28667414
0.22095756
0.6209046
0.2734503
0.18833156
0.29442665
0.24047647
0.69764686
0.70790553
0.29449883
0.32626355
0.7606328
0.2664766
0.6424783
0.61501634
0.28075135
0.18620867
0.7326132
0.21588504
0.24097265
0.5997705
0.323709
0.6520692
0.27331194
0.21954778
0.18309508
0.20390013
0.13282338
0.53040683
0.24902014
0.3000097
0.30134547
0.72586745
0.79976904
0.61255145
0.55550003
0.2348373
0.29753348
0.6388705
0.21180782
0.34806687
0.22695322
0.36298695
0.6656966
0.37621617
0.2512189
0.60899645
0.293654
0.29046953
0.66046625
0.61810637
0.7596969
0.20877318
0.6097238
0.25825667
0.2750101
0.648429
0.6630085
0.22446445
0.6054313
0.61686826
0.21145043
0.16479121
0.63374317
0.27347022
0.6655006
0.24656744
0.5784041
0.3012502
0.24215512
0.64608604
0.17127411
0.24973689
0.6040234
0.7260894
0.27791294
0.1416546
0.78722924
0.6427572
0.57026476
0.6360991
0.61960393
0.6101619
0.62154716
0.3151697
0.70728046
0.27937543
0.35821846
0.18377672
0.3497042
0.69060516
0.25725478
0.582344
0.70166504
0.29856136
0.28050616
0.2702312
0.2830467
0.5969205
0.2561771
0.6391308
0.252306
0.3663961
0.6060204
0.7176026
0.6181228
0.6185276
0.22361271
0.65700644
0.20841022
0.31077078
0.3024735
0.34754008
0.19307195
0.3661969
0.26485363
0.3415112
0.20728716
0.56150585
0.6048669
0.58997476
0.61934936
0.64278346
0.71506965
0.7123695
0.5903925
0.58815426
0.23642908
0.2737169
0.63118947
0.18118751
0.5561224
0.57738423
0.18633206
0.63074774
0.30275056
0.66332006
0.732968
0.6964309
0.66069686
0.7147792
0.65475476
0.2210858
0.21939123
0.20161201
0.28924137
0.17145848
0.13516149
0.1847291
0.66352654
0.702157
0.600321
0.34891966
0.35602045
0.16647202
0.3619868
0.3041547
0.38288978
0.21074098
0.64907354
0.15865214
0.5668329
0.17812355
0.39236397
0.669739
0.7382572
0.70897543
0.15989779
0.60457927
0.2891861
0.6558353
0.19669503
0.21761145
0.21597075
0.33509406
0.72340345
0.21124034
0.18813337
0.6104972
0.65768355
0.6854767
0.20624216
0.6506267
0.5823184
0.7406358
0.19038743
0.1589228
0.66764915
0.290208
0.24855645
0.32376805
0.53602177
0.651657
0.2373322
0.23543034
0.65101343
0.66141903
0.2863956
0.6690807
0.3815399
0.12390868
0.19484824
0.6810961
0.5963097
0.15785503
0.28532195
0.22032097
0.7071279
0.27288428
0.5771357
0.15903954
0.683199
0.18561001
0.2533283
0.65730524
0.671459
0.5850641
0.7600189
0.5310138
0.69151103
0.30596283
0.2786363
0.18505874
0.37103277