0.5523955
0.55080074
0.32910556
0.55537844
0.34576413
0.2588472
0.24125889
0.55378896
0.33578253
0.5364815
0.1844896
0.23333928
0.28308302
0.343912
0.55376935
0.3094677
0.273052
0.5442195
0.26103753
0.5401647
0.54008657
0.31828478
0.32961372
0.24355344
0.27465037
0.30083388
0.54752123
0.543331
0.27725542
0.5515809
0.24032198
0.31496048
0.5416401
0.28782892
0.38053238
0.28260326
0.5486028
0.5426207
0.5618678
0.5442414
0.27608806
0.53936625
0.2657527
0.30602175
0.2679364
0.26757756
0.5478625
0.55216134
0.3019051
0.54561543
0.5387357
0.22826892
0.54756606
0.54859436
0.5447947
0.25558612
0.543852
0.26997194
0.30555266
0.3048679
0.5529706
0.5504851
0.547172
0.35815862
0.5396232
0.54889965
0.5625019
0.22276674
0.5408046
0.5563816
0.5543237
0.28381512
0.5495011
0.4064987
0.16722858
0.24592896
0.2723494
0.54726857
0.34898773
0.26859972
0.19881439
0.24069296
0.28428525
0.54960907
0.5467314
0.23238505
0.5536029
0.55281234
0.5298334
0.5130992
0.2431978
0.27962375
0.5544836
0.5597929
0.16441853
0.24512188
0.5394302
0.54156977
0.5602149
0.5508616
0.33479738
0.33080998
0.2643729
0.27570826
0.27951488
0.32472908
0.23420614
0.5505813
0.5414269
0.54418963
0.25654426
0.32574812
0.5489927
0.3206821
0.3095047
0.21944821
0.31011516
0.25357252
0.56292164
0.5406333
0.5440831
0.5368876
0.3323284
0.5514563
0.30523393
0.5556363
0.28885219
0.25898302
0.30639294
0.5395121
0.5389012
0.5369541
0.21241876
0.5474854
0.23909473
0.2747948
0.53412676
0.5489135
0.3486201
0.2550145
0.55393475
0.2891886
0.54560786
0.28427556
0.5311865
0.27220422
0.26403552
0.19088796
0.199654
0.2616076
0.5632909
0.5517968
0.27799895
0.21484263
0.2700181
0.2702404
0.55811226
0.25870743
0.27232024
0.43208995
0.5508468
0.5585913
0.33590832
0.5429814
0.54646164
0.3099953
0.5663104
0.5450665
0.2589566
0.310111
0.28417927
0.30687493
0.31259763
0.5368581
0.27066287
0.25255528
0.27787971
0.56304973
0.26397046
0.29515436
0.40128776
0.2631513
0.24038595
0.55931365
0.54003763
0.55178684
0.29155517
0.3515401
0.24182114
0.55477285
0.25626862
0.55159557
0.5580899
0.54833436
0.2877941
0.1919864
0.3248911
0.5337423
0.17184451
0.23778541
0.2417647
0.53995734
0.545505
0.5402994
0.54871726
0.5461978
0.28271863
0.5516929
0.26809347
0.22549108
0.29199103
0.2742737
0.5676181
0.22817767
0.34152824
0.34338257
0.2690765
0.52478707
0.2907854
0.27459756
0.25268245
0.5465834
0.27216628
0.2566167
0.2875482
0.5556957
0.543322
0.26720098
0.31181163
0.26905426
0.5445505
0.3358715
0.5366085
0.34478387
0.5469928
0.34973195
0.54491055
0.55807096
0.34406868
0.2385643
0.22450039
0.24442303
0.54896194
0.54504067
0.5329509
0.3047571
0.33539757
0.2631084
0.3013627
0.54105777
0.5606912
0.25371158
0.5446588
0.24506564
0.26515284
0.3040649
0.5491667
0.5467946
0.5383881
0.5482186
0.54985046
0.2461456
0.54669374
0.5338601
0.5338186
0.28769398
0.23940343
0.30601692
0.5462634
0.5421619
0.28968063
0.41044924
0.23967002
0.24934986
0.5359393
0.5449777
0.5338996
0.28588963
0.5500358
0.55659467
0.5621157
0.5638585
0.17611101
0.27277756
0.5373462
0.5507057
0.26429898
0.55872977
0.25987074
0.35192153
0.53771406
0.5427811
0.5532628
0.2670227
0.5434363
0.27721828
0.5414553
0.5427177
0.27096608
0.5596755
0.3159693
0.29942197
0.53880197
0.5463159
0.5590491
0.2832632
0.5613257
0.23610039
0.55200404
0.3056851
0.29998356
0.5440213
0.56118035
0.543343
0.543685
0.31140548
0.30081597
0.24660659
0.5497495
0.30513686
0.26782486
0.32980007
0.27095923
0.23144615
0.5647235
0.54713786
0.27557665
0.29897213
0.35136068
0.54275066
0.54502034
0.233864
0.5459723
0.5504504
0.5294714
0.311627
0.5472318
0.5492999
0.2649153
0.23802577
0.24763836
0.30962032
0.54484874
0.24007493
0.54765624
0.5421364
0.5383215
0.5589933
0.5489256
0.54931575
0.53699446
0.24673758
0.55582327
0.21579883
0.54802144
0.2109472
0.32197985
0.5569882
0.55533403
0.55409944
0.2787589
0.53973114
0.23065893
0.296189
0.35845768
0.28914124
0.545137
0.23602016
0.2610128
0.34526414
0.35593724
0.30246842
0.5650465
0.24492924
0.2846455
0.2679736
0.54419374
0.5366538
0.30595663
0.24338578
0.5472481
0.43493447
0.5473378
0.32756442
0.20233327
0.5443519
0.5614389
0.21792164
0.2932778
0.5460746
0.562437
0.2616992
0.2841855
0.35857314
0.32052734
0.5459264
0.54037106
0.27977538
0.23303734
0.26856828
0.2716816
0.5395642
0.54613125
0.21173587
0.5357529
0.32834616
0.5417553
0.5514819
0.5574262
0.25362155
0.54609764
0.29632053
0.5491099
0.55149394
0.25505158
0.241614
0.54638076
0.25918674
0.556605
0.28806216
0.25843555
0.30098587
0.314726
0.31163383
0.55291736
0.56211126
0.5442153
0.22113599
0.2686248
0.25018725
0.26187977
0.5491375
0.31505212
0.52962834
0.22468622
0.24643043
0.5415836
0.5560568
0.54648745
0.27780443
0.24591938
0.23705992
0.23137102
0.538775
0.54727954
0.23661269
0.55029666
0.5469916
0.35841233
0.55319464
0.5398141
0.32677492
0.48138317
0.23746665
0.54772884
0.3007269
0.5560879
0.5450043
0.28161335
0.25411862
0.5599501
0.56150097
0.23325709
0.5342789
0.2954849
0.5471603
0.54308206
0.5459976
0.25626943
0.22039902
0.33534425
0.23238593
0.54346675
0.5592975
0.30316353
0.54933006
0.54041356
0.22630836
0.5591709
0.26281318
0.24145098
0.30526248
0.27408573
0.55571586
0.31964615
0.26452702
0.26292813
0.55065167
0.5400887
0.310335
0.54086185
0.5451006
0.5493839
0.55077803
0.3315515
0.28891492
0.55554783
0.23165691
0.28143942
0.5436701
0.26810324
0.5500913
0.2675053
0.25093207
0.5369669
0.53672373
0.28001574
0.3282691
0.25435862
0.41537213
0.22819585
0.5445161
0.22871728
0.5484215
0.31918046
0.29939494
0.5568959
0.3135261
0.24005137
0.2823535
0.54882246
0.54647475
0.2194539
0.5353774
0.5566127
0.53299916
0.27882034
0.25780672
0.5469139
0.2170883
0.54925567
0.38317737
0.15647602
0.250059
0.28697604
0.26390898
0.2030906
0.31562084
0.3038996
0.55468595
0.32725096
0.5383738
0.31099898
0.55102116
0.2897904
0.28521845
0.24075419
0.22919458
0.3184277
0.54822993
0.23346657
0.30878475
0.32070437
0.54288566
0.5599983
0.34543183
0.30845422
0.20730835
0.24598275
0.55253905
0.24456283
0.54369473
0.5460936
0.2964381
0.54250556
0.25004712
0.5396577
0.5522221
0.30160666
0.5444595
0.54958254
0.25023592
0.5440278
0.2819261
0.5580742
0.5429564
0.54942876
0.5474796
0.53738457
0.2795652
0.25681734
0.2987804
0.26607192
0.2698587
0.5621686
0.5355211
0.27069458
0.53430146
0.22753297
0.5653437
0.18575016
0.30625266
0.20782903
0.54162496
0.55588615
0.23423067
0.24856324
0.28215745
0.55731344
0.29952353
0.5589303
0.5624637
0.5485635
0.31471607
0.5517338
0.23873377
0.30928993
0.3321972
0.30635685
0.54870325
0.25637022
0.54552764
0.31787205
0.54214394
0.54008216
0.30188313
0.22670992
0.30518052
0.54889584
0.5373443
0.53185683
0.15358126
0.25319475
0.5481478
0.532107
0.5531327
0.25575304
0.5405861
0.53787196
0.32065278
0.27825835
0.29622114
0.5627079
0.5470541
0.25428793
0.5567926
0.5516904
0.31404382
0.25195214
0.24091485
0.54664713
0.17060848
0.5447376
0.5493356
0.2932537
0.26416883
0.2883829
0.20597425
0.5585814
0.54203624
0.5461109
0.5430795
0.35557446
0.55995697
0.26035935
0.557247
0.5393806
0.55623144
0.29670796
0.25168657
0.272598
0.28022382
0.5460593
0.53932244
0.26107576
0.5522022
0.25634247
0.26689565
0.542079
0.19447161
0.54449177
0.55660987
0.28143382
0.5369096
0.48306504
0.54355294
0.53403294
0.2816931
0.5472607
0.5508855
0.5503257
0.23469089
0.5436412
0.5599253
0.54121375
0.55196583
0.53697205
0.55565614
0.5462178
0.2716454
0.29386157
0.5368389
0.24697964
0.18085213
0.22660615
0.2464548
0.2503403
0.2881771
0.54825276
0.5339753
0.34580797
0.55536
0.5607187
0.2864222
0.29325616
0.54205614
0.28133655
0.56048614
0.54622924
0.55381197
0.5455788
0.5438113
0.29941237
0.20969109
0.5430618
0.30453935
0.24292201
0.5364197
0.24991852
0.5400367
0.29501513
0.24830027
0.5459674
0.23594539
0.29175118
0.26709634
0.301803
0.31678438
0.28747496
0.2891652
0.55543315
0.5395387
0.25541854
0.25235033
0.5367863
0.297317
0.2355027
0.55114293
0.55805033
0.26595792
0.53474414
0.33909643
0.53852254
0.24005336
0.5850781
0.5350827
0.28118837
0.30340838
0.15247811
0.34795454
0.30573687
0.26702777
0.24351534
0.53919345
0.54528755
0.2949945
0.5541095
0.30806515
0.2591936
0.27339855
0.25430796
0.5410743
0.54874647
0.54655373
0.29065523
0.17318372
0.2678438
0.5398304
0.30716643
0.5521735
0.29734018
0.1589162
0.5620829
0.25453177
0.27543643
0.5364665
0.5605336
0.19601242
0.5459189
0.23120552
0.27443913
0.5440045
0.5365772
0.5407039
0.24452014
0.5556155
0.54889214
0.5382181
0.5454933
0.27100924
0.56630355
0.559157
0.56141716
0.29751036
0.2624191
0.2800649
0.21813975
0.2984595
0.55944836
0.2620825
0.5613201
0.26272607
0.54242927
0.56237954
0.26339027
0.2412132
0.24098559
0.5377105
0.555036
0.5412324
0.5614172
0.55944663
0.38401592
0.5427182
0.25701994
0.31411555
0.41623822
0.5399235
0.23202604
0.54433775
0.53078073
0.5485215
0.54609126
0.24290445
0.3307423
0.5402186
0.54635096
0.24682347
0.5389429
0.34439567
0.54375154
0.26193374
0.26265645
0.54626465
0.54568523
0.5407279
0.556006
0.53730315
0.27164853
0.2832857
0.23788626
0.54434705
0.5493119
0.3624542
0.55906534
0.5517798
0.54491574
0.5625095
0.54241747
0.27729285
0.29875898
0.5535829
0.22168086
0.29769188
0.23166347
0.5407123
0.23756252
0.2656073
0.27693674
0.33298805
0.5556136
0.3280897
0.54791915
0.28857446
0.5656837
0.2609503
0.19129556
0.5374536
0.23383933
0.262451
0.2889779
0.540743
0.3370014
0.54855627
0.29712614
0.5627638
0.3225503
0.3302791
0.2466794
0.5299221
0.54381555
0.34185022
0.54509413
0.22408561
0.28628722
0.2479603
0.55120397
0.3309224
0.5325715
0.3619684
0.36110473
0.5585517
0.2917164
0.5430093
0.5460522
0.5355312
0.5384241
0.26003766
0.54532343
0.5500243
0.5375923
0.2930011
0.5445079
0.5362234
0.559033
0.30576825
0.30291334
0.5464152
0.5345894
0.31842873
0.54785
0.2982023
0.22186632
0.26618013
0.53454006
0.54278874
0.545411
0.27512568
0.5576913
0.5499996
0.2074546
0.5624363
0.5554918
0.54094434
0.53905684
0.54481417
0.33053687
0.30356255
0.54847294
0.33242455
0.5458179
0.3249687
0.5481841
0.5562027
0.5329566
0.55205345
0.18123414
0.55489856
0.54315007
0.23751406
0.5480317
0.2529539
0.3015329
0.21882461
0.24509323
0.33150145
0.2568768
0.5561085
0.55723035
0.5530745
0.27149603
0.541291
0.5374749
0.29123574
0.2848598
0.55019945
0.53477323
0.2892535
0.54886466
0.55373603
0.5363829
0.30121934
0.55968904
0.21612063
0.5658792
0.23371682
0.31810296
0.3020502
0.5425091
0.28412542
0.5694164
0.26551354
0.5310389
0.32132068
0.28479913
0.5433065
0.55891436
0.27508295
0.55763143
0.54625213
0.27919894
0.54905224
0.2804601
0.30601728
0.3311338
0.19765162
0.5331941
0.5420068
0.5565115
0.5475922
0.5359906
0.31601077
0.5588334
0.24015322
0.53784776
0.3774648
0.336421
0.2867944
0.29954454
0.5420379
0.33785897
0.5345623
0.25788587
0.5495181
0.40046528
0.28289726
0.5430849
0.30233088
0.3508148
0.5362538
0.23247299
0.24295048
0.5395376
0.55931836
0.34137446
0.53323776
0.5573355
0.25775898
0.34276667
0.5471555
0.34685576
0.30518588
0.19526576
0.2337413
0.26883793
0.3485117
0.23591423
0.5395222
0.55584973
0.55073035
0.27929267
0.35396853
0.55948734
0.31112808
0.22847351
0.54091907
0.30048054
0.5385125
0.55661535
0.5501781
0.5507226
0.27559116
0.29665682
0.54643613
0.55457133
0.55083543
0.5426581
0.55501115
0.3016203
0.55101407
0.22460392
0.5560957
0.55344385
0.3101101
0.26925936
0.2558509
0.2514523
0.5436886
0.5359033
0.53629136
0.20460628
0.54635847
0.20366514
0.5558482
0.27598542
0.53953457
0.54036415
0.5488171
0.5560282
0.5488664
0.2865312
0.282165
0.30871704
0.54448575
0.55266994
0.50634545
0.28783795
0.5509584
0.5532322
0.5626822
0.3336672
0.53959894
0.2309885
0.55439776
0.53763
0.55177057
0.3087335
0.29390037
0.54903233
0.2096124
0.2486395
0.23360252
0.54779595
0.26265198
0.5362637
0.5449648
0.53397804
0.24346042
0.25707662
0.5278879
0.5438
0.26530302
0.54094464
0.53579044
0.27897826
0.2597366
0.23774494
0.2885646
0.54440844
0.30490893
0.26182494
0.54437447
0.54280907
0.23441067
0.18630259
0.54178405
0.26494002
0.55334127
0.29845956
0.281681
0.29195306
0.30130425
0.5469358
0.2875547
0.2587344
0.5417133
0.28362763
0.28821966
0.53090554
0.47146642
0.24685788
0.26913527
0.3505937
0.35225597
0.5300296
0.5417487
0.547564
0.24415395
0.54753333
0.25153786
0.5492076
0.27724943
0.55037737
0.5484854
0.5487764
0.5466269
0.30428553
0.30666947
0.34224486
0.5436144
0.32154897
0.5418938
0.27355286
0.53359616
0.32739106
0.5339587
0.5155939
0.350807
0.56026196
0.53461534
0.5422568
0.5554961
0.55061394
0.2688924
0.24276917
0.54823923
0.24162804
0.2840356
0.29749462
0.2923231
0.5476625
0.5407602
0.55867773
0.54969114
0.2957536
0.5482285
0.22112876
0.2693983
0.15580696
0.54701567
0.27627906
0.30410773
0.35083985
0.55752057
0.19150838
0.3224726
0.3166471
0.25761315
0.287221
0.3006079
0.29713106
0.5365995
0.29817516
0.5537961
0.19009174
0.3351564
0.27538174
0.5486711
0.5336342
0.27781954
0.2671218
0.5457459
0.5420586
0.26882133
0.2733707
0.2537147
0.35905114
0.5436903
0.55804545
0.32919386
0.5496284
0.533818
0.5489513
0.2853732
0.5450544
0.27261475
0.30247506
0.45664644
0.55371964
0.3040566
0.29227906
0.5462299
0.28506398
0.27307087
0.31043565
0.26694378
0.5490458
0.554408
0.3079821
0.31596786
0.5580263
0.28307697
0.38996968
0.5391187
0.30378857
0.19600505
0.55399215
0.26364285
0.27132556
0.5402034
0.35299522
0.53908825
0.29873088
0.26223993
0.21317482
0.22882587
0.18600239
0.5316601
0.25662512
0.3112333
0.29333133
0.548074
0.5676737
0.5459504
0.54472613
0.22596732
0.3045947
0.53408855
0.24495119
0.35664177
0.22557898
0.30282214
0.54551417
0.35003152
0.16598073
0.547989
0.33361226
0.2788841
0.5407547
0.5417551
0.5546862
0.23741828
0.55172706
0.28177792
0.2856471
0.5462102
0.5428702
0.253813
0.5489282
0.542116
0.25636575
0.24120119
0.55022246
0.3125453
0.5448644
0.3041783
0.5351384
0.26989844
0.27927998
0.5494276
0.20175561
0.27920985
0.5486123
0.55032253
0.2987422
0.1741587
0.5568497
0.5472705
0.53993577
0.5451026
0.55502605
0.5407736
0.54309464
0.31211945
0.5514389
0.29647014
0.34498417
0.21726625
0.31246328
0.5579257
0.28623536
0.5455843
0.5694442
0.29751143
0.29561946
0.2541663
0.3177542
0.54504
0.26563826
0.54235053
0.2995581
0.34424433
0.5393077
0.5526462
0.54753995
0.54625815
0.2613561
0.5384992
0.21861802
0.2950718
0.34039044
0.31725368
0.26985568
0.5271592
0.2908265
0.36906135
0.2377801
0.5343805
0.54412746
0.53496283
0.547691
0.5526115
0.5418661
0.5445547
0.5310921
0.5403484
0.2664425
0.35961747
0.54563123
0.24083824
0.5361666
0.54443
0.24794815
0.5487163
0.29293978
0.5583778
0.5471715
0.5470497
0.5580494
0.5606276
0.56133467
0.27538636
0.2919767
0.22268479
0.30041313
0.22393335
0.1922822
0.24602416
0.53772014
0.54164493
0.5454288
0.3622815
0.35227036
0.1696233
0.34505603
0.32222685
0.51380396
0.2590955
0.54747456
0.17361945
0.53298527
0.24898753
0.46554485
0.54819155
0.5489356
0.556764
0.2211713
0.54401314
0.288808
0.53830695
0.2530043
0.23596111
0.25964302
0.31389058
0.5553403
0.26335093
0.21533076
0.5529678
0.54237854
0.559513
0.2584122
0.5445747
0.53412884
0.5732015
0.2522043
0.24461322
0.55474323
0.2644168
0.30987173
0.29049394
0.52045196
0.5442796
0.27551726
0.27826342
0.5511296
0.5474976
0.31027225
0.5615915
0.36060652
0.14412194
0.23949677
0.5451897
0.5434155
0.20255344
0.3018357
0.26619613
0.543793
0.26595148
0.5341687
0.19126984
0.5630358
0.2660049
0.25973147
0.5455512
0.54558975
0.54387283
0.5595484
0.5294498
0.5552
0.29904106
0.26058462
0.2094738
0.52940184