0.45120656
0.45120656
0.45120656
0.45120656
0.45120656
0.45120656
0.45120656
0.45120656
0.45120656
0.45120656
0.45120656
0.45120656
0.45120656
0.45120656
0.45120656
0.45120656
0.45119768
0.45121372
0.45120656
0.45120656
0.45120656
0.451206
0.45120656
0.45120656
0.45120656
0.4512036
0.45120656
0.45120656
0.45120656
0.45120656
0.45120656
0.45120656
0.45120656
0.45120656
0.45120656
0.45120656
0.45120656
0.45120656
0.45120656
0.45120656
0.45120656
0.45120656
0.45120656
0.45120656
0.45120656
0.45120656
0.45120656
0.45120656
0.45120656
0.45120656
0.45120963
0.4512196
0.45120656
0.45120993
0.45120656
0.45120656
0.45120683
0.45120656
0.45120656
0.45119026
0.45120656
0.45120656
0.45120656
0.45120656
0.45120656
0.45120656
0.45120656
0.45120656
0.45120656
0.45120656
0.45120656
0.45120656
0.45120656
0.4512169
0.45120656
0.45120656
0.45120656
0.45120656
0.45120656
0.45120656
0.45120656
0.45120656
0.45120656
0.45120656
0.45120656
0.45120656
0.45120656
0.45120656
0.45120656
0.45120656
0.45120656
0.45120656
0.45120656
0.45120656
0.45120656
0.45120656
0.45120916
0.45120656
0.45120656
0.45120656
0.45120656
0.45120656
0.45120656
0.45120656
0.45120656
0.45120484
0.45120656
0.45120656
0.45120656
0.45120656
0.45120656
0.45120656
0.45120656
0.45118907
0.45120656
0.45120656
0.45120656
0.45120656
0.45120656
0.45120656
0.45120656
0.45120382
0.45120656
0.45120656
0.45120656
0.45120656
0.45120656
0.45120656
0.45120916
0.45120656
0.45120656
0.45120656
0.45120656
0.45120656
0.45120656
0.45120656
0.45120656
0.45120656
0.45120656
0.45120656
0.45125207
0.4512064
0.45120656
0.45120656
0.45120656
0.45120656
0.45120656
0.45120656
0.45120656
0.45120656
0.45120656
0.45120656
0.45120656
0.45120656
0.45120656
0.45120656
0.45120656
0.45120656
0.45120656
0.45120656
0.45120656
0.45120656
0.45120656
0.4512036
0.45120656
0.45120656
0.45120656
0.45120656
0.45120656
0.45121363
0.45120656
0.45120656
0.45120323
0.45120656
0.4512067
0.45118555
0.45119795
0.45120656
0.45120656
0.45120656
0.45120656
0.45120656
0.45120656
0.45120656
0.45120656
0.45120656
0.45120656
0.45120656
0.45120656
0.45120656
0.45120656
0.45120656
0.45120656
0.45120656
0.45120314
0.45120656
0.45120656
0.45120656
0.45120865
0.45120656
0.45120656
0.45120656
0.45119867
0.45120656
0.45120656
0.45120656
0.45120323
0.45120656
0.45120656
0.45120656
0.45120656
0.45120656
0.45120656
0.4511846
0.45120656
0.45120656
0.45120656
0.45120656
0.45120656
0.45120656
0.45120656
0.45120656
0.45109054
0.4512057
0.45120656
0.45120656
0.45120656
0.45120656
0.45120656
0.45120656
0.45120656
0.45120656
0.45120656
0.45120656
0.45120656
0.45120656
0.45120692
0.45120656
0.45120656
0.45120656
0.45120656
0.45120552
0.45120656
0.4512023
0.45120656
0.45120656
0.45120656
0.45120656
0.45120656
0.45120656
0.45120656
0.45120656
0.45120656
0.45120656
0.45120656
0.4512006
0.45120656
0.45120656
0.45120656
0.45120656
0.45120656
0.45120656
0.45120656
0.4512059
0.45120656
0.45120656
0.45120656
0.45120656
0.45120656
0.45120656
0.45120656
0.45120108
0.45120656
0.45120656
0.45119435
0.45120656
0.45120656
0.45120656
0.45120656
0.45120656
0.45120656
0.45120656
0.45120656
0.45120585
0.45120656
0.45120656
0.45120656
0.45120656
0.45120656
0.45120656
0.45120656
0.45120656
0.45120656
0.45120656
0.45120656
0.45120656
0.45120656
0.45120656
0.45120656
0.45120656
0.45120656
0.45120656
0.45120656
0.45120656
0.45120656
0.45120656
0.45120656
0.45120656
0.45120656
0.45120656
0.45120656
0.45120656
0.45120656
0.45120656
0.45120656
0.45120656
0.45120656
0.45120656
0.45120656
0.45120656
0.45120656
0.45120645
0.45120656
0.45120656
0.45120656
0.45120656
0.45120656
0.45120656
0.45120656
0.45120656
0.45120656
0.45120656
0.45120656
0.45120656
0.45120656
0.45120656
0.45120656
0.45120656
0.45120656
0.45120656
0.45120656
0.45120656
0.45120656
0.45120656
0.45120656
0.45120656
0.45120656
0.45120656
0.45120656
0.45120656
0.45120656
0.45120656
0.45120656
0.45120656
0.45120656
0.45120656
0.45120656
0.45120656
0.45120656
0.45120656
0.45120656
0.45120656
0.45120656
0.45120656
0.45120656
0.45120656
0.45120656
0.45120656
0.45120656
0.45120656
0.45120656
0.45120656
0.45120656
0.45120656
0.45120656
0.45120656
0.45120594
0.45120656
0.45120656
0.45120656
0.45120656
0.45120654
0.45120656
0.45120177
0.45120656
0.45120656
0.45120656
0.45120656
0.45120656
0.45120656
0.45120656
0.45120656
0.45120656
0.45120656
0.45120656
0.45120656
0.45120656
0.45120656
0.45120656
0.4512169
0.45120525
0.45120656
0.45120656
0.45120656
0.45120656
0.45120656
0.45120656
0.45120656
0.45120656
0.45120656
0.45120656
0.45120656
0.45120656
0.45120656
0.45120656
0.45120656
0.45120656
0.45120656
0.45120656
0.45120656
0.45120656
0.45120656
0.45120656
0.45119712
0.45120656
0.45120656
0.45120656
0.45120656
0.45120692
0.45120656
0.45120656
0.4512608
0.45120656
0.4511975
0.45120656
0.45120656
0.45120656
0.45120656
0.45120656
0.45120656
0.45120656
0.45120656
0.45120656
0.45120656
0.45120656
0.45120957
0.45120656
0.45120656
0.45120656
0.45120656
0.45120656
0.45120656
0.45120654
0.45120656
0.45120656
0.45120656
0.45120656
0.45120656
0.45120656
0.45120656
0.45120656
0.45120656
0.45120656
0.45120692
0.45120656
0.45120656
0.45120656
0.45120656
0.45120656
0.4512077
0.45120656
0.45120656
0.45120656
0.45120656
0.45120656
0.45120656
0.45120656
0.45120656
0.45120656
0.45120656
0.45120656
0.45120656
0.45120656
0.45120656
0.45120656
0.45120656
0.45120656
0.45120656
0.45119506
0.45120656
0.45120656
0.45120656
0.45120656
0.45120656
0.45120656
0.45120656
0.45120656
0.45120683
0.45120656
0.45120656
0.45120656
0.45120656
0.45120656
0.45120656
0.45120656
0.45120662
0.45120656
0.45120656
0.45120656
0.45120656
0.45120656
0.45120656
0.45120656
0.45120454
0.45120656
0.45120656
0.45120656
0.45119652
0.45120656
0.45120656
0.45120656
0.45120656
0.45120656
0.45120656
0.45120656
0.45120656
0.45120656
0.45120656
0.45120656
0.45120656
0.45120895
0.45120656
0.45120656
0.45120656
0.45120656
0.45120656
0.45120656
0.45120656
0.45120415
0.45120656
0.45120484
0.45120656
0.45120656
0.45120656
0.45120662
0.45120278
0.45120656
0.45120656
0.45120656
0.45120656
0.45120656
0.45120656
0.45120656
0.45120656
0.45120656
0.45120656
0.45120656
0.45120656
0.45120656
0.45120656
0.45120656
0.45120656
0.4512046
0.45120656
0.45120656
0.45120656
0.45120656
0.45120656
0.45120656
0.45120656
0.45120656
0.45120516
0.45120656
0.4512041
0.4511619
0.45120656
0.45120656
0.45120656
0.4512064
0.45120656
0.45120656
0.45120656
0.45120656
0.45120656
0.45120656
0.45120645
0.45120656
0.45120656
0.45120656
0.45120656
0.45120656
0.45120645
0.45120656
0.45120656
0.45120656
0.45120656
0.45120656
0.45120656
0.45120656
0.45120656
0.45120656
0.45120656
0.45120656
0.45120656
0.45120656
0.45120656
0.45120656
0.45120656
0.45120656
0.45120656
0.45120656
0.4512039
0.45120656
0.45120564
0.45120656
0.45120656
0.45120656
0.45120656
0.45120656
0.45124406
0.45120645
0.45120656
0.45120656
0.45120656
0.45120656
0.45120656
0.45120656
0.45120656
0.45120656
0.45120656
0.45120656
0.45120656
0.4511671
0.45120656
0.45120656
0.45120656
0.45120656
0.4512012
0.45120656
0.45120656
0.45120656
0.45120305
0.45120656
0.45120656
0.45120656
0.45120656
0.45120656
0.45120972
0.45120656
0.45120177
0.45120656
0.45120656
0.45120656
0.45120656
0.45120656
0.45120656
0.45120656
0.45120645
0.45120656
0.45120656
0.45120656
0.45120656
0.45117575
0.45120656
0.45120656
0.45120656
0.45120656
0.45120656
0.45120656
0.45120656
0.45120656
0.45120656
0.45120656
0.45120656
0.45120654
0.45120656
0.45120656
0.45120654
0.45120656
0.45120656
0.45120656
0.45120656
0.45120656
0.45120656
0.45120656
0.45120656
0.45120656
0.45120656
0.45120656
0.451202
0.45120716
0.4512139
0.45120656
0.45120656
0.45120656
0.45120656
0.45120656
0.45120656
0.45120656
0.45120656
0.45120656
0.45120656
0.45120656
0.45120656
0.45120656
0.45120656
0.45120656
0.45120656
0.45120656
0.45120656
0.45119828
0.45120606
0.45120656
0.45120656
0.45120656
0.45120656
0.45120656
0.4512267
0.45120656
0.45120656
0.45120376
0.45120656
0.45120656
0.45120656
0.45120656
0.45120552
0.45120656
0.45120656
0.45120656
0.45120656
0.45120656
0.45121926
0.45120656
0.45120656
0.45120656
0.45120656
0.45120656
0.45120656
0.45120656
0.45120656
0.45120656
0.45120656
0.45120656
0.45120656
0.45120656
0.45120656
0.45120656
0.45120656
0.45120656
0.45120656
0.45120656
0.45120656
0.45120656
0.45120656
0.45120656
0.45120656
0.45120656
0.45120656
0.45120656
0.45120656
0.45120656
0.45120656
0.45120656
0.45120656
0.45120656
0.45120656
0.45120656
0.45120656
0.45120656
0.45120656
0.45120656
0.45120656
0.45120656
0.45120656
0.45120656
0.4511979
0.45120656
0.45120656
0.45120656
0.45120656
0.45120656
0.45120656
0.45120656
0.45120656
0.45120656
0.45120656
0.45120656
0.45120656
0.45120656
0.45120656
0.45120656
0.45120656
0.45120656
0.45120656
0.45120656
0.45120656
0.45120656
0.45120656
0.45120656
0.45120656
0.45120656
0.45120656
0.45120656
0.45120656
0.45120656
0.45120656
0.45120656
0.45120656
0.45120656
0.45120656
0.45120656
0.45120656
0.45120656
0.45120656
0.45120656
0.45120656
0.45120656
0.45120656
0.45120656
0.45120656
0.45120656
0.45120656
0.45120656
0.45120656
0.45120656
0.45120656
0.45120656
0.45120656
0.45120656
0.45120656
0.45120656
0.45120656
0.45120656
0.45120656
0.45120656
0.45120344
0.45120656
0.45120656
0.45120656
0.45120656
0.4512092
0.45120656
0.45120656
0.45120656
0.45120656
0.45120656
0.45120656
0.45120656
0.45120656
0.45120656
0.45120656
0.45120656
0.45120656
0.45120656
0.45120656
0.45120656
0.45120656
0.45120656
0.45120656
0.45120656
0.45120656
0.45120656
0.45120656
0.45120656
0.45120656
0.45120656
0.45120656
0.45120656
0.45120656
0.45120656
0.45120656
0.45120656
0.45120656
0.45120656
0.45120656
0.45120656
0.45120656
0.45120656
0.45120656
0.45120382
0.45121473
0.45120645
0.45120656
0.45120656
0.45120656
0.45120656
0.45120656
0.45120656
0.45120656
0.45120633
0.45120656
0.4512148
0.45120656
0.45120656
0.45120656
0.45120314
0.45120656
0.45120656
0.4515306
0.45120656
0.45120656
0.45120683
0.45120656
0.45120656
0.45120656
0.45115352
0.45120656
0.45120656
0.4511942
0.45120656
0.45120656
0.45120656
0.45120656
0.4512056
0.45120656
0.45120656
0.45120656
0.45120656
0.45120656
0.45120656
0.45120656
0.45120656
0.45120656
0.45120656
0.45120656
0.45120656
0.45120656
0.45120656
0.45120656
0.45120656
0.45120656
0.45120656
0.45120656
0.45120656
0.45120633
0.45120656
0.45120656
0.45120925
0.45120656
0.45120656
0.45120656
0.45120656
0.45120656
0.45120656
0.45120656
0.45120656
0.45120656
0.45120656
0.45120656
0.45120656
0.45120656
0.45119652
0.45120656
0.45120656
0.45120656
0.45120656
0.45120656
0.45120656
0.45120656
0.45120656
0.45120656
0.45120656
0.45120656
0.45120656
0.45120656
0.45120656
0.45120656
0.45120656
0.45120656
0.45120656
0.45120656
0.45120656
0.45119676
0.45120656
0.45120656
0.45120656
0.45120656
0.45120656
0.45120656
0.45120656
0.45120656
0.45120656
0.45120656
0.45120656
0.45120656
0.45120656
0.45120656
0.45120656
0.45120677
0.45120656
0.45120656
0.45120656
0.45120656
0.45120656
0.45120656
0.45120656
0.45120662
0.45120656
0.45120656
0.45120656
0.45120656
0.45120656
0.45120656
0.45120656
0.451205
0.45120656
0.45120656
0.45120656
0.45120656
0.45120656
0.45120656
0.45120656
0.45120656
0.45120656
0.45120656
0.45120656
0.45120656
0.45120656
0.45120656
0.45120656
0.45120656
0.45120656
0.45121968
0.45120656
0.45120656
0.45120656
0.45120656
0.45120656
0.45120656
0.45120656
0.45119336
0.45120656
0.45120656
0.45119363
0.45120656
0.45120656
0.45120656
0.45120656
0.45120656
0.45120656
0.45120656
0.45120656
0.45120656
0.45120656
0.45120656
0.45120656
0.45120656
0.45120656
0.45120656
0.45120656
0.45120656
0.45120656
0.45120656
0.45119363
0.45120656
0.45120656
0.45120656
0.45120656
0.45120656
0.45120656
0.45121294
0.45120656
0.45120656
0.45120656
0.45120656
0.45120656
0.45120656
0.45120656
0.45120656
0.45120656
0.45120677
0.45120656
0.45120656
0.45120656
0.45120656
0.45120656
0.45120656
0.45120656
0.45120656
0.45120656
0.45120656
0.45120656
0.45120656
0.45120656
0.45120656
0.45120656
0.45120656
0.45120656
0.45120656
0.45120656
0.45120656
0.45120656
0.45120656
0.45120656
0.45120656
0.45120656
0.45120656
0.45120656
0.45120656
0.45120656
0.45120656
0.45119983
0.45120656
0.45120656
0.45120656
0.45120656
0.45120615
0.45120656
0.45120656
0.45120656
0.45120656
0.45120656
0.45120656
0.45120656
0.45120236
0.45120656
0.45120656
0.45120656
0.45120656
0.45120376
0.45120656
0.45120656
0.45120656
0.4512037
0.45120656
0.45120656
0.45120656
0.45120645
0.45120656
0.45121372
0.45120656
0.45120656
0.45120656
0.45120656
0.45120656
0.45120656
0.45119217
0.45120656
0.45120656
0.45120656
0.45120656
0.45120656
0.45120656
0.45120656
0.45120656
0.45120656
0.45120656
0.4512039
0.45120656
0.45120656
0.45120656
0.45120656
0.45120656
0.45120656
0.45120656
0.45120656
0.45120656
0.45120656
0.45120656
0.45120656
0.45120013
0.45120656
0.45120656
0.45120656
0.45120656
0.45120656
0.45120656
0.45120656
0.45120344
0.45120677
0.45120656
0.45120656
0.45120656
0.45120656
0.45120656
0.45120656
0.45120656
0.45120656
0.45120355
0.45120656
0.45120656
0.45120656
0.45120656
0.45120656
0.4512131
0.45120656
0.45120656
0.45120656
0.45120656
0.45120677
0.45120656
0.4512006
0.45120656
0.45120656
0.45120198
0.45120645
0.45120656
0.45120656
0.4511996
0.4512053
0.45120656
0.45120656
0.45120656
0.45120656
0.45120656
0.45120656
0.45120656
0.45120656
0.45120656
0.4512074
0.45120656
0.45120656
0.45120656
0.45120656
0.45120656
0.45120656
0.45120656
0.45120656
0.45120656
0.45120656
0.45120656
0.45120656
0.45120656
0.45120656
0.45120656
0.45120656
0.45120656
0.45120656
0.45120656
0.45120656
0.45120656
0.45120656
0.45119172
0.45120656
0.45120656
0.45120656
0.45120656
0.45120656
0.45120656
0.45120394
0.45120656
0.45120656
0.45120656
0.45120656
0.45120656
0.4512016
0.45120656
0.45120615
0.45120656
0.45120656
0.45120656
0.45120656
0.45120656
0.45120656
0.45120656
0.451207
0.45120656
0.45120656
0.45120656
0.45120656
0.45120656
0.45120656
0.45120656
0.45120656
0.4512006
0.45120656
0.45120656
0.45120656
0.45120656
0.45120215
0.45120656
0.45120656
0.45120656
0.45120656
0.45120656
0.45120656
0.45120656
0.45120656
0.45120022
0.45120656
0.45120656
0.4511993
0.45120656
0.45120656
0.45120656
0.4512058
0.45120656
0.45120656
0.45120656
0.45120656
0.45120656
0.45120656
0.45120656
0.45120656
0.45120656
0.4512003
0.45120656
0.45120656
0.45120656
0.45120656
0.45120656
0.45120656
0.45120084
0.45120656
0.45120656
0.45120656
0.45120656
0.45120656
0.45120656
0.45120656
0.45120656
0.45120656
0.45120656
0.45120656
0.45120656
0.45120656
0.45120624
0.45120656
0.45120656
0.45120656
0.45120656
0.45120656
0.45120656
0.45120656
0.45120656
0.45120656
0.45120656
0.45120656
0.45120656
0.451207
0.45120656
0.45120487
0.45120656
0.45120656
0.45120656
0.45120656
0.45120656
0.45120656
0.45120656
0.45120656
0.45120656
0.45120656
0.45120656
0.45120656
0.45120656
0.45120656
0.45120656
0.45120656
0.45120656
0.45120656
0.45120656
0.4512043
0.45120656
0.45120656
0.45120656
0.45120656
0.45120656
0.45120656
0.45120656
0.45120656
0.45120656
0.45120624
0.45120656
0.45120656
0.45120656
0.45120656
0.45120656
0.45120656
0.45120656
0.45120656
0.45120656
0.45120606
0.45120656
0.45120656
0.45120656
0.45120656
0.45120656
0.45120656
0.45120656
0.45120656
0.45120656
0.45120656
0.45120284
0.45120656
0.45120656
0.45120656
0.45120656
0.45120656
0.45120552
0.4512064
0.45120656
0.45120808
0.45120656
0.45120656
0.45120656
0.45120656
0.45120656
0.45120656
0.45120656
0.45120656
0.45120656
0.45120656
0.45120314
0.45120656
0.45120656
0.45120656
0.45121157
0.45120656
0.45120656
0.45120656
0.45120606
0.45120656
0.45120656
0.45120656
0.45120656
0.45120656
0.45120656
0.45120656
0.45120656
0.45119625
0.45120656
0.45120656
0.45120656
0.45120656
0.45120656
0.45120656
0.45120656
0.45120656
0.45120656
0.45120656
0.45120656
0.451224
0.45120656
0.45120656
0.45120656
0.45120656
0.45120656
0.4512076
0.45120656
0.45120656
0.45120656
0.45120656
0.45120656