0.4995593
0.52005535
0.45288298
0.49675226
0.4619003
0.4217278
0.41640913
0.5288712
0.45783296
0.49985424
0.44764656
0.41410083
0.41984218
0.4595275
0.51553494
0.42855117
0.42600432
0.46953893
0.42378205
0.5118036
0.5083852
0.44301173
0.4557733
0.41759396
0.42688745
0.45285127
0.49123892
0.5024399
0.43468407
0.524954
0.4161271
0.4546193
0.51722676
0.4443337
0.46713492
0.43932083
0.5119934
0.52272385
0.54830587
0.52238655
0.42801005
0.50796497
0.4310193
0.45147005
0.4168833
0.45366898
0.5424198
0.51259226
0.42927888
0.51115054
0.48726568
0.41924894
0.50542784
0.5424586
0.4742326
0.4211177
0.4946979
0.44908097
0.43321344
0.4453504
0.5086763
0.5106439
0.5023859
0.45402506
0.50136817
0.51214755
0.51563984
0.43600923
0.5015265
0.50022393
0.5087323
0.45085412
0.5013777
0.4999879
0.4398238
0.41297346
0.41647312
0.50452924
0.4579907
0.4449645
0.41775444
0.4218672
0.44441727
0.5086152
0.51170224
0.422192
0.4975335
0.47339177
0.48215008
0.4849098
0.41694856
0.43271562
0.50798273
0.5120782
0.4540088
0.45863572
0.51371974
0.51404834
0.5249934
0.49555105
0.45440912
0.4537744
0.4266085
0.41847113
0.4493451
0.45011714
0.41503173
0.4980744
0.5018695
0.49240553
0.43280062
0.4495055
0.52267367
0.45213416
0.4652205
0.41040638
0.44223523
0.44237778
0.5280635
0.49920186
0.45473444
0.5056949
0.44804525
0.5396943
0.43920493
0.5285713
0.4400338
0.4337696
0.43072674
0.5073043
0.5226323
0.50324696
0.4338509
0.49618453
0.42777854
0.4256094
0.50591385
0.5144277
0.4683881
0.4275046
0.4989944
0.4346061
0.53773195
0.41941157
0.4965228
0.43178445
0.41689846
0.46641183
0.43934116
0.41504392
0.5350231
0.5117589
0.44667456
0.41663113
0.41916475
0.44026858
0.5268316
0.41359574
0.41811725
0.5123217
0.5052322
0.50111324
0.49668658
0.4911675
0.54543245
0.4401417
0.5143379
0.5319501
0.44523922
0.4162916
0.4367202
0.44837037
0.4509919
0.50051004
0.440535
0.4365625
0.4466206
0.4949748
0.44076297
0.42971846
0.490685
0.41217473
0.41333187
0.5301018
0.5129278
0.4888594
0.45369154
0.45429343
0.42271584
0.5081747
0.42061827
0.5365879
0.5201136
0.55511326
0.4447528
0.43466836
0.45983797
0.50497574
0.4398581
0.41039056
0.45360118
0.4929822
0.50801647
0.48424023
0.50938624
0.55001944
0.44152716
0.5192423
0.42519373
0.46534312
0.4475863
0.44321355
0.5598228
0.41208744
0.46108332
0.45229384
0.44580826
0.4997355
0.42662996
0.43356603
0.42548877
0.516822
0.42146984
0.42928526
0.43033597
0.5012532
0.5096765
0.41833293
0.45118344
0.42116323
0.5000245
0.46072656
0.49638602
0.44934222
0.53087664
0.45178246
0.48443028
0.49481648
0.46061772
0.42027497
0.42779002
0.43208015
0.5016822
0.5234418
0.5167216
0.42190367
0.45647702
0.3866725
0.45217344
0.52916
0.53100216
0.4257742
0.50000256
0.471864
0.4253424
0.44341972
0.4844201
0.53993624
0.49761367
0.52046007
0.53897667
0.42667887
0.51951414
0.5059067
0.5115165
0.43787012
0.42035973
0.42376855
0.48238415
0.51725876
0.4489148
0.48444718
0.42361835
0.42944717
0.4942185
0.5218051
0.5096762
0.43590146
0.5262847
0.50695616
0.54771817
0.50356394
0.45297882
0.42754555
0.49711508
0.52671945
0.44287038
0.5410624
0.415759
0.46114472
0.5150377
0.4986044
0.5110548
0.41971603
0.4959949
0.42206424
0.5146559
0.5100195
0.45017985
0.53993744
0.45434105
0.42701277
0.4973565
0.5153723
0.5051927
0.44358099
0.51373315
0.43910208
0.48444566
0.42015684
0.4408677
0.5349866
0.50586075
0.49984616
0.4909489
0.44041687
0.43420455
0.42445412
0.4979373
0.4315433
0.43392667
0.44705978
0.41556004
0.4211073
0.5274394
0.5124679
0.4527804
0.47317824
0.45691139
0.5105377
0.5142782
0.41824168
0.5294386
0.5200146
0.5197642
0.45848188
0.5140023
0.5379617
0.42922336
0.41723087
0.4237146
0.42256021
0.5166919
0.46181107
0.511708
0.5096326
0.4950844
0.5180827
0.5207199
0.50352204
0.5180988
0.41495988
0.49889874
0.4702205
0.5007391
0.4121347
0.42778608
0.53013206
0.4939054
0.5264999
0.45132315
0.4972441
0.45602226
0.42421058
0.45734388
0.44491133
0.51090044
0.43297544
0.40947968
0.45835927
0.4607911
0.42196974
0.5155466
0.45019883
0.41670913
0.42013076
0.5085128
0.50431025
0.42099965
0.42312026
0.51597553
0.4944596
0.50669616
0.4591368
0.46320474
0.49824905
0.5086267
0.46219
0.41863582
0.5118815
0.50487673
0.43707466
0.42456585
0.38709876
0.46641085
0.50587314
0.54352397
0.43998483
0.41654155
0.43759757
0.423562
0.53195685
0.502342
0.47715455
0.48161942
0.4598041
0.49987057
0.5150988
0.507107
0.4302888
0.5156634
0.4515095
0.53513336
0.52371573
0.41268668
0.41552356
0.487298
0.41370812
0.52574605
0.45288482
0.422708
0.45136896
0.422616
0.4450511
0.48012805
0.52951676
0.518065
0.48157895
0.43273315
0.43040782
0.42693567
0.46784967
0.46437988
0.51523334
0.41508365
0.41948226
0.5001905
0.5027337
0.5049635
0.44789195
0.41073668
0.44683877
0.4194674
0.50857055
0.51572496
0.42467096
0.50982255
0.50311625
0.46091247
0.5072783
0.5134105
0.46390834
0.50341034
0.42988428
0.5081694
0.44137755
0.48974362
0.5199315
0.42475426
0.42328715
0.48709336
0.5157993
0.40525612
0.5135489
0.45278856
0.55408615
0.51175874
0.5163773
0.41708568
0.4256676
0.45856246
0.4151737
0.48187697
0.5014235
0.42392614
0.489896
0.5114855
0.43006188
0.53253675
0.43610597
0.4431296
0.4507392
0.4497726
0.5390471
0.42496756
0.42577997
0.44574222
0.5057156
0.5088498
0.45430365
0.50336254
0.50751454
0.5324608
0.51686776
0.43878642
0.44209146
0.4892339
0.45949084
0.44298527
0.49887434
0.44461623
0.5094905
0.45613942
0.4226427
0.48608986
0.4938183
0.4234166
0.48676103
0.41498718
0.50358856
0.42723078
0.5137845
0.43682903
0.502473
0.45941603
0.4493038
0.50396544
0.36464593
0.40753365
0.4261553
0.4941175
0.5038008
0.41295615
0.50360274
0.530913
0.51093936
0.4485592
0.41035908
0.5116414
0.41836366
0.49290973
0.46722084
0.45218575
0.46536666
0.42331874
0.4121894
0.43394485
0.45784238
0.44378328
0.5101948
0.46220395
0.5231971
0.45804617
0.5097766
0.4627063
0.4322276
0.405621
0.42362326
0.43090284
0.5193719
0.4184388
0.42493287
0.4673193
0.5343913
0.503583
0.467416
0.42775297
0.40453166
0.43044603
0.51656044
0.40523133
0.5130044
0.5171696
0.45314854
0.49398848
0.42866567
0.50745976
0.5604956
0.42526248
0.5080819
0.5177494
0.42826185
0.4975796
0.424036
0.49182406
0.53100353
0.47934324
0.47670063
0.51926947
0.42358878
0.4224369
0.43942806
0.42204833
0.4293851
0.5191919
0.50031453
0.42798477
0.5012699
0.42261147
0.51368916
0.4604022
0.4355807
0.46446168
0.5070938
0.5106267
0.43124437
0.43030185
0.4234419
0.50976396
0.43131062
0.5176377
0.5089355
0.50977194
0.4394146
0.5356806
0.41900706
0.47043064
0.44873956
0.4463756
0.49439445
0.42238644
0.4776611
0.42070758
0.534934
0.52772963
0.4466972
0.42522976
0.42006454
0.5097523
0.48005742
0.50576824
0.45786875
0.44935694
0.51371646
0.49689752
0.5563371
0.4220234
0.49158293
0.52028203
0.45639133
0.4328375
0.45525762
0.4842272
0.5043321
0.414025
0.5766824
0.5393088
0.4424632
0.42829448
0.41647485
0.51746684
0.43452397
0.50515664
0.5201314
0.42907393
0.4136054
0.44154695
0.43282038
0.51395005
0.5033118
0.5029074
0.49355856
0.4555078
0.5222589
0.44692394
0.5302956
0.48817796
0.50648606
0.4387956
0.42998287
0.44529575
0.42097318
0.500776
0.496395
0.44711077
0.53116417
0.41830024
0.41404054
0.49959216
0.46306083
0.5049158
0.55278724
0.44037324
0.50440526
0.49446422
0.49277487
0.5063469
0.42474627
0.5129057
0.5109807
0.5382888
0.4176307
0.50232404
0.5108312
0.51591367
0.54077715
0.51062334
0.5078562
0.50793487
0.4310072
0.44413444
0.5023748
0.4199285
0.46794102
0.44252723
0.41959178
0.42123023
0.4267086
0.51156193
0.5109997
0.45947644
0.5108587
0.5717778
0.4327884
0.41258162
0.51674724
0.43743518
0.5222403
0.55012697
0.54362035
0.5022857
0.5170352
0.42886755
0.4679768
0.5037912
0.45373073
0.43032688
0.5005668
0.41597247
0.51877683
0.44354042
0.42581776
0.5108754
0.4098826
0.43077427
0.42110056
0.43770954
0.4607983
0.43911532
0.44522032
0.49728763
0.5075352
0.44096988
0.42089403
0.5063706
0.4346585
0.4109374
0.51094943
0.50269455
0.4198355
0.5056152
0.45493662
0.5192904
0.43333283
0.4834248
0.51560706
0.42301878
0.45061988
0.4619586
0.4663457
0.42238703
0.42542523
0.41756123
0.48473933
0.50021666
0.43123436
0.5274111
0.42918703
0.42260125
0.44544387
0.4350453
0.51390886
0.50060624
0.5179882
0.4297143
0.4649825
0.4405877
0.49809533
0.44245574
0.50853115
0.4337079
0.45331183
0.4879475
0.42684764
0.4215594
0.5115447
0.5186064
0.47490776
0.50947136
0.42588106
0.42948702
0.540261
0.49455732
0.46993992
0.41358048
0.5125032
0.5172436
0.5098406
0.5192457
0.43150023
0.5138104
0.49040076
0.51782
0.44657806
0.45153967
0.42158833
0.489113
0.42671528
0.53286684
0.42168036
0.4920067
0.43512452
0.51126105
0.5084529
0.4220977
0.42325366
0.41907376
0.50890315
0.5401433
0.505522
0.5274994
0.4974198
0.4963419
0.5085076
0.4149118
0.45883295
0.5088255
0.50513375
0.40997016
0.50591743
0.48686382
0.486672
0.5125777
0.41866797
0.44403726
0.5154026
0.50846064
0.42811322
0.5102422
0.45506233
0.49391246
0.41316724
0.44162554
0.5127624
0.47928578
0.51182526
0.49895048
0.5015389
0.41936922
0.43549323
0.40618095
0.51236695
0.49582046
0.45516306
0.50281614
0.48938426
0.5017079
0.5210963
0.5423766
0.4354882
0.45076138
0.5109648
0.4228476
0.45606482
0.42839035
0.48711333
0.4026728
0.4274784
0.41768125
0.4590918
0.51280344
0.4534343
0.5000847
0.45344356
0.5080626
0.43032953
0.47427607
0.39428353
0.44244573
0.42334405
0.42525202
0.51873314
0.46688437
0.52712715
0.41805962
0.49853665
0.454415
0.44710147
0.43858525
0.5115722
0.50110894
0.45099393
0.48989734
0.42695567
0.4526851
0.4224189
0.50317836
0.4519654
0.49458367
0.46424797
0.45616397
0.5143841
0.42900687
0.5040948
0.48776445
0.5130541
0.5033534
0.42661858
0.46553758
0.51159483
0.5013886
0.43390027
0.51147026
0.49842653
0.49710676
0.4632737
0.4400718
0.48908684
0.5192767
0.46184504
0.519203
0.4330461
0.455357
0.4191169
0.49745587
0.5052222
0.5079289
0.4388054
0.50474197
0.486513
0.41614348
0.55106455
0.5141061
0.5028623
0.5081125
0.5288212
0.4629268
0.44506216
0.51622194
0.4634464
0.5233659
0.46269527
0.5104308
0.52700734
0.4797157
0.51720995
0.45408657
0.51133263
0.4960324
0.41194397
0.50524384
0.42053473
0.42573452
0.4153269
0.4170644
0.46187845
0.45790374
0.51114565
0.5137188
0.51622033
0.43510735
0.49205887
0.5149944
0.44144747
0.42670122
0.525445
0.5194133
0.43850017
0.4875005
0.5124288
0.5040338
0.41861457
0.49361572
0.42338088
0.53112876
0.4470276
0.44361168
0.4523722
0.49592102
0.41798002
0.52915245
0.44649264
0.49435073
0.46133107
0.4437966
0.47776514
0.5007832
0.43897983
0.5046851
0.4986836
0.4159145
0.511875
0.43913436
0.4317434
0.4562996
0.4629325
0.5014095
0.5154025
0.5020701
0.4906968
0.5038306
0.46131945
0.49974912
0.41484022
0.502394
0.46187943
0.47210893
0.432869
0.42903242
0.4602999
0.45806506
0.5047664
0.42235836
0.48270014
0.50428987
0.43311587
0.5026207
0.42947206
0.46079496
0.5525335
0.43166083
0.42266297
0.49588564
0.50956315
0.45772496
0.52044
0.50383985
0.41306618
0.4578948
0.5204449
0.44584617
0.4539122
0.41987514
0.41459236
0.4482152
0.4579616
0.42360896
0.49681005
0.50384593
0.5324126
0.45280972
0.4673955
0.51044464
0.443496
0.420303
0.5140202
0.42627674
0.50912416
0.51738495
0.51395124
0.5050435
0.41989526
0.42610076
0.55335456
0.5124197
0.48387602
0.5062721
0.5481662
0.45609635
0.42390162
0.4432684
0.5032897
0.51476496
0.44347194
0.472391
0.43255898
0.41490322
0.47972864
0.51103646
0.5037528
0.42794085
0.5323877
0.41711843
0.50711334
0.4247516
0.5126544
0.52255803
0.51130736
0.5288074
0.52838975
0.42833164
0.45026803
0.42886484
0.5133959
0.50146556
0.49693215
0.4236937
0.52703774
0.4848671
0.50149256
0.45793304
0.49707365
0.4418271
0.47439376
0.5123293
0.5182619
0.4244516
0.44968787
0.49009848
0.4177959
0.45011973
0.41081545
0.515917
0.44305983
0.48170233
0.51443225
0.50230753
0.44088843
0.43260905
0.51026726
0.5293103
0.42553374
0.51035655
0.5059876
0.42405102
0.44044676
0.37351573
0.44733337
0.50781584
0.452014
0.44629765
0.5096594
0.52164346
0.4193712
0.4355333
0.49859425
0.4412322
0.48136327
0.43675616
0.42698443
0.440182
0.42980433
0.51364195
0.42958742
0.42103472
0.5154794
0.42939827
0.43318847
0.5103673
0.49098244
0.4419483
0.4476537
0.467852
0.46089116
0.50646883
0.4907678
0.48021892
0.43493587
0.51778233
0.41820803
0.50346816
0.46023896
0.51604646
0.52577263
0.50847936
0.5126259
0.43998224
0.43935275
0.4543646
0.51316327
0.45816964
0.51210123
0.47740874
0.5053041
0.45765692
0.5077157
0.49673015
0.46065497
0.52695775
0.5187391
0.52246994
0.4979231
0.499032
0.44442832
0.42238933
0.5036379
0.4326187
0.4346548
0.44277865
0.4466074
0.5211002
0.482704
0.52324694
0.54461503
0.42581862
0.5423939
0.42344174
0.43675217
0.45720434
0.5045741
0.4414357
0.42547253
0.45186365
0.507013
0.44978014
0.4584585
0.42905197
0.4169726
0.41483232
0.4363823
0.43456942
0.5137196
0.42630473
0.5378046
0.4685657
0.4605659
0.4260954
0.5125526
0.5043133
0.42494896
0.4376545
0.5156769
0.49428567
0.41484368
0.42141727
0.4165675
0.4664927
0.5380376
0.5005921
0.4470065
0.5308023
0.51127154
0.5206892
0.4250796
0.53743744
0.42858765
0.45342362
0.4983995
0.4963334
0.43783733
0.4466593
0.51714975
0.42442015
0.44017103
0.4260896
0.45254004
0.5223819
0.52327234
0.42608607
0.457787
0.52951336
0.42910922
0.4763416
0.5136685
0.420039
0.44930553
0.5143835
0.41155463
0.42503008
0.49553362
0.45827532
0.50650275
0.4288977
0.4187883
0.42094436
0.38213438
0.45929927
0.5088686
0.42275614
0.43693388
0.45148122
0.53167063
0.5320572
0.49993908
0.50467765
0.4383022
0.43300137
0.52230054
0.45224404
0.45921052
0.44330335
0.4482995
0.5202912
0.46474138
0.39108285
0.496445
0.4556598
0.44561732
0.52422696
0.5233088
0.53078014
0.42732584
0.49270684
0.4270339
0.45189235
0.5035395
0.5063352
0.42357397
0.49050662
0.50315535
0.42180932
0.41273177
0.5102663
0.42924842
0.5023293
0.43349174
0.4917389
0.45451358
0.43370557
0.5045552
0.45206985
0.4220462
0.49864748
0.52526873
0.43318686
0.46468803
0.5340242
0.49349803
0.480049
0.5113744
0.49126044
0.5083487
0.49972275
0.4244086
0.4989743
0.42854062
0.45487288
0.4160302
0.4446858
0.46520603
0.4315061
0.493759
0.51575685
0.42629763
0.42098534
0.43684527
0.43862903
0.501902
0.431787
0.5256125
0.42991707
0.46464887
0.5180997
0.5217222
0.5089389
0.50993264
0.43072957
0.5324965
0.4350028
0.44199944
0.4472989
0.4538846
0.44641697
0.5122635
0.45300612
0.4615286
0.41454288
0.49577764
0.5052107
0.5054057
0.50588727
0.50631684
0.5518725
0.5307439
0.50962734
0.508592
0.4333171
0.5093034
0.5130641
0.417176
0.5085484
0.49500102
0.4161793
0.513347
0.43757644
0.5000648
0.52011013
0.5054017
0.494951
0.5043592
0.5210485
0.4274405
0.4235851
0.4186178
0.43663746
0.47416863
0.4605426
0.41752827
0.52206594
0.5417125
0.51618564
0.4644458
0.45465952
0.43157408
0.46162105
0.45419562
0.49955264
0.42401743
0.5260536
0.45848924
0.50925916
0.43406984
0.49367508
0.51846635
0.53101075
0.5167183
0.42800537
0.48703873
0.44630122
0.51909316
0.4166532
0.42479876
0.41664472
0.45675653
0.5212996
0.42718223
0.44034475
0.50597155
0.51121676
0.48150274
0.41881362
0.5162106
0.49176708
0.45150432
0.41690016
0.4271877
0.47257027
0.44273022
0.4309168
0.448013
0.5011719
0.5097873
0.44327748
0.4356195
0.5271067
0.4914603
0.4265939
0.49780196
0.45628816
0.4496699
0.41377157
0.50255257
0.47626123
0.42002365
0.42941463
0.42523563
0.5412086
0.45210692
0.48718768
0.46039447
0.51802605
0.43271595
0.4390245
0.5128847
0.5209746
0.5043635
0.53796566
0.49236253
0.5123648
0.4307115
0.43601528
0.41436026
0.5087025