0.48610327
0.9999906
0.45425126
0.50977796
0.45425126
1.9917297e-05
0.00014173034
0.9999896
0.45425126
0.7963746
6.1647427e-07
4.5652752e-05
1.0951609e-05
0.45425126
0.99967635
1.1198375e-06
1.580811e-05
0.998917
2.8216502e-06
0.47225505
0.9825637
3.6260715e-06
0.45425126
2.0311372e-06
6.0884545e-08
3.2863398e-05
0.47005716
0.97637045
0.45425126
0.989437
1.6365324e-05
0.45425126
0.5145997
0.45425126
0.45425126
0.45425126
0.48345214
0.99945265
0.9990466
0.99999356
2.3741004e-06
0.47980878
6.252613e-06
0.45425126
1.5151327e-05
8.483782e-07
0.50684506
0.97728306
5.5251917e-08
0.9999951
0.9998004
0.00010257052
0.9997155
0.9978123
0.47609136
1.1017005e-06
0.5587641
1.2038e-07
1.3624756e-07
2.7088876e-05
0.47056854
0.99926776
0.4608944
0.3118655
0.85221654
0.76876813
0.49566355
1.1550853e-06
0.91442066
0.49816498
0.9996025
6.2620297e-06
0.977536
0.22223581
2.8112687e-08
5.4666725e-07
7.0511544e-07
0.5127649
0.45425126
0.45425126
2.8977354e-05
6.0765513e-05
0.45425126
0.99863064
0.99996614
6.5413966e-05
0.511115
0.9999261
0.99978846
0.99694365
3.872343e-06
5.2876608e-06
0.9997614
0.998302
2.4199996e-06
1.7167014e-05
0.99984634
0.97525966
0.9999945
0.9999708
0.44363725
0.33122146
3.938707e-05
2.3187772e-06
0.45425126
5.9331418e-05
2.777592e-06
0.99924123
0.9995858
0.993901
7.864693e-05
0.30688506
0.9992367
7.0828764e-06
0.45425126
4.3362766e-07
1.0431573e-05
0.0005178442
0.999796
0.84950924
0.99999785
0.99995863
6.341331e-05
0.9999925
8.173712e-08
0.99997973
3.2247362e-06
2.0430565e-05
6.1319756e-06
0.9827291
0.999668
0.9704888
2.1698763e-06
0.99146175
5.4192224e-05
8.179768e-06
0.84190613
0.9998652
0.45425126
5.659451e-05
0.9999944
9.298319e-06
0.99764866
5.0627687e-06
0.9642587
1.6036473e-07
2.2433302e-07
0.2306829
8.055116e-05
0.00020481348
0.96669835
0.994354
0.4068979
2.4804642e-05
2.1973162e-06
0.45425126
0.9999937
1.6143301e-07
2.2027482e-06
0.9997726
0.9999349
0.9999758
0.5029224
0.99970347
0.999019
4.8120484e-07
0.51390696
0.49843872
2.7754137e-05
1.176435e-08
2.1855353e-06
0.36921793
2.777201e-05
0.31472734
0.000116904856
5.854971e-05
6.364424e-05
0.99998343
6.5756154e-07
1.2252881e-06
0.3600528
2.4452606e-07
4.2327665e-05
0.995876
0.9875142
0.9868831
0.45425126
0.45425126
1.844296e-06
0.9964972
1.927065e-06
0.9999968
0.9997961
0.99993336
1.0352477e-05
0.0001500317
0.45425126
0.9992434
0.0020444344
1.7110422e-06
8.0038604e-05
0.9994301
0.9999914
0.9990108
0.9996038
0.9999578
5.5938735e-06
0.99998
2.2133822e-06
1.3233938e-05
0.45425126
0.45425126
0.98627263
5.2813157e-06
0.45425126
0.40514013
1.7207236e-05
0.40581492
6.6425065e-07
7.877204e-06
5.421273e-06
0.9999918
2.2986833e-07
9.680999e-06
5.366612e-05
0.9998932
0.9984226
1.5675795e-06
0.45425126
2.1494276e-07
0.99822384
0.45425126
0.23388381
0.1784944
0.5067254
0.45425126
0.99999666
0.99999905
2.6624382e-06
4.7276957e-05
2.2583074e-06
1.3157727e-05
0.9999136
0.9993432
0.9530727
2.9885243e-08
0.45425126
0.00017481265
0.45425126
0.50220877
0.99999034
5.0326962e-05
0.7545319
3.41096e-06
1.7108351e-06
1.3319898e-06
0.986891
0.93363345
0.99605113
0.99996054
0.9999738
5.8975304e-05
0.99998724
0.9992093
0.43947926
0.00016329816
0.00015929376
7.505635e-07
0.5027041
0.9997142
0.45425126
0.80687904
4.469772e-06
2.5334026e-05
0.74506474
0.5109782
0.24708992
5.0868994e-06
0.99976104
0.9859795
0.9995882
0.9999895
2.8905887e-08
2.1498781e-05
0.9997073
0.9999578
0.45425126
0.9967945
9.9476686e-08
0.45425126
0.9710251
0.9999263
0.5109938
1.263508e-06
0.99989367
4.4031182e-07
0.5285504
0.9989839
5.7064926e-06
0.997867
0.45425126
2.1847957e-06
0.9640353
0.9994529
0.99997854
0.00015725293
0.4683363
3.8242374e-07
0.99979705
1.4352039e-08
1.8759621e-06
0.6066627
0.9999745
0.9979603
0.9999039
7.3757924e-06
1.1141586e-06
2.28975e-07
0.9983298
1.923578e-06
3.0352717e-07
2.1204592e-05
3.9583253e-07
4.5163183e-06
0.9999591
0.513641
2.9031069e-05
3.5670433e-05
0.3577392
0.9965688
0.56608266
0.00015769724
0.99952173
0.9999869
0.6846866
0.45425126
0.9999653
0.99964046
1.9533632e-05
0.000105493826
8.36611e-05
2.0884043e-08
0.9995431
0.24783681
0.99984753
0.9423856
0.8590053
0.87622076
0.9999063
0.9995703
0.9923361
3.3612554e-07
0.9999641
0.44939473
0.99901783
5.9656156e-07
2.1923982e-07
0.52058387
0.9999902
0.5359586
8.693262e-05
0.9998853
1.7376096e-05
9.504275e-07
1.4519062e-05
0.45425126
0.8693487
9.852112e-06
8.171249e-08
0.45425126
0.45425126
4.775821e-08
0.9999913
1.0983205e-05
1.9488273e-07
6.370727e-05
0.99899036
0.868715
9.878956e-08
2.8384864e-06
0.9999925
0.99998605
0.94978034
5.478735e-05
5.852736e-07
0.958908
0.99967015
0.09322326
5.5445415e-08
0.9974089
0.49843186
7.68922e-08
3.3388034e-05
0.00026107678
0.45425126
0.9994894
0.99043053
3.7449124e-06
3.2504708e-05
6.875811e-06
1.6262951e-05
0.9648
0.999721
0.0822276
0.47867134
0.45425126
0.99999714
0.99945277
0.999485
0.45425126
0.9983171
0.45425126
0.96508205
0.9999958
1.3432499e-06
1.6073025e-05
0.9815823
9.4632225e-07
0.9999976
1.4934606e-05
9.123782e-06
0.45425126
1.191217e-07
1.1710763e-06
0.9984768
0.99999344
0.9999114
0.45425126
1.0675465e-05
0.00035443716
3.4381023e-06
0.98968667
0.45425126
0.5603256
1.3814535e-05
3.7641976e-06
0.9999949
0.48463348
0.81109834
0.45425126
7.4648034e-07
9.4151915e-08
0.00026319842
0.9986939
0.9999963
4.1110026e-05
0.9998975
0.9999598
0.45425126
0.9998758
0.9894399
0.45425126
0.9641889
1.5304404e-05
0.51231235
2.1336708e-05
0.99992657
0.94194233
7.625847e-08
4.520929e-05
0.99963045
0.9999604
8.5905504e-07
0.9935103
1.707465e-05
0.99965966
0.99978095
0.55424327
4.3956393e-06
0.00011294914
0.45425126
0.0003253623
0.99997497
0.5121837
9.3281017e-07
0.9538236
0.9984182
2.8332504e-06
0.99961
1.169065e-05
5.625265e-06
0.45425126
0.45425126
0.99940825
5.597319e-08
5.90478e-07
5.9363424e-06
0.9996531
0.9998184
0.45425126
0.4680202
0.565713
0.9999478
0.9958038
0.14497808
0.45425126
0.99998665
2.4903882e-06
1.6534231e-07
0.49317744
0.45425126
0.99989104
5.566908e-05
5.7646375e-05
0.9952636
0.9999316
4.5363333e-07
0.45425126
2.8988431e-06
0.27645174
3.5457444e-06
0.98707485
1.674678e-05
0.9999863
0.45425126
0.45425126
0.48870412
1.2482183e-05
3.4086902e-06
3.0036276e-06
0.52379644
0.7554006
9.876656e-06
0.9999033
0.99999964
0.97838837
0.45425126
9.067365e-07
0.9880823
1.6158103e-06
0.98986953
0.45425126
4.762868e-06
0.064694665
2.2857885e-06
1.7863094e-07
5.4410073e-05
0.45425126
5.9476647e-06
0.4802452
0.45425126
0.9998957
0.45425126
0.9619263
0.45425126
7.591041e-06
1.065891e-06
1.9963716e-05
2.256205e-05
0.9999633
0.00048284902
2.2892586e-07
0.45425126
0.9995277
0.9999591
0.45425126
7.0531854e-07
0.0072459304
3.4263983e-05
0.9996351
6.7718975e-07
0.9999753
0.5010329
0.45425126
0.99991405
3.430305e-05
0.99872357
0.9811569
3.4701043e-06
0.99978787
0.6442248
7.3503243e-06
0.49136817
2.0024183e-06
0.99993885
0.9415891
0.99996805
0.8096133
0.9964479
1.3651306e-06
1.9313944e-05
5.6793626e-05
1.8720092e-07
0.00048096935
0.9999132
0.9598267
1.6919688e-05
0.8989882
1.8137756e-05
0.99999166
8.015282e-08
1.6397098e-06
3.5585998e-07
0.5023439
0.4772629
1.1406223e-05
0.0003534947
1.7852815e-05
0.99975497
2.3421912e-06
0.99999976
0.9999956
0.9951574
6.7990636e-06
0.5855486
3.9543334e-05
0.45425126
0.24553247
7.81027e-06
0.4554243
3.6920316e-08
0.49895683
5.658915e-08
0.99890673
0.758442
1.4893261e-05
1.6218812e-05
4.6549854e-08
0.999905
0.9999958
0.99984455
0.31713957
2.0490095e-05
0.99149317
0.47038588
0.9986222
6.640367e-05
0.93871063
0.9148482
0.45425126
8.8699835e-06
0.45425126
0.99989104
0.999979
2.0538164e-05
0.9999641
0.9958248
2.2072456e-05
4.6573692e-05
3.6021036e-06
0.99951863
2.5709674e-08
0.5184621
0.9999808
8.830415e-07
4.5756548e-07
6.894748e-06
1.9210105e-05
0.55042356
0.98357165
0.99974614
0.984312
0.45425126
0.547308
3.3992354e-05
0.9901689
0.99998724
0.9999994
1.5237884e-08
1.2967446e-05
0.45425126
1.8586479e-07
0.9997217
0.7877611
8.4218686e-05
0.99857044
5.5772205e-07
1.15610746e-07
0.9999292
0.45425126
0.4804712
0.99975556
9.124364e-06
0.99624205
0.9996001
0.99991035
0.38276467
6.3225315e-08
0.9998882
0.9995117
0.5230687
9.703502e-07
0.8727299
0.9999871
0.9906137
0.9999608
0.9644398
0.9765173
0.99468887
0.0009990922
1.1046169e-05
0.97806895
5.4700427e-05
1.8865184e-06
1.7304803e-06
1.4875887e-05
2.9504767e-05
1.6301069e-06
0.99988425
0.9605288
0.45425126
0.48839164
0.99590874
7.610124e-07
3.3973166e-08
0.9999733
1.7288196e-05
0.99933714
0.99996483
0.50802404
0.4803463
0.99929786
5.7465395e-06
3.4738153e-07
0.99999857
0.45425126
8.825947e-06
0.99935466
6.481481e-06
0.446798
2.4546043e-06
7.5706685e-06
0.5546988
2.0705204e-06
1.4971791e-06
1.0187373e-05
1.4546977e-06
0.45425126
3.6026636e-06
2.688879e-05
0.9930661
0.9997434
0.45425126
1.302079e-06
0.9932243
1.4587152e-06
1.3689904e-05
0.9999937
0.56361693
6.610707e-07
0.46363443
0.2964081
0.9998816
3.4513578e-05
1.0
0.057685483
5.678469e-07
0.45425126
2.3676874e-07
0.45425126
2.0977329e-07
2.3232766e-05
6.8889545e-05
0.9966544
0.48141134
4.8839553e-07
0.99500376
1.5007272e-06
1.7470757e-05
0.45425126
7.3846144e-07
0.9978676
0.46879488
0.98630816
4.0658183e-06
5.059743e-07
2.5000396e-05
0.9625699
1.8747474e-05
0.999089
3.1596273e-06
6.1745372e-06
0.55889344
9.169366e-05
7.818565e-08
0.9998815
0.9999951
0.45425126
0.9999
4.1484036e-05
1.9668632e-06
0.999524
0.87095225
0.82029164
5.1132365e-06
0.9996362
0.9999479
0.4820053
0.99999523
1.0974735e-05
0.9999883
0.9757264
0.99964166
4.85156e-05
8.8995854e-05
9.848515e-08
0.3871509
2.5224176e-06
0.9999099
1.3878533e-06
0.99999917
0.45425126
0.9871775
0.9998536
7.910824e-05
1.2094378e-05
8.066781e-06
0.3880231
0.99992883
0.99837166
0.99996066
0.4721126
0.4826538
0.97204757
1.6508832e-07
0.39512008
0.96742904
0.90918046
6.4791406e-05
0.9999658
0.9997497
0.9999918
0.9997718
2.8731023e-05
4.2286083e-06
0.99679834
0.99999607
9.94573e-06
0.4330948
0.45425126
0.99998116
3.4509746e-08
0.000528103
0.9998709
0.9791718
0.5302042
0.9724755
0.9854268
8.742843e-08
2.3856073e-05
0.04087013
0.9999964
0.9999989
0.45425126
0.99999917
0.46381426
0.99987996
0.9999709
0.99905926
6.125955e-06
0.0032336726
0.9998728
1.0956642e-06
8.369342e-05
0.00012959153
0.9584712
5.311174e-07
1.750967e-05
7.381926e-08
0.45425126
0.9999459
0.45425126
0.99129933
7.770125e-05
0.48461533
1.5741076e-05
0.4471204
0.003129281
0.00047243226
1.5249243e-06
1.32027135e-05
0.5485779
0.45425126
0.7720168
9.958242e-08
0.99988043
0.45425126
3.5260993e-05
1.0850104e-05
0.66406965
0.4763919
0.45425126
0.887755
0.00016088878
0.45425126
3.754421e-06
0.5242557
0.32383054
0.11066469
0.45425126
0.45425126
0.9999994
1.4551372e-05
0.9999423
0.9988373
0.9936912
0.9487127
3.5328783e-05
0.9998443
0.9998294
0.95561224
9.110574e-06
0.9967817
0.23707817
0.99924207
0.45425126
4.0453237e-06
0.49653146
0.99990916
0.45425126
0.99989474
3.224315e-06
5.191458e-05
3.288374e-05
0.096558295
0.9999962
0.46580222
0.45425126
0.52005714
0.9819165
3.733665e-07
0.9983772
0.9996705
0.99025166
0.996467
0.9625054
0.45425126
2.1675928e-06
0.9993824
0.45425126
0.99982315
0.45425126
0.9999981
0.5292152
0.99314606
0.999985
5.8269616e-06
0.51255274
0.99942195
1.1325202e-05
0.99963796
8.182757e-06
5.673793e-06
3.2834362e-07
6.2399944e-05
0.45425126
4.271462e-06
0.49854797
0.4891626
0.9997253
1.9642164e-05
0.9903645
0.5559465
7.661552e-06
6.786082e-06
0.9979202
0.9934902
0.22889635
0.98920876
0.99987197
0.99946266
5.202241e-08
0.99949515
0.00029330348
0.99946636
3.5343575e-05
1.2742365e-06
0.45425126
0.99797994
3.6693424e-07
0.999997
0.45425126
0.9965668
0.45425126
2.1842457e-06
0.97272825
0.9998896
1.0480767e-06
0.99998677
0.9996842
2.5754616e-06
0.99625874
1.5370868e-05
1.0311888e-07
0.3331019
0.42431858
0.9695272
0.2863567
0.4907196
0.474079
0.9773456
0.45425126
0.49206054
2.0127007e-05
0.9878214
0.45425126
0.45425126
5.0605286e-06
3.2168946e-06
0.99888796
0.45425126
0.48800677
7.0923466e-06
0.9996954
0.48896146
3.7818252e-06
0.9997874
8.546215e-08
0.45425126
0.95575434
8.7884855e-06
4.627623e-05
0.9997197
0.99981815
0.45425126
0.5131403
0.61618316
7.6314635e-08
0.45425126
0.99997616
0.24255846
0.45425126
8.419157e-07
4.8918004e-08
0.45425126
0.45425126
0.45425126
0.995987
0.99972564
0.99654657
4.2270425e-05
0.45425126
0.95026386
2.5266832e-05
9.1910795e-07
0.70139605
1.2738752e-07
0.9995926
0.999949
0.99996924
0.9999887
1.0771658e-07
8.322354e-06
0.6765621
0.9999653
0.999035
0.99861026
0.5351565
0.45425126
0.9999993
8.285366e-07
0.998825
0.99991834
7.252196e-06
0.0002724968
3.881926e-05
1.5156005e-06
0.9990289
0.9981193
0.9950659
0.0006677868
0.99999774
0.00012108115
0.49685642
1.500974e-05
0.9998776
0.99981576
0.9896343
0.9999653
0.93147475
8.856467e-05
0.45425126
3.1689734e-08
0.99462366
0.6115882
0.46833548
8.497907e-06
0.99999297
0.999984
0.5191498
9.991591e-06
0.9999858
0.00011814126
0.90573955
0.9993075
0.99965143
6.517323e-08
0.45425126
0.9203942
8.502149e-05
4.401797e-06
1.4864244e-05
0.9996333
4.0128274e-05
0.7434717
0.9978811
0.9917116
2.0819473e-06
7.511565e-05
0.9974146
0.99916255
4.944928e-05
0.9987985
0.46214443
2.6088167e-06
7.55471e-05
0.00025602692
6.757518e-06
0.9973308
0.45425126
0.000245373
0.9970848
0.9991722
2.3216353e-05
0.00031623605
0.97284126
3.052091e-05
0.9220856
5.642662e-07
1.8847152e-07
1.7277614e-05
8.346883e-06
0.99272597
3.896518e-06
8.4502035e-06
0.99972135
1.8051468e-06
1.6017711e-05
0.47504485
0.10925161
6.243175e-06
6.016528e-06
0.45425126
0.45425126
0.99939597
0.9996903
0.96389264
4.9455506e-05
0.8193276
8.1600103e-07
0.99940276
1.8083076e-05
0.9999933
0.9992124
0.99997294
0.94634795
7.078428e-07
5.924737e-06
0.44038382
0.9934475
0.45425126
0.81579024
0.14255749
0.36793876
0.45425126
0.51318955
0.65023017
0.45425126
0.53243893
0.9142031
0.9999976
0.4956002
0.99995697
2.0306015e-07
1.0728946e-05
0.95742613
9.122885e-06
4.1589274e-06
1.4462208e-05
6.4960414e-06
0.62663984
0.999215
0.99999833
0.9528848
4.370876e-06
0.9999937
5.132691e-05
0.00014738075
8.9204485e-07
0.99353796
6.8802588e-06
2.0688863e-06
0.28036395
0.9998604
0.00026580266
0.45425126
2.2018335e-07
3.2934182e-07
8.115458e-08
5.4518987e-06
4.027148e-06
0.9999174
6.671261e-06
0.9992742
8.622119e-08
0.45425126
4.10772e-08
0.99950457
0.6904307
6.62098e-06
2.647587e-05
0.99997103
0.97566515
8.5954997e-07
4.82016e-06
3.146809e-07
0.45425126
0.9433496
0.99999845
1.9674615e-05
0.9996617
0.97038877
0.999813
6.954281e-08
0.999982
2.1073982e-05
1.005069e-05
0.5075569
0.9999745
3.6854858e-06
0.45425126
0.9879874
1.5953309e-06
6.521932e-06
3.7390848e-07
6.5839144e-05
0.99997044
0.99699676
1.2979129e-07
0.45436227
0.9956115
1.3833642e-07
0.4743355
0.9998795
9.950477e-08
0.00021616099
0.9996338
4.5865574e-05
4.0067383e-07
0.999861
0.45425126
0.99999225
7.0939627e-06
3.534917e-05
0.000115915806
0.00022768005
7.405448e-08
0.9998995
0.45425126
8.2860385e-07
0.45425126
0.9998791
0.6679434
0.9934983
0.46646044
0.0003200254
7.755537e-07
0.9946911
0.00012429799
0.45425126
4.4496785e-05
0.45425126
0.9999404
0.45425126
0.104030766
0.99997675
0.45425126
0.0004151711
0.5014578
0.98763007
0.999859
1.255751e-05
0.9661441
4.9417093e-07
0.45425126
0.5391514
0.9914825
0.00013887587
0.478319
0.99744093
1.1207199e-05
7.0713606e-05
0.9999721
2.1460573e-06
0.9999994
2.923597e-06
0.9499008
0.45425126
5.225141e-06
0.9980617
7.329241e-06
1.354185e-07
0.47932097
0.9990514
7.5398987e-07
1.3979995e-06
0.99975413
0.48231822
0.99587506
0.9996753
0.5059887
0.99990785
0.4832997
5.214619e-08
0.9997818
9.8127575e-06
0.3045956
1.3819206e-06
3.7722362e-05
0.99999034
4.5229303e-06
0.99953616
0.5036438
7.0687e-07
1.1125958e-06
1.010983e-06
2.9676323e-06
0.99822515
0.00010637803
0.9999651
9.93986e-07
0.45425126
0.4690598
0.99956876
0.99944955
0.96251774
3.1775024e-05
0.86969525
1.912868e-05
1.2106911e-05
6.7889823e-06
4.44911e-05
1.42737645e-05
0.9961687
0.45425126
0.45425126
5.1833613e-06
0.4316414
0.9983765
0.9997764
0.9979721
0.998376
0.99657696
0.575514
0.999571
0.99922836
2.01932e-05
0.99917954
0.47899035
6.0455764e-05
0.3168634
0.99980706
4.1205913e-05
0.9993624
1.0585119e-05
0.48970765
0.9999989
0.99996233
0.5045779
0.5131559
0.9996816
8.004166e-06
3.2883432e-07
9.707801e-06
3.9191862e-05
0.064048626
0.00010507167
1.7240465e-05
0.9997739
0.9982193
0.9966453
0.45425126
0.45425126
7.388941e-08
0.45425126
0.45425126
0.46246305
2.1601374e-05
0.9995339
2.0177637e-08
0.9994555
1.7030985e-05
0.40058944
0.9999615
0.9966852
0.5438589
0.00028803165
0.9977968
0.00012776344
0.5538541
1.0507088e-06
0.00015300771
3.4548553e-05
0.45425126
0.9999299
2.9526329e-05
1.0248167e-05
0.4666376
0.9999956
0.5341448
2.717968e-07
0.99976534
0.953076
0.9999969
4.2342723e-05
0.00016863843
0.99982625
2.1646802e-06
3.3874092e-06
0.45425126
0.4584767
0.48611858
0.45425126
6.8390514e-06
0.99933213
0.5225108
1.8214541e-07
0.48937154
0.37183565
2.0959583e-08
1.1250247e-05
0.9999958
0.99640685
9.581866e-05
1.3154915e-06
1.599569e-06
0.9965957
5.961994e-05
0.99624556
0.3424102
0.57015234
2.435e-05
1.0447127e-06
0.9999044
0.9999808
0.99990296
0.52846926
0.19666012
0.9999825
4.0449727e-06
6.1865634e-08
1.5602697e-07
0.9999206