0.506403
0.99945074
0.45184538
0.5021328
0.4466926
0.008493829
0.013253892
0.99918693
0.45155945
0.86557907
0.079026766
0.012875633
0.013216322
0.44886652
0.9983346
0.0028877147
0.007715514
0.25601497
0.015760548
0.49989155
0.62875086
0.021180684
0.44999993
0.019634116
0.007378838
0.019599443
0.48244405
0.9577201
0.4531234
0.9927424
0.01349189
0.4484372
0.78600365
0.4801511
0.44892535
0.45896164
0.48765284
0.9904456
0.9966923
0.99813676
0.010428337
0.484733
0.011096532
0.45479098
0.012000683
0.01579192
0.51133835
0.8595257
0.010575417
0.99830085
0.9950772
0.022238385
0.9963618
0.9984908
0.50386226
0.009632319
0.50754946
0.011043079
0.017318677
0.015592268
0.5057121
0.99846673
0.5024832
0.45648572
0.93964267
0.6717269
0.5028475
0.0439609
0.94261205
0.50858265
0.9978321
0.013906655
0.938992
0.45891136
0.037356976
0.015396358
0.019160125
0.50659394
0.45416567
0.44856352
0.017255792
0.008289583
0.44816896
0.99309254
0.99287647
0.012772884
0.52188
0.9943699
0.99913555
0.9955857
0.012287805
0.010015139
0.99777204
0.9688074
0.03787905
0.008615923
0.99781287
0.945774
0.995236
0.99899274
0.46445185
0.45304537
0.012309091
0.011223973
0.44920775
0.023784352
0.009863446
0.77472776
0.99720275
0.8492152
0.009497821
0.45850897
0.9886072
0.0067443475
0.4479403
0.016925106
0.008885194
0.049222995
0.9935534
0.90878814
0.94922876
0.9981406
0.032968424
0.99791914
0.012841514
0.99371344
0.009717113
0.01375108
0.01068127
0.98107004
0.99923813
0.9872892
0.00963646
0.9867258
0.012091093
0.008213736
0.41331458
0.99923074
0.45156494
0.0075187143
0.99856085
0.0154818855
0.9813043
0.009878494
0.81272984
0.009260953
0.009567895
0.45575458
0.16446123
0.017388744
0.99623966
0.94429195
0.45987952
0.015558656
0.02435775
0.45435828
0.99785894
0.022414414
0.009841796
0.94051313
0.99924845
0.9936301
0.80087566
0.99464744
0.9990293
0.010626189
0.5065316
0.56660044
0.0055442355
0.021365551
0.012497453
0.45153752
0.012806623
0.6657572
0.021369407
0.029705545
0.019780962
0.9997042
0.018486194
0.0064979624
0.8701688
0.020062478
0.01658784
0.9997352
0.9369556
0.9909746
0.4506808
0.45130578
0.009185692
0.94675744
0.011011711
0.9990445
0.9981377
0.9982901
0.012520731
0.018145952
0.45347473
0.99546355
0.07570662
0.020742852
0.03366959
0.99706906
0.99652463
0.9899705
0.9953976
0.9997775
0.011450555
0.9978668
0.016881097
0.0085268775
0.44865564
0.44718808
0.9937949
0.055075265
0.45050642
0.45647484
0.0043515307
0.2909616
0.006918762
0.0114344815
0.016139321
0.9998611
0.011811506
0.013212939
0.0129133845
0.9942516
0.9762018
0.030573623
0.4607056
0.021157434
0.99650264
0.45051745
0.6089288
0.45502084
0.5117547
0.44351688
0.9960706
0.99902403
0.0036931848
0.007163592
0.017583365
0.010964644
0.9995003
0.95337105
0.94237566
0.007548913
0.44868165
0.07090772
0.45499825
0.66088533
0.98545
0.006180149
0.82521504
0.02641868
0.013109754
0.008384171
0.9937256
0.9626397
0.8525791
0.99554306
0.9994955
0.007101823
0.99788743
0.99791807
0.45668742
0.030725686
0.0064784135
0.0066737435
0.7183587
0.9962315
0.44716993
0.33888435
0.008937798
0.029093599
0.8825463
0.50502306
0.38868034
0.010715811
0.99518627
0.9717904
0.9997397
0.9976931
0.060284782
0.016584879
0.9997496
0.9747459
0.4499253
0.9973924
0.015127814
0.44295672
0.92322135
0.99970883
0.49711117
0.0056234007
0.9864596
0.011186736
0.87311846
0.99614465
0.013913312
0.9811405
0.455478
0.00688574
0.39794737
0.99185103
0.9992416
0.018571418
0.50395066
0.018797562
0.9982797
0.007860607
0.0127604315
0.7559583
0.99482924
0.9964479
0.99747247
0.005157533
0.015644347
0.0151796155
0.9607069
0.021242341
0.009055076
0.010589431
0.00889144
0.0054458617
0.99619734
0.512319
0.02372702
0.015844
0.45388067
0.99550146
0.7848647
0.004503358
0.99747294
0.9993325
0.83359134
0.4543893
0.9993655
0.9991844
0.011159673
0.006709806
0.006938451
0.0078065833
0.99865806
0.45277444
0.99787974
0.69456
0.5582794
0.9928738
0.99889344
0.98790073
0.986048
0.011303869
0.99373204
0.44733006
0.9066827
0.025903238
0.014805447
0.5109487
0.9993351
0.5177073
0.04149347
0.93195623
0.051107775
0.007219566
0.023027252
0.45297492
0.9764544
0.010979302
0.026226657
0.45086208
0.4465267
0.007266344
0.99896276
0.016253892
0.017893312
0.03237994
0.9980275
0.8553485
0.0135127045
0.017147979
0.9942841
0.960257
0.84736145
0.019232811
0.03383196
0.9599885
0.98864377
0.45758232
0.0063656033
0.998638
0.50534296
0.014321655
0.00906661
0.07243589
0.44870538
0.99932015
0.99338925
0.011045174
0.017997688
0.013698675
0.016808366
0.97115445
0.9943178
0.46200112
0.50352013
0.4444254
0.99427235
0.9943077
0.9954165
0.45160452
0.9937568
0.44285437
0.96131724
0.99836797
0.018137144
0.007085799
0.9288597
0.016267516
0.9990387
0.0062201433
0.011595891
0.45358872
0.012514843
0.0078468
0.9754827
0.9997662
0.9984621
0.45346078
0.024400337
0.03690243
0.010557475
0.9656365
0.4396134
0.2416586
0.017145462
0.00754175
0.9990426
0.49579117
0.95696175
0.4506038
0.01941154
0.0125847235
0.011866929
0.9952474
0.99949145
0.041045174
0.9908284
0.990888
0.44958177
0.9996068
0.99679595
0.4509451
0.92493355
0.008386935
0.54231054
0.016602587
0.99330974
0.9068092
0.012193846
0.0067953044
0.9898784
0.99817777
0.026823653
0.98166716
0.013331588
0.99950707
0.99612266
0.46532565
0.020227872
0.016714709
0.45586732
0.008027931
0.993867
0.50881284
0.014591812
0.9862493
0.99487925
0.0135461595
0.9967539
0.017788544
0.0116199525
0.45471245
0.4555269
0.99621874
0.0066217696
0.0153297875
0.017066333
0.9981055
0.99958295
0.45013115
0.4829038
0.91614646
0.99976355
0.9962914
0.48390985
0.45206848
0.99887115
0.017808551
0.011370947
0.5034856
0.45185605
0.99891543
0.014409344
0.016238224
0.9800148
0.99901354
0.012182738
0.4434868
0.01465238
0.44975194
0.011671148
0.9078353
0.011738431
0.99929583
0.45056546
0.45737785
0.504002
0.025949152
0.020547573
0.00991206
0.54482424
0.45797664
0.045719244
0.99886227
0.9990054
0.96176505
0.45671597
0.025669217
0.9445821
0.028022666
0.958593
0.45142362
0.05997463
0.45789054
0.02438322
0.020769196
0.0115485005
0.4517521
0.007836716
0.5050681
0.45337787
0.99700505
0.44879717
0.9798101
0.44567174
0.010317401
0.028539067
0.017477889
0.008151139
0.9962185
0.016080761
0.011693874
0.45104194
0.99881774
0.9993794
0.4530719
0.0066118776
0.0115564
0.008134787
0.99706906
0.027948072
0.99910116
0.4735198
0.4520241
0.9965174
0.009039199
0.95555377
0.99340713
0.0121538555
0.9578173
0.98987913
0.0065041985
0.4925297
0.005399095
0.99938655
0.99598
0.9989028
0.99032086
0.9890181
0.026451914
0.01573869
0.013385536
0.00783477
0.026419595
0.998078
0.59357303
0.009479434
0.6429377
0.008742264
0.9968881
0.03379716
0.018737774
0.008730334
0.43283638
0.49887073
0.008925933
0.046582036
0.006599637
0.9902118
0.011200574
0.99049157
0.9947636
0.94885224
0.0071747247
0.9898655
0.018788012
0.45261773
0.45216107
0.013226455
0.50757694
0.013905256
0.8880845
0.014277
0.9879452
0.41505694
0.023764852
0.011235801
0.018336996
0.99292785
0.9974778
0.98493874
0.45860758
0.025267614
0.8119483
0.4815802
0.9996853
0.0065247766
0.94139117
0.9270648
0.45162794
0.018556552
0.4514685
0.98723024
0.9981343
0.010083488
0.9986273
0.99438274
0.030526493
0.01824415
0.007771857
0.9949845
0.042376217
0.9265073
0.9978326
0.0074741542
0.019252216
0.015351727
0.030932285
0.51590824
0.9749888
0.9946126
0.98527944
0.45272562
0.6005431
0.020548513
0.9966438
0.9620348
0.99134564
0.0152298305
0.014157311
0.44509917
0.0045768935
0.9987062
0.7721372
0.018341126
0.9450807
0.012182456
0.01745285
0.97430485
0.44897848
0.5026473
0.99901295
0.008893045
0.9742104
0.9469473
0.9994349
0.40223756
0.04745465
0.99882084
0.6402354
0.8053947
0.040528685
0.7728441
0.99524903
0.98104274
0.99507326
0.9945042
0.99699223
0.9965545
0.01930322
0.024434995
0.92234725
0.0041114306
0.016690698
0.039977867
0.004630362
0.013175664
0.0069982097
0.9970451
0.6741717
0.44514114
0.49867877
0.9980574
0.011431404
0.012581187
0.9991493
0.009881059
0.99810946
0.99940467
0.49160886
0.48189953
0.99301153
0.010865209
0.027606394
0.99811745
0.4508074
0.013280834
0.99958163
0.013289867
0.39319077
0.0075945114
0.012229387
0.9707899
0.020078773
0.017697057
0.005495411
0.0105571365
0.45125693
0.016025094
0.010653783
0.9256148
0.9973936
0.4603254
0.0060586995
0.9954461
0.0075136353
0.015220736
0.998242
0.5135446
0.020659259
0.48485118
0.45285568
0.9961902
0.009229463
0.99995446
0.38478133
0.0103764925
0.4562716
0.034674577
0.45341054
0.0037618503
0.0070443964
0.009757528
0.9565885
0.48983812
0.009194749
0.98446286
0.024722239
0.006027103
0.4539177
0.02158285
0.98805445
0.50303096
0.9439007
0.018511752
0.05778041
0.013426303
0.9558037
0.023292927
0.9961281
0.007491582
0.039968666
0.51203275
0.016642956
0.029229358
0.9983595
0.99493885
0.45377287
0.9982994
0.0063582123
0.010128198
0.99772364
0.3219731
0.9484569
0.015786273
0.9988059
0.9681981
0.48636413
0.99763846
0.014318196
0.99764
0.91984373
0.9948666
0.01225235
0.035188228
0.0067108045
0.44833443
0.017324844
0.9937317
0.0113899
0.9888777
0.4521548
0.9285483
0.99837863
0.011415841
0.016001554
0.015369447
0.80330116
0.90727675
0.993929
0.99969304
0.52344364
0.48473206
0.8738853
0.017043073
0.455145
0.7332039
0.9158408
0.010579125
0.9884673
0.9927955
0.9984169
0.9990559
0.019514795
0.010583677
0.9962047
0.99967086
0.0064629386
0.6477553
0.45392025
0.9987458
0.011462376
0.028770532
0.99944466
0.94347554
0.30256683
0.9612962
0.9958103
0.008058434
0.014996424
0.044124022
0.9987099
0.9992632
0.44058037
0.9986979
0.5054928
0.99928516
0.99855
0.99811006
0.008418362
0.013857749
0.99176884
0.015601168
0.025883157
0.008710606
0.5970248
0.03129362
0.012795487
0.008488609
0.45398408
0.99828017
0.44860747
0.9541112
0.026010366
0.5062433
0.011728435
0.45174772
0.018501773
0.030729862
0.0040894425
0.011783611
0.53796464
0.45203266
0.99182874
0.018357601
0.97436804
0.45497012
0.044460222
0.017482419
0.41773468
0.48867416
0.44679898
0.45902568
0.02495083
0.44560534
0.011399795
0.49615678
0.45725
0.46237963
0.4527929
0.44609165
0.9996276
0.0053377873
0.99713093
0.9756826
0.9537683
0.9503913
0.017918319
0.9421621
0.99950194
0.5768372
0.015665524
0.9944173
0.44583356
0.9630373
0.41941354
0.010830626
0.50798994
0.9991967
0.44887307
0.99705756
0.005617804
0.021936199
0.01820735
0.45920712
0.9996178
0.49988595
0.45096323
0.5078466
0.99360585
0.03884392
0.9963916
0.9984731
0.95746267
0.990715
0.9804207
0.45294088
0.021873757
0.9991684
0.45109063
0.9719437
0.45311275
0.99786466
0.50737983
0.90890425
0.99926084
0.047658365
0.50478756
0.90572876
0.015457238
0.99909914
0.0065521454
0.009600902
0.018500544
0.006751209
0.4505191
0.009569875
0.5060619
0.5014742
0.9980445
0.013739943
0.9563788
0.9054788
0.007258227
0.020961985
0.9960496
0.8139328
0.4523143
0.9375095
0.99662197
0.9993333
0.0190279
0.9972926
0.010613564
0.9929153
0.025895435
0.00937416
0.4579843
0.98172814
0.016603801
0.99761343
0.44627917
0.9945216
0.44831976
0.011989273
0.81858695
0.9965485
0.02262609
0.99946445
0.9983215
0.014227761
0.9479564
0.009637456
0.009568026
0.45445496
0.45109695
0.7181016
0.46552697
0.5064836
0.506789
0.9508644
0.4501041
0.5100548
0.011852406
0.98583335
0.4476556
0.44873208
0.008561054
0.0056670695
0.66322815
0.45209533
0.47259194
0.007674763
0.9716152
0.7778989
0.005085158
0.9970637
0.010444634
0.453813
0.99800223
0.032071874
0.01595907
0.9830603
0.99880195
0.45394433
0.3392743
0.5156836
0.011118537
0.45438305
0.99873036
0.45667335
0.44802153
0.01859451
0.023370571
0.44912618
0.4557354
0.45082456
0.98692364
0.997419
0.94628423
0.011519763
0.45046103
0.9718239
0.040388893
0.0073578143
0.9127925
0.02756705
0.9969843
0.9996308
0.9994362
0.9974068
0.011645983
0.0060825623
0.96999335
0.9949291
0.99013746
0.9826606
0.5153548
0.45209742
0.99723047
0.007722084
0.99623317
0.99156356
0.01007277
0.025287911
0.011964547
0.01539366
0.879498
0.9916809
0.94873816
0.027999533
0.99716455
0.006260441
0.5067748
0.00974731
0.9982673
0.99378717
0.98223716
0.99798226
0.9942688
0.013990754
0.44843048
0.010549459
0.986649
0.92525345
0.50548315
0.011180366
0.99927264
0.9993705
0.50947696
0.017308421
0.9978649
0.007921769
0.9496469
0.9892236
0.996015
0.018138325
0.44972596
0.99749255
0.02185034
0.012588221
0.021377226
0.9990426
0.017197868
0.4462605
0.99454814
0.9459068
0.018199885
0.007564068
0.97035664
0.9964483
0.016884753
0.9994487
0.48462763
0.010926408
0.024673872
0.13993266
0.00788194
0.9991679
0.44377047
0.01065894
0.9582981
0.98983383
0.0169043
0.026341243
0.9920849
0.035262298
0.8828215
0.007351872
0.0147181265
0.0192466
0.006695533
0.8649396
0.006811098
0.006955491
0.99703693
0.018622778
0.010581681
0.4969027
0.24289992
0.0069748107
0.0038049277
0.44860694
0.4505687
0.99592197
0.99301445
0.9927422
0.005147138
0.9655937
0.0124418475
0.9955325
0.014998875
0.99447966
0.99909306
0.9927377
0.98581624
0.009196574
0.010714475
0.45035827
0.7718104
0.45085925
0.62883663
0.3560957
0.7118005
0.45099908
0.95368963
0.6880739
0.45171103
0.9464092
0.8726663
0.9997347
0.5078428
0.98546994
0.035253737
0.0064498223
0.97331727
0.031667363
0.0037360447
0.013060172
0.01530356
0.9739579
0.9698234
0.99962234
0.9990212
0.003330552
0.999302
0.011170502
0.024407193
0.034421474
0.8892268
0.005806935
0.011877126
0.45890993
0.95363563
0.024863921
0.45199066
0.0062449337
0.019346338
0.011259712
0.021277266
0.010773382
0.99894387
0.0032777754
0.99958044
0.0299346
0.45541486
0.006247393
0.9947824
0.40592986
0.017475212
0.011799158
0.99863464
0.9899691
0.01722723
0.01758675
0.017303014
0.4529421
0.64404494
0.9970503
0.01487493
0.9990219
0.9609653
0.99823296
0.0063144662
0.99815494
0.017804539
0.014754231
0.4755313
0.9768504
0.007516615
0.44710124
0.9911376
0.018977437
0.0034081873
0.011028856
0.02063864
0.9938844
0.9965462
0.0061675073
0.4397574
0.99739873
0.0071705175
0.46830967
0.99809307
0.019065114
0.014997889
0.9993772
0.005147373
0.009602316
0.997029
0.44964105
0.9992508
0.01152262
0.013365445
0.012503422
0.024750413
0.023942098
0.9971077
0.44363925
0.00803296
0.4494597
0.9982664
0.6117442
0.9610473
0.50625277
0.052593775
0.008954468
0.9803946
0.021281024
0.4478668
0.018696481
0.45097473
0.99707043
0.453406
0.13411142
0.9977048
0.44895
0.050764788
0.6890868
0.98486704
0.9625837
0.011024328
0.98310065
0.009868196
0.450824
0.30834633
0.99720615
0.016637135
0.50817674
0.9912759
0.011398699
0.020473938
0.9952264
0.0030401265
0.9994261
0.0063284393
0.8616067
0.45222473
0.008641923
0.9746488
0.007843894
0.011327828
0.48494357
0.9971449
0.008500976
0.05007718
0.999275
0.5141919
0.9824337
0.9963894
0.5068719
0.9547437
0.64082843
0.007979403
0.98902136
0.011181748
0.4534827
0.014938641
0.039530978
0.9997826
0.009577037
0.93138754
0.503017
0.02020006
0.012743233
0.015751252
0.0054676724
0.99384946
0.024345687
0.9982645
0.005594786
0.4524793
0.4904444
0.9312985
0.9918771
0.9678868
0.015469078
0.9956108
0.0070843804
0.028463982
0.013440263
0.020271527
0.012960507
0.9664792
0.44843155
0.45198333
0.018931804
0.3490702
0.9868274
0.9986743
0.9917908
0.9873904
0.980309
0.9481517
0.99130976
0.99921405
0.010750786
0.78524166
0.4911709
0.010597602
0.44985852
0.99864167
0.011211326
0.9948367
0.01167118
0.50579417
0.99905866
0.99930334
0.51075804
0.5061704
0.9953318
0.008478886
0.004227806
0.011919559
0.005869519
0.45818347
0.019769385
0.010875539
0.99929476
0.9910903
0.92442983
0.45224673
0.44877
0.03722634
0.45038608
0.4485402
0.47427884
0.009002118
0.96955115
0.032151192
0.99870443
0.010271147
0.8717326
0.999062
0.99491477
0.49921018
0.008459679
0.94444567
0.03820601
0.8608244
0.012859649
0.021149172
0.012012653
0.45321268
0.9993303
0.010670602
0.0076112086
0.5059546
0.9993017
0.51168776
0.009454616
0.99070895
0.8089001
0.9999608
0.011023126
0.009645225
0.98859113
0.029237757
0.013894837
0.44841674
0.4876406
0.48740864
0.4451293
0.010614941
0.9947554
0.5059637
0.006506612
0.49459592
0.45275488
0.024748577
0.021067157
0.98343927
0.98734003
0.005664273
0.011400359
0.011760523
0.9840471
0.013608701
0.9920145
0.45672914
0.5060694
0.009043843
0.0069509535
0.9988232
0.99808997
0.9983896
0.5738578
0.4328168
0.9897349
0.008987544
0.02498201
0.018177405
0.78322214