0.5158023
0.9999924
0.40851256
0.49776882
0.42979896
9.682459e-05
0.00018951004
0.9999939
0.41628268
0.81765914
0.0091156615
0.00015647753
6.8490896e-05
0.44444886
0.99997854
0.00031965796
0.0003063073
0.9722819
0.0024860958
0.49127787
0.96539134
0.000109629575
0.41660926
0.00010912539
0.00013485704
0.0017916083
0.47692087
0.995856
0.443896
0.9999504
4.017729e-05
0.4389362
0.30469355
0.4382822
0.41005227
0.40234628
0.4938849
0.9998441
0.9999474
0.99977404
0.00016505238
0.4517778
0.00017277704
0.4074465
5.264384e-05
2.4461484e-05
0.5089021
0.99090403
0.00023498364
0.99989986
0.9997193
5.0854516e-05
0.99952424
0.9971232
0.49218303
6.2172156e-05
0.5174286
0.00843865
0.00014312429
0.0012468481
0.5323977
0.9999043
0.5206457
0.42107576
0.98441744
0.8945031
0.5380135
0.00012450868
0.9831402
0.5288392
0.9999356
0.00029195318
0.99133825
0.2643895
0.00056646013
0.00017361315
6.348156e-05
0.5284824
0.4193776
0.40661204
0.0001576571
0.000105786974
0.42263877
0.9999205
0.999491
0.00013046403
0.50308007
0.99993503
0.99992645
0.98878664
9.1963455e-05
0.00010824582
0.9998486
0.99966705
0.00019026741
0.009378159
0.998787
0.984923
0.999997
0.99997663
0.42038757
0.43004766
3.559598e-05
3.8968403e-05
0.4057439
3.8899194e-05
0.00019073805
0.98937434
0.99876726
1.0
0.001120476
0.4156092
0.99995065
0.00013551548
0.43398303
0.00079586153
0.00012111185
0.0024785155
0.9987626
0.957368
0.9999939
0.99999046
0.0008597546
0.9999219
0.000499013
0.9993507
0.00027128443
0.00032297798
7.956535e-05
0.9972149
0.9995763
0.9717935
0.00049343327
0.9915079
0.00021976765
0.0001501721
0.19390984
0.9999875
0.42308918
4.5589102e-05
0.99999
5.31937e-05
0.9465376
6.145602e-05
0.9993087
0.0006330542
0.00013175007
0.41362032
6.899342e-05
0.00020107471
0.9981914
0.9991192
0.40715694
0.0004911726
0.00053683104
0.40129313
0.9999894
4.94714e-05
6.1407394e-05
0.9995678
0.9999871
0.9999924
0.8902195
0.99571866
0.9997874
0.000115249335
0.5761039
0.50594604
5.2884454e-05
0.0001255715
0.000112074435
0.43490654
0.0020762614
0.43015283
0.0003987542
4.0073668e-05
0.00037297193
0.9999691
0.00021439676
0.00017806387
0.4098859
6.2433275e-05
0.00034864363
0.9999865
0.9933316
0.9999844
0.4068859
0.41902816
0.000423517
0.99986243
8.121277e-05
0.9997371
0.99982977
0.9995409
0.0014501149
4.434877e-05
0.4344359
0.99951506
2.8657061e-05
6.0447466e-05
0.0010346107
0.9998977
0.9998658
0.9999565
0.999856
0.99995375
0.0008604812
0.9999802
0.0014993236
0.0014186065
0.42331016
0.40718317
0.9997569
0.0002305441
0.43276992
0.4371076
9.0270754e-05
0.06672922
0.000116412506
0.00016727607
0.002564565
0.9999778
0.00033554793
0.00017751427
6.95743e-05
0.9999864
0.9971928
0.0008390148
0.40911716
4.6624886e-05
0.9998543
0.41527516
0.51782686
0.43457043
0.48505616
0.4523039
0.999845
0.9999994
0.00014032229
0.00012909535
0.0003772815
0.00020714961
0.9998541
0.9962126
0.9912452
0.0002633282
0.4274796
0.0036216062
0.4223761
0.17753361
0.9999939
8.464283e-05
0.8411739
0.0010843163
3.448285e-05
0.00016029266
0.99969935
0.9709292
0.9999852
0.9998198
0.99992025
0.00013314004
0.9999225
0.99827754
0.405819
0.00043475316
0.0001842288
0.000112254434
0.4329396
0.9998729
0.44462207
0.91134953
0.00044282866
0.00029622417
0.99135065
0.42973775
0.1132389
8.66361e-05
0.998387
0.9984927
0.9999844
0.9999865
0.00035411213
4.0860392e-05
0.9999691
0.99999607
0.40452
0.99995136
0.00010073792
0.42360187
0.9691684
0.9998375
0.49636474
0.0001554972
0.9991177
0.0013834428
0.5512425
0.9986319
0.00033337282
0.99987924
0.43438318
0.00020314845
0.61056024
0.99966943
0.9999436
0.00022114631
0.50726736
0.003888037
0.99996555
0.00028703437
9.798675e-05
0.37054715
0.99999666
0.9991412
0.99992526
0.00014932008
0.0002002163
0.0005217755
0.99744403
6.671576e-05
9.698788e-05
0.0011287712
0.00017206614
5.1299165e-05
0.9999474
0.50214666
0.00059370586
3.2843815e-05
0.43388274
0.9995795
0.6435416
0.00020596222
0.9997098
0.9999633
0.8871342
0.41676635
0.9999764
0.9998988
0.0011059068
0.00015800369
0.00012707502
0.00026713545
0.9987231
0.4274281
0.99940634
0.874744
0.64787024
0.9992342
0.9998172
0.99947566
0.9933651
0.00021511978
0.9999323
0.43130133
0.9962625
0.0006929203
0.00013741097
0.5142875
0.99999285
0.52401084
0.00039069698
0.99607086
0.0003971368
9.913666e-05
0.0001625717
0.41572163
0.9918662
0.0001534434
6.419454e-05
0.43225873
0.4102879
0.00025812624
0.9999422
3.4809615e-05
6.374319e-05
8.09336e-05
0.9999213
0.9565146
0.00011080521
0.00094248756
0.9999808
0.9986412
0.9780126
1.6107675e-05
0.113344714
0.99445623
0.9983423
0.43285185
0.0010836177
0.998092
0.52596086
0.00016820179
6.574441e-05
2.3848796e-05
0.417756
0.9994197
0.992226
7.629016e-05
3.481161e-05
0.0005485689
0.000109386994
0.9923105
0.9995919
0.42079705
0.4810848
0.4439957
0.9997178
0.9997621
0.99994826
0.4355295
0.9994295
0.40088862
0.9995726
0.99997544
6.798716e-05
0.00014890307
0.9974305
6.164014e-05
0.9996797
9.632132e-05
9.497755e-05
0.4065728
0.000133971
0.00017667892
0.99699783
0.99999833
0.99985456
0.42608
0.00015166396
0.0012375619
0.000101159065
0.9997416
0.41901615
0.047006715
0.0013881471
0.00011036358
0.9999603
0.50618577
0.9807418
0.40628678
5.8029647e-05
0.00075089186
5.2939453e-05
0.9988391
0.99995613
0.00013056035
0.99936885
0.99961025
0.41824412
0.99995434
0.99569327
0.44169268
0.95745444
6.912665e-05
0.47124863
0.00012227564
0.99988616
0.9649639
0.00012029031
5.6885936e-05
0.9997104
0.99998534
4.8197784e-05
0.99157953
3.798726e-05
0.99997187
0.9959882
0.44330963
3.2749173e-05
8.671677e-05
0.41971958
0.00022276293
0.9999951
0.532568
7.8240824e-05
0.98794717
0.9972645
0.00018010045
0.99895203
0.0009648955
0.00022170009
0.41123974
0.43390092
0.99969673
0.00036282087
0.00013964047
6.955314e-05
0.99994636
0.9997714
0.42980212
0.47779295
0.9439819
0.9999455
0.999728
0.4478705
0.44508666
0.9999455
0.00010719561
0.00017121658
0.49192625
0.40717295
0.9999397
5.249705e-05
3.935193e-05
0.9940936
0.99977785
0.00035289756
0.4293462
3.7664202e-05
0.9454993
0.0005583586
0.9828189
3.8613132e-05
0.99997175
0.41668564
0.41664147
0.5332488
0.00071220734
7.1146904e-05
0.00017716967
0.52640843
0.47597402
0.00029696274
0.9993806
0.9999906
0.96092886
0.4210593
5.28001e-05
0.9982101
0.0006595398
0.9998135
0.4300534
0.0014598742
0.43034378
4.150287e-05
6.336906e-05
3.099266e-05
0.44151875
0.00014124613
0.5192192
0.4199556
0.99831295
0.43413422
0.9985922
0.38224292
0.00111171
5.5138993e-05
8.141414e-05
0.00014351157
0.9988746
9.6473734e-05
0.00018064151
0.4285866
0.999796
0.999995
0.42444238
0.00022019952
0.030352503
0.00028135083
0.9999428
6.180506e-05
0.9999436
0.417394
0.41255602
0.9999136
0.000202658
0.9995534
0.999838
8.3348e-05
0.99789834
0.9919974
0.0001814117
0.49047902
0.00020140839
0.99999654
0.9955615
0.99998355
0.9984712
0.99602604
0.0009084655
3.292862e-05
0.0001416536
0.00022598534
0.0020789732
0.99978894
0.61052793
9.952359e-05
0.34758672
0.00073405955
0.99997115
0.00043532983
6.215526e-05
0.0048877406
0.2980022
0.506117
4.839957e-05
4.6547495e-05
9.382424e-05
0.99916613
9.464628e-05
0.9999981
0.99999523
0.9875108
5.8424554e-05
0.93257064
4.195945e-05
0.42936087
0.4280232
8.590254e-05
0.5279085
0.0007169525
0.4340813
0.00014770066
0.9987488
0.44200826
2.5198637e-05
0.0024534992
9.300517e-05
0.9997118
0.99977535
0.9971384
0.42076075
0.00032191433
0.9874893
0.47000468
0.9994874
0.00017138122
0.9963063
0.89532214
0.43414864
3.421611e-05
0.41006356
0.9998996
0.99972314
0.006541929
0.9996284
0.9966994
0.0022075472
0.0006687507
0.000115532566
0.98874015
0.0005705479
0.80845606
0.9998636
0.0001305697
6.172578e-05
0.0005578835
0.0013261264
0.53834486
0.9964562
0.99981064
0.9929826
0.4337112
0.5299977
1.9815936e-05
0.9994357
0.99953437
0.9999975
0.00013554987
0.00026171978
0.42080313
0.00033980823
0.9984956
0.85137516
2.033266e-05
0.9813184
8.633582e-05
6.5191714e-05
0.9985476
0.4208923
0.5009228
0.9986237
0.00014490742
0.98805076
0.9981042
0.99992275
0.109544195
7.517491e-05
0.99990034
0.99740547
0.45251617
0.00010202679
0.880279
0.99997854
0.98907757
0.9997303
0.9892726
0.99989986
0.9991185
0.0001268721
0.0004919802
0.9926807
0.00016766408
0.0012663582
0.0025922623
0.00016562166
0.00015542339
0.00024846403
0.9998406
0.7039884
0.41179422
0.5137534
0.99948573
0.005190875
9.694127e-05
0.99980444
0.000104822386
0.9999751
0.99995065
0.5016802
0.48598176
0.9980102
7.1264716e-05
0.0004072106
0.999979
0.42458472
5.840366e-05
0.9999738
3.5859008e-05
0.22732823
0.00017176355
6.786189e-05
0.9708765
7.6017255e-05
4.7692014e-05
0.00018270148
0.00017357261
0.41894516
3.15492e-05
0.0007209572
0.9993537
0.9992918
0.4051502
0.00035491935
0.9952389
0.000105807245
4.520631e-05
0.9997907
0.5268306
0.000262508
0.4896928
0.43132296
0.99967825
6.736947e-05
1.0
0.06418277
0.0002435661
0.4083077
0.0010777916
0.42364225
0.000477651
9.088703e-05
4.8122372e-05
0.9929825
0.48973608
0.0001594556
0.99311054
0.0013395688
0.00016220302
0.42322972
0.0002257013
0.99898285
0.5256787
0.9629016
5.2784795e-05
0.00037824558
0.00042271716
0.9967914
4.491827e-05
0.99971193
0.00034961585
0.0024923354
0.6334664
3.5511588e-05
3.4363522e-05
0.999035
0.99994016
0.41976655
0.99945515
0.00041906303
0.00036145755
0.99711764
0.13757484
0.9336513
4.1470666e-05
0.9999188
0.9999995
0.48137298
0.9999546
0.0017908964
0.99998677
0.98295754
0.9999181
0.00019101541
0.0012679832
0.00032980257
0.42974272
6.7625384e-05
0.99999464
9.416088e-05
0.99995923
0.42901906
0.98948634
0.9999825
4.514578e-05
8.989698e-05
9.755183e-05
0.53019345
0.999764
0.9993936
0.99999774
0.64873046
0.49613664
0.9873475
0.00014577595
0.43418014
0.9714966
0.97614765
9.199231e-05
0.9994499
0.9990742
0.9999988
0.99968934
5.0779207e-05
0.0010792455
0.9943421
0.9999976
0.0002092836
0.42722875
0.41845757
0.9999763
0.00015499169
0.0001366677
0.99987113
0.9465042
0.123921394
0.9999424
0.99904066
0.00032288962
3.9318955e-05
0.0014640836
0.99998605
0.99996114
0.45014128
0.99999774
0.49934307
0.9996277
0.999974
0.99819344
9.155578e-05
0.0004553504
0.9999566
0.0007902273
0.00023565585
0.0001239207
0.99948335
5.5393444e-05
8.04272e-05
0.00019801156
0.43603447
0.9999933
0.4110499
0.9942327
0.00037619722
0.51239383
0.0008991881
0.41457158
1.6047198e-06
5.4292454e-06
0.00010275839
5.4731267e-05
0.60925543
0.42229873
0.9969291
7.600116e-05
0.99996006
0.41241944
0.0004969453
0.008041708
0.15113738
0.51249033
0.41302264
0.54700917
6.685536e-05
0.40504053
8.6163345e-05
0.5530247
0.41560492
0.09035534
0.42111307
0.44185424
0.99999845
9.398246e-05
0.9999652
0.9997403
0.98978674
0.9821299
0.00012291907
0.9988016
0.99990976
0.43104336
0.000112489004
0.99991405
0.092887774
0.9998828
0.25576487
0.00013944926
0.5034077
0.9993082
0.43351626
0.99991024
0.00010303842
6.960078e-05
0.00043523518
0.19415049
0.9999547
0.5057177
0.4106189
0.548561
0.999918
0.00013737782
0.99985445
0.999954
0.96988016
0.99166346
0.99008906
0.4243546
5.6241952e-05
0.9996724
0.42137894
0.99984396
0.430828
0.99998415
0.5058676
0.99857974
0.9999927
0.0069355504
0.5010808
1.0
4.4084132e-05
0.99965525
0.00010338023
9.610443e-05
0.0008407884
0.00019547218
0.43106177
0.00054012483
0.5320404
0.4930441
0.99987006
8.155245e-05
0.99734086
0.6534491
0.0001617255
4.3509815e-05
0.9978671
0.9998722
0.42407668
0.9966947
0.9987797
0.9991825
8.565723e-05
0.9999789
1.7000235e-05
0.9994593
5.7950896e-05
5.604268e-05
0.40890294
0.9992532
6.830357e-05
0.9999893
0.4019224
0.9983303
0.4354881
5.8872254e-05
0.99288213
0.9999893
0.00027153984
0.9999982
0.9993425
4.8941816e-05
0.9888897
0.0002746324
0.00027156004
0.44043338
0.42293656
0.75226635
0.15020823
0.5221084
0.49212527
0.9951373
0.4182297
0.56923896
0.00011316433
0.99606776
0.42187983
0.42901117
0.00016439991
0.00018017516
1.0
0.43409204
0.47804058
0.000120383374
0.9999449
0.86245435
8.8291636e-05
0.99963963
0.00024076244
0.4220847
0.995135
0.0006561852
3.191804e-05
0.99924326
0.9999968
0.41959214
0.03328213
0.559602
0.00015977811
0.4200153
0.99993896
0.4429334
0.4256303
0.00083872915
0.0004793324
0.40381992
0.4236941
0.4237995
0.9985202
0.99999404
0.9809871
0.00013421253
0.42108375
0.9944193
1.5513138e-05
0.00082323427
0.955258
8.1463295e-05
0.99956745
0.9999869
0.9999579
0.99995303
0.00014935825
0.00011039853
0.9053604
0.99994946
0.99992
0.99343646
0.49445003
0.4097927
0.9999964
0.00048552966
0.9999465
0.99999905
0.00015903347
0.00014404667
0.00018436149
6.9919755e-05
0.9993498
0.9999794
0.99763286
0.00013652208
0.9999875
0.00080281583
0.53523844
5.7430843e-05
0.9998276
0.998988
0.9996686
0.9999808
0.9994381
2.7741778e-05
0.40577278
0.00025492013
0.99049664
0.9982242
0.5070677
5.3409927e-05
0.99998856
0.99999785
0.6044746
3.021558e-05
0.9997211
0.00019364584
0.84872603
0.9973476
0.9998815
8.6873115e-05
0.43350407
0.99966025
0.0006727422
0.0005705547
4.1375784e-05
0.99987316
0.0003315918
0.33087
0.99917954
0.95253205
0.004567009
0.00027290528
0.9999325
0.999979
5.5923945e-05
0.9998927
0.4724658
3.727426e-05
3.857125e-05
0.0007040342
0.00013037909
0.9986994
0.4199789
0.0018717074
0.9979206
0.99809426
8.064147e-05
0.00051165913
0.9999895
2.2941636e-05
0.9771647
9.030493e-05
8.860548e-05
7.915306e-05
0.0001095324
0.9935535
0.00040539328
9.956593e-05
0.99987173
3.2779262e-05
0.00093143183
0.51709354
0.06492512
0.00017776547
4.3684016e-05
0.42794898
0.43264347
0.99877924
0.99960715
0.99931514
0.0001015444
0.94213533
8.8826615e-05
0.99881434
0.0029520683
0.99993503
0.9997527
0.99945277
0.9968612
0.00014178833
0.00031990124
0.42898607
0.95222986
0.4396117
0.7568264
0.19235192
0.4692791
0.43430966
0.7943041
0.8765567
0.43485922
0.6250102
0.9463523
0.999949
0.50046134
0.99841714
4.6882677e-05
9.217196e-05
0.99614966
0.0011313467
0.00025436052
0.0002576318
0.00022978916
0.9751746
0.9983228
0.99999976
0.9989247
0.00030093436
0.9999963
0.00291417
7.24364e-05
0.00024947978
0.98549205
0.00021039482
8.349341e-05
0.42000148
0.999905
4.6436122e-05
0.41581422
0.00040178315
0.0001535075
9.8770535e-05
8.255752e-05
6.4196865e-05
0.998896
0.00033951906
0.9996424
0.00083065784
0.42323914
0.0002530958
0.99922776
0.2626682
4.2157946e-05
0.00072852685
0.9999932
0.9995136
6.2816194e-05
3.762263e-05
0.00012804274
0.42834914
0.86529833
0.9999634
6.661995e-05
0.9993925
0.97834295
0.9999174
0.00014552956
0.99982256
3.5609697e-05
0.00010783279
0.80212706
0.99799263
0.00014372288
0.40650323
0.9946061
4.0373474e-05
0.00038415528
0.0001360139
0.00035920768
0.9999958
0.9998832
0.0003488245
0.45817345
0.9998666
0.00019469095
0.8372772
0.99989843
8.863049e-05
9.931314e-06
0.99997413
4.0173723e-05
0.0007730405
0.9999076
0.4351512
0.9999809
6.8557085e-05
2.9740651e-05
0.000569407
0.0142725855
0.0005199562
0.9989692
0.39793038
0.00014479182
0.4421802
0.99994814
0.5880579
0.9909741
0.4741134
2.4460294e-05
0.00018733797
0.9999492
1.9609504e-05
0.42857456
0.0017228394
0.43517378
0.9995554
0.42329252
0.2458465
0.99996185
0.42762616
0.00082992285
0.17121002
0.99795
0.9898912
0.000107463755
0.999619
0.00012625636
0.4074955
0.13774197
0.9998908
4.2267806e-05
0.56104374
0.99969316
0.0001230814
0.00012382929
0.9998454
0.00035828052
0.99991584
0.00034944125
0.89976066
0.42611232
0.0001854721
0.9995352
0.00020150578
0.00019882545
0.4882096
0.9999075
0.00011832841
0.00019790059
0.9999664
0.520283
0.9999279
0.9994584
0.5172573
0.99987733
0.55746406
0.00039072023
0.9999709
8.664247e-05
0.44080412
0.001120641
4.0583313e-05
0.9999939
0.00015397249
0.9989598
0.5107064
5.43222e-05
6.793499e-05
0.0002303325
0.00013002029
0.9997551
0.0017277546
0.99987495
0.00014399875
0.4228644
0.4955894
0.9977851
0.99942505
0.99554473
0.00035026856
0.98739064
4.119464e-05
0.00027917925
0.00028658262
0.00091973285
6.272132e-05
0.9999511
0.4067555
0.41766095
5.0017738e-05
0.044489827
0.99960893
0.99976
0.9982496
0.9997398
0.9965785
0.63881385
0.9893198
0.9995035
0.0008255088
0.9757345
0.52630055
0.00011158869
0.6509263
0.9999033
4.956892e-05
0.9998134
8.412911e-05
0.5104915
0.99999774
0.99998856
0.53034824
0.54234576
0.9986638
0.00015180907
0.0003796713
0.0005138164
0.00018475213
0.42197925
0.0002788946
9.676736e-05
0.9998202
0.9987111
0.98504364
0.4208268
0.4273872
0.001317336
0.4331702
0.41112986
0.36541498
0.000100949954
0.99906653
0.0025591552
0.9990433
0.00019646568
0.42099372
0.9999428
0.99943787
0.572178
0.00011934737
0.96424204
0.0004027136
0.97745526
8.021664e-05
0.00019525742
4.4207107e-05
0.43198198
0.99994075
0.00010785871
9.52908e-05
0.49747562
0.99994063
0.5634057
0.00021506831
0.99966264
0.933203
0.99999833
4.9423306e-05
0.00023021614
0.9999856
0.030206447
0.00016115826
0.43769178
0.45668623
0.49145573
0.42074603
0.00061410165
0.99719584
0.48802528
0.00035406873
0.5077904
0.4328458
0.0009131313
3.8069582e-05
0.9999397
0.99993134
0.00068468763
5.953228e-05
0.0020660383
0.9842487
0.005734527
0.997872
0.415333
0.5443436
0.0001103095
7.6071425e-05
0.99978286
0.9999716
0.9997181
0.5668407
0.02437921
0.9998803
0.00011467239
5.7996895e-05
0.00058692734
0.99997413