0.54655063
0.9999633
0.4412531
0.55364716
0.43926924
8.817659e-06
6.204286e-05
0.99989533
0.47355103
0.82685864
0.034729518
3.3121993e-05
8.624966e-06
0.48256752
0.9995746
3.4804572e-07
3.8851346e-07
0.98155606
7.5308762e-06
0.54641396
0.814943
2.9086854e-05
0.44184113
0.00013265898
1.9006818e-06
9.829577e-05
0.53706634
0.9483647
0.44655576
0.9982673
2.5400237e-05
0.43193504
0.4933021
0.5275183
0.4343846
0.43387684
0.5357139
0.99668795
0.9988883
0.9998511
4.414908e-07
0.4622349
0.00013729703
0.43793792
2.0420337e-05
2.5192753e-06
0.5572366
0.9806902
2.6778162e-06
0.99993503
0.9970715
0.00011147957
0.99930465
0.99359494
0.5346232
2.5698796e-07
0.5730135
1.3961809e-06
5.331201e-06
1.2417868e-06
0.5559925
0.99965763
0.55052614
0.45157874
0.78528285
0.7777558
0.54351056
0.000119835
0.787789
0.5573779
0.9994342
2.2636239e-07
0.912796
0.36925873
0.09585573
7.827351e-05
3.645854e-05
0.55419934
0.46049222
0.45105407
0.00046034958
2.0323647e-05
0.43921474
0.99519914
0.9991742
1.9509207e-05
0.55513227
0.99961096
0.9993298
0.9836078
1.5829517e-05
3.329776e-06
0.99936205
0.9918629
0.277582
0.00032233968
0.9998549
0.9741407
0.9999387
0.99987984
0.44363955
0.4395983
9.509013e-06
3.966759e-06
0.44299275
8.3640436e-05
5.180879e-05
0.8567999
0.99834955
0.9999341
1.0255255e-05
0.44404054
0.99995756
1.8075403e-05
0.43230024
0.0006256642
1.518678e-06
2.8184635e-07
0.9920216
0.5991788
0.99952507
0.99984527
5.7077123e-06
0.9997887
6.34557e-07
0.9987697
2.0769121e-05
1.6425287e-05
2.3552993e-06
0.9625255
0.9994319
0.99132603
6.536059e-05
0.96970636
0.000751136
7.2468592e-06
0.4971533
0.9998709
0.4564135
1.7365146e-05
0.9999956
3.2448993e-06
0.8268599
5.446967e-06
0.9036892
2.3915525e-05
2.2501434e-05
0.53652155
2.7510283e-05
0.0015871933
0.9913727
0.979652
0.43899307
0.00023272965
9.065402e-06
0.44514784
0.99996984
1.1250001e-05
6.0528887e-06
0.7758022
0.99983954
0.9998622
0.9457241
0.9993622
0.9991013
6.396755e-07
0.55544686
0.57160884
9.200577e-07
1.2475925e-06
6.462378e-06
0.43350008
0.0001549376
0.44333276
6.739787e-06
8.242898e-05
0.00012855939
0.99997926
3.082103e-07
1.1991791e-06
0.5613711
3.1289812e-05
0.0005801636
0.99976796
0.9424009
0.9930889
0.4398704
0.44709894
4.642089e-05
0.9923767
7.701249e-06
0.9995285
0.9996896
0.9977431
0.00016219066
0.0015980632
0.44398773
0.9956221
5.4706434e-06
4.5949102e-05
0.00029831033
0.99830025
0.999925
0.9998803
0.99834657
0.9999472
6.3837906e-05
0.9997681
1.479623e-05
7.320956e-06
0.43902928
0.43690285
0.9906997
2.395657e-06
0.4539694
0.43473092
1.0059598e-05
0.071644
3.9468094e-07
1.2843951e-05
1.2641728e-05
0.99993503
1.0753322e-06
0.00024410943
1.1899791e-05
0.99907744
0.9874824
7.0432834e-06
0.43569964
1.3938134e-05
0.9991542
0.48363665
0.7122375
0.43654373
0.55791974
0.43248945
0.99993
0.9999902
6.0277785e-06
2.008193e-05
5.267563e-05
0.00015667864
0.9999671
0.9928779
0.9398632
1.4454021e-06
0.43979713
1.13368685e-07
0.43449855
0.33400232
0.9999453
5.4538696e-06
0.826054
0.09636016
3.1830632e-06
9.132573e-06
0.99221814
0.98933405
0.9988236
0.99979323
0.99978393
9.17444e-06
0.99973434
0.9998654
0.42191973
0.0003606282
2.8809824e-05
8.5740334e-07
0.6717305
0.99799144
0.44845542
0.13305785
6.346364e-05
0.00023296254
0.6650676
0.5165872
0.14227478
2.5750096e-06
0.99949634
0.9568613
0.99975723
0.99987245
0.12621199
7.1872005e-06
0.9999614
0.9998975
0.45172465
0.99898213
1.3006185e-05
0.4385441
0.7387072
0.99991906
0.54142207
3.6185338e-06
0.99897313
1.077639e-06
0.47672594
0.99951386
5.33259e-05
0.9945391
0.43784264
1.711088e-06
0.42632526
0.99449366
0.99998593
4.146824e-06
0.552804
2.2583015e-05
0.9991462
1.1997133e-06
1.9744314e-06
0.4077198
0.99990094
0.9992699
0.9997037
9.5034585e-07
4.4799544e-06
6.4138854e-05
0.98633736
1.8647657e-06
1.5393018e-06
5.891483e-07
2.9895938e-05
2.7463243e-06
0.99981946
0.5528019
0.00021335574
4.2250715e-05
0.4417425
0.9889426
0.64551073
1.8885195e-05
0.993996
0.99996865
0.6982971
0.4409518
0.9999701
0.9996239
5.6940007e-06
2.0735753e-05
1.43760735e-05
9.469605e-07
0.9997528
0.514734
0.9997305
0.5651278
0.6063721
0.99144757
0.9998604
0.9962225
0.9894155
5.5365508e-05
0.9992399
0.52244884
0.95815414
0.0007924833
2.3008333e-06
0.5554424
0.99998856
0.5546189
1.661448e-06
0.99053276
0.0001430914
2.6110167e-06
7.857052e-06
0.435838
0.9268579
3.252403e-06
1.967835e-05
0.45254883
0.44527826
2.4461615e-06
0.99980253
1.7027884e-05
1.7161023e-05
1.0897883e-07
0.99940157
0.90095323
3.1787888e-06
9.886223e-05
0.999393
0.96775
0.85654694
3.96965e-06
0.13713993
0.86803657
0.99683064
0.5168099
1.793923e-06
0.9994948
0.54968995
1.1583743e-07
8.721441e-06
0.0019236506
0.45005894
0.9998548
0.98441374
1.9926915e-06
5.693055e-05
5.6988232e-05
0.0002189436
0.9500895
0.99887985
0.5362681
0.5545244
0.4371076
0.9998066
0.9988042
0.99789315
0.44186214
0.9859546
0.4332631
0.9806369
0.99978703
5.7701647e-05
1.5565094e-05
0.9733609
3.588172e-05
0.9999566
9.895643e-06
1.49814805e-05
0.43779567
1.6503873e-06
7.844668e-06
0.99266595
0.99995637
0.9996294
0.53897387
1.5602103e-06
2.4302813e-05
7.1463633e-06
0.99057823
0.43456283
0.14359275
9.425387e-05
7.862389e-06
0.9999565
0.54366136
0.7888382
0.44440603
5.310257e-05
4.4422645e-06
5.4705695e-05
0.99743795
0.9999113
9.116145e-07
0.99856013
0.99873346
0.4449847
0.9998858
0.9965473
0.45425582
0.9532491
9.7052e-06
0.5171466
8.507038e-06
0.9988965
0.94500136
7.018474e-06
2.122258e-05
0.99448436
0.99966216
9.0493806e-05
0.9871082
6.5296053e-06
0.99971765
0.9981213
0.37219158
1.9210122e-05
5.511452e-06
0.44062832
7.207061e-05
0.99968827
0.55229986
2.0829561e-06
0.9472377
0.9948967
1.5425642e-06
0.9994647
1.4223297e-06
2.0312174e-05
0.44597602
0.43426853
0.9971386
1.0427776e-06
1.9436685e-08
6.2344606e-07
0.9997415
0.9998487
0.4377775
0.5344389
0.8678773
0.99995565
0.9973515
0.43468678
0.4471597
0.999938
7.1679183e-06
3.9794944e-08
0.5353774
0.45032132
0.9997347
7.180219e-06
2.3617013e-05
0.99437296
0.99979264
9.8205e-06
0.43083614
1.0662869e-05
0.78688854
3.734745e-05
0.93717986
1.6452565e-05
0.99983907
0.45360827
0.43006232
0.5542584
0.0007016857
8.659579e-05
1.3277753e-05
0.5754543
0.36158895
7.431189e-06
0.99954045
0.9998197
0.9792625
0.50756884
5.7310484e-05
0.9865238
0.0008670027
0.99988055
0.43953896
0.18128158
0.4977939
6.1373e-06
2.8516826e-05
4.9818395e-06
0.4671438
4.2107244e-05
0.5443757
0.4893074
0.9998971
0.43447965
0.98978126
0.43047523
4.1822903e-05
8.108787e-05
0.00029809625
3.2488783e-06
0.99992645
9.374107e-05
5.8289847e-06
0.4553897
0.9993512
0.9999167
0.44777223
7.9768773e-07
7.868965e-09
0.00037719304
0.99944943
5.759549e-05
0.9998716
0.47118646
0.45658153
0.999554
1.102797e-05
0.99759775
0.99897635
2.5616168e-06
0.99008006
0.95936525
0.00019347882
0.54903835
4.519287e-06
0.9999305
0.9757318
0.99993956
0.9931933
0.99123305
5.4893057e-06
1.3284656e-05
0.00018106037
1.6793945e-05
0.0004355421
0.99962974
0.40324813
1.3188544e-05
0.77877545
0.00015481104
0.9998741
0.12497168
1.2759779e-06
0.054625276
0.42096895
0.5535153
1.452582e-05
1.2954364e-06
1.2224647e-05
0.99891865
2.8185868e-06
0.9999902
0.9998883
0.9743849
1.9697877e-06
0.9642915
4.0335955e-05
0.4802948
0.43486246
3.0691403e-06
0.56184244
2.4990053e-05
0.62886983
1.5751773e-06
0.9815151
0.44001436
3.4132408e-06
5.7336503e-05
2.1507121e-06
0.99932873
0.99942124
0.99901617
0.5358129
0.0008225615
0.9295283
0.52554715
0.99968946
2.0055673e-05
0.8529362
0.6241024
0.45033297
2.2039626e-06
0.4469022
0.9986014
0.9998572
1.7824728e-05
0.99964666
0.9961144
2.1011952e-05
4.8777478e-05
1.1565531e-05
0.9976891
0.08096887
0.8012357
0.9995561
6.368863e-07
3.083003e-05
2.6957008e-07
0.00015091497
0.55915374
0.97100294
0.99945074
0.98672706
0.44344172
0.5814187
1.7928661e-06
0.99498785
0.9905935
0.9999851
2.1603111e-07
2.3526684e-06
0.43433395
4.773454e-06
0.9995377
0.48788568
1.1804267e-06
0.95896274
2.6156045e-05
1.4836585e-05
0.9989248
0.54512143
0.53976405
0.999191
7.688627e-06
0.99528533
0.800924
0.9997265
0.12754603
1.5446943e-06
0.998818
0.98368907
0.52832645
0.0005255681
0.73284197
0.9997805
0.99537295
0.9994024
0.9962102
0.9986675
0.9987004
8.891216e-06
1.2261952e-06
0.908822
1.3347848e-05
0.112189405
3.1350657e-05
5.910329e-06
4.608681e-05
6.5589575e-06
0.9995571
0.66742
0.4420106
0.5387519
0.98436165
3.1206503e-07
5.1632423e-06
0.99987495
4.688888e-06
0.99843615
0.9995214
0.5681783
0.539238
0.9991592
2.8163945e-06
0.1892905
0.99995744
0.43953076
5.084881e-06
0.99910456
8.258165e-06
0.3053024
1.6620548e-05
1.095818e-05
0.7387733
0.000102356644
9.5088535e-07
6.5866193e-06
1.9891486e-06
0.4892145
1.7468142e-06
1.4933818e-06
0.980792
0.9986993
0.46023816
4.5791538e-05
0.99926406
1.5691694e-07
2.8625296e-05
0.99929595
0.55247355
6.364531e-06
0.5494321
0.43753073
0.996655
2.0441283e-05
0.99999964
0.12368477
4.7430225e-05
0.43850306
0.24300076
0.45802274
4.0656287e-06
1.1506673e-05
3.013581e-05
0.9859972
0.5440632
1.3386514e-06
0.99375373
4.291518e-06
1.4356043e-05
0.4882615
4.233222e-07
0.99541736
0.54869765
0.9272968
3.1209975e-06
0.27456945
1.4541537e-05
0.9057214
3.997805e-05
0.99935
4.7689697e-05
0.30495858
0.5630068
1.7021632e-05
7.6263573e-06
0.99944025
0.9996352
0.5479467
0.999645
0.0009750694
5.600247e-06
0.9968285
0.31351846
0.9193915
1.7960485e-05
0.99972576
0.9997477
0.5464091
0.99993706
1.4808434e-06
0.9999548
0.89046466
0.9963058
2.143615e-06
5.646135e-06
4.359041e-06
0.53810656
3.002542e-06
0.99978167
1.1417607e-05
0.9999454
0.45078328
0.91500795
0.9998735
2.2512271e-05
2.2646422e-05
3.4864264e-05
0.2729382
0.99822646
0.9985631
0.9999199
0.5491635
0.5758318
0.8444038
5.09636e-05
0.43722183
0.5976674
0.62512386
6.795531e-06
0.9986578
0.99627906
0.9999937
0.99928576
4.2329077e-05
2.2016198e-05
0.9984693
0.9999906
0.00020750445
0.47022378
0.44618574
0.9999255
1.3872029e-05
5.9753584e-05
0.9998964
0.96088964
0.41901323
0.99085534
0.99790263
6.2532513e-06
5.535219e-06
5.9058025e-09
0.99995196
0.99998045
0.43176213
0.9999747
0.5391196
0.9997359
0.9998229
0.9946143
1.2440969e-05
1.2279857e-05
0.99908197
0.000477044
7.560899e-06
5.2871495e-05
0.9488326
8.409951e-05
3.976482e-06
1.4257889e-05
0.43322533
0.9998609
0.44714108
0.986698
1.6826864e-06
0.55327445
2.6386135e-05
0.5378473
1.9187896e-09
7.730705e-06
2.195856e-06
5.080417e-06
0.42039648
0.4551067
0.96042067
7.3128826e-06
0.9974516
0.44205752
2.7215267e-06
1.1890293e-06
0.2599795
0.55903405
0.43601367
0.39671648
8.057105e-05
0.44155297
2.7506114e-05
0.56449586
0.4435848
0.05701065
0.49365115
0.4324855
0.9999349
3.8074754e-06
0.99928576
0.9955388
0.97696805
0.84145796
7.596915e-06
0.99947447
0.9998666
0.50256014
5.3078926e-05
0.9997507
0.15245283
0.999728
0.4266047
3.0297037e-06
0.5454003
0.99974674
0.43685794
0.99825364
5.6255755e-07
0.00022367638
3.9869897e-07
0.11850641
0.9999341
0.5509378
0.43879
0.55800474
0.9970943
0.0005684667
0.99637246
0.9991555
0.95871294
0.9941368
0.9902623
0.43439972
2.6287987e-06
0.9992974
0.47792774
0.9960957
0.45452598
0.9998709
0.55085784
0.99514943
0.99989533
0.17021202
0.5443807
0.99967873
2.5718298e-05
0.9993593
9.956663e-06
3.2637972e-06
0.00023866571
1.812107e-05
0.44073954
0.00040795817
0.55644506
0.540013
0.9995895
5.4921225e-06
0.9451464
0.653705
1.4697931e-06
6.5729523e-06
0.99515545
0.96074176
0.44061518
0.9519385
0.9995517
0.99986196
3.9328916e-06
0.99844545
1.9531544e-06
0.9857027
0.000127525
1.8321805e-06
0.43786782
0.9922781
2.3025164e-05
0.99994004
0.4383645
0.99900657
0.43546858
7.627565e-06
0.9136534
0.9998777
6.6897223e-07
0.999938
0.9991084
8.816238e-06
0.95782626
9.02869e-06
1.9375743e-06
0.44803712
0.5334297
0.84877574
0.10986282
0.5670669
0.53320336
0.98713744
0.48665905
0.5532911
2.471362e-05
0.99169815
0.44355023
0.43113688
4.923274e-06
8.8335565e-07
0.93270415
0.44431788
0.53259754
6.9703547e-06
0.99789953
0.75540006
7.83793e-07
0.99958974
2.9463695e-06
0.46904454
0.9818963
0.00017876118
2.8014174e-05
0.99634784
0.99986196
0.4521271
0.06464015
0.5725934
2.2943408e-05
0.44804105
0.9998988
0.43603903
0.44391084
3.266689e-05
0.00020265242
0.43819916
0.4361904
0.4731248
0.9735059
0.9999064
0.92121744
0.00011115476
0.4411088
0.9028483
1.1854559e-06
3.7362875e-05
0.7305195
8.9321964e-07
0.99829346
0.9999298
0.9998728
0.999813
1.2257814e-05
3.9905112e-06
0.8731039
0.9998153
0.9977082
0.9962825
0.5628969
0.44147393
0.99994457
2.6826936e-05
0.9977998
0.9999864
6.104191e-05
1.2113714e-05
5.5508876e-06
4.04644e-05
0.9986792
0.9996018
0.9568194
1.8574461e-06
0.99977046
0.0004348435
0.546096
3.6563795e-06
0.9991572
0.999079
0.974209
0.99977225
0.97644436
0.00019170238
0.4419155
1.3268817e-06
0.9965334
0.9826491
0.5698811
4.86911e-06
0.99991226
0.9999708
0.5572312
9.203149e-07
0.9997893
9.689654e-06
0.9680614
0.99629945
0.99872667
1.0341784e-06
0.43846348
0.99808323
0.001232314
0.00025470974
3.5907808e-05
0.9998845
1.9401741e-06
0.3778168
0.9931137
0.97162366
2.1067476e-06
0.0006970994
0.9169463
0.9999119
1.392223e-05
0.9995427
0.5290351
1.2878731e-06
2.8488232e-05
2.3413307e-07
9.650768e-05
0.999451
0.43569508
2.2748653e-05
0.95422053
0.9978338
4.6270932e-05
7.9743775e-05
0.99842477
4.849784e-05
0.84065074
1.8414018e-07
1.6152742e-06
2.9564685e-06
4.2775478e-06
0.96282965
0.000104504514
1.1814442e-05
0.99978524
7.5116463e-06
0.00029324339
0.57610404
0.03990356
4.156752e-07
1.1208953e-06
0.42885053
0.4406797
0.9967025
0.99885154
0.9953353
3.8998256e-05
0.9739301
3.113236e-05
0.99448794
9.008797e-06
0.9999081
0.99848855
0.9989279
0.9514153
9.396324e-07
7.0496077e-07
0.44081128
0.96895975
0.44076514
0.48157805
0.5988778
0.7654657
0.444787
0.88338184
0.62333816
0.43331835
0.72820055
0.9065164
0.9999671
0.5413923
0.9985266
1.3986956e-06
5.8989376e-06
0.9379816
3.1521902e-06
6.4995047e-06
0.00010587861
9.4091024e-07
0.87310636
0.9981693
0.99998736
0.9987909
2.3290852e-06
0.99989986
0.00012680788
3.1050372e-06
0.17676015
0.9713695
0.00011542586
1.453099e-06
0.44608268
0.9988784
0.022324178
0.45556688
1.9901238e-06
6.320177e-05
8.394885e-06
7.503146e-05
4.6359844e-07
0.9997322
2.5335364e-06
0.9992663
0.16601814
0.4715238
2.1568476e-06
0.99870956
0.2046571
4.5473103e-06
9.731251e-06
0.9999304
0.98876345
3.8194787e-05
5.198004e-06
4.387699e-05
0.46063817
0.94671404
0.9999192
8.734993e-05
0.9989936
0.9656415
0.9998142
1.6949734e-06
0.99973875
1.3880259e-05
6.106537e-05
0.44434384
0.9992607
8.9512463e-07
0.43378177
0.991109
2.24969e-06
0.00020178495
4.8322004e-06
6.2993e-07
0.99983513
0.9933751
1.9399465e-06
0.43689373
0.9994305
1.4512779e-06
0.4887075
0.99921083
4.0102236e-06
5.7194142e-05
0.99985206
9.575059e-06
3.6554698e-06
0.9988789
0.46561524
0.99993956
3.365269e-06
1.8191075e-05
0.00055690197
2.9654265e-07
0.09792221
0.999724
0.43267733
4.0296766e-07
0.48484018
0.99870133
0.5715766
0.9814875
0.53436977
2.9747787e-06
6.9702685e-07
0.99955815
2.592851e-05
0.4422704
1.7894303e-05
0.4527259
0.99927086
0.45581144
5.598313e-08
0.9997627
0.4574168
1.42759445e-05
0.2976328
0.9817046
0.97246176
5.7939856e-06
0.9609412
3.3838382e-06
0.44423762
0.44704252
0.9988188
2.2557339e-05
0.55420893
0.99814594
1.2767466e-05
0.0006447896
0.9996062
7.6321675e-07
0.99997425
2.302958e-05
0.85479975
0.4394682
2.0582673e-05
0.99121606
0.00016590538
1.0943298e-05
0.54259664
0.99887127
4.0243768e-07
0.2657966
0.9993179
0.57633466
0.9989513
0.99952126
0.53900075
0.99519855
0.5504946
1.2507161e-06
0.9994418
3.7703842e-06
0.45026472
0.00045528053
1.569618e-05
0.999992
2.1644034e-06
0.9947103
0.5507199
1.2378507e-06
2.5645672e-06
5.61746e-06
5.589521e-07
0.99793684
3.5578164e-06
0.99980336
8.868587e-07
0.46723133
0.55265325
0.9957488
0.9979964
0.96735483
4.2344498e-05
0.96980596
2.9285982e-07
9.671315e-07
3.6013548e-06
2.0128788e-07
6.510349e-05
0.8370253
0.44162264
0.47048566
7.651347e-05
0.132395
0.9979062
0.9994437
0.99688786
0.9964637
0.9929236
0.6632504
0.99721104
0.99958485
3.1870452e-06
0.682116
0.5554519
2.8243421e-05
0.20817848
0.9988869
2.4971137e-05
0.9974183
5.6535378e-06
0.5419389
0.99997365
0.9998423
0.5585717
0.54767686
0.9979417
0.00011708323
9.528784e-06
0.00033058075
7.8369885e-06
0.52031356
0.23525189
1.37407715e-05
0.99987376
0.98346233
0.9627094
0.5011149
0.43980706
2.6227985e-05
0.44596198
0.445281
0.43638164
5.021061e-06
0.99679667
0.1134953
0.9995221
0.00025155922
0.6814607
0.99968493
0.9962018
0.5599816
9.09701e-05
0.9436065
1.4194138e-05
0.634545
1.3723184e-05
9.295553e-06
1.5227913e-05
0.44870874
0.99974495
9.341951e-06
1.022468e-06
0.5387619
0.9999604
0.5632765
1.3319237e-05
0.99873453
0.7967158
0.9999994
2.3448361e-05
0.00060528977
0.9997569
2.6549483e-07
3.525575e-05
0.43270665
0.5237195
0.5395887
0.43538165
1.1902625e-06
0.9990709
0.5572881
2.825533e-06
0.5372622
0.4456666
0.11469754
2.9785298e-05
0.99991465
0.9978241
0.00029088737
1.4207016e-06
5.7508596e-06
0.9422372
5.138073e-05
0.9966653
0.5383588
0.5681049
0.00013436095
2.3230129e-07
0.9997749
0.99975604
0.9998056
0.58680034
0.11057876
0.9994326
3.704698e-06
6.931517e-08
0.00029860713
0.8939665