0.53305435
1.0
0.41480675
0.54004467
0.41479313
6.3435614e-08
1.3824862e-06
1.0
0.41478792
0.9522442
3.099476e-05
4.0843145e-07
2.7776263e-08
0.4147953
0.9999999
1.6311653e-10
6.053978e-09
0.9991678
9.7424655e-09
0.5155865
0.8871696
1.4941431e-10
0.4147962
1.7874477e-07
1.4617161e-09
2.6558059e-10
0.5207494
0.996503
0.41485554
0.99999964
6.764088e-07
0.41479868
0.36417538
0.4148249
0.41474897
0.41482535
0.5265152
0.9999802
1.0
0.9999999
9.1354524e-10
0.4062663
2.4778937e-09
0.414807
1.3066214e-07
2.7700551e-08
0.5412324
0.9261468
4.0796852e-10
0.9999999
0.9999759
9.116676e-06
0.9999888
1.0
0.5335067
3.3366099e-09
0.53766274
1.0802716e-09
5.1259313e-10
1.1493051e-09
0.54350644
0.99999917
0.5405472
0.41480863
0.9730804
0.8156765
0.54112095
5.020612e-05
0.92598885
0.53737456
0.9999989
4.886035e-09
0.9864976
0.10004421
5.045461e-07
5.9823314e-08
3.5639854e-08
0.5398734
0.41480368
0.4148419
9.778099e-06
6.285642e-07
0.41482535
0.99999845
0.9999999
6.1432434e-06
0.5438976
0.99999475
1.0
0.99931645
1.9465799e-07
6.1913066e-09
0.9999999
0.9999726
1.9198053e-05
1.0801378e-09
0.9999989
0.9968561
1.0
1.0
0.41480812
0.41481528
7.892567e-08
1.7945917e-08
0.41482806
1.6089686e-08
6.960385e-08
0.9999182
0.99999917
0.999998
7.967497e-08
0.41481876
0.999212
9.450113e-12
0.41480133
9.258777e-07
3.0238123e-10
3.869836e-05
0.99999964
0.7554658
0.9999852
0.99999845
1.2716868e-07
1.0
3.0108577e-10
1.0
4.5896505e-11
5.964558e-08
1.6222613e-09
0.99938285
1.0
0.9996958
5.77714e-07
0.9999229
3.525314e-08
6.340934e-09
0.07094526
1.0
0.41479266
1.247661e-07
0.9999981
3.3188128e-09
0.9998821
2.05707e-08
0.99949586
2.2544585e-08
1.8443256e-08
0.4147721
4.4317307e-08
8.84494e-08
0.99999917
0.96205336
0.41482928
1.2047297e-05
1.3197706e-08
0.41482273
1.0
3.511751e-08
1.3394983e-08
0.9987036
1.0
0.9999994
0.9608757
0.99999666
0.9999995
6.2761835e-10
0.5432327
0.5337487
8.023045e-10
1.7214548e-10
6.3850862e-09
0.41482672
3.9140725e-11
0.24004234
4.8422475e-08
5.4311596e-07
8.547136e-10
1.0
1.5182522e-09
8.009987e-10
0.4518917
2.5257842e-08
3.4612555e-07
1.0
0.9981294
0.99998283
0.4148282
0.41478744
3.5209933e-07
0.9999968
4.8317666e-08
1.0
1.0
1.0
2.7562444e-10
9.13341e-06
0.41481426
0.9999951
0.00023176397
3.2143782e-07
6.57872e-07
0.9999994
1.0
0.99949753
0.9999994
1.0
2.1269092e-10
1.0
1.724095e-08
2.7907407e-07
0.41483593
0.41483584
0.9999999
2.2383695e-08
0.41479084
0.4148072
1.9006572e-09
0.044776905
2.2434077e-09
9.234191e-09
5.5568126e-08
1.0
4.766052e-10
1.708047e-08
1.3940673e-08
1.0
0.99994767
1.5802126e-08
0.4148193
3.2815443e-08
0.99999857
0.414789
0.22980423
0.4148162
0.5306219
0.4148018
1.0
1.0
7.664236e-13
1.6648329e-07
1.1212566e-05
2.9549465e-08
1.0
0.9993808
0.9976203
2.2898583e-10
0.41478243
1.8356292e-08
0.414818
0.02270458
1.0
1.5560168e-07
0.998838
3.6201758e-10
3.4804433e-08
3.7634302e-11
0.9999223
0.9990852
0.99998057
0.9999999
1.0
6.0810555e-07
1.0
0.9999924
0.089600414
4.6206722e-08
1.6414717e-07
1.1980689e-09
0.40621084
0.9999995
0.41483375
0.96033466
3.5878818e-07
1.8018321e-08
0.99982053
0.40429467
0.05472251
7.589987e-09
0.9999938
0.9997707
1.0
1.0
4.4665026e-07
1.7411937e-08
0.99999964
0.99978405
0.41484267
1.0
3.1584136e-08
0.4147926
0.24828671
0.9999999
0.5342004
5.9306813e-09
0.99999666
1.1610842e-09
0.8842769
0.9999927
2.1304171e-10
0.9999987
0.4147903
1.279221e-09
0.8521357
0.9999989
1.0
1.0353017e-07
0.5391011
6.722416e-07
0.99999964
6.006779e-11
1.0552109e-09
0.5945881
0.9999994
0.9999665
0.99999917
2.1671674e-10
2.8639162e-09
4.785263e-07
0.9999757
1.9100734e-09
1.3960202e-08
2.1538037e-10
7.521534e-09
5.502323e-07
0.9999999
0.54208577
5.7041696e-08
1.1643626e-08
0.4147999
0.99982977
0.54264814
9.597594e-08
1.0
0.99999976
0.93040544
0.41480443
1.0
1.0
3.0379958e-08
2.1079364e-07
7.455122e-08
1.251381e-10
0.9999993
0.4147529
0.99999976
0.62790155
0.98495436
0.99997735
1.0
0.9999988
0.9999957
1.3468382e-08
1.0
0.41477275
0.99997914
7.3402507e-06
2.0496463e-10
0.53993976
1.0
0.5424153
8.6582656e-07
0.99991095
1.351753e-09
5.4320846e-09
2.5040808e-10
0.41481113
0.9966203
4.2755918e-08
2.4106855e-08
0.41479564
0.41478202
3.0614e-10
1.0
8.505403e-07
6.1752785e-09
1.795794e-06
0.9999974
0.98936325
7.3003853e-10
1.5145009e-06
0.99999976
0.9999219
0.997919
4.3802922e-07
4.1390926e-08
0.99854076
0.9999999
0.4147867
1.8380378e-10
0.99999726
0.5406128
6.8263555e-09
1.4910158e-08
5.6315745e-05
0.41482136
0.99999976
0.9999894
1.2300489e-08
6.563999e-07
1.5830203e-09
3.5726835e-08
0.9986914
0.99999976
0.41476595
0.5292336
0.4148334
0.99999976
0.9999988
0.99999976
0.41482723
0.9968239
0.41479358
0.99915993
1.0
8.35114e-08
1.4458774e-07
0.9990727
4.673169e-08
1.0
2.7272576e-10
2.6116018e-07
0.41480944
2.3358948e-10
1.4362533e-11
0.9998807
1.0
0.9999999
0.41479048
3.021849e-08
2.3260033e-07
7.51263e-09
0.9999994
0.41481048
0.037624784
1.8071e-06
4.917948e-08
1.0
0.53257203
0.9643578
0.414839
1.2107516e-07
2.8427397e-07
2.169086e-06
0.9999969
1.0
2.8109147e-08
0.9999994
0.99999404
0.41479245
1.0
0.99998605
0.41483715
0.97883576
9.9300564e-08
0.057389583
3.0850826e-09
0.99999976
0.75006527
3.3978464e-09
2.8746038e-07
0.9999994
1.0
5.8182485e-07
0.8228521
5.839203e-09
1.0
0.9999995
0.023904385
1.3081338e-07
5.460776e-06
0.41482362
5.9082555e-07
0.9999999
0.54046077
3.864044e-09
0.99979776
0.99906427
3.236997e-08
0.9999999
4.500997e-08
8.490891e-08
0.41482076
0.4148111
1.0
6.788202e-11
3.6410628e-09
1.7571342e-08
0.9999999
0.9999999
0.414801
0.5156667
0.8913802
1.0
0.9996934
0.41482502
0.41484803
1.0
7.071937e-08
8.2130547e-10
0.5284041
0.41484672
0.9999999
2.075364e-08
2.6401574e-07
0.9993864
0.9999999
3.911524e-09
0.41488153
1.6813823e-07
0.100134365
1.274792e-06
0.7933451
4.915552e-07
1.0
0.41482365
0.4148212
0.5375084
4.9780597e-06
4.0774685e-07
4.054685e-09
0.539597
0.07449685
3.3375027e-08
0.99999344
1.0
0.99088013
0.4148379
1.2126826e-07
0.9958482
2.1034186e-05
0.9895237
0.4147647
0.0002024504
0.41480878
1.3845356e-08
2.0158172e-08
8.2442705e-07
0.4148372
3.6726202e-11
0.5358816
0.41479185
0.99999976
0.41481718
0.9997452
0.4148091
1.355096e-09
6.649415e-07
5.5740957e-06
1.7023186e-09
0.9999919
1.6451701e-06
1.2558306e-10
0.41476187
0.99999917
0.99999964
0.41479507
4.698995e-10
2.7476492e-08
1.06045945e-08
0.99999726
2.1941031e-07
1.0
0.31594428
0.41483906
0.9999989
1.9992135e-07
0.99999857
0.99999976
4.1777968e-09
0.9993331
0.9998965
1.0893951e-08
0.53968585
2.3312847e-09
0.9999999
0.9999995
1.0
0.99812216
0.99983406
4.776757e-09
1.053999e-07
4.3491733e-07
1.9905764e-09
3.3327954e-08
0.99999845
0.93143624
6.499943e-08
0.12541433
6.6183645e-07
0.9999999
5.240454e-07
9.34496e-10
3.265635e-08
0.017089458
0.5329826
4.797815e-08
1.5583781e-07
2.9277096e-08
1.0
1.322451e-09
1.0
1.0
0.99882776
6.3253364e-10
0.9258586
1.4448838e-06
0.4147735
0.41481537
6.743246e-10
0.54016185
1.103034e-07
0.10991016
1.585585e-10
0.9999957
0.08596109
1.1807979e-09
5.160758e-07
3.7727826e-10
0.99998856
1.0
0.9999931
0.41479832
2.091422e-08
0.9412448
0.5129961
1.0
2.9287651e-08
0.9985291
0.9914569
0.41480684
7.1126927e-09
0.4148295
0.999995
1.0
1.3215969e-08
1.0
0.99999213
8.380672e-09
3.599291e-07
9.0749715e-08
0.9999989
3.0278668e-06
0.61272544
0.99999905
2.1570197e-09
4.165116e-08
1.1895558e-08
2.7858318e-06
0.54479134
0.9993888
0.9999994
0.99990726
0.41476226
0.7299955
8.1253084e-08
1.0
0.9999999
1.0
3.597694e-10
1.7097246e-07
0.41482404
7.296738e-10
0.99999976
0.83668005
1.3054187e-06
0.997686
2.2804027e-08
9.497035e-09
0.99999976
0.41475332
0.5284886
1.0
4.414451e-09
0.99961793
0.99994636
0.9999999
0.072325714
2.9867904e-09
1.0
0.9956142
0.23404753
4.0452387e-06
0.7128516
0.9999999
0.9994592
1.0
0.99998283
1.0
0.9999912
5.9520225e-08
2.9067977e-09
0.9947207
6.1847345e-08
7.856167e-07
1.7278684e-07
3.5758333e-08
4.103328e-07
1.0453132e-09
0.9999976
0.6629731
0.41478604
0.5364084
1.0
2.4504505e-09
7.349424e-10
1.0
6.451732e-09
0.9999994
1.0
0.5406179
0.41476315
0.99998116
3.6389034e-09
1.4491906e-07
1.0
0.41483536
1.5209811e-06
0.9999968
1.806237e-07
0.089147955
8.432277e-11
3.4426031e-07
0.9710599
1.3854633e-07
2.296902e-09
6.7496444e-09
1.0393607e-09
0.41482687
2.452087e-09
2.8957155e-08
0.9262621
0.99999964
0.4148285
4.031719e-09
0.9996345
4.7255905e-10
7.1864e-07
0.99999976
0.5423375
7.198182e-09
0.52871597
0.4148095
0.99999976
1.3546023e-07
1.0
0.027428994
2.6256872e-09
0.41481364
1.0885851e-05
0.41478688
1.5188915e-10
3.7007315e-08
5.047044e-07
0.99992824
0.41692907
1.0548327e-09
0.9999168
1.169325e-09
3.912496e-08
0.41478366
2.6233108e-08
0.9999697
0.5401075
0.9998933
5.5998157e-09
3.7821821e-06
8.110646e-08
0.99937457
4.8424087e-10
0.9999968
6.0625027e-10
6.43475e-07
0.53873116
2.3909112e-07
7.88292e-09
0.99998105
1.0
0.41474822
0.9999999
7.967753e-09
4.357268e-08
0.9999989
0.8012194
0.99627906
4.4778602e-07
0.9999999
0.9999248
0.44055155
1.0
8.92203e-09
1.0
0.9999244
0.9999999
1.3670611e-09
1.8259311e-09
2.6640198e-10
0.41476318
5.917134e-09
1.0
2.3798524e-08
1.0
0.4148308
0.99351805
1.0
7.476738e-08
1.2845172e-06
8.05724e-07
0.35926008
0.9999951
0.9999232
1.0
0.5466954
0.41472346
0.74405164
3.440853e-08
0.41479805
0.9997398
0.9120482
5.890927e-07
0.9999999
0.9999999
1.0
0.9999999
1.5371411e-06
5.7327365e-11
0.99998724
1.0
9.155865e-09
0.14216655
0.414817
1.0
4.168969e-09
4.544474e-07
1.0
0.9999019
0.06575154
0.9977557
0.999992
1.5734777e-09
5.632423e-09
1.4646411e-06
1.0
1.0
0.41480753
1.0
0.5391268
1.0
1.0
0.9999982
5.6537983e-09
9.953291e-07
0.9999963
1.0890418e-06
3.2682255e-09
1.7592527e-07
0.9918207
4.7842184e-07
1.8163e-08
1.653816e-09
0.41482008
1.0
0.41481206
0.99756867
5.3722715e-09
0.53640836
5.325213e-08
0.41478398
8.114535e-18
0.015264813
1.8790882e-08
1.1272589e-08
0.13640536
0.41480967
0.9993855
1.7021724e-09
0.9999999
0.41481024
3.3652253e-08
8.083701e-07
0.17945485
0.5370953
0.41479015
0.9520902
0.0009176282
0.41481873
7.040834e-08
0.53173923
0.4148158
0.040841654
0.4147759
0.41478738
1.0
6.923718e-09
1.0
0.9999933
0.99918073
0.992019
6.575584e-08
0.99999845
1.0
0.90508497
1.2612155e-09
0.9999925
0.061162334
0.99999726
0.41472206
9.261561e-10
0.53504497
0.9999939
0.4148086
0.99999976
5.1160665e-10
2.1785829e-05
1.1471376e-08
0.24774991
1.0
0.5381789
0.4148382
0.5432034
0.99999225
3.555259e-06
1.0
1.0
0.99992895
0.9999647
0.99998176
0.41480514
1.051055e-09
0.9999999
0.41480792
0.999998
0.41476488
1.0
0.53725433
0.9999895
1.0
0.00011647923
0.53630435
0.99996066
6.8212097e-07
0.9999999
1.2576338e-07
4.870301e-09
3.8584676e-07
5.0441475e-08
0.41481423
2.5914468e-09
0.5366772
0.52921134
0.99999976
1.7778907e-08
0.99929154
0.33626696
1.0323962e-09
1.2580664e-08
0.9999976
0.9999143
0.41479102
0.9998497
0.9999993
0.99999666
6.905383e-10
0.99999976
1.47588e-05
0.9999893
3.9481606e-07
5.483726e-10
0.4148155
0.9998889
6.6145005e-09
1.0
0.414827
0.99970156
0.41479418
2.1009887e-09
0.99770457
1.0
3.0689022e-09
1.0
1.0
2.408135e-08
0.9118862
1.15042855e-08
2.631537e-10
0.41483495
0.4147938
0.98858905
0.05972784
0.5308986
0.53514266
0.98334897
0.4148295
0.5420731
3.3828658e-07
0.93296486
0.41476402
0.4147882
1.964296e-09
8.3141166e-10
1.0
0.41480106
0.5254619
2.1149372e-08
0.99999917
0.95922303
2.7145233e-09
0.9999995
4.5108328e-10
0.41479498
0.9999999
8.15176e-08
6.751211e-07
0.9999981
1.0
0.4148143
0.017393682
0.53824323
7.2037856e-09
0.414815
1.0
0.4148405
0.4148289
1.624201e-07
1.9481558e-06
0.41482723
0.41480786
0.41483408
0.99993587
0.9998828
0.9999361
8.857006e-09
0.41479498
0.99977416
1.2020911e-08
2.1044012e-07
0.92653316
7.582098e-10
0.9999988
1.0
1.0
1.0
3.485537e-09
7.172964e-09
0.9994085
1.0
0.9999987
0.99984515
0.5432491
0.41482887
1.0
7.986817e-09
0.99999976
0.9999057
4.2509146e-11
2.0328802e-07
7.3201775e-08
8.6992785e-08
0.99712247
0.99999344
0.9997758
3.7166902e-08
1.0
1.0628883e-06
0.5393763
1.491966e-08
0.99999833
0.9999925
0.9999825
1.0
0.99999976
6.572366e-05
0.414826
1.9518173e-10
0.999948
0.9981912
0.41478306
1.1616452e-08
1.0
1.0
0.5414768
2.6183558e-09
0.9999999
2.063598e-07
0.9992131
0.9989901
0.9999999
3.5873884e-10
0.4148283
0.9999981
0.00010010285
1.1245101e-08
1.0193612e-06
0.99999976
1.2151091e-07
0.7568197
0.9999683
0.99592304
1.8131592e-06
7.904778e-10
0.99987483
1.0
2.976345e-08
1.0
0.52454627
1.0713116e-08
2.6900277e-06
2.2647166e-07
3.2014796e-10
0.9999995
0.41481227
5.040541e-08
0.9995448
0.99996483
3.7463449e-06
4.967086e-06
0.99999833
6.0413377e-06
0.9978933
5.2749355e-10
8.830805e-10
3.736179e-08
5.6487433e-09
0.9848549
1.6327412e-09
4.883447e-08
0.9999989
1.2801736e-08
1.5156454e-09
0.5244396
0.007386382
8.4426375e-08
7.9526e-09
0.41477916
0.41478932
0.99999714
0.99999964
0.99999857
1.6921739e-08
0.9981654
3.3549266e-08
0.9999993
2.9433878e-07
1.0
0.9999989
1.0
0.9999404
5.2110644e-10
5.4852217e-10
0.41480675
0.8226742
0.4148086
0.6731827
0.16393924
0.33597586
0.41480705
0.90728104
0.58751744
0.41481227
0.80976784
0.7989872
1.0
0.5350523
1.0
9.196866e-07
2.4767712e-07
0.99967074
4.262661e-08
1.5220795e-09
1.5933613e-10
6.004884e-09
0.98961276
0.99999917
1.0
0.9999995
1.6810169e-09
1.0
8.055934e-07
1.11690035e-08
8.693457e-06
0.98793215
3.2121894e-10
2.4540472e-09
0.4148122
0.9999994
0.00039360655
0.41482526
6.6010836e-11
6.507634e-08
2.016347e-09
1.4367862e-09
9.888202e-10
0.99999285
1.2085231e-09
1.0
1.538433e-06
0.41480607
1.3719922e-10
0.99999857
0.04178564
1.1996472e-08
7.751538e-08
1.0
0.9998191
3.772053e-08
1.5418003e-08
1.0798236e-07
0.4147798
0.9846198
1.0
5.040658e-11
1.0
0.9770875
0.99999964
8.0986884e-10
1.0
3.6980083e-08
1.0238073e-09
0.3626959
0.99999833
4.677427e-10
0.41479638
0.9999368
6.4426695e-09
1.6162227e-10
4.682497e-10
1.2993483e-07
0.99999917
0.9999999
9.335816e-11
0.4148229
1.0
7.395688e-10
0.4956618
0.99999404
1.2599796e-09
1.7610331e-05
1.0
2.404276e-07
2.5565456e-09
0.99999654
0.4147807
1.0
4.2977226e-09
1.3881667e-07
6.175467e-06
2.32894e-07
1.6700008e-07
0.9999989
0.41481766
3.5838185e-10
0.41483518
1.0
0.5649982
0.9993445
0.5337817
1.3602853e-07
5.509737e-10
0.99999666
1.5403871e-06
0.4147889
1.9975757e-06
0.4148353
0.9999653
0.41479436
0.0008587267
1.0
0.414783
1.3934896e-07
0.020405686
0.99755293
0.9997485
1.8043773e-06
0.99982136
2.8348188e-09
0.4148305
0.033747133
0.99999964
1.01525586e-07
0.53931475
0.99994814
4.468134e-08
1.2777301e-06
0.9999999
2.1785687e-10
1.0
1.9453542e-10
0.9415417
0.41482207
5.404821e-09
0.99997663
2.1920242e-07
1.864162e-09
0.52697945
1.0
8.919711e-10
8.753464e-06
1.0
0.53767985
0.99998486
0.99999666
0.5362273
0.9999964
0.5394772
6.5556255e-11
0.99999976
5.570074e-09
0.41482648
9.1593694e-07
7.3380675e-09
0.99999976
2.1587112e-09
0.9999918
0.5405729
2.5489013e-09
5.679533e-09
4.985557e-07
2.811507e-10
0.9999968
5.6534994e-08
0.99998367
1.3285313e-09
0.4147986
0.5354446
0.9972573
0.9999944
0.99585307
1.2933265e-07
0.999263
4.4845883e-06
4.080613e-09
9.688919e-11
4.0583192e-10
5.4447632e-08
0.9999777
0.41482142
0.41478047
1.8997473e-07
0.054296795
0.99999785
0.9999999
0.9999918
0.99999857
1.0
0.9942616
0.9999732
0.99999857
3.03722e-08
0.98948646
0.541015
3.0474274e-07
0.5450959
0.9999999
5.272532e-07
0.999997
2.959181e-09
0.5371355
1.0
1.0
0.54026175
0.5376236
0.9999993
3.136406e-08
6.7485206e-10
1.8573256e-06
1.0629233e-09
0.41478792
1.5217765e-05
2.311949e-07
1.0
0.9999665
0.99933404
0.41477808
0.41480687
5.0664535e-06
0.4147893
0.41481134
0.41397917
4.073469e-08
0.99659216
2.0721284e-06
0.9999896
9.7424095e-09
0.35414267
1.0
0.99999964
0.53916544
6.8016504e-07
0.99826777
3.373954e-07
0.99993217
9.9572546e-08
3.316265e-07
9.433202e-08
0.41482526
1.0
3.469891e-08
4.610733e-07
0.539117
1.0
0.54064244
8.266572e-09
0.9999186
0.98992926
0.9999999
3.9242414e-07
5.3249895e-08
0.9999989
1.4064275e-08
4.1421847e-10
0.41481805
0.52604204
0.41521144
0.41482386
1.869839e-08
0.99999905
0.52492756
1.4129678e-10
0.53716826
0.41479385
2.6334008e-06
8.3419604e-07
1.0
0.9999877
8.427922e-07
2.170722e-09
4.809018e-09
0.9996915
3.237294e-07
0.9988501
0.4147893
0.53980106
3.1736478e-09
2.000153e-08
0.9999994
1.0
0.9999999
0.5698973
0.03485267
0.9999999
1.5930307e-09
2.3940785e-09
7.959218e-07
0.99995923