0.52803946
0.530917
0.37586018
0.5120463
0.37420315
0.3489921
0.33507043
0.5307361
0.3426675
0.5101036
0.3690652
0.3336389
0.33424512
0.37322244
0.5264967
0.36360326
0.3506205
0.44558337
0.35544702
0.51126003
0.52455115
0.3046432
0.35406092
0.32615662
0.33472592
0.3465816
0.49389133
0.51898503
0.42538148
0.54056776
0.32698113
0.3847148
0.5304825
0.39523005
0.3679259
0.3309483
0.5270209
0.5185654
0.5369241
0.52535117
0.34545064
0.5213026
0.30924442
0.3606033
0.33493656
0.3193669
0.54077905
0.51574796
0.31559366
0.52509314
0.51749694
0.34122008
0.5297224
0.5200781
0.47373727
0.3387549
0.50072235
0.3643318
0.34179178
0.37519678
0.52409315
0.52897936
0.51850367
0.35579002
0.5180028
0.5248855
0.5316165
0.34571666
0.5135674
0.52737767
0.53002673
0.35620832
0.5177326
0.47293004
0.38068828
0.31705981
0.31715143
0.5147981
0.37505764
0.35184824
0.36806378
0.34387323
0.38472834
0.52600014
0.52111083
0.34459332
0.5312893
0.5343261
0.4515435
0.43702084
0.3241008
0.32990506
0.5263709
0.5279511
0.3938202
0.37781775
0.51744604
0.5230762
0.53220433
0.5238028
0.36027572
0.37695965
0.34230828
0.33093175
0.3649874
0.30284637
0.33403885
0.52344364
0.52296853
0.54177344
0.37935737
0.3593936
0.5248531
0.33009094
0.37731794
0.35306284
0.33745626
0.3331302
0.5186103
0.50902516
0.40355712
0.44425878
0.36696157
0.5382437
0.3388471
0.5151143
0.33175847
0.37676162
0.33337694
0.51078886
0.5298636
0.5195586
0.3940416
0.47766688
0.32912013
0.35184187
0.4721339
0.53784573
0.3553013
0.37449998
0.51736575
0.3184618
0.5375708
0.33641776
0.5161087
0.36502433
0.31728625
0.4068352
0.45915413
0.35103315
0.5351538
0.5245159
0.36134064
0.3626117
0.3378597
0.3394812
0.5389971
0.3105057
0.34736466
0.5277135
0.5262454
0.52460814
0.41629925
0.49789655
0.53484887
0.33116317
0.5343275
0.53860694
0.36574218
0.31171173
0.337387
0.3831615
0.33271706
0.5183676
0.37396628
0.3041163
0.33045796
0.538061
0.3739735
0.35403287
0.4619077
0.31572777
0.3188018
0.5436771
0.5062493
0.52026093
0.3612761
0.3598594
0.371947
0.5418069
0.32363173
0.54089487
0.5282072
0.53875864
0.36174932
0.3976647
0.37391266
0.50842154
0.35596865
0.31343308
0.3833186
0.52103364
0.5212174
0.48091093
0.5293338
0.54109496
0.3429633
0.5280963
0.3585077
0.40182307
0.3571907
0.38133565
0.53567934
0.4081872
0.37833542
0.35800722
0.3544085
0.5099954
0.34253818
0.36545208
0.3171227
0.5169682
0.38300753
0.30944788
0.34684107
0.52681184
0.5220845
0.3337285
0.35388768
0.31517628
0.5228425
0.34172222
0.51423246
0.3522079
0.53724396
0.37771016
0.5180729
0.527081
0.337363
0.35207936
0.36857256
0.31625745
0.5265598
0.5219614
0.5172579
0.3207622
0.35682258
0.34593856
0.35330462
0.5323877
0.54611707
0.3524895
0.5191482
0.45320648
0.3376868
0.3041184
0.5177728
0.5239904
0.5268518
0.52760184
0.5423247
0.35941285
0.52790797
0.5102672
0.514984
0.3332149
0.36073604
0.35078365
0.51825446
0.5200305
0.43169966
0.42358655
0.3737327
0.32802808
0.53358585
0.534471
0.518073
0.32288176
0.5131269
0.52665824
0.5447727
0.52896184
0.3810059
0.3210015
0.52493703
0.524894
0.3543552
0.5430573
0.3030435
0.39054012
0.5163776
0.5082901
0.5329751
0.3514447
0.5195667
0.3553483
0.53324157
0.52038443
0.35443872
0.5464902
0.39832145
0.3443387
0.52471286
0.5269952
0.5358625
0.34584787
0.51399904
0.38531876
0.52829313
0.32619712
0.3394289
0.53678024
0.52755255
0.5174274
0.51679164
0.3456683
0.3322424
0.35507077
0.5098872
0.31859174
0.33819082
0.38236216
0.32338896
0.33916202
0.5190452
0.53129816
0.32690242
0.33457685
0.3570268
0.52940595
0.5087328
0.36003882
0.53836405
0.5271042
0.4592034
0.36456585
0.51793045
0.54028
0.36814755
0.35381386
0.35318694
0.31966767
0.5238517
0.43440378
0.5222262
0.5171039
0.5191653
0.5424718
0.53946364
0.518015
0.5231216
0.32645115
0.52575517
0.4407506
0.52240074
0.34344158
0.32588685
0.5424162
0.5257923
0.54354006
0.34699222
0.5221513
0.43410847
0.34705383
0.31812194
0.37081474
0.5233577
0.3510091
0.31677097
0.37079054
0.3661842
0.32306924
0.5213108
0.31419277
0.31595364
0.3683048
0.5154448
0.5191237
0.3257855
0.36996424
0.5265728
0.525413
0.52309006
0.33099234
0.40107065
0.50860965
0.5216083
0.40419227
0.3477418
0.48779842
0.53430885
0.33416405
0.344815
0.30268565
0.37596574
0.52507424
0.53123724
0.33540517
0.33403
0.34408054
0.31792715
0.53635746
0.51653904
0.40682137
0.4944669
0.3875167
0.52443
0.5339477
0.52834356
0.4128511
0.5234342
0.37401408
0.52864957
0.5261028
0.31994364
0.3438666
0.51676285
0.32082668
0.51845783
0.35419795
0.34660903
0.35295832
0.3325221
0.3012076
0.5151439
0.54074067
0.5252333
0.4494127
0.337516
0.3877495
0.34664804
0.49348608
0.40221572
0.51730657
0.38487282
0.344972
0.5208747
0.5207256
0.51583374
0.34498322
0.31186655
0.37746674
0.3349957
0.5162404
0.5279671
0.41273594
0.51367253
0.5252122
0.37535286
0.52772754
0.523512
0.39947042
0.4457289
0.35939455
0.5235315
0.33743796
0.5292086
0.522823
0.3148603
0.34878975
0.52227163
0.5336966
0.30322298
0.51442635
0.31802067
0.53858083
0.5147734
0.49357423
0.31224635
0.3745444
0.36580682
0.35635197
0.5103834
0.5300597
0.33214274
0.49162954
0.52154124
0.37582764
0.51882046
0.34954497
0.38140434
0.3389386
0.41702482
0.5445919
0.33074036
0.348889
0.34417555
0.5214593
0.5298773
0.4133271
0.5143459
0.52830386
0.5451434
0.5263285
0.3735725
0.4436718
0.5339328
0.3770961
0.33578545
0.52278715
0.3717177
0.5286714
0.3609453
0.31692696
0.4906219
0.4641584
0.3475548
0.4084385
0.32448244
0.512882
0.37033126
0.52299553
0.32733467
0.5205395
0.36763993
0.3701594
0.52946043
0.2986851
0.31492835
0.34747338
0.52595997
0.5198275
0.40327972
0.50132406
0.5401464
0.4690122
0.38512367
0.30198938
0.52696973
0.35048023
0.48879853
0.36778054
0.38336444
0.4114695
0.31778288
0.31645745
0.35336807
0.4073314
0.31802642
0.5281693
0.35555953
0.47661418
0.3709983
0.5318865
0.35793948
0.37093103
0.29861403
0.36969605
0.3518002
0.511831
0.36458293
0.34699923
0.4010232
0.529131
0.5398267
0.35718957
0.3415329
0.35018757
0.33486012
0.52623564
0.30483833
0.52616835
0.53200984
0.3466074
0.51756406
0.35560554
0.5174609
0.53574085
0.32909092
0.5215382
0.5362028
0.3233589
0.528332
0.35206908
0.5368751
0.5408971
0.5147395
0.5250651
0.5144075
0.34379914
0.31719682
0.31864017
0.33847037
0.40340164
0.5275249
0.45709643
0.33555543
0.51876426
0.3804362
0.5235425
0.4025862
0.31797266
0.43511373
0.5168706
0.5184999
0.33177206
0.35580692
0.34847522
0.5219289
0.3465822
0.5385168
0.5202853
0.51309466
0.349209
0.52853984
0.314972
0.39412913
0.35747913
0.34005558
0.5175548
0.3501103
0.5120441
0.32531103
0.5326078
0.51491207
0.3116127
0.39345345
0.31764495
0.5240653
0.43266106
0.5101997
0.40930802
0.38171822
0.52535564
0.50963116
0.53058994
0.35527024
0.5089923
0.53199315
0.37840474
0.33264226
0.36529273
0.52347285
0.52211154
0.33394155
0.52960116
0.5161721
0.35079587
0.36078295
0.3420312
0.5163073
0.37381294
0.51418394
0.5281852
0.34515125
0.31343842
0.33889323
0.3625687
0.5406518
0.5123063
0.5231016
0.51896167
0.36433804
0.5334459
0.3862884
0.54505473
0.47278696
0.524362
0.3167101
0.33926275
0.40195462
0.357796
0.5212919
0.5077637
0.3716017
0.5144412
0.32812837
0.32068238
0.52403593
0.4161052
0.52269554
0.52476907
0.35212803
0.5175423
0.53072226
0.52568173
0.4824828
0.31114733
0.5166439
0.5150019
0.5251973
0.34666684
0.4767163
0.5285098
0.52206475
0.50493425
0.4885223
0.5396434
0.5230001
0.37866163
0.34969953
0.51366025
0.3579958
0.40979192
0.4017001
0.36529806
0.33056438
0.35874987
0.5255875
0.46583912
0.3759221
0.5340152
0.5362366
0.3508517
0.32955676
0.5237102
0.33380994
0.52985597
0.5407828
0.53214073
0.5122662
0.5245612
0.330925
0.4114941
0.5215302
0.36767855
0.34510478
0.46324423
0.33374754
0.5216106
0.31175944
0.33027318
0.534296
0.32549468
0.32283312
0.3566123
0.33402252
0.36071235
0.33172375
0.35354817
0.5130436
0.5134917
0.36599338
0.35084593
0.510528
0.33680198
0.32925576
0.5295896
0.5403561
0.36041754
0.5148603
0.34331566
0.5261236
0.33119062
0.5586256
0.51602554
0.3367122
0.35363322
0.41312984
0.37157083
0.35347933
0.3350144
0.3397312
0.50714487
0.49998617
0.32669696
0.513965
0.34139657
0.35698968
0.3895177
0.32879356
0.5131095
0.5195186
0.53020656
0.3152068
0.40821594
0.38018176
0.5147552
0.2927671
0.5246806
0.3333589
0.4212308
0.527953
0.3273269
0.30374917
0.5196589
0.5216297
0.39902416
0.5246355
0.34720594
0.36156082
0.53156227
0.5170393
0.5054925
0.32304436
0.5271597
0.5276776
0.5210446
0.5269946
0.40088
0.5294951
0.51540905
0.53179735
0.37027875
0.432867
0.34209606
0.44917053
0.3226532
0.54086345
0.32136443
0.52278507
0.39874008
0.523357
0.52950907
0.33629432
0.32920867
0.32158506
0.520071
0.5410001
0.52385217
0.5328124
0.5238297
0.5295246
0.5234778
0.30986676
0.40618148
0.5255584
0.5109166
0.34628275
0.5204795
0.41983166
0.5300494
0.52405137
0.329534
0.33922476
0.5192624
0.5296724
0.32906777
0.51940686
0.3692891
0.51977026
0.31369236
0.3565516
0.525828
0.4898444
0.52229357
0.5270554
0.5250819
0.3333254
0.32118055
0.3138399
0.5251933
0.53167605
0.40898785
0.5268684
0.52068055
0.52425694
0.53383607
0.52825195
0.3584376
0.33592325
0.5267967
0.36710954
0.3472295
0.3431166
0.53237265
0.29859442
0.36593994
0.32428968
0.39620733
0.5297457
0.38596544
0.5276829
0.3588847
0.52332556
0.3765607
0.42948732
0.40200725
0.3047194
0.3497239
0.33223027
0.5207327
0.35550338
0.5378662
0.31663427
0.53007096
0.35264584
0.3685173
0.38335186
0.4643526
0.51899594
0.34914854
0.5177723
0.3661534
0.37324744
0.33811688
0.5344169
0.35566878
0.50843143
0.33956766
0.39627957
0.53310335
0.3531067
0.5257515
0.51551145
0.5209304
0.52033764
0.35265258
0.44632262
0.52477694
0.46360683
0.31675225
0.52596676
0.51763034
0.52843225
0.41094384
0.34187979
0.52199036
0.48004678
0.39229596
0.5260773
0.3434414
0.36336136
0.34038836
0.520461
0.52283263
0.51888764
0.40114218
0.53573626
0.52789855
0.34731364
0.53935605
0.5306972
0.50588137
0.47458172
0.5036402
0.36165679
0.32660586
0.52828443
0.35397753
0.5310882
0.39166492
0.52183616
0.5429929
0.51532793
0.52742004
0.39518413
0.5303933
0.53384453
0.32734948
0.5255627
0.34412792
0.33591646
0.37676567
0.35467318
0.388746
0.3614901
0.5317452
0.5164294
0.52686214
0.35506487
0.48194554
0.5083246
0.34857523
0.31564927
0.5150943
0.5261712
0.40279227
0.521241
0.5140262
0.50305074
0.31582442
0.52134687
0.32536113
0.5202394
0.36676988
0.3579119
0.35629082
0.5186303
0.3210176
0.52702415
0.36138147
0.5144914
0.37311724
0.33785075
0.50901395
0.5290212
0.35494462
0.51715463
0.521934
0.3329952
0.5246794
0.36612904
0.32472843
0.395536
0.41644228
0.4730167
0.52119637
0.5171136
0.5170961
0.52190745
0.35401154
0.5232738
0.32505143
0.51761556
0.38178998
0.35949945
0.35891852
0.3464977
0.5356754
0.36896423
0.5271632
0.35054076
0.5149409
0.45906204
0.34960306
0.51249903
0.31744507
0.35001907
0.5347227
0.35529834
0.3252438
0.45872375
0.53213197
0.36342508
0.506479
0.5290867
0.31490573
0.3620226
0.5252434
0.38811108
0.3712925
0.35250238
0.34395635
0.36788455
0.37327182
0.3964276
0.5235912
0.5230942
0.5111386
0.31812334
0.37189886
0.5118532
0.34934008
0.37774906
0.53118986
0.3184427
0.51342314
0.5309573
0.5285055
0.52706486
0.31515414
0.3507426
0.5253117
0.5269333
0.51872605
0.5213642
0.5314887
0.36142784
0.47621217
0.39998478
0.5276793
0.5278791
0.3226144
0.36325738
0.34611374
0.3221991
0.51967585
0.48274973
0.51741165
0.44487625
0.5378506
0.37656718
0.5281452
0.342809
0.51430213
0.5223644
0.52555496
0.53592
0.53540754
0.31052977
0.36242938
0.3136513
0.5106651
0.5327101
0.52756965
0.3302398
0.53230286
0.519049
0.5317949
0.32806143
0.5237906
0.36871552
0.51230246
0.5207337
0.52755064
0.32463545
0.38710144
0.5316211
0.3716518
0.35339367
0.31688324
0.5261943
0.35426494
0.45434475
0.52442646
0.45115286
0.38078687
0.35427633
0.5304431
0.5344962
0.3370858
0.5299119
0.5172235
0.34309104
0.33319992
0.34823835
0.33402348
0.49376342
0.38302287
0.40292037
0.52175796
0.52153987
0.33861113
0.3450388
0.5208908
0.30693704
0.50418407
0.32488814
0.33657637
0.35201484
0.3526098
0.5290036
0.33492073
0.33471975
0.52357006
0.31926075
0.35742176
0.525454
0.44061
0.36566076
0.3629308
0.34948596
0.36018553
0.5042785
0.5181802
0.5205316
0.35392416
0.53701264
0.32805958
0.52375174
0.41411158
0.52769756
0.53119385
0.5230073
0.53199476
0.34035408
0.34761098
0.3816276
0.50834143
0.39565748
0.51165164
0.47838658
0.5164363
0.36928934
0.4739076
0.48373693
0.3752435
0.52847344
0.5191812
0.5243578
0.5282692
0.5338027
0.3570259
0.34627205
0.5226838
0.36556506
0.3721817
0.32779446
0.34180683
0.53521365
0.51649225
0.5226819
0.53985995
0.35908508
0.5401229
0.3989037
0.3426738
0.3853627
0.5205423
0.33114612
0.3300561
0.35367447
0.53287804
0.371927
0.36510134
0.34365693
0.31822777
0.33125368
0.30568513
0.34659532
0.5184464
0.36083233
0.5415072
0.4133417
0.36435863
0.34348553
0.524893
0.5208315
0.31794083
0.37790594
0.5274453
0.51448405
0.3168168
0.32140473
0.31154662
0.37159577
0.5125291
0.5203802
0.2978816
0.50984836
0.48642954
0.52363646
0.32561544
0.5358917
0.3190235
0.30405775
0.44085675
0.5290814
0.33085752
0.35744646
0.52404904
0.31596133
0.35750392
0.34034553
0.36078674
0.5277114
0.5369028
0.34290412
0.37824118
0.5426165
0.3473163
0.44145823
0.49801195
0.3197099
0.36510324
0.53996515
0.3475985
0.35033807
0.46619388
0.35404384
0.5035922
0.33157146
0.33522868
0.37612414
0.30848527
0.39729163
0.45295608
0.3718258
0.3220997
0.4118829
0.5375204
0.53641796
0.5203973
0.51492876
0.4098313
0.32717657
0.513081
0.31352273
0.37134328
0.39640525
0.40775213
0.5244717
0.35332
0.29231355
0.5149954
0.35351223
0.38820878
0.5326682
0.5249905
0.5204954
0.34574187
0.51802945
0.3251797
0.36624637
0.53227985
0.5280448
0.33135656
0.52089816
0.516332
0.33025494
0.31495455
0.5247564
0.36019424
0.52618796
0.33945346
0.5122813
0.42618752
0.35584822
0.52840793
0.40527996
0.3206115
0.5057309
0.53977317
0.3220237
0.3890568
0.5450215
0.48623535
0.5183536
0.5271619
0.5263918
0.5203845
0.51532924
0.34246686
0.5291625
0.3355643
0.38314128
0.3633054
0.33039904
0.5425974
0.33060026
0.5122205
0.52581525
0.3129882
0.3314081
0.37761098
0.33306667
0.5175156
0.34239662
0.5230734
0.33362666
0.35319498
0.5194081
0.52120656
0.5208092
0.5235433
0.35249263
0.5270233
0.35108086
0.34065878
0.33129048
0.35091498
0.29625303
0.5226366
0.3721239
0.3528896
0.32337898
0.51693946
0.52331156
0.515609
0.52468914
0.52807236
0.5250682
0.5374238
0.5003839
0.5096581
0.37131166
0.5193933
0.52253133
0.33180183
0.5191634
0.50130105
0.3343417
0.5249422
0.35597634
0.5301921
0.53399426
0.52698374
0.52805924
0.5357713
0.5183526
0.31304684
0.3493014
0.3786406
0.37209812
0.4177374
0.4068552
0.3234962
0.5286302
0.535671
0.52262497
0.33982992
0.3778657
0.36096254
0.37159777
0.3861471
0.49062327
0.3605322
0.5255392
0.4121557
0.48527494
0.32513145
0.4608272
0.5284883
0.5398465
0.5301376
0.34666738
0.48148707
0.3517892
0.5341975
0.31196207
0.38417718
0.33608982
0.37597868
0.5369208
0.33071303
0.36385417
0.52229613
0.52429914
0.52867967
0.33083293
0.52431583
0.51365864
0.5520484
0.33428147
0.3482496
0.4781562
0.37069046
0.31590855
0.3954951
0.47961143
0.52683926
0.40101314
0.35638842
0.51337963
0.4962615
0.33947143
0.5310565
0.35634705
0.41128758
0.31169027
0.52378243
0.51321054
0.37815306
0.33279452
0.35243705
0.5289798
0.4118111
0.5180728
0.39931574
0.52073693
0.3273608
0.3727524
0.52457017
0.52989244
0.51147413
0.54431516
0.49176165
0.5327319
0.35401314
0.32804835
0.34763572
0.52804786