0.6700025
0.7843892
0.22356896
0.8360191
0.20376883
0.10414691
0.078404434
0.8470502
0.18920614
0.5238223
0.3851345
0.09408538
0.13382548
0.22141235
0.7684896
0.1486973
0.19665468
0.7307059
0.14227645
0.6263347
0.6754527
0.13856588
0.17265336
0.08788515
0.1394651
0.12866066
0.7221718
0.63660544
0.19221835
0.8269284
0.11192627
0.1810451
0.67271423
0.27357396
0.2845899
0.16482072
0.79311216
0.6815022
0.9176277
0.7295265
0.1765272
0.6680447
0.088452995
0.20219098
0.12602162
0.1435699
0.85113734
0.76317734
0.1317291
0.7135105
0.69168454
0.081095524
0.70740074
0.7625468
0.6905018
0.16395183
0.6076802
0.1448008
0.12082167
0.15542138
0.76582944
0.7555546
0.7032073
0.2410151
0.5926881
0.754378
0.85333127
0.110917605
0.5808141
0.76027995
0.7366719
0.15428935
0.68638355
0.2842328
0.25289193
0.09860372
0.124077946
0.67480403
0.2238314
0.17076904
0.108023986
0.098795235
0.17579281
0.7677078
0.69159436
0.08194537
0.7981995
0.62097085
0.31373665
0.53921545
0.101563774
0.12020764
0.75763065
0.7986483
0.26081464
0.13281658
0.63639086
0.66095585
0.8476443
0.7068644
0.23099397
0.21077383
0.11923662
0.13803235
0.17662998
0.13265547
0.09982354
0.70699483
0.6598866
0.3987244
0.13256446
0.21895938
0.6631831
0.15655166
0.26379535
0.0931021
0.1284549
0.17462446
0.80639786
0.5662042
0.76235145
0.7297869
0.18653531
0.86217564
0.121971264
0.7072522
0.109384626
0.11934338
0.1459656
0.57094455
0.714022
0.6572729
0.112431265
0.6585684
0.075069346
0.11796948
0.550871
0.78901285
0.21167755
0.14101104
0.8035307
0.13724811
0.8344346
0.14068523
0.26657727
0.1248965
0.112797
0.37315276
0.049646575
0.08113416
0.9017253
0.72778976
0.19146258
0.099067874
0.165752
0.1601055
0.8278164
0.12779573
0.14709578
0.68592334
0.76014924
0.7923702
0.23350777
0.7953884
0.7388204
0.13102841
0.859891
0.7974885
0.13512607
0.15577029
0.117630854
0.22973067
0.16073287
0.59680843
0.15387325
0.10844294
0.15224013
0.7177607
0.1049484
0.13444711
0.28941858
0.12320783
0.08929336
0.8844883
0.62376696
0.7222721
0.18160842
0.17424202
0.11672318
0.8429258
0.11130109
0.85132694
0.82681584
0.8061045
0.1351506
0.10491803
0.19280075
0.6501331
0.31762025
0.111755915
0.17246012
0.73744226
0.6268202
0.67889124
0.7619236
0.8410172
0.1337026
0.8278499
0.1361459
0.13353114
0.19508643
0.13480683
0.91245246
0.053702462
0.19453748
0.17246202
0.10651921
0.43211666
0.1364014
0.09140352
0.041111354
0.7153136
0.102202214
0.080257975
0.13011184
0.7711734
0.6786122
0.16519845
0.18885252
0.12666973
0.6904161
0.18738799
0.6134328
0.21126057
0.7966112
0.27177837
0.6430442
0.7760262
0.20025262
0.10574194
0.113603525
0.09743014
0.69885427
0.6434047
0.3463115
0.14049564
0.16246386
0.5625445
0.17594479
0.720394
0.8709052
0.113820754
0.73445046
0.5867735
0.1499116
0.13140763
0.6799374
0.7202695
0.31525892
0.81016177
0.839164
0.09186356
0.753301
0.6049536
0.4574453
0.16440934
0.1085088
0.16583084
0.6914736
0.72858834
0.17702903
0.23751414
0.116552524
0.09642417
0.79988587
0.76754755
0.6016845
0.12351076
0.7786245
0.76900166
0.8898442
0.8380645
0.29707515
0.1255955
0.63403994
0.65282166
0.1559348
0.8310948
0.113825776
0.22052966
0.6426508
0.61870205
0.84406114
0.1425146
0.66270214
0.16627866
0.7174329
0.6780795
0.16793737
0.87833595
0.21158531
0.1289763
0.65639657
0.7692238
0.7319099
0.24085258
0.7767979
0.13359317
0.7948966
0.13932781
0.12739097
0.8227891
0.8205622
0.6412352
0.7702242
0.13406932
0.10447982
0.11421961
0.79046863
0.14180069
0.1307168
0.18483013
0.1164588
0.12836272
0.86677724
0.7697144
0.14627327
0.16888492
0.21381088
0.7041563
0.7150078
0.10060284
0.83853763
0.7126647
0.64738613
0.21162634
0.74155766
0.7988332
0.13853149
0.10177554
0.10549624
0.14378333
0.7296462
0.37005198
0.7379273
0.62734985
0.5944264
0.8833293
0.82002044
0.68969
0.6657282
0.10190549
0.76629376
0.40481612
0.6966227
0.08797759
0.15415637
0.84203833
0.7261639
0.86397624
0.12782046
0.64813143
0.0756436
0.15461199
0.15864156
0.1630604
0.7070215
0.1224276
0.116953984
0.20009385
0.25198635
0.13749826
0.86075073
0.10473796
0.13658983
0.22655225
0.6924268
0.65314573
0.15627937
0.101060115
0.813872
0.6544043
0.741975
0.21461165
0.2987516
0.63611776
0.7632811
0.39196882
0.16582485
0.7028249
0.84495604
0.11984444
0.13347456
0.6139025
0.20207721
0.7326949
0.7547168
0.12416801
0.10295635
0.10323459
0.116076894
0.756586
0.68012726
0.370752
0.5538729
0.20792174
0.6866771
0.8353816
0.80402356
0.14525491
0.7385253
0.14639688
0.78481555
0.6621738
0.117866
0.102804065
0.6503298
0.13059564
0.85258484
0.11375872
0.10056471
0.19150765
0.15941887
0.1362416
0.81578344
0.91225064
0.76473516
0.34818754
0.15780036
0.11754878
0.14312144
0.6189527
0.21698938
0.37666863
0.11907975
0.108819984
0.7567804
0.77452666
0.6412901
0.16909815
0.112908885
0.12385592
0.102862805
0.6293322
0.8021476
0.06598073
0.76224804
0.7918363
0.2282978
0.753719
0.62626296
0.2508827
0.53024334
0.09290714
0.7255883
0.11903506
0.80617756
0.57945484
0.12734507
0.11909957
0.8154432
0.83679867
0.104743056
0.6293396
0.14787683
0.7883377
0.70604664
0.6138896
0.117385395
0.08291881
0.23085766
0.07618841
0.7861255
0.80725205
0.14518599
0.6881274
0.6677085
0.19096288
0.80285513
0.14932062
0.13538262
0.18951288
0.14736743
0.85455513
0.14176784
0.1504475
0.1747968
0.7653691
0.67922246
0.21281895
0.60850793
0.79869443
0.83408564
0.7305007
0.24958497
0.20620365
0.6696341
0.18162595
0.1540596
0.68389386
0.15324451
0.7035548
0.113690965
0.11307541
0.6098582
0.5543359
0.12806897
0.3170375
0.123136155
0.30710998
0.11819922
0.70511913
0.09736806
0.77645826
0.20504397
0.12981094
0.77848977
0.34284067
0.108750224
0.116293535
0.78204346
0.68134147
0.05513674
0.7039051
0.8974337
0.5426591
0.20571132
0.115742944
0.7422131
0.090770885
0.6802806
0.28567228
0.3002082
0.37623963
0.12976839
0.123191774
0.106414095
0.23022749
0.14747393
0.77454114
0.23107998
0.72461486
0.16183993
0.85814565
0.1852047
0.109051935
0.106697045
0.12597772
0.15595385
0.78938276
0.08192457
0.15172917
0.20442478
0.7290409
0.74927443
0.21264088
0.13384373
0.5374944
0.097284175
0.76809514
0.11647892
0.7523711
0.7122978
0.1846148
0.7123013
0.12977025
0.6922048
0.76875985
0.14580192
0.6755777
0.8326351
0.10393935
0.71556276
0.12454975
0.7201622
0.80884206
0.6678306
0.740942
0.63733286
0.16867687
0.11942821
0.10590263
0.12648757
0.11273876
0.68844074
0.41903734
0.11057513
0.6537283
0.11465608
0.8227357
0.31640708
0.14588515
0.31182462
0.6659585
0.7661029
0.10361086
0.16265492
0.13925213
0.79492617
0.1424348
0.83311784
0.8700971
0.77138144
0.17845388
0.6915673
0.104501754
0.2384386
0.21889102
0.12632605
0.6552102
0.11663813
0.74221295
0.16169396
0.76571566
0.6376931
0.17041413
0.13019599
0.15468654
0.70458806
0.59490854
0.61171144
0.34296384
0.10041401
0.72360504
0.3714968
0.81780183
0.10672
0.6469514
0.688656
0.20486905
0.13815457
0.19222596
0.9246879
0.69281065
0.033618424
0.877052
0.80387664
0.11111848
0.093480565
0.11053107
0.73066723
0.27549103
0.70544493
0.81925523
0.13462318
0.12340765
0.13047649
0.30583006
0.87873065
0.6485953
0.73477215
0.6236939
0.16581929
0.8815461
0.20824175
0.89737475
0.5850098
0.8000808
0.14151515
0.12579158
0.12817489
0.12842655
0.674191
0.55190146
0.10660325
0.79821044
0.1258097
0.13137463
0.6797838
0.34673887
0.69276315
0.7832067
0.100463465
0.6052486
0.68800175
0.6280186
0.49827042
0.14462322
0.6450452
0.81920654
0.80904794
0.11765992
0.69671285
0.7755552
0.68260163
0.6783307
0.6626054
0.8559109
0.7065694
0.18542708
0.14227211
0.65316576
0.10860053
0.30271485
0.13859487
0.11073063
0.082983404
0.12254069
0.7460445
0.5214695
0.20985463
0.7497074
0.9054786
0.1291285
0.15175493
0.71163464
0.11588252
0.81732494
0.805883
0.8805512
0.68371385
0.6789525
0.14415938
0.29549888
0.7252739
0.16876368
0.10462408
0.5891159
0.12485127
0.6115225
0.12666987
0.10573096
0.79357105
0.10770868
0.14359348
0.12293465
0.10881363
0.1916234
0.14059258
0.11035811
0.77580565
0.56977344
0.1376795
0.107699335
0.6033136
0.14074787
0.109815106
0.7834615
0.86668754
0.12997034
0.60275507
0.21028575
0.78064394
0.100132965
0.7189092
0.5232617
0.11668661
0.19692384
0.2825514
0.21391189
0.1398741
0.111459665
0.1151426
0.58136743
0.7002327
0.12871373
0.80269367
0.18455674
0.1081313
0.15731283
0.1432085
0.6544645
0.69675165
0.7052785
0.13669682
0.30986091
0.14608267
0.635774
0.15807833
0.730503
0.12018639
0.252054
0.7800589
0.11517267
0.13349672
0.69088113
0.8897526
0.36123618
0.70702904
0.07979598
0.13512403
0.7571228
0.5857075
0.55463797
0.11459576
0.79497063
0.6579417
0.7126775
0.8060824
0.13261907
0.7836028
0.7339783
0.83734345
0.15636078
0.10422969
0.15427755
0.44576865
0.14074431
0.8726497
0.1112484
0.83369994
0.18645357
0.6672113
0.83051234
0.121455655
0.096764125
0.09358065
0.61679304
0.85886604
0.64551735
0.8294965
0.8026314
0.6701409
0.70307916
0.1025371
0.2275051
0.7250433
0.6080218
0.16966802
0.6986649
0.4013809
0.59229344
0.66036814
0.105653904
0.15423383
0.65253896
0.7736213
0.10204332
0.6113913
0.23648599
0.7981585
0.11391909
0.14148693
0.7000587
0.763674
0.64078
0.7261448
0.6844896
0.1277228
0.12885034
0.2861541
0.78885806
0.8047801
0.3206101
0.75768673
0.76905
0.6978036
0.8403487
0.7288378
0.13269027
0.0719473
0.77294695
0.096417256
0.1803135
0.08147259
0.35101527
0.1049121
0.122144304
0.12179925
0.16663723
0.81808853
0.22223088
0.62535155
0.19267116
0.8281685
0.106754445
0.37200177
0.72232074
0.25488755
0.12553559
0.13713042
0.6182022
0.20526116
0.7980712
0.14516164
0.75565904
0.21428373
0.23464549
0.20311175
0.40885836
0.6612929
0.26282394
0.58608675
0.112038866
0.17508027
0.12135049
0.80381393
0.22244428
0.55990803
0.20777903
0.28022167
0.77268755
0.14929572
0.7672786
0.660397
0.6407987
0.6801533
0.13302648
0.82507724
0.73779345
0.53198814
0.1284821
0.71297085
0.5678508
0.669074
0.27923402
0.12294321
0.70980614
0.63677317
0.21757954
0.7809027
0.15077858
0.12943012
0.1997931
0.5341821
0.75656575
0.6793619
0.13425651
0.78749615
0.7877456
0.12183795
0.92762744
0.8036024
0.68064183
0.6670998
0.70538825
0.19178261
0.12293076
0.7411185
0.20091227
0.75138843
0.20626757
0.6319309
0.87900275
0.60447484
0.7868851
0.29955322
0.8228672
0.55694306
0.11062954
0.70032716
0.12686227
0.14723422
0.08759739
0.10386805
0.19915521
0.11668007
0.73983985
0.7853824
0.7864005
0.11456995
0.5734287
0.58163774
0.121978335
0.13055049
0.8197101
0.2512158
0.22053264
0.6746638
0.7801514
0.5686683
0.15019086
0.7769926
0.1365796
0.85483456
0.17128561
0.17762075
0.19433612
0.71805847
0.13506658
0.9001728
0.16309509
0.5698704
0.17276679
0.14327896
0.6114499
0.811527
0.13822506
0.6899642
0.6442567
0.1318435
0.72364426
0.14390375
0.1325578
0.24619538
0.36038843
0.40590653
0.6570385
0.77637947
0.6321286
0.58126205
0.18924427
0.7915331
0.09779526
0.5865159
0.22027688
0.22644407
0.11712918
0.1307534
0.07855313
0.2016803
0.70837563
0.11578512
0.68041486
0.35782662
0.13251457
0.64283085
0.13137868
0.2173026
0.7360323
0.20361933
0.107060336
0.58325744
0.79475087
0.22759922
0.52352524
0.7826672
0.110838935
0.23127669
0.79294086
0.276771
0.16849358
0.15330577
0.10391775
0.16150346
0.19235308
0.14840622
0.7247135
0.73719543
0.7016311
0.11788519
0.22376096
0.7985523
0.12740709
0.13497439
0.7138086
0.14601041
0.5398679
0.81949466
0.7708345
0.7176114
0.12162763
0.15064463
0.8183072
0.8055483
0.7374852
0.73634434
0.8885244
0.19125372
0.8850385
0.09502798
0.8089189
0.77648795
0.15090811
0.18055807
0.1150502
0.12176403
0.67983586
0.41802475
0.71992314
0.05708099
0.74752134
0.09429056
0.789733
0.1366896
0.64110965
0.70855814
0.744465
0.8054917
0.8065223
0.11032923
0.17706174
0.13444775
0.6919136
0.7935553
0.6652762
0.13743709
0.782621
0.75341403
0.85184723
0.1477498
0.7129279
0.10405305
0.77135575
0.6943902
0.8078012
0.15460396
0.17775819
0.81302243
0.07685826
0.11831576
0.10514961
0.7313068
0.13914576
0.44910106
0.68979245
0.3925982
0.14845829
0.09708494
0.6820705
0.67489916
0.12030246
0.76761633
0.6401744
0.13911878
0.12159326
0.15760545
0.13399836
0.68074566
0.1734685
0.13214688
0.6728416
0.6562875
0.08393912
0.25916156
0.59672344
0.1161352
0.7017764
0.14231458
0.1263176
0.119710036
0.14893971
0.7354747
0.09978573
0.11243714
0.6744963
0.13779773
0.10454799
0.7644267
0.45956314
0.15228444
0.16239716
0.26518846
0.20693412
0.55364656
0.6198763
0.7861774
0.08937117
0.78134274
0.12200191
0.69082165
0.15322542
0.82560295
0.730866
0.7113189
0.7851686
0.12768637
0.13777949
0.21904635
0.73284477
0.1747109
0.6321275
0.59584725
0.59548736
0.19749148
0.57011575
0.6054291
0.1823481
0.827344
0.660725
0.7418887
0.76311314
0.7319302
0.14442256
0.11028791
0.7261343
0.14366847
0.11151833
0.15361628
0.14356185
0.7833103
0.59060776
0.82997864
0.820099
0.13485605
0.7892862
0.14476669
0.19772503
0.30903357
0.7190929
0.115193374
0.1496513
0.24027765
0.8246774
0.2725569
0.20418243
0.13430801
0.09940149
0.146772
0.12791254
0.15431783
0.6837363
0.13416342
0.8304701
0.29746878
0.20880215
0.15796241
0.71260184
0.6292784
0.13835895
0.15123102
0.785523
0.6335681
0.12477804
0.12933788
0.1018098
0.29699424
0.7217614
0.8435625
0.2414024
0.7129608
0.5277884
0.69377553
0.1410676
0.7722686
0.121831305
0.14220312
0.61099035
0.699341
0.12955186
0.14112142
0.75731987
0.1369812
0.11024969
0.15157503
0.16894509
0.69888717
0.8386774
0.13946362
0.24669811
0.8507178
0.14199843
0.3235172
0.6359725
0.14875889
0.19888958
0.84185797
0.16713272
0.14777592
0.73854643
0.20112187
0.7542439
0.14374001
0.120676726
0.09443873
0.22809029
0.24103858
0.5745411
0.24577686
0.13580607
0.21239246
0.8054576
0.9441739
0.72545046
0.6623123
0.06434995
0.1312675
0.54197544
0.114892446
0.21063566
0.14304231
0.25039965
0.77502584
0.21232966
0.61549926
0.706173
0.1785022
0.1315239
0.73890704
0.6397988
0.8463319
0.09084555
0.71235114
0.12268682
0.1838324
0.71209145
0.70770794
0.11362787
0.64653784
0.63818985
0.10674235
0.09908833
0.73356247
0.14375128
0.6955128
0.12611347
0.6269582
0.20940655
0.09775091
0.72936046
0.11965937
0.12624435
0.67373395
0.80747193
0.13702713
0.28126884
0.8716634
0.7479676
0.6819983
0.65956867
0.7512147
0.6458265
0.7532315
0.13461672
0.8559105
0.14095768
0.26920152
0.10093313
0.15803769
0.6958254
0.122568905
0.59665406
0.84805214
0.1427694
0.14440383
0.13753997
0.13970126
0.6595924
0.13330352
0.73018426
0.13504413
0.21129218
0.7288624
0.7596824
0.6989413
0.73429227
0.09430374
0.68447804
0.10302551
0.16503415
0.12890305
0.23008282
0.11294754
0.7430967
0.18329279
0.21576768
0.10982771
0.58404547
0.7378126
0.6243187
0.73181385
0.792882
0.7930956
0.8003119
0.65695435
0.5632546
0.14143528
0.7169601
0.7830408
0.09633322
0.6086862
0.6342506
0.11715492
0.72484195
0.13419017
0.81418395
0.8056921
0.75421625
0.7841474
0.83235836
0.7781409
0.13403979
0.13137154
0.10890136
0.1477487
0.39911464
0.30266467
0.10284549
0.6984809
0.8063978
0.67529565
0.21007112
0.22244796
0.16318794
0.20543544
0.22207561
0.39044407
0.10770488
0.68544257
0.33142364
0.5752933
0.09861361
0.32023725
0.78950745
0.8600502
0.8728984
0.07635055
0.7226353
0.14014865
0.79160714
0.10539424
0.07125604
0.12452129
0.18347764
0.7926417
0.10794777
0.104870684
0.7748
0.7299504
0.80335116
0.117317595
0.6821293
0.6066699
0.7012523
0.119069986
0.10099303
0.7972494
0.16353929
0.1392449
0.25438264
0.5520789
0.75204295
0.12797898
0.15912037
0.78768563
0.81471586
0.13330987
0.8247728
0.21400101
0.29636988
0.107415125
0.7720426
0.6508656
0.098371394
0.14774813
0.15391934
0.7902403
0.14013992
0.5528693
0.3437619
0.87859935
0.12159064
0.10939555
0.7221005
0.75110847
0.63089013
0.88313574
0.5517372
0.82939935
0.1439374
0.1367278
0.090145
0.67329067