0.4505155
0.45087215
0.4501635
0.4509106
0.45013627
0.4492976
0.44961524
0.45104113
0.45047617
0.45042485
0.4499352
0.4496802
0.44971868
0.4500599
0.4513959
0.4495438
0.4498701
0.4507149
0.44929522
0.45033944
0.45078284
0.45001215
0.4504802
0.4495017
0.44960925
0.4501766
0.45047972
0.45053247
0.45032668
0.45114753
0.44951987
0.45041257
0.4510723
0.45077252
0.45029303
0.4504225
0.45020363
0.45036352
0.450979
0.45028773
0.4499085
0.4501414
0.4500047
0.4504128
0.4496539
0.4499785
0.45017502
0.4501817
0.4495228
0.45079342
0.45063904
0.44978
0.45107004
0.45143017
0.4505342
0.45038772
0.4503234
0.44995213
0.44957224
0.44944847
0.45062098
0.45126897
0.4504552
0.4502659
0.4502329
0.45102653
0.45069793
0.44949934
0.4509176
0.45033965
0.45080614
0.4498519
0.4515799
0.45041597
0.44990295
0.44959888
0.44961137
0.45052627
0.4501814
0.4504687
0.44952002
0.44957668
0.45043176
0.45100847
0.45083278
0.4498992
0.4503729
0.45007047
0.45030484
0.4505096
0.44959536
0.4495949
0.45103604
0.45121357
0.44977984
0.44969255
0.450657
0.45058328
0.45058113
0.45113596
0.4504479
0.45038286
0.44971713
0.44962507
0.45042872
0.450078
0.44977027
0.4508652
0.45084685
0.4514893
0.44940192
0.45044884
0.45063645
0.44944632
0.45049337
0.44953436
0.44982895
0.45043033
0.45097235
0.45101017
0.45211974
0.45057884
0.45041266
0.4513101
0.4500194
0.45112237
0.4500501
0.45004424
0.4496188
0.45092547
0.45067683
0.45045146
0.4497872
0.450947
0.44993323
0.44965774
0.45083252
0.4515584
0.45032388
0.44983098
0.45081154
0.44995064
0.4507206
0.4495619
0.45120838
0.44973826
0.4497031
0.45020682
0.4497592
0.4500615
0.45103893
0.45080653
0.4504683
0.44986272
0.44932884
0.45041227
0.45133987
0.4495042
0.44955605
0.45061538
0.45131403
0.45096654
0.4503732
0.45116198
0.4512041
0.44983628
0.45100373
0.45012864
0.45009157
0.4497239
0.44971305
0.45065647
0.44975224
0.4506421
0.44922054
0.4498491
0.44977173
0.45058036
0.45017418
0.44969535
0.45072332
0.44951066
0.4495466
0.45144886
0.45092073
0.45122245
0.4504354
0.4504351
0.44966546
0.4504167
0.4495649
0.4507472
0.45113605
0.45068273
0.45007163
0.4495016
0.4505268
0.45118946
0.44989485
0.44965404
0.44960946
0.4507015
0.45038927
0.4503638
0.4508175
0.45144907
0.44997296
0.45109588
0.4495041
0.44999745
0.45034158
0.4503621
0.45165658
0.4499669
0.4503757
0.45051113
0.44994298
0.45114625
0.44980028
0.44962862
0.44946384
0.45087898
0.44974685
0.44995025
0.44978032
0.4512408
0.45061746
0.44939536
0.4504326
0.44952473
0.45069522
0.45043012
0.45071003
0.45046714
0.45029894
0.450394
0.4507138
0.45129946
0.44977328
0.44949892
0.44980347
0.44968995
0.45066184
0.45050037
0.45053583
0.44963008
0.45023054
0.4493933
0.45047343
0.4503638
0.4512673
0.449814
0.4506399
0.45046753
0.44983006
0.44985628
0.45102963
0.45083317
0.4513728
0.45137095
0.45066184
0.44986358
0.45087966
0.45076004
0.45038182
0.45020643
0.449563
0.4495017
0.45081374
0.450765
0.4503308
0.45016873
0.4496427
0.4498744
0.45124853
0.4504111
0.45099753
0.44970208
0.45058066
0.4511778
0.45131654
0.4513817
0.44969738
0.4498985
0.4509602
0.45098191
0.45050138
0.45155695
0.44968632
0.44997773
0.45023996
0.4507065
0.4502471
0.44963133
0.45086372
0.44945687
0.4508113
0.4506956
0.44991666
0.45086455
0.45023575
0.4496486
0.4507636
0.45120206
0.45093113
0.4499462
0.4505984
0.44997588
0.45123208
0.4496855
0.44983834
0.45050138
0.45104533
0.4509155
0.45091566
0.44963625
0.45005956
0.44966203
0.45164338
0.44984862
0.44965032
0.4495898
0.44959533
0.44988105
0.45135996
0.45045552
0.44974223
0.44998425
0.4505044
0.45089397
0.45084432
0.44977483
0.45085055
0.45056778
0.45082214
0.45042187
0.4510972
0.45096192
0.44947308
0.4496539
0.44950497
0.4496593
0.45047528
0.45014176
0.45079345
0.45079783
0.45053506
0.45073232
0.4509345
0.45104137
0.45075268
0.44962478
0.45133612
0.45010138
0.45088544
0.44950715
0.449518
0.45042688
0.45115742
0.45047158
0.4494643
0.45065778
0.44992307
0.44945526
0.45006868
0.45038268
0.45109323
0.44985524
0.4496151
0.45046413
0.450675
0.4495684
0.45107323
0.44978023
0.4495136
0.45039776
0.45093566
0.45064175
0.44958276
0.44997182
0.45044154
0.45034772
0.45105213
0.4499105
0.44864956
0.45105562
0.45077398
0.45007685
0.44957033
0.4512241
0.45047966
0.45028186
0.44961715
0.45074335
0.45038915
0.45053288
0.45064855
0.44983098
0.44963312
0.44980395
0.44962868
0.4503468
0.4508357
0.45004514
0.45080885
0.449924
0.45077738
0.45067477
0.45119983
0.45033345
0.4505206
0.45058203
0.4506436
0.45092624
0.44958457
0.44962597
0.4508199
0.44963074
0.45105892
0.45001474
0.4497215
0.45037648
0.44958854
0.44983506
0.45117992
0.4508018
0.45079675
0.45019278
0.44976595
0.44955575
0.44998795
0.4510319
0.4498388
0.45023048
0.44966748
0.44960558
0.45046487
0.45029014
0.45100102
0.4504975
0.44955933
0.4499972
0.44954655
0.45087114
0.45045048
0.44960886
0.45105547
0.45079026
0.45015824
0.45086303
0.45038036
0.45013154
0.45067924
0.44954064
0.45068854
0.45004132
0.45132384
0.45037186
0.4496375
0.44957247
0.45083046
0.45123526
0.44943756
0.4504637
0.44996676
0.4515801
0.4509687
0.4506316
0.44980013
0.44979593
0.45043996
0.44965366
0.45118168
0.45051035
0.4495655
0.45129752
0.45039496
0.450098
0.45087272
0.4495416
0.44972906
0.45044425
0.4502243
0.45112237
0.44960153
0.4503643
0.44991058
0.45119858
0.450627
0.4501092
0.450341
0.45033202
0.450688
0.4508707
0.45058444
0.45045504
0.45046422
0.4498519
0.45006347
0.45055646
0.4503912
0.45094427
0.44964385
0.44982934
0.45070007
0.45061058
0.4495375
0.44994757
0.44959208
0.4503175
0.4499021
0.45038137
0.44979998
0.45115495
0.45036185
0.45056725
0.4504204
0.45066842
0.44962704
0.4496058
0.45051572
0.450898
0.4498978
0.45044008
0.45133835
0.4505888
0.4501985
0.44968817
0.4505369
0.44970083
0.45085528
0.45027953
0.44982314
0.45000163
0.44983995
0.4495091
0.44951963
0.45021603
0.44998637
0.45052984
0.45043555
0.45067823
0.45037398
0.45069724
0.45032364
0.4497957
0.44956738
0.44956198
0.44965264
0.4506344
0.44973162
0.44946077
0.45038953
0.4512517
0.45072526
0.45038864
0.4497115
0.44923922
0.4495702
0.450884
0.4495868
0.45087957
0.4500928
0.45048863
0.45113558
0.44963986
0.45106736
0.45107892
0.44966614
0.45021772
0.45086792
0.44950676
0.45069775
0.4494555
0.45055366
0.45077607
0.45105252
0.45075837
0.45078963
0.44935232
0.44985268
0.4499268
0.4495491
0.44978216
0.450622
0.45094788
0.4495601
0.45041877
0.44970903
0.45052364
0.44957682
0.44987908
0.44979912
0.4505338
0.45042467
0.44972518
0.4501039
0.4494593
0.4505435
0.44969568
0.4510569
0.45144868
0.45041442
0.44965875
0.45040363
0.4497268
0.4504895
0.45049104
0.44993806
0.45029056
0.44975865
0.45111325
0.44959095
0.45082355
0.45084772
0.45011973
0.44960213
0.4496268
0.450613
0.4508586
0.45071498
0.45029372
0.45019338
0.45058483
0.4506043
0.45135015
0.44955105
0.4513388
0.450705
0.45041737
0.4501843
0.45044053
0.4491761
0.45047912
0.4495191
0.45137474
0.4507331
0.4499905
0.44970605
0.4496033
0.45098686
0.44991457
0.4506898
0.45058754
0.4497945
0.44957647
0.44964117
0.45002422
0.4503147
0.45099995
0.45052776
0.4509645
0.45034766
0.45077378
0.45027572
0.45088515
0.45080984
0.45073172
0.45008796
0.44962025
0.45026636
0.44967
0.45065823
0.45110384
0.4496494
0.4513621
0.44965553
0.44954216
0.4502841
0.45002818
0.45033655
0.4507606
0.44992873
0.45061234
0.45113277
0.4505912
0.45055616
0.44975576
0.45086774
0.45063555
0.4502532
0.44962314
0.45068508
0.45099345
0.45051688
0.45099884
0.45034167
0.4513304
0.45056275
0.449584
0.45001563
0.4509271
0.44970435
0.4498455
0.4498544
0.4498413
0.4495663
0.44957158
0.4504929
0.45069197
0.45066583
0.45054358
0.45140234
0.44925794
0.44968858
0.4503975
0.44953158
0.4515888
0.45100352
0.45022145
0.4501341
0.45057407
0.44968557
0.44990698
0.45118934
0.45043656
0.44971004
0.45084384
0.44965947
0.45058864
0.44984105
0.44964597
0.45058638
0.4495524
0.44993588
0.4495272
0.45007133
0.45053777
0.45003676
0.44937658
0.45061406
0.4506643
0.45037174
0.44979277
0.45109355
0.45006874
0.44957075
0.45086387
0.4509558
0.4494776
0.44988346
0.45049214
0.4505546
0.4495426
0.4517997
0.4505514
0.44953698
0.45039254
0.44941813
0.4504232
0.44949487
0.44935483
0.44953108
0.45086303
0.45029923
0.44964314
0.45074967
0.44935656
0.44978154
0.4503826
0.4498384
0.4509403
0.45046926
0.4505584
0.44984332
0.45001978
0.44998512
0.4512392
0.45003977
0.4512203
0.44949478
0.44933498
0.4504814
0.44997117
0.44959673
0.4502578
0.45120516
0.4503759
0.4506556
0.44984815
0.44974068
0.45080614
0.45043308
0.45091063
0.44955176
0.4513068
0.4505258
0.44970813
0.4507056
0.44929284
0.45134535
0.45094672
0.45152798
0.44991463
0.44946867
0.44961563
0.45020604
0.44976822
0.4514409
0.44955623
0.4510825
0.45044547
0.45051223
0.45118818
0.44966653
0.4497293
0.44951254
0.45078957
0.45078343
0.45051488
0.45139328
0.45088816
0.4503392
0.45032552
0.44964048
0.45028085
0.45066366
0.45101532
0.44989774
0.45062733
0.45092222
0.45076913
0.4508109
0.44973218
0.4497496
0.45041275
0.4510795
0.4495206
0.4505615
0.45031092
0.45055646
0.44962922
0.44972128
0.45071876
0.45072746
0.45044672
0.45090398
0.45085654
0.4495434
0.44990164
0.44979885
0.45129547
0.45084986
0.4497754
0.45112675
0.4510501
0.45066926
0.45135123
0.45102847
0.44990698
0.4498631
0.45103166
0.44972447
0.44993183
0.4496855
0.45095426
0.4495027
0.44962078
0.44963944
0.45048028
0.4511089
0.4501986
0.450467
0.4500345
0.45057645
0.44959614
0.45051175
0.45141694
0.45054767
0.44980308
0.44979537
0.45049492
0.45039806
0.4508423
0.4495348
0.45108357
0.4504326
0.4501726
0.44953725
0.45049965
0.45043135
0.45026127
0.450549
0.44978812
0.450363
0.44977772
0.4501609
0.45043367
0.4501957
0.45032403
0.45022586
0.45031074
0.4495469
0.45083356
0.45093334
0.45050773
0.45118964
0.4497019
0.45052573
0.45119295
0.45082664
0.44979537
0.45080662
0.45054203
0.45028144
0.45027626
0.44994798
0.4504774
0.45054504
0.4502645
0.451182
0.4498083
0.4498773
0.45007887
0.45009482
0.45056847
0.4506178
0.45053145
0.4507362
0.45092848
0.44953698
0.45075315
0.45104077
0.45069337
0.4506315
0.45076478
0.4503731
0.45018435
0.45074737
0.4504133
0.45069453
0.4503975
0.45115247
0.4500949
0.4511708
0.4511948
0.44982314
0.45076787
0.4521801
0.44956675
0.4507414
0.44962564
0.4496052
0.4495869
0.44959334
0.45035288
0.4501593
0.45033646
0.4503032
0.45089066
0.45000654
0.45103085
0.45053303
0.4500868
0.44989142
0.4505217
0.45137537
0.45007694
0.45076472
0.45049578
0.4505057
0.4495798
0.45132014
0.44993767
0.45173743
0.4501177
0.44967812
0.45038468
0.45118177
0.44951072
0.45146042
0.45036885
0.45041865
0.4503996
0.44981283
0.45087147
0.45110482
0.4501804
0.45166335
0.45069018
0.4495413
0.45038944
0.45007598
0.44963187
0.45032465
0.45027313
0.45062393
0.45060313
0.45023263
0.45038915
0.45051253
0.45053527
0.45061284
0.44951388
0.45045358
0.45018733
0.45022643
0.44956076
0.4495287
0.4535178
0.45054552
0.4504636
0.44960693
0.45140037
0.45048222
0.44975716
0.45071274
0.4495312
0.45018545
0.4509613
0.44973767
0.4496821
0.45101216
0.4512381
0.4503335
0.45029232
0.4502652
0.44963852
0.45033917
0.45085663
0.45021313
0.4503861
0.4498995
0.44972017
0.45036775
0.4502999
0.45047724
0.4506708
0.45111063
0.4506581
0.45006028
0.45023927
0.45138094
0.44987467
0.4495727
0.45054793
0.4498893
0.4507117
0.45102265
0.45084134
0.45089105
0.4495519
0.44944358
0.45081326
0.45099422
0.4514907
0.450644
0.45003927
0.45039913
0.44970557
0.44932744
0.4512578
0.45080677
0.44993418
0.4498882
0.44952002
0.44964674
0.4506807
0.4504205
0.45097744
0.44981226
0.45104408
0.44967046
0.45060936
0.4497129
0.45044497
0.45020172
0.4509428
0.45145562
0.45170042
0.44972977
0.4503739
0.44962198
0.4506453
0.45101866
0.45078686
0.4497128
0.45034012
0.4509325
0.45050535
0.44976836
0.4504029
0.44989938
0.45089716
0.4500478
0.45099276
0.4496532
0.45028558
0.45115703
0.44957832
0.4500161
0.44974092
0.45088854
0.44990364
0.45074472
0.45102215
0.45065075
0.4498644
0.45012197
0.45063615
0.45100093
0.44997922
0.45135862
0.4500668
0.44968465
0.44970557
0.45004907
0.44960597
0.45126536
0.4500472
0.44985384
0.45088205
0.45057273
0.44968137
0.4498191
0.4510079
0.4499658
0.4510365
0.44986242
0.44985402
0.44966897
0.4494307
0.45040482
0.44979426
0.4493502
0.4507303
0.4497113
0.45001224
0.45071968
0.45065188
0.44975245
0.45006102
0.45020938
0.45050377
0.4503324
0.45038685
0.45185253
0.44958496
0.45067343
0.44966757
0.45065996
0.44974554
0.4505857
0.45150447
0.45045775
0.45097676
0.44977003
0.4498049
0.45030773
0.45067206
0.4503018
0.4508342
0.45059165
0.4504565
0.450451
0.45067295
0.45065135
0.45045164
0.45033732
0.45017356
0.45037663
0.45061272
0.45060864
0.44950208
0.44976228
0.4507503
0.44983742
0.44963363
0.44992366
0.44969216
0.45053798
0.45062104
0.45082825
0.4507703
0.44943592
0.45120275
0.44967037
0.4499943
0.44999745
0.45074102
0.44982663
0.44967625
0.4503662
0.45114723
0.44992334
0.45037583
0.44959846
0.44964987
0.44964
0.45009628
0.44991773
0.45020962
0.44940922
0.45084563
0.4498812
0.4503674
0.44952607
0.45061794
0.45036972
0.4499112
0.44994387
0.45127904
0.45080867
0.44960204
0.44992515
0.4496212
0.4505234
0.4505801
0.45135546
0.45009887
0.4514474
0.45052207
0.45109394
0.44966787
0.45079404
0.4498564
0.45020914
0.4506433
0.45083338
0.44976535
0.45051357
0.45081565
0.44984236
0.45013988
0.44946665
0.45000896
0.45063925
0.45142362
0.44964257
0.45066878
0.45168278
0.44960076
0.4503293
0.4507656
0.44959837
0.4499933
0.45123488
0.44968608
0.44940534
0.45099917
0.45013705
0.45093876
0.4497632
0.44966546
0.44972226
0.44954276
0.4494361
0.45068204
0.45042083
0.44971618
0.45026007
0.45109987
0.450531
0.45081386
0.45068496
0.44966513
0.4497775
0.45134327
0.44968647
0.4501916
0.44957113
0.45030987
0.45056182
0.45030555
0.44894984
0.45134637
0.45025486
0.44905925
0.45038697
0.45070636
0.45076856
0.44994977
0.45138416
0.44953197
0.45048466
0.45043355
0.45183697
0.44997033
0.4508943
0.45065656
0.44959912
0.44968936
0.45111826
0.4494654
0.45059803
0.4497861
0.45043424
0.45034507
0.44965398
0.45095742
0.44990316
0.44951537
0.45044866
0.45100218
0.44984245
0.44994533
0.45082837
0.45047972
0.45139903
0.45064166
0.450643
0.45093137
0.45059878
0.44967458
0.4507657
0.44964555
0.4502435
0.4496981
0.45007038
0.45120266
0.44970948
0.45123002
0.45076796
0.44977105
0.44953957
0.4494966
0.4495534
0.45100063
0.44946933
0.45049685
0.44946837
0.4502969
0.45011094
0.4508984
0.45103568
0.45084044
0.44968164
0.45093763
0.4499101
0.44982147
0.45001602
0.45005658
0.44995764
0.45067227
0.45038578
0.4502614
0.44954768
0.4504447
0.45097336
0.45044363
0.45087215
0.4515507
0.45085737
0.4505586
0.45054677
0.45087636
0.4494676
0.4505769
0.45044494
0.4493531
0.45090172
0.45100644
0.44959724
0.450993
0.44983715
0.45057267
0.45102903
0.451514
0.45067856
0.4502178
0.4512737
0.4494001
0.44959083
0.44969323
0.44975272
0.44991463
0.44997296
0.44952214
0.4509352
0.45020786
0.45055646
0.4502884
0.4502416
0.44925788
0.45048338
0.45017302
0.44995764
0.44974217
0.45048857
0.44969895
0.45062858
0.44965163
0.4505621
0.4506791
0.45073667
0.44996807
0.44960064
0.4509215
0.44945323
0.4509293
0.44949558
0.44992095
0.44971183
0.45053428
0.45115575
0.44941837
0.4499637
0.45074618
0.44997448
0.45054483
0.44956443
0.45037428
0.4509868
0.45165426
0.44960558
0.44989341
0.45166665
0.4502582
0.44967762
0.45024043
0.45047328
0.44941607
0.4502014
0.4494042
0.45067972
0.45094138
0.44955066
0.45053005
0.4503881
0.45009452
0.44975194
0.45083278
0.45110792
0.44965306
0.44964686
0.44929582
0.450643
0.4495626
0.45059288
0.45002517
0.45065367
0.44961172
0.4496318
0.45043752
0.45042044
0.4508359
0.45082515
0.45040327
0.45103496
0.44957522
0.45024285
0.4494188
0.45080674