0.6161281
0.99999976
0.38936865
0.6146328
0.39917034
1.353473e-10
3.987818e-10
0.99999905
0.40876815
0.97751975
3.791245e-16
4.0269118e-11
5.1264867e-11
0.41256645
0.99995184
4.9458726e-10
4.6435364e-12
0.007518885
3.297135e-08
0.5559687
0.9274186
8.34495e-11
0.4065275
1.409154e-10
3.0343086e-11
7.819287e-07
0.56125456
0.9968246
0.40923592
0.9999647
2.3148395e-11
0.38936025
0.8877702
0.33586648
0.40594468
0.24329714
0.58401465
0.99950373
0.99999917
0.9999993
9.145664e-11
0.555561
2.6143734e-09
0.3768431
1.131946e-10
4.6131737e-10
0.61508733
0.98250693
3.334863e-11
0.9999944
0.9730357
4.0478346e-11
0.999997
0.9999031
0.55832255
7.7366894e-13
0.60992837
8.133818e-09
7.902019e-10
1.6734072e-08
0.6289842
0.9999981
0.5998197
0.34253517
0.7982483
0.9066611
0.6399778
1.0362491e-09
0.62342304
0.6333714
0.99999917
6.901051e-10
0.6159486
0.11030434
1.1066153e-13
4.9943678e-11
8.9982424e-11
0.6156032
0.31960428
0.3247152
5.734749e-11
2.0874306e-10
0.39081115
0.9999081
0.99999964
8.659122e-11
0.624552
0.99999964
0.9999982
0.54101944
3.296363e-11
4.950315e-11
0.9999958
0.996543
1.5873397e-14
1.6299375e-06
0.9999963
0.9984347
0.9997019
0.99999964
0.37658158
0.29839477
2.7534001e-11
9.851898e-12
0.34522793
3.2596035e-09
4.4731413e-11
0.99907243
0.99998534
0.99987197
6.802819e-08
0.3011953
0.9995943
8.261178e-10
0.4062202
3.4823455e-10
5.094884e-11
2.9052403e-09
0.9999057
0.7743996
0.7630859
0.99988914
9.133367e-07
0.9999994
4.2288073e-10
0.9999627
3.3819603e-09
2.6378436e-10
2.2028232e-11
0.99855703
0.9999914
0.99943477
1.1011726e-09
0.9991078
1.9675657e-09
1.3557468e-10
0.21433838
1.0
0.38790354
7.68003e-12
0.9999988
5.2428825e-12
0.99820685
5.7380208e-11
0.9631189
2.0677876e-10
2.3942326e-10
0.0022557965
4.1886943e-07
9.451347e-10
0.999997
0.99198335
0.1214266
1.524624e-10
3.839442e-08
0.1951144
0.99999976
2.5251494e-11
2.338836e-11
0.9919463
0.99999905
0.99576265
0.09624878
0.99999464
0.99998283
5.789801e-11
0.6734188
0.5875574
1.4269835e-10
7.392172e-11
8.240007e-11
0.38516316
4.615555e-08
0.42840728
1.8362105e-08
2.8545035e-09
1.977141e-08
1.0
1.5965607e-11
9.652324e-11
0.15853292
4.3314585e-11
6.879327e-10
1.0
0.9900893
0.9998925
0.3803606
0.40186638
9.855886e-11
0.99801874
2.3024836e-11
0.999998
0.9999981
0.9999999
8.5040244e-07
3.5288605e-11
0.3473985
0.9980269
3.3560393e-16
3.3934713e-11
4.455551e-05
0.9903886
0.99999845
0.99981886
0.9999939
1.0
1.3042374e-07
0.99999404
9.722552e-08
7.6569755e-09
0.37656373
0.40687954
0.9999763
1.1998755e-09
0.37234724
0.38976315
3.8265127e-10
0.21346012
1.4540824e-10
9.371895e-10
4.740619e-11
0.99999225
3.2230213e-10
5.405027e-09
5.012003e-11
0.99999714
0.99987936
6.595858e-08
0.398552
5.4249757e-11
0.99999166
0.4076574
0.09041476
0.26287445
0.5843692
0.4065446
0.99999857
0.9999974
3.879369e-08
5.314358e-11
2.6325964e-10
3.1967033e-09
0.9999999
0.9997702
0.9893226
3.1160105e-10
0.4069101
1.5496772e-09
0.35540864
0.13274533
0.9999981
2.655107e-10
0.9761021
5.565587e-11
2.3956566e-11
4.4415596e-10
0.99985576
0.98815244
0.98987573
0.99999857
0.9999988
8.547005e-10
0.99999917
0.99998915
0.580974
1.7140081e-06
3.7768866e-10
3.2840267e-10
0.58324176
0.9999391
0.4095225
0.0010056151
1.1773048e-10
1.4835892e-08
0.9785544
0.5703858
0.14207813
1.3190621e-10
0.99997437
0.99926275
0.9999994
0.9999999
3.9183016e-14
7.1967298e-12
0.9999999
0.9999486
0.25547218
0.99999607
3.2613974e-11
0.3878014
0.043381322
0.9999999
0.61265236
2.1500768e-10
0.99996793
2.135073e-08
0.6130017
0.9999273
2.0197446e-10
0.99987364
0.38499948
1.9484289e-10
0.5108673
0.99988484
0.9999999
1.0732791e-08
0.6093431
4.3093806e-08
0.9999989
1.1529295e-10
8.797732e-11
0.6785404
0.99776745
0.9999013
0.9998349
9.418159e-11
9.630299e-10
8.665665e-11
0.998448
1.0547732e-11
3.842169e-11
4.830456e-09
2.0597574e-10
1.4026907e-11
0.9986939
0.61008877
1.2079959e-05
7.3487007e-07
0.34686053
0.9955011
0.66609955
6.795719e-10
0.9999378
0.9999993
0.7448179
0.3828616
0.99999964
0.9999994
1.2823143e-08
2.1094922e-10
5.821116e-11
3.0069036e-10
0.9999982
0.06257289
0.9999982
0.6389829
0.97821987
0.99988294
0.9999999
0.9999672
0.99996877
7.397941e-11
0.9999999
0.055092726
0.9999565
1.3248867e-10
5.941636e-11
0.62912285
0.9999981
0.6378667
5.583817e-09
0.9938992
3.077894e-07
6.627681e-10
4.2997993e-08
0.33509058
0.9941947
1.4619078e-10
6.11231e-11
0.35335034
0.39778396
2.644554e-10
0.9999976
2.0236637e-09
6.4443825e-11
6.1566965e-09
0.999977
0.9450019
1.8837262e-10
5.3250675e-09
0.9998709
0.99996173
0.9888021
8.1509475e-09
6.815842e-13
0.99409467
0.9999281
0.0014967168
2.7314778e-07
0.9999572
0.64847344
1.0005744e-11
5.0950785e-11
9.2527325e-14
0.39867362
0.9999951
0.9996171
4.7590917e-11
7.2544197e-12
8.0694e-08
3.374291e-10
0.999193
0.9999962
0.003885656
0.5638059
0.41256535
0.9999645
0.9999559
0.99997365
0.4027218
0.9889577
0.407614
0.9978042
0.9999951
4.0475644e-11
1.8518036e-10
0.9986206
3.3526314e-11
0.99999845
1.3152467e-09
7.3429224e-10
0.37970167
1.138142e-10
5.09683e-10
0.9995345
0.9999982
0.9999974
0.14122646
6.742307e-10
1.4446461e-08
9.312341e-11
0.9999695
0.40066707
0.0035197104
5.301397e-08
2.0161912e-11
0.99998796
0.57800645
0.94344074
0.19409476
4.5959927e-11
2.6965843e-10
5.877176e-11
0.9999454
0.99999666
1.3058722e-10
0.9999901
0.999818
0.38483334
0.99999976
0.99990785
0.39731225
0.9513835
1.8624975e-10
0.36489064
4.342115e-10
0.9999839
0.92414373
6.12648e-11
4.756045e-10
0.9999783
0.9999995
9.762336e-12
0.5029111
9.211937e-09
0.99999976
0.99996054
0.1966938
1.0847841e-11
6.952994e-12
0.38570455
5.61212e-10
0.9991854
0.64480126
4.4587795e-11
0.99935776
0.9983866
3.0046933e-12
0.9999716
1.4151025e-08
9.075067e-10
0.31235167
0.3902675
0.99999666
1.5310497e-10
4.0418206e-13
6.5962698e-09
0.99999714
0.9999994
0.389655
0.5574789
0.9227631
1.0
0.9996263
0.39526954
0.40982023
1.0
1.7487914e-09
2.5355581e-12
0.57700974
0.27563223
0.99999964
4.159091e-08
1.5592194e-11
0.991463
0.99999845
1.6209345e-09
0.40205142
1.4621637e-11
0.5919287
1.5233625e-10
0.95883524
2.2245933e-11
0.999982
0.39170805
0.4051279
0.62861943
2.8916747e-12
7.0909445e-11
4.1284995e-10
0.6164241
0.6179927
5.2627225e-11
0.99855894
0.99999964
0.9591815
0.3787858
2.1637588e-11
0.98720205
1.3848201e-09
0.9988392
0.4071068
2.5967613e-16
0.04507629
2.0162372e-11
4.4555405e-11
1.0695903e-12
0.40201578
1.0953493e-09
0.6026451
0.40074968
0.99995506
0.40068376
0.99867517
0.41053325
3.039909e-08
2.7355136e-11
1.7228958e-11
2.679973e-09
0.9999752
4.6662524e-10
3.063133e-11
0.3982667
0.9999808
0.9999995
0.39407054
1.3095137e-10
3.7499965e-14
2.1546553e-09
0.999902
1.4811185e-11
0.9999995
0.56291384
0.27529034
0.9999809
1.1437097e-08
0.9989392
0.99996924
3.3661962e-11
0.7189794
0.9993419
1.1485644e-09
0.5802495
1.2354413e-10
0.9999999
0.9999702
1.0
0.99975497
0.9996014
1.5462678e-08
8.536276e-12
3.7809123e-08
3.8633843e-11
7.198211e-07
0.9996809
0.9771863
1.0897644e-09
0.23771264
1.5258147e-09
0.99995077
4.744773e-14
8.186772e-12
3.883248e-12
0.5506974
0.5957264
2.3573641e-11
2.1564962e-10
6.5887845e-10
0.99986815
7.962939e-12
0.99998605
0.99997866
0.9981667
7.797332e-11
0.9516571
3.7603736e-11
0.40613332
0.37220827
1.6719762e-10
0.63181424
1.3512755e-10
0.99971074
2.1517835e-10
0.99956447
0.42456177
5.3238264e-10
1.7751096e-07
7.442608e-11
0.9997818
0.99999976
0.9999782
0.0025916607
2.4137579e-09
0.7724536
0.55204433
0.99999523
2.2090471e-10
0.9729244
0.9840029
0.37693506
5.5750504e-12
0.3546564
0.82850856
0.99999964
4.7905893e-09
0.99999714
0.9998287
6.42877e-07
3.9658474e-08
3.58595e-11
0.99990165
7.9379706e-14
0.7738802
0.9999136
2.1287477e-10
5.2846102e-11
2.5774767e-09
1.4913008e-11
0.64949113
0.99630105
0.9994741
0.99933904
0.4006367
0.6545871
8.024177e-10
0.9999807
0.9999926
0.9978942
2.3218438e-11
2.185191e-09
0.4062035
1.4731777e-09
0.9999988
0.91333437
1.8816004e-10
0.98996675
9.0001e-10
8.8802056e-11
0.9987897
0.15060212
0.57542616
0.9999831
8.434304e-11
0.9994785
0.9953816
1.0
0.17613263
8.1461525e-11
0.9999969
0.9873741
0.60970825
2.2155104e-11
0.9223222
0.9999515
0.99976736
0.9997209
0.9997358
0.99999905
0.99993134
1.8229479e-10
6.9370526e-10
0.93745095
8.7050633e-10
9.346189e-14
1.6220458e-08
3.218408e-10
3.0794903e-10
2.8876046e-10
0.9999579
0.64657027
0.39341968
0.59872013
0.9999949
3.656696e-08
1.4367643e-09
0.9999995
7.6689675e-11
0.9998895
0.9999994
0.6480387
0.5487443
0.9999769
2.4727309e-11
3.043417e-13
0.9999931
0.38854936
9.37793e-12
0.99881846
6.5784565e-12
0.5004984
2.3467778e-10
2.9167193e-11
0.9905252
2.6336645e-11
4.3916854e-12
1.06741886e-10
1.9708436e-10
0.3842667
5.630781e-12
1.3763602e-08
0.99727255
0.9999994
0.06379403
6.7308326e-10
0.9999274
4.7405985e-12
1.9760485e-11
0.9999745
0.625758
5.7508567e-09
0.57433766
0.37627134
0.9996469
1.5214577e-10
1.0
0.00078897044
3.8334086e-10
0.35774282
9.652387e-13
0.3789879
2.8627967e-09
3.7874476e-10
4.2673243e-11
0.9996449
0.54607785
2.260065e-11
0.9987914
7.559935e-09
5.383657e-09
0.40776026
2.1140194e-10
0.99963784
0.6124389
0.9998852
7.418455e-12
3.1404854e-10
6.66085e-09
0.98904884
4.7265933e-09
0.9999813
5.5451504e-10
3.899871e-10
0.60701853
1.5196181e-11
6.9601993e-12
0.9998652
0.99999094
0.30796638
0.9999993
3.885195e-09
4.0127502e-11
0.9997335
0.1373842
0.99758995
1.9875053e-11
0.999992
0.9956944
0.58867854
0.99999976
1.1733329e-07
0.9999598
0.9984371
0.9999844
4.5567657e-11
1.1684302e-06
8.442657e-11
0.010848725
2.7137027e-11
0.99999976
4.0227204e-11
0.9999167
0.3458853
0.9954978
0.999998
3.7148135e-11
8.0045914e-11
9.739056e-11
0.13196656
0.9998915
0.9996959
0.9999988
0.6693655
0.6082003
0.6846741
1.061859e-10
0.3223844
0.98755276
0.85283744
1.1176019e-11
0.999998
0.9997328
0.99998605
0.99999774
1.466597e-10
2.7288213e-08
0.99997294
1.0
7.80488e-10
0.34130734
0.35443977
0.9999882
1.4499724e-10
3.411479e-08
0.9999994
0.99981433
0.61696243
0.9988943
0.99933004
1.3265435e-09
7.591916e-12
1.0459792e-13
0.9999999
0.9999999
0.3678821
0.9999951
0.5865096
0.9999994
0.9999989
0.9982672
1.020911e-10
1.4231681e-09
0.9978759
2.0549553e-09
7.212305e-07
1.3922404e-10
0.98393804
1.837192e-11
2.1026582e-11
1.2022597e-10
0.3823152
0.9999906
0.38575172
0.9999627
6.960292e-08
0.62399846
1.4234625e-07
0.011321219
9.737634e-13
1.8494454e-14
9.408145e-10
3.3396435e-11
0.42568576
0.3916491
0.99965954
7.141273e-11
0.9999827
0.37958726
2.1772048e-07
7.0365482e-09
0.02765647
0.5864303
0.40616906
0.9820471
5.112555e-10
0.40100265
5.3979154e-10
0.6486661
0.3465054
0.001363339
0.40120363
0.40812176
0.9999968
3.1651345e-10
0.9999871
0.99994814
0.999496
0.9721265
7.073492e-11
0.9984034
0.99999595
0.358947
5.2490588e-11
0.99991417
0.014755312
0.9999813
8.488027e-06
7.297403e-11
0.60282433
0.9999099
0.3927235
0.9999585
1.7677955e-10
3.888175e-09
4.5749797e-13
0.0058814897
0.99999475
0.5722042
0.40548787
0.6762264
0.9999819
2.5398142e-11
0.999998
0.9999931
0.9998011
0.9992046
0.9986987
0.39420232
7.0153536e-11
0.99999845
0.38954931
0.99984705
0.4027371
0.9999951
0.6185683
0.99972457
0.99996996
7.624879e-14
0.61223865
0.9988751
2.0812753e-11
0.99999833
1.149224e-09
9.78346e-11
3.3202419e-10
1.2096293e-10
0.37053385
4.3183883e-09
0.62634605
0.59190565
0.99999547
1.6497446e-10
0.9987197
0.55582094
1.9123918e-09
1.486629e-11
0.9987733
0.9650872
0.3193678
0.99873275
0.9997609
0.9999962
8.433065e-11
0.99995875
1.2664244e-13
0.9996463
7.018798e-10
9.7243914e-11
0.3739293
0.9991037
5.1256263e-11
0.99999785
0.34906358
0.99946755
0.39916128
4.421943e-09
0.9970715
0.9998288
2.7588517e-11
0.99940145
0.9999945
2.8164703e-11
0.9653073
1.1636576e-10
1.5560584e-11
0.37985122
0.008146626
0.98494697
0.15542865
0.5942202
0.58977824
0.9836627
0.3916905
0.60656667
5.284953e-11
0.8232623
0.3942103
0.40985057
2.015777e-10
7.415148e-11
0.9997423
0.37804225
0.6011852
4.6456564e-11
0.9998555
0.09605474
3.8535668e-11
0.9999987
4.0541164e-11
0.3584006
0.9999585
3.1156948e-14
1.6038492e-11
0.99998987
0.99999976
0.3663995
0.008005463
0.6247278
1.3429301e-10
0.3552378
0.9999974
0.38904715
0.398391
5.5415815e-12
2.2214057e-10
0.3627678
0.37747306
0.39160812
0.9962714
0.9988236
0.99454194
6.834748e-07
0.39145443
0.9826695
2.360947e-10
3.705453e-10
0.59127784
8.858496e-12
0.9999958
0.99999964
0.9999995
0.99999905
3.087711e-11
6.10545e-10
0.9392409
0.99998856
0.99993515
0.99307793
0.6630621
0.3851116
0.9767247
1.4081365e-09
0.99998355
0.9999796
1.669138e-09
6.828571e-07
4.070366e-10
8.974554e-11
0.99841905
0.99932814
0.9956279
3.2453581e-10
0.9999999
1.7258511e-09
0.61764246
8.425103e-12
0.9997472
0.9999864
0.99889475
0.99999976
0.9999795
2.3160607e-09
0.3661486
2.3334088e-11
0.9994925
0.9992466
0.58411074
2.0561568e-11
0.99999976
0.99997926
0.6418
6.4014753e-09
0.9999957
7.4492446e-10
0.9998425
0.9991572
0.99997795
8.927264e-11
0.40762347
0.9999913
2.7424696e-09
1.4263448e-09
1.3862618e-11
0.9999993
2.1068324e-08
0.88434684
0.99977833
0.9977016
6.7267676e-09
4.537967e-09
0.87191725
0.99999833
8.594436e-12
0.9999982
0.575063
7.0563885e-12
7.467827e-09
2.0589785e-11
3.4484315e-10
0.99998045
0.40466842
3.048224e-07
0.9977174
0.999951
1.4597568e-10
2.447302e-13
0.99974746
1.537333e-09
0.9821093
1.1047183e-11
3.654083e-11
1.1437751e-08
1.0139912e-09
0.9838156
7.791007e-09
1.5344409e-10
0.9999975
3.5516824e-12
9.228384e-08
0.63641065
0.0458254
4.798918e-10
5.29895e-12
0.4079289
0.39336726
0.99995947
0.99999154
0.99998593
3.5497555e-10
0.9997842
8.594396e-10
0.999987
3.1118327e-07
0.99994576
0.9999796
0.99999964
0.9994924
1.7535123e-11
1.5826179e-10
0.3719719
0.9631468
0.40407503
0.60032725
3.3348257e-05
0.17555985
0.3847196
0.71226084
0.18471873
0.36412087
0.9761437
0.88077635
0.99999905
0.59921
0.99981314
3.2094336e-10
9.772456e-11
0.99807763
1.5922713e-09
3.619929e-09
1.0395932e-08
7.357464e-09
0.998505
0.9999844
0.9999075
0.9999893
1.719362e-09
0.99999917
6.615348e-07
5.62788e-09
2.449839e-16
0.8632847
1.0244284e-09
2.7558853e-11
0.34454334
0.9997888
1.3928957e-11
0.39519823
5.772599e-11
1.642539e-10
1.4007405e-09
1.1316869e-10
1.1705712e-11
0.999941
1.4753316e-09
0.99999785
1.6613855e-12
0.3542222
2.0823157e-11
0.9999924
0.17767805
6.570255e-12
4.56104e-09
0.99999976
0.9997564
5.132562e-11
5.3834025e-12
1.10966895e-10
0.4092285
0.95044744
0.99999344
9.051389e-09
0.9998172
0.97731304
0.9999776
6.7554976e-11
0.99999845
2.40922e-11
3.786274e-08
0.005107043
0.99890566
2.2151343e-11
0.40916067
0.9998387
4.987692e-12
1.2848605e-08
8.1239335e-11
2.143e-08
0.99951446
0.9999969
4.82109e-11
0.41173878
0.99999845
2.259496e-11
0.0055845864
0.9932185
1.12375845e-10
2.2971802e-11
1.0
5.9942815e-11
2.5805316e-09
0.99901223
0.40944865
0.99995065
3.9129377e-11
1.2348635e-11
2.0763766e-09
3.789906e-13
6.4744255e-13
0.999995
0.150175
2.6184877e-11
0.40888557
0.9999963
0.7638909
0.99826604
0.5645672
1.7558904e-09
2.234885e-11
0.9960829
1.0170284e-09
0.38941157
6.070921e-08
0.38047534
0.9996717
0.3867793
1.1244155e-16
0.9999999
0.40750885
6.7291114e-07
0.09753943
0.99844414
0.9196459
1.6301351e-11
0.9921159
2.6442197e-11
0.32413822
0.8738764
0.9999896
1.1136334e-11
0.6085189
0.9992047
4.351448e-11
3.2299816e-10
0.99999964
9.844694e-10
0.99999845
4.127122e-10
0.9159509
0.39779323
9.183582e-10
0.9996778
1.6139193e-09
5.259752e-11
0.56229764
0.99999595
2.4364712e-11
1.8800935e-14
0.99999523
0.5859636
0.9999782
0.9999943
0.60310405
0.9999249
0.5932753
8.3364385e-11
0.9999145
2.2163979e-11
0.39852947
2.0047888e-09
7.58243e-10
1.0
4.498158e-11
0.99830365
0.6328668
6.047795e-12
2.2474356e-11
2.6040903e-10
1.8286522e-10
0.99996233
1.2760694e-10
0.9999447
1.2813961e-10
0.38056603
0.5988788
0.9947915
0.99995327
0.9872181
1.30917295e-08
0.99332726
6.922793e-13
8.370332e-10
6.210356e-10
1.564743e-07
2.4212472e-08
0.99109554
0.3997221
0.39965823
5.992941e-12
0.16895032
0.99993134
0.9999975
0.9999733
0.9999906
0.99993503
0.9578954
0.99986005
0.99999464
9.749808e-09
0.9947413
0.64152646
5.5177057e-11
0.14752626
0.9999989
6.7634655e-11
0.99997187
1.6326617e-11
0.61489284
0.99999917
0.9999962
0.6296664
0.63202095
0.9999716
1.1617127e-10
3.475281e-09
1.8908257e-09
1.1767255e-10
0.008228631
1.7724462e-12
4.8725544e-11
0.9999995
0.99896
0.9995671
0.39669976
0.36899206
6.058922e-13
0.37735844
0.3848257
0.5502204
6.943336e-11
0.99913687
1.9002799e-13
0.999944
5.202345e-10
0.36617354
0.99999857
0.99999094
0.65325093
1.5570359e-10
0.99348927
2.8634977e-07
0.9945814
5.849441e-11
6.2494704e-11
1.570322e-11
0.24236888
0.99999976
6.495373e-11
1.01456336e-10
0.58752745
0.9999989
0.6088622
1.338759e-10
0.99957377
0.9525185
1.0
7.430849e-11
2.406077e-09
0.99618477
2.1394447e-10
2.3625824e-10
0.41149122
0.47179905
0.58902436
0.40466863
3.3030833e-08
0.99997544
0.57960045
9.082059e-11
0.61692965
0.34945545
5.3191463e-14
1.7599725e-11
0.9995291
0.9984372
8.555274e-10
2.5981849e-11
2.6739806e-07
0.656356
8.200427e-06
0.9805284
0.009038421
0.62893677
2.9597325e-10
2.9747003e-11
0.9999949
0.99999905
0.9999993
0.6734461
0.00050906773
0.99996185
2.089796e-11
2.1208254e-13
1.13908445e-10
0.98380476