0.9999131
0.9999889
2.1650294e-05
0.9999721
0.00036409093
1.376386e-06
1.3301251e-06
0.9999958
0.00034542423
0.9873576
2.1368448e-06
4.4524595e-07
1.2520992e-06
0.0851568
0.9999801
2.9505031e-06
1.2117999e-06
0.9984464
0.00018245478
0.9980521
0.98786944
8.5494685e-06
0.00036295666
5.283505e-07
2.7838162e-06
0.0011813539
0.8760486
0.9983113
0.0023013526
0.99995685
1.513952e-07
0.0003216686
0.0030636645
0.23602633
0.0015545284
5.832588e-06
0.99955946
0.9998485
0.9999988
0.99992466
7.1567097e-06
0.56995785
2.5975678e-06
1.46392285e-05
5.5333805e-07
9.2927627e-07
0.9999434
0.9990433
2.6405478e-06
0.9999565
0.99971396
6.064752e-07
0.99997914
0.99994695
0.96464956
9.76452e-07
0.99998987
8.6243e-05
9.234498e-06
0.00013096246
0.9999628
0.9999553
0.9999002
0.0001959101
0.9804129
0.9017567
0.99998546
1.6513115e-07
0.70038265
0.9999664
0.9999689
8.894121e-05
0.89343303
0.4252616
5.707769e-09
3.02439e-07
6.4652784e-07
0.9999697
0.00019369314
1.211711e-05
2.4643026e-07
8.893996e-07
0.00010272674
0.999851
0.9999268
1.7467058e-06
0.99993575
0.9999999
0.999877
0.96993095
4.675808e-07
2.5394072e-06
0.999819
0.9999838
5.815464e-08
7.4014526e-05
0.999724
0.9981845
0.99999845
0.9999292
0.00013225191
0.00041611845
1.3465551e-06
7.700725e-07
8.741843e-06
3.979866e-06
4.438592e-07
0.99742645
0.999632
0.9999999
7.322048e-05
3.9687042e-05
0.99998784
9.514918e-06
6.738778e-05
1.2764352e-07
5.1425877e-06
8.023684e-05
0.9996939
0.39507356
0.9999975
0.9999373
0.00019254505
0.9999901
3.0785166e-05
0.9999732
4.731963e-05
2.6137375e-06
1.4812205e-06
0.9979551
0.9996208
0.99601656
2.55907e-06
0.99566597
7.5667606e-07
3.7031152e-06
0.41717914
0.9999925
9.948431e-05
3.2201942e-06
0.9999931
1.6045836e-06
0.9978909
8.1510734e-07
0.99418926
9.984693e-07
7.868614e-07
1.03946874e-07
8.119652e-07
1.6622753e-06
0.99998
0.99851733
6.5740933e-06
4.1108558e-07
6.693166e-05
6.677492e-06
0.9999975
2.564393e-07
6.668931e-07
0.9999695
0.9999565
0.9999976
0.24269637
0.99998677
0.99991226
4.468941e-06
0.9999981
0.9999099
6.651992e-06
6.839775e-07
2.7187484e-06
0.0022571469
0.00075315725
0.40827605
0.00012791654
4.235039e-07
0.00011736795
1.0
4.5809928e-05
3.962324e-06
0.7111395
2.3658862e-07
8.5617364e-07
0.9999993
0.9945492
0.9999348
1.1801818e-05
0.0018370837
7.406182e-07
0.99998736
9.319201e-07
0.99998593
0.9999589
0.99997437
0.000584015
3.1649665e-07
0.0002901318
0.9982405
8.45924e-08
1.9425167e-07
7.1330383e-06
0.9998927
0.9999492
0.9999944
0.9999801
0.99999285
0.00015619787
0.99998283
0.0001569879
4.7415164e-05
5.9367474e-05
2.6801237e-05
0.9999883
6.9140933e-06
0.0010047427
0.0012584021
3.7675088e-06
0.019660844
7.311892e-06
1.3000767e-05
2.2723425e-07
0.99994004
6.953053e-06
1.7228282e-06
2.8698864e-06
0.9999883
0.9987795
8.276957e-05
2.9310364e-05
7.4915255e-07
0.99968576
0.00025095866
0.4678555
0.0010751043
0.99943906
0.007253783
0.99998784
0.99999976
7.4458585e-06
8.820508e-07
1.4738538e-06
8.113947e-07
0.99998724
0.99915755
0.99890935
2.4445312e-06
0.0017299826
2.0755124e-05
7.5605254e-05
0.0018742408
0.99999964
2.9613363e-06
0.9962644
9.8926925e-05
2.244538e-06
9.156844e-06
0.9998018
0.9997495
0.99998796
0.9999703
0.9999902
4.5221195e-06
0.9999275
0.99982375
0.9439655
0.0002726699
9.71908e-07
8.220443e-07
0.0089446055
0.9998512
0.25285554
0.45602015
9.2683086e-07
1.5982843e-05
0.99302375
0.00017921618
0.00831452
3.7217521e-06
0.99939144
0.99918216
0.999998
0.9999975
4.1210296e-08
9.521503e-07
0.9999857
0.99999297
8.764699e-06
0.99999166
6.08709e-07
0.00047209868
0.9154585
0.9999199
0.99728906
1.980568e-06
0.9997826
8.737251e-05
0.11068965
0.999474
4.207875e-06
0.9999987
6.2224055e-05
3.5812302e-06
0.8253244
0.9998932
0.9999999
5.4370554e-05
0.99978286
4.2810538e-05
0.9999896
1.1914765e-06
5.6824297e-06
0.021910693
0.9999989
0.9998281
0.99999213
4.186584e-06
7.3779875e-06
5.9862924e-07
0.99950385
2.5001304e-06
4.9498262e-06
0.00013084638
9.977754e-07
8.5555735e-07
0.9999373
0.9999666
4.0387145e-05
1.4823113e-06
0.0017190474
0.999688
0.934138
2.4648762e-07
0.999954
0.99995756
0.332355
7.207267e-05
0.99993837
0.99996376
6.334737e-05
7.291311e-07
1.4143169e-06
2.2480642e-06
0.9998456
6.3998873e-06
0.9997708
0.58811206
0.98847836
0.99998546
0.9999752
0.99971575
0.9997851
2.1468034e-07
0.99997413
2.448019e-06
0.9991529
8.422356e-08
2.2630982e-06
0.9999746
0.9999927
0.9999852
2.3554214e-05
0.99864703
3.597102e-06
4.4489408e-07
7.788782e-05
4.9480743e-05
0.9961964
4.910815e-06
1.9969917e-07
0.0010198021
0.0006593503
2.5685888e-06
0.99999404
9.45471e-08
6.0455284e-07
1.2927304e-05
0.9997087
0.9787193
1.0694628e-06
3.4007157e-06
0.9999945
0.999985
0.9936119
1.8753572e-05
2.0029296e-05
0.9598275
0.99990535
1.1168694e-05
2.3812501e-05
0.99967146
0.99998426
2.3774628e-06
1.1673689e-06
0.0009888154
4.7325673e-05
0.9999225
0.9989655
4.614658e-06
2.86438e-07
8.082685e-05
1.3570607e-06
0.9927906
0.9997968
1.6362887e-06
0.99322915
0.0018356633
0.99998534
0.9999541
0.99995804
5.8905443e-05
0.999406
1.8151322e-05
0.9999795
0.99997914
3.171027e-07
3.9363104e-07
0.9993637
4.961377e-07
0.9999864
5.489991e-06
1.0649643e-06
1.4660367e-05
1.8910198e-06
1.08227605e-05
0.999967
0.99999976
0.99991775
4.6287314e-06
3.5088175e-05
0.0006202724
1.1036047e-06
0.9999614
4.3699394e-05
0.012777515
1.02887e-05
7.3363344e-07
0.9998871
0.99738806
0.85866153
6.715618e-06
1.4457615e-07
1.2118312e-05
2.0215897e-07
0.9994228
0.99998045
6.055701e-06
0.99989533
0.99994946
0.00019198151
0.999923
0.9997565
0.1766176
0.9823256
6.277051e-07
0.006380867
7.470853e-06
0.99999595
0.8935426
3.060959e-06
1.958527e-07
0.99999523
0.9999888
1.1836716e-07
0.99669623
1.1860033e-06
0.99998057
0.9997973
0.07814651
3.5642242e-07
1.4977261e-06
7.946905e-05
1.1197318e-06
0.9999665
0.9999784
1.2738357e-06
0.998319
0.9987073
1.0560551e-06
0.99980336
0.00013275769
3.505933e-06
1.7381384e-05
5.1202493e-05
0.99997973
3.7643915e-06
3.3110402e-05
5.0168633e-06
0.99995804
0.999954
9.349111e-05
0.9943199
0.9976587
0.9999982
0.9994228
0.10130073
0.01337698
0.9999995
1.0359314e-06
1.1385575e-05
0.99871635
1.3064662e-05
0.9998288
8.702902e-07
4.0155555e-07
0.9989556
0.9997949
1.7691635e-05
1.570365e-05
2.881034e-07
0.40094632
1.6904276e-06
0.9942121
3.6599272e-07
0.99999
4.2330612e-05
3.772247e-05
0.99997056
0.00011052598
1.6359907e-07
2.6524074e-06
0.9999875
0.03895943
9.762285e-07
0.9994374
0.99999905
0.99667525
0.0043584094
3.5862195e-07
0.99942195
3.074652e-07
0.999863
0.032471713
5.287723e-08
0.0052146195
1.6595635e-06
2.3153007e-07
9.474315e-08
0.28171608
2.8794789e-06
0.99978346
0.00083471235
0.99965286
0.000237539
0.9999516
2.6007333e-06
0.00031528657
1.6053718e-07
3.5920726e-07
2.3580774e-06
0.99976546
9.028544e-07
1.9408255e-06
0.00013634126
0.99995863
1.0
0.00010857434
3.2850407e-06
1.3974754e-07
6.5835843e-07
0.9997805
2.56073e-07
0.9999417
0.0005055565
1.4353155e-05
0.99987733
8.423916e-06
0.9989679
0.9999949
1.1477031e-06
0.9997986
0.9991223
4.9352434e-07
0.9996555
1.5364404e-06
1.0
0.99994576
0.9999933
0.99977094
0.99837
6.522286e-05
5.761157e-07
2.2218778e-06
9.436475e-07
0.0013964255
0.99999976
0.9078818
2.471729e-06
0.41712967
1.6369896e-06
0.99999547
8.7972914e-08
2.7863446e-06
5.469088e-05
0.001051034
0.999716
4.958809e-07
1.1125374e-05
4.6779226e-07
0.99998164
1.4117268e-06
0.99999976
0.9999989
0.99843365
2.0943357e-06
0.99957937
2.3201501e-07
0.00014867791
0.00026138188
7.78818e-06
0.9999877
5.9607595e-07
0.84246504
1.3054859e-06
0.9968029
0.55695754
1.434515e-06
2.8768996e-05
1.0527639e-06
0.999894
0.99996936
0.99958104
1.6860405e-07
7.968483e-06
0.98691547
0.9868059
0.99998903
1.224926e-06
0.9834858
0.990599
0.0005748993
4.633731e-06
1.4361028e-05
0.9999671
0.9999585
4.660756e-07
0.99996006
0.9994655
0.00095847214
4.515151e-05
5.5854497e-07
0.99974805
7.845017e-09
0.9054782
0.9999765
7.685438e-06
3.0144756e-07
0.00014158986
1.777859e-06
0.99999154
0.9984314
0.9995746
0.99570966
0.02199372
0.9999864
3.7102593e-06
0.9999894
0.99981076
0.99999917
3.3352105e-06
1.3640227e-05
8.124654e-05
1.9992606e-06
0.9999305
0.94073814
5.361241e-06
0.9983748
1.3223841e-07
2.2088308e-07
0.99986255
1.5649728e-07
0.998946
0.99996936
5.080248e-06
0.998789
0.9999242
0.9999689
0.049529236
3.95417e-06
0.9997993
0.9993092
0.0010164294
1.9886579e-07
0.75913274
0.99999774
0.99881846
0.99998283
0.9996722
0.99999297
0.99929965
4.7923468e-06
0.00014120061
0.99754936
3.5517036e-07
1.1506321e-05
0.00011143589
8.386814e-07
1.4761537e-06
1.942768e-06
0.99988747
0.48465946
0.0018926671
0.99996066
0.99998593
0.00021875874
2.7823512e-07
0.99991596
2.5094753e-06
0.999984
0.99998784
0.9999161
0.80623674
0.99979335
1.1903522e-06
2.0593063e-07
0.99998546
0.0001006586
2.054435e-06
0.99954706
5.050256e-07
0.5631653
5.432426e-06
1.245884e-06
0.99378693
1.3608265e-07
2.7960364e-06
1.6793373e-06
8.11448e-06
6.957005e-05
3.5293785e-06
6.5618515e-05
0.9993311
0.9999529
8.418559e-06
2.7804043e-07
0.999627
8.751627e-06
1.5868109e-07
0.99996793
0.9999882
1.194534e-05
0.99986005
0.00057851785
0.9999391
3.2902915e-07
1.0
0.00051916606
2.557833e-06
1.5152179e-05
2.0180994e-07
0.00031759567
2.397673e-06
1.0713696e-06
2.2968491e-07
0.99633896
0.7588499
2.1502653e-06
0.9986333
0.000100078985
9.4238203e-07
3.964498e-05
1.53376e-05
0.9990433
0.99993944
0.99898785
1.3186896e-06
1.6440331e-06
1.290928e-05
0.99428046
3.857599e-06
0.99963486
6.328211e-06
4.9492836e-08
0.99999976
1.0769517e-06
9.411077e-07
0.9996958
0.999997
4.563971e-07
0.99986136
8.3911107e-07
1.0667808e-06
0.9999294
0.017308155
0.69213647
1.5893234e-07
0.9999207
0.9999864
0.9994974
0.9999714
0.0002473701
0.9999987
0.97654724
0.9999784
2.8098511e-05
0.0009860167
2.392892e-06
8.276654e-06
1.599682e-06
0.99999917
7.8882306e-07
0.99999464
2.5841617e-05
0.99445397
0.9999862
7.148239e-07
9.403307e-07
3.7110274e-07
0.5238976
0.9999933
0.99986637
0.9999963
0.9999951
0.99991226
0.9973514
4.3940366e-07
0.0001586642
0.99858654
0.852197
5.848831e-07
0.9999068
0.9973304
0.99999976
0.99980813
3.9506543e-07
0.00020363346
0.9997193
0.9999989
4.9024345e-07
0.3707679
4.852555e-05
0.9999529
2.6703643e-07
9.308292e-06
0.99994135
0.99989927
0.007083209
0.99906224
0.99972886
1.9775518e-06
1.2163536e-06
7.2076555e-06
0.9999932
0.99999785
0.0011343478
0.9999988
0.99989367
0.99993
0.99999094
0.9999689
1.7304324e-06
2.894136e-06
0.99997807
9.698073e-07
2.0633554e-05
6.1105703e-07
0.99958676
1.0627965e-07
1.8009374e-06
9.1401716e-07
0.0006775716
0.99999666
2.2475206e-05
0.99993885
3.3118646e-05
0.9998523
0.00017155454
7.221797e-08
1.0021912e-13
1.4719109e-07
1.0675694e-06
1.5976178e-06
0.46241054
6.931378e-05
0.99961686
7.3466754e-07
0.99999297
2.8367293e-05
0.000120924684
8.983366e-05
0.33255732
0.9999324
0.00015356122
0.47089174
5.854316e-07
1.0841531e-05
3.4735072e-07
0.99999607
3.894975e-05
0.0004362795
0.0016495389
0.015525506
0.9999999
9.318935e-07
0.9999411
0.9999002
0.9992472
0.9955414
1.0060308e-05
0.9999466
0.9998018
0.08513554
4.01436e-06
0.99981457
0.035008825
0.9999944
6.5867257e-06
3.5885566e-06
0.99954104
0.99964345
0.00042025602
0.9999554
5.589107e-06
2.6517702e-07
1.4366987e-06
0.068416715
0.999969
0.9996094
4.1314273e-05
0.9999982
0.9999827
1.7202443e-07
0.99999857
0.9999367
0.99834526
0.9995023
0.9993243
0.00010382401
7.5591693e-06
0.999928
7.417336e-05
0.9999107
0.00013746417
0.99999166
0.999944
0.9995449
0.99999714
6.7818763e-07
0.9999745
0.9999999
1.528541e-07
0.99980646
1.5382233e-06
9.694604e-07
3.864039e-07
7.300175e-07
0.00026641614
3.0483684e-06
0.9999827
0.9276713
0.99987495
1.558418e-05
0.9983602
0.68841475
1.7976952e-05
1.4536464e-06
0.9996978
0.9998103
2.1151114e-05
0.9944825
0.99990857
0.99989724
7.481394e-07
0.99998343
2.4926996e-07
0.9999162
5.419182e-07
2.5715153e-06
2.2139135e-05
0.9995975
7.1748616e-07
0.99999523
5.028642e-06
0.9992581
0.00042179477
8.4797614e-07
0.99753416
0.9999976
3.9460083e-05
0.99999654
0.99985623
8.041972e-07
0.9986884
1.9458348e-06
3.8114754e-06
0.21189526
3.5771916e-07
0.9986713
0.0020114158
0.99985516
0.9999174
0.98580986
4.8578288e-05
0.9999962
3.8924293e-07
0.99599385
0.017805299
0.00010733328
4.932532e-06
3.2325909e-06
1.0
0.0005659528
0.99556535
2.0336531e-06
0.9999572
0.1853336
5.4440948e-06
0.9998754
3.3470765e-06
0.00016637889
0.9998678
1.8664454e-06
4.400255e-07
0.9997601
0.9999956
5.05472e-05
0.051402975
0.999998
2.9841874e-07
4.6568628e-05
0.99994004
0.2401024
0.00010811326
7.579378e-07
1.0979858e-07
9.826261e-06
0.00028016075
2.1125654e-05
0.99913824
0.9999865
0.9970188
7.3429214e-07
0.00013042708
0.9977944
6.7105157e-06
6.4516854e-07
0.66553676
6.3137254e-06
0.9998709
0.99996126
0.9998921
0.99991417
1.5695989e-06
7.593863e-07
0.9838509
0.99990475
0.9999585
0.99942756
0.999892
1.6943262e-05
0.9999994
1.782419e-06
0.9999814
0.99999964
5.2387777e-06
9.819122e-06
6.7543615e-06
2.7158953e-07
0.99972004
0.99993
0.9993063
8.930042e-06
0.99999
2.7682285e-07
0.9999651
1.3416036e-06
0.99980944
0.99977666
0.99981874
0.9999925
0.9999348
1.8507994e-06
8.610698e-06
2.1162584e-06
0.9988367
0.99988866
0.9998667
9.566658e-07
0.99999654
0.99999845
0.99999607
3.304645e-06
0.999908
6.5343834e-06
0.9998691
0.99934787
0.9999695
3.6875808e-06
0.0008458537
0.99998677
8.784437e-07
1.9167258e-06
1.9551193e-07
0.9998355
8.886568e-05
0.7073031
0.99861455
0.99931145
5.9167796e-05
8.597418e-07
0.9999993
0.9999981
1.3272613e-06
0.99996257
0.9982711
2.2036475e-06
3.2742926e-07
1.6909712e-07
2.4035978e-06
0.99972886
6.135863e-05
0.00016657938
0.9974809
0.9995388
5.7836894e-07
5.560958e-07
0.9998617
4.2184317e-07
0.9805844
5.6693307e-06
9.219917e-06
5.335657e-06
9.091055e-07
0.9997036
1.766776e-05
6.9936533e-07
0.9999249
8.940899e-06
8.244211e-05
0.9999958
0.0010815973
2.6824402e-05
4.859693e-06
0.00032152818
0.00057256245
0.9998222
0.9998342
0.99993587
9.4259866e-07
0.9968489
1.1898092e-07
0.9993057
0.00028135756
0.99996877
0.9995865
0.9999535
0.9996118
2.7844187e-06
1.9998413e-05
0.0008285926
0.97586435
0.011995511
0.58993125
0.0030443901
0.8580307
0.00039406947
0.97354287
0.103201285
0.0004527164
0.99791914
0.9829412
0.9999722
0.999767
0.99998593
3.7174883e-07
1.2662439e-06
0.99573225
0.00023138772
7.0621695e-06
2.6702048e-05
5.529744e-05
0.9957147
0.9997179
0.99999654
0.9999447
1.4868108e-06
0.99999344
2.2074097e-05
1.0319604e-05
2.7912218e-08
0.99952424
2.1695619e-06
1.3875317e-06
0.00010434001
0.9999949
3.026057e-06
4.195657e-05
5.5797173e-06
6.5256006e-07
2.8430813e-07
6.532502e-06
6.9266393e-06
0.99979275
1.5905259e-06
0.9999813
8.111897e-07
0.00014833552
1.2279834e-06
0.9996686
0.7495674
1.2128543e-06
1.2572944e-05
0.9999925
0.9984686
4.4664174e-07
1.0849543e-06
6.544291e-07
0.0769331
0.98858684
0.99999595
0.00011927206
0.9999162
0.9949522
0.9998172
3.548339e-06
0.9999646
1.1072282e-06
4.7565404e-06
0.0011062257
0.9999864
3.162105e-06
3.8795835e-05
0.99883395
1.172509e-06
8.065382e-06
1.9774125e-06
8.1274666e-05
0.999954
0.9999863
4.108887e-06
0.01230777
0.9999857
4.542785e-06
0.018530179
0.99970764
1.5085232e-06
1.528694e-07
0.99999714
1.4397477e-06
2.362456e-05
0.99993324
0.011000687
0.9999436
1.8168739e-06
8.3107454e-07
9.66042e-07
4.003031e-09
1.6618095e-07
0.99980944
8.4264475e-06
3.3678116e-06
0.19436286
0.9999584
0.9999993
0.9983187
0.99848866
6.4031326e-07
3.1619604e-06
0.9998845
6.36022e-08
0.0008285712
4.094738e-05
0.0011293159
0.99983084
0.00012383306
7.147354e-10
0.99996746
0.0007207652
0.000112886155
0.00015451461
0.9978776
0.99949574
2.1438152e-06
0.99965394
1.4530533e-06
1.06662965e-05
0.013026692
0.99987686
8.362614e-07
0.9999845
0.99983287
1.0513622e-06
4.882032e-07
0.9999362
2.2289112e-06
0.999987
1.1903763e-05
0.95626944
6.996605e-05
5.7480474e-06
0.99984264
1.536023e-06
2.1296266e-06
0.9820727
0.99995995
4.227842e-06
3.748063e-08
0.99999344
0.9996749
0.9998691
0.9998945
0.99997437
0.99954695
0.99993956
4.208477e-06
0.9999838
1.5466077e-06
0.1704651
8.209944e-07
2.526125e-06
1.0
2.5598977e-06
0.9992526
0.9999577
1.1241015e-06
8.508234e-07
4.1001736e-06
4.6722876e-06
0.99961275
1.4922791e-05
0.9998493
2.116222e-06
9.905143e-05
0.99992836
0.99986446
0.9997018
0.996588
2.3879882e-05
0.9995307
5.12561e-07
7.259061e-05
2.0331245e-05
5.020454e-05
5.0274207e-07
0.9999995
1.3332339e-05
0.0008419641
3.4574154e-07
0.00044402172
0.9995598
0.9998747
0.9994803
0.99995947
0.9999087
0.32523146
0.9970931
0.9997327
8.644382e-05
0.9997731
0.9999913
4.6938942e-07
0.547819
0.9998436
2.2967112e-07
0.9995228
2.0231068e-06
0.9999368
0.9999784
0.99999297
0.99996233
0.99998987
0.9997702
5.160909e-06
1.542501e-06
1.1005495e-06
1.4802885e-06
4.687985e-06
9.320991e-08
5.511876e-07
0.9999583
0.9997768
0.99893576
0.0014265955
0.00061535987
1.7944329e-06
0.0007177113
2.4157585e-05
0.09542851
5.1715215e-06
0.99965954
2.5203642e-06
0.9995735
6.811043e-07
0.15123856
0.99997437
0.99997914
0.9999975
3.1564934e-07
0.99538714
2.6971256e-05
0.9753845
3.185315e-07
6.8667355e-06
7.2830136e-07
0.00016468405
0.9999373
1.2664551e-06
2.7268186e-06
0.9998709
0.9999738
0.9999969
1.3716831e-06
0.9998091
0.9933256
1.0
2.7432984e-07
2.9835726e-07
0.99997985
0.00021296267
2.8840877e-06
0.0018323201
0.9794149
0.9998945
7.730178e-05
7.638356e-05
0.9998815
0.9990114
3.9403476e-06
0.9999441
0.003575604
8.5410974e-08
1.9283725e-07
0.99999404
0.9999708
3.514891e-07
1.4364945e-06
0.000292308
0.99795556
0.00070099864
0.9991328
3.980713e-07
0.9999571
8.8192724e-07
7.865456e-06
0.9999176
0.9999869
0.99989533
0.9999949
0.00029805675
0.99998474
1.3512325e-06
7.40335e-07
7.00237e-08
0.9999994