0.49083754
0.9990429
0.4327381
0.5005873
0.4424327
0.00024727744
0.0005966577
0.99922717
0.42845565
0.71354717
0.07738353
0.00041528846
0.00031653137
0.43090436
0.99839276
0.00053499796
0.00033775685
0.72927284
0.0033535105
0.48719537
0.8134426
0.0005818903
0.43560675
0.00048014778
0.00054510694
0.006913083
0.48517618
0.95618474
0.4490254
0.986735
0.00015762508
0.44075686
0.61934793
0.44052336
0.4203947
0.40688127
0.49426743
0.9849578
0.9916875
0.99923766
0.0018699354
0.46085742
0.00044432125
0.42125428
0.0002961087
0.0021465651
0.48157218
0.8346034
0.0009178223
0.99732924
0.9341081
0.00091192755
0.9942338
0.99669814
0.4738078
0.0003603835
0.5080196
0.006356583
0.0010914837
0.0030112925
0.5313522
0.99399155
0.5297681
0.4293778
0.95626694
0.72105575
0.5365922
0.0038481914
0.95896065
0.50800526
0.99582374
0.0015963591
0.9856111
0.4355831
0.012685203
0.000763112
0.0004352072
0.5561456
0.4337871
0.4223998
0.0007148277
0.0002976771
0.43716073
0.9906205
0.99734324
0.0012391225
0.48891893
0.96078366
0.99855965
0.93439376
0.00037838295
0.00036356098
0.9943493
0.9774046
0.021120464
0.0018997977
0.9987562
0.9108447
0.99285215
0.9984969
0.4318915
0.43152186
0.00021047045
0.00019294106
0.4225675
0.0017272186
0.000505052
0.95677924
0.99487203
0.99879175
0.00094735814
0.42202425
0.9844221
0.0004972531
0.43870452
0.0012619524
0.0005204912
0.024400344
0.9941302
0.8696488
0.5832927
0.99242675
0.007906615
0.99627775
0.0035409653
0.9990589
0.00064143655
0.0018037604
0.0002673079
0.9723158
0.9912191
0.97297984
0.0022976846
0.99032813
0.00039795542
0.0007310131
0.45968783
0.9984511
0.43654397
0.00063602143
0.9974457
0.000255461
0.73470724
0.00025196993
0.96918654
0.0014401211
0.00041354663
0.43023092
0.009262017
0.00056102674
0.97934145
0.94045234
0.41223475
0.0009909695
0.0019700665
0.40833703
0.99878687
0.0003912693
0.00033001613
0.9691112
0.9976047
0.9918967
0.45566428
0.9909435
0.9914106
0.0011403391
0.5420431
0.4843154
0.00063162623
0.0007662552
0.0010751447
0.44474483
0.005577867
0.45928666
0.0015239496
0.00058119354
0.0021160678
0.998237
0.0026397
0.00074615335
0.5383412
0.00040442753
0.0005007593
0.9972746
0.9858974
0.9889236
0.42750177
0.4365347
0.0010808392
0.96868896
0.00038391803
0.9926593
0.99778926
0.99609935
0.00559685
0.00069925317
0.43667778
0.9965139
0.0005153585
0.00026973416
0.0038928436
0.84811336
0.9991677
0.9606611
0.99411136
0.9994091
0.004333347
0.99776125
0.0031138167
0.0016692135
0.43456474
0.43688446
0.993252
0.0031232135
0.43733114
0.43752196
0.00044977592
0.13022944
0.0005979329
0.0013876773
0.0005601379
0.99841297
0.00077018054
0.00047285063
0.0004960352
0.99398637
0.9778607
0.002903075
0.42468205
0.00054289494
0.99311227
0.4276385
0.6225551
0.42531312
0.47308004
0.4327787
0.99886274
0.99845004
0.0004869252
0.00029430405
0.0014629643
0.00023580642
0.9980915
0.9787
0.9657367
0.000610079
0.44252536
0.26315117
0.4291324
0.454006
0.9972324
0.00034885693
0.86185986
0.06963802
0.000472826
0.0006023834
0.98634106
0.8244026
0.99656844
0.9989513
0.99348164
0.0010404018
0.99905306
0.99862695
0.40944803
0.004164727
0.0004244118
0.00035123108
0.48309988
0.9984553
0.45803165
0.5826511
0.001187626
0.00069575175
0.86936384
0.45495492
0.2549339
0.0004820817
0.988524
0.9583674
0.99852604
0.9993611
0.01126711
0.00022571743
0.99725634
0.9946156
0.41762036
0.99544024
0.0006085383
0.43996418
0.51588297
0.99926835
0.4745915
0.0005518984
0.99550503
0.0022129936
0.54571253
0.99669814
0.00042081645
0.96875775
0.43163162
0.00052827236
0.78652513
0.9924454
0.99927574
0.0050453637
0.52158844
0.004765045
0.99407756
0.0011446619
0.00074557477
0.49863973
0.9932627
0.9962586
0.9877307
0.0002926789
0.005471378
0.0014589297
0.98581517
0.00061648135
0.0008497309
0.004225845
0.00045768093
0.00013062274
0.99493945
0.48288742
0.0036006493
0.00072821346
0.43165168
0.9431801
0.85174906
0.00029041435
0.9518632
0.9975969
0.83548075
0.42793396
0.99970704
0.9956351
0.0014842354
0.000351424
0.00028926067
0.0008112701
0.99467164
0.44186735
0.998013
0.839918
0.61943525
0.9159685
0.99525625
0.99671304
0.9869876
0.00062767754
0.99822015
0.446589
0.9788715
0.0012608058
0.0005280295
0.47910395
0.99947363
0.4906387
0.0012323075
0.9905081
0.0031766726
0.00031246652
0.0037646159
0.42976275
0.97166866
0.00023687816
0.00044666498
0.4365965
0.43014148
0.0005258106
0.9958121
0.00058739964
0.00037480542
0.016856037
0.99818987
0.909002
0.00037681602
0.004161861
0.9875804
0.97056794
0.93431294
0.001386841
0.020976689
0.9616099
0.99037594
0.43938723
0.0012296131
0.9972146
0.5193534
0.0048722653
0.00022930875
0.32896146
0.43487623
0.9967835
0.98581254
0.0007617294
0.00031714092
0.0009266073
0.000288511
0.8914499
0.9979674
0.42941043
0.4775082
0.43665037
0.99792516
0.9727455
0.9889893
0.44224572
0.9671038
0.42745167
0.8087522
0.9995938
0.00034409162
0.00031140068
0.9771557
0.00032376227
0.994437
0.0011071839
0.00071363855
0.41996998
0.0004588976
0.00071698526
0.9620672
0.99485505
0.9980919
0.44647533
0.00089009653
0.004246877
0.00090929936
0.99089396
0.43812022
0.23155771
0.0035388696
0.00037182364
0.99651635
0.49606255
0.9535154
0.41708738
0.0002488372
0.0018576229
0.00014599839
0.99706995
0.9938985
0.0015696604
0.99361116
0.9740239
0.4389402
0.9975091
0.99075854
0.44588968
0.9412071
0.00020771229
0.4611205
0.0011334729
0.97831583
0.9145413
0.000922919
0.00018484518
0.9883394
0.99811125
0.00032469392
0.88280964
0.0017229305
0.9978709
0.997299
0.48846802
0.00028230686
0.0005869463
0.43680155
0.0005193326
0.994007
0.5356817
0.00045405442
0.97363156
0.92595184
0.001862602
0.9908708
0.004540787
0.0009703393
0.41551846
0.4401936
0.9924827
0.0008042714
0.0065717013
0.0017186921
0.9990138
0.9977715
0.43480137
0.4932087
0.49439374
0.98632497
0.9784604
0.43767077
0.44919872
0.99853027
0.00069739576
0.0025948687
0.47970852
0.4215861
0.9984029
0.0009070625
0.00017691712
0.97307783
0.99894124
0.0016945846
0.4406472
0.00023311231
0.7475041
0.00072960864
0.85780823
0.0002919604
0.9980515
0.43567392
0.43380746
0.5212223
0.32137465
0.00027311716
0.0012218364
0.51723844
0.5612361
0.0024314413
0.9789645
0.9970902
0.97180486
0.43114388
0.00042126075
0.9169535
0.002646985
0.9638768
0.43951792
0.05009239
0.44587517
0.0007027729
0.00041836454
0.00024135773
0.4499028
0.00024115322
0.5077379
0.4315786
0.99890554
0.44255495
0.9652219
0.433003
0.0014862975
0.0003765851
0.0011399807
0.0008023145
0.9889282
0.00093225844
0.0007294081
0.43978256
0.99195224
0.9978108
0.4371337
0.00066883425
0.1541472
0.00031596966
0.9953809
0.00036143462
0.99918336
0.4520116
0.42454103
0.99882287
0.0005015303
0.99020094
0.9738346
0.0002936745
0.9698565
0.9503826
0.00016470494
0.47464424
0.00041593405
0.99783427
0.9689623
0.99957794
0.94365
0.9890999
0.0029903853
0.0001938707
0.0011134922
0.00076661713
0.0057283477
0.9937018
0.7776102
0.0005377964
0.54512274
0.001144239
0.9969663
0.00938638
0.00045587678
0.030373722
0.44244608
0.5024719
0.00027937576
0.00856814
0.00024872427
0.9916543
0.00059040735
0.9981981
0.996421
0.89552593
0.00018859918
0.94807035
0.00021312964
0.43794844
0.4322981
0.0007992488
0.54695344
0.0010583652
0.9133641
0.0005409531
0.9473996
0.5912547
0.0011855724
0.002723164
0.00048408643
0.98425114
0.9972717
0.998078
0.44386226
0.0025311678
0.79801214
0.4698481
0.9978248
0.00039646542
0.9801908
0.8424738
0.43952486
0.00073395355
0.42730877
0.580104
0.99855345
0.0015085852
0.9988733
0.98981583
0.0048829513
0.0026847979
0.00035735435
0.990516
0.010747562
0.89113957
0.9798249
0.0009147915
0.00033990917
0.0033227468
0.010002964
0.48027807
0.9762749
0.99167824
0.9845334
0.44068527
0.5237222
0.0052739694
0.98069525
0.9937266
0.9982856
0.0025351006
0.0006239578
0.44076964
0.00044094303
0.99601907
0.7984763
0.0017611821
0.97044724
0.00029568662
0.00038112004
0.99687356
0.43856898
0.48487347
0.9978948
0.0010248756
0.9767864
0.90031195
0.9976521
0.17224953
0.0019009003
0.9981109
0.8754978
0.5037765
0.0017601588
0.5797563
0.9923144
0.9673072
0.99569184
0.98423463
0.9862018
0.98698694
0.0014362247
0.0032726543
0.9173717
0.00025368793
0.039286405
0.022750596
0.00032027048
0.0005851826
0.0011770822
0.99067044
0.7743327
0.4317607
0.50706387
0.9980737
0.00250638
0.0004372202
0.99904233
0.0003179756
0.9975768
0.99414307
0.5064894
0.48243868
0.995484
0.0002248904
0.012488124
0.99914
0.4359438
0.000774706
0.98711187
0.00023204477
0.39706305
0.00034922326
0.00049820263
0.84322447
0.00043440165
0.0004006976
0.00040361928
0.0020065238
0.43439567
0.0004904182
0.00054637284
0.95760494
0.9968546
0.40799078
0.00052257685
0.9936666
0.0005811584
0.00022680558
0.99483705
0.49217466
0.0007371686
0.50756216
0.43127096
0.96598035
0.00024981037
0.99988353
0.28394336
0.001047416
0.41833663
0.05960396
0.43544656
0.0005381423
0.00023376665
0.0001594994
0.98297805
0.46928552
0.0005251707
0.9808606
0.0055667222
0.000653852
0.43881312
0.0022962987
0.9954456
0.5327656
0.895312
0.0003438285
0.048570085
0.0020466908
0.98422146
0.0011410345
0.9950706
0.0003963048
0.05975443
0.51766926
0.00030176438
0.0006573106
0.9814415
0.99354833
0.43770853
0.99658406
0.00029845088
0.0017356318
0.96830964
0.6619183
0.8882137
0.00021872492
0.9951556
0.98151624
0.48498112
0.99955326
0.0024316253
0.9989593
0.9397877
0.9942608
0.00084912265
0.0056997044
0.0008773378
0.44288805
0.00042511857
0.991417
0.00040746923
0.9976937
0.4336712
0.90928215
0.9905337
0.00019280978
0.0009041892
0.00047159565
0.88176703
0.9811452
0.9871716
0.9993284
0.5538493
0.471375
0.8337279
0.00091751496
0.43225658
0.93462175
0.915001
0.0003530821
0.9966208
0.9946404
0.9968401
0.99667704
0.0005041509
0.0033864824
0.98334897
0.99962234
0.00017182973
0.48539984
0.43445957
0.9879844
0.000599946
0.0015703914
0.99813807
0.99175006
0.47798237
0.9790795
0.9887267
0.0006463767
0.00020675182
0.10852406
0.99949956
0.9985061
0.44086227
0.99814475
0.5122358
0.99818474
0.99929464
0.96389264
0.00039169178
0.00031124576
0.9928853
0.0015034224
0.00410602
0.00029651687
0.80553603
0.00043440104
0.0003200251
0.00056245277
0.44152772
0.99470717
0.43678454
0.94064075
0.003327279
0.5138862
0.001850403
0.43437263
0.4326059
0.009827369
0.00029955435
0.00028212875
0.59204185
0.43582654
0.92584443
0.00042571878
0.9926583
0.42490387
0.003906981
0.010931939
0.27926347
0.5090809
0.43340945
0.5182587
0.0019520797
0.42863166
0.0003337446
0.5054737
0.4242907
0.26948038
0.43227485
0.44058362
0.9988134
0.000222375
0.9962859
0.99464333
0.9638151
0.9645541
0.0005728621
0.9631066
0.9985297
0.74364704
0.0003013142
0.9944728
0.34017462
0.9891635
0.36244234
0.0012642827
0.48774529
0.9940334
0.43962076
0.9943587
0.0005387767
0.0019566352
0.0015320057
0.26741433
0.9968016
0.5128845
0.43761995
0.5448462
0.97841305
0.00067111885
0.9890592
0.9942721
0.9591191
0.98092306
0.9576157
0.43582463
0.0013299804
0.99088913
0.43601716
0.9949522
0.4388088
0.99879324
0.47346646
0.97719485
0.99653244
0.10060507
0.5050877
0.9782683
0.0002199863
0.9933495
0.00044295826
0.0002786315
0.001429951
0.00040843894
0.43874213
0.0006524427
0.52724504
0.49544784
0.99692
0.0011664996
0.97555405
0.62822056
0.002914957
0.00045259643
0.9902884
0.9900349
0.43537048
0.9730569
0.9911112
0.99841785
0.00045758215
0.998156
0.005472211
0.9877922
0.00096532353
0.00030054845
0.42081058
0.9920765
0.00036922775
0.9974602
0.4184336
0.9909499
0.44265044
0.0016708799
0.9527448
0.9906281
0.0032716233
0.99962866
0.99742633
0.00038551656
0.92749345
0.001465918
0.0011815649
0.4395958
0.4385893
0.83233523
0.32984483
0.51673114
0.49016917
0.91425073
0.4341839
0.5101256
0.00024951334
0.9067227
0.44195193
0.44363073
0.0006823741
0.00029228654
0.9974521
0.43894097
0.4610334
0.00051311235
0.9963748
0.64672333
0.00023544653
0.9987172
0.0008223092
0.4338752
0.9690532
0.004332043
0.00022645404
0.99598986
0.9959681
0.43475932
0.10541134
0.54675835
0.0005206329
0.43319312
0.99856037
0.44214937
0.4368241
0.00083736196
0.0021215947
0.4217959
0.4406114
0.43534207
0.90560097
0.9973362
0.9760661
0.0008101241
0.4384863
0.95598143
0.0030434148
0.0008249253
0.48680475
0.0008880854
0.99662423
0.9983563
0.99836487
0.9995053
0.0006891365
0.00028464114
0.8510417
0.9977303
0.9971988
0.9492535
0.49090028
0.43045995
0.5321076
0.00086170697
0.98852915
0.9922949
0.0004530799
0.001376553
0.00037717738
0.00027810704
0.9158973
0.99020535
0.9466693
0.0013100279
0.9973345
0.0013314043
0.550652
0.00018556938
0.99094254
0.9959254
0.9739687
0.9983177
0.98821706
0.002694027
0.423808
0.0012674943
0.9788069
0.8552964
0.4851116
0.000212546
0.99894685
0.9982791
0.52564186
0.0021096317
0.9979873
0.00044313268
0.9794684
0.98578054
0.9947202
0.00069906993
0.4434094
0.9868197
0.0043882513
0.0008090148
0.00024812977
0.9966137
0.0014861369
0.59021795
0.9939349
0.9690606
0.0034960234
0.00025059906
0.92692775
0.9923808
0.0003553209
0.9972638
0.49212867
0.0002324387
0.0012629024
0.057426766
0.00024496627
0.996626
0.43938544
0.001952792
0.9619285
0.98330337
0.00050623866
0.0031507772
0.9938816
0.002364704
0.91003716
0.00042899535
0.0010234982
0.002090986
0.0003470866
0.96583164
0.00059913116
0.00022217854
0.9948614
0.002069221
0.0016809306
0.51200336
0.11925863
0.00035058963
0.0031536452
0.44210622
0.4405703
0.9959884
0.98985285
0.9951233
0.00023836279
0.77146155
0.00028328045
0.9900299
0.012409115
0.9956605
0.9947977
0.9975502
0.9667276
0.0010146642
0.0013648903
0.43816748
0.9211466
0.445784
0.79108304
0.39519364
0.524595
0.44012046
0.9566066
0.4893008
0.43716633
0.70068866
0.93321013
0.9975108
0.49833018
0.9904455
0.006090668
0.00032958007
0.93438816
0.0048184544
0.00073754205
0.0007665583
0.0013844531
0.83922654
0.9902554
0.99640024
0.9677663
0.00038916882
0.9959459
0.004421272
0.0017575475
0.0074493736
0.9004141
0.00022214063
0.00030648112
0.4281217
0.9748216
0.0044138394
0.43730214
0.0009972901
0.0020652432
0.00035629506
0.00069055724
0.0004953886
0.98930526
0.0004030295
0.99247426
0.044476327
0.43340537
0.0008494795
0.9909209
0.4455963
0.00033301229
0.001934389
0.99893767
0.9863668
0.00031725672
0.000329116
0.0011381557
0.44226474
0.84835833
0.99063337
0.0056433
0.9991259
0.94778293
0.99865675
0.00032132133
0.99276537
0.00031522196
0.0017123055
0.4831341
0.9909492
0.00031319307
0.4294089
0.98877233
0.00035645405
0.0005094502
0.000437206
0.0026220956
0.9884769
0.99027354
0.00091171113
0.42784283
0.989075
0.0008472529
0.54133326
0.98612183
0.0005723376
0.003347713
0.99722844
0.00061501213
0.0014352362
0.9854348
0.4405873
0.99750465
0.0002936202
0.00034763056
0.0018266453
0.017020887
0.030153513
0.99918073
0.42799997
0.0005179168
0.45382497
0.98665684
0.5189624
0.9504433
0.4952242
0.00084409723
0.00062603696
0.9836754
0.0005188185
0.44097963
0.0028930837
0.4377496
0.9814927
0.43691912
0.42855766
0.9990062
0.4386027
0.003390526
0.43545374
0.98060876
0.8902042
0.0014144435
0.97650766
0.00045446708
0.42359015
0.4063418
0.99171466
0.0002464696
0.51907897
0.95779926
0.00040340848
0.00027028893
0.9990126
0.00056676817
0.9987392
0.0005408597
0.6668268
0.44181788
0.0011603577
0.9864544
0.0021759123
0.00076805684
0.46505013
0.99419075
0.0005154079
0.015973566
0.9970395
0.52028185
0.9954873
0.9925822
0.5021377
0.9951971
0.50219244
0.0015440851
0.97758913
0.00028811654
0.44446865
0.0013073712
0.0045720367
0.9992766
0.00038405586
0.9940943
0.516284
0.00040451196
0.00031342605
0.0017447019
0.0003802184
0.99679345
0.0030086637
0.9883227
0.00026655028
0.4359094
0.51815164
0.8928866
0.9973176
0.96913725
0.0012265047
0.96086866
0.00087975163
0.0029090934
0.0006827517
0.0044491505
0.0005843897
0.9810006
0.43034446
0.4341901
0.00029818865
0.3665767
0.9961366
0.9988167
0.99298155
0.994547
0.98811287
0.5891162
0.96827346
0.9981567
0.0011337699
0.7845181
0.5572268
0.00022015143
0.71828467
0.99864894
0.00019400271
0.9877367
0.00057956035
0.5109454
0.9968777
0.9976418
0.5260366
0.51477706
0.99264014
0.0009340722
0.00045101112
0.002462049
0.0005414864
0.43581215
0.021347903
0.00023152435
0.9973048
0.90664667
0.9472499
0.4311099
0.43850887
0.006414349
0.4385237
0.43617517
0.46073842
0.0004298511
0.9744446
0.055839777
0.99104404
0.00029890763
0.6512931
0.9964749
0.9774424
0.5247972
0.00028966193
0.8364291
0.0020887721
0.808339
0.0003474564
0.0015055859
0.00022687609
0.43221283
0.9981158
0.00028726406
0.0006329553
0.5110984
0.9983012
0.50156873
0.0005826273
0.9866158
0.75584
0.9995602
0.00019306419
0.00027585082
0.97034746
0.018812822
0.00033213373
0.44863644
0.46364814
0.49218175
0.43952298
0.0018523636
0.9968311
0.4804785
0.00074742944
0.496913
0.43262717
0.02743467
0.00023584827
0.997621
0.9543879
0.0012130846
0.00025223193
0.0024109008
0.8952992
0.02770602
0.9580121
0.43658987
0.51676095
0.0001774701
0.0010979819
0.98781455
0.99813616
0.9992874
0.5460392
0.19747128
0.9959787
0.0004938763
0.002329843
0.0010080923
0.97274673