0.9999716
0.9999908
1.396627e-06
0.99999225
1.1238934e-05
1.17413765e-05
7.1580816e-06
0.9999995
1.008264e-05
0.98338705
6.629761e-07
9.334881e-06
7.342869e-06
0.0002137265
0.9999993
7.925285e-06
5.66652e-06
0.9999635
0.00042753277
0.9982299
0.96836644
1.9357001e-05
2.9642606e-06
5.9379845e-06
3.258817e-05
0.015769161
0.61401516
0.9993419
0.00012424408
0.9999629
2.52248e-06
3.374517e-05
0.29882166
0.0004339708
1.6087421e-06
2.8182187e-06
0.99980086
0.99998033
0.9999999
0.9999279
3.0176936e-05
0.2376444
9.960187e-06
2.5286315e-06
3.9174465e-06
4.0615992e-05
0.9999944
0.9993414
3.2839085e-05
0.9999901
0.99999964
8.2618435e-06
0.9999684
0.9999995
0.986376
2.041438e-05
0.9999685
0.008074871
1.9288986e-05
0.000489803
0.9999832
0.9999813
0.9999051
7.990324e-06
0.9982949
0.9802524
0.99999917
8.718505e-06
0.9991725
0.9999788
0.99996376
0.00046535523
0.99992
0.21566169
4.3438835e-08
1.3987921e-05
7.3193223e-06
0.9999058
5.662095e-06
2.6879222e-06
1.0269262e-06
1.0259188e-05
9.315902e-06
0.9999844
0.9999124
2.4411287e-05
0.99998903
0.9999994
0.9999708
0.9882869
1.4070442e-05
3.5452544e-05
0.99992394
0.99999845
4.132892e-08
6.240381e-05
0.9998423
0.99530786
1.0
0.9999832
8.349678e-06
1.6873104e-05
7.1782065e-06
7.1442437e-06
2.2436413e-06
7.4194622e-06
1.0732498e-05
0.9993844
0.9998745
0.9999994
0.00013515596
4.6612677e-06
0.9999981
3.4973724e-05
5.297066e-05
2.0447499e-06
4.7784568e-05
0.021742024
0.99998605
0.9904902
1.0
0.99998987
9.1227754e-05
0.99999714
0.00052718236
0.9999994
0.00010001497
1.1479403e-05
5.4437787e-06
0.9992186
0.9999654
0.99716467
8.478342e-06
0.999746
5.7298653e-06
4.3922453e-05
0.14920789
0.9999956
1.0166875e-05
2.6174861e-05
0.9999926
7.4378813e-06
0.99642307
3.7817026e-06
0.9990145
7.276291e-06
1.35010005e-05
5.28352e-08
6.1114083e-06
2.1728147e-06
0.9999994
0.9999151
2.086113e-06
3.0488334e-06
0.00080400513
2.2288664e-06
0.99999964
3.5651426e-06
5.920523e-06
0.9999573
0.99999094
1.0
0.7201692
0.9999989
0.9999503
0.00010311696
0.99999976
0.999933
9.940818e-06
9.82347e-06
0.000106649626
9.788849e-06
0.0007634189
0.5567302
0.00019456827
5.8896626e-06
0.0001939757
0.9999999
8.113954e-05
5.2369745e-05
0.35157678
4.7410745e-06
8.848997e-06
1.0
0.99825543
0.999995
3.3076751e-06
6.267132e-06
6.029136e-06
0.99999964
2.193315e-05
0.99999464
0.9999846
0.99999857
0.00090899924
9.3415883e-07
3.2848387e-05
0.9999119
7.113297e-06
2.3582752e-06
0.00024273383
0.9999999
0.999984
0.99998903
0.99999523
0.99999774
0.0004266548
0.9999964
0.00056155236
0.00021295981
6.0641614e-06
2.3493233e-06
0.9999999
6.948049e-06
2.4792342e-05
3.4168243e-05
2.2579765e-05
0.111095265
3.551535e-05
6.7722634e-05
7.369032e-07
0.9999808
2.6619417e-05
6.727971e-06
1.3387813e-05
0.9999981
0.99853516
0.0051532094
7.1490485e-06
9.305451e-06
0.999871
7.3103165e-06
0.74105155
2.1318463e-05
0.99966717
0.00047881182
0.99999845
0.9999999
4.801235e-06
1.1967562e-05
1.33908525e-05
9.77028e-06
0.99999225
0.99974495
0.998509
1.8213155e-05
7.827084e-06
0.00016599367
1.9675348e-05
0.07441277
1.0
1.2353787e-05
0.99119395
1.6094326e-06
1.3224803e-05
2.4708857e-05
0.9999404
0.99987066
0.99998224
0.99998736
0.9999987
1.81658e-05
0.99997497
0.99984944
0.97045463
0.00021633685
7.999076e-06
2.4817157e-06
0.9780873
0.99998593
0.00032015328
0.8601565
5.4182333e-06
1.8768798e-05
0.9997795
0.0011851274
0.38847342
3.031111e-05
0.99980336
0.9998016
1.0
0.99999964
6.88423e-08
6.972662e-06
0.9999738
0.9999995
3.094242e-06
0.9999989
1.703763e-05
2.3451416e-06
0.9628766
0.9998184
0.9997129
1.23086875e-05
0.9999727
0.0006309788
0.38344195
0.9998041
9.5383575e-06
0.9999999
2.0263478e-05
2.4623681e-05
0.8267658
0.9999926
0.9999999
0.004993762
0.9999809
0.00025046268
0.9999993
1.8923685e-05
1.1581943e-05
0.47256392
1.0
0.999861
0.9999981
1.9339732e-05
8.3221006e-05
7.3670753e-06
0.9999515
1.6113667e-05
5.138676e-05
0.001432789
1.4112856e-05
5.8245114e-06
0.9999999
0.9999937
0.00028392993
7.165089e-06
2.6764303e-05
0.9994343
0.9537315
1.5867853e-06
0.99999714
0.9999889
0.9601677
8.019929e-06
0.99997306
0.99998796
0.00012376471
6.6161388e-06
1.4097736e-05
1.6968197e-05
0.9999113
7.8906105e-08
0.999848
0.8948273
0.97382516
0.9999994
0.99999344
0.9999206
0.9999236
8.39322e-06
0.99999535
5.222522e-08
0.99978405
1.9385445e-06
9.950246e-06
0.9999993
0.99999964
0.9999988
0.00090857974
0.9997757
5.378797e-06
1.9595295e-06
0.00012946677
7.481676e-06
0.99924004
4.529145e-05
4.105969e-06
1.8698747e-05
1.2668876e-06
1.9542353e-05
0.9999981
1.3292095e-05
6.649614e-06
0.00015142711
0.9999105
0.99210197
5.9599174e-06
1.5555122e-05
0.99999464
0.999995
0.99747664
3.3966204e-05
3.0332915e-06
0.98980147
0.99998736
4.809218e-07
0.00028431404
0.99990535
0.99999404
1.4272159e-05
4.426457e-06
0.003912742
6.508188e-06
0.9999702
0.9999535
8.393495e-05
9.655303e-06
9.8194214e-05
3.4803452e-06
0.992896
0.9999039
3.507865e-07
0.9604927
0.0005949399
0.99999344
0.999985
0.9999912
7.59359e-06
0.9995403
3.6152085e-07
0.9999957
0.99999857
4.701493e-06
5.0769586e-06
0.99976987
4.5925653e-06
0.99998975
3.7346737e-05
4.8861257e-06
2.684848e-06
6.66602e-06
3.0541814e-05
0.9999964
1.0
0.9999802
9.526193e-08
0.00022200787
0.00055149826
4.1729207e-05
0.99999714
1.5782056e-06
0.0148813585
3.9941126e-05
1.8263752e-05
0.9999763
0.9925107
0.9987552
2.9405448e-06
2.6938117e-06
4.7198308e-05
1.8781353e-06
0.99985623
0.9999845
2.3796838e-05
0.9999473
0.99997747
4.5888487e-06
0.99997544
0.99981195
0.00019842491
0.98195225
1.15108e-05
0.023731124
8.811204e-06
0.9999963
0.9982181
6.44671e-05
1.080028e-06
0.99999976
0.99999917
3.7876976e-06
0.96157545
4.451775e-05
0.99999464
0.9999242
0.35636425
5.91743e-06
4.613716e-05
7.4792365e-06
5.4126813e-06
0.9999994
0.9999974
1.0385942e-05
0.9996338
0.99871624
1.041115e-05
0.999946
0.00040589715
3.209238e-05
5.3270082e-06
9.694867e-06
0.9999987
2.2713384e-05
2.0136202e-05
0.00028940247
0.9999895
0.9999311
1.5061188e-05
0.88064367
0.99993193
0.9999994
0.9998709
0.0011746108
0.00069197826
0.99999976
3.2515683e-05
3.47522e-05
0.99808747
7.492694e-06
0.99995434
1.4528757e-05
3.5322646e-06
0.9995383
0.9998159
0.00018433704
9.0351505e-06
4.5776114e-06
0.7204232
9.317467e-06
0.99818486
3.4578613e-06
0.9999982
4.973305e-06
9.418499e-06
0.99997544
0.006972265
2.3520986e-06
5.2963795e-05
0.99999166
0.3227463
1.2299218e-05
0.9996525
0.99999976
0.9979073
3.7304024e-05
6.3313378e-06
0.9998572
5.7529555e-06
0.99999416
4.156819e-05
5.2538745e-08
1.7565416e-06
1.8015155e-05
4.8193556e-06
6.1371297e-06
0.0002161037
4.526926e-06
0.9999716
5.907512e-06
0.9998198
2.1988733e-05
0.9999987
2.382463e-06
0.00029109433
3.6679362e-06
1.3833117e-06
2.4739436e-06
0.99911577
5.4184093e-06
7.3536685e-06
4.560026e-06
0.999998
1.0
1.446436e-05
2.2270551e-05
5.119576e-08
7.423751e-06
0.9999976
6.6870257e-06
0.9999616
0.00096544763
4.9901514e-06
0.99996924
2.5472451e-05
0.9999715
0.9999981
5.227e-06
0.9999989
0.9999529
4.542885e-06
0.99993956
1.4854098e-05
0.9999999
0.9999753
0.99999845
0.9999789
0.9997551
0.0012303202
5.22694e-06
1.042313e-05
1.958831e-05
9.510888e-05
0.9999999
0.70784956
1.72428e-05
0.95329356
5.28932e-06
1.0
6.0042574e-08
1.635534e-05
4.3168302e-07
0.007417657
0.9999486
1.0275902e-05
0.00019081045
1.1993096e-06
0.9999968
9.307546e-06
1.0
0.99999964
0.99838877
3.0273152e-06
0.9998356
3.6239524e-06
3.9258916e-06
8.045677e-06
1.2315404e-05
0.99998784
9.31195e-06
0.9171202
6.394086e-06
0.9995345
0.76313996
3.3648255e-05
4.5481633e-05
7.950524e-06
0.9999851
0.99998724
0.9996055
3.1493904e-08
1.1695539e-06
0.9996891
0.3381146
0.99999964
1.0440232e-05
0.99882334
0.98295593
2.3674944e-05
2.1680562e-05
3.6771896e-06
1.0
0.9999484
1.1486733e-06
0.9999982
0.9999331
0.0017529482
0.00019976131
1.1937903e-05
0.9999155
3.6478074e-08
0.99982303
0.99998164
5.295319e-05
4.3110967e-06
0.0010511086
4.0895598e-06
0.9999999
0.9984366
0.99999857
0.9998456
4.5976674e-05
0.99999976
2.9071656e-05
0.99999976
0.999998
1.0
4.5994653e-05
9.276416e-05
6.6272655e-06
1.1092669e-05
0.9998343
0.88927233
3.4006716e-05
0.9999739
1.0161757e-06
3.2366722e-06
0.9999603
4.0451084e-08
0.99933594
0.9999962
7.3019524e-05
0.9956721
0.99995065
0.9999522
0.07392984
3.598109e-05
0.9999354
0.99972564
0.5132059
1.206652e-06
0.8252913
0.99999976
0.9993156
0.999998
0.9999685
0.99999857
0.99992
2.0959898e-05
0.0019026444
0.99971527
1.9234863e-06
1.0065355e-06
0.0015474971
4.854079e-06
1.28634165e-05
3.3471017e-05
0.9999645
0.8283475
1.3865858e-06
0.9999964
0.99999976
0.0020202028
1.7839069e-06
0.99987614
3.5644487e-05
0.99999905
0.999998
0.9999968
0.54134613
0.9998229
4.962853e-06
5.7926595e-08
0.9999937
2.3096221e-05
7.2440685e-05
0.99997747
6.4262963e-06
0.9049514
2.3823744e-05
3.6834856e-05
0.9929883
3.8112787e-06
1.7860937e-05
1.2493413e-05
6.300259e-05
6.7573055e-06
2.7498822e-05
0.0012603524
0.99983287
0.99994814
5.088039e-06
4.9162363e-06
0.99947935
3.1544838e-05
3.2987161e-06
0.99997723
0.9999976
0.00010298313
0.99923086
1.567035e-05
0.99999547
1.3859361e-05
1.0
0.050568447
4.7113987e-05
3.2887772e-06
2.6527102e-08
1.9728483e-05
9.385288e-06
6.8872437e-06
2.055215e-06
0.99980587
0.3780388
2.9544157e-05
0.9996723
0.0018043324
5.8926234e-06
2.662593e-06
0.00016550327
0.9996848
0.9999205
0.9955544
8.283002e-06
1.6393346e-07
3.933643e-05
0.9997557
2.194091e-05
0.9999089
2.6726402e-05
1.0036246e-08
1.0
8.739684e-06
1.1941205e-05
0.9990069
0.9999995
1.2774653e-07
0.99988544
3.311273e-06
8.403568e-06
0.99999475
0.23602898
0.9957456
3.093345e-06
0.9999752
0.9999999
0.9991161
0.9999875
0.0007065264
1.0
0.99992156
0.99999774
5.8820122e-05
0.0015015998
2.126046e-05
3.1291378e-07
9.809052e-06
0.9999999
2.0024236e-05
1.0
3.0363622e-06
0.9850086
0.99999964
4.4719554e-06
3.0447418e-05
1.5619755e-05
0.89913166
0.9999975
0.99994767
0.99999976
0.99999917
0.999405
0.99624217
2.1328591e-05
1.49747675e-05
0.9995546
0.9802152
2.1227509e-06
0.9999397
0.99996495
1.0
0.99995637
6.3026864e-06
0.00021404176
0.99974424
0.99999905
5.299398e-06
0.8905197
3.3782535e-06
0.99999964
6.9889925e-06
0.00010130184
0.999899
0.9999068
0.14434437
0.99999356
0.99982905
2.323755e-05
7.739342e-06
0.0015601277
0.99999845
0.9999981
4.5326806e-06
0.99999976
0.9999002
0.9999802
0.9999988
0.9999988
2.6402395e-05
1.9055924e-05
0.9999989
9.572275e-06
0.0059562447
5.8149267e-06
0.9984274
3.518537e-06
9.636169e-06
1.750219e-05
0.00010490268
0.99999917
1.0121195e-06
0.99984455
0.0037010235
0.9999944
0.00028863645
2.0497813e-08
1.6054698e-13
3.8261082e-06
4.352889e-06
5.5755313e-06
0.7436287
1.0430559e-05
0.99988115
7.2233856e-06
0.9999994
3.964501e-06
8.656327e-05
0.00025405997
0.2927548
0.99991775
1.8805799e-06
0.9015802
3.6281504e-06
1.5216746e-06
1.7804906e-06
0.9999969
4.7172703e-06
0.058067106
9.8409655e-06
0.00047071694
1.0
1.4629965e-06
0.9999964
0.99998283
0.9989361
0.9992155
6.3148094e-05
0.99999475
0.99994254
0.6665867
8.535048e-06
0.9999012
0.16613433
0.9999962
0.000112942034
0.00010155969
0.9998723
0.99980956
3.5880694e-05
0.9999951
1.7444268e-05
7.028414e-06
1.7251732e-05
0.11849047
0.99996793
0.9998789
4.7716057e-06
0.99999785
0.9999981
1.0339149e-06
1.0
0.99998856
0.999772
0.99985266
0.9999504
9.7497095e-06
3.100286e-05
0.99993193
6.0174752e-06
0.9999888
6.9293947e-06
0.99999905
0.9999925
0.9999902
0.99999976
1.0803097e-07
0.9999989
0.99999976
3.1112413e-06
0.9999099
6.1246587e-06
3.3560611e-06
5.9627823e-06
7.3400615e-06
2.5093623e-05
5.566536e-06
0.99997056
0.99530256
0.9998863
2.3721248e-05
0.99954236
0.97893137
2.477691e-05
9.425498e-06
0.9999887
0.9999181
1.4381092e-06
0.9996823
0.999979
0.99974996
7.2844136e-06
0.99999833
4.7421187e-07
0.9999969
8.318998e-06
1.1014442e-05
5.1006127e-06
0.99995613
7.6018287e-06
0.9999999
1.087625e-06
0.9989906
1.9038032e-05
5.5588815e-05
0.9993418
0.9999999
0.00026792183
1.0
0.9999912
1.0271248e-05
0.9998803
7.6696815e-06
3.4367033e-05
0.00028618617
7.569245e-08
0.9970701
0.058173407
0.9999629
0.9998368
0.9973016
5.4438096e-06
0.9999994
8.696052e-06
0.99805695
8.041925e-06
2.038963e-05
8.422744e-05
1.8943114e-05
0.99999976
2.734589e-05
0.99920744
2.900608e-05
0.9999968
0.9959247
3.2812353e-05
0.9998851
3.6365756e-05
6.969504e-06
0.99999154
2.0001295e-05
7.691993e-06
0.9998555
0.9999994
4.540693e-06
0.14387903
1.0
7.161591e-06
4.8733186e-06
0.9999565
0.002678921
1.7944954e-05
1.2433628e-06
4.2594697e-06
2.6645084e-06
9.666331e-06
1.8224756e-06
0.99981934
0.9999995
0.99989736
7.646377e-06
8.996477e-06
0.9999708
3.6637128e-05
4.4082917e-06
0.9948738
2.6378588e-05
0.999747
0.99998474
0.99992955
0.99999213
3.4393717e-05
1.4707732e-06
0.999923
0.999997
0.99999535
0.9999571
0.99999726
4.282593e-06
1.0
1.477832e-05
0.999997
0.99999976
7.751405e-06
0.0008608055
7.944291e-05
2.4870014e-06
0.99790657
0.9999882
0.9996259
1.0604791e-05
0.99999917
6.291603e-07
0.9999893
7.59927e-06
0.9998704
0.9997559
0.9999839
0.99999976
0.9999927
1.0707348e-05
1.897849e-06
2.875819e-05
0.9993492
0.99999547
0.9775629
4.5270385e-06
0.999998
0.9999993
0.9999994
5.074372e-05
0.9999671
6.894771e-05
0.99999726
0.9995741
0.9999968
1.6262053e-05
7.808988e-05
0.9999981
4.3083846e-06
5.3043027e-06
4.594204e-06
0.9997675
0.0003474523
0.877934
0.9998481
0.9983078
0.0003910724
1.3929956e-06
0.9999826
0.9999981
1.3314577e-05
0.99999285
0.9789933
1.3604229e-05
8.4792155e-06
1.3126393e-06
2.6019587e-05
0.9999573
5.732156e-06
0.0002399329
0.99939334
0.9993292
4.9108476e-06
3.6599624e-06
0.99998856
1.6455122e-05
0.9995034
2.7078057e-05
1.2617085e-05
4.9752525e-05
2.0257673e-06
0.9998266
1.6001268e-05
6.8676522e-06
0.99993646
1.2898291e-05
0.00011654256
0.99977297
0.010308641
0.00013657169
7.120867e-05
3.2993714e-05
2.2004067e-05
0.9998704
0.9999752
0.99998033
6.2175723e-06
0.99985194
9.3916657e-07
0.99985766
0.01305689
0.9999994
0.9999589
0.99997103
0.9999403
9.666582e-05
0.00012255136
1.4470293e-05
0.9729192
0.00010095381
0.6158439
0.0016105
0.9456587
2.2658107e-05
0.99530834
0.9264285
6.7073626e-05
0.9999989
0.96296704
0.9999392
0.99995184
0.999998
1.0520439e-05
1.0051581e-05
0.9988254
0.00041647247
1.7590744e-05
4.2979565e-05
0.00034055204
0.99926573
0.9999634
1.0
0.9999975
4.989947e-06
0.9999982
1.5111757e-05
0.00016065086
7.25211e-08
0.9996836
1.4985439e-05
5.992112e-06
6.329382e-06
0.9999988
3.2029477e-06
4.502441e-06
2.7077718e-05
3.8791026e-05
1.8363997e-06
1.8209925e-05
1.4146598e-05
0.9995567
5.0903977e-06
0.9999987
8.7618744e-08
1.312314e-05
1.8008506e-05
0.9996481
0.83483773
6.4799724e-06
3.1386524e-05
0.999997
0.99953055
5.150549e-06
1.0177847e-05
2.9250079e-05
8.2644954e-05
0.9907142
0.9999932
0.0002128293
0.999997
0.99662244
0.9999682
2.4048197e-05
0.999995
9.5996265e-06
4.5977944e-05
0.41558698
0.9999993
2.4040286e-05
1.5153144e-06
0.99993634
1.0817105e-05
1.3908351e-05
7.700889e-06
0.0004944903
0.9999974
0.9999993
2.6875974e-05
0.0005975942
0.99999905
3.7135393e-05
0.64208746
0.99999225
1.0674019e-05
2.371532e-06
0.9999995
2.202578e-06
0.00014701398
0.99999094
5.519802e-05
0.99998903
6.280618e-06
5.4481307e-06
4.232877e-06
1.1477705e-07
2.77083e-07
0.99982435
1.1768645e-06
2.3394487e-05
0.00020757926
0.9999863
1.0
0.9997254
0.99506605
5.076339e-06
2.6384852e-05
0.9999683
5.351694e-06
8.219241e-06
0.000103809754
3.1485513e-05
0.99984455
1.0892903e-05
6.2863016e-08
0.9999833
2.3934073e-05
0.000722607
0.0036103637
0.9995888
0.9999908
3.260679e-05
0.9999764
2.9951214e-05
3.2078692e-06
0.077159114
0.99997175
7.4580817e-06
0.9999951
0.99984074
1.842496e-05
2.4326173e-06
0.9999504
6.15496e-06
0.9999851
3.576898e-05
0.9923949
3.044426e-06
6.519221e-05
0.99997973
3.2772618e-06
3.958914e-05
0.9933207
0.99998224
2.1921502e-05
4.092721e-08
0.9999999
0.99996674
0.99997663
0.9999156
0.99999
0.9999609
0.9999883
3.955144e-05
0.99999964
5.5036053e-06
0.00080913695
5.330652e-06
7.092404e-05
1.0
2.4171135e-05
0.9999764
0.99999523
1.2490161e-05
7.625296e-06
4.954737e-05
1.4854027e-05
0.99991965
0.00058926747
0.99986386
1.2946106e-05
8.070459e-06
0.99991703
0.99994206
0.99986625
0.9993911
0.00013124952
0.99998176
4.3624595e-06
0.00084680045
5.675135e-05
0.012521539
1.1671567e-05
0.99998605
2.2414108e-06
6.3928483e-06
8.7378585e-06
0.00042968828
0.9999424
0.99991083
0.999803
0.9999919
0.9999864
0.99417466
0.995697
0.99983084
0.000224266
0.9998801
0.9999962
9.537503e-06
0.91240346
0.9999436
1.8760301e-06
0.9997491
1.8512708e-05
0.9999825
0.99999905
0.9999964
0.99999416
0.99999785
0.9999964
2.3440514e-05
7.962369e-06
6.837427e-06
3.0037165e-06
2.88375e-07
1.4886763e-07
9.694128e-06
0.99998856
0.99982846
0.98830765
7.856955e-06
6.3467896e-06
2.7552674e-06
2.47468e-05
1.1509782e-06
0.0006868849
3.6969108e-05
0.9999727
1.2373758e-07
0.99974304
1.3172229e-05
0.3944764
0.9999894
0.9999968
0.9999994
3.872398e-06
0.99800617
0.00043316258
0.9999062
1.15309385e-05
3.9606926e-05
4.824027e-06
2.1127003e-05
0.9999809
1.9974303e-05
2.1644368e-05
0.9999752
0.9999492
0.9999999
2.5096615e-05
0.99992466
0.99878854
1.0
1.8631035e-06
1.3804782e-06
0.9999999
0.030174136
5.214722e-06
0.00011363709
0.7010454
0.99974245
6.086073e-06
0.00014207118
0.99994445
0.9753823
2.62936e-05
0.9999956
2.8877463e-05
2.1350445e-08
3.757222e-06
0.9999981
0.99998987
7.844996e-07
1.0076122e-05
0.00049494917
0.9997825
0.0024585149
0.9971847
5.8568297e-08
0.99999213
1.9296156e-06
5.3058382e-05
0.99996126
0.99999154
0.99992216
0.99999964
0.0005903139
0.99999905
6.9073444e-06
5.7310294e-06
1.614096e-06
0.9999906