0.43452987
0.52540547
0.43125382
0.44372422
0.42562157
0.35643286
0.35580027
0.5263244
0.43235576
0.4852179
0.36926392
0.35097843
0.35956204
0.43144748
0.52976656
0.35742083
0.36604744
0.48441288
0.3552968
0.43538603
0.48377448
0.36509225
0.43118042
0.3674022
0.3562806
0.3594577
0.441839
0.5101028
0.42806852
0.5236498
0.35861105
0.42877823
0.49310172
0.42513907
0.43125206
0.43376526
0.43250626
0.49271077
0.5261832
0.52069235
0.3606033
0.43342716
0.3654525
0.432458
0.36119327
0.3697711
0.44940373
0.49294773
0.35690215
0.50904155
0.51382077
0.35495812
0.5212576
0.5186317
0.44061628
0.35694078
0.44676942
0.35914177
0.37074682
0.35153157
0.448282
0.52280766
0.4434364
0.4337612
0.5082305
0.5002284
0.4418849
0.35929644
0.4968258
0.45104787
0.52451825
0.34957334
0.507056
0.44834638
0.37139368
0.35619035
0.36235097
0.44625515
0.4329557
0.43075818
0.35175875
0.354387
0.4294076
0.524059
0.5169505
0.35507485
0.43992805
0.51220083
0.4923626
0.4644276
0.35258695
0.35233918
0.52199906
0.52061254
0.37744692
0.35211164
0.50902975
0.4988857
0.5184448
0.51893544
0.43141958
0.42933366
0.35961583
0.35517186
0.43217045
0.37441617
0.35444126
0.5085541
0.5036601
0.51872325
0.34921303
0.4321959
0.48490268
0.3607826
0.4340831
0.35932115
0.35115394
0.37306166
0.5137272
0.49006063
0.5096806
0.49694937
0.36712366
0.52086866
0.35974392
0.5176618
0.35548317
0.3544355
0.35666877
0.49758852
0.5059636
0.5063639
0.35688877
0.4841055
0.36390278
0.35232025
0.48216936
0.52146214
0.43268824
0.35414746
0.5124413
0.35565975
0.512804
0.3568071
0.49921557
0.35766587
0.35869417
0.4364492
0.42111003
0.36299497
0.5272049
0.49791837
0.4270974
0.35273898
0.36482176
0.43099654
0.5295694
0.3573542
0.3567117
0.49409473
0.5230923
0.5177088
0.4448646
0.5198543
0.5204611
0.35864002
0.45220962
0.4369171
0.35316533
0.36954007
0.35422975
0.42792928
0.35590333
0.48391643
0.35862526
0.3847722
0.36324894
0.526473
0.36914366
0.3544757
0.45554346
0.35777757
0.36109495
0.52886206
0.49961692
0.5133916
0.43313497
0.42974514
0.35331047
0.52452064
0.352413
0.5138687
0.5250918
0.5153867
0.36289215
0.34909403
0.4281417
0.5049231
0.39069793
0.35922438
0.37016368
0.51002175
0.5095306
0.48213178
0.52114815
0.52366775
0.35842988
0.523708
0.36064065
0.3460876
0.42722124
0.4306006
0.52874094
0.39423946
0.42419782
0.42858586
0.3544018
0.46678755
0.3573159
0.3629997
0.33960646
0.5133404
0.37347698
0.37092885
0.35708326
0.51732135
0.5131814
0.36821148
0.43400893
0.3614785
0.5207925
0.4306467
0.48472834
0.42116073
0.44861707
0.42953235
0.515528
0.52359027
0.36990988
0.35114098
0.3517135
0.3657544
0.52090484
0.51006854
0.47437787
0.36068714
0.43252602
0.39598244
0.4313436
0.46501213
0.53735536
0.35373786
0.4882514
0.40172386
0.36177316
0.3590502
0.515867
0.514027
0.51712483
0.5262653
0.52075785
0.357102
0.52219343
0.49830654
0.4738114
0.37732223
0.3514556
0.36020705
0.49995452
0.51610976
0.4182708
0.45307258
0.35161027
0.3727859
0.49083754
0.42459527
0.4838802
0.35627776
0.5200486
0.51791215
0.53118527
0.5265415
0.3833785
0.35480025
0.5060131
0.493212
0.4313207
0.5287483
0.35591212
0.4147338
0.4762263
0.51341593
0.44171348
0.35741168
0.5171681
0.3559038
0.4815231
0.51991737
0.3588271
0.5298665
0.4268691
0.3543184
0.50806546
0.51943237
0.5298953
0.3560905
0.43669465
0.35578573
0.5186114
0.35982114
0.362531
0.49374017
0.5194822
0.5182018
0.51467496
0.34953466
0.36258855
0.3543359
0.50870746
0.36165738
0.3602298
0.361993
0.35643965
0.35554487
0.5236987
0.44111946
0.3758688
0.3791311
0.4265021
0.51289815
0.4847888
0.34946814
0.5168466
0.51677513
0.463843
0.4307814
0.52234155
0.52158064
0.35035074
0.34997866
0.34873825
0.3614252
0.51517254
0.4247188
0.5197999
0.4900656
0.4769284
0.5250397
0.5206323
0.5164008
0.5042209
0.35508588
0.5205915
0.42627445
0.51268286
0.35764256
0.36247388
0.46116927
0.5284491
0.4550253
0.35941175
0.5115803
0.3795959
0.36038744
0.3690168
0.4285887
0.51566035
0.35793856
0.3650108
0.4235784
0.43121144
0.3588064
0.5260869
0.37195885
0.36005843
0.37390354
0.517478
0.50516117
0.36213392
0.3584472
0.5087908
0.4639939
0.50478286
0.38420036
0.36796302
0.50902426
0.51352465
0.42511505
0.36183444
0.50393975
0.4513998
0.36164376
0.3552657
0.3725653
0.4312728
0.51314735
0.5163398
0.35426176
0.35662732
0.36038864
0.36252788
0.49220046
0.5153572
0.43225265
0.43506372
0.42660818
0.51357925
0.5134054
0.522765
0.42926303
0.50473946
0.42556834
0.5149818
0.5191726
0.3576982
0.35393375
0.5090465
0.35926867
0.52367604
0.3598177
0.36700872
0.4337173
0.3612506
0.3585341
0.5034778
0.5279139
0.51723933
0.43505776
0.3603471
0.3606655
0.36303648
0.5067096
0.42333096
0.46362185
0.35186517
0.3512737
0.512103
0.43807012
0.51049644
0.4314496
0.3590667
0.35334623
0.35684064
0.5060307
0.5161211
0.37595043
0.5105744
0.5067139
0.4304389
0.5226217
0.50650734
0.41806382
0.48424634
0.36624715
0.48836914
0.36212468
0.51275736
0.5041493
0.35839137
0.35934973
0.51223546
0.52257824
0.3575986
0.47998932
0.3716298
0.522602
0.51348215
0.46520397
0.3577314
0.36310184
0.43335706
0.35359216
0.5168119
0.451846
0.36106232
0.48488644
0.49012792
0.365391
0.52053833
0.35459384
0.35526982
0.43141547
0.43347597
0.5270837
0.35866818
0.3639579
0.36168805
0.52299416
0.50867695
0.42893273
0.43832928
0.506635
0.52388686
0.5013311
0.42489088
0.4286523
0.5231985
0.36517242
0.36536372
0.4413482
0.4315195
0.51973814
0.3776085
0.35606277
0.5069226
0.5079667
0.35883442
0.42812213
0.35763696
0.44462433
0.3522714
0.48126352
0.3557837
0.5151575
0.43281507
0.42991728
0.4417927
0.3585016
0.36108926
0.3573944
0.44573805
0.49398702
0.38194785
0.5006181
0.524008
0.4855765
0.42264074
0.35945177
0.5088795
0.35321057
0.48385525
0.43803665
0.37003008
0.43061528
0.36226133
0.3582453
0.35667378
0.41840273
0.363502
0.4380097
0.43433836
0.49846005
0.42606127
0.51090944
0.43449405
0.35879886
0.3590081
0.35096318
0.36612463
0.5228827
0.36002356
0.36209208
0.42456317
0.51262337
0.52601075
0.4330095
0.35615197
0.38341266
0.36172616
0.5226915
0.35792884
0.5184732
0.4256924
0.4315641
0.5185008
0.3545994
0.5066555
0.52094436
0.35826626
0.5132784
0.51829696
0.360016
0.4355285
0.35217965
0.52473444
0.520906
0.5155055
0.51519865
0.5108033
0.36827597
0.3553084
0.37122446
0.35396773
0.36671588
0.51948726
0.4768698
0.36037117
0.48732924
0.35485047
0.53019357
0.3774773
0.36095634
0.36650202
0.4842879
0.4390073
0.35808384
0.36496004
0.35713074
0.5212087
0.3552576
0.5277278
0.51818824
0.49570632
0.3585613
0.511886
0.35883126
0.42801842
0.4284426
0.36038294
0.44761166
0.3639099
0.4918369
0.36516508
0.5007084
0.4856091
0.37938988
0.352474
0.3627064
0.50447655
0.5005705
0.50295377
0.4146784
0.3534405
0.5014948
0.44136348
0.5252002
0.34970814
0.5095671
0.50745803
0.42758936
0.35565028
0.43358034
0.5170316
0.51709414
0.3492549
0.5293129
0.50984347
0.35847664
0.36031112
0.35379308
0.5163783
0.3791358
0.51285493
0.5122015
0.35890183
0.35934275
0.35020554
0.3728068
0.45562017
0.5044701
0.5243537
0.51474243
0.43148488
0.48292637
0.36974895
0.5279665
0.5034354
0.52925813
0.36257598
0.35268945
0.43050078
0.3598476
0.5054305
0.48635533
0.37707397
0.5190749
0.36367288
0.35714874
0.5219084
0.43197504
0.43487778
0.52065045
0.34803596
0.48785636
0.48169768
0.5052255
0.4626113
0.3685734
0.5136587
0.50326604
0.51303166
0.35404095
0.4846412
0.518607
0.50440043
0.5159787
0.49666792
0.5248919
0.5217624
0.36569
0.36609083
0.49264526
0.3496048
0.35964146
0.36571154
0.35589024
0.35851467
0.35524786
0.5109996
0.4782439
0.43065083
0.44233328
0.526171
0.36438718
0.3641647
0.5181329
0.3527407
0.52668256
0.51145136
0.4643455
0.4325021
0.5180196
0.35665566
0.3704563
0.51786035
0.4302799
0.35695457
0.5021031
0.35572913
0.4727002
0.35584846
0.35484698
0.50002253
0.3568111
0.35768178
0.35055003
0.3555633
0.432418
0.357146
0.34916097
0.51781654
0.5029949
0.43028504
0.35664576
0.5133399
0.350538
0.35883763
0.50755537
0.4597626
0.36967638
0.44114965
0.42712915
0.5083441
0.35834208
0.5387986
0.4589856
0.3585141
0.4333589
0.35359642
0.43355376
0.3568586
0.35235462
0.35665372
0.5074663
0.43370193
0.35386896
0.5137984
0.3684411
0.36039096
0.4238433
0.35784677
0.5088282
0.44591355
0.49961418
0.35852927
0.3709229
0.35383874
0.49994206
0.3819461
0.5224488
0.35491878
0.36270276
0.43775478
0.35580847
0.36021322
0.50105643
0.5175797
0.43608552
0.51320213
0.36305305
0.35924467
0.50582856
0.48961055
0.5006528
0.35965642
0.52586657
0.52052796
0.4384017
0.5240826
0.35979325
0.5315919
0.504611
0.5218912
0.35351947
0.3960911
0.3606083
0.42797798
0.36146507
0.5224176
0.35424215
0.5197284
0.4280823
0.49579996
0.526979
0.3555558
0.35819027
0.35778865
0.48087132
0.5261863
0.51239634
0.5307152
0.44589067
0.4514374
0.49291652
0.35922888
0.4277869
0.4694969
0.48906118
0.3647715
0.5145173
0.4779961
0.52193516
0.5091557
0.36587408
0.3577949
0.51415706
0.5246769
0.3582209
0.47004178
0.43301588
0.5239779
0.35570762
0.36788693
0.5188752
0.49382922
0.4731316
0.5159863
0.5084955
0.35459664
0.3569839
0.3523827
0.5220089
0.5216618
0.41994172
0.5188353
0.44046772
0.5147282
0.53172374
0.5099569
0.35206684
0.36471966
0.5219276
0.3560664
0.37263423
0.35574067
0.48531973
0.35958812
0.3585878
0.35540274
0.43000898
0.5219782
0.4296763
0.5134422
0.36083964
0.44516966
0.36085212
0.44001552
0.44583744
0.36047345
0.35661113
0.35752928
0.47500128
0.43284595
0.5144669
0.3610099
0.52173996
0.4341211
0.36721653
0.3623183
0.45243078
0.4431292
0.42641968
0.48865008
0.35786504
0.42995086
0.36296898
0.4529586
0.43309006
0.45518377
0.4319657
0.4242011
0.5136502
0.35438728
0.51898235
0.51124316
0.49447954
0.50978714
0.35249433
0.5081909
0.5216624
0.48339832
0.35869023
0.52406996
0.46883193
0.5157492
0.42068285
0.35353237
0.449353
0.49922374
0.42670026
0.5195348
0.35807124
0.35948518
0.36210755
0.4505639
0.50987047
0.44452745
0.42938817
0.45676336
0.5142842
0.35993847
0.52580106
0.5229348
0.49408305
0.50230455
0.50739676
0.43125752
0.3617794
0.5132701
0.43240386
0.5218443
0.42675176
0.5134002
0.4380148
0.49561915
0.5254541
0.36391503
0.44711238
0.5277798
0.35943663
0.5138526
0.35848334
0.35783494
0.3617431
0.3487348
0.42796165
0.35651246
0.4441858
0.43434718
0.52370447
0.35828674
0.49978247
0.48682404
0.36110348
0.35993254
0.509357
0.50712675
0.42275035
0.5126977
0.51606303
0.504698
0.36235672
0.5219479
0.34987405
0.5160494
0.36298826
0.36060968
0.43303117
0.5163586
0.35933757
0.524716
0.43152928
0.49517563
0.42464212
0.36930004
0.5072747
0.52673775
0.3566855
0.52595806
0.5157754
0.35889477
0.49151018
0.355427
0.3546206
0.42146185
0.4323596
0.47166502
0.46989286
0.43883994
0.44134444
0.48461634
0.431798
0.43517154
0.3526844
0.4907096
0.42823395
0.43571135
0.35594222
0.35017905
0.5241513
0.42835826
0.43145233
0.35248142
0.51326746
0.46636158
0.34927335
0.51160216
0.3562964
0.4305699
0.5093662
0.36686388
0.35728088
0.50614476
0.52340317
0.43386573
0.44882253
0.44081348
0.35562214
0.43417445
0.5228291
0.43120354
0.42767975
0.36514083
0.3647418
0.43422267
0.42970777
0.42605418
0.512934
0.5161048
0.4998739
0.3800513
0.43087202
0.50015765
0.379776
0.36267596
0.49915206
0.36391762
0.5057456
0.5270881
0.52153105
0.52261686
0.3533256
0.3570019
0.50970507
0.5265326
0.51817554
0.51196814
0.48348534
0.4335583
0.5275761
0.36898232
0.523637
0.4858942
0.36669093
0.37163273
0.3528266
0.36030117
0.51701987
0.5036661
0.50190026
0.38865194
0.5171233
0.35121128
0.445703
0.35234776
0.5018496
0.51451653
0.5212327
0.52662736
0.51939744
0.3781972
0.43200335
0.3582766
0.4956735
0.513817
0.4481318
0.35576928
0.520529
0.5219576
0.43986124
0.36891493
0.5125111
0.3531692
0.50303334
0.50228363
0.523104
0.36435944
0.4334874
0.51879996
0.35236883
0.35701895
0.35780647
0.5228322
0.35331303
0.4867599
0.51017123
0.47481623
0.35085726
0.36770356
0.4882307
0.5081552
0.35177824
0.5154388
0.43924433
0.35769197
0.3739963
0.39596862
0.35949597
0.5066455
0.42791528
0.3545507
0.50751144
0.5044341
0.3654896
0.38007554
0.5027592
0.37655997
0.48979384
0.35255978
0.35868675
0.37736517
0.35947204
0.50273603
0.36336488
0.3524503
0.513143
0.35207927
0.36076352
0.4644805
0.44761732
0.35109273
0.35794047
0.43654588
0.42983815
0.49166724
0.508928
0.50890225
0.35472032
0.51491624
0.36452448
0.5122884
0.3622263
0.5274825
0.52013147
0.51619494
0.5230245
0.35419738
0.3507639
0.42840895
0.4971872
0.4255392
0.4885329
0.42281583
0.48190573
0.4285882
0.4605273
0.48122102
0.42724475
0.51416737
0.49664024
0.51259404
0.44198143
0.51596534
0.36552402
0.35689425
0.51815253
0.36130184
0.35733804
0.36692062
0.35605606
0.5063122
0.5138598
0.5150094
0.5223271
0.35329685
0.5194092
0.3564598
0.3673986
0.36969745
0.49915367
0.35726336
0.3582726
0.4335095
0.50951815
0.36387897
0.4333256
0.35516968
0.36214906
0.36299643
0.36558992
0.35467517
0.50550556
0.3522998
0.51766926
0.3548577
0.4322367
0.3602834
0.5181907
0.4782881
0.35783747
0.35348126
0.5220544
0.51371026
0.35969564
0.3553791
0.3604514
0.43964934
0.50550914
0.52081084
0.3736066
0.50867444
0.48086593
0.52067244
0.35574016
0.5154362
0.35963726
0.37390712
0.44851974
0.5144734
0.35002348
0.4319592
0.5132631
0.358222
0.3599114
0.3588919
0.35714892
0.5127276
0.52581054
0.3555766
0.42608434
0.5281706
0.35440513
0.4588429
0.4971793
0.36337745
0.35020998
0.52421784
0.35137072
0.3539358
0.49939492
0.4315251
0.5079587
0.3583701
0.35687622
0.3512099
0.38860115
0.3614675
0.50019306
0.41890937
0.35382184
0.42027384
0.5169714
0.47433147
0.50928336
0.44056538
0.39993706
0.35368767
0.50018775
0.37469128
0.42562425
0.34833658
0.42087087
0.5058658
0.4332157
0.37757596
0.5146107
0.4274715
0.36597556
0.45928636
0.49684632
0.5175676
0.3518576
0.5113436
0.35300377
0.4330771
0.49406016
0.5164792
0.35391304
0.4514439
0.50579315
0.35117596
0.36645648
0.52119434
0.3565824
0.5184817
0.3528079
0.49464527
0.42151755
0.35750136
0.5184583
0.3511901
0.35388628
0.43996644
0.52329904
0.35224193
0.37013206
0.5316356
0.44694847
0.5209484
0.5168109
0.4417868
0.50624084
0.44278342
0.3586954
0.5139997
0.3561205
0.42318818
0.35558906
0.37224007
0.5283027
0.3507988
0.5134358
0.44435847
0.36149403
0.35791036
0.3541384
0.35525402
0.5127993
0.35666072
0.5047081
0.35273802
0.43212467
0.44731784
0.51316345
0.5187277
0.51909655
0.3611103
0.501784
0.3519776
0.36392885
0.35547656
0.37120163
0.37621224
0.5023159
0.43107423
0.4348929
0.3553141
0.44760475
0.52185196
0.50817156
0.51547885
0.5241223
0.5171124
0.5099894
0.49990305
0.5126786
0.3498201
0.48205703
0.4517871
0.35251763
0.4675748
0.5125483
0.3602832
0.5174636
0.35499263
0.441324
0.51586074
0.5273769
0.4470205
0.43731406
0.5205155
0.35177097
0.35790077
0.35431898
0.35439453
0.436116
0.38417482
0.35230118
0.51031756
0.5119534
0.5021858
0.43079975
0.4243185
0.35899106
0.42901462
0.42857915
0.44351044
0.35528073
0.50100285
0.35347614
0.4913424
0.36164883
0.4583561
0.51882625
0.52012485
0.43594477
0.35802808
0.49876365
0.36233884
0.500784
0.35580623
0.3577797
0.3552447
0.42413688
0.51710564
0.35237956
0.35401016
0.4381544
0.514069
0.44188425
0.35239375
0.5023358
0.4931204
0.53381133
0.3599191
0.36111242
0.50412095
0.36623296
0.36041078
0.42902863
0.43440914
0.43618193
0.42939985
0.3526092
0.5089045
0.4643155
0.35503563
0.43562913
0.42550647
0.34948188
0.35776708
0.51959705
0.50883836
0.34868947
0.35843524
0.355864
0.51525587
0.36580983
0.48527628
0.43292806
0.44165966
0.35764885
0.35285267
0.5046782
0.5200926
0.51282334
0.46727663
0.44852257
0.5254587
0.3547
0.3690625
0.35784486
0.50632405