0.49833187
0.99998057
0.44395566
0.4970135
0.44387996
0.00052148814
0.0013575818
0.99994993
0.4439088
0.760273
0.04727098
0.00051978696
0.00039540476
0.44398415
0.99824405
0.00016342777
0.0017251035
0.96350104
0.00033693097
0.4965181
0.8468534
0.0004787347
0.44385827
0.0014424669
0.00038164065
0.001478856
0.49604577
0.97147244
0.44396552
0.9992341
0.0005612425
0.44378403
0.74955827
0.44389215
0.44392192
0.44394124
0.49684024
0.9915598
0.9999757
0.99987674
0.00019694357
0.49611387
0.0011801965
0.44395217
0.00039932597
0.0044248793
0.4967235
0.9747706
0.0002431874
0.9995536
0.9771688
0.0030313923
0.9997024
0.9997391
0.49612638
0.0053503816
0.4976315
0.0037770441
0.0009720512
0.0003840892
0.49876145
0.9991658
0.49698666
0.44396365
0.8249275
0.82678866
0.4991502
0.0035255805
0.5688001
0.49738425
0.9995516
0.00071672874
0.8281932
0.18351947
0.007858718
0.0006016642
0.00041420455
0.4967917
0.4437723
0.44391966
0.0007163293
0.0007510966
0.4438826
0.99427325
0.9996729
0.0018949909
0.49610084
0.9992157
0.99931836
0.74828506
0.0005526338
0.00043087552
0.999566
0.9897676
0.045393404
0.00077254704
0.9992549
0.98000014
0.999889
0.9999392
0.44390768
0.4439008
0.0007261698
0.0003759486
0.44393334
0.005523531
0.0005162853
0.9837779
0.99933004
0.9796274
0.0005035585
0.44395703
0.94813293
0.00014275832
0.443843
0.00053737394
0.00044890362
0.01244952
0.99965775
0.5702061
0.95671684
0.996265
0.0041169557
0.9999732
0.0013988335
0.9995407
0.0007785511
0.00041409893
0.00023382617
0.9846124
0.9996326
0.9817059
0.0018590593
0.996872
0.0019044263
0.00040935574
0.57493645
0.99998116
0.44398028
0.0008663701
0.9998074
0.0003836464
0.9942304
0.00028980558
0.6887825
0.00018588125
0.0005127161
0.44405037
0.018076703
0.0018361877
0.9993357
0.87869316
0.44393706
0.00062109
0.00035771687
0.44257239
0.999967
0.0005294737
0.00022791376
0.91656035
0.99985576
0.9983595
0.6044135
0.9912443
0.9991321
0.0006021475
0.5011322
0.49542385
0.00437601
0.00028356578
0.0006495629
0.44379577
0.0003406602
0.39099643
0.00061994325
0.0025775232
0.0006664085
0.9999312
0.0017417968
0.00032181953
0.33840752
0.000448894
0.0005359356
0.9999771
0.9696172
0.99365544
0.44393536
0.44387805
0.00034196107
0.9979849
0.00046360545
0.9999167
0.99966013
0.9998598
0.0006697655
0.0031913437
0.44391558
0.9960491
0.006301396
0.00062244054
0.0026407635
0.98954153
0.99966586
0.96312803
0.9995079
0.9999796
0.00061055884
0.99984753
0.0005900259
0.002220878
0.44391668
0.44386777
0.99986815
0.007289688
0.44392312
0.44387504
0.0011436876
0.21607457
0.00048270455
0.001350336
0.05244642
0.9992943
0.0004938652
0.0016714336
0.00053022034
0.9994092
0.9920963
0.00045487448
0.44393775
0.00073186454
0.9983065
0.4439163
0.26181018
0.44392926
0.49667063
0.44387326
0.99975926
0.9999559
0.00012314926
0.00048717798
0.0014172777
0.00068777247
0.9998853
0.98964614
0.8319768
0.00021294905
0.44381648
0.011379012
0.44388205
0.21419413
0.9999894
0.0005200402
0.9818564
0.00031589012
0.0006702406
0.00030793354
0.98994267
0.965971
0.90769815
0.9998704
0.999894
0.0020461231
0.9999571
0.99592495
0.18726386
0.002978429
0.00039260523
0.00027865378
0.43796632
0.9994874
0.44380328
0.4362558
0.00032341704
0.0016190221
0.89153993
0.49616864
0.20623529
0.000601965
0.9978557
0.9734692
0.99993885
0.9999528
0.010672067
0.00043249974
0.99988806
0.98797905
0.4439238
0.9997732
0.00055916514
0.4438659
0.59027886
0.99976724
0.4964993
0.00022439283
0.9787612
0.00027776256
0.6972507
0.9952194
0.00019930357
0.9997234
0.4439091
0.00027901403
0.32615775
0.9984724
0.99986637
0.0029594249
0.49738246
0.0018926853
0.99948114
0.00019004801
0.00092424726
0.9240527
0.9991093
0.9967801
0.9986181
0.0002764271
0.0015787618
0.00050228834
0.99786276
0.00034574792
0.00090255967
0.00022402791
0.00028646353
0.0005052357
0.99972504
0.4967099
0.0018342573
0.0017382561
0.44390398
0.97731304
0.8010047
0.00027859642
0.9995579
0.999584
0.69064623
0.44388834
0.9998882
0.9998661
0.00027954736
0.0004131034
0.00043653554
0.00020176204
0.9994248
0.443706
0.99954635
0.8149688
0.9237066
0.9970452
0.99997604
0.9977126
0.9893588
0.0004850222
0.9998436
0.4530762
0.99522865
0.0010152493
0.00017071709
0.49948567
0.99992645
0.49754024
0.0187828
0.9961062
0.0022918207
0.00023020296
0.004405449
0.4439189
0.90940607
0.0021956926
0.0006252767
0.44392765
0.44388688
0.00019924619
0.9998586
0.0025454778
0.00031392905
0.008569533
0.99894315
0.877613
0.00020669543
0.0015907405
0.9995641
0.9606428
0.94506866
0.0065849754
0.027125746
0.9223182
0.99959606
0.4600971
0.00025333482
0.99906176
0.4988654
0.01968329
0.00033210206
0.010232055
0.44393188
0.9989311
0.99795616
0.00076679065
0.0012410159
0.0010391948
0.0003267406
0.9947372
0.9991999
0.44614086
0.49617556
0.4440201
0.9998344
0.99980825
0.99895585
0.44394416
0.9655196
0.44385636
0.9870281
0.99954456
0.00041383712
0.00037177632
0.97391844
0.0003447393
0.99994874
0.0009815814
0.0015771346
0.44394433
0.00018695058
0.00030695545
0.99183935
0.9999664
0.9998253
0.44487172
0.00054382044
0.0014008838
0.0005335232
0.9945644
0.4438773
0.36181378
0.0006304246
0.00041029314
0.9999056
0.49403852
0.6323451
0.44393072
0.00061089767
0.0021841023
0.0007625613
0.997033
0.99987257
0.0042387526
0.99875665
0.9987913
0.44395754
0.99989486
0.9917386
0.4439079
0.95294845
0.0011107805
0.4801285
0.001156706
0.99869233
0.5592428
0.00051521044
0.0004077117
0.99982136
0.99988735
0.0009618258
0.8600784
0.0018453563
0.99996793
0.9997931
0.38920096
0.00053476344
0.0032003028
0.44393283
0.0011251625
0.99798536
0.49902463
0.00031321694
0.99105376
0.98588085
0.001959411
0.99953675
0.00042972286
0.0007233477
0.44393146
0.4439161
0.9998343
0.00015673348
0.022424463
0.0022987602
0.9996908
0.9999174
0.44369206
0.49680465
0.8489647
0.99995565
0.98786736
0.4438864
0.4433842
0.9999262
0.00211158
0.0030442511
0.4973762
0.44393423
0.9998944
0.0023779913
0.00054067135
0.9586162
0.99968195
0.00044663963
0.44376102
0.00045903958
0.19860977
0.00064315455
0.89056325
0.0031390602
0.9995455
0.4439318
0.44389722
0.4973597
0.0976744
0.00052719144
0.0004398408
0.5213733
0.42384988
0.0057963682
0.99299085
0.99999154
0.9474156
0.4437939
0.00051008625
0.96654874
0.0016602869
0.8982494
0.44386655
0.05696089
0.47552598
0.00057207583
0.00047057244
0.0058239587
0.44391638
0.0002516907
0.49832454
0.44390747
0.99945253
0.4438104
0.99760455
0.44392264
0.0007199263
0.00071145
0.00031254697
0.0004330548
0.9989213
0.0016751575
0.00013376548
0.44393292
0.9979499
0.9997681
0.443963
0.00024555647
0.0054331236
0.00039657598
0.99928135
0.00073928223
0.999962
0.4952733
0.44393742
0.9996599
0.00063729205
0.98424315
0.9979868
0.0002735641
0.9739032
0.9836611
0.0002829584
0.49622053
0.00021781401
0.9999448
0.9979962
0.9999621
0.98400784
0.99545044
0.0003220964
0.00053221255
0.0024261489
0.00025676226
0.002726888
0.99846315
0.510763
0.0006388939
0.7628244
0.0004715754
0.9994973
0.008051428
0.00038941173
0.015799621
0.3974862
0.4957522
0.0019347399
0.0026913532
0.00023454962
0.99972814
0.00018781317
0.9999895
0.99995923
0.9824195
0.00023160182
0.98063666
0.00085922104
0.4439223
0.44391328
0.0012333491
0.4972919
0.00047186879
0.5752456
0.00018756531
0.995861
0.64912647
0.0011604617
0.0006310302
0.0002357145
0.99809295
0.9982199
0.9983558
0.43815526
0.0010288528
0.9471247
0.49486563
0.9999145
0.0003104906
0.91992295
0.9911849
0.4439087
0.0008087882
0.44394082
0.9916442
0.9998884
0.114069514
0.9999713
0.996786
0.0036804962
0.001679809
0.00038873573
0.99983084
0.018807115
0.61874944
0.9994271
0.000558817
0.00040779836
0.0010655219
0.004530059
0.49944183
0.97310704
0.99468225
0.9718454
0.44385108
0.67020303
0.001453437
0.9996044
0.9876961
0.9993161
0.0012178058
0.0006381947
0.4438329
0.00016292132
0.9986179
0.48884422
0.0051499004
0.98878247
0.0003545477
0.0003931989
0.9971752
0.4404431
0.49695498
0.999915
0.001039268
0.9926548
0.8931542
0.99996305
0.24018538
0.001068119
0.9995839
0.99375594
0.643677
0.00055129273
0.87523484
0.99882144
0.9916432
0.9941497
0.9721085
0.999796
0.9962555
0.0025162343
0.0011286149
0.96456337
0.00026981157
0.032442033
0.0037519224
0.00028501585
0.0012764862
0.00027272632
0.9985587
0.7041992
0.44386518
0.49728405
0.99991953
0.013704487
0.00028145144
0.9999411
0.00058424135
0.9985898
0.9998541
0.4940128
0.49547958
0.9985537
0.00029351356
0.0011794638
0.9999281
0.44390488
0.0014049493
0.9885874
0.00047636553
0.49534056
0.00033414477
0.0008397983
0.9300419
0.0005797192
0.0004872251
0.00022041945
0.00096549
0.44395694
0.0007870545
0.007669891
0.96309304
0.9991229
0.44071147
0.00021986468
0.990595
0.00043439525
0.0005459709
0.9993315
0.4990396
0.00047834284
0.49580747
0.44393095
0.99900514
0.0008717917
0.99992704
0.22585583
0.0003250439
0.44395027
0.003917491
0.44364405
0.0001063964
0.00042116918
0.00041687183
0.9086945
0.4958709
0.00029951238
0.9909305
0.00026270453
0.0004465207
0.4439254
0.0011270312
0.9956962
0.49693266
0.9926346
0.0003716114
0.0017524142
0.00040322798
0.96964014
0.0012803625
0.99857426
0.00022821665
0.0025936326
0.5034327
0.00083327875
0.0007012118
0.99674016
0.9999453
0.44216466
0.9997261
0.00072795467
0.00019506631
0.99246126
0.16692923
0.5975559
0.0005140731
0.9995641
0.98351926
0.49581087
0.9999571
0.00058302836
0.99940956
0.9864021
0.9977763
0.0002560013
0.006297155
0.00011957406
0.44884443
0.000384551
0.99996674
0.0004015264
0.9999523
0.44362593
0.9710225
0.99945253
0.0004481099
0.0010789391
0.0009545912
0.55657256
0.9998186
0.99230933
0.99988747
0.5005427
0.4952197
0.7477381
0.0006832438
0.44395304
0.9567598
0.7498079
0.0009770092
0.99962866
0.89869356
0.99817884
0.99961436
0.0009414065
0.00030511382
0.992855
0.99999034
0.00027120402
0.46153596
0.44396445
0.99936825
0.00044873566
0.0018119799
0.99992
0.9810151
0.14104825
0.96056145
0.9831203
0.00028184618
0.0005434575
0.1875518
0.9999757
0.99999094
0.44374347
0.99994206
0.49846822
0.9997044
0.9999329
0.9724806
0.0003565455
0.12434236
0.9952479
0.0011695861
0.0025129786
0.0013554088
0.5695654
0.0008312382
0.00035979785
0.00029452998
0.44389015
0.9997658
0.44393554
0.9860805
0.0016041305
0.49780065
0.0010335373
0.44378573
5.6247546e-07
0.019718196
0.00041589123
0.00039210645
0.6033092
0.44394833
0.99004465
0.00026055062
0.9974045
0.4439532
0.0026217627
0.0010619259
0.43170366
0.49680534
0.4438263
0.4522662
0.0023971072
0.44391614
0.00047712086
0.49745667
0.4439441
0.16475864
0.44394195
0.44399866
0.99982774
0.00024971084
0.99958307
0.99701667
0.99657
0.93553454
0.00058522134
0.99771523
0.9998191
0.52834827
0.0003363815
0.99417996
0.21894102
0.99743336
0.43110958
0.0005606413
0.49832708
0.99630666
0.4438559
0.99864227
0.00038360106
0.0020754782
0.0016477745
0.2936277
0.99979526
0.4974657
0.44389036
0.49844003
0.99875987
0.0010278489
0.9999757
0.99978477
0.9946331
0.9915597
0.9946074
0.4439139
0.0018835947
0.9998016
0.44395453
0.9992982
0.443941
0.9993273
0.49700233
0.9777551
0.9995204
0.049906496
0.49957395
0.9709052
0.00054292835
0.9998425
0.00037125713
0.00025117985
0.0007629065
0.00027819484
0.44390708
0.0003244399
0.49583396
0.49785194
0.9992379
0.0018719103
0.9457701
0.5168286
0.0015693242
0.00046993818
0.998302
0.73686427
0.44372562
0.92298216
0.9992562
0.99894005
0.00024291582
0.9989542
0.012629884
0.9969829
0.0013910612
0.00029969262
0.44393453
0.99632806
0.0002970542
0.99995077
0.44392943
0.9892406
0.4438321
0.0009637705
0.95035964
0.9991893
0.0023100062
0.994165
0.99671185
0.0004057832
0.9441714
0.00016188952
0.0002064583
0.44391075
0.44369859
0.87335044
0.34992495
0.49586987
0.49814013
0.7905937
0.44394532
0.5010197
0.00056461286
0.8038353
0.44384992
0.44392347
0.0005167806
0.00022320494
0.9410998
0.44391045
0.4878786
0.0003865407
0.99707437
0.44714135
0.00039784733
0.999483
0.000241814
0.44360453
0.992046
0.0010441811
0.0011221305
0.9983152
0.9998596
0.44397306
0.33625644
0.50127405
0.0004582917
0.44397596
0.99986994
0.4439409
0.44390446
0.015345168
0.00082613947
0.44392088
0.44392192
0.44388393
0.96187365
0.96649116
0.9910759
0.0011437116
0.44394797
0.99208814
0.0067132297
0.00026397672
0.64793247
0.00043247687
0.9990526
0.9999013
0.9998692
0.9999455
0.00036479675
0.00022837272
0.9524638
0.99969804
0.99851185
0.99044
0.495682
0.4439383
0.9868758
0.001625953
0.9986305
0.99434584
0.0002259976
0.004936718
0.0007798769
0.00041327375
0.9821354
0.9453348
0.97906196
0.004069581
0.9999567
0.00020598598
0.49840117
0.00034836438
0.9971409
0.9993773
0.9710061
0.9999585
0.998494
0.00818968
0.44393235
0.00022255722
0.996808
0.94642377
0.4959258
0.00031044293
0.9999801
0.99992025
0.498607
0.0060662674
0.99983776
0.0023331393
0.99422836
0.98985475
0.9995672
0.0004424021
0.44387594
0.99924636
0.001998032
0.00034016656
0.0006814279
0.99976116
0.0010237381
0.38942853
0.9961572
0.9397576
0.0011596219
0.0004780024
0.9414859
0.99850404
0.0005740955
0.9997621
0.49736512
0.00051779905
0.001577764
0.017251587
0.00025507645
0.9995782
0.44389698
0.0012953274
0.97781414
0.99696964
0.0021676002
0.009906128
0.99377465
0.0027773648
0.97658235
0.0004563046
0.0020572257
0.0019920943
0.00027204124
0.98230034
0.00074867054
0.0003451686
0.99796695
0.0024540073
0.0007632239
0.4970607
0.13906378
0.0005208101
0.006727706
0.44391197
0.44390136
0.999141
0.9986896
0.99971527
0.0009536162
0.9841511
0.00037806443
0.99931896
0.00089144224
0.99975353
0.99876297
0.9998135
0.9933508
0.00044493118
0.00031101768
0.4438875
0.9457375
0.44387016
0.75835913
0.12078945
0.41957816
0.44389552
0.7411218
0.60459375
0.4438888
0.8724089
0.91745156
0.9998747
0.4988118
0.990546
0.0041608866
0.00053407805
0.9487741
0.0017771147
0.0006334211
0.00028729776
0.0007293087
0.97484744
0.98588157
0.99928135
0.99790335
0.00015060317
0.9998963
0.00026049497
0.0012719441
0.013869085
0.94096553
0.00033478506
0.00027227218
0.44395557
0.99872416
0.0030585509
0.44394302
0.000141684
0.0010117298
0.0002558154
0.000648077
0.00048534153
0.9965922
0.00014455453
0.9998062
0.0003865871
0.44364968
0.0001825103
0.999017
0.74887025
0.0003765582
0.00021866924
0.99993825
0.983192
0.0003494068
0.00043606848
0.00086670613
0.44388694
0.95702124
0.99982184
0.0018908684
0.99892324
0.92676586
0.9992899
0.00027965958
0.9999589
0.0006836509
0.0010091999
0.5928062
0.9932334
0.00028648484
0.4438557
0.9807669
0.00041054218
0.0005180086
0.00015012428
0.001540064
0.99780375
0.9994368
0.00013981728
0.44385502
0.99970883
0.0002741471
0.4399128
0.99084973
0.00029897317
0.0026836237
0.9999598
0.000750517
0.00022904393
0.99767953
0.44388956
0.9997805
0.00038690772
0.00042824826
0.0006656741
0.049479403
0.017726822
0.9996351
0.44385704
0.0003003468
0.4438885
0.99965155
0.855287
0.9717399
0.49692035
0.016835835
0.00026157586
0.9748571
0.0029373723
0.4438876
0.0009118102
0.44358882
0.9977562
0.44398227
0.074722126
0.9999316
0.4438895
0.0065694316
0.25401676
0.9777348
0.9979206
0.0019453613
0.97423404
0.00034222557
0.44393748
0.3171639
0.9990349
0.0006298183
0.50058115
0.98977286
0.00038141664
0.00055062055
0.9998356
0.00013690419
0.9999355
0.00020242839
0.89583004
0.443899
0.0008632351
0.9957632
0.002305939
0.0002922063
0.49613506
0.9997545
0.00035182596
0.0042668665
0.99996626
0.49553227
0.9976792
0.99917537
0.4988269
0.99672985
0.49711955
0.00019000056
0.9997087
0.0002583136
0.4439533
0.00063911255
0.0013760711
0.9999738
0.0003162861
0.9715058
0.49867043
0.0003558945
0.00027795543
0.0007068827
0.00036242558
0.9974177
0.010211869
0.99832946
0.0002490869
0.44391057
0.49703744
0.9942992
0.99884355
0.9403002
0.0018389315
0.9744445
0.005472248
0.0005859849
0.0010936904
0.0017254773
0.0016554947
0.9972728
0.4439294
0.44392467
0.0007003696
0.14677511
0.9967417
0.9998505
0.9983559
0.9979962
0.9995695
0.9834047
0.97854704
0.9987141
0.00037957827
0.9571514
0.49877194
0.0007446187
0.6010215
0.99960786
0.00040810366
0.9977411
0.0003608029
0.49829695
0.9999887
0.99991655
0.49969155
0.49742436
0.99952364
0.0007069925
0.00013319832
0.0005758061
0.0001228865
0.45643952
0.01877642
0.0005248166
0.99983525
0.99842834
0.9816461
0.44394344
0.44388613
0.0047603543
0.44389942
0.44393006
0.4953891
0.0005953636
0.98676515
0.0010801542
0.9951668
0.0005438972
0.3510496
0.9998599
0.99989104
0.4981206
0.002104432
0.9852025
0.007553122
0.83937275
0.0005265704
0.0029565839
0.0003776118
0.44392583
0.9999498
0.00047701967
0.0045707305
0.49898914
0.9999262
0.5026974
0.00038498364
0.99550134
0.9466055
0.9999727
0.00038892866
0.00032788864
0.9991235
0.007281298
0.00020949982
0.4439194
0.48505622
0.4959807
0.44383907
0.00032709062
0.9991522
0.49500626
0.00014891442
0.4993457
0.4439132
0.0009677044
0.00065704813
0.9998091
0.9921359
0.00023368042
0.00036446372
0.0003308683
0.98312414
0.00058217323
0.88766855
0.44827366
0.49856806
0.00017676367
0.0035405632
0.99928087
0.99993134
0.9996557
0.49762854
0.22535966
0.9995789
0.00017132403
0.018473856
0.0008811564
0.9587913