0.9999999
1.0
0.00031855304
0.99999833
0.3490878
1.13515775e-08
0.0012366358
1.0
0.32181758
0.9468445
2.4064019e-21
2.6357314e-10
8.657731e-08
0.3259616
1.0
1.3724456e-13
3.4321808e-12
0.80809534
2.258599e-08
0.99488103
0.9999745
0.028722903
0.30869392
1.6743304e-06
8.637068e-15
0.35975942
0.7237399
0.99951303
0.004415558
1.0
2.0357072e-09
0.3344456
0.12613149
0.52171373
0.29967245
3.025768e-05
0.9999896
1.0
1.0
1.0
1.8370933e-08
0.82267183
0.31832078
2.6183527e-06
2.988017e-08
1.2724098e-07
1.0
0.9999584
2.3357072e-14
1.0
0.99999833
0.00045746416
1.0
1.0
0.9862773
4.0276743e-10
0.9999999
1.636239e-06
0.00011725977
1.5737427e-05
1.0
1.0
0.99999964
0.00025616368
0.9571699
0.9758674
1.0
7.440255e-14
0.8484669
1.0
1.0
3.7212592e-06
0.9923499
0.7130248
7.769065e-19
1.5994569e-14
8.1140844e-11
1.0
0.30725816
0.28374702
3.9137585e-15
6.6393916e-08
0.0745792
1.0
1.0
8.078162e-05
0.9999937
1.0
0.9999999
0.99964964
3.19592e-11
6.1381353e-09
1.0
1.0
2.4122137e-11
1.4541232e-11
0.9999999
0.99984896
1.0
1.0
0.010364258
5.184438e-09
4.0917753e-06
2.6026006e-10
0.0034308867
0.34944907
1.1918011e-13
0.99999833
0.9999999
1.0
6.869294e-05
2.2060597e-08
1.0
2.1710522e-10
0.33340588
1.7497165e-19
9.213449e-07
0.000247075
0.9999999
0.91446066
1.0
1.0
3.024075e-08
1.0
1.8412858e-05
1.0
0.09965555
2.3395028e-13
4.1030983e-09
0.99980956
1.0
0.99920076
1.1236373e-12
0.99964905
0.083101906
1.5786874e-09
0.5913424
1.0
0.33198264
6.5659425e-13
1.0
2.9306517e-07
0.99997246
6.977366e-10
0.9994591
2.5669058e-19
7.139539e-12
1.542178e-10
4.4354473e-10
0.3309837
1.0
0.99999595
6.334065e-10
3.2911668e-15
1.8996928e-07
7.2932606e-05
1.0
6.0248424e-14
2.7101375e-12
0.99997556
1.0
1.0
0.0005015836
1.0
1.0
3.602757e-09
1.0
0.9999988
0.010862897
1.2273026e-15
5.3660956e-09
0.36607343
0.0013445863
0.73145765
0.0023368218
0.35775968
0.06741859
1.0
2.4887555e-12
1.9722604e-11
0.8485067
4.5708083e-14
1.5674278e-08
1.0
0.99986243
1.0
0.066163346
0.3111533
1.7632397e-17
0.9999999
3.5917137e-11
1.0
1.0
1.0
0.041310117
1.759287e-12
0.0066033956
0.999951
6.945793e-13
8.116263e-12
7.008196e-08
0.99999917
1.0
1.0
1.0
1.0
0.017724574
1.0
1.6269433e-06
1.3961454e-12
0.0036686205
0.33609056
1.0
1.0310407e-12
0.36707482
0.36288154
0.0013078762
0.3926478
2.7882022e-10
0.0033192826
5.1050966e-19
1.0
1.3597748e-16
0.3521913
6.386506e-05
1.0
0.9999974
5.802955e-08
0.0054395148
2.1348945e-11
1.0
0.32675597
0.05286352
1.2724226e-08
0.9990514
0.34429482
1.0
1.0
6.3369732e-15
1.0507964e-09
1.4626887e-14
4.4041946e-05
1.0
0.999997
0.9986093
1.4923741e-14
0.30646917
2.5850324e-14
1.1479589e-05
0.071527265
1.0
5.937272e-08
0.88920724
1.1157824e-27
4.123601e-08
6.871174e-05
0.99999857
0.9999944
0.99999964
1.0
1.0
0.001524687
1.0
0.9999981
0.7516147
0.33705282
4.5495558e-08
1.8942413e-12
0.6382387
0.99999964
0.34931156
0.001954941
1.315829e-16
0.3638521
0.99966896
0.36380592
0.5280746
1.0348937e-06
0.99998415
0.99996436
1.0
1.0
1.8287723e-16
1.2183128e-07
1.0
1.0
0.03401519
1.0
1.2755857e-13
0.36210844
0.9796719
1.0
0.9948442
1.1548281e-11
0.9999999
4.4280427e-10
0.6333774
0.9999993
3.3282827e-13
1.0
1.9366523e-08
9.525925e-11
0.81113476
0.9999999
1.0
4.3643005e-05
0.99999666
7.668086e-12
1.0
1.77006e-17
0.015940225
0.85694027
1.0
0.9999995
0.9999999
3.1897174e-09
0.008156981
7.3547327e-19
0.9999739
1.0636726e-07
1.0176891e-11
9.7242804e-11
8.6694914e-13
2.7975016e-11
1.0
0.9999981
0.20545937
2.2412094e-09
2.569246e-05
0.9999933
0.9117998
4.878657e-10
1.0
1.0
0.48459852
0.03966506
1.0
1.0
3.7283348e-07
3.5335586e-09
5.3717586e-09
3.5340468e-15
1.0
3.9555543e-06
1.0
0.6936631
0.9924426
0.9999994
1.0
1.0
0.9999217
1.5994042e-15
1.0
2.3142765e-07
0.9999988
3.8731148e-19
3.7388165e-12
0.99999774
1.0
1.0
7.7046116e-07
0.9999937
2.8748358e-12
3.5007893e-12
0.3364654
2.400674e-07
0.9968802
1.3474362e-05
3.2938172e-15
0.13828844
0.31775615
2.87389e-14
1.0
0.00072832074
7.935492e-13
1.1011563e-08
1.0
0.99623674
5.0279014e-13
1.1454276e-12
1.0
0.99999225
0.9998109
1.0446423e-11
6.5093314e-13
0.9975762
1.0
1.0418143e-12
3.287533e-12
0.99999046
1.0
9.522901e-09
9.350408e-08
1.4868916e-09
0.34416246
0.9999987
0.99998677
1.03927256e-07
1.22538895e-08
0.094665214
1.9424368e-05
0.9999529
1.0
2.1043913e-07
0.99727505
0.33176032
1.0
0.9999999
1.0
1.0815249e-05
0.99998784
0.31645116
0.99993205
1.0
2.3153417e-12
7.9034924e-11
0.9999933
3.647431e-12
1.0
0.054703496
0.0009979198
0.00021006347
2.0611023e-13
7.840783e-05
0.99999535
1.0
1.0
0.06388862
3.6153997e-05
0.05357073
2.1077478e-09
0.9999999
0.001274597
0.002312503
2.8215822e-12
8.415221e-13
1.0
0.9986506
0.9466333
0.001775362
1.907671e-12
1.3860858e-13
6.7613854e-07
0.99999714
1.0
3.0132778e-09
1.0
1.0
0.33591485
1.0
0.99999857
0.42736608
0.99506515
1.3278142e-07
0.23099336
0.3616757
1.0
0.99977905
9.942584e-12
1.0055214e-08
1.0
1.0
7.0133797e-13
0.99910337
0.32765
1.0
0.99998605
0.038242728
1.7671391e-09
3.0168163e-08
0.36459357
0.00020069431
1.0
1.0
3.0219502e-10
0.9997261
0.99997926
1.7163555e-15
1.0
9.010592e-06
5.5871405e-13
0.0006142799
1.5878927e-08
1.0
5.033807e-15
5.778237e-06
8.31908e-07
1.0
1.0
1.0492557e-06
0.74771136
0.9435907
1.0
0.99999845
0.42859566
0.01189766
1.0
1.1606013e-13
2.6998345e-12
0.9989825
0.35246938
1.0
0.10516302
2.88814e-07
0.9999572
1.0
2.9924455e-10
0.004860733
9.7364186e-11
0.24562775
5.279713e-15
0.9998722
0.0010920434
1.0
0.3617564
0.34396642
1.0
8.2937995e-06
5.7435064e-11
2.047803e-09
1.0
0.021447437
4.2797238e-14
0.999987
1.0
0.99855226
0.009270461
2.8196525e-11
0.9999958
1.3443387e-15
1.0
0.33274403
3.2738336e-17
0.00026731327
5.9305995e-07
1.9043245e-14
2.3680842e-08
0.4055246
0.0024248934
0.9999999
0.32746246
0.9998423
0.34201482
0.9999939
0.32147053
0.0013511247
1.0529401e-11
8.1353094e-16
1.2608798e-05
0.99999905
0.0071884943
1.6179181e-15
4.5500154e-05
1.0
1.0
0.32772204
5.7744686e-12
5.243006e-22
2.1724334e-06
1.0
1.5004158e-12
1.0
0.027636763
0.014763426
1.0
2.3756407e-05
0.9999999
1.0
2.3714504e-09
0.99999964
0.99953866
3.7710883e-08
0.9982836
1.0147984e-12
1.0
0.99999917
1.0
0.99995697
0.9998172
2.7500648e-09
5.8536795e-08
0.06917032
5.053275e-16
0.13323525
1.0
0.47209767
6.2594627e-06
0.9901862
4.1571138e-13
1.0
1.250297e-15
3.0130906e-07
4.1281708e-13
0.17340551
0.9999914
8.096801e-06
9.089937e-06
1.1220842e-09
1.0
6.136203e-13
1.0
1.0
0.9998234
1.4734734e-12
0.99894017
5.078258e-07
0.00032796428
5.37541e-08
0.34062192
1.0
1.9439979e-20
0.97448266
1.0918053e-13
0.99994135
0.8003751
0.34756368
2.7947124e-11
6.288477e-14
1.0
1.0
0.99999475
5.2656735e-15
1.2475363e-07
0.999642
0.8188846
1.0
2.3511966e-09
0.9989053
0.997758
0.36886206
1.4018743e-05
0.0011623988
1.0
1.0
1.2027422e-16
1.0
0.99995613
0.36582303
0.023614692
2.370479e-12
0.99998796
1.2509628e-18
0.91669166
1.0
1.2765203e-09
1.3789326e-12
1.8354299e-06
4.4772976e-15
0.9999994
0.9997749
1.0
0.99992454
0.31258422
1.0
1.8899675e-09
1.0
1.0
1.0
1.3643416e-13
6.193433e-06
0.34210658
3.2760482e-15
0.9999994
0.7272746
2.8300883e-06
0.999949
3.262321e-13
5.472657e-15
0.99999964
1.2529482e-05
0.9999411
1.0
3.2909342e-05
0.9999354
0.999863
1.0
0.28117183
3.0246586e-11
1.0
0.99999607
0.41611087
5.010771e-18
0.82977486
1.0
0.99997365
1.0
0.99975234
1.0
0.999998
1.549434e-10
0.22114979
0.9963677
3.2105843e-10
1.1813766e-13
4.1723933e-11
9.373943e-12
0.00079985266
1.7427384e-12
1.0
0.93897736
0.30790943
0.9999999
1.0
9.449146e-07
5.058791e-16
1.0
5.0391907e-07
1.0
1.0
0.9999988
0.81194586
0.9999999
6.3204433e-09
1.6064477e-12
1.0
0.3591543
6.1810175e-09
0.999979
1.012323e-10
0.9193631
1.7835746e-05
7.311704e-09
0.9429241
6.380054e-14
2.8633115e-08
1.822954e-11
0.00019575626
0.3516673
5.7786615e-06
2.7453973e-06
0.99999523
0.99999976
8.733956e-09
5.9166763e-15
0.9999753
5.072979e-11
2.0724071e-10
1.0
0.9999999
5.317204e-12
0.9999453
3.6980475e-06
0.9999999
1.6944305e-06
1.0
0.00021951864
6.652206e-12
3.098098e-06
2.6540632e-18
0.33058667
6.0782805e-15
5.9328336e-08
8.171792e-09
0.99998546
0.7100702
1.7885534e-12
0.99991
1.4252257e-07
2.0953829e-08
9.848664e-06
2.1804154e-09
0.99999905
1.0
0.9997061
3.9453333e-08
1.13634366e-14
8.9928846e-12
0.9993149
0.35109878
1.0
5.3016773e-09
1.313427e-16
1.0
2.4961922e-05
1.6729792e-12
0.9999981
1.0
0.007975278
1.0
0.0001596176
3.4063787e-17
0.99999964
0.19583333
0.995331
2.1017892e-10
1.0
1.0
0.9999434
1.0
4.9425103e-06
1.0
0.993769
1.0
3.2198657e-06
0.00023752564
2.8021527e-15
4.667529e-05
5.9271102e-08
1.0
2.5109378e-11
1.0
1.6665518e-09
0.99988043
1.0
9.894085e-07
4.851427e-08
1.1225365e-08
0.8126018
1.0
0.9999999
1.0
1.0
0.9998266
0.9998617
3.2783392e-13
1.8682615e-10
0.99963844
0.80218446
2.7239083e-11
1.0
0.9999999
1.0
1.0
9.114659e-07
2.0523887e-06
0.9999968
1.0
1.5131246e-08
0.8904053
0.0036407337
1.0
8.42139e-16
0.11978505
1.0
0.9999933
0.013748286
0.9999995
0.99990034
5.766032e-14
2.1320357e-05
8.799829e-15
1.0
1.0
0.004213491
1.0
0.9999567
1.0
1.0
0.99999964
3.9048222e-13
7.73842e-08
1.0
1.5475901e-15
0.26569343
0.000114588875
0.99953735
4.926451e-13
3.033481e-11
3.595634e-15
0.33151463
1.0
0.05425614
0.9999844
0.00018847352
0.99999845
0.0074005234
2.1638184e-07
0.0
7.437563e-13
4.603652e-11
3.6202178e-07
0.939552
0.33837646
0.9998815
3.0278476e-13
1.0
2.567823e-05
1.3806005e-09
3.4115159e-13
0.7423859
0.99999857
0.32845992
0.31331784
1.3042124e-09
0.3602705
6.1621416e-11
1.0
2.3106597e-07
0.032719366
0.32209864
0.32792127
1.0
7.0292067e-10
1.0
1.0
0.9999906
0.99695444
2.222163e-07
0.99999917
1.0
0.5008431
0.00010518957
0.9999999
0.0021880507
1.0
5.6656672e-11
3.484103e-08
0.9999976
0.9999794
0.36377457
1.0
2.0458714e-08
2.6890408e-09
3.0849235e-13
0.45589676
1.0
0.9999528
0.33917242
1.0
1.0
1.0648055e-18
1.0
1.0
0.99979
0.99992585
0.99994695
0.3103895
0.3624271
1.0
0.34421033
1.0
0.00058950146
1.0
0.99998856
0.999998
1.0
5.954622e-16
1.0
1.0
2.7322766e-10
1.0
1.841791e-08
1.9275601e-09
1.966238e-20
6.1758376e-11
0.0045546563
5.8246333e-12
1.0
0.9911618
1.0
0.16567715
0.9998242
0.71336627
0.18808927
1.1736222e-06
0.9999615
0.9999901
2.9739865e-14
0.9998895
1.0
0.99999976
5.9749704e-14
1.0
1.9924178e-06
0.9999993
1.689548e-09
4.0101066e-13
3.4881494e-05
0.9999813
1.4353624e-12
1.0
0.014645587
0.99974686
0.333017
1.2008936e-06
0.9997876
1.0
1.9940691e-05
1.0
1.0
6.6432737e-10
0.99998343
3.666546e-14
1.1386303e-14
0.019676879
7.892129e-07
0.9905059
0.004442528
1.0
0.9998888
0.99968374
0.34898424
1.0
1.6637061e-09
0.9998041
0.34435445
0.314462
4.2270107e-09
2.3100098e-11
1.0
0.3643007
0.9993986
6.860076e-11
1.0
0.9388881
3.4594067e-10
1.0
1.1071198e-13
0.3604781
0.9999994
1.4568757e-07
1.2550354e-06
1.0
1.0
0.10235679
0.077180356
1.0
7.781746e-15
0.011628631
1.0
0.79411286
0.3586787
5.603248e-08
1.0613493e-20
0.01885782
0.32984093
4.0927875e-07
0.99938333
1.0
0.9999281
0.33810395
0.3281156
0.9998062
0.34959644
6.806046e-17
0.9706783
3.767474e-11
0.99999976
1.0
1.0
1.0
3.929528e-14
3.3068875e-10
0.9964342
1.0
1.0
0.9999924
0.9999443
0.062881805
1.0
2.4338013e-14
1.0
1.0
0.013996998
4.8554493e-06
2.5689733e-06
1.048547e-11
0.99999905
0.9999999
0.9999969
1.3608493e-08
1.0
1.4742898e-14
1.0
2.1059876e-09
0.99999964
0.9999999
0.9999999
1.0
0.9999981
0.07400254
0.021886656
3.4029792e-15
0.9998859
0.9991997
0.9881634
7.8222016e-09
1.0
1.0
1.0
0.24620679
1.0
8.338727e-05
0.99999976
0.9999933
1.0
2.7247293e-11
0.3582758
1.0
9.033426e-11
9.368039e-13
1.0888087e-09
1.0
0.00071705494
0.556447
0.9999989
0.99915755
6.5441784e-12
0.30419874
0.99981576
1.0
1.2298675e-07
1.0
0.9229217
1.0902945e-09
0.007582119
1.9892914e-15
6.134747e-11
0.99999654
0.36114225
2.5850415e-05
0.9999845
0.9999994
0.0005511721
2.6980868e-10
0.99999976
0.23320158
0.9956279
4.7127073e-11
5.329389e-07
0.0038714465
1.7108892e-09
0.9999832
0.0054714098
6.8230976e-10
1.0
0.00043572442
0.03707193
0.9979315
0.0042250985
5.2389638e-08
1.1738292e-06
0.3006391
0.3506796
0.99999464
1.0
0.9999963
0.000294814
0.99991584
6.2622796e-13
0.99999976
9.224914e-09
1.0
0.99999976
1.0
0.9999218
1.33659455e-11
5.230398e-08
1.3851096e-06
0.99888796
0.33760926
0.7584944
5.944591e-06
0.81941086
0.36992222
0.92023426
0.9718248
0.34057426
0.9968194
0.99844044
1.0
0.9999995
0.9999999
2.3678455e-15
4.665194e-10
0.99987257
0.0004952009
1.6865405e-06
0.14156225
0.0005053882
0.9982685
0.9999999
1.0
0.9999999
8.593305e-12
1.0
1.0918048e-10
0.041848395
9.9563305e-18
0.99975914
2.7260017e-05
7.601458e-10
1.8941526e-05
1.0
5.962421e-15
0.36431384
3.2177858e-15
6.4944157e-12
7.5062755e-15
0.18468513
4.2038327e-08
0.9999987
1.0864945e-11
1.0
8.0211955e-17
0.3634809
3.7384646e-17
1.0
0.99427575
4.4963294e-08
8.6649617e-13
1.0
0.9999924
1.1564681e-11
1.7428342e-09
1.0360503e-11
0.3172069
0.99593335
1.0
0.33569315
0.9999999
0.99632853
1.0
8.280928e-14
1.0
0.000108025866
0.35043013
0.030447999
1.0
4.8742854e-10
0.31727275
0.9999652
1.6041507e-09
0.0006847003
2.5897616e-13
5.022062e-06
1.0
1.0
1.5639998e-15
0.3530113
1.0
7.284441e-15
0.0007018861
0.99999917
8.214911e-12
5.040432e-13
1.0
2.6499378e-09
1.3972116e-11
1.0
0.3293673
1.0
1.578773e-07
3.39325e-08
8.398052e-12
3.7064482e-22
5.224422e-13
0.9999995
0.0012541005
7.414427e-11
0.37753066
1.0
1.0
0.9999753
0.9996935
0.0026788216
6.897267e-12
0.99999774
0.27001584
0.36098704
4.7882368e-11
2.5453835e-07
0.9999999
0.33516723
5.1841214e-28
1.0
0.34583163
0.006905715
0.089701384
0.99997663
0.9999975
1.4043093e-06
0.99999726
1.7119574e-12
0.000451136
0.0370959
0.99999964
1.5173317e-06
1.0
0.9999995
2.9717245e-10
5.187451e-06
1.0
5.328674e-13
1.0
2.3013311e-09
0.81448853
0.11855785
0.000109527384
0.9999999
2.1718091e-11
6.012008e-14
0.9360047
1.0
1.2268353e-10
6.6805866e-12
1.0
0.9999833
1.0
1.0
1.0
1.0
0.9999987
5.3293873e-16
1.0
4.77468e-09
0.4375094
3.2801732e-16
0.35239232
1.0
3.776123e-10
0.9999993
0.9999794
6.433358e-10
4.0693317e-11
1.1986122e-14
3.926646e-09
0.99999964
2.6036518e-11
1.0
3.3834217e-11
0.3446268
0.99999917
0.99999845
1.0
0.9999114
0.11376448
0.9996451
4.8472092e-08
0.0012427613
0.0002724446
2.2570579e-07
0.327088
0.99997294
0.29162607
0.32661718
6.7650876e-12
0.017109439
1.0
0.9999994
0.99999976
1.0
0.99999297
0.9794414
0.999982
0.9999999
1.8004685e-06
0.98591864
1.0
4.1772093e-08
0.76976705
1.0
9.888359e-09
1.0
3.3252947e-09
1.0
1.0
1.0
1.0
1.0
0.9999999
3.5613676e-09
4.4051626e-14
5.294227e-14
4.378531e-11
4.0265835e-10
4.0089977e-13
4.387757e-09
1.0
0.99999976
0.99984944
0.33072218
0.00028546702
4.234959e-17
0.36333805
0.029306823
0.33048576
1.2706958e-08
0.9999999
3.2208374e-19
0.99997747
1.7674757e-06
0.55625635
1.0
1.0
1.0
0.00026306522
0.99951255
0.067359716
0.99966896
7.746812e-11
7.232521e-05
9.435718e-09
1.7469141e-05
1.0
6.536046e-08
8.622029e-06
0.9999993
1.0
1.0
9.3562304e-14
1.0
0.90176696
1.0
1.692061e-08
1.6878292e-06
1.0
6.291073e-05
3.6165875e-07
0.33754474
0.820871
0.99999964
0.34736082
9.595096e-06
0.9999976
0.99986804
7.787774e-15
0.9999981
0.00036846247
4.4584528e-20
4.612736e-09
1.0
1.0
1.4587268e-14
2.1190951e-09
2.4699187e-07
0.9996953
4.96443e-07
0.99995625
9.378932e-08
1.0
1.1592552e-05
6.340465e-08
1.0
1.0
1.0
1.0
0.07362074
1.0
1.6146004e-12
8.067499e-10
9.408847e-21
1.0