1.0
1.0
8.672374e-12
0.9999738
1.6925573e-09
3.2449368e-14
1.2279876e-13
0.99999964
4.5007393e-08
0.34874576
1.6326043e-05
8.2060035e-15
1.2172506e-14
0.76697993
0.99999464
2.2718777e-14
6.0068374e-11
0.5895321
3.6317444e-05
0.9998621
0.8165461
4.651914e-12
1.7234013e-08
9.4183914e-15
2.1213747e-14
0.10954791
0.9489052
0.96709853
0.60052544
0.99999523
2.0297177e-16
3.1358175e-07
0.01044214
0.39400777
3.3471913e-06
5.6373365e-12
0.9999981
0.99967706
0.99999964
0.9999933
5.180472e-10
0.94334495
5.6529703e-12
4.5853607e-12
9.186217e-16
9.859285e-12
0.9999993
0.87217826
4.3006143e-14
0.99999666
0.7640623
1.7894772e-13
0.99996877
0.9993612
0.948199
1.8495153e-11
0.9999999
2.9621838e-06
5.076061e-13
6.0930186e-05
1.0
0.9999957
1.0
2.342927e-10
0.5152954
0.9139968
1.0
1.4682028e-11
0.1997674
1.0
0.9999999
1.4253973e-06
0.50766706
0.43978626
7.9237864e-13
2.6658782e-15
1.1887124e-15
1.0
9.682786e-11
6.619378e-11
2.307954e-14
1.8583137e-14
3.3844236e-10
0.99997866
0.99999917
4.945676e-13
0.99999845
0.99999905
0.9998752
0.7174531
1.4407363e-15
8.182267e-14
0.9999999
0.999998
1.1293846e-09
0.04889647
0.99998987
0.9989754
0.9999999
0.9999999
5.840979e-11
4.6525575e-10
1.6006319e-14
5.162406e-16
3.8504347e-12
7.996336e-11
6.1728454e-15
0.99990344
0.9999583
0.9977718
4.587196e-05
1.1210027e-11
0.99848574
1.7420888e-10
8.240967e-06
1.4802626e-15
2.2893232e-12
0.003113022
0.9999944
0.50360775
0.8431249
0.9919716
0.0052711205
0.9999969
1.6828101e-09
0.99998367
8.789844e-08
3.856013e-12
5.2395654e-15
0.9959559
0.9994098
0.9797507
3.7444277e-11
0.9897753
2.8264856e-11
1.7988985e-13
0.36904725
1.0
7.4891343e-10
1.2868844e-11
0.9997993
7.828372e-15
0.89120466
5.7426923e-16
0.8767677
3.6614656e-14
1.9649307e-15
1.3913409e-07
2.5722566e-05
1.735763e-11
0.9999263
0.951446
1.1875091e-11
1.465565e-14
2.705503e-06
1.13983155e-11
1.0
7.969407e-17
1.0866872e-15
0.9946406
1.0
0.9999838
0.3964239
0.999969
0.99991584
3.0159916e-13
1.0
0.9999988
8.3558395e-12
1.7921773e-15
4.519317e-13
1.9560083e-08
0.000519727
0.49591255
0.0002647495
7.346487e-12
0.00020121338
1.0
2.3284763e-09
2.557628e-13
0.4928328
1.6958343e-16
6.584541e-13
1.0
0.9895779
0.9996743
4.2346625e-12
1.1269518e-07
8.862421e-15
0.9899504
1.9320114e-15
0.999992
0.9999999
0.9999993
0.022596357
3.681559e-13
5.992536e-10
0.92235535
4.777185e-13
2.71883e-16
0.13525471
0.8460114
0.9999995
0.96895057
0.999089
1.0
0.0014013961
0.9999999
4.3866487e-05
0.003942593
4.4181107e-11
1.5290834e-09
0.999946
9.043451e-09
1.0250348e-08
1.0598103e-08
9.315103e-13
0.05485858
7.809838e-14
9.577478e-12
1.4478266e-08
0.9999982
1.1445306e-11
8.084096e-12
1.1259517e-13
0.9999999
0.99990106
6.280684e-06
5.7466407e-11
1.0769233e-15
0.9999846
2.290245e-08
0.5122927
5.3670657e-10
0.9998086
0.28419173
0.99999964
1.0
8.0021606e-12
2.2296531e-14
9.0744e-12
2.5156597e-11
0.9999999
0.9998753
0.9080884
1.0116956e-14
3.5107576e-06
0.000365486
2.2672203e-10
0.009596102
1.0
4.7135273e-14
0.44808555
0.0001844107
7.546327e-15
8.466713e-12
0.9995548
0.8855195
0.98526996
0.9999869
0.99999976
4.9925813e-13
0.99999785
0.999806
0.49095997
0.001953364
1.2464789e-13
1.3762608e-15
0.0068751313
0.9995709
0.88185644
0.6020408
1.8815248e-14
1.193588e-07
0.9854897
0.040668827
0.3917094
1.74463e-13
0.8876381
0.9998771
1.0
1.0
2.1998516e-10
4.2574946e-15
0.9999963
0.9999052
2.5355062e-11
1.0
8.0467283e-16
3.2387415e-10
0.6020337
0.99999905
0.9915325
1.2802429e-14
0.9984456
4.4099096e-07
0.23084901
0.999783
9.247907e-12
0.9999968
1.5688965e-08
8.397019e-14
0.53656787
0.99746454
1.0
0.0038341442
0.99999833
6.403081e-05
0.99993753
9.195934e-15
7.5431076e-14
0.11800188
0.99999905
0.9996824
0.998379
2.4512263e-13
1.749199e-12
2.7396134e-14
0.7874905
1.1927647e-14
2.2108266e-13
9.255949e-06
2.8147407e-15
1.5591509e-15
0.9999726
0.9999963
0.03659349
9.988993e-10
1.4630579e-09
0.9887729
0.5808097
2.3519744e-15
0.99999297
0.99999845
0.52534544
6.379322e-11
0.99999964
0.9999999
1.301179e-06
1.5104525e-14
4.0764023e-14
7.2186325e-15
0.999997
3.257168e-06
0.99999833
0.27018368
0.96261626
0.99986637
0.9997273
0.9999831
0.9890647
9.89621e-16
0.9999999
0.00051813526
0.99990463
2.0986431e-15
2.283181e-14
0.99999416
1.0
1.0
0.002844616
0.9966588
1.0356237e-07
3.7257673e-16
1.2002451e-07
7.086578e-11
0.6404792
5.0528516e-08
1.6217669e-16
1.3446454e-09
1.1150208e-08
1.1930331e-14
0.9999995
1.4555092e-13
5.137691e-16
9.3809184e-08
0.9999881
0.8704772
2.699135e-15
1.6046671e-10
0.9999831
0.9994467
0.9963253
3.2567463e-08
0.00028746953
0.8657312
0.99999595
0.010072109
5.899427e-10
0.9997987
1.0
1.7623868e-12
5.456002e-15
7.488192e-05
3.4524988e-10
0.99720687
0.6689606
6.8028536e-13
5.7787125e-15
0.00043451824
8.663569e-14
0.58383346
0.99998724
8.141779e-05
0.97225565
0.7762275
0.99995553
0.99723214
0.9999999
1.84513e-06
0.99193996
3.03172e-09
0.9707748
0.99999714
5.099693e-16
1.1094778e-15
0.9950317
6.801144e-16
0.99999726
3.099038e-12
4.419349e-15
5.6421773e-12
7.3972065e-15
8.943927e-12
0.92932266
1.0
0.99987674
0.00013118432
8.989524e-08
0.016454056
5.8468356e-13
0.9938871
1.4100816e-10
0.0013815265
7.471164e-08
2.0235801e-15
0.99998415
0.98362744
0.58196825
2.5372514e-12
1.2653191e-16
2.6688285e-08
2.629809e-15
0.9989679
0.99999905
5.4228506e-09
0.9999565
0.99994195
4.5135354e-10
0.9999999
0.9983198
0.12217987
0.7667392
9.858184e-14
0.07909232
3.4446597e-13
0.99999344
0.68693423
6.947552e-14
3.5285217e-16
0.9999813
1.0
2.9017522e-16
0.65477633
2.5577917e-11
1.0
0.99874604
0.19625263
2.9647463e-16
2.8368554e-11
2.4997655e-11
1.4948448e-13
0.99912804
1.0
3.6197453e-15
0.98304796
0.9981723
2.1376949e-10
0.9999989
3.2202774e-05
1.5614404e-10
9.584385e-12
1.9242952e-08
0.99999917
6.8391744e-14
4.397123e-13
8.5580217e-07
0.9999981
0.99999857
1.1915495e-08
0.9944448
0.542658
1.0
0.9995419
0.0035275142
0.9033441
1.0
2.726316e-10
6.661564e-12
0.9999515
4.6533916e-10
0.99999905
1.3297753e-10
1.2955236e-15
0.98048353
0.9999876
3.062387e-10
1.2651019e-06
1.0250816e-16
0.5010596
8.597436e-12
0.87365353
6.162141e-15
0.9999963
2.0493484e-11
2.7556464e-09
1.0
1.7606537e-05
4.4399792e-16
1.7606791e-13
1.0
0.49477416
5.964166e-10
0.9329688
0.9999999
0.98541355
0.001218949
5.218638e-16
0.9791309
2.4737238e-13
0.78364927
0.0010825864
1.1036586e-08
0.2825404
7.257509e-15
1.796283e-16
1.0898302e-14
0.517087
4.8513597e-13
1.0
1.8717574e-07
0.9854864
5.218736e-09
0.9957048
1.2817977e-09
0.0002466518
3.117594e-16
2.3820951e-16
8.662809e-14
0.96502334
5.446587e-13
9.579789e-14
7.4760346e-06
0.99997115
0.9999999
1.2178087e-09
3.3977863e-14
3.7094466e-11
3.1760712e-12
0.9999844
2.4480466e-15
0.9999981
0.019551955
3.4309244e-12
0.99998176
2.0771094e-09
0.9995283
0.99961615
3.4548812e-15
0.88739604
0.9797019
1.163385e-13
0.9998809
8.63341e-15
1.0
0.99819034
0.99999917
0.8996108
0.9983846
1.1564653e-06
1.1116384e-15
7.3059114e-11
9.079338e-15
0.08685567
0.9999379
0.17624708
4.6111146e-14
0.5379417
1.9203692e-11
0.99982506
4.6241615e-09
1.8786093e-14
6.690568e-05
0.0075923195
0.99999607
6.5155722e-15
4.637405e-06
4.575785e-16
0.999278
9.832696e-15
0.9999999
0.99999774
0.9273929
8.104741e-15
0.597569
1.7373957e-15
6.984115e-06
6.218567e-11
3.3120522e-13
1.0
1.4467353e-13
0.16559236
6.22912e-15
0.9788078
0.36889777
1.3992777e-12
1.265863e-05
2.3315266e-15
0.999998
0.99999225
0.9986979
2.9049756e-08
6.242445e-10
0.9837764
0.9815212
0.9999939
2.2861267e-14
0.6979533
0.42771572
5.5158695e-09
9.139599e-14
3.0210248e-12
0.7236241
0.9999999
2.5122542e-08
0.99993503
0.98679334
0.017540665
2.0639202e-06
1.5688579e-15
0.99955076
4.3553984e-12
0.41635785
0.9999752
2.0702785e-13
1.7768259e-16
4.154967e-06
4.3107744e-07
0.9999982
0.9908488
0.9988845
0.99167186
0.00034322374
1.0
1.1993996e-09
0.9999956
0.9997421
0.99988484
2.154914e-13
2.3020215e-08
6.0868985e-08
1.4205556e-14
0.9999273
0.34680745
2.073547e-09
0.81993604
5.304539e-17
1.1755487e-16
0.9823446
3.1803445e-06
0.99999607
0.99999416
3.9411213e-12
0.99978286
0.95587915
0.99999976
0.09449916
1.6996393e-12
0.9999951
0.6059553
0.25746143
2.0366747e-16
0.12209182
0.99999905
0.9995734
0.9996517
0.9346047
0.99999917
0.99971145
8.1012296e-08
1.5594753e-06
0.81169546
1.5656892e-15
9.9255274e-05
0.0007540556
3.5736866e-15
5.875698e-14
8.1040345e-14
0.9999902
0.3797247
6.541808e-08
0.9999995
0.999995
0.00085878035
8.8345636e-17
0.9999975
3.5965978e-13
0.99999046
0.99999976
0.9997186
0.84317374
0.99999
4.5868143e-15
7.014595e-10
0.99999917
4.1970027e-10
3.7980036e-13
0.9829244
3.4089153e-16
0.5096981
1.6643869e-11
2.1937088e-14
0.6638597
7.4213967e-16
1.5115852e-14
1.7082046e-14
7.5998946e-13
2.4480526e-10
8.247936e-14
0.0005394755
0.9802951
0.99998283
1.506307e-10
2.2391985e-15
0.9991872
5.5462416e-13
2.3025963e-16
0.9999839
0.9999994
4.3091073e-09
0.9999664
1.9629316e-10
0.980346
2.7157333e-14
1.0
0.0018058291
1.31864e-13
4.790354e-12
1.383921e-07
2.5219908e-08
2.269539e-14
7.645802e-15
5.4571236e-16
0.9978453
0.8179501
1.6681059e-14
0.98080504
8.3477454e-07
9.794138e-15
7.588867e-07
1.7457294e-08
0.9997365
1.0
0.9735748
3.808976e-15
2.0971333e-05
1.9663887e-08
0.68062335
2.2506313e-11
0.9999987
7.309225e-12
6.9620016e-09
1.0
1.5711465e-14
1.057549e-15
0.99826896
0.99998903
0.00025973734
0.9999994
2.556425e-12
4.239451e-14
0.99642843
0.016438868
0.22589383
9.698319e-17
0.9999999
0.98796904
0.9999013
0.9999995
0.0017821395
1.0
0.9633429
0.9999918
3.1494367e-09
0.256515
2.5296925e-13
0.068994895
6.781148e-15
1.0
1.5632364e-15
0.99997973
2.0748792e-10
0.9988772
0.9999999
4.709957e-15
4.3025015e-14
4.9989797e-15
0.5079022
0.999464
0.9990675
1.0
1.0
0.9914248
0.6030662
3.3890142e-15
2.5017822e-08
0.988289
0.36517078
5.228148e-14
0.99999905
0.86021334
0.99999857
0.9999949
4.2183723e-15
8.945939e-06
0.9998996
0.9999999
2.0459132e-13
0.5246437
1.0214968e-11
0.9996717
1.8924896e-16
6.407683e-07
0.9999999
0.91678387
0.0072444174
0.99647814
0.9772799
1.5971103e-13
1.086526e-14
7.443213e-05
0.9999999
1.0
4.258235e-06
1.0
0.9999931
0.9999989
1.0
0.9739654
2.1569772e-14
9.442327e-05
0.9999558
2.760566e-12
0.004962577
1.2097521e-13
0.9746995
1.8375554e-16
3.9788522e-14
2.204088e-15
8.173087e-07
0.9999999
4.321282e-12
0.99962604
0.0076464745
0.99999964
4.350401e-05
2.8675634e-08
3.8462467e-18
1.16404985e-11
5.1003353e-16
4.99795e-15
0.616209
2.2863059e-10
0.9357354
7.785602e-16
0.9999999
7.1269817e-12
3.5220328e-05
0.02193718
0.22630171
0.99999964
3.8022534e-08
0.662015
5.133152e-10
1.7038272e-11
7.9628164e-16
1.0
9.3428485e-12
0.4332395
1.9777299e-07
0.5549178
1.0
1.4813021e-15
0.9991934
0.99986875
0.9977672
0.59034014
6.922209e-10
0.9677374
0.99999964
0.047657628
5.068699e-13
0.99878687
0.062202755
0.9999317
0.009900606
1.6103007e-12
0.9999988
0.9993718
5.9140084e-09
0.9999335
3.0887508e-13
3.5468167e-11
1.0480202e-09
0.35485253
0.9999964
0.99999833
1.8692363e-08
1.0
0.99998105
1.11640704e-14
0.99999976
0.9999999
0.9820679
0.9994548
0.9974681
1.8502688e-09
4.5230337e-13
0.99999964
1.6431187e-10
0.9994894
1.842758e-05
0.9999988
0.9999927
0.99778605
0.99998903
3.2868884e-05
0.99999976
0.9968144
1.866692e-16
0.9999995
1.5591457e-14
3.516068e-15
8.22067e-14
7.667621e-15
4.1631265e-10
1.6032283e-11
1.0
0.84838426
0.99999976
4.43766e-12
0.98524195
0.5600892
5.2298187e-12
4.896628e-15
0.9951297
0.888228
4.703927e-10
0.9988852
0.9999958
0.9999927
1.2641909e-15
0.9999993
2.1491673e-13
0.99954176
6.004492e-10
2.2588936e-14
1.4724683e-11
0.9830735
1.080866e-15
0.99999535
5.2665355e-12
0.98000014
2.4789871e-08
1.7083758e-12
0.95561594
0.9999999
2.6889243e-08
0.99816906
0.99980646
1.5482337e-15
0.9588929
1.0378318e-12
1.4027295e-13
0.041637238
4.9675367e-07
0.9896017
0.12306086
1.0
0.9999379
0.85960513
1.2772285e-10
1.0
2.8196626e-15
0.8834693
3.1523107e-06
9.5042566e-07
1.3223531e-12
8.2961524e-14
0.99942243
1.227969e-09
0.9109983
1.9934704e-14
0.99997735
0.5677062
8.950471e-14
0.9999912
6.902801e-14
2.011694e-10
0.98596686
1.2167913e-10
4.775886e-15
0.99990153
1.0
1.31248875e-11
0.12237754
1.0
2.8849754e-16
1.1663323e-11
0.9999995
0.77938
2.0298294e-09
7.642894e-13
1.9602068e-15
2.276996e-11
3.9579695e-10
5.7028715e-09
0.90173715
0.9997818
0.94645494
8.784485e-11
6.466537e-10
0.9271337
7.402589e-10
2.1748133e-12
0.23503585
1.0520837e-13
0.99998355
1.0
1.0
0.99999964
9.768653e-15
1.5144877e-15
0.53442836
0.99999976
0.9999753
0.9820128
0.9849081
4.124812e-12
0.94491184
1.7605745e-10
0.9999993
0.99961084
1.6674776e-12
0.015221994
3.4008468e-10
2.8256588e-16
0.90809053
0.9909951
0.734322
1.1683908e-07
0.9999999
8.266863e-15
1.0
1.16505875e-14
0.9997094
0.99974173
0.99863464
0.9999995
0.9998357
1.9723414e-09
3.5821953e-12
3.0026793e-14
0.99987745
0.99431384
0.98801416
1.3745452e-15
0.99999964
1.0
1.0
2.6396657e-10
0.9997484
5.3033995e-07
0.8954789
0.97967476
0.99991107
2.2428714e-14
1.4585187e-05
0.9999882
4.625669e-13
1.8046393e-11
4.454229e-16
0.9999999
0.00020786605
0.2725371
0.99824
0.99661237
0.001110889
1.4066123e-12
0.98672533
0.99996567
8.330529e-14
0.9999887
0.98362607
5.4936575e-15
2.8497975e-13
2.3599725e-08
1.5048445e-11
0.99989796
2.306841e-10
0.082216986
0.9988682
0.99998057
1.7589263e-14
2.0619233e-10
0.9657659
3.010853e-13
0.755644
3.591338e-14
7.1108836e-14
1.5076868e-10
5.1222145e-15
0.8556321
1.3871636e-11
1.681265e-15
0.9999865
3.11417e-13
3.3796262e-06
0.9996049
0.0044443016
4.7943576e-08
1.189761e-10
2.4468918e-06
2.116853e-09
0.99895775
0.9999794
0.9998853
5.458638e-14
0.8720946
6.1521757e-17
0.9999833
0.00074451906
0.9999589
0.9998067
0.99999964
0.8502922
3.1103706e-13
1.04827e-09
8.03594e-10
0.5541336
0.0045722146
0.5057784
0.0065756403
0.5684892
1.1958292e-09
0.5396091
0.7324013
1.4622773e-08
0.5153805
0.5503896
0.99999917
0.9999999
0.99245054
1.1211461e-11
4.081247e-15
0.9888786
0.00025865147
2.005324e-13
2.0739552e-08
4.3133406e-07
0.8931823
0.99985874
0.99999833
0.9999243
9.96596e-15
0.9999999
1.378424e-05
7.503867e-07
2.4896982e-10
0.97730255
1.0580656e-11
3.4134322e-15
6.70634e-11
0.99999845
2.7784512e-09
1.7329544e-11
4.3410563e-13
4.048006e-14
1.0471872e-16
2.0563599e-12
1.196922e-13
0.998594
1.8630835e-14
0.99999845
2.1092932e-08
4.021035e-10
5.405941e-14
0.99999905
0.47697493
3.0835675e-15
4.0749995e-08
0.9999988
0.9917034
4.6095623e-16
2.2785163e-15
1.1300798e-14
0.43954834
0.5519041
0.99999404
5.324339e-07
0.99884295
0.95697683
0.99999845
7.3438985e-15
0.99998844
1.1817637e-14
1.0639091e-09
0.5025432
0.9978625
9.452302e-14
8.268859e-09
0.85948616
1.4775941e-15
4.330509e-11
2.2192965e-14
0.0016689935
0.9999393
0.9999665
1.7399642e-13
0.75617087
0.9999989
2.1761152e-13
0.5139864
0.9865807
4.9462654e-15
1.2031904e-11
1.0
8.511957e-15
6.099459e-09
0.9975637
0.00091986393
0.99993575
1.0214368e-14
1.4450563e-16
1.0421602e-12
3.9502384e-14
1.5377018e-10
0.9999678
8.422545e-09
3.8761915e-14
0.74645495
0.9999994
1.0
0.99547344
0.99969316
1.3553402e-07
2.9771026e-14
0.9507812
2.2597005e-13
1.1271615e-09
0.003851247
0.0006970449
0.99979836
5.613458e-10
7.849921e-14
0.99999964
6.1289313e-07
0.131898
0.001148651
0.9715332
0.6971645
2.3486998e-13
0.9964568
6.659661e-15
3.3329665e-12
0.012871912
0.99991035
1.2762909e-14
0.99999964
0.99991715
8.029898e-15
9.547902e-14
0.9999999
2.1737537e-14
0.99999785
3.12722e-11
0.46757564
1.2534154e-07
8.3338707e-13
0.99865556
5.2271165e-12
6.340168e-14
0.9657048
0.9999999
2.1667289e-14
2.2735805e-11
0.9999887
0.99997497
0.9825167
0.9999925
0.99999976
0.9988004
0.9999999
3.0495937e-13
0.9998361
9.13123e-15
0.12076562
2.0019045e-12
1.0188665e-10
1.0
7.005021e-14
0.9843338
0.9999875
2.0975708e-15
1.2506117e-15
4.8627963e-11
8.710227e-14
0.99979645
0.00023003534
0.9997814
9.751638e-15
2.2892511e-10
0.9999995
0.9579024
0.9999839
0.9962088
9.9825456e-08
0.71358955
3.7993222e-13
4.9412944e-07
3.114675e-09
7.527455e-05
1.6205527e-11
0.99954766
1.36340375e-11
6.3323554e-08
3.514271e-15
8.728474e-05
0.9999478
0.9999317
0.9999833
0.99999774
0.9664229
0.30619666
0.95681244
0.9999707
4.8645106e-06
0.84223986
1.0
1.36734445e-14
0.427347
0.9999901
3.3856656e-16
0.9999969
1.5345292e-13
1.0
0.9999865
0.99999964
1.0
1.0
0.99996364
3.9408227e-11
7.419419e-15
2.786922e-13
5.905202e-14
0.00031061674
1.1627511e-06
3.4966598e-15
0.999985
0.9692452
0.9998441
1.07150406e-07
7.9651764e-11
3.249406e-12
4.4956834e-09
3.1525694e-12
0.42035475
3.83018e-13
0.9990534
5.8024005e-05
0.99974376
4.3076215e-12
0.4828066
0.9999963
0.99928916
1.0
2.6722038e-13
0.80793434
0.00086875714
0.92920357
3.7167957e-16
3.740903e-10
1.7304506e-15
1.7249419e-10
0.99999917
3.152975e-14
3.2705408e-08
0.9999981
0.99999917
1.0
6.684225e-14
0.999905
0.5067066
1.0
3.653105e-16
2.6438186e-13
0.99919814
1.964507e-05
3.7887282e-13
0.48846474
0.86058056
0.99999833
1.8236072e-08
1.3484906e-06
0.99999464
0.848651
1.10094354e-13
0.9999999
6.039919e-09
1.6195059e-10
2.851343e-16
0.9999776
0.997626
1.035865e-14
4.6229656e-15
3.162605e-05
0.54162836
0.0025442566
0.9812754
4.364644e-06
0.99998426
7.998104e-15
3.8460385e-12
0.9999963
0.9999963
0.99999654
1.0
0.02195052
0.99999404
1.5670135e-14
1.21783585e-14
5.29306e-16
0.9995821