1.0
1.0
3.314995e-37
1.0
0.0
6.2281204e-38
3.271856e-35
1.0
9.187255e-34
0.9985821
1.0683371e-33
1.2399482e-36
2.7448416e-38
8.448268e-21
1.0
0.0
1.8630488e-32
0.9999701
2.0615588e-20
0.999522
0.99565154
6.750231e-37
5.3027075e-36
8.7635014e-33
0.0
2.4787812e-25
0.60239065
0.9999833
1.4247437e-16
1.0
1.9706841e-34
3.5830791e-37
0.00042982184
3.9147867e-16
1.0616258e-33
1.08067475e-33
0.99999917
0.99999964
1.0
1.0
2.2371484e-31
0.059795715
0.0
8.096342e-36
6.200696e-37
0.0
1.0
0.99863285
0.0
1.0
1.0
1.0738214e-31
1.0
1.0
0.9748858
4.5340147e-38
1.0
1.6092108e-27
0.0
1.1572812e-28
1.0
1.0
1.0
5.4349395e-37
0.9998117
0.5473224
1.0
4.0109785e-28
0.8373588
1.0
1.0
1.2889385e-29
0.31941196
0.90298086
2.6613223e-33
8.4322255e-38
4.7548187e-37
1.0
5.387687e-38
1.9958425e-31
2.063243e-27
1.4999203e-35
7.771669e-35
1.0
1.0
3.5917198e-34
1.0
1.0
1.0
0.99985325
9.727969e-38
0.0
1.0
1.0
1.2396007e-32
2.1826577e-17
1.0
0.995329
1.0
1.0
1.2631023e-36
0.0
7.340039e-36
6.166627e-39
2.2136482e-33
5.931647e-34
1.4562482e-35
0.9999999
1.0
1.0
7.530164e-23
3.573781e-38
0.99999225
0.0
0.0
5.8060176e-32
0.0
2.5878846e-21
1.0
0.99892163
1.0
1.0
3.6195683e-21
1.0
3.5646505e-35
1.0
2.9888352e-36
2.1489045e-36
0.0
0.9999999
1.0
0.99977845
3.909769e-25
1.0
6.595752e-36
0.0
0.9869175
1.0
8.947106e-37
4.4502166e-33
1.0
0.0
0.99990904
0.0
0.99989843
8.794562e-37
0.0
9.085842e-32
4.6737925e-27
2.9311833e-28
1.0
0.99988925
1.7422437e-34
1.6419411e-32
9.897852e-20
1.823658e-32
1.0
5.6101166e-37
1.0303312e-38
0.99999774
1.0
1.0
0.99529594
1.0
1.0
0.0
1.0
1.0
1.6618899e-34
0.0
0.0
3.7882075e-32
6.148217e-30
0.7763717
1.3347796e-20
1.9448954e-35
4.6848155e-23
1.0
8.236811e-35
0.0
0.9987457
1.7466397e-37
9.860462e-36
1.0
0.9999764
1.0
1.387936e-34
9.0436465e-34
4.9524266e-35
1.0
0.0
1.0
1.0
1.0
1.1191437e-23
3.5885982e-26
0.0
0.9999999
2.060846e-25
2.0701115e-33
6.8271274e-19
1.0
1.0
1.0
1.0
1.0
1.2863616e-26
1.0
7.1726025e-22
5.495844e-20
1.8426186e-36
1.5664538e-30
1.0
5.0291053e-30
0.0
3.4718442e-38
0.0
0.024165098
0.0
9.852105e-38
2.4927671e-33
1.0
6.6141383e-38
7.8091314e-38
3.7287252e-38
1.0
0.9999982
4.3128862e-18
9.317126e-36
4.335625e-37
1.0
3.9337023e-34
0.47796524
0.0
0.9996575
1.209259e-27
1.0
1.0
0.0
1.2957476e-35
8.935099e-30
1.40144815e-36
1.0
0.99997544
0.9998895
0.0
5.6868425e-38
1.2721432e-16
1.7277664e-37
0.0025108317
1.0
2.100599e-36
0.9954627
1.2264975e-30
2.0189776e-37
0.0
1.0
0.9999976
0.99999976
1.0
1.0
5.7366618e-34
1.0
1.0
0.9828371
1.1358807e-20
1.8003482e-34
0.0
0.14172046
1.0
1.2764344e-14
0.00017513582
2.705139e-34
1.8089463e-27
0.99999905
0.0010766895
0.049694315
0.0
0.99999857
0.99999535
1.0
1.0
2.6786075e-32
2.7200548e-38
1.0
1.0
3.0822825e-32
1.0
0.0
0.0
0.4319814
1.0
0.9999968
0.0
0.9999927
4.558011e-25
0.34169534
0.9999845
2.5422682e-36
1.0
9.8625684e-36
0.0
0.003748653
1.0
1.0
1.0665105e-30
0.9999999
1.6318903e-10
1.0
0.0
0.0
0.6646099
1.0
0.99999917
1.0
0.0
0.0
3.9164966e-35
1.0
0.0
1.0109734e-38
6.995734e-31
0.0
2.512305e-36
1.0
1.0
1.01133825e-26
1.1460847e-32
0.0
0.999998
0.84069496
1.9159782e-34
1.0
1.0
0.933285
1.3622546e-34
1.0
1.0
5.159446e-26
3.619101e-35
3.4217005e-36
0.0
1.0
2.2444875e-34
1.0
0.13523404
0.9968479
1.0
1.0
1.0
0.999997
7.060832e-38
1.0
5.735286e-33
0.9999994
5.249223e-32
0.0
1.0
1.0
1.0
1.2654498e-23
0.9999999
5.744378e-24
0.0
5.514172e-37
2.666633e-36
0.99994636
1.2013186e-27
6.2636214e-38
0.0
6.531476e-37
0.0
1.0
0.0
2.962236e-39
3.167888e-29
1.0
0.999491
0.0
2.243526e-29
1.0
1.0
0.9999825
4.476816e-24
1.2194322e-26
0.9999919
1.0
1.1270823e-31
4.8966228e-32
1.0
1.0
7.5392544e-36
1.3702048e-38
1.9055494e-25
2.716242e-36
0.9999987
0.99998534
0.0
3.8485343e-34
9.6240356e-29
1.6660157e-34
0.9991003
1.0
1.0718581e-29
0.9907962
3.6479973e-22
1.0
1.0
1.0
1.49673145e-27
0.99935645
4.1342374e-32
1.0
1.0
1.9453553e-35
1.52329e-36
0.99999404
7.5027606e-36
1.0
0.0
3.5646115e-34
1.5925518e-34
0.0
0.0
0.9999999
1.0
1.0
1.3680898e-30
3.5479027e-24
4.209336e-16
0.0
1.0
7.1127446e-36
7.812073e-06
2.6562584e-20
1.5228768e-37
1.0
0.981369
0.9986732
9.751693e-34
4.977693e-35
3.9941537e-20
2.2363707e-32
0.9999999
1.0
1.7971526e-32
0.9999999
1.0
3.2608628e-37
1.0
0.9999995
1.1785214e-23
0.9874014
4.181139e-38
0.071784526
2.106053e-38
1.0
0.99941397
0.0
1.0494931e-34
1.0
1.0
3.2462845e-34
0.926567
0.0
1.0
1.0
0.9117599
6.214383e-37
4.05958e-33
3.3208027e-38
9.413237e-34
1.0
1.0
0.0
0.9999999
0.9999609
2.0466828e-31
1.0
6.916396e-23
1.131363e-33
1.8500219e-35
9.468428e-30
1.0
0.0
2.1833439e-29
1.125418e-34
1.0
1.0
8.223966e-36
0.9509039
0.999998
1.0
0.9999746
1.4437328e-25
1.4753652e-13
1.0
6.6310624e-31
2.2212155e-36
0.9999939
1.1921852e-32
1.0
2.665166e-38
2.1203164e-35
0.99996173
1.0
6.9515903e-34
4.5636226e-36
1.2160767e-36
3.0508338e-05
1.0467046e-30
0.99406695
9.463416e-36
1.0
1.0270438e-36
8.170619e-36
1.0
2.555391e-31
1.550974e-33
0.0
1.0
0.03715556
6.207646e-32
0.999998
1.0
0.999403
1.0449659e-21
4.7495098e-36
0.99994254
1.5870552e-29
0.9999987
3.353051e-35
3.6492276e-34
3.8384714e-29
0.0
9.479883e-38
4.742743e-34
2.4378056e-22
0.0
1.0
1.1232048e-34
1.0
1.1024998e-37
1.0
2.0619284e-35
4.0229217e-25
2.2452585e-34
2.775965e-33
0.0
0.9999987
4.990273e-30
3.029362e-39
3.2410058e-31
1.0
1.0
5.9018225e-37
0.0
3.2796453e-25
2.2262785e-37
1.0
5.0752712e-34
1.0
5.1012274e-05
1.0249348e-35
1.0
1.201597e-29
0.9999994
1.0
0.0
0.99997807
0.9999999
5.482202e-39
0.99999857
0.0
1.0
1.0
1.0
1.0
0.9999944
4.3705324e-21
2.5884769e-36
3.8760856e-34
0.0
4.803653e-10
1.0
0.99951077
3.91897e-39
0.0059692315
4.4695866e-29
1.0
3.270387e-33
0.0
2.65439e-31
0.23967996
0.9999989
3.020213e-38
2.0186355e-25
1.2369423e-38
1.0
0.0
1.0
1.0
0.99975127
1.2592619e-38
0.9999994
9.703527e-34
8.6656334e-33
0.0
4.04331e-39
1.0
3.617969e-35
0.99985063
0.0
0.9999994
0.9887699
0.0
3.4936313e-16
0.0
0.99999976
1.0
1.0
5.841374e-28
1.2016143e-23
0.99533397
0.9146438
1.0
5.512363e-37
0.9999931
0.979913
1.7022652e-37
3.9827063e-38
1.7787686e-35
0.99999976
1.0
3.012503e-31
1.0
0.9999993
6.7409703e-21
1.8908275e-26
6.0320617e-37
1.0
1.3822718e-34
0.99959093
1.0
0.0
5.1528475e-37
7.5502217e-28
8.9841096e-30
1.0
0.9999994
1.0
0.9999776
7.525897e-35
1.0
6.33031e-36
1.0
1.0
1.0
0.0
4.405835e-29
1.3139726e-32
0.0
1.0
0.998896
6.731656e-32
0.9999827
2.8590686e-36
3.083402e-38
1.0
2.7498178e-32
0.99999166
1.0
0.0
0.99997187
0.9999937
1.0
0.00043222687
1.462217e-33
1.0
0.99849653
0.071794584
4.6902785e-34
0.29989797
1.0
0.9999325
1.0
0.9999999
1.0
0.99999964
1.0245696e-23
2.5595867e-23
0.9999918
5.123704e-36
9.842025e-33
5.204574e-07
6.545422e-36
9.542911e-37
0.0
0.9999999
0.9881953
9.568833e-36
1.0
1.0
3.4669244e-21
0.0
1.0
0.0
1.0
1.0
1.0
0.5558957
0.9999995
0.0
3.5687207e-34
1.0
3.8688102e-38
1.723482e-36
1.0
1.7489082e-35
0.8790521
0.0
1.3088915e-37
0.99994206
3.5829068e-34
0.0
5.050749e-39
0.0
7.358598e-36
0.0
5.2419494e-28
0.9999523
1.0
5.54014e-32
1.3138896e-36
0.9999999
0.0
4.5802306e-34
0.9999999
1.0
3.2212297e-27
0.9999999
0.0
1.0
0.0
1.0
1.2742833e-05
0.0
1.5348458e-35
5.0705767e-31
1.2742916e-36
0.0
0.0
3.8871913e-34
0.9999268
0.20313075
0.0
0.9996525
2.2128162e-22
1.3446988e-36
5.5056785e-30
3.2076554e-27
0.99999976
1.0
0.99757546
0.0
5.4806826e-29
4.445082e-30
0.99999106
0.0
0.99999976
0.0
6.85862e-23
1.0
7.374648e-35
1.1162742e-38
0.9999964
1.0
2.8408968e-32
1.0
1.5897233e-34
4.697196e-39
0.99999964
0.702306
1.0
2.1061766e-35
1.0
0.9999856
0.9999957
1.0
1.5183463e-22
1.0
0.9999999
1.0
2.3152431e-32
7.1855405e-26
8.271998e-39
4.8347827e-30
0.0
1.0
0.0
1.0
9.4845004e-33
0.99701834
1.0
4.143512e-36
2.4227603e-36
3.5802369e-37
0.7465271
1.0
0.9999995
1.0
1.0
0.9999988
0.99970585
3.461302e-39
1.4213068e-32
0.9999999
0.9927596
1.7166951e-31
1.0
0.9999913
1.0
1.0
1.0219063e-33
1.2862272e-29
0.9999989
1.0
1.4162907e-38
0.46201715
5.98096e-39
1.0
0.0
9.059912e-26
1.0
0.9999831
0.002722506
0.99999976
0.9999994
5.485429e-37
0.0
3.5678846e-22
1.0
1.0
8.604948e-35
1.0
0.99999976
1.0
1.0
1.0
6.030425e-38
5.936025e-31
1.0
8.53466e-28
9.848861e-33
7.279189e-38
0.9996282
1.1002286e-34
1.2648959e-36
0.0
4.5197164e-38
1.0
5.897746e-38
0.9999999
3.2128414e-31
1.0
4.0276575e-22
2.3942103e-32
0.0
1.8013178e-33
0.0
3.166398e-39
0.15739755
8.3971084e-38
0.9999745
0.0
1.0
6.864749e-37
9.322089e-24
1.3841775e-14
0.011979579
1.0
1.866787e-36
0.991456
1.2676607e-26
4.515644e-33
3.8288408e-33
1.0
3.2438765e-38
0.00014766616
6.0550823e-33
4.3591988e-26
1.0
1.234557e-38
1.0
1.0
0.9999964
0.999908
1.7409791e-29
1.0
1.0
0.9183036
8.128367e-37
1.0
0.00037600522
1.0
7.02694e-18
0.0
1.0
1.0
6.9343075e-38
1.0
0.0
4.1974523e-32
7.965417e-34
0.102645144
1.0
0.99999976
5.998624e-31
1.0
1.0
2.4934488e-28
1.0
1.0
1.0
0.9999999
0.9999999
1.2450088e-38
0.0
1.0
1.0219007e-36
1.0
5.0333986e-32
1.0
1.0
0.99999976
1.0
1.7163079e-32
1.0
1.0
2.6811403e-34
1.0
4.787397e-37
0.0
2.4303396e-30
3.4386585e-36
0.0
3.50781e-33
1.0
0.9754287
1.0
1.1728018e-33
1.0
0.99027914
1.6559885e-38
0.0
1.0
0.9999063
1.3263378e-29
0.9999999
0.9999999
1.0
0.0
1.0
2.8278788e-32
0.99999976
5.222203e-31
0.0
7.478904e-35
0.9999995
8.236165e-39
1.0
5.5751217e-32
1.0
1.0793953e-37
0.0
0.999998
1.0
3.610031e-26
1.0
1.0
5.098175e-39
0.99554175
2.0027833e-38
0.0
2.3477236e-24
1.553681e-32
0.99970955
0.00048566432
1.0
0.9999995
0.98864555
8.1449145e-36
1.0
3.515224e-37
0.96902007
4.6477018e-38
0.0
0.0
0.0
1.0
0.0
0.9999639
4.4860154e-38
1.0
0.996561
0.0
1.0
0.0
4.9606327e-35
0.999998
1.5863966e-35
3.395309e-34
1.0
1.0
2.636408e-38
0.00019737896
1.0
0.0
1.3538799e-38
1.0
5.909623e-20
1.750081e-37
1.4272881e-33
9.076164e-35
7.602634e-32
4.7838917e-37
8.901758e-30
0.99999976
0.9999988
0.9999957
5.5727044e-37
5.454648e-38
0.99999654
3.19348e-35
4.9256287e-30
0.9690272
3.821508e-37
1.0
1.0
1.0
1.0
0.0
0.0
0.9899395
1.0
1.0
0.9999958
1.0
9.442573e-36
1.0
2.023008e-31
1.0
1.0
0.0
1.7199842e-25
8.058363e-33
1.0736765e-34
0.9999572
1.0
1.0
2.0875719e-27
1.0
1.4329771e-27
1.0
1.1704664e-37
0.9999999
1.0
1.0
1.0
1.0
5.5624367e-33
2.034444e-33
0.0
1.0
1.0
0.8638979
0.0
1.0
1.0
1.0
0.0
1.0
1.148314e-29
0.9999999
0.9999194
1.0
0.0
4.39953e-32
1.0
6.6233844e-29
6.2808137e-34
4.9536195e-34
1.0
2.8143185e-25
0.99453247
0.999995
0.9999964
1.0373756e-14
3.1880303e-33
0.9999989
1.0
1.714315e-36
1.0
0.9996393
6.925185e-39
3.166612e-34
1.7618086e-31
4.94947e-39
1.0
5.7762016e-37
1.8318242e-15
0.9999995
0.99999523
6.4474984e-32
1.0591399e-37
1.0
5.3296788e-36
0.99999714
0.0
1.713086e-36
0.0
0.0
0.9999646
1.3543668e-36
5.726569e-39
0.9999999
1.4659335e-37
2.4074493e-28
0.99761814
7.864961e-08
3.2877465e-27
0.0
0.0
0.0
1.0
1.0
1.0
8.297598e-39
0.9993876
1.519385e-35
1.0
3.6186565e-14
1.0
0.9999982
1.0
1.0
0.0
1.9777463e-36
0.0
0.9982181
5.3590118e-30
0.27469543
4.660267e-07
0.85644287
3.382076e-39
0.9999422
0.38446492
0.0
0.999132
0.9559212
1.0
1.0
0.99999976
2.0009041e-31
4.32867e-36
0.9999871
1.5545664e-11
2.111797e-38
4.978289e-32
6.353305e-32
0.994831
0.99999976
1.0
1.0
0.0
1.0
3.312733e-14
1.8948309e-30
5.45262e-34
0.9996667
0.0
0.0
8.865326e-38
1.0
5.840718e-24
6.1969597e-37
0.0
5.9930906e-38
0.0
3.792058e-37
3.807406e-38
0.99999905
0.0
1.0
1.1988996e-30
8.646069e-37
0.0
0.99999976
0.96837574
1.1391682e-38
4.3384885e-29
1.0
1.0
5.8904417e-37
9.99668e-39
6.908275e-38
3.9783886e-33
0.9994686
1.0
0.0
1.0
0.99975735
1.0
0.0
1.0
9.277607e-38
0.0
5.798922e-07
0.9999999
0.0
5.0660085e-33
0.9999883
0.0
1.3637401e-36
0.0
1.7198379e-20
1.0
1.0
0.0
4.2534556e-21
1.0
0.0
1.7856722e-07
0.9999988
0.0
3.085571e-28
1.0
2.9392022e-34
7.7152736e-29
1.0
3.104098e-33
1.0
0.0
3.7546622e-37
1.556413e-28
1.2454703e-37
3.6707482e-31
1.0
4.0202727e-30
0.0
8.01207e-20
1.0
1.0
0.9998876
0.99999964
5.2550278e-34
0.0
0.99999964
1.5382153e-36
0.0
7.2675337e-16
3.419682e-26
0.99999535
1.2933618e-36
0.0
1.0
1.5968815e-36
5.3273063e-19
0.00021715916
0.9998011
0.99998486
2.5014901e-35
1.0
0.0
2.2003702e-34
0.0004325634
1.0
2.7702708e-35
1.0
1.0
7.890787e-39
2.7720828e-32
1.0
0.0
1.0
0.0
0.98136824
2.0103045e-26
0.0
0.9999999
6.154189e-26
0.0
0.9706205
1.0
0.0
4.997981e-33
1.0
0.99999964
1.0
1.0
1.0
1.0
1.0
0.0
1.0
0.0
8.4556435e-23
4.5067947e-27
0.0
1.0
0.0
0.9999994
0.9999801
0.0
0.0
7.2162846e-32
0.0
1.0
1.2262365e-21
0.99999857
0.0
1.0856769e-36
1.0
0.99982184
1.0
0.9998319
5.3227468e-30
0.99996924
2.1055179e-35
5.695216e-25
2.8527594e-37
6.9433214e-34
0.0
1.0
1.0224054e-33
1.5250824e-34
2.518698e-34
9.64213e-05
1.0
1.0
0.9999994
1.0
1.0
0.8369866
0.99938905
1.0
1.1051214e-25
0.99957734
1.0
8.708032e-37
0.98880893
1.0
9.831059e-35
1.0
0.0
1.0
1.0
1.0
1.0
1.0
1.0
6.7468324e-37
0.0
7.096048e-29
2.6003307e-38
8.417853e-32
4.2445584e-28
1.706934e-37
1.0
1.0
0.999863
9.7368666e-33
0.0
2.4795474e-25
0.0
1.426077e-37
5.738199e-06
4.4986474e-37
0.99995804
1.1874399e-28
1.0
1.7944753e-38
0.9341846
1.0
1.0
1.0
1.5176754e-36
0.99999666
7.31244e-25
0.99999714
0.0
1.3493262e-32
5.625227e-36
0.0
1.0
0.0
2.6376457e-30
1.0
1.0
1.0
2.9733918e-36
0.9999945
0.9987581
1.0
3.3464574e-35
1.484583e-30
1.0
3.5373707e-19
2.5817318e-36
1.1604765e-22
0.79007953
1.0
1.5666845e-33
1.4029263e-26
1.0
0.97982764
0.0
1.0
1.5684566e-38
2.005043e-26
1.4230632e-34
1.0
1.0
6.0244352e-27
0.0
1.4797565e-20
0.99975914
6.5019956e-10
0.98954684
2.4510355e-31
0.99999845
1.9692526e-38
2.2057105e-38
1.0
1.0
1.0
1.0
8.3963135e-07
1.0
0.0
1.4969659e-34
4.352209e-31
1.0