0.5113361
0.9999999
0.4356958
0.5094897
0.43613485
1.647354e-05
3.0396155e-05
0.99999976
0.43500528
0.9829814
4.659028e-06
1.69926e-05
8.1618964e-05
0.43582338
0.9999807
6.6288517e-06
7.683774e-05
0.9999838
6.417147e-06
0.50588924
0.9769801
2.7913718e-05
0.43477267
7.458908e-05
1.1142681e-06
1.639105e-05
0.4683792
0.9978294
0.43655214
0.9999925
8.5084845e-05
0.4365528
0.40106723
0.43523988
0.43563643
0.43387613
0.5026792
0.9999386
0.9999999
0.9999993
9.644247e-07
0.43091726
1.8846298e-05
0.4343453
0.000118856755
1.1449362e-06
0.5104419
0.9850301
8.8392954e-07
0.9999995
0.9999913
4.279944e-05
0.9999969
0.9999963
0.46404427
1.3206756e-06
0.5043244
1.808361e-05
6.30461e-05
8.388259e-06
0.5192327
0.99998057
0.5190731
0.4365188
0.98314303
0.6541804
0.52443624
1.3301251e-05
0.89968294
0.5078523
0.9999962
7.3974466e-06
0.9792923
0.11466047
3.097841e-06
3.5838777e-06
6.740764e-05
0.51768845
0.43647847
0.43494993
0.00046955532
1.294423e-05
0.43510503
0.9999635
0.9999963
1.1328302e-05
0.5182855
0.9999999
0.99999595
0.99885356
1.0509769e-05
9.060959e-06
0.99999535
0.9996282
6.0830434e-06
0.0003932208
0.9999821
0.99158317
0.9999995
0.9999999
0.43631727
0.43651086
4.8597238e-05
2.5683126e-05
0.43473837
0.00012123919
6.4180094e-06
0.9989673
0.999961
0.9999999
2.026454e-05
0.4355949
0.99584866
2.341653e-06
0.43457642
2.1551024e-05
4.880235e-06
2.5347486e-05
0.99999034
0.80531114
0.9999999
0.99999774
0.00012610067
0.99999905
5.0212957e-06
0.9999958
5.6783124e-06
3.5353893e-05
3.0644773e-05
0.9980678
0.99999344
0.9964803
2.3260563e-05
0.9999267
9.170127e-06
7.371334e-06
0.35326782
0.9999999
0.43675
2.807652e-06
0.9999143
2.5833951e-05
0.9934034
6.0498554e-05
0.9999535
8.9305695e-06
8.769331e-06
0.41962275
1.6475473e-06
0.00082518085
0.9999802
0.9991672
0.43247274
3.7199407e-05
7.237164e-05
0.43356284
1.0
1.8209334e-05
1.8783678e-05
0.99866295
0.99999964
0.999992
0.84692615
0.9999435
0.99996984
1.7657421e-06
0.5249816
0.5050742
3.432095e-05
6.23927e-06
3.5154849e-06
0.43607032
1.3977333e-05
0.2294346
0.000121411686
2.3744042e-05
1.8319137e-05
1.0
1.0340837e-06
3.4350708e-06
0.5355714
3.4030756e-05
3.132328e-05
1.0
0.99168056
0.999851
0.435149
0.4357906
1.7289993e-05
0.99996054
8.36344e-06
0.9999993
0.99999356
0.99992764
1.6854465e-05
8.916949e-05
0.4368004
0.9999789
4.178381e-07
5.122325e-05
7.5235257e-06
0.99999833
0.9999993
0.9999213
0.9999522
1.0
3.6596552e-06
0.99999857
5.654331e-06
0.00014168183
0.43549597
0.43545425
0.9999753
1.1935908e-06
0.43680242
0.4367985
1.0821873e-05
0.21205598
6.604319e-06
2.7701226e-05
0.24812981
0.99999917
2.6445093e-06
2.7764278e-05
4.7864974e-05
0.99999833
0.9995809
4.0252107e-05
0.4348704
1.982461e-05
0.99999106
0.4349068
0.20471315
0.4348217
0.45367172
0.43659782
0.99999857
1.0
2.1022495e-05
7.825659e-06
1.8093564e-05
7.1521995e-06
0.99999857
0.9996972
0.9991973
2.0764803e-06
0.43545645
2.8020108e-07
0.43514302
0.39710373
0.9999999
9.769059e-06
0.9666435
8.440095e-05
7.2546104e-06
4.3041664e-06
0.9997178
0.9996755
0.9999956
0.9999974
0.9999999
2.7633181e-05
0.9999994
0.9999937
0.7561719
0.00018897704
7.1744084e-06
3.1550524e-05
0.44514713
0.99999166
0.4366314
0.8555163
2.4617788e-05
5.86861e-05
0.9877664
0.4203524
0.096313775
1.163516e-05
0.9988319
0.9984633
1.0
0.9999999
2.128107e-05
4.8835143e-05
0.9999995
0.9996331
0.4346256
0.9999982
3.1228462e-06
0.43544838
0.6996205
0.9999993
0.5065023
3.0727224e-06
0.999923
2.9618786e-06
0.48433575
0.9999068
8.2070455e-06
0.9999963
0.43500605
7.15089e-06
0.8787736
0.9998258
0.9999999
1.634171e-06
0.5120113
1.7501674e-05
0.9999974
7.715111e-07
4.5058558e-05
0.4117487
0.99999595
0.9998405
0.9999819
9.356975e-06
1.0215333e-05
6.702227e-06
0.9997862
8.336454e-06
4.620325e-06
7.595444e-06
1.0965528e-05
3.29417e-06
0.99999917
0.5086034
5.6990257e-06
6.0190246e-06
0.43675885
0.99988186
0.64775646
1.26000705e-05
0.99999774
0.99999857
0.7308883
0.43526417
0.99999976
0.9999969
2.0405836e-05
1.0842451e-05
1.0311625e-05
1.64712e-06
0.9999846
0.4265368
0.9999919
0.8241872
0.82288677
0.9998821
0.9999981
0.999913
0.99769694
3.147678e-06
0.99999917
0.42504245
0.9996331
1.7519407e-05
6.900379e-06
0.5136264
0.9999994
0.51221347
5.016281e-05
0.99990594
3.444709e-05
6.58784e-05
1.8464432e-05
0.43470386
0.99728394
7.369043e-06
1.6755008e-05
0.43682104
0.4348459
2.3579557e-06
0.9999949
3.0940291e-06
2.8872231e-05
1.519711e-06
0.9999881
0.9163487
1.7358936e-05
7.368516e-05
0.99999714
0.9996126
0.97490203
3.4114644e-06
2.9093953e-05
0.9988575
0.9999974
0.42506868
9.209354e-06
0.9999889
0.51765996
4.152115e-06
9.771074e-05
6.221818e-05
0.4363742
0.9997596
0.99910283
7.0646556e-06
4.7430676e-05
1.1023154e-05
0.00022224656
0.99671483
0.99996865
0.42340523
0.5083874
0.43659815
0.99999964
0.9999807
0.9999877
0.43675908
0.99809235
0.43317154
0.9997806
0.99999976
6.6281376e-05
1.5765067e-05
0.9958253
4.2199455e-05
0.9999987
7.557857e-06
0.00019819461
0.43424752
7.896911e-06
3.8814637e-06
0.9998171
1.0
0.999997
0.42507458
3.9178783e-05
7.364743e-05
8.230106e-07
0.9999968
0.43220463
0.30076772
5.2513376e-05
5.22397e-06
0.99999976
0.49379936
0.9712484
0.435
5.7043693e-05
2.1538923e-05
9.138814e-05
0.9999691
0.999998
1.0162746e-06
0.9999957
0.999969
0.43601978
0.9999994
0.99996924
0.4368098
0.9899676
3.4228538e-06
0.4188942
0.00023610497
0.99987245
0.9936638
1.4746594e-06
0.000118229735
0.9999863
0.999998
2.7458884e-05
0.9756398
1.6087911e-06
0.9999999
0.99999595
0.034797102
4.8521386e-05
3.6050212e-06
0.43680182
1.6453789e-05
0.9999987
0.51523554
1.729997e-05
0.99945396
0.9990953
1.4246403e-05
0.9999982
2.2400462e-05
6.698316e-06
0.43467462
0.4355825
0.9999981
1.6111755e-06
1.4972098e-05
4.758922e-07
0.99999535
0.99999595
0.43669093
0.43923798
0.98732007
1.0
0.9941327
0.4368476
0.435728
0.99999964
1.1772007e-05
1.7902793e-06
0.4914209
0.4345303
0.9999993
4.9647374e-06
0.00010215315
0.9986486
0.9999988
3.4241434e-06
0.43297932
5.6631925e-05
0.79142517
3.316153e-05
0.9790262
4.334112e-06
0.99999833
0.43665972
0.4346336
0.5157811
3.0368456e-05
8.635237e-05
7.650126e-06
0.5186275
0.08250524
4.7609328e-07
0.99998224
0.99999964
0.97944754
0.4354295
4.201743e-05
0.9995353
2.825126e-05
0.99626994
0.43595824
5.4616457e-06
0.43128595
1.9169112e-05
2.724653e-05
2.1887558e-06
0.43680462
3.7966147e-05
0.5171058
0.43288857
0.99999726
0.43635714
0.9995597
0.43333292
5.8169047e-05
5.3973192e-05
0.00011770115
0.00026061668
0.9999341
9.428327e-05
2.833526e-06
0.4355699
0.99999046
0.9999993
0.43677
4.017393e-06
2.2308046e-05
4.2966085e-06
0.99998045
3.7504637e-05
0.9999995
0.40547195
0.43594354
0.9999969
1.8499542e-05
0.99990237
0.9999999
4.1550513e-05
0.99992406
0.99935645
7.981109e-06
0.50616765
7.370877e-06
1.0
0.999987
1.0
0.99973685
0.99973756
1.7794582e-05
5.317194e-05
0.000107334
1.0953727e-06
0.00079064356
0.9999995
0.73296285
2.1508215e-05
0.84805036
6.313695e-05
0.9999914
4.9725964e-05
7.650031e-06
0.00031995674
0.2852559
0.50101227
3.229248e-06
3.7506022e-06
0.0002126883
0.9999993
5.9895806e-06
0.99999964
0.9999989
0.9994222
9.361797e-05
0.99880195
0.00010597073
0.4343343
0.43682104
7.743739e-05
0.5159736
6.646013e-06
0.9935051
8.908131e-06
0.99989796
0.35367286
1.2956947e-06
0.00010183822
6.3366956e-06
0.9998516
0.9999993
0.9999908
0.42178428
0.0018216512
0.9894824
0.43635404
0.99999964
1.2866226e-05
0.99571013
0.9770702
0.43667132
6.6116604e-06
0.4356339
0.9999989
0.9999995
0.42162073
0.99999666
0.9999292
0.00015404532
1.5677495e-05
5.707821e-06
0.9999857
3.1538711e-06
0.9816928
0.99997497
8.373552e-06
6.040597e-05
5.7527533e-05
2.001904e-05
0.513491
0.9975152
0.9999943
0.99919254
0.4366214
0.5118475
7.405352e-06
0.9999794
0.9999639
0.9999993
8.530342e-07
3.8007805e-05
0.43553475
5.8679325e-06
0.9999616
0.7394719
1.6576922e-05
0.9926993
0.00010213405
2.4358593e-05
0.99998605
0.39949328
0.5016869
0.9999963
9.559658e-06
0.9975163
0.99789065
0.99999964
0.32418546
9.205439e-07
0.9999975
0.99972314
0.44521672
5.1256917e-05
0.97382903
0.9999975
0.9980065
0.9999895
0.99910057
0.9999949
0.99995565
3.821001e-05
2.0898582e-05
0.96809465
1.5152135e-05
7.830758e-06
4.252344e-05
9.0420035e-06
2.3510833e-05
5.075841e-06
0.9999906
0.65276074
0.43478996
0.51018
0.99999523
0.00044574967
2.7040922e-05
0.9999994
1.2981365e-05
0.99997294
0.9999995
0.50639963
0.43603015
0.99991536
5.1580344e-05
5.1080227e-05
0.9999999
0.43590772
4.0633186e-06
0.9999863
3.8395716e-05
0.31174755
3.2723178e-06
7.1055e-06
0.98430276
3.6862053e-05
6.6162206e-06
6.8779755e-06
7.725553e-06
0.43673176
4.7447834e-06
0.0010801736
0.99583805
0.9999964
0.43212846
4.9665746e-06
0.99974424
2.3990658e-06
8.1881284e-05
0.99998045
0.5114712
2.7318885e-05
0.5035833
0.43681985
0.99999547
5.111696e-06
1.0
0.06791884
4.9094756e-06
0.4342701
2.150723e-05
0.4367091
1.1409662e-05
2.8504455e-05
0.000103966675
0.99926656
0.4329607
1.9497488e-06
0.9996855
2.0002592e-05
1.592143e-05
0.43473008
1.7488176e-06
0.9996451
0.51829386
0.89131635
2.43863e-05
1.1908294e-05
4.986329e-05
0.99753124
2.1513279e-06
0.9999794
2.4316145e-05
0.0014227985
0.528941
4.783011e-05
3.0231117e-06
0.99996614
0.9999994
0.35707211
0.9999893
7.3742244e-06
1.07835385e-05
0.9998652
0.9780944
0.99481404
8.091747e-05
0.9999956
0.99999464
0.4837812
0.99999976
1.36037615e-05
0.9999894
0.9992855
0.99983335
1.1719583e-05
1.637288e-05
4.3345568e-07
0.42837173
2.6535245e-05
1.0
9.449565e-06
0.9999999
0.43641335
0.97121924
0.9999993
0.000108965985
8.149394e-06
1.451974e-05
0.3710651
0.99994075
0.9999825
0.99999964
0.53293186
0.49556652
0.9847956
3.6653557e-06
0.4354177
0.97536385
0.895889
2.6005053e-05
0.9999864
0.9999747
1.0
0.999997
7.253843e-05
2.6954103e-05
0.9998684
1.0
5.9010476e-06
0.19387215
0.43655697
0.9999987
2.531049e-06
4.964229e-05
0.99999905
0.99931717
0.27409157
0.99936694
0.99992037
4.066889e-06
3.2788987e-05
0.00013926908
0.99999976
0.99999976
0.43667313
1.0
0.5094528
0.9999968
0.99999774
0.99998045
1.1067996e-05
0.15072405
0.9999852
4.32238e-05
1.0606789e-06
7.0929077e-06
0.9966259
3.1488995e-05
3.3529384e-05
3.003135e-06
0.43674362
0.99999976
0.43584082
0.9999397
1.2509619e-06
0.5069041
1.6427244e-05
0.41944975
2.0086125e-05
4.147979e-06
1.1379713e-05
5.7058052e-05
0.27796918
0.43679067
0.9996804
1.2975535e-05
0.9999976
0.4355493
5.3611286e-05
1.9169222e-05
0.36044353
0.5088294
0.4343193
0.07078111
0.00011892421
0.43495083
6.401872e-05
0.5221798
0.43594432
0.03366022
0.43576628
0.43663594
1.0
0.00011900928
0.9999939
0.9999571
0.998928
0.9911582
3.8298844e-05
0.99998844
0.99999774
0.8173266
8.288314e-05
0.99999726
0.047307372
1.0
0.41145605
2.7149317e-06
0.5020808
0.9999943
0.4362325
0.9999019
9.268934e-06
8.382429e-06
1.0166486e-05
0.12165945
0.99999845
0.51208466
0.435488
0.52189416
0.9999949
3.1381795e-05
0.9999995
0.9999927
0.9999441
0.9998492
0.9995309
0.43488747
1.7839082e-05
0.99999666
0.43680558
0.9999478
0.43519893
0.99999976
0.5090812
0.9972205
0.9999994
4.416931e-05
0.5141868
0.99999976
8.302363e-05
0.99999726
8.930911e-06
7.7753575e-05
9.807705e-06
1.2337387e-05
0.43680665
2.483868e-05
0.51287955
0.4725069
0.99999297
7.7003744e-05
0.9994823
0.9066594
6.134939e-05
3.371114e-05
0.999979
0.9999559
0.43275943
0.9998343
0.99998987
0.9999974
8.056533e-06
0.99999726
1.7298089e-05
0.9982653
3.3217962e-05
3.3119086e-05
0.4343381
0.99985886
3.5254976e-05
0.99999714
0.4342962
0.9998658
0.43651235
1.1949381e-06
0.9975357
0.9999963
8.3153645e-06
0.99999774
0.99998426
3.9262643e-05
0.98198825
2.5560175e-05
7.306228e-07
0.43680748
0.42033648
0.9259174
0.16191718
0.51108193
0.50460684
0.99836785
0.4367751
0.5273148
2.2324244e-05
0.9942979
0.43508893
0.43506923
7.201032e-06
6.8660083e-06
1.0
0.43682104
0.44430193
5.5973687e-06
0.99999464
0.4650718
8.286818e-06
0.9999825
1.1698284e-06
0.4367569
0.999946
9.844906e-07
5.5656976e-05
0.9999856
0.9999987
0.4367574
0.092686735
0.531549
4.1126505e-06
0.436773
0.9999989
0.43683076
0.43588823
2.9499253e-05
2.9374196e-06
0.43438628
0.4367936
0.43651927
0.9998956
0.999524
0.9993523
1.0085996e-05
0.43621618
0.99861693
1.569365e-05
1.0804816e-05
0.904643
2.2929148e-06
0.99999833
0.9999995
0.9999994
0.9999994
1.9687736e-06
0.00013171716
0.9887128
0.9999994
0.9999658
0.999681
0.5026848
0.4358607
1.0
2.0329055e-05
0.9999877
0.99980503
2.47367e-05
2.4606984e-06
1.7765926e-05
7.145989e-05
0.9997558
0.9995283
0.9988433
1.8871915e-06
0.9999999
8.848794e-05
0.5175356
4.3817443e-05
0.99998975
0.9999845
0.99963367
0.9999999
0.9999778
1.42739555e-05
0.43485513
6.638796e-07
0.9999459
0.9987458
0.500908
5.3809916e-05
0.9999999
0.99999964
0.5296858
1.804213e-05
0.9999994
1.1320796e-05
0.99996984
0.9998441
0.9999833
7.6779725e-06
0.43612474
0.9999906
0.00010429305
1.4262989e-05
8.253383e-05
0.9999968
2.3205881e-05
0.20152393
0.9997955
0.9874297
5.684722e-05
0.00011613742
0.9940234
0.9999999
5.402288e-05
0.99999964
0.4526093
9.366413e-06
5.376042e-05
6.309587e-07
3.4278096e-06
0.99999607
0.43527502
2.8783023e-05
0.99886537
0.9998011
4.906729e-05
3.3881835e-07
0.99999714
3.941093e-05
0.9984143
2.399773e-06
3.1765634e-05
1.5036071e-05
0.00017189102
0.9953519
0.00023261519
2.093916e-05
0.9999745
7.0921838e-06
5.9799302e-05
0.5139317
0.010251369
5.523375e-06
9.768295e-06
0.43508002
0.43679255
0.9999927
0.9999912
0.9999354
6.2720883e-06
0.9831634
0.00010316348
0.9999763
9.239082e-05
0.9999994
0.99990857
0.9999896
0.9996371
1.0601854e-06
3.4367224e-06
0.43652207
0.99664634
0.43671852
0.5395714
0.019294376
0.39201206
0.43657625
0.97828126
0.46684977
0.43677804
0.9622903
0.93231326
0.9999994
0.506631
0.99998844
6.8283566e-06
7.713973e-06
0.9985587
2.0565503e-05
8.35737e-05
2.4382904e-05
1.4504944e-05
0.98691076
0.9999912
0.9999994
0.9999552
1.9178693e-05
1.0
5.342959e-05
1.3727797e-06
1.2902323e-06
0.9899092
6.173495e-06
2.595327e-05
0.43638945
0.99994195
6.7254173e-06
0.43671423
1.7059799e-06
2.3196553e-06
6.674045e-05
5.080982e-05
9.524005e-06
0.9999827
1.8733659e-05
0.99999845
1.808894e-05
0.43677303
1.5426832e-07
0.99997807
0.14043708
2.1814685e-05
5.279683e-05
0.9999995
0.99988127
7.828403e-05
2.4835246e-05
3.9847537e-06
0.4356766
0.98099387
0.9999994
1.162128e-06
0.99999464
0.9906777
0.999985
2.6574435e-06
0.99999905
4.4459208e-05
2.9379323e-06
0.3639593
0.9999484
3.8348426e-06
0.4323058
0.9998116
1.2855249e-05
4.4328644e-05
1.0377744e-05
1.6055852e-05
0.99999976
0.9999863
1.0612131e-06
0.43661565
0.99998176
1.2280256e-06
0.49445033
0.99998367
1.3201542e-05
4.8789084e-06
0.9999999
2.9558645e-05
2.4404271e-06
0.9999789
0.43602577
0.9999999
5.3192936e-05
4.8567865e-05
8.604601e-05
4.944434e-06
2.0361902e-05
0.9999862
0.43515652
2.3982996e-06
0.436392
0.9999974
0.5185132
0.9995172
0.5039848
4.9367446e-07
1.869791e-06
0.9999988
6.5276195e-06
0.43613815
5.6941895e-05
0.43603712
0.99992704
0.43679428
2.7797412e-06
0.99999976
0.43545708
1.5724107e-05
0.3224508
0.99901843
0.99955267
8.834923e-06
0.99791473
2.9361483e-06
0.43485
0.28628188
0.9999858
8.3577936e-05
0.526221
0.9999224
1.4480757e-05
0.00016962734
0.99999905
9.6936e-06
0.9999999
2.0324771e-05
0.98607177
0.43626457
2.3729326e-05
0.9998356
8.400763e-06
1.439723e-06
0.43633935
0.99999356
2.9655218e-06
9.83528e-06
0.9999999
0.51291424
0.9999491
0.9999974
0.51019156
0.99997735
0.5198901
9.653954e-07
0.9999975
4.9167902e-05
0.43682045
3.813499e-05
5.205247e-06
1.0
7.273696e-06
0.9998727
0.50522393
8.630363e-06
1.9628063e-05
9.248168e-06
1.2642163e-05
0.9998845
0.006358935
0.9999348
8.432413e-06
0.43680274
0.5110122
0.99993
0.999946
0.9952807
2.3255287e-05
0.9991798
4.06333e-06
1.69862e-05
3.1972326e-05
2.4728372e-06
5.12838e-06
0.99975044
0.4355025
0.43572757
3.3017164e-05
0.36203876
0.9999342
0.99999833
0.9998343
0.99989307
0.9987295
0.8950686
0.9991437
0.99999475
1.537515e-05
0.9468639
0.5193451
2.0364814e-05
0.30923474
0.9999994
0.000112758666
0.9999608
1.080699e-05
0.5124024
0.9999999
0.9999999
0.51680326
0.52326125
0.99998343
1.0219981e-05
1.1667627e-05
2.3074977e-05
3.906425e-05
0.42394125
3.5654313e-05
2.2620152e-05
0.9999968
0.9999386
0.98900527
0.43568605
0.43653187
6.7482574e-06
0.43679065
0.43586138
0.42726895
7.4977115e-06
0.99939835
1.2526483e-05
0.9999914
3.17641e-06
0.78511095
0.9999845
0.99999213
0.5210844
6.5258455e-06
0.9985001
2.5637733e-05
0.9008834
1.1818397e-05
5.829007e-06
9.675491e-05
0.43656042
0.9999989
1.9647618e-05
3.913578e-06
0.5131899
0.99999964
0.5284812
3.8100213e-06
0.9998547
0.98499864
1.0
0.00012277615
0.00012153691
0.9999964
1.50204505e-05
0.0001438781
0.43599752
0.4696506
0.5013644
0.43560904
4.3071843e-05
0.9999397
0.43918586
2.048933e-06
0.51273954
0.43673006
7.327745e-06
8.93899e-05
0.9999994
0.99995947
5.5298227e-05
2.1841892e-05
1.44598225e-05
0.99738556
0.00016517329
0.99956864
0.42304775
0.5143984
2.7012802e-05
9.616009e-06
0.99999714
0.99999917
0.9999937
0.51697326
0.08661773
0.9999722
1.20624945e-05
1.7705225e-06
1.1485886e-05
0.9999927