0.5759923
0.9999094
0.44195768
0.5548698
0.44080597
0.00015040555
0.00027327187
0.99990845
0.44246596
0.7495548
0.013989636
0.0004235733
0.0010999899
0.44979796
0.9998253
0.0005916988
0.003392992
0.93821025
0.0023696406
0.50772446
0.8693503
0.0004591374
0.424206
0.0011262413
0.00028705352
0.0015317074
0.53620684
0.9741708
0.4745064
0.997957
0.0005228497
0.43442893
0.5863866
0.46036884
0.40876335
0.45361227
0.57270247
0.99621755
0.99981767
0.999775
0.0011369474
0.3859811
9.626522e-05
0.45016912
0.0008272254
0.00013119532
0.61429507
0.9335227
0.0003632689
0.9998062
0.9929101
0.00049730355
0.9962697
0.99959236
0.5204914
0.0006108173
0.57256776
0.0012597897
0.00060145004
0.0009392044
0.5912983
0.9993218
0.58075774
0.44680002
0.9390067
0.88100904
0.60898024
0.0023043754
0.9493873
0.5868519
0.9979956
0.0004076903
0.99423754
0.1377135
0.016648607
0.0007187743
0.0011846162
0.5808518
0.43914166
0.4605975
0.0032427916
0.00021871888
0.4570718
0.9975854
0.9993561
0.00031508284
0.59752584
0.69573486
0.9997725
0.98830914
0.00033441596
0.00020660656
0.9993513
0.99626714
0.007265535
0.00059708976
0.9996569
0.95986253
0.9996026
0.9996669
0.45304257
0.44786268
0.00023474114
0.00037262225
0.45706677
0.00020906779
0.0006313689
0.9746323
0.99961334
0.99971944
0.0009484261
0.4467986
0.99644023
0.00025385563
0.44328582
0.0025646798
0.00015573432
0.0067458237
0.99971014
0.9235769
0.9975171
0.9995529
0.00051741296
0.99984384
0.00031375402
0.9999274
8.499564e-05
0.00028104385
0.0005139729
0.99426186
0.9982141
0.99021953
0.00083757786
0.99677473
0.0001291547
0.0005366284
0.13152178
0.9998135
0.4456999
0.0003080269
0.99998105
0.0003316335
0.95771253
0.0006796991
0.88981897
0.0008332561
0.00036374887
0.49252114
0.0018340749
0.00035459772
0.99924976
0.9855079
0.4424728
0.0008693517
0.0023823492
0.45488232
0.9998179
0.0008007163
0.0013116772
0.98723674
0.9996419
0.99942505
0.5517324
0.9996057
0.9990879
0.00022563525
0.61334395
0.5757425
6.678928e-05
0.00070275145
0.00041415953
0.4424266
0.00042622106
0.39480224
0.0009963029
0.0004501748
0.00036661173
0.9929739
0.00023631036
0.00051474094
0.28902996
0.0013187295
0.0004199284
0.99996626
0.9864587
0.99951124
0.45859936
0.43068153
0.0009413012
0.99111557
0.00021868282
0.99962187
0.99944574
0.99802554
0.0010944167
0.00079331285
0.4558371
0.9993604
7.630428e-05
0.0010398993
0.0017114988
0.9915107
0.99987316
0.9826292
0.99810314
0.9999821
0.00083029777
0.9996
0.0023924285
0.001072554
0.4562428
0.46084628
0.99962854
0.0007737295
0.44075912
0.45433363
7.679614e-05
0.08364504
0.000335791
0.0003766826
0.0015564746
0.9999374
0.00049014296
0.00011900838
0.00067586574
0.9992417
0.9923488
0.0023970434
0.4522658
0.00071725936
0.9985176
0.44319916
0.4531547
0.44238383
0.55728024
0.43193313
0.9998018
0.9999343
0.00014092353
0.00021743118
0.0023165704
0.00012114432
0.99954164
0.99376464
0.9653674
0.00040346538
0.42556205
0.2510817
0.45474523
0.54052746
0.99953437
0.0002014397
0.963512
0.020343924
0.00046617255
8.534715e-05
0.9961063
0.7787405
0.9963935
0.9995441
0.99973935
0.00023351025
0.9998754
0.9992428
0.31883338
0.0017950442
0.00037169695
0.00088807644
0.5948911
0.99948287
0.45402452
0.8606774
0.0009724184
0.00037202824
0.9745136
0.50847054
0.19475068
0.00019672474
0.9998203
0.9874507
0.99995184
0.9996598
0.021049866
0.00037592225
0.9994004
0.9980622
0.4594112
0.99898666
0.0002849477
0.4194627
0.5147819
0.99980086
0.57050425
0.00065510295
0.99897027
0.0015003134
0.77663827
0.9994404
4.6510977e-05
0.9942514
0.43502745
0.00055741897
0.4799469
0.9979284
0.98864615
0.00070058357
0.5716355
0.007896914
0.9985966
0.00048652638
0.00047281972
0.8463318
0.99965966
0.99911433
0.99632674
0.00014471507
0.000653742
0.00083955796
0.9980965
0.0006812159
0.0002356228
0.00093880994
0.00046094783
7.429016e-05
0.9999101
0.56489974
0.00066447514
0.00041495444
0.45293146
0.97030324
0.91349113
0.00038675353
0.99784255
0.9998035
0.8833122
0.45558032
0.99987197
0.99954057
0.0014339526
0.00036363062
0.00018320631
0.00037234367
0.999466
0.46980464
0.999463
0.5145227
0.9065051
0.9965917
0.99991953
0.9969887
0.99081475
0.0009378578
0.9993068
0.4790433
0.9897663
0.0027470915
0.00087951694
0.5922756
0.99995446
0.6188047
0.00027235708
0.98771274
0.00031059037
0.0009965759
0.00016350274
0.45381773
0.9853812
0.0003051656
0.0012008123
0.44573992
0.40200293
0.00044897143
0.9998909
0.00017671497
0.0009268682
0.00035456967
0.9994593
0.9259231
0.00086344115
0.0037315837
0.9985707
0.9544138
0.94417685
1.5057481e-05
0.0009328546
0.96199536
0.99279755
0.4830257
0.0012112781
0.99971825
0.5954986
0.0003254219
0.00048962416
0.03666145
0.4468007
0.99931026
0.9972518
0.00021341737
0.00050969643
9.222384e-05
0.0005338246
0.9767014
0.9985374
0.4859691
0.5135526
0.4501442
0.9987355
0.9979068
0.9981996
0.4622064
0.9931064
0.4222604
0.99176764
0.99996424
0.0012529686
0.00046500802
0.98362225
0.0011766696
0.99989426
0.00013819174
0.0007765124
0.45519808
0.00078929984
9.407814e-05
0.9973475
0.99997354
0.9996762
0.47348785
0.00086325774
0.0031251856
0.0003839843
0.9845073
0.44640034
0.021354517
0.0023115426
0.00031617365
0.99949265
0.54800904
0.97520286
0.45639324
0.0009975486
0.0031833353
0.0004419273
0.99921775
0.9997342
0.00028843837
0.9981553
0.99572915
0.42927605
0.9997323
0.99927133
0.4597746
0.98243076
0.000102455466
0.5268733
0.0007854545
0.9969995
0.43256533
0.0003012102
0.0004444488
0.9898887
0.99981815
0.000860557
0.8959664
0.00022305791
0.9999367
0.99939597
0.56147623
0.0005721598
0.000109202425
0.45336598
0.00027530274
0.99958116
0.5989419
0.0010731202
0.9942216
0.9792571
0.0009407556
0.9995511
0.0013951974
0.00016652903
0.45419946
0.4407071
0.9988502
0.00048077523
0.0014527217
0.00020332226
0.9995784
0.998777
0.42747828
0.42138082
0.9222385
0.99983656
0.9996463
0.4504551
0.47710603
0.9967963
0.00055092137
0.00018274241
0.5277447
0.4571634
0.9997675
0.0002759792
0.00035439496
0.98900175
0.99965036
0.00090319547
0.44676128
0.0006219341
0.3945088
0.0013417451
0.8829015
6.5765606e-05
0.999814
0.44942102
0.44330987
0.6201112
0.018908065
0.0012694448
0.00091317086
0.6450981
0.5945536
0.00038377132
0.9990054
0.9998716
0.9559326
0.45175555
0.0008713764
0.9637913
0.004071924
0.99026173
0.44923335
0.0053688185
0.48821688
0.0007615443
0.0013572553
5.208256e-06
0.4592944
0.00022615411
0.58687884
0.43203014
0.99938965
0.45065415
0.9984433
0.46041402
0.0004418024
0.0011334426
0.00080973125
0.0011231118
0.9996338
0.0012842059
0.0013822753
0.40945345
0.9986273
0.9981863
0.44602826
0.0005247954
0.005392186
0.0002797681
0.99983966
0.0013102794
0.9999131
0.45384002
0.45607364
0.9995352
0.00022561847
0.9973979
0.99704
0.0007723104
0.99402905
0.98908526
0.0001251036
0.55925065
0.0005473118
0.996687
0.9954104
0.99965334
0.98150474
0.9962745
0.002845291
0.00031672817
0.0002807739
0.00074743864
0.0018107505
0.9384574
0.5697989
0.00029426362
0.61062413
0.001474388
0.9994686
0.0154199395
0.00044368935
0.013257416
0.45949626
0.5800701
1.5750325e-05
0.0011396685
0.0008975198
0.99560755
0.001176255
0.9998758
0.99967265
0.96251434
0.00050847774
0.68925
0.0005584563
0.41068986
0.45075858
0.00035016992
0.57458586
0.0011771847
0.9450217
0.0008471656
0.98874235
0.4189529
0.00035492104
0.0030120856
0.00076464826
0.99877053
0.99965274
0.9982886
0.4894167
0.00030480765
0.9278462
0.43009716
0.999824
0.00038367292
0.9937104
0.8510413
0.45134985
0.00036349322
0.4550827
0.99942565
0.9998448
0.0060231397
0.99997604
0.9993338
0.00056569366
0.000795551
0.00041361287
0.9992478
0.013310341
0.91749066
0.9989906
0.00048714757
0.0010812562
0.0006572689
0.0008743015
0.5908353
0.98937094
0.9996364
0.99765164
0.43572286
0.6515627
0.00017664168
0.99926907
0.9980222
0.999918
0.000224377
0.00029101
0.45240209
0.0006996195
0.99933666
0.6990629
8.248725e-05
0.996007
0.0015346733
0.0012656684
0.9988722
0.46168268
0.55565083
0.99825484
0.00021469481
0.9796694
0.9636313
0.999253
0.13748848
0.00086554873
0.9997564
0.9662864
0.6100374
0.00090027985
0.58084637
0.9986047
0.9928933
0.99967825
0.9989968
0.99910825
0.9974082
0.00064101553
0.0019158416
0.9839982
0.00031410388
0.0039891093
0.010226252
0.0004427151
0.0002391144
0.0010959149
0.99890935
0.5172587
0.3909871
0.5604787
0.9999002
0.003893228
0.0009896806
0.99982053
0.00013149153
0.9997496
0.99966836
0.62109536
0.50865716
0.9965173
0.00050742686
0.0047294735
0.9995266
0.4587348
0.000150049
0.9999471
0.0005145106
0.27202192
8.451644e-05
0.00019654626
0.8902353
0.0021831673
0.0003515594
0.00048392353
0.00032339917
0.44866833
0.00021699007
0.0010295812
0.99039197
0.99953556
0.44762954
0.0014201568
0.99828315
0.00020065834
0.0009129612
0.999589
0.62349176
0.0017244911
0.5675831
0.4562448
0.9994467
8.7271335e-05
0.7114024
0.03053597
0.0009879495
0.45100287
0.003167534
0.43919304
0.0008259562
0.00013634814
0.00052748394
0.9956672
0.53018695
0.0002961654
0.9978115
0.0030515841
0.00059645955
0.43308398
0.00038139717
0.99761057
0.57973135
0.8403445
0.0005158726
0.0090005705
0.0004316346
0.98872477
0.0003262407
0.9994116
0.00028777527
0.0050742365
0.58644617
0.00031498013
0.00039913814
0.9983565
0.99920076
0.4724372
0.9996451
0.00022314962
0.00051479856
0.9950552
0.23652071
0.9859146
0.000772983
0.9996482
0.999388
0.57942957
0.99981457
0.0018900604
0.99994206
0.9757614
0.9993581
0.00091484113
0.0019740334
0.0010552588
0.46453014
0.00076976087
0.9993136
0.00028562767
0.99985945
0.44737038
0.9412423
0.9994728
0.0003917334
0.000528109
0.00043864563
0.7364472
0.9890827
0.97418684
0.9999658
0.6323582
0.5512861
0.7890585
0.0006574481
0.4305119
0.98223674
0.8527029
0.0011619211
0.9992607
0.99544996
0.99986386
0.99984455
0.0014439904
0.0006874088
0.9979266
0.999775
0.00014885182
0.39080414
0.4447297
0.9985807
0.0006495196
0.0014279438
0.9998878
0.9981419
0.50980246
0.9979746
0.9977557
0.00072039093
0.00017531944
0.008418091
0.99982905
0.9995679
0.4253106
0.9997787
0.5469612
0.9999373
0.99992895
0.9968375
0.0005719488
0.00030224494
0.9981342
0.0029913695
0.0006140329
9.535152e-05
0.87971723
0.0011615383
0.0009130656
0.0006320327
0.43950188
0.9990128
0.4369337
0.80998826
0.0006111198
0.58080035
0.0010246026
0.48847798
6.4707465e-06
3.8818078e-05
0.00023187912
0.00049567816
0.5314587
0.44965014
0.980956
0.00081994187
0.9973494
0.45276535
0.0001687644
0.014482582
0.1034231
0.579074
0.4221866
0.61888283
0.00033855636
0.45602077
0.0013790419
0.6084757
0.44924998
0.02703063
0.44345567
0.4322987
0.999172
0.00056703755
0.99956065
0.99620676
0.9933931
0.9781723
0.0009892965
0.9979984
0.99992156
0.6303076
0.00033215273
0.9986663
0.26581857
0.9857787
0.2604593
0.00031099777
0.5498316
0.99928015
0.44434783
0.9994412
0.00023496103
0.0006971576
0.005521326
0.059413094
0.99979514
0.5685948
0.4549887
0.6025523
0.996879
0.0033526535
0.99979764
0.99962497
0.9968388
0.99602157
0.9959543
0.4339421
0.00033208844
0.99975795
0.44959572
0.9986802
0.42038593
0.99977607
0.5968184
0.9924523
0.99989605
0.01231775
0.59361106
0.99889225
0.0008607903
0.99978584
0.00035463457
0.00092015625
0.0018666756
0.0005281231
0.44970813
0.00024951334
0.60431874
0.55198234
0.99937695
0.00042754563
0.9860757
0.310013
0.0004456632
0.00057626836
0.9996829
0.9829034
0.4223038
0.9771099
0.9994105
0.99968183
0.00081554905
0.9993703
9.992727e-05
0.9996886
0.0012438069
0.000567439
0.45233902
0.9954104
0.0010279195
0.9999827
0.4603738
0.99928266
0.44416234
0.0004805152
0.97344625
0.99836403
0.0010537534
0.99997616
0.999821
0.0009931996
0.95739293
0.00031704357
0.00035977145
0.458923
0.49703667
0.8447077
0.1583663
0.59992987
0.53861177
0.8943259
0.45083785
0.57198244
0.00024036039
0.93891287
0.41139314
0.4493958
0.00040666305
0.00026774715
0.9989693
0.4530022
0.5680697
0.00037901764
0.9988549
0.8835576
0.00011755634
0.9992015
0.00036391048
0.44999453
0.9976897
0.0014245319
0.00028480374
0.9981179
0.9998124
0.45045176
0.009842019
0.6064225
0.0006780713
0.4500079
0.9997142
0.46003684
0.45427108
0.00300492
0.001865306
0.4598886
0.44219127
0.45587704
0.9876137
0.99986064
0.9952258
0.00045126586
0.43411747
0.9976814
0.0002631111
0.0020569642
0.7357032
0.0005434205
0.99958557
0.99985087
0.9997873
0.9999151
0.00033638338
0.0009426896
0.93680036
0.99958915
0.999114
0.9922295
0.6160494
0.45711216
0.99770504
0.00029330488
0.99773276
0.99979895
0.00040486013
0.0004892269
0.0001263014
0.0010886716
0.97684765
0.9991714
0.97094864
0.00032764333
0.99925655
0.0014694387
0.5907563
0.0005663791
0.99830186
0.998744
0.9929067
0.99965787
0.99852115
0.000103918996
0.45838135
0.00033036777
0.9951226
0.98750275
0.536582
0.0004380479
0.99970704
0.999864
0.6162162
7.5342345e-05
0.99928766
6.497932e-05
0.99454224
0.9923496
0.9986524
0.00058622455
0.4562348
0.9994512
0.0013927115
0.00027737804
0.00081567647
0.9996753
0.00043939243
0.5261935
0.9989951
0.89075273
0.006641956
0.00026490554
0.96333164
0.99845946
0.00078932464
0.9998814
0.5241352
0.0002190879
0.0018126519
0.0013560529
0.0002275839
0.9998876
0.45080388
0.0015890623
0.9856688
0.9974704
0.0007530108
0.0036415188
0.9961992
0.0015102223
0.98662424
0.00011421492
0.00040366664
0.00065656274
0.00085039955
0.96840054
0.00025402269
0.00019832012
0.99953794
0.0007185719
0.0005071689
0.5617501
0.050339498
0.00017182154
0.000104449115
0.44011936
0.44882706
0.9991978
0.9992337
0.9996344
6.950752e-05
0.892686
0.0016409977
0.99893004
0.0052068727
0.99984705
0.9991737
0.99936396
0.9890276
0.00022207032
0.00050265185
0.44769147
0.73385537
0.44982567
0.69203955
0.34947744
0.56153494
0.4534903
0.96222925
0.876811
0.43836087
0.8939219
0.92938876
0.99987566
0.5632827
0.9981438
0.00018097286
0.00027655734
0.96348584
0.0077289673
0.00036847912
0.00043756585
0.00040009033
0.8491387
0.99756694
0.99998784
0.99666494
0.00068979757
0.9998703
0.002905638
0.00054805336
0.0024601968
0.94502044
0.00011683487
0.0007086938
0.44867197
0.9939308
0.002406866
0.45151404
0.0006661358
0.0008469776
0.0010296602
0.00039779118
0.00048180838
0.99926597
0.0007405582
0.9993693
0.0020617966
0.449039
0.000718473
0.9986986
0.58588576
0.0005232221
0.000678142
0.9999039
0.9908317
0.0009930809
0.00051382056
0.00063085067
0.43767428
0.9109867
0.9997851
0.00037551412
0.9999696
0.9032355
0.9999199
0.00018887992
0.9991379
0.0003592176
0.0004820279
0.37190807
0.99879897
0.00014112228
0.44075412
0.9955426
0.00045065265
0.0002216688
0.0012325553
0.0013080363
0.99918586
0.9992299
0.0006435298
0.4358953
0.99912053
0.00049501145
0.55548465
0.997517
0.000914212
0.00027305752
0.9998411
0.00060960645
0.00096732745
0.9964064
0.44826078
0.9996612
0.0005562561
0.00029361068
0.0016258786
0.00029320197
0.0095643895
0.99960357
0.44955838
0.00019546472
0.45855144
0.9990528
0.7056262
0.9727888
0.541754
0.00015507062
0.00028171856
0.9986651
0.00032367278
0.43689257
0.0012200617
0.4595596
0.99821484
0.44875675
0.0015011752
0.99956256
0.45035067
0.0006895258
0.5179106
0.995138
0.9718831
0.00025070252
0.9960872
0.00030052496
0.4545833
0.5481498
0.9995608
0.00041921006
0.56688637
0.9958092
0.0002951878
0.00068130676
0.9993061
0.0006790005
0.99978775
0.0003546197
0.79917186
0.43402052
0.00047668742
0.9929014
0.00018231689
0.00043566525
0.5332612
0.9986363
0.00020377447
0.006065721
0.9998703
0.5931205
0.99813855
0.99907076
0.54532164
0.99866045
0.5686728
0.0006056089
0.9990784
0.0008626801
0.46299243
0.003275091
0.00216909
0.98026836
0.00031023938
0.9980585
0.56550443
0.0005657732
0.00086501235
0.00043001547
0.00017506386
0.9991792
0.0019739245
0.9995009
0.00022576006
0.4502244
0.57613873
0.9880114
0.99852884
0.98499185
0.0003253626
0.9944841
3.507282e-05
0.0012181399
7.923039e-05
0.0012384882
0.00018649249
0.9977314
0.45742014
0.43534768
0.000598723
0.2856799
0.99802065
0.9998155
0.996539
0.9978923
0.9942918
0.9363315
0.9976961
0.99987185
0.0009344283
0.8042429
0.62401366
0.0001273952
0.56141084
0.99861276
0.00067261176
0.99823016
0.00106619
0.5649066
0.9996666
0.9998934
0.5961582
0.5887098
0.99964154
0.0002449212
0.00078596623
0.0027685435
0.0014626649
0.48116294
0.004561294
0.00017080453
0.9997886
0.9934285
0.9751256
0.4440376
0.43869022
0.008706198
0.4417284
0.43810955
0.22410992
0.0002055863
0.9886974
0.0065965327
0.99307704
0.00015288347
0.6343257
0.99988925
0.9994068
0.60644114
8.6910906e-05
0.9541296
0.00026750757
0.92653215
0.0003078009
0.0002501147
0.0006574092
0.45382637
0.99880016
0.00013700564
4.1407002e-05
0.5694298
0.9996867
0.57550806
0.000554445
0.99748
0.9367266
0.8628721
0.0006279863
0.0011401273
0.99912506
0.004156307
0.00078086666
0.4620057
0.50334275
0.59181273
0.45250762
0.000988126
0.99925953
0.5771487
0.00061757636
0.558446
0.45039776
0.016796416
0.000686897
0.99900335
0.97650945
0.0012076648
0.00040447072
0.0021223885
0.99415094
0.0064349007
0.9774983
0.4978797
0.60312366
0.00019769483
0.00012061916
0.99832004
0.999509
0.99966514
0.64544874
0.017068839
0.99951637
0.0014608956
0.00034893162
0.002879068
0.98536956