0.5009401
0.9999819
0.45651007
0.5219332
0.4225461
0.00024130734
0.0002514734
0.9999889
0.43153843
0.94360715
0.00047936258
0.00018666007
0.00025717972
0.4375592
0.9999789
0.0010510875
0.00074995327
0.6420919
0.002414105
0.47993213
0.93365526
0.0003198433
0.43293998
0.00020585503
0.0001365006
0.005751045
0.4833213
0.9963917
0.4452681
0.9999361
0.00011233206
0.4359579
0.5198116
0.44391784
0.44861746
0.44573918
0.5084739
0.99591184
0.99997556
0.99983215
0.00032321794
0.4719532
0.0004213957
0.45445713
0.0002624029
0.00011714667
0.52884406
0.9224259
0.000115466035
0.9995809
0.9964709
0.00011430285
0.99803954
0.9991986
0.4947515
8.0163496e-05
0.49863333
0.009055487
0.00031662008
0.004116369
0.5850857
0.9999405
0.55016714
0.45134854
0.99225336
0.64664006
0.5892102
0.00026600217
0.96667606
0.5049721
0.99970764
0.00056875474
0.9283338
0.36657074
0.0016152698
0.00017240134
0.00016736971
0.529726
0.4374483
0.420237
0.00019037085
0.00025756523
0.42472893
0.9999052
0.99907506
0.00018981277
0.5513732
0.98539805
0.9998578
0.9755941
0.00010199974
0.00017650212
0.999808
0.9982292
0.0009708128
0.008523428
0.9991523
0.9892819
0.99994683
0.9999385
0.4549371
0.4583926
0.00014320387
0.00010647384
0.43117005
0.00041426122
0.00029554317
0.927325
0.9988732
0.99999857
0.0022428029
0.4591095
0.9867617
0.00034374653
0.4379408
0.0002834874
0.00016079983
0.009348508
0.999238
0.9099162
0.99550194
0.99996936
0.0027832852
0.9998714
0.0004192021
0.99845505
0.00042510944
0.0003797839
0.00016842585
0.9979254
0.9996731
0.98431605
0.00029396388
0.99589914
0.0005408896
0.00044843316
0.21901011
0.99998116
0.4264625
0.0003776284
0.9999007
0.00010268856
0.9844748
0.00023315809
0.99880886
0.0004732831
0.00020400835
0.43324336
0.0024778978
0.0009829426
0.9992489
0.9626089
0.45112675
0.00017661827
0.001068064
0.43498105
0.99992156
0.00010855767
0.00017827419
0.9993387
0.9999876
0.9995728
0.7450584
0.9952113
0.9998721
0.00014198045
0.6326001
0.5220519
0.00012825486
0.00015250592
0.00017209913
0.4473635
0.006560239
0.50001574
0.0010651894
0.0003496027
0.0010537223
0.99889153
0.00019266478
0.00028179566
0.34377742
0.00014234537
0.00052054407
0.9999925
0.99167025
0.99994993
0.43583804
0.4359801
0.00033790953
0.99756634
9.927184e-05
0.9997017
0.99981004
0.99863297
0.0042238208
0.000105578365
0.43825096
0.9978484
0.00020402274
0.00014637155
0.0014721965
0.99859303
0.9999037
0.9995066
0.999405
0.9999957
0.0015676612
0.99995804
0.0022970396
0.0010168701
0.41930628
0.43223545
0.9997501
0.00028557784
0.4257132
0.45379424
0.00021348373
0.1667117
0.0002682615
0.00037263788
0.0022868577
0.9999895
0.0002689599
0.00045933702
0.00028751092
0.99984145
0.997391
0.0013742232
0.45834816
0.00012553882
0.99989474
0.42868245
0.3527009
0.45802325
0.49327707
0.4454088
0.99888533
0.9999958
0.0014467046
0.0002548623
0.00024150297
0.0004053902
0.9998197
0.98014086
0.9957237
0.00020232591
0.43202838
0.0016633627
0.4444356
0.45069864
0.99991584
0.00044113494
0.9831836
0.0049252277
0.00011955103
0.0002804852
0.99950385
0.9949832
0.9999378
0.9997949
0.99994886
0.0004039636
0.999925
0.9986821
0.8851239
0.0060600233
0.0005841653
0.00045911962
0.4769847
0.99988234
0.4403687
0.21505949
0.00040809234
0.0008932447
0.88918495
0.48504993
0.2605984
0.00020018918
0.9989004
0.98829085
0.99997735
0.99991107
0.0012300413
0.00010092098
0.99999
0.9966743
0.42495498
0.9996413
9.0140515e-05
0.4276421
0.767336
0.99997663
0.52023023
0.00035148583
0.9865524
0.0015893362
0.70678353
0.9994373
0.0007355132
0.9944219
0.4532065
0.00034696568
0.23781483
0.9992816
0.99620736
0.002323745
0.5244495
0.001210148
0.99997985
0.00020269144
0.00021395138
0.5427305
0.99987626
0.99970967
0.999961
0.0002606038
0.00033366313
0.00019582214
0.9982504
0.00011955639
0.00017043929
0.0057623577
0.0002555806
9.016218e-05
0.99987555
0.5364099
0.004688994
0.0008838047
0.44671828
0.99981004
0.6418629
0.00075863174
0.9993793
0.9998286
0.8746216
0.44693163
0.9999957
0.9999517
0.0013317752
0.0004680563
0.00030954301
0.00024366156
0.99937123
0.43429402
0.99963915
0.77917767
0.52778137
0.9969997
0.9999362
0.99957126
0.9915104
0.00028342172
0.9995788
0.42954794
0.9808894
0.0001430232
0.0002422467
0.5557142
0.99998856
0.5769699
0.0014138132
0.9794963
0.0021405383
0.00035804082
0.0015657061
0.44514105
0.9886806
0.00012805409
0.00011860778
0.4281244
0.43582577
0.0002015125
0.99995697
0.00014616972
0.00013118406
0.0010131148
0.9999783
0.97465396
0.0001994665
0.0006975316
0.9999176
0.99646807
0.91733897
0.0012032847
0.0037236982
0.9926488
0.9952696
0.43762726
0.0023093435
0.99982077
0.5788902
0.00017698275
0.00027269745
0.004963399
0.42955303
0.9996257
0.9880264
0.00016640063
7.732751e-05
0.0012072156
0.0005499062
0.9949923
0.99987006
0.43827906
0.457077
0.43782198
0.999853
0.9996617
0.99975616
0.44166598
0.9970208
0.44031692
0.99444914
0.99994135
0.0001728362
0.00034599358
0.99619365
0.0001490488
0.9999229
0.00024659984
0.00030861128
0.4451169
0.00023838368
0.00035930632
0.9983284
0.99998903
0.99974436
0.4431793
0.00023986997
0.0010958976
0.00016087145
0.993816
0.44411615
0.06452346
0.0011836507
0.0001806789
0.99986637
0.48398107
0.982451
0.42817834
0.00013597979
0.00047707558
0.00015831027
0.99897444
0.9999641
0.00021586295
0.99963844
0.99860865
0.43115687
0.9999677
0.9988644
0.44327298
0.9696247
0.0001098157
0.49291322
0.00042227976
0.99956125
0.7051508
0.00011197125
0.00030595096
0.9979779
0.9999708
8.129513e-05
0.94086874
0.00021179668
0.99999106
0.99870706
0.1974185
6.88143e-05
8.157726e-05
0.4472484
0.00036924504
0.99989057
0.5467878
0.00017175537
0.99700385
0.9911596
0.00010683987
0.99987817
0.00066646026
0.00014712436
0.44099224
0.45512256
0.99832505
0.00037989052
0.00093330577
0.0002535803
0.9999838
0.99996686
0.44647262
0.49403876
0.90035504
0.99999547
0.99726427
0.46906084
0.44253293
0.9994854
0.00049974985
0.00026650025
0.5080004
0.43101123
0.99988854
0.00037558516
9.764051e-05
0.9972614
0.99987507
0.00064847583
0.44598356
0.00010051818
0.93295616
0.00025297637
0.90202105
4.414219e-05
0.9999938
0.43175235
0.45547387
0.53488064
0.024885807
0.00018507779
0.00046089292
0.5062269
0.25848612
0.00013056384
0.9980015
0.99999666
0.95204455
0.4551777
9.562323e-05
0.99417794
0.00020983626
0.96988577
0.45520353
0.0005499783
0.45391515
0.0001257148
0.0001347303
0.0006661012
0.4441233
0.0003144029
0.5387013
0.42753702
0.99991333
0.4267326
0.99531794
0.430466
0.0021946607
0.00010136648
0.00024972274
0.00094237446
0.99953246
0.00038930797
0.0002306118
0.44401488
0.99835324
0.9999521
0.43022808
0.00030461504
0.0026921877
0.0009142578
0.9997384
0.000106747706
0.99995315
0.47925913
0.43133494
0.99995685
0.0006384806
0.9940585
0.9999062
0.00020411029
0.967068
0.9789544
0.0004601712
0.512128
0.0003899095
0.9998914
0.99867564
0.99997675
0.99887675
0.9957681
0.0009981832
7.980455e-05
0.0013834501
0.00026391709
0.01238928
0.9884144
0.46985617
0.0004541267
0.31564316
0.00061970844
0.99946135
0.001009334
0.000100016114
0.004750114
0.61215925
0.5000372
0.00023993244
0.0007540779
0.0005196042
0.9975624
0.00014566771
0.9998412
0.999925
0.9866942
0.0003010988
0.9088492
9.229712e-05
0.43815148
0.45959485
0.00024625234
0.542258
0.0002206339
0.644142
0.000276671
0.99837226
0.25628355
9.914073e-05
0.0021870867
0.00013722177
0.9990458
0.9987198
0.99550027
0.42157322
0.0015294397
0.8523676
0.48766077
0.9998828
0.0005489939
0.996274
0.9735704
0.42812538
0.00011992347
0.43701732
0.99631655
0.9998846
0.01276073
0.9999256
0.99967504
0.0035803874
0.00088272704
0.00019490827
0.9974717
0.0019761021
0.9123035
0.99972206
0.00034021054
0.00013524853
0.0005405487
0.0024639398
0.57685626
0.9979728
0.9997415
0.99040073
0.43360215
0.523486
0.0004362953
0.9991979
0.8972113
0.9998246
0.00017514284
0.0003281513
0.42653972
0.0005817226
0.9994729
0.8663288
0.0002426931
0.98458153
0.00040010808
0.00019514331
0.99779737
0.43089852
0.5080093
0.99959666
0.00017366183
0.993626
0.996734
0.9998117
0.14124185
0.0001495669
0.9999218
0.946707
0.5002052
0.00016011577
0.7894458
0.99952805
0.98963124
0.99927455
0.99288166
0.99989414
0.9993137
0.0011507423
0.00062876573
0.9932346
0.0006973413
0.0016166338
0.002258219
0.0005400752
0.00019299296
0.00049979985
0.99966085
0.66348916
0.43428215
0.5200045
0.9995939
0.004756525
0.00038115602
0.9998067
0.00018008551
0.99988246
0.9999713
0.5197847
0.47271642
0.99805343
0.00017902062
0.0024500755
0.99998283
0.42622447
8.523857e-05
0.996816
0.00010349929
0.4046083
0.00024765162
0.00011444572
0.85772157
0.00021802928
8.310577e-05
0.0005014916
0.00022222938
0.42212316
6.925419e-05
0.0015243457
0.9954868
0.9992798
0.43862778
0.00093090266
0.9976211
0.00014874144
0.0001332391
0.9992592
0.56005746
0.0004721716
0.49059916
0.44920322
0.9995509
0.00011278932
0.9896403
0.13679713
0.00045770645
0.4515003
0.0013060706
0.4305393
0.0009913864
0.00031002946
0.00018579495
0.9627893
0.47279534
0.00010286771
0.99886644
0.0013804572
0.00086472154
0.43708724
0.0003074853
0.9995253
0.5524975
0.9114867
0.000111820584
0.0032895005
0.00069643435
0.9934331
0.0002951774
0.9996456
0.00085671945
0.014064526
0.6181257
0.000110943394
5.985156e-05
0.99940467
0.9999032
0.43641815
0.99976987
0.0010328178
0.00030302338
0.99640864
0.163247
0.9613959
0.00011349814
0.99991846
0.9991561
0.50406337
0.9999548
0.004575015
0.9999366
0.9454874
0.9995535
0.0003031612
0.031167116
0.00026917845
0.43290347
0.00016926222
0.99993396
0.0001107919
0.99979836
0.43420604
0.98375756
0.99991965
0.00018605962
0.00015801453
0.00012820987
0.47199115
0.9988777
0.9964269
0.9999974
0.827801
0.5032834
0.9658179
0.00013414191
0.45481175
0.71968794
0.95712924
0.00042128502
0.99833196
0.98290664
0.99999464
0.9997156
0.00021665556
0.0055557494
0.99787235
0.9999944
0.0005086227
0.36095262
0.44488448
0.99983275
0.0002043958
0.0012348973
0.99996436
0.9898211
0.47437567
0.99735034
0.9997607
0.00048180862
8.6256e-05
0.028146047
0.99999166
0.99995863
0.45421997
0.9999703
0.5224528
0.9997893
0.9999716
0.99744713
0.00039725023
0.004330398
0.9997507
0.00037028614
0.0014703786
0.00014109846
0.9981944
9.539181e-05
0.00025832764
0.0002171426
0.4421517
0.9999844
0.44205076
0.95941997
0.0019089764
0.515239
0.0014944439
0.42737374
0.0033371844
0.009605777
0.0003611107
0.00023038105
0.43279707
0.42851222
0.9802004
0.00012967274
0.9982704
0.4527685
0.0031151802
0.0027496964
0.089734994
0.5104835
0.4311891
0.34035918
0.00036715457
0.4268606
0.00045980222
0.5577417
0.45815685
0.16210756
0.43228564
0.44514856
0.9996822
0.00048814857
0.99991894
0.99910885
0.9898817
0.9699342
0.00020208224
0.9984914
0.99996245
0.11600949
0.00037104005
0.999951
0.16043219
0.99853766
0.22561637
0.00015303047
0.51149523
0.9995123
0.43256426
0.9998865
0.0003795848
0.00019201079
0.0005410897
0.18949264
0.9999443
0.5246971
0.44175977
0.58929783
0.9999397
0.00012025121
0.9998925
0.99995005
0.99165463
0.99113125
0.9966415
0.43237853
0.00016131891
0.9998627
0.42250752
0.99971205
0.44241714
0.9998368
0.54765254
0.9764589
0.9999684
0.0033190553
0.5333442
0.99999094
0.00012762038
0.999828
0.00041478913
0.00030678898
0.00029795393
0.00051713863
0.4396134
0.0006033165
0.5055764
0.50979555
0.9998877
0.000258933
0.9842429
0.71583015
0.0007655458
0.000136013
0.99846715
0.99787796
0.45008555
0.98304904
0.999488
0.9998375
0.00013230451
0.9999497
0.00014098859
0.99913424
0.0001720335
0.00024864604
0.45233068
0.99899846
0.000145176
0.9999304
0.4248322
0.9987784
0.42142174
0.00019419167
0.95461255
0.9999434
0.00020612804
0.9999931
0.99949276
0.0001593735
0.91978556
0.0004694316
0.0001297404
0.45943427
0.4236444
0.78105944
0.17440459
0.5239233
0.51932716
0.98843354
0.41913876
0.5869245
0.00013220512
0.9748157
0.44072267
0.42574897
0.000304216
0.00025267483
0.99999905
0.43156186
0.49444503
0.00027893553
0.9996196
0.5744303
0.00019762659
0.99990606
0.0001330833
0.42919958
0.9985656
0.0006909256
7.051516e-05
0.9990324
0.99999225
0.44015348
0.0952561
0.5608345
0.00020216702
0.4430239
0.99993575
0.46316627
0.416119
0.0011791874
0.00017461857
0.4313353
0.4451317
0.42417046
0.99812275
0.9988543
0.98744595
0.0018007486
0.4325635
0.99644715
0.00021874579
0.00035369155
0.83283293
0.00010474155
0.9998259
0.9999924
0.9999852
0.99995434
0.000104695115
0.0005840924
0.80319554
0.9999163
0.99990153
0.98683715
0.5316046
0.4392118
0.999403
0.00016832004
0.99982786
0.99963105
0.00046043118
0.0009998565
0.00026354543
0.00020183729
0.99884915
0.9980939
0.99653023
0.0005072397
0.9998134
0.0008510866
0.5722786
0.00017126068
0.9998727
0.9976561
0.9994623
0.9999287
0.9985625
0.00088347547
0.42861134
0.00012902226
0.9986222
0.9883857
0.52087134
0.00017677445
0.999881
0.99999857
0.59291846
0.00041585535
0.99897516
0.00029622982
0.9679363
0.99433374
0.9995479
0.0001678863
0.42515033
0.999772
0.00030702451
0.00035184473
8.043633e-05
0.99995744
0.0007704727
0.21456374
0.9982425
0.969836
0.0014538115
0.0014356792
0.9997259
0.99997735
0.00013064379
0.9999769
0.49898747
0.000100752615
0.00044266577
0.00076541957
0.0002770033
0.9998745
0.4238869
0.0025751046
0.9857729
0.99845576
0.00013990463
0.0014849917
0.9999851
0.00025078477
0.97853446
0.000101422076
0.00015777093
0.000623626
0.0005946491
0.94982046
0.0011713817
0.00023276515
0.99962544
0.00020989148
0.0030777669
0.5361497
0.1322506
0.00035308767
0.00038915622
0.43290535
0.4266708
0.99790275
0.9972312
0.999866
0.00019080225
0.8992744
0.00041232634
0.9981001
0.009969893
0.9996088
0.99973434
0.9993414
0.9985582
8.93593e-05
0.00032798646
0.45122954
0.91745436
0.42483336
0.65128106
0.12886146
0.57303977
0.42644802
0.9459277
0.27274606
0.43882442
0.66723996
0.9141979
0.999962
0.52274615
0.9713327
0.00019045472
0.00025535555
0.99071044
0.0016901377
0.00091324263
0.0008371845
0.0006437454
0.8876569
0.99096346
0.9999684
0.9990252
0.0011254358
0.99999464
0.0033626214
0.00027223196
0.00036543095
0.97468036
0.0004936231
0.00018618102
0.45440403
0.99921083
0.0037593315
0.43475834
0.00039089497
0.00020219266
0.00037792875
0.00034777322
0.00020763309
0.999355
0.0012659505
0.9993831
0.0024134526
0.4363109
0.00016764842
0.999597
0.2911693
0.00010943008
0.00083873514
0.99999547
0.9997031
0.000146648
8.45133e-05
0.00014235596
0.4457809
0.9496937
0.99995816
0.0011416945
0.99964833
0.9820005
0.9999502
0.00013359507
0.9997297
0.00011439389
0.000665232
0.28148323
0.9931907
0.00011755275
0.43280342
0.98702234
8.15079e-05
0.0018767883
0.00025366907
0.0007344731
0.9999455
0.9999124
0.00029439243
0.43675545
0.9991215
0.00020412274
0.35689303
0.9985018
0.00017178009
0.0012948902
0.9999337
0.0006778684
0.0007581356
0.9999125
0.42896232
0.99997056
0.00021339499
0.00014756172
0.00052199414
0.0009373365
0.0017488834
0.999146
0.4292039
0.00015065473
0.43787852
0.99994814
0.62246376
0.9658572
0.5096642
0.00016392469
0.00012660984
0.99993896
0.00011802315
0.42330328
0.0012444148
0.43867442
0.99870634
0.43014172
0.012460322
0.9999485
0.4292612
0.007697749
0.43449712
0.9908274
0.9708674
0.00013400422
0.99910885
9.517955e-05
0.43576893
0.5114245
0.9999317
0.000110544956
0.5699625
0.999754
0.00017687024
0.0003996794
0.9995259
0.0011272465
0.99967194
0.0009563937
0.96862173
0.4488836
0.000381774
0.99870646
0.00024300013
0.00012581133
0.48749095
0.9999262
0.00013133514
0.0013877313
0.9999145
0.49622622
0.99951625
0.9993012
0.5386014
0.99319696
0.5412366
0.0003136078
0.9999511
0.00023636782
0.45395136
0.00040931007
0.00029901022
0.99945325
0.00018505292
0.99228024
0.5174964
8.087689e-05
0.0001408694
0.00023641178
0.0004252444
0.9998227
0.0035312152
0.99910116
0.00020502879
0.42752656
0.5168208
0.9912073
0.9997118
0.99501204
0.00049224426
0.97768706
5.2934356e-05
0.00056297815
0.00043334864
0.0071282093
0.00044378536
0.9998673
0.43356594
0.43736115
9.646002e-05
0.39650863
0.99979705
0.99986327
0.99854577
0.9996686
0.989906
0.6792188
0.99045616
0.9998536
0.0011551225
0.92728955
0.5731585
0.000133096
0.62987536
0.99989724
0.0002096215
0.9995828
0.00018080143
0.5384781
0.999985
0.99999344
0.5338706
0.5711253
0.9993624
0.0007669791
0.0009038355
0.00058601284
0.00069864135
0.44456768
0.0046244035
0.00013669794
0.99993825
0.99975246
0.9835434
0.43147936
0.439009
0.00052838214
0.4248011
0.44328743
0.45181072
0.00028148363
0.97532505
0.0017167265
0.9983302
0.00036402344
0.4417827
0.9999713
0.99960965
0.5709409
0.00014102434
0.9550442
0.0018221568
0.5990105
9.1601985e-05
0.00021973287
0.00018513991
0.4369815
0.99959654
0.00019418167
0.0001443661
0.53959584
0.9999094
0.5920032
0.00028097903
0.9987143
0.97818315
0.9981993
0.0002247624
0.0014745769
0.99989605
0.008582313
0.00055947516
0.44527987
0.48517805
0.51099515
0.42422172
0.0014762192
0.9990415
0.4695652
0.000306734
0.5398858
0.44352564
0.001319617
7.5498196e-05
0.9998851
0.9997919
0.00073940976
0.00012171017
0.0026527932
0.9673514
0.013238403
0.9906838
0.43675852
0.53647083
0.0005302244
0.00013807794
0.99942446
0.99989927
0.99992657
0.57224095
0.0826217
0.9996531
0.00024717537
8.554221e-05
0.00022762123
0.9996488