0.46650568
0.99986017
0.44299853
0.48668805
0.4378954
1.9041804e-07
5.702179e-06
0.99985623
0.4419345
0.7528371
1.40755965e-05
5.997029e-07
0.000102532285
0.42986616
0.99941003
2.4121725e-06
1.1431235e-07
0.95682377
5.921348e-07
0.44986334
0.8498373
0.0003285761
0.43944496
3.3055665e-05
3.0685536e-07
1.0181808e-06
0.45070186
0.9588146
0.35832512
0.9998461
8.536946e-06
0.4341504
0.5701224
0.4326096
0.44680193
0.43927848
0.45679048
0.9905036
0.9999881
0.9993851
3.4996586e-07
0.42833287
4.576183e-07
0.4402408
6.9292044e-05
1.2216759e-08
0.47496405
0.9906245
0.00018822048
0.9964714
0.9893197
1.0534755e-05
0.98935217
0.99993587
0.45348677
2.9139992e-08
0.47644353
2.471768e-08
0.00016316431
2.4059344e-07
0.49775836
0.99641836
0.4813171
0.44902727
0.92593235
0.52697086
0.48874453
1.3187257e-09
0.9425409
0.4756551
0.9975866
2.503167e-07
0.99389935
0.14033641
2.327411e-06
3.4140776e-06
0.00018366947
0.48471966
0.44699
0.4333413
3.8654907e-08
8.402588e-08
0.43047523
0.98907244
0.99914384
4.790638e-07
0.47379947
0.9733887
0.99822813
0.9839176
1.7448294e-06
8.770409e-06
0.9982881
0.98475176
6.6731127e-06
1.1930355e-10
0.9972499
0.783153
0.9991233
0.9988029
0.44621328
0.4436959
3.4942234e-06
2.6007778e-05
0.43633556
0.0002642467
5.5506575e-08
0.95578307
0.9924735
0.9999969
9.330204e-08
0.44914955
0.99697804
1.0678352e-06
0.42834407
9.0145576e-08
1.2607355e-05
2.7797604e-09
0.9996517
0.86697775
0.9957267
0.9996846
5.5331086e-09
0.9995976
5.0683077e-05
0.99993885
8.5529976e-08
9.1080054e-08
0.00022882587
0.9809667
0.99836546
0.94477135
2.0197524e-10
0.9977962
1.7649167e-08
1.489807e-06
0.042182375
0.9999515
0.44667983
3.6759964e-08
0.9999572
0.00025459394
0.8423162
7.7827455e-05
0.9929056
7.5041174e-07
3.7135196e-06
0.4497658
3.8002408e-14
7.5844932e-06
0.99977595
0.98990726
0.44018278
4.0622652e-08
0.00010071659
0.4369807
0.99997306
2.3874029e-05
1.21717985e-05
0.9998497
0.9986915
0.99905986
0.002443452
0.8829387
0.99975723
8.682409e-05
0.5013881
0.46316448
2.735403e-08
0.006112874
1.8918381e-05
0.43113065
2.9595668e-07
0.3639401
5.273304e-06
3.6420377e-07
1.2173597e-06
0.99962664
1.2013394e-08
1.9292456e-06
0.20352446
9.632169e-05
1.8750754e-07
0.999966
0.98881793
0.99964726
0.43750578
0.4456249
1.2939125e-07
0.9845123
4.88882e-06
0.9998024
0.99945027
0.999877
7.59151e-08
3.5289784e-09
0.44062892
0.99616975
2.5773267e-11
5.4012035e-06
1.1133712e-09
0.99710554
0.99989533
0.9355239
0.9940432
0.99998903
2.0936697e-07
0.99867177
1.4507063e-06
8.3982814e-11
0.43018124
0.4330004
0.999949
5.5674904e-10
0.44068462
0.4468732
5.912511e-08
0.095125966
2.6841954e-06
1.3799689e-06
3.9841495e-08
0.9999417
1.9070237e-08
3.237887e-07
4.5193385e-05
0.9964735
0.97717685
0.000105727675
0.44295424
3.3212644e-05
0.99020255
0.44314373
0.45385423
0.4489521
0.46192867
0.4298395
0.998995
0.9999244
2.7904875e-06
2.4535431e-08
6.13535e-09
2.1215753e-08
0.9989968
0.9759143
0.9806573
5.940502e-05
0.43089443
5.413384e-06
0.43275377
0.43437347
0.9996346
7.08348e-08
0.97873324
2.93733e-08
2.9457879e-06
4.728318e-07
0.994899
0.9949214
0.99999905
0.9990978
0.99996173
1.340667e-07
0.999159
0.99885905
0.38772348
1.7023141e-05
2.246316e-08
3.4962384e-05
0.5460533
0.9995727
0.42973757
0.37134296
9.660736e-08
2.9460944e-06
0.9818558
0.44855705
0.25632536
1.7805887e-05
0.9973711
0.97454405
0.99999154
0.9998561
1.9766636e-05
0.00015572867
0.9999528
0.9991059
0.43491665
0.99978536
1.1598114e-05
0.43327725
0.49612942
0.999863
0.45783418
3.2990388e-07
0.99903584
3.565431e-07
0.46843833
0.99703634
1.1471736e-10
0.9987459
0.42967677
1.3315338e-05
0.4546388
0.9829842
0.999453
1.9133049e-08
0.48787895
4.8599267e-09
0.99982977
0.00015107334
0.0003068349
0.4379404
0.99967
0.99777126
0.99773467
1.7925412e-06
0.0028141926
4.6238242e-07
0.9987147
0.0056838426
1.0071937e-07
3.3106005e-06
7.352224e-06
4.1297934e-09
0.9997646
0.4827383
2.3709254e-07
5.5064223e-08
0.44745275
0.9923819
0.8341723
2.400463e-08
0.99694073
0.9997788
0.5813819
0.43564054
0.99997497
0.99991727
4.7335564e-07
4.4896957e-08
4.2693415e-08
0.00016901932
0.9967134
0.4537479
0.9987305
0.6814236
0.38190925
0.99196374
0.99987936
0.9991696
0.99832326
1.0772424e-06
0.9991856
0.44963047
0.97316915
8.953059e-08
0.0018050615
0.4767393
0.99978334
0.48891968
1.723055e-07
0.9543531
2.1719375e-11
6.040597e-05
3.0128713e-05
0.43226084
0.93247205
1.4840963e-07
4.7814334e-05
0.44385532
0.43874156
4.058219e-05
0.999848
1.2059762e-07
0.00040753445
9.467324e-12
0.99941194
0.696317
0.00027237838
1.3143386e-07
0.97779137
0.9997588
0.74348485
8.546846e-09
2.2894489e-09
0.9727275
0.9994629
0.45276475
6.2284084e-06
0.99976045
0.48091763
4.3933994e-07
1.9959507e-05
4.7224644e-06
0.43855706
0.9998652
0.9947001
3.3646752e-06
4.8941242e-06
8.199273e-08
1.6882874e-05
0.99020106
0.99951077
0.45310754
0.4483213
0.43027145
0.9989109
0.99746776
0.99486536
0.32407779
0.9575208
0.4171418
0.9851462
0.9999796
3.6345893e-05
2.558926e-07
0.98610395
2.191262e-05
0.9997311
4.0100906e-07
4.992881e-05
0.4389217
0.0002826268
1.107037e-06
0.98928857
0.9999529
0.99846005
0.4534608
6.476867e-05
2.0632493e-05
2.5705538e-07
0.9949675
0.43038782
0.07891395
5.3022056e-08
1.2633666e-07
0.999388
0.4652445
0.9624472
0.43702704
1.4835143e-05
4.6767307e-10
1.7007263e-06
0.99885166
0.99806875
2.0415125e-09
0.99917454
0.92730534
0.4441237
0.99915445
0.9925057
0.4381817
0.947552
4.044759e-09
0.4161012
0.0021758832
0.98919594
0.74370676
1.2384101e-05
2.6100183e-06
0.9984445
0.99982005
1.0684683e-05
0.75911474
1.7673864e-06
0.9999387
0.99776125
0.48580846
0.00019520213
1.2817415e-09
0.44538295
2.2347186e-07
0.99964774
0.48631933
0.0007222748
0.99689364
0.8666725
8.103819e-10
0.9998611
2.591686e-06
2.9328275e-09
0.44157225
0.42833287
0.99970776
9.7233366e-05
1.2542368e-07
2.1298991e-08
0.9998635
0.9994809
0.42887408
0.44810295
0.8696423
0.9999807
0.9938554
0.44613895
0.025497936
0.99948174
1.7004265e-13
3.9713018e-07
0.4523175
0.43406886
0.9992907
7.095105e-09
4.4467684e-05
0.98348343
0.9993173
1.9695024e-06
0.42199045
3.3110937e-05
0.8935438
3.6110812e-09
0.8038768
4.552256e-07
0.9998641
0.44051614
0.4305233
0.47990188
8.2160136e-07
1.2456735e-05
9.752863e-06
0.48531917
0.46455422
2.1416781e-10
0.98431915
0.99992514
0.920572
0.44472805
0.00015079629
0.97032803
4.787614e-08
0.9340902
0.44027284
2.9029072e-06
0.45510745
0.0034603209
8.991319e-05
4.1390743e-13
0.43868622
6.816385e-07
0.469587
0.44154155
0.99988854
0.43033254
0.9964341
0.4303587
1.548606e-07
4.3296903e-05
5.0148496e-06
0.00014305934
0.99930656
5.869214e-06
0.00020056729
0.42892596
0.9997944
0.99978834
0.44642016
5.7472924e-05
1.8033816e-07
5.650306e-09
0.9963983
1.6609061e-05
0.9994499
0.44746125
0.43977258
0.9993205
8.133697e-08
0.96131426
0.9999883
0.00032429514
0.9604316
0.98063123
9.630156e-09
0.45793054
1.891626e-06
0.99901056
0.99386346
0.9999504
0.98122543
0.9839357
0.00010800434
4.7421494e-05
9.3604496e-07
7.275169e-07
4.6176152e-07
0.99983525
0.64634275
4.3334094e-06
0.4571904
2.2877291e-09
0.9999654
3.6084987e-06
0.00113062
1.1643626e-08
0.034252636
0.4672426
2.3495736e-09
1.0120214e-07
3.1916792e-05
0.9995277
0.0003546525
0.9996259
0.99995697
0.9889159
8.5392254e-05
0.98764193
2.1010208e-05
0.23306747
0.4450324
0.00035189724
0.48290375
4.3142043e-07
0.6760795
0.0011832167
0.9837323
0.13244677
2.3441542e-05
2.5787847e-09
0.0008115616
0.99587965
0.99911445
0.9953479
0.3972668
2.1126296e-07
0.55538327
0.44346908
0.9999759
1.7652323e-07
0.98674715
0.5640223
0.437535
3.8379243e-05
0.4389204
0.99697626
0.99915123
2.6890788e-07
0.9999815
0.999203
1.6451842e-05
8.488755e-06
1.262756e-07
0.99621093
8.147995e-06
0.9251035
0.99140453
5.144614e-06
0.0001032946
3.1444222e-05
2.7580052e-05
0.47939473
0.98551625
0.98833126
0.96918195
0.44445315
0.5507583
5.6558855e-11
0.9994856
0.99136424
0.9964714
3.5306282e-05
9.3530616e-07
0.42963597
1.7704383e-07
0.999892
0.7244667
1.125868e-09
0.9847394
1.3393918e-05
4.9418355e-05
0.99559253
0.44616953
0.45166454
0.9999492
4.9790237e-06
0.90962005
0.9993693
0.99563533
0.31039354
0.00043417313
0.9997862
0.9830914
0.60018355
3.8739123e-05
0.93535405
0.9992945
0.9251099
0.9999547
0.9976076
0.99721754
0.9827518
0.0006471974
0.000299189
0.81578493
6.408527e-08
3.6224655e-08
1.587057e-08
2.6448593e-08
1.4077355e-05
4.226528e-06
0.9981673
0.7355679
0.43868247
0.46946937
0.9999913
1.4421113e-06
0.00027143033
0.999156
2.5517593e-06
0.99970716
0.99983907
0.49582884
0.4395035
0.99034077
0.00011058481
0.00030701337
0.99982613
0.43217725
6.298904e-08
0.9962754
5.8994046e-06
0.28702822
1.2077602e-07
6.561808e-07
0.85942185
8.103066e-06
0.00014182348
2.665962e-07
0.0005183452
0.44242564
2.1975084e-05
7.9325747e-07
0.9913385
0.99939907
0.43328795
1.3128167e-07
0.9930225
5.5732185e-06
8.750492e-06
0.99805826
0.4704336
5.045633e-06
0.4537381
0.44764498
0.9991984
8.361373e-08
0.99950695
0.012631483
7.753831e-06
0.4412345
2.4474529e-08
0.44736752
2.6890275e-06
1.3977663e-06
4.0391865e-06
0.9703479
0.4461372
9.9333585e-05
0.99660707
0.0003517282
5.1541326e-07
0.42837995
3.1914877e-07
0.997985
0.48569933
0.9728646
0.0013512096
4.8901114e-08
1.2842705e-07
0.98768777
7.59769e-06
0.99762446
4.24183e-07
2.9756169e-09
0.48258904
1.6325654e-05
0.000119504984
0.9837356
0.9998171
0.4434058
0.99768865
2.567007e-09
4.033917e-06
0.99941134
0.45048243
0.9438582
2.4765664e-05
0.99885225
0.99997103
0.4586833
0.99979454
7.4876844e-08
0.99989045
0.9648864
0.9986834
4.290818e-06
2.7322558e-10
5.687075e-07
0.4518735
0.0010525079
0.99969053
1.7383123e-05
0.9999169
0.4289494
0.7707607
0.9986028
1.3756335e-05
1.4484157e-06
2.603118e-06
0.37413573
0.9962574
0.98067725
0.9999591
0.5145643
0.5002686
0.711326
1.7912469e-05
0.4296457
0.9754322
0.8916797
2.8942304e-07
0.9968407
0.9814741
0.99998355
0.9988532
3.7976322e-05
3.3869828e-06
0.9770867
0.9998585
5.665122e-09
0.2948702
0.44681612
0.9916775
1.546208e-05
1.185704e-05
0.99910223
0.99598664
0.6054626
0.99662834
0.9988424
4.770664e-06
7.0646005e-05
7.1105525e-08
0.9991794
0.9997633
0.42961448
0.9998797
0.4608598
0.99860495
0.9998982
0.99917775
3.8418416e-06
1.3584527e-06
0.9980044
3.8239394e-09
1.3935403e-06
1.2052209e-07
0.99960464
3.8495513e-05
2.6499094e-06
1.1461879e-05
0.43677655
0.99965703
0.43958023
0.875782
5.2738944e-08
0.47817114
1.9941724e-06
0.4496562
0.14057799
1.052134e-13
2.6711996e-07
0.000105249266
0.3688352
0.44641188
0.9968079
0.0010146116
0.9970739
0.44647795
1.0403187e-09
8.09826e-09
0.262821
0.47539
0.43117413
0.46711192
2.6377178e-10
0.43476832
1.5555006e-06
0.68207645
0.44904125
0.122817524
0.44858915
0.43030053
0.9996049
7.053581e-06
0.99538875
0.9979388
0.6416844
0.71315897
1.6297605e-05
0.9935912
0.9996253
0.75210553
2.1998045e-05
0.9994037
0.38666338
0.9999449
0.4166889
4.115851e-05
0.4555445
0.99704856
0.43008634
0.99357283
9.509406e-07
1.7929921e-10
2.5151032e-06
0.14123817
0.998563
0.4740582
0.43448195
0.4924153
0.99847287
1.196727e-07
0.9999627
0.9983462
0.9911547
0.9973219
0.98335046
0.44691524
0.002420102
0.9962729
0.44633445
0.99419737
0.4294703
0.9999099
0.47126603
0.81354105
0.9999689
3.899078e-05
0.46553287
0.99999905
1.153788e-05
0.9974437
2.2684041e-07
0.0001461838
1.516314e-08
1.0753655e-07
0.4389429
7.470302e-10
0.47906193
0.4634034
0.9987319
2.1949743e-05
0.97623944
0.5872269
1.327802e-05
0.0021518592
0.99919623
0.9998692
0.42833287
0.941305
0.9996159
0.99874
0.0011971183
0.9997608
1.6890526e-08
0.9990662
9.108032e-10
0.00010914684
0.43953574
0.9958039
0.00026810452
0.99995565
0.43337253
0.99007344
0.43373412
2.7779657e-07
0.96212363
0.9983109
1.607063e-06
0.99999404
0.9979965
0.00022169565
0.95196825
5.875626e-07
0.00014135553
0.44052696
0.45001292
0.78790295
0.36971083
0.49331063
0.46199363
0.9797661
0.4403129
0.4908656
9.813831e-07
0.9628565
0.4414716
0.4291863
6.5890043e-07
1.999209e-06
0.99999964
0.44241488
0.44866827
2.7700082e-07
0.99916756
0.37713236
1.5798364e-07
0.9995859
0.0001453091
0.44744498
0.9939447
0.05996222
6.9067914e-06
0.99843234
0.9994678
0.4465905
0.09825688
0.49695557
7.1051277e-06
0.44702384
0.9987686
0.4376246
0.43040958
0.00058350066
9.891481e-07
0.43205667
0.4467378
0.4121223
0.9877137
0.9998611
0.9942365
3.2258598e-08
0.44371435
0.9987287
2.7510046e-05
1.1795688e-09
0.60178167
0.00016597168
0.99949384
0.9998085
0.99951637
0.9994649
1.645878e-05
2.535561e-05
0.9786129
0.9992213
0.99941003
0.92711645
0.491504
0.4387986
0.98368466
1.7106394e-11
0.99143535
0.99972874
2.6941536e-06
3.737291e-08
3.8958052e-07
1.0931751e-05
0.9987185
0.99837756
0.8849057
5.9256523e-12
0.9999528
1.8882742e-09
0.47416463
4.542404e-06
0.99937916
0.99360764
0.9233136
0.9998497
0.9960043
1.0091474e-07
0.43587726
0.00065566885
0.9969511
0.9739376
0.48768225
0.00012098039
0.9997516
0.99992335
0.49446356
3.226176e-05
0.9984738
5.4091007e-09
0.99204105
0.9698566
0.99602133
0.00015729657
0.42929393
0.9993438
8.159786e-08
1.948426e-09
2.6856449e-05
0.9983999
7.267742e-07
0.50679296
0.9932475
0.9295765
6.998134e-09
8.003229e-08
0.9997489
0.9999957
3.2739994e-05
0.9999589
0.43597442
2.7107976e-06
1.0804342e-05
9.58803e-07
1.4682588e-07
0.9998128
0.4308979
1.9302878e-07
0.88860095
0.982444
1.5642234e-05
2.2759177e-05
0.9998679
0.0001568453
0.9787077
9.470938e-06
1.3396295e-05
1.2818298e-06
2.4760493e-05
0.8426693
1.3074632e-06
1.0726835e-06
0.9979862
0.0017091597
1.2449908e-06
0.5256561
0.054884993
4.97962e-09
2.8430873e-09
0.4360162
0.4440935
0.9917053
0.98137397
0.99974793
3.391309e-08
0.96168643
8.567179e-06
0.9935464
3.845188e-08
0.9953701
0.9994067
0.9985677
0.9824389
2.9722392e-05
2.3755343e-05
0.44097456
0.9709145
0.43402246
0.77199215
0.24776362
0.42552283
0.44055742
0.9485189
0.4490576
0.4452027
0.9926402
0.6276103
0.9992461
0.45750642
0.9971949
1.1542458e-09
5.314173e-08
0.8199207
3.880143e-07
5.1130866e-07
3.8390945e-06
5.835665e-06
0.94867635
0.98232645
0.9999572
0.99927825
1.40351e-06
0.999984
4.025818e-09
3.140013e-07
5.2363123e-07
0.9845657
8.4313045e-09
0.000254907
0.44916344
0.99685186
8.70816e-06
0.4441817
3.5895548e-05
1.5923084e-05
0.00011733606
0.00015795654
1.1729133e-05
0.9928335
1.2745235e-06
0.9998116
8.573497e-06
0.44735244
1.3330977e-07
0.9950598
0.21506022
0.0003365783
2.2565177e-07
0.99974483
0.9959869
0.00011760489
0.00033099038
7.5631488e-06
0.43259588
0.94621706
0.9999716
5.5759233e-07
0.99997234
0.8742594
0.99941385
1.2855735e-06
0.99967563
0.00015431127
8.7386894e-07
0.38199532
0.99581665
1.5756394e-05
0.42833287
0.98459446
0.0008120489
5.1071676e-09
0.00015054918
8.647908e-07
0.99995613
0.99821043
1.1745464e-05
0.42661744
0.99987686
3.5264912e-07
0.45003948
0.99920064
0.0008453908
1.6340073e-15
0.99991274
2.2173754e-06
5.0168546e-07
0.9933698
0.44208112
0.9998667
0.000109864304
0.00010201968
5.4789613e-09
1.1749463e-05
2.740537e-06
0.99841774
0.4343183
0.00012331553
0.43147936
0.9992735
0.50587213
0.90431154
0.45389554
1.7444886e-11
0.00019596428
0.99996984
1.0588283e-06
0.4405365
5.9999614e-09
0.42943618
0.98994726
0.4469382
0.44368756
0.9998704
0.43442312
7.925755e-08
0.39111376
0.9856089
0.9909881
3.8911563e-07
0.99337405
4.948301e-05
0.43810725
0.4652468
0.9996457
2.0277532e-05
0.49315923
0.99647874
5.0376852e-06
3.2511534e-06
0.9993455
5.287812e-06
0.99857545
4.2071062e-07
0.82383716
0.42994797
6.399295e-06
0.970697
1.42366076e-11
1.715433e-05
0.4533107
0.9997521
5.7328354e-05
0.00095414015
0.99997246
0.4928347
0.9986578
0.99716824
0.4612435
0.9948161
0.47192466
2.8532495e-05
0.9980767
0.00018567134
0.44410488
8.722536e-09
0.0015836353
0.9968273
2.6087046e-05
0.99823344
0.4796117
0.002321195
0.0003212956
5.8173722e-08
1.3777563e-05
0.9991273
7.382871e-05
0.9966882
8.307177e-06
0.44674534
0.4931074
0.9983681
0.9987179
0.93170077
1.0969775e-05
0.9923807
5.8207855e-10
0.00014938631
8.888138e-06
2.260613e-06
7.740723e-08
0.999992
0.436508
0.4475721
4.5303555e-06
0.31001478
0.99350184
0.99931157
0.9857901
0.9935736
0.9992218
0.71312624
0.89558566
0.9993019
1.6150692e-07
0.99926823
0.52148235
3.2336595e-07
0.4410097
0.99931383
1.4244502e-05
0.9915001
3.5767138e-05
0.46203908
0.9999492
0.9999702
0.4799122
0.49544948
0.9995136
3.6997088e-07
1.6976475e-06
1.4596358e-08
1.790219e-05
0.45113936
8.275409e-07
1.2286031e-06
0.9999007
0.99489576
0.9123558
0.44880974
0.4439599
4.9180467e-06
0.44207284
0.43780518
0.262784
8.78733e-08
0.99108094
6.8487246e-08
0.99685943
1.5493647e-08
0.22009534
0.99736327
0.999166
0.4968632
2.4743436e-08
0.9086809
3.3678052e-06
0.98873866
1.51751865e-05
4.270213e-08
1.9310371e-05
0.4403664
0.99993646
2.22702e-06
4.5686563e-10
0.46851295
0.999554
0.47135004
8.935732e-07
0.9974069
0.69550323
0.9957321
2.0094747e-05
2.216643e-07
0.9996898
9.689797e-09
0.00019054719
0.42833287
0.4425685
0.46446276
0.43001762
1.0587526e-06
0.99945766
0.45540744
2.8790872e-05
0.46449932
0.4480869
1.5571854e-09
5.1431278e-05
0.99937373
0.99499303
8.152887e-10
6.6783294e-05
1.0024585e-06
0.9021454
4.256113e-08
0.9878846
0.45157048
0.502591
7.3396933e-07
1.2482141e-08
0.9973449
0.9990777
0.9997874
0.5105592
0.21713702
0.99553204
9.166262e-05
2.7645507e-07
2.364433e-08
0.9999156