0.5375388
0.9999901
0.42202526
0.54908615
0.42192373
2.507592e-05
6.367503e-05
0.9999769
0.4216437
0.8642311
1.4161809e-05
4.907576e-05
4.359421e-05
0.42110565
0.99982065
7.4602585e-06
3.265394e-06
0.995171
3.6217458e-05
0.5172659
0.97641766
0.00015777274
0.42171484
0.00015133516
1.2736662e-05
7.5946395e-05
0.5167869
0.9984074
0.42165852
0.99998045
4.5694218e-05
0.4214317
0.0010573525
0.4219668
0.42116755
0.42050657
0.53960365
0.9980019
0.9999776
0.99997497
1.0676911e-05
0.4447337
3.1239455e-05
0.42155045
5.829644e-05
6.183129e-06
0.55726826
0.9613895
1.4497256e-05
0.9999857
0.99840015
8.41478e-05
0.99987483
0.998679
0.5220544
1.3339576e-06
0.5333431
2.8782297e-06
7.338916e-05
2.1752881e-05
0.60206956
0.99998295
0.5699789
0.4218165
0.99367213
0.8632576
0.5808132
0.00049494446
0.96277094
0.5437647
0.999954
3.354624e-05
0.9086644
0.0826779
0.00026553948
4.8005953e-05
6.693242e-05
0.5597837
0.42182553
0.42044908
0.00074825215
4.801946e-05
0.42152524
0.9997023
0.9997454
9.96381e-05
0.56234014
0.99756765
0.99953914
0.9524702
3.8835922e-05
2.7629887e-05
0.99980074
0.9946673
1.7392458e-05
0.00054102164
0.9997899
0.9940156
0.99993706
0.9999627
0.42188004
0.4216302
5.9945407e-05
2.2434497e-05
0.4209774
0.0025844309
6.148908e-05
0.9808368
0.99937963
0.9999987
5.0481354e-05
0.42151567
0.9973042
6.6495627e-06
0.42128134
0.0011545472
1.9619998e-05
1.9582949e-05
0.998214
0.80799866
0.99998605
0.999653
0.008999958
0.9999536
1.7057951e-05
0.9993394
2.332069e-05
0.0013400626
1.9812609e-05
0.99159884
0.99989593
0.99621326
0.0002288287
0.98796403
3.5635618e-05
4.0072406e-05
0.173572
0.9999982
0.4218162
1.0843495e-05
0.99983954
3.2214968e-05
0.9897892
3.132304e-05
0.92945576
0.00094657316
3.8749393e-05
0.41997424
0.0053617214
0.0028007326
0.9996917
0.9886113
0.42079234
0.0005083961
3.3630226e-05
0.4197901
0.9999857
2.9810844e-05
1.7039547e-05
0.996867
0.99998033
0.9996251
0.30748838
0.9962618
0.9999496
1.2664921e-05
0.6310552
0.5444079
3.5124667e-05
4.9266323e-06
3.200155e-05
0.42126176
2.4543924e-05
0.27264708
6.538391e-05
0.00029528182
7.133509e-05
0.99993074
6.943624e-05
1.7031782e-05
0.14352277
3.4026732e-05
0.0002722488
0.9999957
0.9943552
0.9990767
0.4211065
0.4218074
0.000489788
0.9998926
3.0399922e-05
0.99995637
0.9999014
0.99980587
6.881542e-05
0.00012190565
0.42158768
0.99804294
2.417972e-06
8.960189e-05
0.00017004047
0.99889934
0.999908
0.9979912
0.99986696
0.99999905
3.6767156e-05
0.999931
5.977251e-05
0.00013597759
0.42124975
0.4210143
0.9996947
0.00040935102
0.42153043
0.42183018
1.5728545e-05
0.009157322
1.7999595e-05
3.9390674e-05
0.0052897525
0.99989307
1.9307998e-05
4.0051353e-05
9.484243e-05
0.9998795
0.99580353
2.2310727e-05
0.42120492
4.8575832e-05
0.9998938
0.42179886
0.10347507
0.42143428
0.50905377
0.42086458
0.9991829
0.99998844
6.0140275e-07
2.7171202e-05
0.0005651313
3.1765696e-05
0.9999832
0.9983188
0.9977204
9.748789e-06
0.42168537
5.425483e-06
0.42143852
0.002264141
0.99999785
7.1077535e-05
0.92739236
1.7355823e-06
3.5365254e-05
2.0889118e-05
0.99866843
0.9894553
0.9974716
0.99996066
0.9999826
0.00014058423
0.9999783
0.9995284
0.8140588
0.002106025
3.1098683e-05
1.0917477e-05
0.011184288
0.99944216
0.4226005
0.065002285
0.00057562883
0.00016140631
0.93710315
0.38693807
0.0111567695
3.8983715e-05
0.99732614
0.99711955
0.99999
0.9999596
0.0004126018
4.0761537e-05
0.9999939
0.999584
0.42017412
0.9998952
2.708929e-05
0.42167607
0.881679
0.99994135
0.53654623
1.5259619e-05
0.99569964
1.0643515e-05
0.051785015
0.9988457
0.00012575771
0.99995065
0.4205099
1.872982e-05
0.8864781
0.99931395
0.9998753
3.9575247e-05
0.5545524
0.0006359939
0.9999176
6.4453657e-06
3.568748e-05
0.0161894
0.99987185
0.9997552
0.9986162
1.2582803e-05
4.4026536e-05
0.001113034
0.9884418
2.355381e-05
4.0688603e-05
2.500004e-06
3.600117e-05
2.2647177e-05
0.9999224
0.5381953
0.00012190984
1.1348348e-05
0.42157367
0.99898595
0.5912913
2.3578554e-05
0.9998301
0.99995565
0.3060967
0.42151457
0.999972
0.99998724
3.5836718e-05
3.537018e-05
3.293471e-05
7.9102965e-06
0.9997843
0.42236647
0.9998042
0.9160533
0.50860524
0.99891114
0.9999943
0.99898034
0.99364966
4.0576386e-05
0.99993336
0.42175114
0.99776495
0.00090933533
2.0575293e-05
0.54715633
0.99996173
0.6655983
6.0879716e-05
0.9996388
0.004803441
1.3199906e-05
0.00031895598
0.42143744
0.99026126
1.1468405e-05
2.587683e-05
0.42151207
0.42156348
1.2905427e-05
0.9999517
1.32015675e-05
2.5125952e-05
3.2186713e-06
0.99983823
0.98737806
1.8531395e-05
0.00096284674
0.9997677
0.99238455
0.97556394
7.833671e-06
0.00020226672
0.95256495
0.99770796
0.4206093
6.5631434e-06
0.99966264
0.61445427
1.6929307e-05
4.483199e-05
4.4802422e-05
0.42185166
0.99986184
0.9958116
4.1365525e-05
4.644201e-05
3.461012e-05
0.0003601434
0.9972473
0.9997329
0.4216994
0.45511007
0.42081696
0.99998915
0.9997249
0.9997603
0.4211813
0.99301356
0.42164135
0.9818559
0.9999342
6.634322e-05
2.7746277e-05
0.9963033
4.475041e-05
0.9998221
1.6106998e-05
0.00012832301
0.42135772
1.7732782e-05
1.790697e-05
0.9694443
0.9999918
0.9998541
0.42193213
4.5643177e-05
0.00011002493
1.5266181e-05
0.9942023
0.42195204
0.021509176
0.0009837197
2.440114e-05
0.9997851
0.52854544
0.9106478
0.42064413
5.931716e-05
0.00038122322
8.672157e-05
0.9987153
0.9998779
7.589752e-05
0.99988973
0.9995821
0.42201024
0.99998164
0.9996451
0.4221581
0.97399795
8.78438e-06
0.17213139
0.00012425687
0.99985516
0.27578858
2.5835063e-05
6.2841485e-05
0.9977457
0.9999708
4.908049e-05
0.92896736
1.189776e-05
0.99999607
0.9998865
0.12257856
3.6515186e-05
7.7897326e-05
0.4218927
3.9136066e-05
0.9997075
0.57346284
1.89293e-05
0.99484694
0.9930837
1.46445345e-05
0.99980086
3.4275225e-05
0.00016088894
0.42118388
0.42103726
0.99995816
1.0090498e-05
3.8329537e-05
1.0143186e-05
0.9999311
0.9999844
0.42078483
0.5166993
0.14137943
0.9999987
0.99860746
0.4224392
0.42140383
0.9999387
1.9717403e-05
1.1920202e-05
0.5260345
0.4203373
0.9999913
2.3165132e-05
6.938097e-05
0.98682284
0.9997702
4.3938246e-05
0.41980773
3.0240226e-05
0.96705806
0.00040680263
0.9667185
1.6725266e-05
0.9999548
0.42189562
0.42098352
0.5660153
5.088453e-07
0.00010444085
3.632763e-05
0.5667888
0.089341745
0.00022229127
0.99788696
0.99997044
0.9773325
0.4220848
6.0011185e-05
0.9921071
0.0013630949
0.8586574
0.42146447
4.2413144e-06
0.42085996
3.6760284e-05
2.9741163e-05
9.062964e-07
0.42227238
5.577232e-05
0.5575531
0.42124376
0.9994773
0.42167222
0.9883979
0.42027175
0.00020515727
7.417669e-05
0.0014819439
6.013412e-05
0.9980173
0.00018817185
1.3632438e-05
0.42084375
0.9983975
0.99997044
0.42176023
1.171421e-05
2.447676e-06
5.4031745e-05
0.99995327
4.9647548e-05
0.99996233
0.39553577
0.4211737
0.99991095
4.490259e-05
0.9993568
0.99999285
2.1710995e-05
0.996806
0.9914948
3.124845e-05
0.5240683
1.4883607e-05
0.99997795
0.9998115
0.999964
0.99221355
0.9951015
1.624711e-05
5.2776042e-05
0.0027258706
2.1772163e-05
0.0017847558
0.9968207
0.06413001
6.660172e-05
0.060410433
0.00062549155
0.998979
9.720964e-05
2.0355477e-05
3.468532e-05
0.03813526
0.5448941
3.1698405e-06
0.00023937284
4.28328e-05
0.9987112
1.7123471e-05
0.99999905
0.9996722
0.9947567
4.7565495e-06
0.93930036
8.2784565e-05
0.42013165
0.42188922
5.7021443e-05
0.5644238
0.0004527013
0.001961878
1.2748059e-05
0.9919808
0.18043862
2.704221e-05
0.00057187333
1.15829935e-05
0.99556714
0.99922717
0.999585
0.419851
0.052904416
0.980075
0.50769556
0.99997807
3.1594e-05
0.98472863
0.96399885
0.4214861
9.087715e-05
0.42141196
0.99937063
0.99988747
0.014363199
0.9999367
0.9988122
0.0003357441
9.5532545e-05
2.3791255e-05
0.99973875
0.00015463593
0.17137069
0.99936837
2.8526181e-05
4.465901e-05
3.36591e-05
0.0011056546
0.5449092
0.9918562
0.99985063
0.9928478
0.42136693
0.56887794
0.00049960386
0.9999075
0.98475325
0.9999906
3.7452623e-06
5.3670934e-05
0.4211215
1.7850092e-05
0.99971026
0.4742679
0.0003817715
0.9512786
6.0450577e-05
2.3184979e-05
0.99996924
0.4212285
0.52847606
0.99967146
3.6545007e-05
0.99709904
0.9925787
0.99996376
0.033886783
1.0551838e-05
0.999383
0.99085665
0.111413576
0.0014808336
0.7773601
0.9996001
0.99647576
0.99880147
0.9848172
0.99994195
0.9993697
3.4106151e-06
4.428453e-05
0.935306
2.2981116e-05
6.729524e-06
0.0014151225
1.9212668e-05
4.946744e-05
2.1102538e-05
0.99936444
0.10172335
0.42163467
0.53899324
0.9999095
1.5888832e-05
1.4504309e-05
0.9999622
2.959229e-05
0.9997886
0.9999746
0.5574857
0.49403143
0.9995627
2.1385009e-05
0.00034031936
0.9999825
0.42149073
4.9250168e-05
0.9998598
3.9494866e-05
0.12373591
1.8894545e-05
4.818349e-05
0.3705141
6.329447e-05
2.4014555e-05
2.1360142e-05
2.8366563e-05
0.42186248
3.8073216e-05
3.5412297e-05
0.99385357
0.9991966
0.4198679
4.5418048e-05
0.9986914
1.682957e-05
4.314222e-05
0.99988616
0.54921097
3.1847652e-05
0.52642477
0.4216889
0.9993678
1.0043599e-05
0.99995935
0.009673309
5.5417433e-05
0.42137438
0.0001492704
0.4218632
1.8449155e-05
3.3091936e-05
5.7492438e-05
0.97997046
0.46761942
1.0040679e-05
0.99469686
1.7612163e-05
4.6989386e-05
0.42082542
2.4410287e-05
0.9989924
0.5701412
0.9547845
2.795917e-05
0.0005807866
0.0014657505
0.99168676
8.26329e-05
0.99978167
0.00012435277
0.07306137
0.5542593
0.00010568726
1.8544973e-05
0.9961422
0.99981874
0.42054603
0.99989295
7.414105e-05
0.0008012177
0.998796
0.08128225
0.075784855
3.6700072e-05
0.99989736
0.99990964
0.5305733
0.99997807
2.6150909e-05
0.9997576
0.9829091
0.9998486
6.2094834e-05
4.4767567e-05
1.1602152e-05
0.42222825
2.7597942e-05
0.9999589
2.7533406e-05
0.9999875
0.42057225
0.9902892
0.9999542
6.656806e-05
7.847119e-05
5.7103127e-05
0.3190864
0.9999317
0.99791926
0.9999896
0.6427202
0.5443483
0.95776325
4.620259e-05
0.42088807
0.7455651
0.9455842
7.1888867e-06
0.999049
0.3431319
0.99999547
0.9998192
0.00011016192
3.8831e-05
0.9984546
0.99999833
3.0805342e-05
0.094659336
0.4221151
0.9999186
1.8945355e-05
0.00041118998
0.9999589
0.9144254
0.007950031
0.99853027
0.9988739
1.7910112e-05
3.9619732e-05
4.628148e-07
0.9999924
0.99998844
0.41814128
0.99996173
0.54055256
0.9999088
0.99999344
0.9955314
7.5014236e-06
0.00015529599
0.9985636
0.0015227317
1.5548923e-05
8.922142e-06
0.9865943
5.9088852e-05
3.127839e-05
1.9051999e-05
0.4212615
0.9999471
0.42197618
0.99525464
1.6929664e-05
0.5601942
5.152027e-05
0.42073205
1.5366643e-17
1.5775255e-06
1.7542045e-05
4.6059875e-05
0.29857337
0.4218083
0.9969989
1.8146615e-05
0.99952507
0.4217039
0.0018473566
0.0002151364
0.035023626
0.5424212
0.42145875
0.07226472
0.0024185244
0.42121264
0.00016990044
0.6266732
0.42158267
0.016574545
0.4217041
0.42156357
0.99994266
3.4352386e-05
0.99995506
0.9990626
0.99315214
0.9688474
5.104181e-05
0.9975677
0.9999262
0.013218648
0.00019200567
0.99994504
0.0064975284
0.9998692
0.020643506
2.757934e-05
0.5387301
0.998536
0.4218709
0.99977905
1.6455186e-05
0.0002273941
5.768448e-06
0.05029934
0.9998865
0.5463423
0.42093274
0.76376486
0.99914074
0.0005302747
0.9999156
0.9998801
0.99433774
0.9916888
0.9944279
0.42153257
5.529786e-05
0.9998555
0.42194885
0.9999585
0.42057824
0.9998388
0.5382622
0.9964535
0.99991095
6.0858238e-05
0.5491426
0.99994266
4.303567e-05
0.99978703
3.5337678e-05
2.4127401e-05
0.0023601525
2.77376e-05
0.4216547
0.0007668531
0.5543335
0.5234187
0.999912
0.0002042602
0.9792875
0.34016997
5.4714306e-05
4.345674e-05
0.997532
0.997349
0.41995707
0.9906527
0.9991435
0.99990463
1.3918169e-05
0.9993962
0.0002820037
0.99884284
0.0003289786
4.5888664e-06
0.42128548
0.9968292
2.9398967e-05
0.99993587
0.42061055
0.9993137
0.42165697
8.332496e-06
0.96691906
0.9995222
5.301119e-05
0.9998485
0.9997482
2.7686227e-05
0.9591747
0.0011544175
1.5798645e-05
0.42205292
0.42049956
0.7913199
0.10697901
0.55518585
0.53081965
0.9913085
0.42178094
0.5630947
4.0403094e-05
0.9805997
0.42169192
0.42133442
2.5039457e-05
1.234672e-05
0.9996917
0.4217149
0.5267247
3.354144e-05
0.9989655
0.12591642
1.9145962e-05
0.99987257
1.6610755e-05
0.42186603
0.99915993
0.00085391506
6.611321e-05
0.99892694
0.99998784
0.42204794
0.029786691
0.6155989
2.4920964e-05
0.42203185
0.9999343
0.42191005
0.4216429
0.00031270733
0.0003510766
0.42064422
0.4219772
0.42089579
0.9972218
0.9992409
0.9904469
0.000107455155
0.42188612
0.9818749
0.0004924184
0.00015237597
0.05689466
1.905385e-05
0.9995222
0.99998784
0.999972
0.9999908
2.311431e-05
3.0729698e-05
0.9202153
0.99993026
0.9995321
0.99551684
0.5501895
0.42139816
0.9999893
4.0942068e-05
0.99976844
0.9998318
8.7154156e-05
9.988866e-06
4.2648244e-05
7.606548e-05
0.997018
0.9983789
0.98800766
0.00015052909
0.9999379
0.0005230141
0.60620636
3.3572996e-05
0.99936646
0.99925774
0.9971091
0.9999572
0.999374
0.004125316
0.4210183
1.0276324e-05
0.9991678
0.96534526
0.5474527
2.910539e-05
0.9999471
0.9999504
0.6093081
3.5862256e-05
0.99987054
2.9389266e-05
0.3000619
0.99611366
0.99957937
2.3061337e-05
0.42149884
0.99953973
0.0012405419
0.00076439546
5.3386404e-05
0.99998415
9.619795e-05
0.0133879045
0.99896085
0.97646767
0.00032406457
0.0002517512
0.9980567
0.9999931
5.0083076e-05
0.9999578
0.52539784
2.559364e-05
0.00032009618
9.8173905e-06
6.6496386e-06
0.9995802
0.42188263
1.0630369e-05
0.99379236
0.99868554
8.1459795e-05
2.3965114e-05
0.9997985
0.00033893358
0.9249793
1.0250875e-05
6.8902424e-05
0.00016311018
2.868834e-05
0.9785175
0.00024017
2.6642552e-05
0.9998234
5.7210174e-05
0.00041535794
0.5680565
0.008709589
2.278602e-05
1.240112e-05
0.42052832
0.42174524
0.99901426
0.99958974
0.9996176
7.4921004e-06
0.9708629
7.213393e-05
0.99877053
0.0010580326
0.99998045
0.99984896
0.9997993
0.9958573
1.15720295e-05
1.8185507e-05
0.4219014
0.9149011
0.4220048
0.62928313
0.026550772
0.53305113
0.4217999
0.9253583
0.23493274
0.42165035
0.34555262
0.9623474
0.99990165
0.5398533
0.99927944
0.00015469595
4.6711757e-05
0.9870297
0.00014138762
2.7638005e-05
0.00010515888
4.5445388e-05
0.9177851
0.9970266
0.9999937
0.99977237
1.4020496e-05
0.9999962
0.00052160816
8.680083e-05
6.9835555e-06
0.9484413
3.1613443e-05
1.9356705e-05
0.42178607
0.99957806
0.003343647
0.42201406
1.6003953e-05
5.1099032e-05
2.208928e-05
0.00034028623
4.292038e-05
0.9974349
1.487149e-05
0.99982387
0.001693084
0.4218252
6.80376e-06
0.99962723
0.03555386
3.2468244e-05
0.00096046814
0.99998987
0.9978053
5.098144e-05
3.048568e-05
6.224376e-05
0.42175716
0.95116496
0.99972194
2.9688908e-05
0.99925524
0.98333585
0.9998987
1.1977075e-05
0.99988925
7.133869e-05
6.678794e-05
0.052450933
0.99841213
1.3212121e-05
0.42165568
0.9941175
2.1361406e-05
0.00014156246
2.6059768e-05
1.7975786e-05
0.99992645
0.9998975
1.4038973e-05
0.42242625
0.9999701
1.8643104e-05
0.1272684
0.9966556
2.3108141e-05
5.8782665e-05
0.99999166
9.6411466e-05
2.0153262e-05
0.99783415
0.42198104
0.9997938
3.1889864e-05
8.8926965e-05
0.0009232527
1.8880488e-07
0.00024082052
0.99973696
0.41176376
8.622588e-06
0.42265284
0.99996686
0.61305
0.96171004
0.52019805
0.00012028825
1.0414088e-05
0.99968624
4.501733e-05
0.42191148
0.0008842144
0.42129174
0.9976878
0.42181662
1.448761e-06
0.9997528
0.42170703
0.00022749668
0.00311939
0.99851483
0.99595034
9.07772e-05
0.9906282
1.32277555e-05
0.42112797
0.0049197553
0.99989223
6.5667526e-05
0.5676658
0.9988701
3.8752056e-05
0.0004998158
0.9999286
8.091452e-06
0.9999949
0.00010410119
0.89281
0.4213047
4.2616364e-05
0.9998739
0.0001352947
2.2133245e-05
0.5204399
0.9999558
1.4589639e-05
0.0005525882
0.99999833
0.5474898
0.99801946
0.9999521
0.5458435
0.9989636
0.56697154
1.1155313e-05
0.9987398
2.9514673e-05
0.4222317
0.001206523
8.364618e-05
0.9999714
2.2888053e-05
0.9930461
0.5547176
1.4211245e-05
1.557231e-05
0.00045188036
1.09500725e-05
0.99959236
6.665579e-05
0.9987478
1.1303611e-05
0.42183396
0.5503839
0.9995565
0.99982554
0.9856237
6.6201974e-05
0.96210116
6.4184685e-05
4.117441e-05
0.00022846724
1.6390611e-06
5.2112187e-05
0.9990637
0.42137927
0.4218097
5.639431e-05
0.009374236
0.9998116
0.99986506
0.99967504
0.99991214
0.9977742
0.10029833
0.98595923
0.99968445
4.267908e-05
0.92110044
0.57679945
3.7501202e-05
0.7064732
0.999522
6.829328e-05
0.99975175
3.04498e-05
0.5601451
0.99997854
0.99996376
0.5628473
0.63902247
0.9984692
0.00017547347
2.379829e-05
0.0007978183
3.642987e-05
0.42193058
0.0037234488
3.905963e-05
0.9999715
0.9994673
0.9889203
0.42167777
0.4216544
0.0011866152
0.42170805
0.42209473
0.43444833
4.086503e-05
0.9968317
0.0014255281
0.99861276
2.8387969e-05
0.26738182
0.9999616
0.99988854
0.582996
8.143241e-06
0.97814786
0.00016613063
0.5592049
3.2790864e-05
7.375757e-05
5.6897494e-05
0.42147782
0.99990475
3.6488767e-05
2.2746093e-05
0.5466894
0.9999151
0.56165284
2.9667593e-05
0.9986052
0.9031463
0.99989784
6.967728e-05
0.0008999299
0.9991936
6.1335136e-06
0.00010072275
0.421003
0.5207466
0.54020506
0.42120722
3.3053962e-05
0.999493
0.50202596
1.8557199e-05
0.5473165
0.42161682
0.0014421941
5.514173e-05
0.99993014
0.9936754
0.0004659136
1.6102038e-05
2.5614712e-05
0.9928994
0.0018026326
0.991967
0.41932556
0.57673484
0.00012669402
2.180437e-05
0.99932253
0.99993443
0.99990356
0.6492264
0.020669367
0.99996424
2.0512814e-05
6.0416373e-06
0.0006116585
0.9982508