0.5323543
0.9999993
0.43377876
0.53467995
0.4322213
0.0014825573
0.001921953
0.99999857
0.4300995
0.9716077
0.020601064
0.001635574
0.0027993799
0.42714298
0.9998079
0.0032585815
0.0068152156
0.99449617
0.0021054307
0.5309978
0.9755351
0.00180445
0.43159223
0.0025633774
0.0009530635
0.004931144
0.530555
0.9982716
0.5243234
0.9999634
0.0017674371
0.43263495
0.47517693
0.4472855
0.42696765
0.4294244
0.5301307
0.99988925
0.9999958
0.99999034
0.0034510265
0.52466935
0.0009733035
0.43271157
0.002543181
0.0009938793
0.6438072
0.9649504
0.00057863304
0.9999957
0.99949265
0.0036959683
0.9998348
0.9999796
0.53160447
0.0024692419
0.53195983
0.0012125907
0.0023769317
0.0068525076
0.5449936
0.999859
0.5351775
0.43362296
0.9961511
0.9470654
0.53781915
0.0015253681
0.9203715
0.532832
0.9999467
0.0024196648
0.8663483
0.43978062
0.0016497965
0.0007663326
0.0013378967
0.53368324
0.43473572
0.43011972
0.0073005897
0.0013713745
0.43282512
0.9997843
0.9999579
0.0022015886
0.5612817
0.99992883
0.99998677
0.9984744
0.0008322361
0.0012339056
0.9999597
0.99373263
0.0037521094
0.0077638417
0.99971503
0.9929472
0.99997795
0.99998116
0.4334635
0.43403596
0.0025620232
0.002246158
0.4314738
0.0030679405
0.0013037191
0.9985495
0.99994826
0.999998
0.004902113
0.4346505
0.9999386
0.0018183846
0.43296033
0.002744987
0.0024150296
0.002767626
0.999974
0.97518414
0.9999819
0.9999832
0.005062995
0.99999475
0.00089348137
0.9998952
0.0022324072
0.005430009
0.0031954632
0.99972194
0.99995685
0.9925689
0.010963113
0.9995485
0.0032429888
0.0018732848
0.31420943
0.9999964
0.43302622
0.004162153
0.9999862
0.002252396
0.9940931
0.003013273
0.9934494
0.00279259
0.00061330735
0.42623803
0.01608427
0.0119038
0.99953306
0.99126434
0.43460146
0.00280494
0.0022419835
0.42887712
0.9999933
0.0012143529
0.0047203
0.97333467
0.99998677
0.99891806
0.979734
0.9999784
0.999913
0.00094673777
0.55124474
0.5368339
0.003849106
0.0011215002
0.0013495383
0.43388987
0.0024371697
0.77617025
0.0065074684
0.0010526327
0.0025656412
0.99998116
0.0014684232
0.0019760693
0.89028084
0.0017719327
0.0015284482
0.9999995
0.9964665
0.99995553
0.43146122
0.43245757
0.00408746
0.9997253
0.0007879137
0.999995
0.99996054
0.99999595
0.005133166
0.011899493
0.43372232
0.9999286
0.004468592
0.0012692284
0.006306169
0.999951
0.9999671
0.99977416
0.9999094
0.9999994
0.0034509676
0.99998593
0.0025653313
0.011438157
0.4301544
0.4318192
0.99994767
0.0027868224
0.43404853
0.43343642
0.0020433043
0.50883335
0.0010607111
0.0027435694
0.0037881988
0.99998796
0.001405219
0.0010211699
0.0035174533
0.9999902
0.9996768
0.0021070102
0.4331208
0.0012314797
0.9997507
0.4300058
0.3385635
0.43167877
0.4990923
0.43123928
0.9999684
0.9999856
0.0010440367
0.0018488097
0.002629023
0.0011850315
0.9999387
0.9951558
0.9985935
0.00062847754
0.43062228
0.047379546
0.43131462
0.34918028
0.99999845
0.001439256
0.9587193
0.054564867
0.0022399502
0.0007108492
0.99983203
0.9964378
0.9998462
0.9999629
0.99999845
0.002339142
0.99999774
0.99983776
0.9265163
0.002486584
0.0029425006
0.0046151984
0.59024435
0.99999094
0.43496084
0.9749545
0.004372202
0.0024638497
0.99323845
0.40897784
0.2643043
0.0010513844
0.9998423
0.9994764
0.99999917
0.99999607
0.0030416227
0.0021589037
0.9999827
0.9999727
0.43068954
0.99999475
0.00033953818
0.4317964
0.6905104
0.9999782
0.53147495
0.0022941555
0.9996619
0.0013501773
0.89264405
0.9993838
0.003126667
0.99986005
0.45336106
0.0017932617
0.79872745
0.9997961
0.9999651
0.0029431526
0.53441656
0.0070235776
0.999887
0.00070320134
0.002885576
0.77439934
0.9995803
0.9994004
0.9998568
0.0023677791
0.0011616616
0.0016046613
0.9995419
0.0018453591
0.00095157005
0.005577677
0.0007628099
0.001055752
0.9999821
0.56485856
0.0016692413
0.0010408806
0.43230888
0.9915274
0.84287447
0.00301875
0.99999297
0.9999918
0.98437136
0.4327854
0.9999918
0.99999845
0.00407968
0.0021384992
0.0019525505
0.00057962554
0.99989045
0.4253784
0.99984896
0.9678362
0.9799498
0.99967206
0.9999957
0.99987805
0.99827707
0.0012131978
0.99996746
0.42757148
0.99842143
0.0015946925
0.0020548687
0.5654837
0.9999801
0.76511604
0.0026480462
0.9998776
0.02309541
0.004729191
0.003369913
0.43178517
0.99266315
0.0025466562
0.0014544886
0.4333246
0.4307547
0.00074184657
0.99991226
0.0005311255
0.0014841428
0.020113567
0.999944
0.9654938
0.0018751741
0.004296168
0.9999449
0.9904474
0.9808817
0.004085504
0.014723722
0.99864954
0.99994016
0.43132013
0.0011936653
0.9998486
0.5351385
0.0011957644
0.004001998
0.009548413
0.43328786
0.9998926
0.9994246
0.0011733214
0.0022114874
0.0024246108
0.0015241746
0.99104285
0.99990547
0.426349
0.5309551
0.43036816
0.9999975
0.9996507
0.99997115
0.49820727
0.98836213
0.4288025
0.9937982
0.99998987
0.0017399788
0.001457213
0.9984523
0.0016434821
0.9999969
0.0022129714
0.0034048043
0.4311314
0.0022450117
0.00071597745
0.9654568
0.9999981
0.9999876
0.43097502
0.0026298598
0.014807804
0.0026266647
0.9988427
0.43173173
0.51477283
0.0063716928
0.001343117
0.999997
0.5316105
0.9978315
0.4301424
0.001466226
0.004274077
0.0021026775
0.99992156
0.9999894
0.0067338976
0.9999665
0.99943715
0.43380883
0.9999809
0.9999052
0.43490615
0.99508977
0.0012065908
0.48224413
0.0030293567
0.9997813
0.8042944
0.0004938768
0.004021714
0.9996922
0.9999987
0.0010620342
0.9498542
0.00072439766
0.99999917
0.99996126
0.22136863
0.0013002068
0.004596612
0.4343578
0.0029743027
0.9999839
0.53371656
0.002465084
0.99937445
0.9984515
0.011623382
0.99996066
0.0022616014
0.003538599
0.43056977
0.45840922
0.999998
0.0009501074
0.004152462
0.0014175767
0.99998426
0.9999466
0.45295888
0.5279619
0.96705276
0.99999964
0.99945086
0.43330097
0.52595913
0.9999889
0.0033010382
0.0009362289
0.527842
0.43255275
0.99999285
0.0013793204
0.0017277177
0.9984819
0.9999552
0.0013901321
0.4336986
0.0017743455
0.9579818
0.0032591268
0.93085146
0.0011666451
0.99998164
0.43303034
0.4329202
0.534188
0.0036406987
0.0013714469
0.001584732
0.5359446
0.4476027
0.0054563936
0.9998591
0.9999982
0.99388266
0.43639854
0.0007813572
0.99838364
0.0017215073
0.99953794
0.43338823
0.01966431
0.43290964
0.0016387687
0.0018068744
0.00208783
0.43837604
0.0023667882
0.5334459
0.432303
0.9999839
0.4313878
0.9996823
0.4280171
0.006694027
0.0008015645
0.008812246
0.004960223
0.99992764
0.0068967505
0.0036818292
0.45203546
0.9999558
0.99997544
0.4330333
0.0015156067
0.06859132
0.0022885043
0.9998654
0.0009510145
0.99999774
0.40384704
0.43125102
0.9999852
0.0022627963
0.9998099
0.9999951
0.0027188086
0.99958366
0.9956203
0.001000217
0.5392404
0.00209665
0.9999974
0.99995565
0.9999819
0.99449486
0.9998055
0.0026412709
0.0016400955
0.0029184835
0.001364499
0.03171003
0.99899143
0.90786654
0.00110589
0.63065624
0.005850427
0.99908423
0.004629206
0.0018037561
0.008728163
0.3164262
0.53354377
0.00085197587
0.008748001
0.005070716
0.99996626
0.004229653
0.9999993
0.9999888
0.9947574
0.0038700309
0.7957637
0.0013901964
0.45186713
0.4310845
0.0030395095
0.53456235
0.0012956464
0.8750153
0.0018497022
0.9995888
0.4829943
0.0011512263
0.00933826
0.0013825492
0.9995666
0.9999951
0.99993217
0.42913333
0.021389833
0.9878917
0.5256302
0.99999666
0.0022696792
0.99596477
0.9710642
0.43369362
0.0019393519
0.4325152
0.9998318
0.99998105
0.0075229355
0.99999344
0.99974686
0.0073016854
0.0049699666
0.0013359045
0.99994326
0.0017884261
0.7817302
0.99987495
0.0011250322
0.0013611931
0.0010811697
0.014467666
0.660035
0.99909365
0.9999857
0.99724954
0.4334482
0.5623352
0.011633158
0.99998605
0.9998615
0.9995436
0.00030971068
0.001366723
0.43281356
0.0018859889
0.99910116
0.9838754
0.005084432
0.9813316
0.0031904443
0.0021894274
0.99995756
0.4232084
0.5295249
0.99993205
0.0030160046
0.9961247
0.91066927
0.9999919
0.24746202
0.0007296041
0.9999939
0.9850236
0.589624
0.0035862052
0.9098455
0.99939334
0.9963743
0.99992275
0.9992137
0.99998283
0.9994486
0.00866082
0.0042001973
0.9969356
0.0024071867
0.015092235
0.024124742
0.0029212115
0.0014014869
0.0022395784
0.9998056
0.6376552
0.43263742
0.5337393
0.99999905
0.0014351638
0.0026910165
0.99999046
0.0016588009
0.99981767
0.99999964
0.5662028
0.5309371
0.99884284
0.0029895909
0.0053518363
0.9999993
0.4319623
0.001336884
0.999979
0.0020875232
0.62798274
0.0011091802
0.0009102261
0.9536494
0.002742762
0.0017861945
0.002521158
0.0013759198
0.4331457
0.0020902476
0.001989471
0.9828326
0.9999858
0.43217534
0.0027585037
0.999138
0.0012389796
0.0021015913
0.999899
0.5950451
0.0023091303
0.5310746
0.4306755
0.9998989
0.00090539304
0.9999975
0.175122
0.0012106813
0.4321509
0.017787829
0.43512854
0.002016929
0.0012540838
0.0027309032
0.9978771
0.5305016
0.0010423348
0.99691004
0.002502881
0.0022109866
0.44207174
0.000576598
0.9995578
0.53489864
0.98443514
0.0019240918
0.008805622
0.0075442134
0.9983436
0.0010540973
0.9996942
0.001939051
0.0676458
0.5361539
0.0019148954
0.0007549563
0.9998803
0.9999796
0.4206217
0.99994814
0.003475331
0.0030933896
0.9997788
0.8810065
0.9724534
0.0016769167
0.9999467
0.99997735
0.5289757
0.9999938
0.004923597
0.9996246
0.9958825
0.99994755
0.009614568
0.004314985
0.0016304408
0.43116426
0.0019998546
0.9999974
0.0008059128
0.99999404
0.4538322
0.99459946
0.9999902
0.0025808895
0.0010724268
0.00088136
0.8969608
0.9997769
0.9996381
0.99999654
0.63727766
0.53361624
0.944278
0.00054787786
0.45295888
0.99929583
0.9761953
0.004871648
0.99998176
0.99801755
0.9999776
0.9999883
0.0018506029
0.0019692886
0.9997403
0.99999547
0.0013113798
0.75300074
0.43385926
0.9999666
0.0006361536
0.0045104027
0.99999106
0.9987581
0.42258576
0.9989705
0.99921
0.00096632796
0.0023388437
0.20515108
0.9999924
0.99999857
0.4330417
0.99999034
0.533332
0.9999907
0.9999957
0.9993813
0.0020300634
0.01044112
0.99890876
0.003063404
0.002367716
0.0018421182
0.99893314
0.000959218
0.005598586
0.0007740341
0.43532705
0.99997056
0.43380094
0.9917692
0.0030088283
0.5339111
0.0051664687
0.42517382
0.29113922
0.0022371334
0.0017645906
0.0025971504
0.79612845
0.43269768
0.9948643
0.001458236
0.9999393
0.43254098
0.004861543
0.010723557
0.49498132
0.53397924
0.42959803
0.84556186
0.005381213
0.43116185
0.0031056171
0.5520185
0.43407407
0.2278765
0.43133166
0.4323847
0.99993074
0.005653579
0.99998236
0.99975914
0.99912983
0.98218024
0.0049180863
0.9996358
0.9999608
0.78905755
0.0019929847
0.9997633
0.2666505
0.9999372
0.5428584
0.0018107229
0.52842486
0.99992764
0.43363255
0.9997776
0.0019169671
0.002753317
0.0052173436
0.23342803
0.9999814
0.5338942
0.4353263
0.5363331
0.9999006
0.003210416
0.99999726
0.9999957
0.9996768
0.9993222
0.9998049
0.43301266
0.0016842304
0.99999285
0.43263128
0.99996066
0.45186618
0.9999752
0.581822
0.9983005
0.99990845
0.034192942
0.53315544
0.9999254
0.0019247229
0.99999154
0.0015508225
0.003450243
0.0041120495
0.0025116247
0.43447793
0.0033484446
0.5337137
0.53166085
0.9999509
0.0032760734
0.9988135
0.9446461
0.0018741863
0.0017836398
0.9998617
0.9985905
0.45295888
0.9976987
0.9998646
0.99993074
0.0013837116
0.9999852
0.005784172
0.9974412
0.0036156613
0.0039878343
0.43259582
0.9998115
0.0017407236
0.99999666
0.42971623
0.9999325
0.431647
0.0008268889
0.9950324
0.9998535
0.0040507545
0.99939847
0.99993503
0.0024916586
0.88294303
0.005334166
0.00074568175
0.43567878
0.42193383
0.9888904
0.33210433
0.53377944
0.5300493
0.9933021
0.43205816
0.53557825
0.0009990275
0.9801319
0.43365902
0.4298779
0.0020732176
0.0020732314
0.9999893
0.4330922
0.5427858
0.0016686146
0.9998615
0.9689169
0.0015850359
0.9998996
0.0006333994
0.43300942
0.9999685
0.002466584
0.0016027244
0.99975246
0.99999905
0.43371224
0.27916637
0.5396289
0.0006860975
0.43372124
0.99998426
0.43501753
0.4318051
0.0009398602
0.001511107
0.43076733
0.4344516
0.4483568
0.9978005
0.9971222
0.997451
0.0014357918
0.4339148
0.999406
0.0032740373
0.006159901
0.96565366
0.0008730673
0.9999902
0.9999962
0.9999932
0.9999863
0.0005622464
0.005480987
0.9751595
0.9999783
0.9998379
0.9993249
0.5791147
0.43210036
0.9999982
0.0058980263
0.9999447
0.9999461
0.002503643
0.0024121522
0.0019079662
0.0017648729
0.99816304
0.9999776
0.9894553
0.020482522
0.9999993
0.0091376705
0.53372484
0.0033556102
0.99992514
0.9998529
0.9992199
0.99998116
0.9999107
0.004208392
0.43091416
0.0005294838
0.9995441
0.99902666
0.53079456
0.0026683626
0.9999987
0.9999747
0.5362854
0.0021579752
0.9999851
0.0040266123
0.9868367
0.9991704
0.99997294
0.0013432782
0.43160644
0.99997175
0.0049485825
0.0020600578
0.0014403866
0.99995387
0.0024073173
0.4830323
0.99934715
0.9942158
0.0043557533
0.009362203
0.96390426
0.9999987
0.0032713278
0.9999925
0.5262349
0.0024196508
0.0018449867
0.0136570865
0.0015359335
0.9999223
0.43063694
0.009287237
0.9973973
0.9993655
0.0026148192
0.0036735998
0.99996686
0.00097199605
0.9986499
0.0008726352
0.0016198525
0.0010408628
0.0054825493
0.9959
0.002025766
0.0011541409
0.99997187
0.0016709968
0.0066625853
0.5342429
0.096529886
0.0021546592
0.0061676125
0.4306094
0.4324466
0.9999701
0.9998641
0.99956626
0.0019073607
0.97702104
0.0032032141
0.99995077
0.019926889
0.99999595
0.99916315
0.99991107
0.99550325
0.0012347208
0.0028637864
0.433692
0.94111353
0.43410426
0.95057064
0.34332305
0.71964943
0.43264073
0.98393744
0.9182033
0.43412402
0.97550935
0.9728159
0.99999595
0.53091854
0.9982901
0.0037720466
0.0012617571
0.9982266
0.005857195
0.0039025687
0.002491547
0.001783915
0.976226
0.9997434
0.99999166
0.99997115
0.003329017
0.9999995
0.017002722
0.0037587443
0.003912647
0.9973803
0.0022050554
0.002567868
0.43362
0.9999589
0.008900184
0.4332753
0.0014600118
0.0007818175
0.0029297334
0.0015338004
0.0025826872
0.99989784
0.0037203422
0.9999963
0.009888741
0.43471557
0.001684026
0.9998313
0.6269197
0.0020215597
0.008533923
0.99999857
0.99976724
0.0013824695
0.001855474
0.0005787676
0.43319783
0.94148535
0.9999924
0.0016852674
0.9994702
0.99567324
0.9998012
0.0007527981
0.9999969
0.0019167308
0.0009706023
0.87665623
0.99231076
0.001691258
0.42833585
0.99939394
0.0015988036
0.005528048
0.0032644474
0.0012693687
0.99998343
0.9997272
0.001364197
0.42833513
0.99999356
0.0013625446
0.8255321
0.99989986
0.0013870423
0.00819092
0.99999344
0.0042768153
0.0015464579
0.99962354
0.43038622
0.9999981
0.002788197
0.0021359
0.0045224237
0.010692331
0.0047556604
0.9999461
0.43479723
0.0011137781
0.4351019
0.99998677
0.84342074
0.99489045
0.52923036
0.003650802
0.0011601218
0.99996734
0.0010147928
0.43242592
0.009675675
0.4653528
0.9995467
0.43335703
0.14832398
0.9999964
0.43010703
0.011163694
0.34677684
0.9983505
0.9805516
0.0018152592
0.99930394
0.000958221
0.4323095
0.38249674
0.99994755
0.002465716
0.5372034
0.9998616
0.0012225057
0.0014197552
0.9999546
0.0035129834
0.99999774
0.0025741518
0.98987246
0.52133524
0.0023457722
0.9986986
0.014300318
0.0007027689
0.5300802
0.99999475
0.00093805924
0.0045969673
0.99999976
0.5344889
0.9999441
0.99989104
0.5329835
0.9998592
0.5344942
0.0010412624
0.9999709
0.003455298
0.43367058
0.0029458783
0.0024645377
0.9999956
0.0015312671
0.98384446
0.53362983
0.0015452846
0.0026804975
0.0036754273
0.0015422058
0.9999224
0.0065684947
0.9998381
0.0014007177
0.43306538
0.53552306
0.99681526
0.9999516
0.98917425
0.0030113324
0.9964224
0.003224761
0.003320884
0.0046393196
0.0010251025
0.00075910724
0.99445444
0.4319389
0.43263552
0.0017688298
0.34092006
0.9996586
0.9999938
0.9990688
0.9998099
0.99989593
0.9378926
0.99951994
0.999962
0.0041055246
0.89865065
0.6628047
0.0013033417
0.4546409
0.9999658
0.0023603735
0.999864
0.0048198397
0.5331184
0.99999964
0.9999702
0.5337737
0.5345398
0.9994487
0.002139288
0.0018781071
0.004814
0.010987269
0.4295137
0.013510212
0.0009129643
0.9999951
0.9990903
0.99639964
0.43130404
0.43302837
0.0033705027
0.43301836
0.4338739
0.4440979
0.0021301685
0.99749327
0.013517784
0.99989974
0.0018459327
0.85695374
0.9999901
0.9999187
0.5363786
0.0023487671
0.9855679
0.004838423
0.97056085
0.0005712789
0.009515046
0.002558077
0.43375877
0.9999664
0.0012718944
0.0018548755
0.5337785
0.999998
0.53476316
0.0009603996
0.9992895
0.99495536
0.9999933
0.0024032635
0.0061926846
0.99969137
0.0058695856
0.0020401
0.43347526
0.4872872
0.53087056
0.432628
0.0021598376
0.9994518
0.5317961
0.0012139938
0.5331803
0.43233436
0.008776416
0.0012392954
0.99999785
0.99972826
0.008530523
0.002562322
0.0015862959
0.9993812
0.023544056
0.998973
0.42986488
0.5336628
0.0019818868
0.0021004034
0.9999813
0.99999344
0.9999112
0.689327
0.26454112
0.9999554
0.0054812445
0.0020159003
0.002224429
0.9549357