0.6381847
0.9999651
0.42248204
0.6004076
0.3710207
0.00016803636
0.00027047246
0.99996996
0.36592582
0.859686
0.00027687603
0.00044840644
0.00027682615
0.29779798
0.9995552
0.00010979329
0.00022320046
0.99832183
0.003980901
0.5410145
0.9488548
0.00012768952
0.3744275
0.0005120004
0.00021476709
0.00051792787
0.5169691
0.9945458
0.38818035
0.99936885
0.0004642345
0.42906058
0.19371739
0.42363146
0.33095548
0.39157516
0.5914335
0.98882616
0.9999374
0.99976474
8.413592e-05
0.43354592
0.00012415834
0.40655574
0.0005032185
0.00023514389
0.6634893
0.94318
0.00014231999
0.99993145
0.9986671
0.00042977714
0.99944
0.9990539
0.5325403
8.547911e-05
0.6794742
0.0055854633
0.0002638615
0.00012026371
0.70530456
0.9998264
0.65966225
0.40137038
0.97661567
0.80294883
0.6966701
0.001629972
0.8916207
0.66816163
0.99982834
0.0002474069
0.90957695
0.3819004
0.00015786484
0.00052687846
0.00069427566
0.68719614
0.3841189
0.39991334
0.002251362
0.00025793214
0.4015114
0.99967563
0.99982363
0.0006529624
0.66815794
0.9997888
0.9998338
0.999209
0.00041958212
0.00012748367
0.99967766
0.9942737
1.5106815e-05
0.0025846458
0.9989349
0.9718506
0.9999198
0.9999783
0.41922474
0.4102372
0.00016728675
0.0002687333
0.3980158
6.42757e-05
0.0007703391
0.9950925
0.9979645
0.9998765
0.00065509765
0.4068862
0.99976665
0.00028371235
0.3908502
0.002130415
3.8909955e-05
0.03225845
0.99931955
0.89887124
0.999833
0.99999046
0.0007875203
0.9999809
0.00051431253
0.99681735
9.602858e-05
0.00036682535
0.00012962737
0.99720997
0.9996786
0.9960569
0.00041262168
0.99862504
0.0002807423
0.00031488013
0.07757148
0.99998605
0.3575118
0.00036656912
0.9999957
0.00015636686
0.9954698
0.00034663986
0.950687
0.0010058595
0.0003071308
0.11612927
0.022201255
0.00017176125
0.9993801
0.9970155
0.3904738
0.001273107
0.007150456
0.383329
0.9999312
0.00094514305
0.0003131602
0.99797493
0.9999777
0.998645
0.85801476
0.9991554
0.99774855
6.384113e-05
0.727315
0.6123108
0.00010881936
0.0011203422
0.00015843305
0.42848304
0.00012743298
0.3832937
0.0014191794
0.000563728
0.0005973892
0.99991274
0.002744855
0.000115335526
0.63820463
0.00067511154
0.0003035774
0.99998784
0.9956838
0.9999273
0.40380225
0.38615373
0.0012407966
0.9996118
0.00031526372
0.999876
0.99990904
0.9993926
0.00041926923
0.0036054493
0.3844741
0.9988275
5.744622e-06
0.0010805962
0.0018559218
0.9991671
0.99937075
0.99997795
0.9995442
0.9999759
0.00014648895
0.99993205
0.0019960895
0.00076496275
0.39778093
0.39127687
0.9996039
0.016870044
0.36186486
0.41233608
6.5613385e-05
0.15009692
0.00019029027
0.0002631312
0.0030378483
0.9999894
0.0013565806
0.00016479637
0.00020439754
0.9999751
0.9986945
0.015370738
0.40491346
0.00062468724
0.99991286
0.36014795
0.27017224
0.40033346
0.5944688
0.40750825
0.99901724
0.9999926
0.00040973656
0.00023173478
0.0010135015
0.00020592139
0.99973613
0.9936631
0.9883067
0.00014140489
0.3693256
0.037217606
0.40235624
0.037750594
0.9999776
0.00033365964
0.97293234
0.00061436126
0.0002220176
5.7661386e-05
0.9995167
0.97362477
0.99756
0.9999186
0.9996711
0.00035865814
0.9999192
0.9995121
0.33291236
0.0027100476
0.00023018499
0.00023069976
0.42915994
0.9996338
0.39551267
0.94947845
0.0014296644
0.0009916864
0.9887966
0.26175427
0.07022775
0.00011317447
0.99985933
0.99602866
0.9999051
0.99999464
0.00015909976
0.00022651795
0.9999672
0.9999795
0.388534
0.99931407
0.00048101335
0.3737276
0.66139907
0.99997735
0.6015161
0.00024197433
0.99902654
0.0026217438
0.56419265
0.99642736
0.00063868234
0.99956733
0.41782695
0.00014785425
0.9531948
0.9983569
0.99976593
0.0003500047
0.6332097
0.0030400557
0.99999774
0.0002951141
0.000104435276
0.27461448
0.99947447
0.99886155
0.9998952
3.3153658e-05
0.00030617742
0.0011047254
0.9955622
0.00020258459
0.0003394825
0.0006223503
0.0003489973
0.0002501665
0.99922526
0.6714059
0.0013105359
0.004184999
0.38082898
0.9985801
0.7905369
0.00027496225
0.99972755
0.99989283
0.7558261
0.4164629
0.99998784
0.99926525
0.0009315387
0.0003683074
0.00020863288
0.00018247846
0.9993187
0.08894349
0.99982494
0.8151683
0.8802275
0.99807966
0.9998247
0.9996164
0.99755836
0.00054335315
0.9999819
0.038183607
0.99875414
0.0019255137
0.00023318031
0.6812695
0.99988055
0.6827754
0.00014177806
0.9987606
0.014192053
0.00023749961
3.7966074e-05
0.39295506
0.99273443
0.00037747505
0.000841926
0.3623252
0.35866776
0.00013906961
0.9997824
0.00015733797
0.0004438029
3.8570033e-05
0.9999045
0.9817156
0.00027368905
0.00052880764
0.999931
0.99957615
0.97791547
0.00020368103
0.000161171
0.9962359
0.99852693
0.1621644
0.0017323046
0.9995276
0.68168455
0.007305478
0.00015461395
0.0003594286
0.3922479
0.99971014
0.99728835
0.00017332305
0.00028578757
0.0003147442
0.00040036216
0.9758764
0.9998777
0.100215554
0.56139797
0.30827472
0.99991167
0.9998431
0.99986684
0.396907
0.99551845
0.34477854
0.9974336
0.99904174
0.00078454637
0.00050199806
0.9980319
0.00066371
0.9999318
7.5733624e-05
0.00066203927
0.4001209
0.00031767954
5.04328e-05
0.99947983
0.999992
0.99980503
0.07647573
0.0019058536
0.0030894233
6.0318194e-05
0.99987495
0.41736275
0.13199922
0.0049480284
0.0004970443
0.9999479
0.54511565
0.97578615
0.3960558
0.00062672555
0.0011639395
0.0003356975
0.9987525
0.999959
0.0023708662
0.998919
0.99979144
0.37939924
0.9999492
0.99481034
0.41325969
0.9826475
0.00022295183
0.17855342
0.00018621849
0.9999305
0.72069335
0.00017275893
0.00031879212
0.9994349
0.99997914
0.0006471759
0.98666245
6.778169e-05
0.99994326
0.9994124
0.18555512
0.0005330314
0.0004934389
0.41282463
0.0002462953
0.999894
0.7103607
0.00020688649
0.99616563
0.9965604
0.00022128702
0.9992219
0.0024527328
0.00071100367
0.38619435
0.42328683
0.999388
0.00014353498
0.030361779
0.00058601366
0.99997354
0.99976116
0.39177907
0.50841165
0.97270346
0.9999573
0.9971955
0.4853619
0.3714481
0.9997602
0.00049663347
0.003736524
0.56655514
0.37418553
0.999931
0.00016700274
0.0003625928
0.995229
0.9998512
0.00057374267
0.4342489
0.0006299375
0.6661144
0.0004041645
0.93261653
0.00026249822
0.9999914
0.40687543
0.3927346
0.6735824
7.2212184e-05
0.0008698194
0.0002770519
0.6855492
0.18445592
0.008812179
0.99953234
0.9999956
0.9862453
0.4008077
0.00073460926
0.9952833
0.0021059467
0.9993401
0.413269
2.6689548e-05
0.08736629
0.0003571238
0.00065843476
0.0002839632
0.4066641
7.023484e-05
0.6390988
0.34309128
0.99983954
0.39821208
0.99690455
0.33591545
0.0004560189
0.00091145793
0.0042188317
0.0001470046
0.9998859
0.0004605745
0.00039512498
0.38449052
0.99971086
0.9999049
0.36798593
0.00012144862
0.055606965
0.00031340303
0.99967074
0.0007044899
0.9999137
0.20839761
0.39424405
0.9999583
0.00021547246
0.992941
0.9971059
0.00019135466
0.98015
0.9953159
0.00020565021
0.61847466
0.0002234025
0.9999851
0.99858415
0.99999726
0.99868053
0.99600536
0.006238388
0.00034208695
2.870969e-05
0.00035024254
0.0009658631
0.9945379
0.8820045
0.00021329634
0.829514
0.0004855944
0.9999149
5.884172e-05
0.00011384717
4.4961984e-05
0.041395646
0.5999777
0.00014845734
0.0034876906
0.00037637443
0.9916814
0.00022132056
0.99999464
0.9998424
0.9803311
0.0003270164
0.90890276
0.00047062608
0.3756173
0.42562416
7.6911274e-05
0.72191465
0.00040587626
0.9984102
0.00030778444
0.99783057
0.299362
0.00011465993
0.0020679454
0.00028861332
0.99268603
0.9999738
0.99935824
0.21732438
0.0007605521
0.95451194
0.51524657
0.9987317
0.00028586684
0.99468
0.97646433
0.3779763
0.00038250917
0.40505618
0.9978708
0.99971193
0.0027894897
0.9999013
0.99943715
0.00016778531
0.001124292
0.00047866924
0.99899656
0.00013209916
0.9704682
0.9997061
0.00020479922
0.00074362
0.0033234574
3.016957e-06
0.69323444
0.9971486
0.99920076
0.99319094
0.38076466
0.6768896
0.0025663602
0.9992125
0.9918235
0.9997465
0.0014087926
0.0010574682
0.36999458
0.00035955472
0.9999707
0.6684343
6.7355206e-05
0.98863715
0.0009157914
0.00062830356
0.99980026
0.11834054
0.5746624
0.9994642
0.00012800709
0.98931956
0.9969699
0.9999436
0.09077574
0.003486791
0.9999025
0.9860184
0.48725912
0.0037128013
0.8230229
0.99992514
0.9910615
0.99879336
0.9993411
0.99988496
0.99917054
0.020332651
0.00040932177
0.9862975
0.0003045021
1.275476e-05
0.0144596165
0.000513041
0.00023590447
0.00023064896
0.9991111
0.76770276
0.35316867
0.65570414
0.9997459
0.010360918
0.0005164258
0.99967504
6.384344e-05
0.9995167
0.9998776
0.6422169
0.4625317
0.9981962
0.00013484636
0.00015856075
0.9999865
0.39515015
0.0005453551
0.9996551
0.0007223196
0.20629047
5.6091067e-05
0.00031587025
0.89944404
0.0007979293
0.00018722849
0.00030073532
0.00012669402
0.3791486
0.00012007464
0.000998312
0.99474746
0.9998491
0.36975992
0.00044683836
0.9989256
0.0001389547
0.0007047874
0.999859
0.70027274
0.0048099486
0.5775498
0.39126801
0.99976486
0.00013891574
0.9999988
0.023509204
0.00034168898
0.4009775
3.7268717e-05
0.36205196
0.00017771835
0.00013414703
0.00042826557
0.9925815
0.48201603
0.000115131144
0.9975089
0.004055445
0.0002750346
0.39003807
0.00501324
0.99940526
0.6810328
0.982951
0.00022748196
6.123927e-05
0.0005377813
0.9942297
0.00017479283
0.9988607
0.00010030513
0.000114277565
0.714849
0.00029757322
0.00044667034
0.9993249
0.9998387
0.078678
0.99946827
0.00037974966
0.0004909465
0.9937668
0.6756313
0.99914205
0.000703997
0.9998161
0.99962616
0.54774296
0.9999676
0.0027001565
0.9995339
0.9959746
0.99973196
0.00021302886
0.017560078
0.00019527602
0.039219562
0.00021843109
0.99999607
0.00024536316
0.999908
0.40766615
0.97623163
0.9999366
0.00021473391
0.0005615596
0.00032679233
0.6468807
0.9997825
0.9958839
0.99996746
0.78154933
0.5457621
0.9653639
0.00047176602
0.443812
0.9690702
0.7728002
0.00087987987
0.99897975
0.99297583
0.99760866
0.99884903
0.00083231815
0.00018674035
0.9971764
0.9999925
0.0002418364
0.34258586
0.4068745
0.99990356
0.00040658223
0.000683363
0.99973804
0.99315083
0.34660032
0.99959224
0.995469
0.00047478278
9.2352675e-05
0.2420972
0.9999902
0.9999877
0.46421322
0.9999844
0.6200074
0.9991947
0.99997187
0.99489945
0.0008946361
0.000118133816
0.9988381
0.0013614796
0.0006193949
0.00018845232
0.96980715
0.00088366115
0.00061142683
0.00026477652
0.3950926
0.9999567
0.41367343
0.99091643
0.00059349
0.6298305
0.0006513734
0.09867316
0.99677014
0.00012100601
0.00028891946
0.00020985048
0.42220488
0.3704214
0.99034107
0.00030246313
0.9996753
0.41088322
0.0027454004
0.0024996486
0.34083796
0.6518218
0.3460597
0.78056216
0.000121356825
0.4002474
0.0011137505
0.6840622
0.40964976
0.032189883
0.35020646
0.32657486
0.999948
0.00020411809
0.9999056
0.99985266
0.9838064
0.9849087
0.000583204
0.99980956
0.9997774
0.68336725
0.0001816878
0.9996755
0.18714318
0.9994646
0.045470383
7.9932506e-05
0.6226122
0.9997725
0.3943614
0.99961096
4.5016855e-05
0.0009198911
0.0004030249
0.06143395
0.9999716
0.6217374
0.37631434
0.734322
0.9999721
0.0014159293
0.9998735
0.999846
0.9971187
0.9945662
0.97757953
0.35018012
0.0001338516
0.99930835
0.37186104
0.9993105
0.3804594
0.99947983
0.6521931
0.98308116
0.9999373
6.67747e-05
0.65781724
0.9999763
0.00071166153
0.99939203
0.00024080904
0.0002068569
0.0029336668
0.00044717343
0.39602274
0.00056474016
0.6986045
0.5448022
0.99985075
0.00037659032
0.998409
0.62160563
0.00013891613
0.00031132618
0.9974899
0.97530407
0.4144882
0.9975279
0.9959513
0.9997551
0.00026740658
0.9999033
0.00082672894
0.9937319
0.00058376347
0.0002675708
0.40139338
0.99795157
0.00042823315
0.99996924
0.3969654
0.99943846
0.3704139
0.000118836695
0.9961572
0.99977845
0.0012353413
0.998784
0.9992111
0.00038132118
0.961017
0.00031234976
0.00017004937
0.417594
0.05800193
0.9795084
0.011096544
0.61252326
0.6289404
0.9744314
0.38095024
0.70472795
0.00026137766
0.9795346
0.36575505
0.34390423
0.0001298029
9.178569e-05
0.9999536
0.37762952
0.5789997
0.00042429447
0.9998129
0.7717939
9.223246e-05
0.99989665
0.00013286737
0.36130348
0.99639493
2.056474e-05
0.00023755463
0.9998293
0.9999887
0.3968722
0.047477935
0.7097986
0.00045643945
0.39908412
0.9999256
0.4733475
0.38622
2.342639e-05
0.0012992864
0.40141207
0.40083748
0.41865894
0.99959415
0.99975115
0.9709871
0.00016242433
0.3745413
0.98127776
0.00015385274
0.00030975085
0.9239542
0.00054702966
0.99978334
0.9999703
0.9999304
0.9999268
0.00026734156
0.00026595197
0.9221795
0.9998975
0.99983156
0.9972676
0.6424948
0.40891638
0.9997136
0.00012334634
0.99982494
0.99999297
0.00012108033
0.0041222395
0.00020507356
0.0008873123
0.9984113
0.9997626
0.9949496
0.0035695168
0.9999676
0.001477817
0.69160545
0.0002146551
0.99950516
0.997264
0.997538
0.9999745
0.99980766
1.9758609e-05
0.4012736
0.0001871332
0.9955065
0.989664
0.46678168
0.00018704204
0.99992096
0.99997246
0.72943497
1.0863182e-05
0.99961483
0.00035873218
0.9996449
0.9934737
0.9996376
0.00028774815
0.41048712
0.9998229
0.0022081514
0.00060076395
0.00071282394
0.99990964
0.0008871851
0.6524401
0.99396175
0.992042
0.0032874814
0.00022199981
0.9991357
0.99968326
0.00028322914
0.9999323
0.5283207
0.00020573416
0.00021914848
0.10845502
0.0004324144
0.9996754
0.39582142
0.002194808
0.9952426
0.99612147
0.0005517953
8.1186445e-06
0.99962914
0.00041278946
0.9908608
7.386463e-05
0.00053470384
0.0002312274
0.00016616787
0.9133458
0.00014301405
0.00021622302
0.9995369
0.00024952806
0.00034961136
0.5966496
0.0055464315
0.00044026092
9.879004e-05
0.35683057
0.36400795
0.9987412
0.9985391
0.99974316
0.00010980701
0.9696609
0.000955574
0.9990282
0.008019327
0.99986696
0.9992938
0.999718
0.999113
7.471573e-05
0.000102818376
0.41206482
0.93843997
0.36866778
0.66628176
0.01988992
0.62554723
0.38466275
0.91663647
0.7645008
0.38458297
0.9676596
0.94311243
0.99995816
0.63268036
0.99752146
0.00031769864
0.0006283207
0.99615496
0.015375559
0.0001545942
0.00025402848
0.0001743931
0.965165
0.9955837
0.9999907
0.9984571
0.00014915588
0.9999765
0.002225063
0.00063099986
2.4914216e-05
0.9878186
7.537777e-05
0.00018940544
0.40733
0.9997912
8.989487e-06
0.40873697
0.000156905
0.00054318714
0.00051369815
0.00018965773
0.00019866494
0.9993759
0.00014480604
0.9974694
0.0003252578
0.37488753
0.00017272648
0.99901533
0.4839525
0.00028556667
0.00051003887
0.99998856
0.99956924
0.000670256
0.00036613116
0.00054127205
0.37371165
0.86327827
0.99983096
9.731666e-05
0.9979534
0.9794983
0.9990858
0.00015484338
0.99959034
0.00017605384
0.00017201087
0.38970727
0.99257153
4.418068e-05
0.36572558
0.99782085
0.00027581872
0.00019351131
0.0002644624
0.010291433
0.9996419
0.9998342
0.00016661083
0.35227862
0.99972445
0.0003041716
0.36160386
0.997549
0.00030054044
0.000287455
0.9999602
0.00023376645
0.0008256221
0.9997081
0.3485246
0.9999788
0.00015454747
0.0006073039
0.0012310182
0.012231852
6.9785936e-05
0.9996891
0.38636458
4.6055837e-05
0.40295184
0.9999628
0.75787586
0.9959667
0.5883001
0.0014210701
9.374205e-05
0.9985216
0.00022256505
0.3686286
0.0026185873
0.38580537
0.9987779
0.36770684
0.01893095
0.9999951
0.36189997
0.00017886519
0.02097741
0.9810137
0.99135286
0.00092411705
0.9970099
0.00015988022
0.3990055
0.11406636
0.9995709
0.00023789644
0.6918615
0.9994017
0.00030304937
0.00046292602
0.9999304
0.00010108578
0.99995804
0.00013496651
0.7617101
0.41579083
0.00019577361
0.9974355
0.0006897328
0.00022504569
0.52621555
0.99889636
0.0001072184
0.0002239506
0.99996066
0.57475656
0.9999436
0.99915123
0.66158915
0.99915004
0.6322205
0.000283655
0.99998677
0.00021568952
0.43519157
0.001996442
0.00021050799
0.99997663
0.00015002613
0.99578154
0.6302966
0.00018400516
0.00021536957
0.00084153103
3.328249e-05
0.9998293
0.031858195
0.9997725
7.7856996e-05
0.36513367
0.6166683
0.99872226
0.99982375
0.9889994
0.00030935183
0.9677485
0.00076004746
0.00061602733
2.6323552e-05
0.003960985
0.00012109835
0.9998416
0.40793797
0.37271604
0.00041483185
0.041483566
0.9997199
0.9997768
0.9991391
0.9997242
0.9931004
0.8171074
0.997844
0.99973494
0.000677343
0.92760146
0.68490136
0.00012235518
0.47572514
0.9999697
0.00064153806
0.9996835
0.00014880259
0.6443231
0.9999981
0.99996376
0.7024669
0.7051891
0.9989814
7.952529e-05
0.00024630892
0.002014717
0.0003054715
0.08966022
5.823251e-06
0.00023896262
0.99984777
0.99949586
0.9852169
0.3474771
0.396442
0.00015457031
0.36188003
0.41694573
0.36546135
0.00034087442
0.9964702
0.00016295302
0.99918467
0.00020954957
0.4373934
0.9999187
0.99957067
0.6766058
0.00018032263
0.9955096
8.8573965e-05
0.9660796
0.00033527246
0.00078569324
0.0005136531
0.38009802
0.99993706
0.0001211032
0.0016151537
0.6375986
0.999833
0.6895598
0.00063359505
0.9922253
0.91921884
0.99996305
0.0006096622
0.00031934908
0.9993237
0.09438768
0.00023601156
0.34960952
0.5294277
0.5757614
0.37332705
0.001066732
0.9987072
0.5783623
0.00015860627
0.6457926
0.37664884
0.0003203114
0.00069791067
0.99995756
0.99953055
0.0014643631
9.707689e-05
0.004467646
0.9927246
0.014067787
0.9958198
0.104450844
0.64202034
0.00041864198
0.0003663319
0.9995179
0.9998621
0.9999087
0.7222214
0.009525464
0.9998934
0.00021084887
0.005572559
0.0025463377
0.9998349