0.6037009
1.0
0.42142335
0.58364785
0.42143175
0.00041447356
0.0018420332
1.0
0.42192575
0.9865305
0.063361034
0.00030290466
0.00088910304
0.42275655
0.99998593
0.00013045881
0.0057145627
0.99446094
0.00024594073
0.5698331
0.9704564
0.0014669424
0.4214157
0.0003858416
0.00010383857
0.0014767281
0.5658598
0.9977714
0.4236538
0.9999993
0.00020086142
0.4215598
0.31189469
0.421539
0.42203596
0.42135438
0.5859185
0.9999583
1.0
1.0
0.004524886
0.57473737
0.00081712386
0.42144448
0.0005342061
6.811364e-05
0.58546156
0.95750344
0.00040033544
1.0
1.0
0.00074538443
0.99999964
0.9999999
0.5650384
0.001616971
0.6080518
0.00059301365
0.0005319549
0.0004285476
0.59833986
0.99999976
0.59465873
0.4214483
0.81488895
0.58114374
0.60147005
7.0085975e-05
0.9185556
0.6066959
0.99999905
0.00036082437
0.76806086
0.1420873
0.0027657435
0.00012151327
0.0002293691
0.6005355
0.42155486
0.42160013
0.00020118633
0.00025801477
0.42140138
0.99995327
0.9999999
0.0005188712
0.58818895
1.0
1.0
0.9996026
0.0002541295
0.000649079
0.99999845
0.9994011
0.020410193
0.0001861189
0.9999999
0.9960847
0.9999981
1.0
0.42143765
0.42143482
0.00035812994
0.00022003538
0.42142102
0.0035292679
5.6629007e-05
0.9972932
0.9999565
1.0
0.0006103436
0.42141962
1.0
0.00012369828
0.4214482
0.00019174698
0.0005462257
0.0015050131
0.9999511
0.62421423
1.0
0.99999964
0.0028927866
1.0
0.0007277927
0.9999999
0.0005644684
0.0011653184
0.0004208664
0.9977906
1.0
0.9923447
0.00086276804
0.9999597
0.00031831954
0.0003245918
0.42484277
1.0
0.42207086
4.794391e-05
1.0
0.00080400513
0.999632
0.0003938541
0.999995
0.0003548033
0.00022235444
0.42154026
0.0004680964
0.0010300197
0.99999976
0.950639
0.42142323
0.0005525866
0.0003136356
0.42139181
1.0
6.8903406e-05
0.0002643986
0.99491596
1.0
0.99999845
0.939211
0.9999999
0.99999917
0.0005469853
0.6142135
0.5709625
0.00010611037
0.00022394827
0.00061942916
0.42133835
0.0223366
0.55013007
0.0008217969
0.00026695416
0.00068884273
1.0
0.00019819575
0.00032011635
0.5354533
9.025457e-05
0.00022070901
1.0
0.9938474
0.99999166
0.42140633
0.4215676
0.00037981122
0.9956358
0.00025489338
1.0
0.999979
1.0
0.0009104845
0.00021483097
0.42142475
0.999998
0.00011423833
7.820829e-05
0.0038646888
1.0
1.0
1.0
1.0
1.0
0.0021902556
0.9999999
0.0004337431
0.00010603178
0.4213892
0.42149353
0.99999905
0.00019926214
0.42147437
0.4214872
0.000278023
0.071729
0.00034511482
0.0011428964
2.7753997e-06
0.9999982
0.00045595178
0.00093794795
0.00069381006
1.0
0.99988365
0.00031970246
0.4215195
0.0001395606
0.99999833
0.4221193
0.35884693
0.42142925
0.56930315
0.42219222
1.0
1.0
0.0002900787
0.00019483507
0.00033111725
0.00016011806
1.0
0.99998915
0.99927765
0.00044867
0.42139533
0.7392642
0.4214072
0.07305379
0.9999999
0.00019139571
0.9962656
0.039907597
0.0004926477
0.00071541406
0.9999647
0.9999745
0.9999999
1.0
1.0
0.00046692308
1.0
0.9999968
0.41915393
0.0009958878
0.00038369122
0.00013958909
0.71589124
0.9999982
0.4213555
0.9737471
0.0004384065
0.0006423729
0.9999914
0.56831497
0.22988957
0.001126905
0.9999988
0.99567163
0.9999999
1.0
0.005183889
0.0006638653
1.0
1.0
0.42145506
0.99999595
0.0001544177
0.421518
0.6940945
1.0
0.5793519
0.00066200335
0.99999595
0.0002554354
0.40801653
0.9999504
0.00025402024
0.99998975
0.42145398
0.00061005045
0.49578953
0.99999774
1.0
0.00020224357
0.57536864
0.0017619309
0.9999999
0.00019670205
0.0013001263
0.4503489
0.99999917
0.99997485
0.9999987
0.0003533835
0.0031935272
0.00028541122
0.99999905
0.00084925734
9.233075e-05
0.00014312525
0.0002267204
0.00014516838
0.99999404
0.56254786
0.0008005191
9.743915e-05
0.4214349
0.99989355
0.5833718
0.00012989153
0.999998
1.0
0.95920527
0.42145875
1.0
1.0
0.0005258208
0.00021075661
0.00017326686
0.00044128677
0.99999034
0.42155927
0.9999975
0.5775511
0.92469394
0.9999056
1.0
0.9998884
0.99998796
7.7849574e-05
0.9999999
0.4215463
0.9998857
0.000222435
0.0002487857
0.5644676
1.0
0.59013563
0.00029125673
0.9996567
0.00056345563
0.00021871616
0.0021427476
0.4214351
0.99187297
0.0005139969
8.700038e-05
0.4214931
0.42152825
0.00038386715
0.9999994
0.00024348694
0.00016863523
0.0003564563
0.99999917
0.6740318
0.00017523822
0.00482787
0.99999297
0.9999987
0.79880613
0.00059204374
0.6341457
0.9688231
0.999995
0.421527
0.00044526573
0.9999927
0.59791374
0.0002941607
0.0004761143
0.0018394102
0.4214234
0.99999917
0.999948
0.00044414576
0.00019477618
0.00055870035
0.00026388562
0.9999982
0.9999906
0.42153817
0.5614856
0.4229071
0.9999999
1.0
0.9999914
0.421406
0.78011
0.42142835
0.99862397
1.0
0.000113236856
0.00021654095
0.9959959
0.00017999487
0.9999999
0.0002819276
0.00069123314
0.42141277
0.00012876402
0.0011299718
0.9999988
0.9999999
1.0
0.42151946
0.0006598488
0.0022893571
0.0029435318
0.9999993
0.421392
0.0497722
0.0012123632
8.360925e-05
1.0
0.573674
0.5746976
0.4214471
9.174019e-05
0.000462761
0.00032798678
0.9998173
0.999995
0.0003044501
1.0
0.99990714
0.42152542
1.0
0.99998283
0.42144096
0.99707925
0.00014128277
0.23860024
0.0033915315
0.99994564
0.9905641
0.00035857316
0.00019865662
1.0
0.9999664
5.6746532e-05
0.95827115
0.00088676164
1.0
0.9999999
0.1886841
0.00036291324
0.00013056472
0.42150226
0.0006177697
1.0
0.6005506
0.0004530747
0.9996088
0.99618125
0.00053478894
0.9999865
0.00088727847
0.0002619502
0.4214253
0.4214245
0.99997497
0.00031070883
0.0006065707
0.00013021198
0.99999726
1.0
0.42152742
0.5723006
0.9790364
1.0
0.9749189
0.42152932
0.43535137
1.0
1.943682e-05
0.0005238226
0.578523
0.42144033
1.0
0.00022650586
0.0005827115
0.9940969
1.0
0.00022990422
0.4214151
0.00018264765
0.8867175
0.00070884405
0.89538217
0.0002910505
0.99999166
0.42165786
0.42133322
0.6132336
0.04319492
0.00011491463
0.0005268797
0.6065283
0.39943218
5.199117e-05
0.999876
1.0
0.9842861
0.42144746
0.00018944735
0.9918155
0.00033353592
1.0
0.42139724
0.015358793
0.42150307
0.0010311085
8.5013555e-05
3.795847e-05
0.4214316
0.0001677447
0.5957326
0.42142466
0.9999995
0.4215209
0.99976724
0.42139402
0.00034719548
0.00011088818
0.00029788914
0.0006196485
0.9999989
0.00069407886
7.509187e-05
0.42147362
0.9999999
1.0
0.42238227
0.00042675203
0.166266
8.600713e-05
0.99999714
0.00014327654
1.0
0.4083908
0.42160156
1.0
0.0015177643
0.9998876
1.0
0.0006006721
0.99988174
0.9986513
7.1180024e-05
0.5627928
0.00020065259
1.0
0.9999906
1.0
0.9999759
0.9999107
0.00018273962
0.00043873113
0.0013691025
0.00011295528
0.00047839715
0.99999785
0.9904163
0.00082320685
0.08940096
0.001231627
1.0
0.014421288
0.0007631243
0.04161086
0.87475586
0.58574665
0.00031691938
9.049492e-05
0.00036922478
0.99999785
0.0001596176
1.0
1.0
0.9948478
0.00021672189
0.99916756
0.0004958832
0.42143628
0.4214033
0.0013998995
0.59836453
0.00054411084
0.9995968
0.00020922734
0.9998103
0.32991067
0.0005643231
0.0011504978
0.00018127423
0.99999225
1.0
0.99999917
0.42153463
0.0006726903
0.6895606
0.55947524
1.0
0.00024892594
0.7485967
0.9997398
0.42140332
0.00034588113
0.42141575
0.99999964
1.0
3.6075699e-06
1.0
0.9992816
0.006483645
0.002389517
0.00016950931
0.99999595
0.0058469
0.956078
0.9995042
0.00034726915
0.00013435543
0.00082123163
0.0026091582
0.57647955
0.9980843
0.9999318
0.9999285
0.42162567
0.6050847
1.9833102e-05
0.999897
1.0
0.99999046
0.00035943376
0.00055920304
0.4213731
7.8962476e-05
0.9999974
0.73189086
0.000328677
0.99994385
9.2196846e-05
6.199206e-05
0.9999813
0.42157695
0.5763724
1.0
0.0010011533
0.999972
0.9998684
1.0
0.3227282
0.0001602867
0.9999999
0.99989474
0.24924184
0.0002018752
0.77111924
0.9999999
0.9963413
0.99999976
0.9974337
1.0
0.9999778
0.0020628339
0.0029411886
0.98519254
0.00014584519
0.021537136
0.00032981485
8.670032e-05
0.0018090535
0.00021427803
0.99999416
0.9875075
0.42152444
0.58170253
0.9999993
0.023448763
7.59561e-05
1.0
0.0008216003
0.9999945
1.0
0.5954333
0.5762305
0.99989974
0.00053793844
0.03873944
1.0
0.42140397
0.00013129982
0.9999924
0.000119831115
0.5649876
0.00028145037
0.00024042638
0.99292254
5.2171803e-05
0.00046148992
0.00024952617
0.0017919632
0.42191392
0.00031442445
0.0006274042
0.99982184
0.9999994
0.42121577
5.5517245e-05
0.99978083
0.00023564797
0.00016193243
0.99947745
0.5838936
0.00015558544
0.578278
0.42140776
1.0
0.0002311963
1.0
0.03697453
0.00027606287
0.4214217
0.028073242
0.42149436
0.00012253512
0.00053103134
0.00024146476
0.999997
0.56871754
0.00056881626
0.99876285
0.0010543303
0.0002631736
0.42143267
0.00015993603
0.9997501
0.5997341
0.9999697
0.00094078964
0.018093986
0.0013302554
0.9705645
0.0007420456
0.99999833
0.00026216032
0.023973223
0.59510684
0.0005265624
0.00010616836
0.99982053
1.0
0.42154953
0.999998
9.58661e-05
0.0007237931
0.99998736
0.15602893
0.99183345
0.00019759456
0.99999833
1.0
0.57269233
1.0
0.00045922954
1.0
0.99993837
0.9972549
0.00019497017
0.00035501312
0.0007252016
0.42153674
0.0009771353
1.0
0.00040490009
1.0
0.42142695
0.96496016
0.99999976
0.00051338365
0.00034434284
0.0005156676
0.48391363
0.9999893
0.9999974
1.0
0.6037419
0.56022245
0.7427675
0.00022322132
0.42158908
0.99998105
0.92715865
0.0022502483
0.9999989
0.9999999
1.0
1.0
0.00053786667
0.07959969
0.99995613
1.0
5.7366033e-05
0.50550973
0.42148834
1.0
0.0001146127
0.0009781189
0.9999999
0.9999937
0.095249705
0.9994708
0.9999161
0.00014033164
0.0007648957
0.43186766
1.0
1.0
0.42155182
1.0
0.5842003
0.9999993
0.99999785
0.99995804
0.00014893885
8.2643615e-05
0.9997652
0.00025542642
0.00079622824
0.0004526842
0.9993369
8.040304e-05
0.00015095828
0.00016737338
0.4214155
1.0
0.42148244
0.9999392
0.00015751885
0.58778876
0.001587671
0.42153394
0.0033478017
2.3580937e-05
0.00015580042
0.00070970453
0.57370585
0.42238048
0.9999957
0.00018760466
0.99999917
0.42139885
0.002571658
0.0038467
0.5537697
0.6026619
0.42146897
0.90716445
0.00030881024
0.4214096
9.215254e-05
0.6019561
0.4214123
0.07530626
0.42211536
0.42155457
0.99999905
0.0001908392
1.0
0.9999939
0.99974555
0.99952734
0.0004847957
0.9999999
0.9999999
0.70169306
0.00031940054
0.9999999
0.051754475
1.0
0.09497015
0.00059201807
0.58268815
0.99994063
0.421408
0.99999845
0.0008242861
0.00011254919
0.007847553
0.1661262
0.99999964
0.58904225
0.42143673
0.64010257
0.99999976
0.00020368298
1.0
0.99995375
0.9999906
0.9987577
0.9952922
0.4214174
0.0020795679
0.9999902
0.42239758
0.9999994
0.42143658
1.0
0.5681873
0.9983979
0.99999845
0.15046209
0.5906384
1.0
0.0001755498
0.9999993
0.0009789104
0.0005278888
0.00017522452
0.00019165961
0.42144835
0.00014308158
0.62418646
0.5686089
0.99999654
0.00089050794
0.9999615
0.44217002
0.002750549
0.0011449744
0.9955864
0.99999356
0.42139748
0.9997737
0.9999888
0.9999999
0.00019077843
0.99999917
0.00010325965
0.99991846
0.00016585524
0.000119825854
0.42145243
0.9999907
0.00014980268
0.9999999
0.4214205
0.9993667
0.42159826
0.00016888029
0.99819404
0.9999939
0.00017021403
0.9999999
1.0
0.00038672957
0.9584183
0.00083362893
0.00028166725
0.42143533
0.42155927
0.9986463
0.47935155
0.58198494
0.5669238
0.9988807
0.42240727
0.580639
0.00039129076
0.9758572
0.4215306
0.42138147
0.00038923617
0.00043740842
1.0
0.42143372
0.58381337
0.00017704892
0.99999833
0.6635191
0.0001836497
0.99999905
0.00044695294
0.42178306
0.9999714
0.0022685372
0.000325025
0.99999976
1.0
0.4214912
0.17904188
0.6044001
0.00012784557
0.42148823
1.0
0.42138883
0.42140484
0.0015161023
0.00049157377
0.42141163
0.4215877
0.42144144
0.9993748
0.99997306
0.9991836
0.00028895115
0.42149013
0.9799417
0.002782999
0.002646722
0.58795446
0.00029826257
0.9999999
0.99999964
0.99999905
0.9999999
0.00018182366
0.00026307924
0.9942889
0.99999464
0.9999912
0.9869372
0.59399575
0.42140594
1.0
0.00025202616
0.999998
1.0
0.00018921863
0.00021984141
0.0005397777
0.000118667405
0.9999993
0.9999995
0.9999987
7.071867e-05
1.0
0.00019454492
0.5970456
0.000314626
0.9999969
0.9999987
0.99854195
1.0
0.99985135
0.0010116044
0.4214211
0.00041748845
0.999967
0.93354803
0.5497184
0.00056238205
1.0
1.0
0.60373086
0.0019963954
1.0
0.00021726168
0.9999975
0.9997937
0.99999976
0.00016324055
0.42139235
0.99999964
0.0018880274
0.00038752047
0.00022334587
0.9999999
0.0009344287
0.85178953
0.9999074
0.9998665
0.00039466028
0.00012280086
0.99918824
1.0
0.0006017966
1.0
0.5676601
0.000158599
0.0005546195
0.00758006
7.613159e-05
0.999992
0.42139223
0.000803876
0.9996785
0.9999658
0.0007317261
0.0005496803
0.9999999
0.0012105694
0.99904376
0.00033587453
0.00026772392
0.0018086471
0.00031858886
0.95508206
0.0007729734
0.00040854892
0.99999917
0.0016853117
0.0010049916
0.5660403
0.026488476
0.00013790926
4.0963e-05
0.42139485
0.42149988
0.999998
0.9999999
1.0
0.00022995968
0.99989235
9.425396e-05
0.9999969
0.00072495284
0.99999976
0.9999981
0.9999999
0.9999188
0.0003124573
0.00061092357
0.42143944
0.9996301
0.42153388
0.56976974
0.16436023
0.57235414
0.42141646
0.5782669
0.5756259
0.42143533
0.8961834
0.92510074
0.9999999
0.59016335
0.9999964
6.5371874e-05
0.00013397458
0.99465597
0.00023705054
0.00030798788
0.00037830055
0.0017697731
0.99979645
0.9999999
0.99999976
0.9999995
0.00028729776
1.0
0.0043523223
0.00057336764
0.0052960436
0.7469562
9.349913e-05
0.00045720174
0.42142174
0.9993142
0.00018113272
0.4217562
0.00019623204
0.00022775603
8.4312625e-05
0.0008588588
0.0001680362
0.99993086
0.00026804855
0.99999976
0.021089504
0.42151123
0.00038780447
0.99999475
0.22707039
0.0010387809
0.0016279288
1.0
0.9998808
0.0001670357
0.00041832347
0.00020377875
0.42143145
0.9926184
1.0
0.00043364492
0.99999833
0.98982215
0.99999976
0.00019136397
1.0
0.00103932
0.0006246352
0.18045908
0.99999857
0.0005460422
0.42139083
0.91133666
0.00052173424
6.980277e-05
0.00012839252
0.0004947348
0.9999999
0.99996257
0.00022104767
0.42247203
0.99999976
8.4537634e-05
0.26116532
0.99999404
0.00023781252
2.191793e-06
1.0
0.00017964406
0.00022031859
0.99998033
0.4214329
1.0
0.00068012346
0.00017292124
0.00062641775
0.07884742
0.0048467824
1.0
0.42134914
0.00074923644
0.421419
0.9999999
0.7357271
0.9099806
0.57770365
0.00020247356
0.00064903754
0.9999994
0.0003184537
0.42147827
0.00080455083
0.42145622
0.99884593
0.42224857
0.13435985
1.0
0.42140368
0.001200723
0.12967874
0.9994271
0.9999647
0.00021877521
0.9978612
0.00041764785
0.42142093
0.20214565
0.9999994
0.00052349817
0.5745749
0.9999424
0.0004174964
0.00018452082
0.9999999
0.00021019229
1.0
0.0002756116
0.9943441
0.42153394
0.0009859758
0.9999976
0.0001309666
0.00026541724
0.56722397
0.9999994
0.00056973
0.020200003
1.0
0.5819094
1.0
0.9999993
0.58069295
0.99999785
0.5709089
0.00015737292
0.9999869
0.00054519036
0.42142293
0.00034488246
0.0015085557
1.0
0.000679238
0.9999944
0.59711355
0.0006827426
0.00037089275
0.0002322214
0.0006545834
0.9999356
0.0005227719
0.99996185
0.00063225225
0.4220635
0.58948267
0.9653116
0.99996185
0.81377
0.0032895473
0.9996271
4.7992493e-05
0.001193812
0.0025486676
0.00045109555
0.00041814146
0.99999654
0.421405
0.4216024
6.947989e-05
0.12749632
0.9996797
1.0
0.99982065
0.9999794
0.99999857
0.967709
0.9994592
0.9999999
0.0004223198
0.9506707
0.6019257
0.0004549302
0.6644635
1.0
0.0003284471
0.9999883
0.00025174016
0.5918607
1.0
1.0
0.6011593
0.59077626
0.99999833
0.00010713236
0.00012883477
0.00047500618
0.00010746766
0.42153165
0.00936768
0.0004063228
1.0
0.9999989
0.99703825
0.4220764
0.4214904
0.00022620306
0.42148167
0.4214658
0.5508109
0.00023015557
0.9999819
0.028133495
0.9999957
0.00011731311
0.24146041
0.99999833
1.0
0.6009739
0.0003532028
0.99870956
0.002570093
0.9999889
0.0004401562
0.00062907446
0.00034323896
0.4214465
1.0
0.0006508466
0.000120295466
0.5847951
1.0
0.6022445
9.009721e-05
0.9999919
0.99606895
1.0
0.00038095278
9.696744e-05
1.0
0.0015827866
0.00071850687
0.42133754
0.55572677
0.578783
0.42138097
0.0011086615
0.9998621
0.58770347
0.0002101941
0.5951122
0.4214523
0.0013198043
0.00030901228
0.99999976
0.99999785
0.00012813337
0.00034704225
0.00051049434
0.96913
0.0016127136
0.9988292
0.42149505
0.597011
5.1292074e-05
0.00015137355
0.9999987
1.0
0.9999999
0.6128942
0.12989067
0.9999206
0.00015004486
9.244669e-05
6.780671e-05
0.99996257