0.5369634
0.9999882
0.43169695
0.5364539
0.4331151
0.0022537112
0.0026675593
0.99998486
0.4339351
0.8907328
0.07844888
0.0035021002
0.004351074
0.43219274
0.99972326
0.00082972675
0.0060471096
0.89247185
0.030557051
0.5301123
0.94941753
0.004836398
0.43389952
0.0069668596
0.0025864684
0.008382502
0.5137982
0.9758596
0.4339351
0.99991846
0.0048525888
0.4210834
0.63854337
0.477246
0.39593062
0.43028104
0.53254306
0.9974843
0.99998283
0.99997544
0.003957412
0.5090867
0.0022129347
0.43106893
0.0035656807
0.0014797512
0.5352645
0.9924166
0.0033628196
0.99999595
0.99861
0.010033723
0.99915874
0.9998204
0.5254324
0.0069075627
0.5348247
0.004695659
0.003026029
0.0063031223
0.5364579
0.99966323
0.53578335
0.43315187
0.86169654
0.9587695
0.54066026
0.0023307032
0.82715195
0.5402888
0.9996475
0.0054698195
0.8750671
0.4811053
0.0063833045
0.005361498
0.0045014475
0.5392798
0.4339351
0.43246886
0.005305774
0.0022131011
0.4323982
0.9990139
0.99978346
0.0028971555
0.5329421
0.9994517
0.9992994
0.9890485
0.0030833082
0.0024777316
0.9998248
0.99866104
0.011180783
0.020705193
0.9994723
0.99351114
0.999946
0.9999403
0.4326519
0.43312675
0.0048848563
0.0036544497
0.43219343
0.005374278
0.0046867956
0.9948978
0.9993765
0.99738795
0.007418107
0.43217543
0.9999175
0.0025958922
0.43412817
0.004341475
0.002776665
0.008227141
0.99973184
0.82602143
0.9202381
0.99990904
0.0051775165
0.99999607
0.002323325
0.9995807
0.0037831513
0.0033033658
0.003644359
0.99089056
0.9998975
0.97330284
0.0025118566
0.9978125
0.0038840834
0.002294342
0.5822758
0.9999914
0.4339351
0.0044982797
0.9999944
0.0050604353
0.9972102
0.0031984535
0.78512704
0.0035569172
0.0019765678
0.37135208
0.033783272
0.016693054
0.99985015
0.96125686
0.4311274
0.0030066476
0.02409976
0.4308958
0.9999913
0.0043115322
0.004792537
0.8038123
0.99997485
0.9996282
0.5388884
0.9999076
0.9999455
0.0021173852
0.54368824
0.53198236
0.0025357686
0.0027236314
0.0027936923
0.43025908
0.015847132
0.5322584
0.019313658
0.006090948
0.020020073
0.9999778
0.011587407
0.0020529386
0.86393017
0.005539269
0.005316286
0.9999869
0.98183167
0.99810565
0.432084
0.4339351
0.0027406395
0.9992663
0.0027221579
0.9999989
0.99990046
0.9999784
0.0072992914
0.0028187018
0.4339351
0.99794084
0.0038698392
0.0053941244
0.008161242
0.9991591
0.9998271
0.99828076
0.998505
0.9999989
0.00667504
0.9999778
0.010181496
0.005495033
0.43224758
0.43262288
0.9998412
0.10192791
0.4339351
0.43251163
0.0017537168
0.35772723
0.0012918733
0.00253396
0.023076646
0.9999913
0.008715079
0.0021977946
0.005218009
0.9998233
0.9947431
0.035216548
0.431236
0.003924065
0.9990293
0.4339351
0.55454856
0.43281624
0.52780426
0.42968103
0.9998739
0.9999831
0.0005153406
0.0030602016
0.002475649
0.00372886
0.9997868
0.99758387
0.9344734
0.0016661143
0.43305805
0.021133803
0.43127173
0.24032573
0.99999297
0.001505456
0.9311974
0.0027284005
0.0034078343
0.0019600964
0.99541783
0.98010856
0.9258375
0.9997514
0.9999925
0.0016207681
0.9999784
0.9990138
0.7832213
0.011997664
0.0030726036
0.0013185361
0.34479338
0.9995617
0.4339351
0.5463245
0.0025594803
0.010705554
0.95998144
0.36713883
0.36443263
0.001753675
0.99761105
0.9962108
0.9999969
0.99997175
0.007994659
0.006238394
0.999956
0.9999783
0.4320105
0.9999645
0.0026102741
0.43080372
0.94129455
0.9999517
0.53125364
0.0021004174
0.9960664
0.010389486
0.54749864
0.99821895
0.0024191882
0.9996251
0.43156585
0.0019009408
0.9617412
0.9986559
0.9999604
0.008354277
0.5341763
0.010114592
0.9996427
0.00300471
0.003146956
0.91779894
0.99968433
0.9937156
0.99653864
0.0019012766
0.0018957414
0.0041067493
0.9937716
0.0049033323
0.0018913407
0.0029397404
0.0023916867
0.0021710414
0.9998636
0.52673876
0.010206322
0.0003367237
0.4337311
0.9972945
0.5775154
0.0021950598
0.9999347
0.99998724
0.5648119
0.43265006
0.9999583
0.99999
0.014374551
0.0027119995
0.0032370233
0.0016083576
0.9996136
0.36250424
0.99986386
0.93758756
0.7910478
0.99919873
0.9999783
0.99868995
0.9946596
0.0051552095
0.9999167
0.35259253
0.9980413
0.0050046653
0.0028286062
0.5320487
0.9999597
0.5429914
0.0033054277
0.9995338
0.009470801
0.0021026614
0.0029122946
0.43082097
0.91951203
0.008860343
0.006231717
0.4339351
0.4333346
0.0018359876
0.9999732
0.0016347389
0.0038309603
0.0019343033
0.9997304
0.9118281
0.0023218864
0.0030564244
0.99977905
0.9883696
0.9894475
0.0013333643
0.007393108
0.9791349
0.9990532
0.40655953
0.0036234565
0.9995553
0.54035366
0.001467613
0.0043757213
0.12764998
0.4339351
0.9997297
0.9846021
0.0020088502
0.011111592
0.009289268
0.0065951394
0.99709475
0.9995122
0.3689217
0.5319577
0.4326973
0.999982
0.9998086
0.9998714
0.43266538
0.99495834
0.43314838
0.9962373
0.999826
0.00595187
0.0022269345
0.97960496
0.005265438
0.9999707
0.0020385191
0.003206369
0.4312455
0.0020271402
0.0017960279
0.99262106
0.99999917
0.9998964
0.3321085
0.013732946
0.04736497
0.0044620573
0.99516255
0.42899048
0.56250525
0.005420238
0.0030247562
0.9999722
0.53147566
0.86916125
0.43202838
0.005287284
0.0035279936
0.0059575094
0.99698824
0.99998856
0.04060372
0.9995147
0.9997254
0.4330906
0.9999285
0.98054814
0.43506154
0.87375
0.002288426
0.54015934
0.0037977665
0.9991279
0.694105
0.0026112923
0.0031827877
0.9966629
0.9999651
0.009016763
0.9861267
0.0016316934
0.9999944
0.9993217
0.71276766
0.0056752847
0.008193135
0.43357128
0.0032564232
0.9996197
0.5412844
0.0036069653
0.9849148
0.9988673
0.005480834
0.9998561
0.041278996
0.002661263
0.431873
0.42964944
0.9999496
0.0020120065
0.00086253625
0.0033045746
0.99976987
0.99996316
0.43213704
0.4701185
0.96594405
0.9999925
0.9995023
0.43172494
0.43961883
0.9999188
0.00077727827
0.0020749914
0.5299511
0.43260363
0.9999206
0.001678426
0.006567938
0.955079
0.9999013
0.0038141173
0.30494565
0.003992995
0.6009353
0.0028816466
0.96977466
0.004434904
0.99994516
0.43364915
0.43027398
0.54193616
0.11986046
0.0057158875
0.0022517038
0.5454178
0.8485078
0.09135897
0.9995634
0.9999987
0.9792966
0.4339351
0.0065301047
0.9637006
0.003411673
0.9986895
0.42337763
0.042057995
0.36282113
0.005071551
0.0057008155
0.0015946857
0.4339351
0.0039584218
0.5376823
0.4339351
0.9996296
0.43273377
0.9989048
0.43238065
0.0065941587
0.007438319
0.0053945826
0.0018198765
0.9993766
0.008477621
0.0067853318
0.43182093
0.99996984
0.9998921
0.4339351
0.0016125
0.013188056
0.0042492854
0.9997167
0.0077357683
0.9999684
0.37958905
0.43268466
0.99987686
0.0027600755
0.9909655
0.99977463
0.0035012867
0.9962243
0.9840682
0.0030140996
0.5282696
0.0023117142
0.99995387
0.9977659
0.99995697
0.9826559
0.9975013
0.027096353
0.005916159
0.0032284833
0.0056826402
0.02692791
0.99984074
0.9638151
0.001441605
0.8275318
0.0022456655
0.9999808
0.009940407
0.0041466593
0.012515857
0.4703592
0.5338498
0.0014466894
0.009607405
0.00263021
0.9940667
0.005393163
0.99999464
0.9999199
0.9920278
0.0011442123
0.9024188
0.006297963
0.43369076
0.43112013
0.0030400557
0.53884625
0.005134866
0.3273658
0.0019068342
0.9997309
0.55539936
0.003944069
0.0051353457
0.002692714
0.9996314
0.99979633
0.99923277
0.29179978
0.01213
0.9899288
0.5276026
0.99993706
0.00282862
0.92186576
0.9566401
0.4339351
0.004049171
0.4326085
0.9986853
0.9999119
0.013609315
0.99999607
0.998307
0.006069917
0.004795659
0.0029386713
0.9993529
0.007418001
0.8517484
0.9999125
0.0012738676
0.0045986413
0.016891705
0.027664788
0.53766036
0.9954934
0.9984732
0.95536095
0.43419558
0.55254805
0.0013048949
0.99991584
0.99522996
0.99996746
0.0016290995
0.0051291157
0.43255824
0.0027080406
0.99896073
0.90443057
0.0029118569
0.98600084
0.0033557569
0.0046882373
0.99971646
0.30202872
0.53386253
0.9999393
0.0034171669
0.99729127
0.6485659
0.99989915
0.2472447
0.0051875
0.9997954
0.9973195
0.5368081
0.008687444
0.8533026
0.9995509
0.9951873
0.99978167
0.9527386
0.9997873
0.9942866
0.0037686422
0.007982325
0.974051
0.0018270679
0.018063994
0.015343728
0.0020764372
0.0023710276
0.0031115396
0.9995851
0.86062425
0.42844585
0.53564626
0.99996746
0.0044351504
0.0023569132
0.9999013
0.0026690797
0.99964094
0.99999917
0.5355271
0.52118766
0.99889094
0.0037427472
0.009084007
0.9999933
0.43257773
0.0030767794
0.9997973
0.00456182
0.43519622
0.0028363143
0.002435707
0.9713344
0.009256755
0.004507674
0.0026898498
0.0020056702
0.4339351
0.0045651584
0.006364665
0.98109686
0.9994199
0.4311614
0.004037393
0.9965274
0.0019272079
0.0051789684
0.99996805
0.53670317
0.018497454
0.5309465
0.4319277
0.9998976
0.002258307
1.0
0.16833699
0.0033767486
0.43114194
0.0045633945
0.4339351
0.0019564312
0.0016849571
0.00471714
0.94194597
0.5305336
0.002804552
0.99717075
0.011920172
0.0015736672
0.43177307
0.0073793866
0.99669904
0.5369624
0.9848719
0.0050982726
0.0011641779
0.0035728987
0.9322247
0.0038524768
0.99892825
0.0040549445
0.0045962343
0.5512347
0.006578933
0.004544265
0.9994717
0.9998969
0.26527846
0.9997695
0.00346517
0.002765337
0.99989307
0.89670694
0.8831271
0.0043634013
0.9998758
0.9995524
0.534151
0.9999722
0.02535372
0.9998394
0.99047536
0.9997155
0.0066688363
0.0681151
0.0046272227
0.35773787
0.004179667
0.99993336
0.0028723069
0.9999925
0.43291786
0.99186134
0.999864
0.0051255277
0.0026303476
0.0026332275
0.5322206
0.999569
0.9855172
0.99997604
0.5431028
0.43554223
0.9283038
0.0039123124
0.4280176
0.9691029
0.923394
0.006032547
0.9997578
0.9959325
0.9996699
0.99969506
0.004738226
0.0046271966
0.9955238
0.9999832
0.0037129228
0.68946165
0.43319625
0.9995535
0.003210166
0.009419813
0.99995375
0.9756031
0.23102687
0.99054444
0.9969627
0.0038983205
0.00567349
0.011349267
0.9999881
0.99997115
0.24915345
0.9999782
0.5273131
0.9997534
0.999972
0.99845076
0.0014963113
0.009297974
0.99812
0.0034106763
0.00473609
0.0026725242
0.8157576
0.0082702795
0.0076806014
0.0029863124
0.4342641
0.99991405
0.43269092
0.99014914
0.00624233
0.5371065
0.005586621
0.35331327
0.0008688656
0.010499326
0.0010485052
0.0036927462
0.69989574
0.4339351
0.9959812
0.003405751
0.9994373
0.4318366
0.0032440883
0.013005339
0.46471465
0.5340143
0.4339351
0.86875665
0.0019435283
0.43245128
0.0036607594
0.5460973
0.43219087
0.4977666
0.4339351
0.43409535
0.999985
0.002262145
0.9997869
0.9980562
0.9966149
0.88120157
0.015865652
0.9932935
0.99996567
0.7159554
0.006644036
0.9934441
0.61080223
0.99823403
0.496825
0.0031644127
0.5333912
0.9999188
0.4339351
0.99986553
0.0012744464
0.001260134
0.0157703
0.44244263
0.99999
0.5310507
0.4337935
0.5476231
0.998792
0.009449264
0.99998546
0.9999676
0.99554896
0.99777716
0.98838335
0.43330777
0.003820491
0.9999229
0.4339351
0.9991917
0.4328707
0.9998747
0.5332289
0.97790945
0.99999106
0.03410974
0.53452724
0.99902844
0.0049177366
0.9999223
0.0016808193
0.0029968894
0.0095887305
0.00306826
0.4339351
0.0031142563
0.54238325
0.53132117
0.9999213
0.0038448514
0.9927971
0.68435943
0.0011384353
0.0049688015
0.99939585
0.968311
0.4327684
0.9841287
0.9999033
0.9997588
0.003142494
0.9997737
0.005376825
0.9996344
0.0036729889
0.0012444681
0.43130696
0.99531806
0.0043893307
0.9999882
0.4316528
0.9982545
0.43318328
0.00167611
0.97736895
0.99942565
0.004705254
0.9999517
0.99563366
0.004493576
0.9799811
0.0026624228
0.0040357844
0.4339351
0.36705437
0.90431356
0.30822268
0.54230696
0.5036914
0.91090095
0.4339351
0.5385902
0.003073413
0.97987133
0.43292367
0.4339351
0.0027138148
0.0022161924
0.9992449
0.4339351
0.53214014
0.002513427
0.998448
0.57255656
0.0015406323
0.9996594
0.003258103
0.4339351
0.99364084
0.022555135
0.00727923
0.9987582
0.9999368
0.43377975
0.46834093
0.55173755
0.002896274
0.4335512
0.99998057
0.43282932
0.4333181
0.0072640977
0.0056137377
0.43176195
0.43369508
0.4319298
0.99928904
0.99968386
0.99063873
0.0018742016
0.4335689
0.99129796
0.0042027705
0.003463142
0.9512439
0.0041288063
0.9996427
0.99997807
0.99998295
0.9999697
0.0035039848
0.0021637813
0.9921192
0.9999292
0.9990351
0.9965444
0.53523314
0.43229428
0.97886425
0.0034819348
0.9998185
0.9999865
0.0043845195
0.002485891
0.0039224136
0.0044673937
0.9795369
0.99633646
0.9869515
0.066456996
0.9999976
0.002150195
0.5404796
0.005149815
0.9996499
0.99960154
0.99632156
0.99994254
0.9977754
0.007476744
0.4321977
0.0034746227
0.99921775
0.98361605
0.4396717
0.003979986
0.99998236
0.9999703
0.5475687
0.001954583
0.9997042
0.0037983332
0.97664523
0.9874101
0.9994079
0.0020829728
0.43368372
0.9996612
0.0023632825
0.0030901402
0.007105697
0.99983823
0.007603714
0.72892165
0.99784636
0.9941245
0.0126786465
0.0075402795
0.4390224
0.9998915
0.009111424
0.99997413
0.4483831
0.003666789
0.0035252422
0.091267236
0.0030369717
0.99979657
0.4321227
0.00483927
0.9949881
0.99887806
0.005939332
0.012977097
0.9917041
0.003968879
0.9792867
0.0016097794
0.002238461
0.0019160805
0.0022003246
0.9862816
0.0021305417
0.001956733
0.9997565
0.008801033
0.0055151423
0.4536682
0.1996046
0.004555584
0.0028905182
0.42798626
0.4339351
0.9992756
0.9946925
0.9994974
0.002157967
0.97462213
0.0034895109
0.9992199
0.004475806
0.9999094
0.9999049
0.9998317
0.97534436
0.003193688
0.0049293824
0.4331976
0.8530989
0.4339351
0.85476357
0.21747681
0.5716888
0.4339351
0.7407925
0.54582554
0.4334818
0.92552316
0.89069915
0.99999523
0.53160506
0.9997056
0.0015393575
0.0017342237
0.9817399
0.018721867
0.001426948
0.008765186
0.0035764806
0.97964257
0.968985
0.9999932
0.9989428
0.0012999895
0.9999994
0.007118092
0.0059182155
0.021746153
0.9441758
0.0036630647
0.0030313549
0.43276653
0.9986842
0.008145874
0.43344152
0.003260495
0.004324842
0.0026537925
0.0055491775
0.0023718206
0.9995963
0.0014262083
0.9999759
0.0033038226
0.4339351
0.0055458313
0.9995371
0.7409682
0.005196371
0.005123325
0.99996424
0.9907142
0.0046644383
0.0058843954
0.0033935145
0.4339351
0.9292134
0.99990654
0.0046133543
0.9996474
0.9883612
0.99973613
0.0015957146
0.9999887
0.0054634702
0.002246918
0.5382007
0.9981908
0.0027011994
0.43372196
0.9837933
0.004870606
0.0027213076
0.003381234
0.00533938
0.99937445
0.9997664
0.0032117807
0.43610042
0.9999144
0.0028318104
0.5407388
0.99955064
0.00295064
0.00091664854
0.99997866
0.0046390225
0.0085858265
0.99888295
0.43389246
0.9999529
0.0032363003
0.004997751
0.0021566493
0.020443317
0.009583583
0.9994667
0.42907104
0.0020109247
0.4339351
0.9999864
0.56541127
0.9696
0.46674728
0.012245808
0.0025310572
0.9954959
0.0041108723
0.4324364
0.0116732055
0.4339351
0.9997764
0.4339351
0.042865947
0.99995506
0.43334216
0.00541757
0.26963174
0.98906285
0.9989255
0.0030307889
0.9912253
0.0029330421
0.4323824
0.28898278
0.99953353
0.008933761
0.53778005
0.9959557
0.0032069327
0.010028898
0.99989367
0.0010004968
0.999998
0.0036904782
0.79414356
0.4330019
0.0024666428
0.99693847
0.0017720019
0.004262066
0.53094953
0.9999845
0.0018377634
0.009870666
0.99998665
0.5364078
0.98564976
0.9998863
0.5316294
0.9984863
0.53442407
0.0034670033
0.99965584
0.0044969027
0.4339351
0.0040978813
0.007053829
0.9999801
0.0028328663
0.99141884
0.5368279
0.004695568
0.003924991
0.0032864471
0.0012674913
0.99722856
0.05356851
0.99995506
0.0014464615
0.4339351
0.5325622
0.99965966
0.9987612
0.9769767
0.0033564651
0.99569124
0.0031609642
0.009792158
0.0034468279
0.0028291228
0.0017905887
0.9159286
0.43231103
0.4339351
0.012730263
0.11410547
0.99786806
0.9996526
0.99901724
0.9993344
0.99929607
0.9097992
0.99163944
0.99923885
0.009360634
0.658231
0.5375194
0.0032623906
0.8385242
0.99992156
0.0040540607
0.99956816
0.0072107543
0.5357971
0.9999981
0.9999839
0.54223293
0.54302496
0.99958426
0.008705486
0.0021392829
0.0019953165
0.005181893
0.37072197
0.014922469
0.0027595938
0.9999682
0.9975267
0.99729353
0.4339351
0.4322182
0.016744955
0.4339351
0.43248144
0.43036062
0.0024481753
0.9990565
0.004603981
0.9997936
0.004534687
0.6418259
0.9999473
0.9998627
0.54536504
0.002878441
0.97921515
0.004232156
0.9461582
0.0024998258
0.007909147
0.005091319
0.4339351
0.99998176
0.0028173057
0.003910076
0.52834284
0.99997604
0.543784
0.004055501
0.99872226
0.85005724
0.9999958
0.0039015585
0.009495924
0.99871767
0.0030709214
0.004465197
0.4339351
0.5293503
0.53575027
0.4324603
0.008708173
0.9997435
0.5337429
0.0029504392
0.53302467
0.4339351
0.002462542
0.006233099
0.9998784
0.9870876
0.0020229965
0.003257617
0.015286373
0.9879609
0.005218593
0.9780357
0.3700671
0.5447266
0.006574447
0.001874256
0.999884
0.9999527
0.9996964
0.54639834
0.3581414
0.9999324
0.0046345
0.001001481
0.004544815
0.9128488