0.5627302
0.99998987
0.41626057
0.56235856
0.41640347
0.0011999736
0.0042208117
0.9999863
0.4171208
0.6444358
0.0006512139
0.0012219748
0.000245446
0.4182681
0.99991775
0.0001182136
4.5160683e-05
0.573858
0.0022999058
0.5380519
0.9870424
0.0001237633
0.41770694
0.0013794715
0.00013406505
0.0036923566
0.54029346
0.9886912
0.41676205
0.9997758
0.00048216054
0.41472042
0.12407701
0.41496384
0.41598314
0.41603917
0.5487881
0.9995303
0.9999484
0.9999186
0.00021427027
0.50216264
0.0015341984
0.4160533
0.00038749757
0.0010130522
0.5271412
0.94909954
0.00018848269
0.9998473
0.971092
0.0020283097
0.99966574
0.99550265
0.542209
0.00012602855
0.55498844
0.0024292218
0.00030318982
0.00092938804
0.5792902
0.99975115
0.5578319
0.41540882
0.9436431
0.89979845
0.5766631
0.00069883745
0.9559773
0.57353365
0.99988985
0.00062711124
0.9848536
0.39425886
0.013839711
0.0007160464
0.00044248012
0.56306565
0.41589078
0.41729522
0.00015690873
0.0014299836
0.41733018
0.99972063
0.9999304
0.0025139123
0.56828105
0.99975806
0.9997961
0.99715143
0.0010025955
0.00046961755
0.9998599
0.9991068
0.021899553
0.00079957297
0.99966156
0.94933015
0.9999317
0.99997926
0.4156708
0.41612703
0.00029980694
0.00014523428
0.41674447
0.0007526898
0.0005734715
0.99552566
0.99831665
0.9999794
0.0037741868
0.4155515
0.9997757
0.00017371566
0.41669273
0.0004319089
0.0002105355
0.0038411422
0.9994456
0.85852253
0.8577212
0.9999299
0.0009645577
0.99998236
0.00046914464
0.99987376
0.0006847587
0.0003639594
7.229452e-05
0.9740625
0.9989717
0.98150855
0.0001587491
0.9934953
0.00263533
0.0005686735
0.4577642
0.9999566
0.41605887
0.0006881715
0.99974424
0.000113793125
0.98088443
0.00014144681
0.9979393
0.00012663266
0.001123762
0.4159659
0.003286547
0.0011719654
0.9970028
0.9972926
0.41606635
0.00048739114
0.0013508706
0.41647774
0.9999827
0.0002142384
0.00010006916
0.9970777
0.99996877
0.99988985
0.40659714
0.9959472
0.99966156
0.0003235506
0.5903301
0.54197115
0.0002594141
8.726668e-05
0.0006418756
0.41578126
0.00080237334
0.43153894
0.0014646503
0.0031528058
0.0010332986
0.99995685
0.00031208576
0.00023302872
0.46948847
0.00024803396
0.0016213924
0.99998605
0.99020094
0.9997863
0.41647622
0.41675207
0.00018761664
0.9918576
0.0006139767
0.99995255
0.9999715
0.9995142
0.002233439
0.0012977151
0.41676313
0.9978818
4.4784432e-05
0.00053156767
0.016900402
0.99498147
0.99994266
0.9995146
0.99977916
0.99998295
0.0013080045
0.99995923
0.0041778833
0.0002229429
0.4169373
0.4177711
0.9990677
0.0035795358
0.41708213
0.4166002
0.0006159105
0.16947833
0.00040571825
0.0019107605
0.00069211016
0.99997246
0.0006524949
0.0031352052
0.00024788102
0.99994004
0.9897479
0.0013627256
0.41660643
0.00031381747
0.99953914
0.416998
0.3407446
0.4152239
0.53221864
0.41329378
0.999946
0.9999993
0.0003050437
0.0006676214
0.00026363065
0.0014415907
0.999949
0.9938956
0.9635292
0.00031642063
0.41876853
0.00012171343
0.41636288
0.15541685
0.9999782
0.00064785965
0.7203253
0.007278362
0.00020016819
0.00027302862
0.99856466
0.97977257
0.999902
0.99996364
0.9999572
0.0015049658
0.99992955
0.9995215
0.5364249
0.0077417074
0.0009797441
5.40505e-05
0.18657963
0.9995453
0.41762546
0.47855774
0.00021793658
0.0046666837
0.65996367
0.38018027
0.048795536
0.0007143084
0.99248934
0.99549735
0.9999701
0.99999714
0.008078776
0.00020367792
0.9999119
0.9999292
0.41727448
0.99983776
0.00069659605
0.41584924
0.93816406
0.999931
0.52940226
0.00040005412
0.99975806
0.00092848745
0.52583885
0.998638
5.8969516e-05
0.99920756
0.41276693
0.0003935105
0.74367183
0.9987686
0.99999225
0.005006264
0.55408
0.00036138637
0.9999012
0.00015309162
0.00019655036
0.12484391
0.99996114
0.9992872
0.999879
0.00016558582
0.0016019951
0.00013378628
0.99620736
0.00014997076
0.0002493975
0.00041556984
0.0007754971
0.0002975945
0.9994931
0.5416123
0.01801075
0.01992871
0.4157933
0.9954892
0.5838109
0.0011388388
0.9994517
0.9999827
0.6263524
0.4160727
0.9999871
0.9998779
0.0021426089
0.0011158793
0.0005749914
0.00027472354
0.9996644
0.41513306
0.9999274
0.86451083
0.65592295
0.99787855
0.999961
0.99929726
0.9795864
0.0005747147
0.99997675
0.41686407
0.99798274
0.00044181608
6.1029918e-05
0.54055524
0.99999034
0.57840663
0.00563678
0.99599695
0.0017728935
0.00010307518
0.0008188659
0.416806
0.9747433
0.0009571444
0.00031456212
0.41637224
0.41727883
0.00028774815
0.9999875
0.008927904
0.00021078414
0.0002744115
0.999705
0.96571475
9.489381e-05
0.0008428599
0.9999229
0.98134583
0.9840403
0.0018769536
0.0007700551
0.9856991
0.99900645
0.41564447
0.0016875402
0.9984847
0.59404993
0.0005644248
0.00014665067
0.00034722994
0.4170309
0.99967706
0.9895629
0.00044525132
0.00041628492
0.002924491
0.00036102842
0.9779676
0.99970216
0.41484478
0.48188412
0.41730076
0.9998671
0.9997199
0.99987423
0.41714033
0.99364036
0.41838267
0.988801
0.99994445
0.00035836335
0.0013457258
0.99412173
0.00027166723
0.99985695
0.00067606027
0.00095627987
0.41625294
5.4194552e-05
0.00022424654
0.98883444
0.9999931
0.99976426
0.41594008
0.0009800227
0.0036037415
0.00041365568
0.999522
0.41611847
0.36926052
0.0021707222
0.00042493726
0.99992824
0.532511
0.90020585
0.41617545
0.0004906055
8.7412176e-05
0.00059965986
0.9980318
0.9999229
0.0037454257
0.99968004
0.9991499
0.41588205
0.999956
0.9955317
0.41587785
0.9467006
0.0020543837
0.37213516
0.00047446243
0.99985576
0.97427714
0.00040819662
0.0003543863
0.99862814
0.99997246
0.00036558945
0.9746002
0.004604226
0.9999516
0.998524
0.43360844
0.00046087228
0.00070908223
0.41612044
0.0032175027
0.99989355
0.58255786
0.00013565447
0.9694239
0.9896499
2.9876644e-05
0.9998479
0.0033106755
0.00033587293
0.41588062
0.41728887
0.9995547
0.00014554193
7.5516626e-05
0.00326151
0.9999529
0.9996309
0.4110146
0.5271522
0.5971557
0.999985
0.99771523
0.41513404
0.40694094
0.99998224
0.00014853182
0.000103697166
0.54138803
0.41787678
0.9999515
0.010594633
0.00041124568
0.99531674
0.9997948
0.00087860523
0.4171564
0.00035104298
0.8832055
0.00015679312
0.9800924
0.0008868981
0.9999734
0.4164349
0.41676518
0.5776765
0.000998803
0.0007429899
0.0010995504
0.6062014
0.53589046
0.0008262753
0.99827623
0.9999951
0.9529805
0.416741
0.0004726086
0.9906743
0.0011405592
0.99833727
0.4180394
0.0025642614
0.41584626
0.0004332462
0.0002294273
0.00026333396
0.41619417
8.312313e-05
0.56052303
0.4158889
0.99954
0.41632056
0.99591017
0.4192952
0.0012428393
0.0006845829
0.000120624674
0.00019705946
0.99592775
0.0024453786
2.6561853e-05
0.414573
0.99931633
0.99998784
0.41629982
0.0003087031
4.8543798e-06
0.0011277458
0.9997489
0.00032052188
0.9999416
0.31066954
0.41605458
0.9999199
0.002480143
0.9975605
0.99967563
0.00010989595
0.86494905
0.9932673
0.0006250464
0.5231238
0.0003326848
0.99999034
0.9950269
0.99998915
0.99547887
0.99082524
0.00058526016
0.0003089183
0.003773156
0.00016512495
0.002140521
0.9999404
0.6147175
0.002188236
0.69235146
0.00049571926
0.9999455
0.0064349133
0.000104816194
0.0022751626
0.12093094
0.55573034
0.0010048288
0.001009636
0.0001466111
0.9995982
4.8516482e-05
0.9999968
0.99998605
0.98606944
7.625067e-05
0.8976504
0.00083824777
0.41115806
0.41561455
0.00023530245
0.568869
0.000101555044
0.40181434
7.681518e-05
0.9969302
0.43257818
0.0007682293
0.001236083
9.236606e-05
0.9991767
0.9996081
0.99938357
0.41996858
0.0003107826
0.9024684
0.48781216
0.99954444
0.00086516904
0.9925654
0.8431925
0.41721433
0.00015141412
0.41626298
0.9472171
0.999838
0.0021670351
0.99984443
0.9984666
0.002824757
0.014231347
0.00063964055
0.9957236
0.02984026
0.56509537
0.99959594
0.00040346754
0.00037439598
0.0027926033
0.0035983915
0.5461152
0.99237764
0.9932968
0.98692685
0.41791555
0.60976344
0.00027380078
0.99972314
0.9994568
0.9997019
0.0002279092
0.0027942064
0.41783297
0.00027656418
0.99758255
0.6567151
0.001060598
0.9872011
0.00043205428
0.0001592072
0.9989318
0.41642663
0.54454386
0.999592
0.00040374664
0.9821102
0.99582255
0.9999106
0.11353493
0.00026023234
0.99981743
0.978678
0.18019249
0.00014753021
0.871726
0.99993753
0.99208635
0.9997466
0.9771264
0.99981266
0.9990427
0.0031461662
0.0006660942
0.9601608
0.0009914667
0.0013681477
0.00041645518
0.0006740556
0.003493609
0.00041791867
0.9997868
0.71544987
0.4175343
0.5471274
0.9996246
0.004104301
0.00013467674
0.99987555
0.0005656583
0.99994767
0.9999379
0.5295095
0.5112876
0.99960595
9.316156e-05
0.0035964705
0.9999684
0.41736677
0.00058474025
0.99775785
0.00023190498
0.39266306
0.00023477717
0.0008272483
0.84742564
0.00024216424
0.00011021109
0.00035525177
0.00055742613
0.41694263
0.00010725247
0.0024564785
0.99705976
0.99952865
0.4168663
0.00056609034
0.9978946
8.520249e-05
0.0005101555
0.9998437
0.55270934
0.000599904
0.52144593
0.41563457
0.99883
0.0015621195
0.9999999
0.08570859
0.0007588353
0.41600436
0.0011577979
0.41689336
0.00020435955
0.0010470853
0.00035525142
0.99241227
0.52019167
0.00025494225
0.99788314
0.0004143114
0.002337818
0.4176353
0.0008357159
0.9986399
0.56210744
0.91925526
0.00017052235
0.005865775
0.0007125685
0.9819317
0.0007053441
0.9996445
0.00024382192
0.011465391
0.6187071
0.00039681798
0.00016518257
0.9971558
0.99994266
0.4172844
0.99979526
0.0015199853
0.00015349199
0.9983955
0.22058007
0.47837117
0.00053535326
0.99995136
0.9998307
0.530385
0.9999778
0.0051971157
0.9999627
0.99064964
0.9998417
7.09116e-05
0.059522975
0.00013923521
0.4164061
0.00019347754
0.9999168
0.0007985051
0.99968314
0.41558337
0.9561905
0.999946
0.00026898528
0.0020440163
0.0027308355
0.5445139
0.99973994
0.9990902
0.99999416
0.5932211
0.5241383
0.9719158
0.0012332534
0.39930624
0.74944943
0.95814663
0.00023835847
0.9996979
0.998995
0.99999785
0.9995634
0.001617918
0.00048386105
0.9963432
0.99999654
0.00056328677
0.48857397
0.41552827
0.9999713
0.00079138414
0.006286109
0.99986243
0.8783406
0.1039302
0.9976865
0.99550384
0.0008322634
0.0001845986
0.0008292801
0.9999857
0.9999951
0.4067201
0.9999974
0.54703593
0.999579
0.99999046
0.99655956
0.0008090899
0.0055068918
0.9997571
0.00071237027
0.018558146
0.0019803953
0.9971539
0.00046987322
0.00014138088
0.0004259114
0.41696465
0.9999747
0.41599816
0.99219257
0.0055952263
0.56690043
0.009780001
0.41594246
0.0013557413
0.00024385353
0.0007480108
0.00016898435
0.5697135
0.41624016
0.9854371
0.00015026191
0.9998853
0.41583896
0.0006621813
0.00036666784
0.20880347
0.54956555
0.41574886
0.38651875
0.0012560447
0.41714063
0.00040228502
0.6120487
0.41554925
0.07447801
0.41645226
0.4165709
0.9999968
6.629427e-05
0.99985564
0.99942195
0.9447419
0.9626583
0.00033503567
0.99704486
0.99991393
0.14231424
0.00012242369
0.9998627
0.06986703
0.99997866
0.13631095
0.00035683913
0.54887944
0.9988555
0.4166681
0.9995442
0.00022523804
0.0018308905
5.5522698e-05
0.25307956
0.99994254
0.54725343
0.41815528
0.61414564
0.9991737
6.267606e-05
0.99983084
0.9998184
0.9697795
0.98893005
0.9823873
0.4170658
0.0002794056
0.99924636
0.41624
0.999406
0.41588777
0.9999876
0.5421268
0.9973641
0.99996746
0.006719131
0.5536052
0.9999964
0.000537901
0.99961805
0.0012549751
0.00010366454
0.00029650418
0.00078732974
0.41721067
0.00027195254
0.576907
0.5351742
0.99988294
0.0004243786
0.989883
0.63898844
0.0008476752
0.00032509287
0.9985102
0.9990791
0.40187904
0.98815954
0.99964106
0.99919206
0.00012163442
0.9999374
0.00059365894
0.99944776
0.00038239415
9.41872e-05
0.4162263
0.99784386
0.00018883508
0.9999529
0.41704664
0.99641067
0.41625017
0.0033504728
0.9909094
0.99996614
0.00018422706
0.9999783
0.9995245
0.0002606475
0.97787833
0.00017125708
0.000114673814
0.41591665
0.4177483
0.8274989
0.23157674
0.5945707
0.54497236
0.9931161
0.4166521
0.59194714
0.0012669058
0.99065334
0.41802126
0.4182731
0.0006471428
0.00022818947
0.99999917
0.4166688
0.5029192
0.00044716068
0.99990284
0.44544047
0.0001866857
0.9997336
0.00019891099
0.41554967
0.9918727
0.00035903635
0.0004679851
0.99931693
0.9999838
0.41569158
0.5308838
0.5977608
0.00094461633
0.41557732
0.9999442
0.41687787
0.41744012
0.011438519
0.0002664042
0.4171423
0.4159626
0.4175274
0.98951715
0.9999633
0.98374236
0.0075862003
0.41610485
0.9876402
0.0013505669
0.00011880337
0.6757486
0.00010642206
0.99940753
0.9999831
0.9999349
0.9999418
0.00030986604
8.196613e-05
0.8832329
0.9999243
0.9998777
0.9929374
0.498312
0.41632074
0.98964745
0.00017653005
0.99986196
0.99996006
0.00010723028
0.03041773
0.0013543867
0.00044597808
0.9956209
0.9994137
0.9959059
0.0015883733
0.9999851
0.00076758093
0.58005744
8.9480134e-05
0.9996836
0.99899024
0.9985045
0.999948
0.9978498
0.0022363267
0.4167853
0.00015680224
0.99651635
0.9458037
0.54298556
0.00013410853
0.9999809
0.9999957
0.6210924
0.0010305787
0.99981695
0.0018591699
0.865901
0.99562293
0.9997255
9.77787e-05
0.41682044
0.9991596
0.0034007824
0.00021711134
0.0005993119
0.9998467
0.0036696154
0.1431619
0.99552864
0.8945106
0.00045987128
0.00032651328
0.99915123
0.9998779
0.00021516348
0.99959403
0.48846182
0.000105586114
0.00498625
0.0005784489
0.00044170953
0.9993136
0.4172447
0.0045749433
0.9937551
0.9968443
0.001993918
0.008597097
0.99964416
0.008670496
0.97043985
0.00015120015
0.00016405448
0.010258256
0.000109607936
0.9870079
0.0007535593
0.00094036356
0.999821
0.00024673084
0.0018897301
0.5629205
0.039291486
0.00058369257
0.00020835953
0.41749015
0.41590592
0.9973181
0.99977344
0.99825996
0.0011899638
0.9409095
0.00049961056
0.9991366
0.001080487
0.9997899
0.9993344
0.9998211
0.9970606
0.0001850328
0.00034644594
0.4167466
0.9461803
0.41700903
0.8173102
0.31714198
0.5784696
0.4168693
0.6649179
0.88434386
0.4158143
0.5114266
0.9134349
0.9999287
0.5607627
0.998448
0.00014612735
0.000722183
0.98863727
0.0010259867
0.00041478022
0.00036820772
0.002289785
0.91283166
0.9979201
0.99999726
0.9983164
0.0002717276
0.9999919
0.001698086
0.0019511591
0.0025451088
0.97703075
0.00038955876
8.5422056e-05
0.41537645
0.9998062
0.010318277
0.41644025
9.864648e-05
0.0013461912
0.00016366948
0.00029185828
4.512082e-05
0.9982722
0.00023001208
0.9996105
0.0009604879
0.41637707
5.5024277e-05
0.99895656
0.38407794
0.00019152861
0.00049824774
0.9999851
0.99760485
0.00034379322
0.00019668405
0.0012472455
0.41908056
0.8873156
0.9999294
0.00075287523
0.9995844
0.9095325
0.999819
0.00021414342
0.9999186
0.00044600872
0.0025931501
0.52439845
0.99548644
0.00016766776
0.41843894
0.9918561
0.0001753818
0.00034052788
4.9990176e-05
0.0071382155
0.9999659
0.99975044
9.739065e-05
0.4154861
0.99993825
7.097147e-05
0.56012875
0.99780077
0.00014952256
0.00014471175
0.9999608
0.00012052247
0.0007073264
0.9995845
0.4176053
0.9999236
0.00012548939
0.00031218547
0.0017464318
0.00023032723
0.0069095585
0.99931586
0.41306588
0.00021155026
0.4170198
0.99985874
0.5907217
0.9920695
0.54280514
0.016980182
0.00022115391
0.9995468
0.0043354644
0.4156686
0.0009164325
0.4094811
0.9985751
0.41606474
7.4863e-05
0.9999733
0.4180065
0.016143145
0.11091723
0.99310595
0.9487588
0.0009845102
0.998256
0.00035962655
0.4164059
0.15304902
0.9990101
0.0003059603
0.5548688
0.9991955
0.0007825986
0.00064952177
0.9999745
0.0001628988
0.99997973
0.00012819716
0.8991758
0.4129739
0.0012386179
0.9987883
0.00019816795
0.00027059574
0.4999105
0.9997656
0.00022061625
0.014069162
0.9999578
0.5844695
0.9994211
0.9996346
0.55832124
0.99972826
0.5707665
0.00013334573
0.99947816
0.00010356475
0.41545442
0.0006662399
0.0014258809
0.99999607
0.00034781816
0.99897146
0.5676379
0.0001418201
0.00010993693
0.00021632983
0.00024755887
0.99952483
0.00053515227
0.9991768
0.00032679076
0.41597268
0.5524747
0.99373627
0.99970007
0.9862046
0.0077648293
0.93464386
0.00036061805
0.0006400174
0.00015752231
0.015250047
0.0038934872
0.99927956
0.41705692
0.41690114
0.00016593368
0.07031125
0.9995116
0.9997002
0.9991885
0.99978536
0.9978974
0.43817377
0.9935654
0.99964035
0.0017895008
0.9698011
0.5650222
0.001127093
0.9023947
0.99977905
0.0004664244
0.99948287
9.043281e-05
0.5683061
0.9999856
0.9999702
0.58094484
0.5896149
0.9996201
0.00016504782
0.00034627356
0.0009335135
3.5133846e-05
0.41542315
0.020938072
0.0009811971
0.99977905
0.9967024
0.97628045
0.41594848
0.4154063
0.00051404175
0.41635656
0.4159546
0.47452998
0.0008109528
0.99852955
0.00046259168
0.99892694
0.0008404575
0.53108156
0.99986434
0.9993309
0.59416205
0.0026467093
0.9478515
0.01041971
0.6146447
0.0014808612
0.001683707
0.0002382394
0.41669235
0.9999615
0.0008017367
0.0025395874
0.5601998
0.99995625
0.60042757
0.00062218605
0.999178
0.92397255
0.9999968
0.00042860027
0.00044545485
0.99986005
0.0006299792
9.806209e-05
0.41801354
0.4663206
0.5544109
0.41773015
0.0029619457
0.9992841
0.54828733
0.00014148054
0.55830353
0.4158284
0.0010486281
0.00068007974
0.99989057
0.9996278
0.0004676627
9.605706e-05
0.0034822526
0.92044985
0.0031041086
0.99700016
0.41694325
0.5992622
0.0001739404
0.00030842188
0.99974877
0.9999641
0.9998324
0.584291
0.28008628
0.99988365
4.7065314e-05
6.559725e-05
0.00022715055
0.9993364