0.44544166
0.9999995
0.42307553
0.5499174
0.42321035
0.0004273547
0.0024712062
0.99999976
0.42296755
0.9843946
1.14472925e-07
0.00021642227
0.00014165521
0.42261493
0.99999785
1.5362017e-05
4.2045176e-06
0.9917454
0.000728075
0.44401398
0.9896143
2.175122e-05
0.42305088
0.000748229
9.30475e-06
3.6796057e-05
0.5230417
0.9925684
0.4232786
0.99992466
0.0005127247
0.42316577
0.29302973
0.42310265
0.4229083
0.42249358
0.48310548
0.9999248
0.99999857
0.9999479
1.967347e-05
0.42279124
0.00012466335
0.42274114
0.00044070667
2.04747e-06
0.49869722
0.98833615
2.9681036e-05
0.99996233
0.975037
0.00029754316
0.9997216
0.99997056
0.5139274
5.191942e-07
0.5491181
0.000611488
6.776818e-05
5.0454593e-05
0.57047415
0.9999765
0.5548351
0.42314714
0.96237123
0.9344096
0.5629369
2.4823712e-05
0.9851344
0.5446014
0.99996614
3.4206976e-05
0.99762446
0.25813094
0.00026446342
0.00016968479
0.00037346437
0.5631498
0.42320603
0.42271292
0.0002914284
0.00057023176
0.42302483
0.99989057
0.99996805
0.0003657814
0.5522214
0.99981934
0.99999356
0.99641895
0.00020704871
9.317258e-05
0.99998844
0.9999827
9.013007e-07
3.5279696e-05
0.9999083
0.9308512
0.99999976
0.99999964
0.42304784
0.4230174
0.00012567716
6.048621e-05
0.42278963
0.00018405463
0.000110740664
0.99904674
0.9992995
1.0
0.0015691806
0.42295077
0.99939823
1.3394214e-06
0.42284164
0.0006041186
1.2275617e-05
4.8497375e-05
0.9999865
0.9670807
0.99905187
0.9999887
4.221235e-06
0.9999858
2.5725754e-05
0.99999857
9.979002e-06
3.370153e-05
2.9873483e-05
0.99266994
0.9985349
0.98650485
3.5708043e-05
0.9997502
0.00012866166
7.180149e-05
0.16412747
0.9999988
0.42325407
0.00013484406
0.9999906
4.0261937e-05
0.9254381
0.000114904
0.9999722
3.794197e-05
0.0004622201
0.42207265
1.2897763e-05
0.00047845734
0.99987924
0.99911946
0.4223757
0.0003488689
0.0011475153
0.42246255
0.99999964
0.00010046854
3.1847896e-05
0.9999021
0.99999905
0.9999999
0.8793155
0.9999962
0.9996911
1.4399522e-05
0.56608105
0.4261592
4.6090986e-06
8.015936e-05
4.6585774e-05
0.4231525
1.0844291e-05
0.41495556
0.0005106912
7.439614e-05
4.8015474e-05
0.9999906
1.0942735e-05
1.3601452e-05
0.51659787
0.00017297897
0.00053821894
0.99999654
0.99362695
0.9999032
0.42289355
0.42314857
0.00011575686
0.99951386
0.00010875163
0.99993205
0.9999974
0.9999622
0.00010605584
1.767934e-05
0.4231258
0.9989471
3.982892e-06
0.00041932898
0.0001431064
0.9748755
0.99999905
0.99987197
0.9999671
0.9999989
5.093688e-05
0.9999975
0.0012978795
8.9244495e-06
0.42306566
0.4231406
0.999974
0.0008975907
0.42317978
0.4232164
3.4144206e-05
0.07508161
2.0446723e-05
0.00020378671
0.00019925913
0.9999927
4.8706406e-05
0.00028869946
5.693614e-05
0.9999968
0.9983725
0.001235369
0.42282432
0.0001162051
0.99996245
0.42295074
0.39985463
0.42305002
0.42273727
0.42291465
0.9999987
1.0
4.1918174e-06
0.00014827542
4.511553e-05
0.00018187932
0.9999708
0.9976578
0.9913061
6.553803e-05
0.42311147
1.1192204e-06
0.42274237
0.24149327
0.9999994
0.00024068211
0.9621883
1.4638876e-08
3.0329065e-05
6.1879837e-06
0.99985313
0.9961357
0.9999994
0.9999976
0.9999933
0.0003828567
0.99999106
0.9993297
0.6194983
0.0012092936
0.00030611057
2.7692855e-05
0.19961879
0.99992096
0.4231219
0.57097536
0.00012703794
0.0004807374
0.9425556
0.42234522
0.17844468
0.00016225097
0.99989665
0.99923456
0.9999994
1.0
6.323034e-05
0.00012696916
0.99999034
0.99997306
0.42267025
0.99998057
8.3139144e-05
0.42319983
0.8802353
0.9999927
0.530762
6.846138e-05
0.9998728
0.0001176188
0.5248815
0.9992362
1.204649e-06
0.9999813
0.423106
6.669573e-05
0.4079875
0.999902
0.999972
2.9959443e-05
0.5581468
5.3312935e-05
0.9999727
4.3263964e-05
5.6160057e-05
0.5967193
0.9999999
0.99991465
0.9999943
1.9402189e-05
0.00022178446
3.905155e-05
0.99989283
3.728322e-05
1.0644135e-05
8.378505e-06
0.000369763
3.092523e-05
0.9999988
0.52919805
0.0004230973
5.7197904e-05
0.4231106
0.99321234
0.8552418
0.0005676186
0.9992761
0.9999969
0.78738177
0.42270616
0.9999994
0.9999448
0.0006545482
0.00035405354
0.00014373494
6.3954285e-05
0.9997147
0.42321444
0.99998283
0.77770424
0.8147719
0.99887294
0.9998467
0.99993384
0.9926997
0.00019366654
0.9999988
0.4230169
0.99954826
0.00029040052
2.5324533e-05
0.52881885
1.0
0.54881537
0.00026498587
0.98979867
8.310323e-06
8.495253e-05
1.3936059e-05
0.42272195
0.9835877
6.087995e-05
0.00014782818
0.42318845
0.42297164
6.8443034e-05
0.99999917
0.00015987305
0.00014150726
5.9308314e-07
0.9999691
0.9330801
4.9443715e-05
0.00041325757
0.99998915
0.9999701
0.9922714
0.0004118689
3.545998e-06
0.99473035
0.9999174
0.26882377
0.0006393492
0.9999447
0.56248677
1.7857469e-06
8.425459e-05
9.555005e-07
0.42312378
0.9995617
0.9859388
2.3936584e-05
7.312816e-05
0.00016504688
0.0004941014
0.9615599
0.99995863
0.42225474
0.42383745
0.42275655
0.9999691
0.99981827
0.9999869
0.423265
0.98648053
0.42247412
0.99960643
0.9999999
0.00027811102
0.0005057985
0.99916565
0.000178332
0.9999987
2.0551173e-05
0.0008065831
0.422714
2.0501453e-05
4.672056e-06
0.9988238
0.99999964
0.9999751
0.42317003
0.00022883678
0.0037362953
3.189379e-05
0.99997926
0.42282414
0.0132051315
0.00073394796
4.981272e-05
0.9999937
0.42644724
0.9799699
0.4227028
0.00039532903
3.6054716e-06
0.0005656721
0.9991062
0.9999912
0.0001295106
0.9999865
0.9998493
0.42325458
0.9999989
0.9905466
0.4231998
0.96305484
0.00010686504
0.43425274
0.00018971525
0.9999974
0.7694146
3.351522e-05
0.00046640018
0.9999902
0.9999994
0.00015986832
0.70589614
2.6391395e-05
0.99999523
0.99995863
0.21248972
0.00030927372
3.9853916e-05
0.42323
0.0012127011
0.9999926
0.5648159
5.890381e-05
0.99909663
0.96713066
2.1007739e-07
0.99999046
0.0007932804
1.112617e-05
0.42267758
0.42311642
0.99994123
2.7856757e-05
1.0397936e-06
8.478901e-06
0.99999654
0.99991906
0.42324388
0.4429002
0.88883245
0.9999926
0.9953461
0.42305169
0.42327863
0.99998426
3.1175023e-06
4.0848442e-07
0.470074
0.4226193
0.9999943
7.315788e-05
0.0003250002
0.9982644
0.9999927
0.00011103367
0.42222115
0.00025436148
0.808563
4.073329e-05
0.9588142
5.0625113e-05
0.9999962
0.423123
0.42285565
0.5522276
0.0012577538
0.00077746564
0.00013846967
0.5333813
0.5614926
2.3925815e-05
0.9979741
0.99999905
0.93134433
0.42286423
0.00028838473
0.99915814
0.00030314765
0.9989191
0.42288163
1.9214346e-08
0.38250235
0.00014301746
0.00015088533
2.575197e-05
0.42318648
6.557825e-06
0.53587574
0.42301598
0.9999957
0.42321637
0.9986507
0.42262042
0.00013959907
0.0004089852
0.00016281479
6.0479346e-05
0.99991024
0.0007856911
2.080397e-05
0.42315492
0.99975616
0.99998116
0.42325783
5.0097602e-05
5.8928546e-08
0.00012899838
0.99994385
0.0001506757
0.9999908
0.4220878
0.42292306
0.9999809
0.0016561245
0.9992353
0.9999924
6.973092e-05
0.97614527
0.9794073
0.00015250273
0.5225143
7.947329e-05
0.9999864
0.9923496
0.99999976
0.9957695
0.99614465
0.00033035802
0.00018407745
0.0010505168
3.785978e-05
0.0011537167
0.99942136
0.89940214
0.0011401214
0.46586618
0.00019182067
0.99999964
6.86583e-05
1.8859442e-05
4.1301475e-05
0.27097708
0.52457505
0.00011105558
4.3822324e-06
0.0001854813
0.99996316
1.6432416e-05
0.99999774
1.0
0.9960594
1.7222734e-05
0.9553632
0.00053680595
0.42287394
0.423092
3.8146518e-05
0.56704456
3.3460965e-05
0.9991647
5.15133e-05
0.9915059
0.01675089
5.4590214e-06
0.0003563625
3.8464324e-05
0.99991584
0.9999683
0.99956995
0.39423132
5.641954e-05
0.896075
0.42540056
0.99999774
0.00027016268
0.9948414
0.5011636
0.4231793
9.632788e-06
0.4229263
0.9851961
0.99999166
0.0011877737
0.99999654
0.9998429
0.00068311003
0.0039938088
9.704264e-05
0.9998776
0.00011467316
0.9343635
0.99992657
1.8285467e-05
0.00030456888
0.00030793442
2.56445e-06
0.54786265
0.995952
0.999882
0.99900216
0.42321786
0.5494844
2.1194485e-07
0.9997936
0.99999595
0.9999999
4.813728e-06
0.00086983806
0.42299497
4.372165e-05
0.99994147
0.92849964
5.8037244e-06
0.99967325
0.00042227795
0.00011119069
0.99958867
0.42261156
0.43671688
0.99998796
3.863192e-05
0.9915051
0.9996055
0.99992883
0.2178705
3.278483e-05
0.9999912
0.9995486
0.5268421
0.00011228527
0.95984626
0.9999999
0.9878802
0.9999883
0.99793786
0.99983764
0.9999347
3.8576327e-05
0.00014269925
0.9744581
0.0005982233
8.0262204e-08
4.854698e-05
0.00012482668
0.0017262601
5.8107726e-05
0.9999273
0.9649966
0.4230449
0.52019554
0.9999907
0.0006123101
0.0001500337
0.99994934
0.00011485777
0.99999833
0.99992335
0.5280441
0.42516577
0.99884254
5.534481e-05
0.0002555129
0.99999905
0.423044
2.1079168e-05
0.99364567
0.00010129614
0.14020522
5.8829432e-06
0.000110855624
0.9295634
0.00016242899
1.4219488e-05
7.5742006e-05
8.8411434e-05
0.42316085
5.611565e-06
0.0006747259
0.9993049
0.9998714
0.42219663
0.0001932688
0.99895906
2.4359765e-06
0.00042304592
0.99991703
0.5575607
0.00019559373
0.4993386
0.42310345
0.9979418
0.00011399003
0.99999845
0.014607493
0.00017052235
0.4227121
1.4306592e-07
0.4232593
6.647146e-05
0.001051716
0.00044763854
0.99924517
0.4247424
4.273288e-05
0.9997526
0.0002546119
0.0008194092
0.4229328
1.8226325e-05
0.9995377
0.56160927
0.9830908
7.7511126e-05
1.9111221e-06
3.7864076e-05
0.9950145
5.689278e-06
0.9999808
5.208104e-05
6.7243665e-05
0.9942841
0.00013770084
2.82845e-05
0.9955455
0.9999999
0.39559576
0.9998493
0.00044696912
2.3261318e-05
0.99774784
0.20824905
0.9965959
0.0005082859
0.999997
0.9999988
0.42426533
0.9999989
0.00049999094
1.0
0.9993518
0.9999863
6.476031e-06
0.007746354
2.2177635e-05
0.4230921
8.751593e-05
0.99999917
0.0002142484
0.99999726
0.4231755
0.93822795
0.9999995
0.00024974346
0.00030626557
0.00060052326
0.39997315
0.9999789
0.9963505
1.0
0.59063315
0.53882426
0.9887628
0.00027872686
0.42310694
0.9812542
0.96539
2.988565e-05
0.9999299
0.999995
1.0
0.9999554
0.00083946314
2.8235261e-05
0.9926684
0.99999976
0.000118790456
0.16219959
0.42320624
0.99999917
0.00025129673
0.000571554
0.99994624
0.9998907
0.27469945
0.9995926
0.9934668
0.00028632782
6.573858e-05
5.2224073e-05
0.99999976
0.9999999
0.42288074
1.0
0.5427351
0.99988973
0.99999976
0.9982071
0.00015779847
0.00040287315
0.9999968
0.00024655377
6.678164e-05
0.0002930751
0.9998814
0.00025385537
2.7873763e-05
0.00013050759
0.4232062
0.99999976
0.42315286
0.98051685
1.8502842e-05
0.54203814
0.004902732
0.42291465
1.7044471e-05
5.5025695e-05
0.00026750093
9.441228e-05
0.29647535
0.4232127
0.9932539
8.666262e-05
0.9999974
0.42291316
5.3583226e-06
2.610902e-05
0.21893167
0.54839194
0.4228588
0.8994787
4.918352e-05
0.4228278
0.00029301393
0.56093997
0.4229826
0.19446787
0.423195
0.42309746
0.9999858
4.8892274e-05
0.9999622
0.9999293
0.94078875
0.9679414
7.8764315e-05
0.9999871
0.99999666
0.86152494
5.3450534e-05
0.99998784
0.030288119
0.999972
0.17301208
1.8841016e-05
0.51520705
0.9978695
0.4230942
0.9999502
2.177889e-05
1.8122368e-05
1.7638251e-06
0.31848726
0.99999475
0.5368691
0.42312777
0.5700436
0.99970895
3.7613518e-05
0.99999714
0.99998057
0.9992298
0.99698
0.9978148
0.42325768
2.5600866e-05
0.9992329
0.42321128
0.9999496
0.42312923
0.9999999
0.5329758
0.9855503
0.9999988
9.508436e-07
0.5401835
1.0
0.00048586968
0.9999198
0.0007558791
7.752783e-05
8.344645e-05
0.00020665464
0.4231411
4.664665e-06
0.5502783
0.43242237
0.9999641
8.778373e-05
0.9982083
0.5310924
7.268308e-05
0.00016544078
0.9997249
0.99999785
0.42306265
0.99896264
0.9999615
0.9996333
6.848018e-05
0.9999975
6.384148e-06
0.9999553
5.634688e-06
1.3063019e-05
0.4226998
0.999488
0.00012366362
0.99999964
0.42269024
0.99549484
0.4232574
2.23536e-05
0.99766916
0.9999999
5.810126e-06
1.0
0.999956
0.000117534706
0.9919511
1.4782465e-05
1.29929085e-05
0.4231273
0.42275673
0.93796515
0.24140479
0.5407563
0.53682417
0.99725634
0.423151
0.5669845
0.00038506786
0.9877301
0.42316952
0.4230939
4.2193384e-05
3.4904184e-05
1.0
0.42319024
0.4197678
6.304652e-05
0.9999945
0.3740844
1.4299639e-05
0.9999635
2.7381797e-05
0.423239
0.9805685
1.3725004e-05
0.0001425767
0.9999099
0.9999995
0.423203
0.13810481
0.7175528
0.00034081496
0.42319906
0.99999475
0.42314792
0.42308244
0.00043107267
0.00011939484
0.4226972
0.42326355
0.42315656
0.961668
0.99999106
0.998716
0.00012425864
0.42323604
0.9996364
3.005757e-05
8.681937e-05
0.65419126
9.333634e-06
0.9999263
0.9999993
0.99998236
0.9999994
4.3197426e-05
6.4920234e-05
0.97583276
0.99999857
0.99998367
0.9944114
0.52534854
0.42300582
0.99931514
1.3156836e-05
0.9999852
0.9999771
4.6383025e-06
8.669949e-05
0.00040415023
0.00039195394
0.9999597
0.9999653
0.9981724
6.261256e-05
0.9999982
0.0010140245
0.5591387
3.354042e-05
0.9997999
0.99908423
0.9994815
0.9999982
0.99900985
0.001447262
0.422807
2.7715365e-05
0.9991128
0.9858504
0.5436997
0.000102301026
0.99999464
0.9999999
0.57502884
6.0056467e-05
0.9995803
0.00011118528
0.9999521
0.9932308
0.9999919
1.2360928e-05
0.42302927
0.99967396
0.0012964044
4.431978e-06
0.00028644307
0.999979
0.0010656442
0.87241095
0.99959296
0.97048676
2.3777715e-05
0.00010991135
0.99999344
0.9999943
6.708585e-05
0.9999677
0.42551875
1.2174992e-05
0.0005977631
1.078804e-06
6.959083e-06
0.99995863
0.4230266
0.004516908
0.99871135
0.9974612
0.0009111536
1.5602639e-06
0.9999988
0.0006694079
0.99667066
8.949711e-06
1.3801972e-05
0.00030290987
6.071153e-05
0.98063976
0.00028022032
0.0006151121
0.9992791
0.00024680022
0.00024237839
0.5637235
0.18593207
3.9830098e-05
1.834233e-06
0.42312795
0.42326048
0.998442
0.99997985
0.99980325
0.00022181806
0.9435531
0.00047397197
0.9999393
6.2869716e-05
0.9999927
0.9997719
0.99996734
0.99167234
8.3738805e-06
1.897215e-05
0.42312303
0.99451244
0.42325604
0.8350206
0.39964306
0.36270905
0.42318386
0.94518155
0.3814123
0.4232581
0.96203834
0.82190007
0.9999347
0.5392787
0.99980897
5.748704e-07
0.00016702233
0.9982157
0.00034252962
9.8117736e-05
1.7803086e-05
0.00038209555
0.9483202
0.9997166
0.99999976
0.9987626
8.721169e-05
0.99999833
0.0009752714
1.3401904e-05
2.0007202e-07
0.99588865
1.6103513e-05
3.806345e-05
0.4231329
0.9999949
9.135511e-05
0.42315948
1.697323e-05
0.00027935524
0.00018007195
5.7045378e-05
3.0338267e-06
0.9968562
7.037939e-05
0.9999292
6.287096e-06
0.42320368
6.4328515e-06
0.9997819
0.15528016
8.391646e-05
3.791477e-05
0.9999994
0.99982786
0.00032051976
7.965007e-05
0.00023235119
0.4229346
0.95870924
0.99999976
3.5766666e-06
0.9999902
0.8997334
0.99999523
1.9797462e-05
0.99994016
0.00017775614
1.0812197e-05
0.14909324
0.99999344
2.1707001e-05
0.4225895
0.9976145
5.4444958e-05
2.7138909e-05
2.289113e-05
0.00052897
0.9999994
0.99957865
1.44247015e-05
0.4227378
0.999964
4.8234197e-06
0.4206051
0.99989355
6.11701e-05
1.271375e-05
0.9999975
0.00023290324
0.00011911158
0.99996173
0.42312926
0.9999933
5.6163753e-05
0.0001822425
0.0006971572
1.9301883e-07
1.5302492e-05
0.9997124
0.4221963
2.8876719e-05
0.42313445
0.9999032
0.5677724
0.9992544
0.53422296
2.9760313e-05
3.0304085e-05
0.9999739
0.00010095189
0.42326126
0.0001241948
0.4232722
0.9990558
0.42325962
2.3963387e-10
0.99999857
0.42307484
0.00050411606
0.22323194
0.9972963
0.9946654
5.5717515e-05
0.99975663
7.3435505e-05
0.42282715
0.6547932
0.9998048
0.00011432552
0.6217781
0.99985826
0.00023382908
0.00087470934
0.9999919
3.485303e-05
0.99996436
1.4342113e-05
0.93769
0.42327145
0.00022203411
0.99991167
1.8299806e-05
4.4078293e-05
0.42470574
0.999941
2.63919e-05
4.3976015e-05
0.9999912
0.5343807
0.99998903
0.99903345
0.5494871
0.999987
0.5420903
1.904673e-05
0.99997485
5.7416823e-05
0.42317092
0.00044174766
3.571894e-05
0.9999733
8.120355e-05
0.9999825
0.53927493
4.5188728e-05
5.6702444e-05
1.1426278e-05
3.883296e-05
0.9998963
0.0003119415
0.9990073
0.0001079155
0.42324245
0.53786784
0.99801886
0.99991167
0.9850916
0.0025820152
0.9618452
1.2838558e-06
8.167191e-05
1.0020017e-05
0.00010605098
8.180699e-05
0.99999833
0.42294756
0.4231485
6.9859445e-05
0.13755965
0.99993944
0.9999248
0.9998845
0.99996436
0.99964845
0.44996318
0.9888687
0.9999504
0.00039252083
0.99993443
0.5621635
0.00034183788
0.78619456
0.99999154
0.000708212
0.9998087
1.6200554e-05
0.55022246
0.9999982
0.99999905
0.55572927
0.55712074
0.99999595
0.00022763576
0.000121261626
0.0005553632
1.370873e-05
0.42192742
5.5770193e-05
0.00033766977
0.9999453
0.99243975
0.9819565
0.42316508
0.42323482
1.871252e-06
0.42320693
0.42312536
0.42227137
7.641612e-05
0.9983546
2.2276126e-06
0.99737656
3.421657e-05
0.44339895
0.99998605
0.9994548
0.5601054
0.00033434806
0.98870075
0.0022658103
0.9372407
0.0004875726
0.00018580382
0.00019018343
0.42309806
0.999987
0.00027288316
2.4506502e-05
0.54944175
0.9999707
0.56498796
0.00011775885
0.9995024
0.9114786
0.99999404
0.0006862735
0.00052495423
0.9999993
4.6962326e-05
4.8473426e-05
0.42309406
0.42263347
0.42857832
0.42298806
0.00086955755
0.99976534
0.42248225
2.5983732e-05
0.5438112
0.42313564
4.3381146e-06
0.00044403886
0.9999976
0.99999845
0.0005793414
2.478752e-05
0.0013600574
0.9051226
0.0010146676
0.9930211
0.4206624
0.5496993
3.714205e-05
4.417496e-06
0.9997937
0.99998045
0.9999845
0.5653745
0.06433848
0.9999547
1.6318865e-05
3.4304637e-07
0.000183587
0.9999988