0.5450243
1.0
0.40707123
0.53625184
0.40771526
3.166707e-06
3.4413566e-05
1.0
0.4077331
0.9776948
9.8196665e-08
4.3306127e-06
2.4045488e-07
0.4076655
0.99999976
2.4597469e-08
2.089576e-08
0.999959
3.1287225e-08
0.53753686
0.98763067
4.5801514e-08
0.40746385
1.8776822e-06
3.2341814e-09
4.2406326e-05
0.5303177
0.9985813
0.4071158
0.99999833
1.8880141e-06
0.4076112
0.53007114
0.40727982
0.40760037
0.40565917
0.5411533
0.9999975
1.0
0.99999976
2.2403558e-08
0.5364684
2.5891593e-05
0.40635943
1.1719411e-06
4.0271948e-07
0.542381
0.992773
8.497448e-09
0.99999976
0.99999905
1.9239475e-05
0.99999046
1.0
0.52966076
4.3735717e-08
0.54237884
7.682761e-07
5.575593e-08
1.3734184e-07
0.5444098
0.9999958
0.5430377
0.40684363
0.9964778
0.5580698
0.54608655
9.3002274e-07
0.9702205
0.54527026
0.9999975
1.9661599e-08
0.98825103
0.7560014
4.3059836e-07
6.129153e-07
3.1269275e-07
0.5437293
0.40778106
0.40718442
7.132624e-07
5.2098953e-06
0.40773588
0.99999666
0.99999905
7.769641e-06
0.5451259
1.0
1.0
0.9993771
1.2243466e-06
3.4165197e-07
0.99999726
0.9969021
1.7466293e-05
2.7051547e-07
0.9999925
0.90842634
0.9999999
1.0
0.40709272
0.40640554
2.5729455e-06
9.202002e-08
0.40726495
5.626859e-06
3.6590095e-07
0.99754435
0.9999354
0.9999993
6.3512977e-07
0.40627733
0.9999608
1.9177446e-07
0.40760306
3.117398e-06
3.7579636e-07
1.972375e-07
0.99999344
0.9562458
0.9999999
0.9999999
3.261624e-07
1.0
2.7872106e-08
0.99999917
3.1639584e-07
1.3091852e-05
4.964278e-08
0.99980277
0.9999995
0.9969187
1.7178458e-07
0.99985254
7.574583e-05
6.198617e-07
0.119981416
1.0
0.4077235
1.3149045e-06
0.9999999
6.1833546e-08
0.99994934
1.2408523e-07
0.99918467
3.401438e-07
3.0780848e-07
0.40760866
1.11931e-05
5.2902487e-06
0.99999976
0.9999815
0.40721244
1.018542e-05
1.5763321e-08
0.40574738
1.0
2.9372572e-08
3.528065e-08
0.9999572
0.9999999
0.99999845
0.7623332
0.9997583
0.9999999
1.0245271e-07
0.5468945
0.54064673
2.8479334e-07
1.2548226e-10
4.5026542e-07
0.40677798
4.468843e-06
0.5445167
5.969935e-07
9.724144e-05
2.5305997e-07
0.9999999
6.1992495e-08
9.646908e-08
0.87468773
6.5400236e-08
3.584776e-05
1.0
0.99490416
0.9999739
0.40711656
0.4077354
1.7137074e-06
0.99999535
4.1948147e-07
1.0
0.99999845
0.9999999
5.7735656e-07
2.180152e-06
0.4074459
0.99996936
9.8725515e-08
4.550897e-07
2.0565108e-06
0.9999993
0.9999988
0.9999963
0.99999905
1.0
1.8672006e-07
0.9999993
8.918443e-08
3.598535e-08
0.4073115
0.40757567
0.9999999
8.601227e-06
0.40763316
0.4067847
1.4647975e-06
0.14903532
4.847746e-08
2.4291699e-06
1.856897e-06
0.9999999
6.6167495e-08
7.550633e-05
1.6740765e-06
0.9999999
0.9996382
8.2941325e-09
0.40618858
7.8293695e-08
0.9999994
0.40774152
0.5265343
0.40615094
0.53914267
0.40761542
0.99999976
1.0
2.1054706e-08
1.7621943e-06
3.101135e-07
4.1645202e-05
0.9999993
0.9986841
0.99882025
3.0500247e-09
0.40751395
1.3982929e-06
0.40659666
0.22311495
1.0
1.2220229e-06
0.99796677
9.1981946e-08
8.78495e-08
1.3498412e-07
0.9999645
0.9999176
0.9997868
0.99999964
1.0
3.673033e-06
1.0
0.99999475
0.6079684
1.6497893e-06
4.8735005e-06
8.238868e-09
0.37537238
0.9999981
0.40768924
0.9368139
2.7629953e-06
3.2076987e-05
0.99981123
0.53442353
0.1939596
3.6982803e-07
0.9999938
0.9987116
1.0
1.0
1.610982e-07
4.5665436e-07
1.0
0.99999535
0.4067253
0.99999976
1.1140138e-07
0.40768206
0.7207528
1.0
0.5411023
5.5437386e-08
0.9999993
2.4211075e-09
0.53808147
0.9999453
9.859921e-07
1.0
0.40698746
1.2439328e-07
0.6322782
0.99999225
0.9999999
3.925584e-06
0.5412057
8.655366e-09
1.0
1.1181063e-09
1.7480075e-07
0.5606752
0.9999989
0.9999162
0.9999993
1.7151841e-07
6.6320627e-07
1.0219125e-06
0.99946517
5.1152035e-08
2.0193e-08
9.8508636e-08
2.532717e-07
5.2473748e-08
0.99999547
0.5408969
5.1181246e-06
2.3174132e-06
0.40695238
0.9999944
0.79070485
1.9821514e-06
0.9999999
1.0
0.9900309
0.40715474
1.0
0.9999999
1.3013661e-07
3.0772385e-06
2.6350388e-06
1.7641553e-09
0.99998355
0.40723795
0.99999785
0.4188462
0.8379931
0.99998856
1.0
0.99997854
0.99999046
1.5204965e-07
0.9999999
0.4076035
0.9997967
4.411484e-06
4.8037836e-09
0.54118717
1.0
0.5427565
2.7506704e-07
0.99922144
4.0556297e-06
1.7278051e-08
8.465484e-07
0.40675876
0.99785596
4.591019e-07
4.840751e-08
0.4076994
0.40739617
5.482254e-09
0.9999989
2.1900627e-05
2.8662512e-08
1.5498346e-08
0.9999974
0.98595375
1.9445947e-09
1.2099418e-06
1.0
0.9999919
0.93318176
7.6151937e-06
8.761657e-08
0.99908507
0.99994206
0.40767556
1.0920782e-09
0.9999944
0.5463622
1.8110342e-09
5.8640444e-07
3.664621e-08
0.40771058
0.9999999
0.9999949
2.3526832e-07
4.4474787e-06
3.7411248e-06
4.365739e-06
0.9996339
0.99999714
0.40772727
0.5368298
0.4076581
1.0
0.99999976
0.99999356
0.40726277
0.99952483
0.40708095
0.99998546
0.9999999
3.3425263e-07
1.4451442e-06
0.9981509
1.2401176e-07
0.9999999
1.7381199e-06
1.7565163e-06
0.40670016
1.8192566e-09
9.7021555e-08
0.99999964
1.0
0.99999976
0.4074487
5.696906e-08
1.5715747e-06
2.5367976e-07
0.99999964
0.4076178
0.012890022
1.2792482e-06
2.1229683e-07
0.99999964
0.53771055
0.99208516
0.40659872
3.4556487e-07
3.2560865e-09
1.12301595e-05
0.99996006
0.9999999
9.93517e-06
0.99999964
0.99997056
0.40772235
0.9999999
0.99998415
0.40682155
0.9856646
1.9036814e-05
0.39193743
1.0724686e-06
0.99999857
0.99855083
3.8333834e-08
1.6968625e-06
1.0
1.0
3.0361605e-07
0.9910234
6.3788534e-06
1.0
0.9999987
0.08665782
7.088324e-07
5.5747546e-06
0.40736753
1.6056052e-05
0.99999297
0.54607326
3.266663e-08
0.9989052
0.9992887
3.286518e-08
0.9999914
5.414523e-08
2.012922e-06
0.4067596
0.4066375
0.9999999
4.458784e-09
6.143321e-10
3.007002e-07
0.9999988
1.0
0.40729687
0.53662944
0.9951066
1.0
0.99989235
0.40643334
0.4072883
1.0
8.455594e-08
8.527611e-10
0.5388263
0.40745655
1.0
1.4127533e-05
2.724495e-06
0.9996556
0.9999999
7.405929e-08
0.40753826
3.902435e-07
0.7070087
2.1628591e-07
0.99707365
1.2420081e-05
0.9999999
0.4077504
0.40614974
0.5478523
2.3703653e-06
1.1537026e-06
8.6605365e-07
0.5437125
0.17409267
5.200563e-06
0.9999814
1.0
0.97612804
0.40697256
4.6497013e-07
0.9999201
6.1167375e-06
0.99988246
0.40760666
4.2542206e-06
0.4065665
3.5076812e-07
4.8067005e-08
2.022747e-05
0.4069544
9.5148984e-08
0.5443128
0.40772364
1.0
0.4077145
0.9999813
0.40719065
2.5338332e-07
6.525756e-07
6.8679924e-06
3.4441072e-07
0.9999993
1.1423543e-05
2.7305744e-09
0.40761715
1.0
0.9999999
0.4077245
5.839896e-08
4.5586415e-08
3.4517103e-05
0.9999968
1.2228595e-07
1.0
0.5302647
0.4071705
0.99999976
1.3747461e-06
0.9999298
1.0
4.435697e-08
0.9999261
0.99999106
1.1138549e-05
0.53959906
9.1704635e-08
1.0
0.99999976
1.0
0.9999751
0.9977937
5.3183586e-09
8.9812085e-07
3.291923e-05
1.5285156e-08
1.6559417e-06
0.9999956
0.959158
3.3139265e-06
0.9823194
2.371446e-06
1.0
1.6921487e-07
2.162351e-08
1.2923134e-06
0.1266724
0.54032665
1.5706437e-05
3.270738e-07
3.2522746e-07
0.9999995
2.0703943e-08
1.0
1.0
0.99930143
6.331592e-09
0.9991179
7.245394e-06
0.40710583
0.406111
3.32317e-07
0.5440269
5.918932e-08
0.6977402
7.6880396e-10
0.9999635
0.078344844
1.2188746e-06
3.3448893e-07
7.815263e-10
0.999884
0.99999833
0.99999595
0.407633
1.7729167e-06
0.6993632
0.5356154
1.0
2.8464017e-06
0.99472237
0.9974306
0.40774274
1.06768915e-07
0.40730223
0.99999917
0.9999993
3.1962938e-07
1.0
0.9999958
3.0447376e-07
3.3487588e-06
2.48145e-07
0.9999857
7.8212184e-07
0.99834263
0.99999666
1.0336266e-07
1.7727665e-07
1.1089872e-07
3.2319838e-06
0.54219246
0.9989159
0.9999956
0.99957436
0.40769854
0.5406519
7.927394e-07
0.99999976
0.9999987
1.0
2.0257411e-09
4.1856555e-07
0.40764955
1.3420582e-08
0.99984634
0.95907104
1.7675937e-06
0.99924386
1.0225202e-07
1.39404595e-08
0.99999785
0.4076029
0.54111373
1.0
6.0043027e-07
0.9938484
0.9999993
1.0
0.06786587
2.987833e-09
1.0
0.99941206
0.77619714
6.3350285e-06
0.8381103
0.99999976
0.9908969
0.9999999
0.9999653
0.9999999
0.99998844
5.1404745e-06
9.544307e-08
0.9918509
1.3725139e-06
4.4383646e-06
8.1540456e-08
4.778778e-07
1.4947203e-05
1.4173979e-07
0.99999714
0.22375576
0.4070942
0.5411751
1.0
3.9217607e-08
1.5889009e-09
0.9999995
1.1093347e-06
0.99999857
1.0
0.53931236
0.53319997
0.9997631
5.2538745e-08
1.3415523e-06
1.0
0.407698
6.1307077e-07
0.99997663
3.0538658e-07
0.603587
4.079682e-07
1.345264e-06
0.98610604
2.5901886e-07
2.2645043e-08
2.5254283e-07
2.6936013e-07
0.4077485
6.736824e-08
1.8673964e-07
0.9998165
0.9999999
0.40576598
1.1839845e-07
0.9999199
1.8815737e-08
1.3527824e-06
0.9999982
0.54067004
3.5502197e-08
0.5389488
0.40643078
1.0
2.3857643e-05
1.0
0.012955543
3.2669345e-07
0.40635142
1.0548076e-05
0.40770584
8.812402e-09
2.0349976e-06
2.5992554e-06
0.9998349
0.5361239
2.2639428e-08
0.99983156
5.7284253e-09
1.49224e-06
0.40766808
3.6622572e-09
0.9998524
0.5440039
0.99133193
7.6241164e-08
1.6659314e-05
2.9921403e-06
0.9932225
1.7360343e-06
0.99996996
5.4226615e-07
1.10223755e-05
0.5440845
4.353599e-06
1.0915019e-08
0.9999876
0.99999976
0.40731388
0.9999964
1.6417942e-05
1.5835517e-06
0.99999714
0.10320062
0.9868009
9.031162e-07
0.9999975
0.99994767
0.5384294
0.9999999
4.0674368e-07
0.99999857
0.99450123
0.9999974
1.0076837e-07
1.5006763e-05
3.883683e-09
0.40762383
8.338041e-08
1.0
5.8692643e-07
1.0
0.4073747
0.9304332
0.99999833
2.0248615e-06
4.735525e-06
7.2101025e-06
0.53163683
0.99999964
0.99999726
1.0
0.5462189
0.5416238
0.9989625
6.417584e-07
0.4068069
0.9788865
0.93107927
5.445443e-07
0.9999913
0.99999976
0.9999999
0.9999993
6.067829e-06
4.25354e-08
0.9999888
1.0
1.13916785e-05
0.54981554
0.40747818
0.9999999
3.8009194e-08
8.872953e-06
0.9999995
0.99833655
0.11351365
0.9999187
0.9999951
1.6222096e-08
3.356233e-07
1.4674638e-06
1.0
1.0
0.40764347
1.0
0.5384046
0.9999949
1.0
0.99999976
1.831103e-07
3.2548667e-06
0.99999964
1.4510993e-06
6.309615e-06
3.9050952e-05
0.72920793
3.2675922e-07
3.5118316e-07
2.7143333e-08
0.407662
0.9999999
0.40773097
0.99865484
5.2673377e-06
0.5413264
7.7810887e-07
0.40763044
3.356792e-10
2.868776e-07
1.5954633e-07
2.3892906e-07
0.34114704
0.4077636
0.99998724
7.092724e-09
0.99999845
0.40656617
7.41977e-07
6.5912175e-08
0.09691871
0.5432856
0.40764955
0.9554545
2.7055314e-06
0.40773597
2.5424723e-07
0.54478747
0.40626884
0.27661648
0.407732
0.40760463
1.0
1.2930576e-07
0.9999994
0.99998915
0.9892454
0.99353516
2.2517304e-07
0.9999919
0.9999994
0.30571806
3.5739794e-07
0.9999988
0.047888037
0.99999726
0.0035447513
4.0305878e-07
0.5413483
0.9999943
0.40770912
0.9999963
1.15686085e-07
5.954986e-06
8.4933525e-08
0.34622544
0.9999999
0.5403811
0.40762937
0.54850733
0.9999999
4.12044e-08
1.0
0.99999833
0.9855936
0.9999231
0.999688
0.40733027
3.3872757e-07
0.9999981
0.4077503
0.999998
0.40766788
1.0
0.5398057
0.99974996
1.0
9.8795506e-05
0.5427155
0.99999213
1.3550109e-06
0.99999905
7.4155747e-07
5.939175e-08
1.2045388e-06
1.6663466e-06
0.40771827
3.1460577e-06
0.546491
0.53741
0.9999958
1.1533153e-06
0.9998745
0.82130057
1.0283983e-06
3.3619193e-07
0.99984
0.98899883
0.40755522
0.9998783
0.99998486
0.99999833
1.7848416e-09
0.999998
4.0763143e-07
0.99985313
2.7096473e-07
1.6623366e-08
0.40634203
0.9998677
4.3538122e-08
1.0
0.40708917
0.9999447
0.4076786
1.674784e-06
0.9988933
0.99999964
1.0099037e-08
1.0
1.0
2.0734102e-07
0.99465126
2.9374953e-06
7.431537e-09
0.4067303
0.40737626
0.96375144
0.08592187
0.5410196
0.53803414
0.99899095
0.40775326
0.5428961
3.804666e-06
0.99603254
0.40767437
0.40764865
7.0051544e-07
8.455432e-08
0.9999521
0.40774924
0.52880067
4.2139087e-07
0.9999981
0.88215744
9.051393e-08
0.99999833
1.2257793e-08
0.4076467
0.9999994
6.7453095e-07
6.105041e-06
0.99999475
1.0
0.40760124
0.047022995
0.54545057
9.671282e-08
0.40742514
0.9999993
0.40728155
0.4077116
3.8883294e-07
8.919564e-07
0.40705827
0.4075249
0.40767014
0.99998796
0.99999833
0.99949265
1.9407333e-05
0.40771395
0.98263377
3.917036e-06
6.31871e-08
0.9359626
3.1611485e-09
0.9999999
0.9999999
0.99999976
1.0
4.315673e-08
1.0372012e-07
0.9928479
0.9999956
0.9999832
0.99990654
0.5396354
0.40717041
1.0
1.6955072e-07
0.99999
0.9999914
1.987437e-07
2.4991077e-06
1.6598516e-06
3.2909693e-07
0.99956447
0.9999995
0.99991703
4.860467e-06
1.0
1.093661e-05
0.5446082
1.0700396e-07
0.9999982
0.9999665
0.9999306
1.0
1.0
0.00043716893
0.4073946
3.8908383e-09
0.9993352
0.9973488
0.54409504
1.7122487e-07
1.0
1.0
0.5467036
1.0054064e-06
0.99999416
1.7868185e-06
0.9999492
0.99997735
0.9999982
2.6702884e-09
0.40776205
1.0
5.5779346e-05
4.03344e-06
1.8964035e-06
0.9999994
4.6924887e-07
0.65995336
0.99986374
0.99869436
2.2898256e-08
1.3353553e-06
0.99977154
1.0
9.72048e-07
1.0
0.53668046
8.2856765e-08
5.7515895e-06
0.00014091171
7.9998927e-07
0.9999987
0.40771195
4.7512535e-07
0.9981799
0.9996667
7.2211055e-06
5.5206947e-06
0.9999981
1.4105739e-05
0.9718236
1.266633e-08
1.5769245e-08
5.21239e-06
1.8023499e-07
0.9973654
1.0483526e-06
1.0087506e-06
0.99999785
2.6882785e-06
7.6091584e-07
0.5453634
0.05854595
1.3841502e-08
8.175613e-07
0.40759748
0.40765667
0.99998844
0.99999976
0.9999999
8.1306e-06
0.9990594
1.3846616e-07
0.9999968
7.8627704e-07
0.9999956
1.0
0.9999981
0.99999654
6.288952e-08
9.534827e-08
0.4072313
0.995837
0.4076106
0.33126804
0.43200374
0.53594095
0.40774906
0.98545814
0.8748523
0.40759525
0.9963393
0.9232849
0.9999999
0.5415542
0.99999964
2.1482167e-07
5.303865e-07
0.9990621
2.4477378e-08
3.4462263e-07
1.6216735e-07
1.5856295e-07
0.99904186
0.9999913
1.0
0.99999964
1.0191789e-07
1.0
6.328775e-07
2.465946e-07
2.688579e-07
0.9977276
4.9596783e-06
2.3819505e-08
0.4066222
0.9999982
2.0091786e-06
0.40777615
1.0780965e-08
9.671103e-07
5.938741e-09
6.8722835e-07
2.4901425e-08
0.9999963
1.2018258e-07
0.99999964
7.841377e-06
0.4077855
1.0579275e-09
0.99995255
0.32034627
1.1734448e-07
8.835014e-07
1.0
0.9999677
2.5391864e-07
1.603762e-07
9.651247e-07
0.40736276
0.77110153
0.9999999
1.2764945e-05
0.99999917
0.9885296
0.9999975
4.6438005e-09
1.0
1.7739653e-06
7.004386e-06
0.17808925
0.9999672
9.576693e-08
0.40726444
0.9999776
5.137065e-08
2.4803379e-07
5.6072547e-09
9.0254474e-08
0.9999987
1.0
6.6958155e-09
0.4076258
0.9999999
4.576595e-09
0.4218469
0.9999902
5.808799e-09
2.2522157e-07
1.0
2.556626e-06
7.761654e-09
0.9999982
0.40765607
0.9999999
8.4484526e-08
4.181182e-06
2.120945e-05
6.805449e-05
1.33802705e-05
0.9999914
0.40679884
3.506931e-08
0.40742382
1.0
0.544828
0.99984276
0.53703946
7.940852e-05
3.425543e-08
0.99999416
4.119385e-05
0.40771064
1.8977336e-07
0.40717146
0.9998975
0.40771908
0.00040226392
1.0
0.40771735
3.8528674e-06
0.2525884
0.9989956
0.99963236
5.8596e-07
0.99895406
5.880369e-08
0.4071658
0.070293956
0.9999999
4.3305176e-06
0.542002
0.9999795
1.6747249e-06
2.0002344e-05
0.9999993
5.0805006e-08
1.0
1.8133704e-07
0.99338526
0.40749526
1.0990161e-06
0.999956
3.783719e-07
3.219363e-08
0.53650826
0.9999989
3.0920063e-08
5.935539e-06
1.0
0.53862745
0.9999982
0.9999974
0.53980905
0.99999213
0.5387977
5.3953553e-09
1.0
8.789358e-08
0.4064403
9.396575e-07
6.366492e-06
1.0
1.4467035e-07
0.99991584
0.5415862
1.6511125e-08
2.5411165e-08
7.334208e-07
7.863056e-08
0.9999863
9.78878e-07
0.9999862
5.339798e-08
0.40773773
0.53915894
0.99661654
0.9999907
0.9860817
5.5227483e-06
0.99984837
4.5327265e-08
2.5276009e-08
1.1765207e-07
1.9794405e-05
5.5520788e-05
0.99999595
0.40750092
0.40773326
6.7493824e-07
0.070945255
0.99999213
0.99999976
0.99981946
0.9999738
0.9999958
0.9395172
0.9999684
0.99999976
1.2098133e-07
0.99961865
0.5423716
7.826711e-06
0.07090388
0.9999999
2.4012472e-06
0.9999894
1.8720289e-07
0.5428165
1.0
1.0
0.5457344
0.5441604
0.9999528
1.26244395e-05
2.5980702e-08
3.1892375e-06
1.3094906e-07
0.40768567
0.00010743579
2.3096425e-06
1.0
0.99999976
0.9672135
0.40773407
0.40756834
1.789334e-07
0.40763506
0.407724
0.51332533
1.4776804e-06
0.9998983
5.055335e-07
0.9999956
3.379422e-05
0.55726826
0.9999999
1.0
0.5430744
6.294794e-05
0.99197984
3.0481156e-06
0.9986754
9.861407e-07
1.4179608e-05
8.062329e-07
0.4073151
1.0
3.1962866e-06
7.7468513e-07
0.53960204
0.9999999
0.54618514
5.2890353e-08
0.9998969
0.99288756
1.0
2.5529348e-06
6.5759996e-06
0.9999993
2.7927322e-07
4.7117982e-08
0.4076753
0.5353142
0.54072183
0.4076487
6.739755e-08
0.9998511
0.5355547
1.2373741e-08
0.54246813
0.4070917
2.0534075e-07
2.2802235e-06
0.9999999
0.99999595
6.0731663e-06
3.3401516e-08
2.660219e-08
0.99913955
1.410209e-06
0.9984426
0.4069085
0.5406102
9.827882e-06
6.519225e-08
0.9999994
1.0
0.9999988
0.54891753
0.08935973
0.99999905
2.8676071e-08
2.6195981e-10
6.9745505e-07
0.99999917