0.5580863
0.99998474
0.4228581
0.5556404
0.42216766
0.0001775021
0.00014903759
0.99999225
0.42113405
0.59185475
2.4690858e-06
0.00015214572
6.0529375e-05
0.42059198
0.9999838
4.773055e-05
0.00011300495
0.998823
0.00015475806
0.4381309
0.9445287
1.1094574e-05
0.42284393
0.00010292845
3.3215652e-05
1.33742615e-05
0.48182988
0.99097276
0.42622638
0.9944026
0.00025272998
0.42093587
0.55578685
0.4224615
0.41919228
0.40394577
0.5243289
0.88873136
0.99988115
0.9999815
4.5881276e-05
0.36464852
3.4130273e-05
0.42217526
0.00016088142
0.00024657586
0.5981344
0.6633525
1.5287584e-05
0.9999721
0.9949511
8.369038e-05
0.9994942
0.9991283
0.53642535
2.8080321e-05
0.56408465
5.4145887e-05
2.5319921e-05
1.613881e-05
0.57823664
0.9998301
0.5535883
0.41984913
0.97760427
0.8145451
0.5760471
0.0010258778
0.5852366
0.5737625
0.999795
2.4288194e-05
0.65449697
0.1396039
3.0720323e-05
0.00011418497
9.318813e-05
0.5676074
0.4193644
0.41578367
0.00024093191
0.00043251517
0.42374548
0.9999801
0.9999143
8.951393e-05
0.603188
0.99983835
0.9997161
0.99812514
0.00014892322
3.3743465e-05
0.9998864
0.9971277
4.961495e-06
0.00017098067
0.99974805
0.9440664
0.9999943
0.9999831
0.42241415
0.42228878
0.00010843776
7.66512e-05
0.4176264
0.00023655834
0.00018957729
0.9480442
0.9983784
0.99999833
0.00016345426
0.42208225
0.9997137
4.779266e-06
0.4250804
0.0002695375
5.8973287e-06
0.0008674485
0.9994221
0.58938694
0.9997329
0.99999845
6.91959e-05
0.99998987
6.326015e-06
0.99540484
6.3761163e-06
2.7045564e-05
2.3803055e-05
0.99017173
0.9994265
0.99669975
0.00012935585
0.99868447
9.886223e-05
5.0007482e-05
0.41765496
0.99997056
0.4226921
0.000117172596
0.99998486
2.2480006e-05
0.9370741
9.396947e-05
0.8354841
2.7991504e-05
0.00023621575
0.31762755
9.892079e-05
0.000121341436
0.99331975
0.98967546
0.42023224
0.00019719555
0.0002124765
0.4021066
0.9977156
0.000101569094
6.5176915e-05
0.9985757
0.9999931
0.99886984
0.7158965
0.99935144
0.99671113
1.0585028e-05
0.60028887
0.57647073
8.124553e-05
3.0540505e-05
2.2659124e-05
0.4224445
1.8237193e-05
0.5456635
6.648331e-05
0.0002689727
3.376597e-05
0.99990654
1.1373203e-05
2.1188605e-05
0.4686874
7.1656075e-05
0.00019024819
0.99993885
0.98120683
0.9998921
0.42013833
0.42258465
9.840371e-05
0.9962542
0.0001017753
0.9991233
0.9999832
0.9986216
3.562515e-05
0.00031749002
0.42283976
0.9995726
4.065571e-05
0.00027742726
0.0026534316
0.9986135
0.9999467
0.9999949
0.99949324
0.9999441
1.792438e-05
0.9999943
0.00012031578
0.00017992452
0.42213178
0.42012277
0.98440164
1.0379585e-05
0.4228797
0.4192982
3.9299164e-05
0.23863128
5.693201e-05
3.5733454e-05
1.41261335e-05
0.99971014
2.8161283e-05
6.164549e-05
3.2630585e-05
0.9999871
0.99913245
0.0004149426
0.42197666
9.8538454e-05
0.99997866
0.4207031
0.5816698
0.41702825
0.5310378
0.42485082
0.9997936
0.9999982
2.2536953e-05
0.00019894095
0.00011448261
0.00016710802
0.9998536
0.992767
0.9797834
3.8046357e-05
0.42304033
0.018541336
0.42056984
0.38913637
0.99996996
0.00026277165
0.6268935
8.28167e-05
0.00012006558
9.948965e-06
0.99867576
0.90827084
0.99056107
0.99998224
0.9962525
0.00017636921
0.99996674
0.9997776
0.4335281
0.0003891944
0.0002246403
9.828724e-05
0.50320446
0.99985397
0.42586327
0.6184484
9.949019e-05
5.6704335e-05
0.72501487
0.24628353
0.22686909
5.417998e-05
0.9999213
0.992599
0.99864405
0.9999968
1.5921749e-05
4.1684896e-05
0.99998
0.9999615
0.4072807
0.98835063
0.0001237089
0.41897348
0.57174456
0.9999722
0.55775225
0.00012170751
0.99959165
0.000130849
0.57083964
0.99909437
5.2431362e-05
0.99448687
0.42172968
3.0100713e-05
0.9962549
0.9987186
0.9998536
0.00022939929
0.54529536
4.810989e-05
0.99999404
2.3032084e-05
1.979922e-05
0.5363203
0.9997845
0.9958241
0.9999765
1.5123032e-05
1.0836124e-05
7.2732444e-05
0.9998802
1.4319699e-05
6.973052e-05
2.2494482e-05
0.0001120459
0.0005307359
0.9999161
0.55251527
0.00027307184
0.00055285136
0.41955256
0.98785186
0.5682526
0.00033837967
0.9993357
0.9999168
0.67229867
0.42223918
0.9999963
0.99836403
8.112306e-05
0.00023651954
0.00013520778
3.6494715e-05
0.9997248
0.41316068
0.99993
0.7320607
0.6797463
0.84319323
0.9984686
0.9979831
0.9885007
0.00012419042
0.99997413
0.393159
0.9953135
0.00027139593
1.8466122e-05
0.5739563
0.9999665
0.64006484
0.00041600288
0.9998141
9.023443e-05
0.000118478805
2.455228e-05
0.4213462
0.99496126
3.205937e-05
7.6211996e-05
0.4222058
0.42188802
3.565285e-05
0.9999902
0.0008462467
6.289993e-05
0.001426099
0.99994135
0.99232227
4.7411097e-05
4.0691244e-05
0.9999989
0.9997125
0.96770257
9.981594e-05
1.0273435e-06
0.99399936
0.99759537
0.13131937
0.0001965665
0.99949276
0.58298844
2.0712947e-05
6.619844e-05
0.00020050687
0.42319775
0.99399745
0.9797876
3.378152e-05
8.9654364e-05
2.2841652e-05
0.000121376615
0.8620833
0.9996973
0.291605
0.45414153
0.4191342
0.999982
0.9989355
0.99996376
0.4255958
0.9736232
0.41925097
0.76900977
0.9997564
9.831639e-05
0.00028926757
0.9801067
0.0001039527
0.9999939
2.0749561e-05
0.00015295287
0.4203871
2.9896964e-05
8.165389e-06
0.9300342
0.999985
0.9997811
0.38289934
5.2418563e-05
2.818208e-05
4.861499e-05
0.99914443
0.4217975
0.2886158
0.00042128583
0.00010685434
0.99993277
0.54473567
0.9217043
0.40941107
0.00018037455
1.2954356e-05
0.00032658022
0.9989279
0.9999249
1.1470287e-05
0.99956316
0.99998057
0.41960117
0.9999529
0.9984622
0.42353615
0.99856997
0.0001293255
0.5512912
2.4699082e-05
0.9999732
0.6314354
3.303105e-05
0.00026527833
0.993666
0.9999883
0.00018122549
0.9505994
0.00011721059
0.99990857
0.997863
0.471296
0.00012918832
7.98484e-05
0.4216495
0.00016514983
0.99998987
0.5796697
3.6256337e-05
0.99609756
0.96766317
4.9367532e-05
0.9995454
9.789466e-05
0.00015541271
0.41774955
0.4213292
0.97098976
1.913618e-05
2.9382709e-05
0.00026219257
0.9999651
0.99993265
0.42132106
0.40238363
0.59876716
0.9999666
0.99588734
0.42237717
0.42517805
0.99989724
0.00030987227
1.8357314e-05
0.46444696
0.4120076
0.9998634
0.0002703585
0.00014449871
0.994292
0.9998994
5.3154552e-05
0.42565376
0.00015843636
0.1810905
6.0195798e-05
0.76927805
7.184738e-05
0.999985
0.4234408
0.42040634
0.5805055
6.252825e-05
0.0002525544
5.52115e-05
0.585831
0.54948896
1.5654621e-05
0.9998616
0.9999987
0.9687173
0.4236004
0.00010127093
0.9985958
0.00024091837
0.99992394
0.423287
1.2294212e-06
0.13125108
4.2303694e-05
6.5820066e-05
4.0189858e-05
0.42401546
2.9672177e-05
0.5527359
0.42246002
0.99998784
0.42115325
0.76695377
0.41678348
1.9312214e-05
0.00018970946
0.00018784148
9.85036e-05
0.99995744
9.674882e-05
2.1617778e-05
0.42174795
0.99922144
0.9999114
0.42293125
2.5067147e-05
0.0030389142
0.00016608075
0.99997354
9.436602e-05
0.9999646
0.22095504
0.4198547
0.9999981
0.00041599353
0.9966903
0.990243
3.809635e-05
0.9706336
0.80959696
0.00017915056
0.5457388
5.1083738e-05
0.99998784
0.99474925
0.9999906
0.9689848
0.9982331
0.00010386114
0.00010807676
0.0018751213
4.5017583e-05
0.0001448237
0.9979481
0.8535134
0.0003388888
0.77368134
9.963734e-05
0.9991604
2.6791911e-05
1.3536533e-05
3.166978e-05
0.54460096
0.5480044
4.9967584e-05
0.00018338599
0.00014182227
0.9986395
1.6649134e-05
1.0
0.9999932
0.97156274
2.0090876e-05
0.6477497
0.00025520733
0.42208558
0.42013294
1.6988744e-05
0.57171386
2.8836788e-05
0.8733265
3.58744e-05
0.99456364
0.5112653
4.3574964e-05
0.00024954282
3.1179574e-05
0.99050844
0.9998055
0.9999341
0.34322852
2.9697374e-05
0.95215183
0.41469568
0.99855095
0.00011867929
0.99734193
0.83989817
0.42384446
2.489384e-05
0.42124948
0.9821333
0.99997306
5.0051807e-05
0.9997131
0.99920505
1.772345e-05
5.46816e-05
0.00018208686
0.99656564
1.7142098e-05
0.57948625
0.9997347
4.7335245e-05
9.867724e-05
4.8143716e-05
0.00037707045
0.59259605
0.9966107
0.9999417
0.99734914
0.4227239
0.6208908
0.00024298715
0.97132933
0.9898981
0.9999988
1.6273782e-05
0.00015777786
0.42081907
6.6686436e-05
0.99955744
0.57319385
0.00067215675
0.9983012
0.00019002229
6.9012305e-05
0.9997433
0.34788665
0.5431919
0.9996087
6.4802134e-06
0.9861827
0.990537
0.9999654
0.3624554
2.5777377e-05
0.9998758
0.99929965
0.5484106
0.00015686131
0.7085581
0.99980205
0.9900327
0.996067
0.9976283
0.9992932
0.9999188
4.097124e-05
1.2493078e-05
0.9826529
0.00030203754
3.7424848e-06
9.694045e-05
0.0001712517
0.00010827079
3.3956778e-05
0.9987704
0.53580236
0.42051288
0.5466362
0.9860562
7.8955854e-05
9.935963e-05
0.9999639
2.8104887e-05
0.9997315
0.9998709
0.5750972
0.41425037
0.9993913
3.646744e-05
7.236529e-05
0.99999714
0.4222054
9.5776544e-05
0.9995566
0.00010422605
0.49809515
9.769143e-06
0.00014747928
0.60408056
0.00010345617
1.8843855e-05
7.633324e-05
6.8706854e-06
0.423765
1.5956299e-05
6.256851e-05
0.9983923
0.9998258
0.40606123
0.00012819961
0.99819845
1.0232425e-05
0.00019230835
0.99985623
0.57242215
7.596109e-05
0.4844737
0.41865927
0.99725866
0.00015677519
0.9999999
0.22219467
4.7931022e-05
0.4211063
4.9654236e-06
0.4215301
6.519414e-05
0.00027338497
0.00018657555
0.99718106
0.41632485
1.7403641e-05
0.9990792
7.014194e-05
0.00037294388
0.42263928
9.804255e-05
0.9991678
0.5614118
0.8029304
2.7992332e-05
4.0859417e-05
4.3656073e-05
0.96806794
4.176806e-05
0.99957675
2.7658596e-05
1.7862625e-05
0.5675728
8.876074e-05
3.7702725e-05
0.99982846
0.9999975
0.35095888
0.9998227
0.00019748852
1.561426e-05
0.77235514
0.7897402
0.9598528
0.00021882902
0.9999776
0.99896944
0.5383474
0.99999535
7.1860675e-05
0.99980706
0.99293774
0.9999472
1.1361387e-05
0.00010226025
5.1771156e-05
0.39711276
3.3624612e-05
0.9999385
9.678656e-05
0.9999913
0.4255352
0.853913
0.99998736
0.000105427454
0.00024342308
0.00031970337
0.54524934
0.99961025
0.99538124
0.99997795
0.6060771
0.5333051
0.9262524
0.000109236586
0.42200497
0.6857837
0.76404256
0.0003338343
0.9998191
0.9956463
0.99983835
0.99857664
0.0002999905
2.1853268e-05
0.9996568
0.99999785
0.00015749723
0.5326542
0.42014253
0.9999989
0.000105407555
0.0004258996
0.99993837
0.9944279
0.3677214
0.99990356
0.9111961
7.336823e-05
3.1134172e-05
4.304914e-05
0.99999845
0.9999865
0.4148525
0.99998224
0.5297119
0.99977857
0.99999714
0.7779228
6.313472e-05
0.00012969674
0.99964976
0.00018854902
0.00011768958
8.6216685e-05
0.98859406
0.00017481281
3.7764294e-05
4.9523467e-05
0.41991636
0.9999838
0.42174545
0.9870848
8.720936e-05
0.5515626
7.009374e-05
0.37129784
0.027807815
0.0010245977
0.00039364482
5.9882732e-05
0.55054766
0.42318124
0.6825357
4.823742e-05
0.9987288
0.42267776
7.26871e-05
5.7939294e-05
0.3804186
0.55442005
0.42225286
0.5864314
0.0013211021
0.4197457
0.00028100985
0.5854197
0.42223072
0.22776374
0.4218839
0.4238259
0.999992
0.000113538525
0.999966
0.9994388
0.99622226
0.99453694
2.5361776e-05
0.9999999
0.9999125
0.5353583
2.4718403e-05
0.9999745
0.27948013
0.9990588
0.42179897
7.4442964e-06
0.5401354
0.99905807
0.42242023
0.99988604
3.846854e-05
0.0013969031
2.6358293e-05
0.31399858
0.99988484
0.5449433
0.41647568
0.6220228
0.9999279
0.0001876
0.99947315
0.9999565
0.9897379
0.9914185
0.94808245
0.42170396
1.0258669e-05
0.9995641
0.4235496
0.9997987
0.421861
0.99948823
0.5648143
0.99291646
0.99926084
1.5030706e-06
0.5458478
0.9999199
0.00020385472
0.9995659
0.0006231489
5.782344e-05
0.00021343936
0.00012615851
0.42203653
8.754932e-05
0.58529204
0.5375905
0.9999597
4.8164016e-05
0.99075633
0.55189043
3.678964e-05
4.4687124e-05
0.9893742
0.966247
0.42212048
0.9908494
0.9956577
0.9999064
3.8230897e-05
0.9999466
0.00027604762
0.9996853
0.00015945027
1.9737705e-05
0.42153
0.9991115
5.097386e-05
0.99999976
0.40891835
0.9997569
0.42178747
0.00014804146
0.97232586
0.99999523
8.703229e-06
0.99959785
0.99983764
6.626937e-05
0.64942044
1.4419806e-05
1.0352546e-05
0.42303953
0.35412705
0.9364386
0.34659573
0.559971
0.411494
0.9729878
0.4235496
0.5668305
0.00020255582
0.921873
0.42063114
0.42246908
3.099092e-05
2.2422475e-05
0.9999614
0.42284095
0.5558927
8.631944e-05
0.999759
0.76885986
4.2621326e-05
0.99983406
1.4877419e-05
0.4209642
0.99065304
0.00019142254
0.00014966034
0.9998186
0.99999714
0.42109498
0.3276551
0.5841904
0.0001376423
0.42062315
0.9999924
0.42083603
0.42215976
0.0004014072
0.00020422417
0.41398183
0.4180086
0.42720118
0.99637324
0.99932027
0.79506296
0.0008518444
0.42110902
0.98794633
5.9804315e-05
5.416991e-05
0.5917377
1.2660018e-05
0.9998903
0.9999925
0.9999614
0.9999751
3.038091e-05
0.000112609625
0.6340629
0.99995387
0.99993217
0.99979705
0.57747144
0.4212686
0.99999976
9.438203e-05
0.9999832
0.99997926
2.4936131e-05
0.0005172429
9.0912e-05
0.00018687821
0.9999877
0.99919873
0.9999521
2.5540196e-05
0.9999951
0.0004243541
0.55609375
3.4680954e-05
0.99664164
0.9996333
0.9998561
0.9994837
0.9992199
0.0013674365
0.41820973
1.4650933e-05
0.99031657
0.65668046
0.5024422
6.131278e-05
0.9999285
0.9999778
0.60452545
5.3786523e-05
0.99995196
0.000112348775
0.97512686
0.9987684
0.9998785
2.9971643e-05
0.42348373
0.998871
0.00025789527
5.181778e-05
0.0001528199
0.9999492
0.000115533214
0.5887072
0.9873061
0.9839117
6.243673e-05
0.00018011402
0.9869528
0.999838
2.1977641e-05
0.9997471
0.43024918
4.5336652e-05
0.0011761313
0.00014710837
1.11536e-05
0.9987866
0.4211842
7.797737e-05
0.97156256
0.99820745
0.0001709898
0.0009566771
0.9999609
0.0013848981
0.99127144
1.6049928e-05
2.4376648e-05
0.00033444914
0.00012133068
0.8856207
5.885059e-05
0.0002491565
0.99972576
1.946342e-05
2.4409914e-05
0.56320226
0.11654188
0.00014699099
4.7421407e-05
0.42234445
0.42221853
0.99964154
0.99864894
0.9992329
0.000106824285
0.6814205
0.00022538862
0.9992403
9.207797e-05
0.9999577
0.9976102
0.9998907
0.9896701
7.2016155e-06
7.1397217e-06
0.4225408
0.94367284
0.42329618
0.57135
0.33467987
0.7376607
0.42331764
0.74575293
0.6214971
0.41864786
0.5925513
0.96741205
0.99992454
0.43024617
0.92273146
0.00029253354
0.00032287545
0.99941874
0.00012340798
7.4485164e-05
3.28623e-05
3.9869847e-05
0.6582704
0.9992112
0.9999976
0.99758327
0.00010582147
0.9999763
0.00045523237
0.00016749838
3.3605386e-06
0.862418
4.892096e-05
3.2537988e-05
0.42037818
0.99986184
0.00075963914
0.4236005
1.2966048e-05
9.8712255e-05
0.000110056084
2.4879599e-05
2.1267133e-05
0.9998747
8.7521774e-05
0.95514864
2.5443269e-05
0.42214742
3.8211398e-05
0.99941087
0.29108468
4.6862788e-05
3.6603673e-05
0.99999833
0.9998191
8.995204e-05
3.861884e-05
0.00014838629
0.42354283
0.71901655
0.9999963
1.26047225e-05
0.98403704
0.960726
0.99976677
4.9552e-05
0.9996563
6.7426154e-05
4.0622344e-05
0.5624063
0.9708603
9.151693e-06
0.41901004
0.9981116
3.5306555e-05
8.9545174e-05
2.5479545e-05
0.00011200755
0.99971086
0.9994616
1.7819137e-05
0.4276834
0.9973968
2.2671013e-05
0.5936282
0.96164995
4.0518735e-05
0.0023514659
0.99967194
0.00028320862
6.7318026e-05
0.99990857
0.42219883
0.9999815
4.0474013e-05
0.0001568184
0.0003174976
0.0008855605
2.1595235e-05
0.99996746
0.4067706
1.1876447e-05
0.4253421
0.9999434
0.66548496
0.9988304
0.41160423
2.8026307e-05
1.2418399e-05
0.99101686
0.0007997204
0.42133465
0.0003270535
0.4234063
0.99872357
0.4224111
0.006240203
0.9999931
0.42152995
0.0005961441
0.33214772
0.9593942
0.99156255
3.5820147e-05
0.9971136
3.2104712e-05
0.41998482
0.4127768
0.99743265
4.976918e-05
0.5496135
0.9982845
8.13713e-05
0.00018896062
0.9999598
6.024185e-05
0.9999665
1.7410117e-05
0.9841562
0.42433324
3.0086392e-05
0.9992138
0.0008153108
2.5282643e-05
0.40107125
0.99563366
1.9656312e-05
2.4682293e-05
0.99991035
0.5555847
0.9999944
0.99981445
0.5271127
0.99660033
0.5499533
1.3879797e-05
0.9999951
2.7531438e-05
0.42271757
0.00018363497
2.192357e-05
0.99999654
1.9958517e-05
0.9843381
0.55532235
2.3732588e-05
4.141277e-05
6.883524e-05
2.496302e-05
0.99914634
3.55493e-05
0.9993611
4.9131577e-05
0.4225145
0.5440335
0.998139
0.9997545
0.9940287
5.768619e-05
0.64485085
5.102643e-05
2.2215441e-05
5.4303487e-06
7.803345e-05
0.00039653006
0.99964833
0.42128888
0.4219896
6.806734e-05
0.27796748
0.9999808
0.99993455
0.9989937
0.9999536
0.94881207
0.61109763
0.99983513
0.999798
7.965895e-05
0.9773278
0.5641129
0.0002140285
0.38527375
0.999974
0.00022960082
0.9997204
1.5568123e-05
0.5503894
0.99999857
0.9999665
0.5791664
0.5823483
0.99962986
5.645248e-05
8.362265e-05
0.0002751613
3.899822e-05
0.33340168
9.428686e-05
0.0002147767
0.99976677
0.99844617
0.96652883
0.42103088
0.41989696
0.00023092865
0.42274496
0.42207253
0.37386206
8.406183e-05
0.99246985
7.626546e-06
0.9963283
6.979844e-05
0.28919917
0.9999292
0.9945462
0.58317244
0.00013705909
0.9995596
0.0007759254
0.6407343
0.00025203192
2.0608597e-05
8.950309e-05
0.4229897
0.9990054
7.6513104e-05
8.086192e-05
0.5401043
0.99991786
0.58494586
8.722682e-05
0.9890387
0.93346435
0.99999404
0.00021677521
0.00019162563
0.999858
3.3858476e-05
2.9309944e-05
0.42778042
0.43151006
0.54046994
0.42033303
0.00013006556
0.9991373
0.55955815
1.7912282e-05
0.54729646
0.41895846
9.159491e-05
0.00019470282
0.99999154
0.99985147
0.0004164532
3.813972e-05
0.0003013886
0.9595556
0.00020466803
0.99556017
0.17172335
0.5988873
0.00011706515
2.0143558e-05
0.9987478
0.99991775
0.9998976
0.669544
0.3094258
0.9999994
2.562016e-05
1.033557e-05
0.0004101248
0.99723035