0.5529107
0.9999801
0.43203297
0.5430704
0.43150592
0.0003129862
0.0005796858
0.99997246
0.43133894
0.5040232
0.034503877
0.00015077041
0.00062330096
0.4307865
0.99995756
0.00093522534
0.0015408063
0.86922085
6.0699258e-05
0.53072
0.9708901
0.0004443344
0.43127835
0.00112303
0.00016855453
0.0001198046
0.52174175
0.9724462
0.43052936
0.9996834
0.0006445223
0.43113378
0.39312786
0.43142837
0.4314045
0.4311725
0.53667986
0.9996737
0.99996233
0.9999224
0.00019165083
0.5220077
0.00027016294
0.43138182
0.0010308586
9.9336896e-05
0.53681135
0.6593519
0.00022598771
0.99997234
0.9990152
0.00084374624
0.99868923
0.99908566
0.52441084
0.00036818013
0.5389193
0.00014459272
0.0008890823
0.00012472435
0.5566167
0.9989011
0.55510676
0.43203297
0.975568
0.5553592
0.5580864
0.00015156117
0.9213074
0.5536204
0.99889475
0.00014031879
0.9618176
0.072204165
0.0020608893
0.00010267239
0.0008513335
0.55113536
0.43203297
0.43127143
0.0002864586
0.00031734505
0.43123406
0.9997836
0.9998828
0.00040351538
0.54117024
0.9999145
0.99994993
0.99995625
0.00016655063
0.00021504534
0.9976368
0.9913994
0.0038354574
4.3448617e-05
0.99992526
0.8386442
0.999954
0.9999676
0.4314965
0.43147334
0.00058421964
0.00038849958
0.4312847
0.0012557439
0.00013537897
0.9863586
0.99947363
0.9999871
0.00014011329
0.43146354
0.99999964
5.8070113e-05
0.4314004
0.00014499339
0.00024162825
0.000520397
0.99534506
0.83026373
0.9998412
1.0
0.00016932242
0.99997973
0.00026064974
0.9998274
6.002504e-05
0.000121784935
0.0004316523
0.9900926
0.99921715
0.9876479
0.0002503242
0.99756765
0.00011278082
0.00031032105
0.13771297
0.9999813
0.43143606
0.00034799197
1.0
0.000341035
0.9909016
0.00069523277
0.9006622
0.00023779167
0.00035312536
0.43225417
7.321678e-05
0.0013080001
0.9885511
0.99932206
0.43123147
9.139659e-05
0.00023479822
0.42549253
0.9999964
0.00046305556
0.0003935632
0.9983537
0.9999821
0.9999037
0.08567796
0.99846566
0.9994491
0.0002861226
0.5630721
0.5361683
0.00034707587
0.0006681462
0.00020720313
0.4314354
7.59377e-05
0.33869722
0.00026195296
0.00065667945
5.3841894e-05
0.9997584
0.00012787715
0.00027038506
0.15545075
0.00044438543
0.00016830319
0.99995685
0.9969976
0.99998116
0.43133038
0.43134838
0.00017244703
0.99887484
0.00016541996
0.9999473
0.9992131
0.9993686
7.4178104e-05
0.0002887322
0.4314389
0.9990073
2.2589262e-05
0.00065526343
5.6160057e-05
0.9983327
0.99997675
1.0
0.99762946
0.99999905
4.56219e-05
0.99995136
0.00010811099
0.00010619236
0.4312777
0.43124956
0.98873967
6.311618e-05
0.43148533
0.4314952
0.0002031771
0.04566505
0.00044973454
0.00051228376
0.00064557296
0.999987
0.00023843847
0.00036835356
0.0007205018
0.9999348
0.99745756
0.00020219189
0.43136942
0.00057793834
0.99982506
0.4313663
0.22898023
0.43149796
0.53472114
0.4306934
0.99999464
0.99999917
0.00025851143
0.00014822508
0.000133559
8.26147e-05
0.9995173
0.99196106
0.78222615
0.00051567645
0.4313011
0.010036214
0.43120417
0.3659209
0.9999924
0.0004847264
0.60090274
0.00423598
0.0006098226
0.00014615258
0.9906957
0.8823675
0.99975723
0.9998086
0.9999838
0.00086029543
0.99994767
0.999666
0.25650927
0.0008843366
0.00025665702
0.00096352905
0.23467422
0.99987555
0.43899164
0.6541222
0.00018155202
0.00039275235
0.79407775
0.5261882
0.15012993
0.00037084694
0.99988616
0.8732338
0.9999783
0.9998894
0.0046221567
0.00036878802
0.9999411
1.0
0.4220691
0.9997638
0.00017627254
0.43572757
0.8079756
0.99995613
0.5387068
0.00035961714
0.99994636
0.00013585188
0.4987181
0.99956805
9.606377e-06
0.9997789
0.43093768
0.00040137675
0.71396124
0.9985435
0.9999652
0.00021765873
0.5490895
0.00018389554
0.9999937
0.00036714092
0.0008963797
0.40133467
0.9999269
0.9943738
0.99999154
0.00024784345
0.0011347736
0.00011533905
0.9986455
0.0005049675
0.00024903135
0.00018599509
0.00033204508
0.00015580293
0.99516135
0.5314379
8.0395606e-05
0.0007446173
0.43203297
0.99949324
0.43920988
0.00038152866
0.99992347
0.9999918
0.74418974
0.4313572
0.99999356
0.9994925
0.00010610612
0.00026695774
0.00016636716
0.00057181524
0.99830425
0.50486624
0.99990916
0.83141977
0.39868456
0.99088764
0.99914765
0.9981548
0.99707484
0.00014817182
0.9997851
0.50511533
0.9911335
7.6516895e-05
0.0006155153
0.5379118
0.99998903
0.54609644
6.960947e-05
0.9977477
0.0006116856
0.00082743546
0.000465186
0.43091968
0.92205244
9.027444e-05
0.00045321402
0.43169948
0.431477
0.00043973268
0.99972504
0.00022617674
0.00061209535
0.00020769073
0.99988735
0.9834125
0.00070201047
0.0003587554
0.9999939
0.9970487
0.9689461
0.00011128786
0.0012585297
0.9924712
0.9761001
0.49732184
0.00061031105
0.9993969
0.55221194
0.0006619052
0.00051890186
0.00069022464
0.43140003
0.99963176
0.976723
0.0002757412
0.00024094776
5.0912207e-05
0.00087684725
0.9796591
0.999405
0.45321268
0.5243339
0.42153728
0.99993205
0.9998375
0.9984862
0.43018958
0.9983045
0.4312352
0.99870145
0.99998915
0.00054987735
0.0002879526
0.98609585
0.000549058
0.99979526
0.00035648112
0.0027547025
0.43133083
0.0006452242
0.00015921798
0.9932006
0.99999833
0.99986196
0.507072
0.00019254998
0.00020037174
0.00013495918
0.9994462
0.43203297
0.04328799
0.00017372775
0.00013705007
0.99996364
0.5430704
0.9209161
0.4312309
0.0005320249
0.00021339377
0.0008069786
0.99900913
0.9999676
5.428818e-05
0.9995389
0.99978644
0.43203297
0.99925286
0.9811824
0.43203297
0.997775
0.00013483364
0.38166714
0.0017454387
0.9996687
0.9523299
0.00016495278
0.0010802025
0.99983966
0.99982506
0.00022305602
0.99897707
0.00034306195
0.9999746
0.9980913
0.10672194
0.00044193715
9.5844334e-05
0.43203297
0.00039693053
0.9999474
0.55084956
0.000578971
0.9776243
0.9883306
0.0004019747
0.9910512
9.210818e-05
4.720213e-05
0.4313049
0.43058974
0.99978703
0.00042781758
0.0018812976
7.084813e-05
0.9998884
0.9998196
0.43104142
0.5253041
0.981573
0.99998724
0.99937445
0.43203297
0.43237162
0.9999602
2.9774816e-05
0.00043127942
0.53193164
0.41381633
0.99974567
0.00040877447
0.00058403396
0.9952047
0.99995995
0.00019718033
0.43128273
0.0005800273
0.059069153
6.326617e-05
0.7841575
0.000315045
0.9999974
0.43145105
0.4304487
0.55765176
0.008578309
0.00083080743
0.00040180265
0.55094135
0.26379883
4.2662683e-05
0.9998926
0.9999989
0.9749435
0.43185943
0.00041412067
0.96390516
0.00015466881
0.9999683
0.43146962
0.008148353
0.50390065
0.0005784271
0.00042405064
4.484597e-06
0.43808144
0.00024863397
0.54994166
0.43130732
0.999926
0.43123928
0.99855834
0.42197448
0.0001053346
0.00043143757
0.00063624274
0.0016407727
0.9999193
0.0016660421
0.0004344851
0.43114504
0.9998894
0.99996924
0.43140048
0.00049606554
0.08473344
9.229686e-05
0.9992587
0.00030780147
0.99996316
0.5306578
0.43131799
0.99998057
0.00030194427
0.99592113
0.99687
0.0005791578
0.99482524
0.996902
0.000119172924
0.5336322
0.00024822797
0.99999416
0.99966896
0.9999821
0.9934069
0.9895466
0.00016949461
0.00043768788
0.0010194198
0.00012700295
0.00043095948
0.9997894
0.41500816
0.0008183986
0.37004185
0.00011846559
0.99999666
0.0076638293
0.0004001496
0.014680875
0.39788908
0.5456951
4.0759514e-05
0.0005686041
0.0011981918
0.97523993
0.00042859925
0.9999981
0.9999964
0.92945373
0.00061218167
0.8324768
0.00081806845
0.43061715
0.43147734
0.0010535276
0.5482535
8.850921e-05
0.7040842
0.0007553912
0.99660516
0.09567689
0.00042268756
0.000138784
0.00059667305
0.99947554
0.9999286
0.99987805
0.44505015
0.0008900465
0.70919967
0.5258774
0.9995883
0.0002576323
0.9979267
0.69978005
0.4314757
0.0005588876
0.4313492
0.99705124
0.9997347
0.0036163193
0.9998977
0.99227685
0.00020643092
0.00032832532
0.00015168116
0.9922625
0.0041513145
0.3404248
0.99941397
0.0005219511
0.0006433474
0.00026043487
0.003201374
0.54079586
0.9924664
0.9972276
0.99492353
0.43138736
0.55183667
0.0009969458
0.9995426
0.9999628
0.99999917
0.00025852598
0.00014303996
0.42518735
0.00050065573
0.99730897
0.59520894
0.00029741327
0.98878646
0.0014180081
0.0005287298
0.99794286
0.4672286
0.53879416
0.997106
0.00020425748
0.9957639
0.99264574
0.9999511
0.24772319
0.00029842983
0.9997713
0.9990866
0.40185168
0.00035693508
0.54981285
0.99983895
0.96342885
0.9995721
0.9874155
0.999432
0.9935313
0.0043199765
0.00028520531
0.997471
0.00044297305
0.0031690716
0.0012460212
0.00043056055
0.00056353
0.00034519576
0.9992912
0.686228
0.43138134
0.55074966
0.9994209
0.0020652981
0.0011831163
0.99985576
0.0001937321
0.9991817
0.9998548
0.53509176
0.5285803
0.99948514
0.00046311363
0.0063000526
0.99999595
0.43123087
0.00017673385
0.99981254
0.00043336867
0.36508986
7.252494e-05
0.0002360037
0.7911069
0.00033586685
0.0003116748
0.00022082332
0.00060468254
0.43138734
0.00027244046
0.00057787524
0.9987942
0.9994406
0.4172697
0.0003328276
0.9967527
0.00040153673
0.0006244375
0.99995685
0.53353786
0.00031845827
0.52876395
0.43150628
0.9998915
9.5842595e-05
1.0
0.013140655
0.000316164
0.43134838
0.0033526486
0.43144938
0.00062986964
0.00040002452
0.00067185925
0.9983802
0.5229526
0.000220749
0.9905065
0.00032274987
0.0008996448
0.43023622
8.243496e-05
0.99940264
0.55542976
0.84972215
0.0004044653
0.0031096246
0.00012843024
0.99686867
0.00045362202
0.9962896
0.00021237906
0.0014899827
0.5540645
0.0006336968
0.00024767456
0.9997434
0.99987805
0.4614462
0.9994134
0.00016246927
0.00020751811
0.9974475
0.5236173
0.8930941
0.00068097375
0.9987974
0.99999905
0.5294029
0.9999914
0.00014368095
0.9998646
0.9124011
0.9984189
0.00023675803
6.337299e-05
0.00017189053
0.5036196
0.0005575346
0.99998736
0.00017912888
0.9993969
0.43055862
0.93310255
0.98008096
0.0006712884
0.00034770824
0.00029827282
0.115620404
0.9998826
0.9995116
0.99993
0.5704609
0.5436976
0.98488104
0.00016729393
0.43129936
0.9186014
0.9594052
0.0036394
0.9997557
0.999944
0.99998903
0.99924856
0.0017617934
0.00024016452
0.9850382
0.99999905
8.740342e-05
0.21867125
0.43203297
0.99972266
0.00024704885
0.0010793066
0.99985003
0.93695
0.29225877
0.99999034
0.9987814
0.00025867243
0.0003247416
0.009624203
0.99999905
0.99996984
0.43146092
0.9999974
0.53514194
0.9995435
0.9998716
0.9989297
0.0002940934
0.0005955796
0.99987257
0.00015901073
0.00013616715
0.00013205141
0.9916653
0.00031945232
0.00034499707
0.0002460634
0.43131295
0.99995446
0.43203297
0.97854143
0.000102385544
0.5496164
0.0002473095
0.4679516
0.06266311
9.868408e-06
0.0006316602
0.0006049322
0.3289153
0.431434
0.9717613
0.0006458957
0.998919
0.431468
6.1201026e-05
0.00036091814
0.21875718
0.5463901
0.43137488
0.16079716
0.00023209192
0.4313583
0.0013952119
0.5510067
0.4314877
0.041676912
0.4314555
0.4312917
0.99999976
0.00083370326
0.9997365
0.99950254
0.9567568
0.9878853
0.00013464825
0.99999523
0.99991834
0.23295037
0.00044491654
0.9996356
0.10686187
0.99937683
0.2862545
0.00024006102
0.53049505
0.99981445
0.43139905
0.9999411
0.00045591153
0.00015401845
0.0013481798
0.058964185
0.9999944
0.54186267
0.43075424
0.5740968
0.9998248
0.0001411286
0.99987006
0.9992737
0.9797249
0.99526995
0.91884005
0.4312638
0.0009305102
0.9956801
0.43144315
0.9989311
0.43095845
0.9999974
0.5339802
0.99484044
0.9999932
0.023899818
0.5372438
0.99999976
0.0006707173
0.99876046
0.0005671257
0.00070080394
0.00020828386
0.00021835591
0.43147823
9.2227005e-05
0.5644349
0.5398418
0.99920243
0.0013226647
0.99589455
0.61546606
0.0018699772
0.00056287355
0.988255
0.9987104
0.43137544
0.99790335
0.99914825
0.99964976
0.00061071373
0.9995449
0.0009759825
0.9892786
0.00020002281
0.0004222413
0.4313282
0.99808854
0.0005385661
0.9999926
0.4290223
0.9997862
0.43130177
0.00015985353
0.9911772
0.9997521
0.00016959211
0.99999845
0.99900013
0.0005842667
0.8387288
0.00021981708
0.00018679982
0.43203297
0.49077713
0.8102734
0.3116037
0.550274
0.51982695
0.9749264
0.43139696
0.55892307
0.00018770702
0.99489826
0.43587804
0.43128178
0.00022315429
0.00027643662
0.9999976
0.43149874
0.5249814
0.0001942376
0.99992585
0.67411894
0.00019970762
0.9997042
0.00023169834
0.43178365
0.99880135
0.005505991
0.0004893382
0.9998381
0.9998344
0.43203297
0.15627493
0.5596376
0.00024677106
0.43203297
0.9999666
0.43209252
0.43122938
0.004027251
8.306631e-05
0.4312718
0.431479
0.41263115
0.99644744
0.99999905
0.8621932
0.0003462526
0.43144232
0.94600046
0.0003916124
7.671723e-05
0.9175922
0.0004188845
0.999632
0.9997924
0.9999001
0.9999908
0.00014295407
0.001025229
0.71797997
0.9995535
0.9998159
0.98464847
0.5351716
0.43137017
0.9998814
7.399279e-05
0.99916434
1.0
0.0003038241
7.662701e-05
0.00012371043
0.0008898341
0.9991198
0.9999939
0.9996063
5.168177e-05
0.99999845
0.00034529236
0.5516818
0.00031818027
0.9997702
0.9985758
0.9981869
0.9999956
0.9989743
0.0008932992
0.4313184
0.00025287003
0.9947661
0.979675
0.5451565
0.00047197004
0.99997914
0.9999932
0.56823826
0.0002349888
0.99994504
5.274942e-05
0.9290709
0.99502015
0.998703
0.0006085279
0.4312681
0.99956197
0.00041908142
6.154534e-05
0.00046935576
0.99952674
0.0001571038
0.19953683
0.9966875
0.9707752
0.00021063427
0.00044618265
0.9933209
0.9997385
0.0003033639
0.99998534
0.5222519
0.00030639465
0.0028674519
0.030017411
4.9129514e-05
0.99958473
0.43130898
0.00020952377
0.99674916
0.99271566
0.00175687
0.0044507855
0.99981827
0.0025407122
0.9567895
0.0003052654
0.0009376241
0.0010824106
0.00090711564
0.9184693
0.00066159054
0.00030355484
0.9998666
0.0013823194
0.0001853282
0.56166834
0.020501228
6.623203e-05
0.001024403
0.43129382
0.43152833
0.99930656
0.99878746
0.999288
0.000139594
0.96143323
0.0014166475
0.99760914
0.000993477
0.99689686
0.9996214
0.99965274
0.9987085
0.00017072947
0.00019360967
0.43203297
0.96839017
0.4313759
0.7446108
0.18949585
0.2911759
0.43145585
0.24104625
0.71971184
0.43420118
0.5304407
0.5893707
0.9999925
0.5324916
0.9998388
7.072008e-05
0.00033279206
0.9654967
0.00030270778
0.0007550692
0.00017362376
0.00020501863
0.77024746
0.9993772
0.9999999
0.9864966
0.000615001
0.9999937
0.00013349255
0.00016921491
0.0017129611
0.9410859
7.912574e-05
0.0005527349
0.43203297
0.99887997
0.0018141512
0.43149492
0.0003082552
0.00018566816
0.0011847178
0.0006589209
0.000628784
0.99973947
0.00061565667
0.9992495
0.008611337
0.43152985
0.00011701928
0.99367416
0.10585209
0.000379886
9.8654105e-05
0.9999924
0.9979291
0.00068619073
0.00031992624
0.00020536335
0.43149394
0.28247848
0.99979097
0.00028008755
0.9984446
0.96532094
0.99993336
0.00024682257
0.9996093
0.0006219984
0.00025989587
0.32300848
0.9963231
0.00019150633
0.43090567
0.9884376
0.0003385678
0.00031476907
0.00050066574
0.00021988062
0.9999335
0.9999666
0.00026605444
0.43053558
0.99487656
0.00018899828
0.53207695
0.9995648
0.0007338931
5.924803e-05
0.99996936
0.0013386977
8.546899e-05
0.99999475
0.43143
0.9999894
0.0005646968
0.00081135397
0.00025692116
0.045986235
0.0018287331
0.99993825
0.4313237
0.00034462032
0.43187016
0.9999473
0.5624767
0.99401134
0.5189728
5.2729905e-05
0.00031091776
0.9975794
0.0006226761
0.43203297
6.474841e-05
0.43128186
0.99908686
0.4314769
0.22993587
0.99998367
0.43135813
0.00013337791
0.37986594
0.9626788
0.9796098
0.00030121597
0.9929126
0.00017655532
0.4312939
0.4390485
0.9994362
0.00040688776
0.54128426
0.9952637
0.0001737723
0.0008316264
0.9999646
0.0009099741
0.9999957
0.0001870251
0.9794311
0.43036953
0.0004504562
0.9946985
0.0002221059
0.00013166254
0.53416747
0.99947137
0.000349314
0.0040260637
0.99943453
0.54492944
0.9999958
0.99864143
0.53389585
0.9999927
0.54824376
0.00034515234
0.9999809
0.00049914117
0.43203297
0.00012750506
0.0008885674
0.99999964
0.00023110508
0.9988111
0.54983395
0.0003885829
0.0004379606
0.00011620333
0.00046567738
0.999572
0.0024009084
0.99998295
0.00031655037
0.43147743
0.5388147
0.94792473
0.99904436
0.9784459
0.00030105948
0.9571648
0.00013762602
0.00018081797
0.00016415415
0.00012376082
0.00022815421
0.997569
0.4314043
0.43149757
0.00014570591
0.24648987
0.9998925
0.99985874
0.9958549
0.9992499
0.99478996
0.527566
0.99827147
0.9996835
9.363573e-05
0.9531818
0.5545637
0.00016146942
0.38380614
0.9999616
0.0009435567
0.9992718
0.0002554213
0.5458778
0.9999993
0.9999926
0.5520159
0.555666
0.99250376
0.00021389121
0.0006220023
0.00041608553
0.00070478127
0.47470045
0.0035229481
0.00022653284
0.9999038
0.9998585
0.9103255
0.43147138
0.43203297
0.0030900799
0.43148276
0.43203297
0.47110337
0.00031736656
0.9991442
0.006135786
0.9995153
5.258238e-05
0.16840518
0.9998975
0.9995772
0.5582409
0.000117657495
0.9984226
0.0001329671
0.88488764
0.00024786967
0.00022819663
0.00059650186
0.43135998
0.99989355
0.00021726749
6.240447e-05
0.5350788
0.9999647
0.55793524
0.00014792151
0.9982016
0.9875494
0.9999999
0.0009483723
0.0008256524
0.9997476
0.001140218
0.0006970841
0.4313692
0.51912236
0.53249145
0.4255959
0.00024019174
0.9976197
0.53725594
0.00029949984
0.5488406
0.43203297
0.0037535944
0.0005745381
0.99995744
0.99988174
0.00034389304
0.00036805857
0.00012759957
0.860287
0.0019852973
0.9993973
0.47687635
0.5567165
0.00029296114
0.00028765405
0.9992906
0.99997556
0.9998173
0.56068003
0.08604494
0.9997198
0.00047035722
0.00035873594
0.00011869921
0.9998913