0.49661893
0.99975497
0.43710044
0.49685618
0.43593273
7.515362e-05
4.489386e-05
0.99970645
0.43549293
0.9436945
3.6190584e-06
0.00010444124
2.1985505e-05
0.43596318
0.9988543
8.9656005e-06
1.7355773e-06
0.74370784
0.00056729675
0.46753237
0.95732063
3.6210745e-06
0.43505642
5.5090117e-05
1.0198502e-05
2.8651213e-05
0.4698726
0.97099555
0.4430835
0.99948645
2.884273e-05
0.43543273
0.8586397
0.43822414
0.43609956
0.4343052
0.48773512
0.9952679
0.9997906
0.9976545
5.8866694e-06
0.45590034
8.127258e-06
0.4369688
3.513569e-05
1.9929532e-05
0.5601346
0.70830554
8.869951e-06
0.9978684
0.99284196
9.2183305e-05
0.99732614
0.99737453
0.47458297
6.0102434e-07
0.50251925
0.00020094746
1.4732982e-05
3.5353387e-05
0.5502848
0.9993536
0.507214
0.43564263
0.9303651
0.9588026
0.5374484
0.0016547793
0.96345687
0.5065351
0.99938536
2.6321695e-05
0.9833123
0.334406
0.00082156004
6.160482e-05
2.5036446e-05
0.49342373
0.4359107
0.43607435
0.0021666721
9.643445e-05
0.43667936
0.9970572
0.998268
8.650303e-05
0.5514578
0.99275607
0.9983523
0.92661667
4.741937e-05
1.8342507e-05
0.99915206
0.99685514
2.675407e-05
0.00036970453
0.997417
0.9834077
0.99956614
0.9996488
0.43644693
0.4360074
3.0634725e-05
1.0793971e-05
0.43660536
2.2264563e-05
0.00010548447
0.9951415
0.99747974
0.9970573
0.0004524765
0.43603292
0.9928262
5.109912e-06
0.43626654
0.002722123
7.750185e-06
6.959295e-05
0.9912479
0.81545156
0.9738798
0.99150896
9.712004e-05
0.99976903
6.825948e-06
0.9952211
6.7854094e-06
0.00026416127
4.791524e-06
0.97540444
0.99909854
0.98334897
0.00033542
0.935958
5.4719836e-05
7.962895e-05
0.33492184
0.9998772
0.4353503
0.0014417939
0.9931865
6.1196492e-06
0.988872
1.5161271e-05
0.73077726
0.00020976205
2.1584467e-05
0.4351427
0.3564591
6.3823056e-05
0.9985127
0.9850454
0.43558818
0.0008773968
0.000755239
0.4350787
0.99994934
1.625675e-05
2.8499264e-05
0.9829227
0.99940634
0.9993185
0.45799196
0.9997855
0.9989845
9.727096e-06
0.55730957
0.52895254
6.4155493e-06
4.024157e-06
4.0532144e-05
0.4359014
7.782218e-06
0.51440793
0.0021936335
0.00026410865
2.324604e-05
0.99933773
0.0009947503
2.0799487e-05
0.4258546
2.8511768e-05
5.531152e-05
0.9999362
0.9906307
0.9971507
0.4367307
0.4356361
0.0005215175
0.99734867
2.4379508e-05
0.9997502
0.99962044
0.9998838
3.723678e-05
0.0018085815
0.43645358
0.98739177
1.0622636e-05
3.4389195e-05
0.005397236
0.99827254
0.9992274
0.97500175
0.9987036
0.9999709
8.5633155e-06
0.99924195
0.0005846201
0.00018474809
0.43587244
0.4365678
0.9990445
0.15982297
0.4360954
0.43639117
1.17673035e-05
0.35778698
2.0429123e-05
0.00013818081
0.009173943
0.9989711
0.008615137
1.9987432e-05
2.6774107e-05
0.9991872
0.9922482
0.0025509864
0.4369316
1.9665893e-05
0.99740857
0.43517792
0.66912854
0.43452817
0.5349375
0.42404407
0.99858046
0.9998067
2.3782384e-06
8.2939194e-05
0.001155724
3.0157807e-05
0.9997285
0.96931636
0.9663529
7.5852813e-06
0.4357441
7.656454e-06
0.43572748
0.5184592
0.9998758
7.3176365e-05
0.6261962
0.00020788447
1.3934465e-05
2.6985715e-06
0.9946004
0.9574951
0.9125139
0.9994685
0.9999573
8.025803e-05
0.9983438
0.9956872
0.7387545
0.0006822112
0.0001721385
7.4544696e-06
0.27809566
0.9982145
0.44796488
0.53867257
0.00052149437
7.735628e-05
0.94536924
0.43698528
0.42519477
1.5275766e-05
0.9742783
0.9947336
0.999969
0.99987435
0.00019148132
9.880132e-06
0.9998167
0.9953602
0.43630052
0.9996718
1.251927e-05
0.43582636
0.58363193
0.99918693
0.49562204
2.9604003e-05
0.9923503
0.00012263167
0.7014814
0.9935276
2.0266085e-05
0.9995672
0.43621963
2.4230749e-05
0.50074077
0.99692106
0.9988921
0.00034876546
0.47553313
0.0005844964
0.9992231
8.007762e-06
4.881124e-06
0.86010647
0.99946994
0.9989116
0.99274933
5.905563e-06
2.8896251e-05
0.00036666697
0.9695869
7.399683e-06
1.7656039e-05
2.2338596e-05
2.7228114e-05
1.2397951e-05
0.9968624
0.5420158
0.0006844508
0.0005485626
0.43545818
0.98627883
0.5257552
0.00023817013
0.99968994
0.9989416
0.51989853
0.43649817
0.99961275
0.9998841
0.00024795713
0.00018759375
7.000082e-05
5.5067976e-06
0.99819773
0.4317283
0.99842876
0.9170754
0.90409213
0.99865687
0.99986684
0.9992378
0.9956958
0.00010119447
0.9996979
0.43482563
0.997398
0.0017622362
4.4640597e-06
0.54576993
0.99983895
0.59003675
7.41793e-05
0.91895425
0.18275669
1.4946889e-05
9.433699e-06
0.43650362
0.9779824
2.0088846e-05
5.8633577e-05
0.4359241
0.4344764
9.023053e-06
0.9982685
0.00012960426
1.2809774e-05
2.2379656e-06
0.99756086
0.9562147
7.631457e-06
0.000762425
0.9949085
0.9895191
0.9845344
0.00019095824
2.8032373e-06
0.9825509
0.9860752
0.37259126
0.00015139463
0.9824582
0.5458064
3.275312e-06
1.4798911e-05
0.08164296
0.4358838
0.99959224
0.9944114
2.6063444e-05
4.470068e-05
3.2610988e-05
1.6758524e-05
0.9869522
0.9993666
0.41177905
0.43782154
0.4367519
0.99217814
0.99910176
0.9987072
0.4369014
0.9795838
0.4363437
0.991093
0.99977964
3.3725933e-05
0.0001291089
0.9956767
2.1657333e-05
0.99660397
9.601339e-06
6.9633905e-05
0.43673235
5.546548e-06
1.7142419e-06
0.96932834
0.9999597
0.99761474
0.43550724
7.258984e-05
0.00060015963
1.6319114e-05
0.9984547
0.43676823
0.24637122
0.006699762
7.70473e-05
0.99762017
0.47222167
0.97188705
0.43607885
2.3496286e-05
0.00019123737
4.65784e-05
0.99762386
0.998315
0.022389056
0.9829465
0.99011
0.43548426
0.9998324
0.9926202
0.4501061
0.92942107
0.00020194586
0.35031617
1.2011424e-05
0.99792874
0.6214651
1.1765408e-05
4.967449e-05
0.9951432
0.99989104
2.3013596e-05
0.49683288
4.280291e-05
0.9998647
0.95864743
0.44322422
1.5451024e-05
0.0005690389
0.4367871
0.00012263365
0.9979572
0.5375367
1.0288051e-05
0.93310815
0.9590014
7.3653196e-06
0.9946044
0.000213165
0.00021945103
0.43580145
0.43727508
0.99992824
5.3640138e-06
8.191604e-07
6.5297114e-05
0.9995577
0.9990907
0.4370223
0.47346592
0.92828923
0.9999832
0.99336267
0.43659422
0.45838827
0.9996158
0.0006144702
2.0422221e-06
0.48136133
0.43623537
0.9991437
0.0014934907
1.3446904e-05
0.9751429
0.99836844
0.00011610951
0.43674126
2.4298804e-05
0.7886822
0.0004078586
0.9251121
8.3046425e-06
0.99882776
0.4362199
0.43630734
0.5142471
0.020238701
3.9085637e-05
0.000101761914
0.51394296
0.7981153
0.032318387
0.97895527
0.9998398
0.9662208
0.4698726
1.3847801e-05
0.9825431
0.0025825656
0.88549954
0.43695766
1.4064528e-05
0.36299378
1.7548336e-05
3.2372216e-05
4.011917e-05
0.45464656
3.060743e-06
0.5004573
0.43409285
0.9866262
0.4356168
0.99680907
0.4367598
8.749157e-05
2.3324337e-05
0.0004306322
1.4427523e-05
0.967995
0.0005901778
1.427299e-05
0.43644738
0.99958175
0.99965954
0.43581793
1.4022929e-05
1.0485766e-06
0.00010913299
0.99765503
2.0123878e-05
0.99888605
0.43717515
0.4360115
0.99556476
8.200952e-05
0.9953644
0.99858046
6.8560958e-06
0.9706444
0.9950264
2.1765229e-05
0.50841707
3.9789702e-05
0.9995097
0.9993192
0.9998807
0.98434824
0.9906296
0.0003359823
1.0830731e-05
8.049257e-05
4.063137e-05
0.0005549333
0.9546996
0.7276355
5.013588e-05
0.48653957
0.0005941814
0.99901855
0.00012696201
4.5898423e-06
0.00015662234
0.42836717
0.47429866
1.1467597e-05
0.0005825615
2.6152005e-05
0.9806975
1.5066316e-05
0.9989442
0.99911994
0.8963163
4.357707e-06
0.74802065
2.564392e-05
0.4355455
0.43534955
4.9435753e-06
0.5072717
0.0002822708
0.9901698
4.698028e-06
0.9911289
0.43975025
1.4404701e-05
0.0028599778
5.6217955e-06
0.9959608
0.9989801
0.98556453
0.43609807
0.00013396103
0.9644167
0.46961647
0.9995629
0.000113531816
0.9778741
0.90157884
0.43641266
1.7204478e-05
0.43660286
0.9891128
0.9992142
0.032765333
0.9989969
0.98656285
1.6472159e-05
0.00034645485
7.2217415e-05
0.95041835
0.00020284302
0.6724734
0.9952768
2.6404688e-05
1.970077e-05
9.164218e-05
2.6880483e-05
0.54401696
0.9791734
0.99760085
0.99041617
0.4359011
0.53758126
0.00023891317
0.99988556
0.99715817
0.9995578
3.3940833e-06
0.00010612838
0.43626934
7.6924334e-05
0.9986753
0.83900964
0.0002668814
0.96487635
6.737416e-05
3.1890653e-05
0.9964694
0.43524593
0.4817947
0.9975871
1.4711178e-05
0.98490846
0.91662705
0.99864155
0.7404223
2.508006e-05
0.99908864
0.8553184
0.66601026
0.00040795835
0.587395
0.9996018
0.99109566
0.98966837
0.9213935
0.99921525
0.9969098
7.028469e-05
1.5490816e-05
0.9432312
0.00012600799
1.4830996e-05
0.004918607
0.0002787771
2.954337e-05
8.20898e-05
0.9963236
0.72012824
0.43423453
0.50002164
0.9998629
7.379408e-05
2.0446761e-05
0.99898106
1.6373755e-05
0.9991998
0.9998604
0.51734614
0.44608948
0.9961559
6.123455e-06
0.00015574203
0.99692696
0.43617898
0.00011293352
0.9934582
2.9581259e-05
0.5264564
3.4091486e-06
4.3054144e-05
0.95092136
0.00011144407
7.720891e-06
5.6107652e-05
9.897437e-06
0.43566814
7.419682e-06
0.00017153147
0.95018303
0.99756324
0.43648183
0.00023488935
0.99358785
5.887585e-06
5.283818e-05
0.9978877
0.5560093
0.07955884
0.4698726
0.4352582
0.99824715
3.550959e-05
0.999482
0.11383289
6.6748726e-05
0.4365391
0.00032205187
0.43584144
1.9147095e-05
2.322273e-05
3.8496102e-05
0.97841257
0.4592749
1.1219722e-05
0.9753533
0.00015670568
0.00022114802
0.4367258
5.505246e-05
0.99550384
0.51141435
0.9900669
7.979252e-06
0.002268727
0.00018547846
0.99133754
1.5858905e-05
0.9984915
1.1757579e-05
0.009842437
0.5301937
2.0633317e-05
7.037335e-06
0.95911384
0.9984976
0.43619907
0.9993174
0.00015474169
0.00012032863
0.9988071
0.5050271
0.85029763
3.3847922e-05
0.99910045
0.99926645
0.47447413
0.99963033
0.08829188
0.999866
0.9465125
0.99915767
1.9165856e-05
0.7207222
1.3381483e-05
0.38270992
9.37627e-06
0.99981004
2.424834e-05
0.9980015
0.43659967
0.97778636
0.999726
2.0566662e-05
0.00013997816
7.505557e-05
0.85012376
0.9986891
0.9842461
0.99991643
0.54885906
0.4783581
0.9260974
4.335855e-05
0.4356001
0.8592658
0.9355748
1.3678603e-05
0.99860317
0.98979855
0.9999503
0.99899346
0.00013837226
7.0601695e-06
0.98881793
0.99979526
3.0762392e-05
0.53663164
0.43600157
0.9986344
2.623824e-05
0.001176571
0.99893624
0.9839352
0.23831998
0.9904232
0.99095434
5.0447186e-05
6.329678e-06
2.5956044e-05
0.99953187
0.99981946
0.43599787
0.9998281
0.4980617
0.99955267
0.99983203
0.9977592
0.00011643437
0.00028848485
0.9981774
0.0032500545
0.00018516836
4.8401092e-05
0.8602793
2.8930688e-05
0.00023838096
2.3840972e-05
0.43655634
0.99940777
0.43655056
0.9698211
0.00010257395
0.49439332
0.00039896448
0.43624955
0.0034052264
0.00027552253
3.5355006e-05
1.1391113e-05
0.62482333
0.43572477
0.99764806
9.133819e-06
0.9996257
0.4365521
9.428344e-05
0.0003028449
0.5717006
0.50394756
0.43616202
0.8470434
0.00045622652
0.43653888
0.00010325265
0.54876083
0.43601918
0.2647678
0.43514252
0.4364723
0.9995259
1.1511689e-05
0.99843353
0.9982681
0.91755366
0.9462485
0.00010401923
0.96900004
0.9990289
0.79027456
6.474129e-06
0.9967308
0.5411445
0.98430365
0.43242678
2.0595297e-05
0.48990157
0.9791738
0.43645698
0.9974975
6.2815284e-06
0.0015125925
4.1668277e-06
0.21747968
0.9968575
0.5097583
0.43666822
0.5467729
0.9972523
0.0007877133
0.9998196
0.9994054
0.9250929
0.89061457
0.83952236
0.4347284
4.290278e-06
0.99905187
0.43556136
0.99699295
0.43631405
0.9995096
0.5280261
0.99011993
0.9997631
3.9971186e-05
0.50967926
0.99787617
4.6895242e-05
0.99890435
4.0771414e-05
8.420937e-06
0.020402677
0.0001884074
0.43678105
0.000106144566
0.5013604
0.4707238
0.9989254
3.226982e-05
0.98055786
0.6427889
1.5555552e-05
1.2177604e-05
0.98692024
0.984617
0.43505353
0.9940462
0.98648167
0.99772435
7.3103097e-06
0.99908006
2.979254e-05
0.9916536
0.00039844168
6.260447e-06
0.43667924
0.99523073
1.5731352e-05
0.999099
0.4366334
0.9458725
0.4353104
8.195222e-05
0.9887039
0.9990741
1.1945021e-05
0.99980253
0.9991566
2.5379972e-05
0.9646316
6.360202e-05
8.995053e-06
0.43876478
0.4319858
0.9439059
0.5732658
0.48144427
0.4814136
0.94810915
0.4355332
0.5328797
3.6893212e-05
0.9237776
0.43621498
0.4366458
7.224201e-05
1.440863e-05
0.9043315
0.43632764
0.5143063
7.196704e-05
0.9982589
0.64974284
1.1477466e-05
0.9993286
9.164654e-06
0.4352237
0.99858177
6.7607866e-06
2.0773221e-05
0.99678266
0.9997259
0.4360297
0.2026583
0.5313707
3.1328927e-05
0.4359694
0.9987086
0.43615675
0.43579698
3.4250388e-05
0.0009447379
0.4372121
0.4363634
0.43690604
0.98606783
0.9972644
0.81600523
0.00038083384
0.43572503
0.9668119
0.00022406764
0.00032260225
0.7645835
1.0933149e-05
0.9960084
0.99981195
0.9996093
0.9995307
1.5452395e-05
1.4074645e-05
0.9228725
0.99981695
0.99804854
0.9694922
0.51798815
0.43670842
0.99688125
0.0004913536
0.998387
0.9962662
5.4153147e-06
0.00081086124
5.4102486e-05
3.2844222e-05
0.7875251
0.99505424
0.96755826
0.061548054
0.99993384
0.0044314717
0.5219121
1.6023301e-05
0.9961301
0.99136317
0.99382126
0.9998266
0.9984446
0.0005001897
0.43656933
5.993649e-06
0.9287411
0.9862555
0.4698726
9.225248e-06
0.99931026
0.9993592
0.5382938
1.3544809e-05
0.99771106
6.458703e-05
0.98818666
0.92022437
0.9987552
5.340916e-06
0.43725637
0.99905545
0.0017722785
8.301247e-05
3.1273346e-05
0.999244
0.0001539267
0.880036
0.9963135
0.94120425
0.0015273193
6.225747e-05
0.9890497
0.99985623
3.0410536e-05
0.9997992
0.4730067
1.550842e-05
0.00054378057
0.0031226599
1.9200525e-05
0.9871955
0.43635666
0.000498543
0.9892708
0.9905844
0.00011812921
2.9404657e-05
0.9977592
0.00019829837
0.8395252
3.6759732e-06
6.9931125e-06
0.0010138984
1.5641132e-05
0.962906
1.3832067e-05
2.9763576e-05
0.99839336
4.3934306e-05
5.4968732e-05
0.4787021
0.2115307
5.8245703e-05
1.9666868e-05
0.43605772
0.43587193
0.9842986
0.99828076
0.98505
3.2890548e-05
0.9966897
7.985145e-05
0.99753594
0.0002327139
0.99949896
0.9982034
0.9995034
0.9943989
1.1161229e-05
1.709588e-05
0.43659326
0.8004492
0.4367368
0.94524276
0.43663108
0.72830164
0.43621635
0.5093722
0.66045487
0.43537104
0.8822658
0.8383325
0.9972904
0.5097823
0.9974819
2.4070476e-05
8.4026804e-05
0.9873033
0.00063784956
3.0908366e-05
1.2733601e-05
3.4299126e-05
0.9802005
0.9916869
0.9998281
0.9995289
2.6114822e-05
0.9999336
0.0027149622
6.679259e-05
1.2029892e-05
0.98944676
1.3612651e-05
5.8162295e-06
0.43571743
0.99896526
0.0008048644
0.43644312
1.0170492e-05
0.00012208492
2.7019396e-05
7.1221757e-06
7.465518e-06
0.9662849
2.6426478e-05
0.99990034
0.00062884035
0.43626153
7.29247e-06
0.9982002
0.4488472
9.393785e-06
0.00016712923
0.99920493
0.99026006
1.7860088e-05
1.3493638e-05
5.384503e-05
0.43737128
0.52572805
0.99478036
7.616956e-05
0.99083775
0.92241406
0.99842983
6.3099633e-06
0.99965954
1.2838906e-05
6.303618e-05
0.48315018
0.9987779
5.2405417e-06
0.43583405
0.9926456
9.392433e-06
2.6801392e-05
1.0441845e-05
0.00029701373
0.9995383
0.99892503
9.661612e-06
0.41080245
0.99990547
1.6989035e-05
0.48231247
0.9958183
9.864917e-06
0.0064432565
0.99988604
0.00019111033
9.860294e-05
0.9885387
0.43642032
0.9970354
7.875717e-06
2.2887463e-05
0.002408835
1.822954e-07
0.0002749455
0.9955787
0.43553433
3.8819117e-06
0.46177402
0.9995449
0.55948925
0.97418797
0.49498197
0.016712153
8.419299e-06
0.93611896
0.0001456916
0.43578705
0.001689417
0.43762884
0.9885367
0.4357201
1.6919675e-08
0.99931884
0.43607566
0.0008062641
0.4078124
0.9885754
0.9391176
5.8762376e-05
0.98978966
1.6636706e-05
0.43662733
0.5901122
0.9990513
2.0352505e-05
0.5262918
0.9896326
4.0233954e-05
3.100079e-05
0.9992914
1.1744949e-05
0.9968436
1.0677623e-05
0.9422769
0.43722895
4.0781833e-05
0.996101
0.00038421404
1.7784589e-05
0.45227057
0.99962544
6.1038068e-06
8.1769715e-05
0.99995935
0.47565025
0.99310195
0.9925364
0.49701786
0.9987186
0.49965453
1.648028e-05
0.99785537
1.0207893e-05
0.4461792
0.003091289
0.000102295075
0.9991316
1.8693861e-05
0.9972439
0.4957694
6.2744816e-06
1.01774585e-05
0.00023670297
4.3483205e-06
0.99857664
0.00017931139
0.9866318
7.519093e-06
0.4354982
0.5104131
0.87451404
0.99804497
0.9812945
8.5827945e-05
0.9890887
2.0423746e-05
3.0417206e-05
2.4321048e-06
2.9760085e-05
6.3719854e-05
0.98539346
0.43684196
0.43551636
2.2631546e-05
0.15578409
0.9973084
0.99836284
0.9988331
0.9987166
0.98300457
0.9468638
0.93535376
0.9971649
0.00020590903
0.650218
0.53801215
2.9324203e-05
0.8881164
0.9985598
4.122745e-05
0.99693763
2.179678e-05
0.51075435
0.99977857
0.99970275
0.52295345
0.5367347
0.99553055
4.9753853e-05
3.3239798e-05
0.0027264147
2.527893e-05
0.43156075
0.00019850174
2.5306595e-05
0.9998073
0.9964927
0.9868767
0.43473196
0.43617585
0.0002550913
0.43578234
0.43670663
0.43756193
0.00016922315
0.9740545
0.0004442351
0.9894944
3.098923e-05
0.17044295
0.9987196
0.99956495
0.5342698
7.21091e-05
0.7707103
0.0001676903
0.95894355
2.471402e-05
0.0009893818
2.7830682e-05
0.43621486
0.99958664
2.3719665e-05
6.744004e-05
0.5128903
0.9974987
0.52369744
5.3191412e-05
0.99456066
0.85603946
0.9982809
3.600577e-05
0.00022400911
0.99536115
3.903159e-05
6.1657815e-06
0.4373713
0.48074523
0.478716
0.4361289
0.00011579936
0.988005
0.4654222
1.1864584e-05
0.50603414
0.4353736
0.0076681636
2.254725e-05
0.99796295
0.9938626
0.003456679
5.0436224e-06
0.000805436
0.9738911
0.0012855662
0.9637739
0.4324031
0.49326083
1.3093812e-05
3.4167853e-05
0.99608815
0.99868804
0.9994123
0.7111492
0.17751129
0.9972283
1.7629438e-05
4.91223e-07
0.0026122376
0.9947941