0.53891706
0.9997794
0.43359348
0.55205005
0.43428212
0.0024530897
0.0042801183
0.99983764
0.43726093
0.8527636
0.013507524
0.0012389383
0.0028936877
0.42187533
0.9991491
0.00094531506
0.008621675
0.9634074
0.0023387214
0.48925683
0.86439323
0.0019143105
0.4399275
0.007746398
0.0009617603
0.014590001
0.4885619
0.9653276
0.42869774
0.9963792
0.0040334873
0.42983696
0.7092422
0.43210107
0.42861056
0.43798023
0.53700554
0.99269825
0.9975061
0.9997732
0.0024595861
0.5019612
0.0049664564
0.4361975
0.0046119993
0.001462954
0.5790008
0.9378642
0.00087155786
0.99816567
0.99853575
0.003259807
0.99751425
0.9974291
0.4733719
0.009410283
0.58659273
0.0119881835
0.005333546
0.0033601616
0.65066886
0.99930847
0.5682164
0.4352005
0.9530092
0.9082104
0.5654968
0.0006710297
0.9414558
0.58123493
0.9981717
0.001219518
0.97438973
0.7436293
0.008356217
0.0012183378
0.004217027
0.5887281
0.43630433
0.43713602
0.0012949223
0.0024864126
0.43414578
0.9963342
0.9992483
0.0019368368
0.5977936
0.93543535
0.99861276
0.9852938
0.0013521822
0.0011906713
0.9991524
0.99104625
0.07140097
0.0046369093
0.9995034
0.98164684
0.999196
0.9994986
0.43395078
0.4296251
0.0029742504
0.0019537702
0.4372015
0.001989863
0.0013326545
0.97945523
0.9983543
0.99923646
0.003061776
0.4363549
0.9875924
0.0008408144
0.42840627
0.00079400785
0.0004685518
0.005587018
0.997401
0.7976795
0.9993917
0.99673116
0.0015516209
0.9998802
0.001354481
0.99963224
0.0019471871
0.0005234024
0.0011961005
0.9753981
0.9992849
0.9950971
0.0014681596
0.9915446
0.002726634
0.0010596607
0.419106
0.99964535
0.43974006
0.0014954017
0.9980519
0.0015496291
0.9671139
0.002407796
0.9286746
0.0004826316
0.002889078
0.44247565
0.0005770288
0.0045354855
0.9931283
0.975009
0.43773782
0.0004678212
0.0068276203
0.43826556
0.9996984
0.0026171969
0.0018400247
0.9984285
0.99944013
0.9990163
0.642302
0.9938372
0.99839765
0.0006651525
0.59650034
0.54824746
0.004378429
0.0016576452
0.0008295011
0.4288793
0.0076153735
0.6070608
0.010039082
0.007845512
0.017889937
0.9978096
0.0005273751
0.0007697454
0.6587548
0.0024777104
0.002472455
0.9995183
0.9774099
0.99519616
0.43722007
0.43905473
0.00046771174
0.9916248
0.0012325858
0.99950194
0.9997329
0.99876726
0.021011328
0.0013270893
0.43601742
0.99887496
0.0020857193
0.00411606
0.005223705
0.99921536
0.9997316
0.9922334
0.9987072
0.99981624
0.011539038
0.99931204
0.002642325
0.00280735
0.4322075
0.43934798
0.9961151
0.00073594303
0.43595693
0.43724388
0.0022542225
0.39547244
0.001605015
0.002681339
0.00021623251
0.9997838
0.0014881981
0.006878479
0.0014858801
0.99654937
0.99304044
0.009142806
0.43825573
0.0030197045
0.997227
0.43699092
0.82676613
0.42971158
0.5323824
0.41863072
0.9996132
0.9997317
0.0033658815
0.0013794663
0.00073719356
0.0038075477
0.9995714
0.98931634
0.9768977
0.0017525534
0.43692434
0.0723428
0.43403327
0.43802783
0.9993926
0.0024330865
0.97196126
0.01863469
0.003174241
0.0017452751
0.9949809
0.9716261
0.9961532
0.99961036
0.9992392
0.0032881813
0.99963903
0.99917847
0.76567316
0.014449883
0.0023854668
0.002036643
0.5292554
0.99921274
0.43783772
0.18447459
0.00047573572
0.01552837
0.923893
0.49460793
0.59430915
0.0021046235
0.9952905
0.98752034
0.999416
0.9998336
0.019807056
0.0018166768
0.9995646
0.9885598
0.4389104
0.9972867
0.0017632673
0.431695
0.8489657
0.9997008
0.5501554
0.002516312
0.9981681
0.0021396587
0.8875013
0.998492
0.00083348516
0.978457
0.40285704
0.001180458
0.6316874
0.99699676
0.99827564
0.006718043
0.574537
0.0028358703
0.99928916
0.00079180725
0.0032198313
0.6776071
0.99928755
0.99813867
0.99745303
0.0006449017
0.0024971566
0.00041600288
0.9906076
0.0014821182
0.0012430086
0.0020622252
0.002136399
0.0021841272
0.9995035
0.55189425
0.0126489205
0.0136368545
0.43253857
0.9945762
0.91108525
0.0033301595
0.9959037
0.9996464
0.71743137
0.43400845
0.99985766
0.9996426
0.0014674732
0.0021078705
0.0011212727
0.0014848149
0.99943024
0.43306074
0.99960464
0.7739163
0.8521828
0.98680496
0.9999541
0.99810445
0.99650687
0.0014871554
0.99925834
0.4349523
0.989682
0.00069865404
0.0011513573
0.57130903
0.9997863
0.6153811
0.0012464735
0.97780687
0.001687235
0.002956088
0.0005432638
0.43558782
0.9912533
0.007016687
0.0031309088
0.43479618
0.43584356
0.0016082413
0.9993106
0.0032316213
0.0028149635
0.0036519677
0.99879813
0.95351726
0.002239178
0.0023364017
0.9929155
0.9965503
0.948101
0.007389991
0.001237288
0.9706994
0.996128
0.4336869
0.0052244086
0.99936
0.6223811
0.0010698258
0.0020144754
0.0023883851
0.43880102
0.99960285
0.99755436
0.0009977549
0.0013533959
0.0074171238
0.004251893
0.973106
0.9988299
0.4460142
0.48765096
0.42281538
0.99776626
0.9976127
0.9973213
0.42483076
0.98825026
0.4340119
0.98536325
0.99977905
0.0030895907
0.0022984596
0.9819195
0.0033670075
0.9992217
0.0017187733
0.010825064
0.4366098
0.0013131972
0.001479227
0.99273986
0.99989593
0.9996061
0.4461025
0.0038759415
0.008949375
0.0014551391
0.99057966
0.4285355
0.39456725
0.0014430184
0.0009726394
0.99973255
0.50443923
0.95655286
0.43796393
0.00402975
0.0011138885
0.0047993036
0.99851567
0.99940467
0.0009687878
0.9971213
0.9907218
0.43750778
0.9997415
0.9973484
0.43642178
0.9777299
0.0033809606
0.5506896
0.0054457043
0.9971539
0.83807194
0.0013867043
0.006574042
0.9767502
0.9996966
0.0025236858
0.9375016
0.0035089215
0.9997147
0.9991511
0.5846341
0.0028333794
0.00073242583
0.4369436
0.0033778336
0.99921036
0.6112121
0.0019127758
0.9912717
0.98078257
0.00428855
0.9993043
0.0026009975
0.0006276868
0.43810388
0.40691075
0.9976005
0.00081177504
0.0014888798
0.0027155937
0.9995888
0.9991893
0.41217062
0.4850124
0.92592704
0.99964595
0.99223375
0.42840603
0.4233988
0.99727976
0.0017773836
0.00043378383
0.48711604
0.44006413
0.9995259
0.0038975559
0.0029302712
0.981998
0.9992269
0.0014075267
0.41297063
0.0031405033
0.94867754
0.0007459401
0.94823134
0.0036458464
0.9993616
0.4369201
0.43592927
0.5934195
0.0042981305
0.0051667336
0.0013792614
0.6002452
0.75535804
0.00041029215
0.99808216
0.99954236
0.9761705
0.44221464
0.0031174824
0.97874314
0.001004301
0.9622848
0.43131045
0.04637311
0.44494444
0.0026551662
0.0023809548
0.0030823452
0.43801183
0.0033035039
0.5419424
0.44071528
0.9995801
0.43511218
0.9832465
0.43781185
0.0027927281
0.0038819185
0.0005507946
0.0034768078
0.996356
0.007558679
0.0006127517
0.41904986
0.9985869
0.99785835
0.44041818
0.0009568631
0.05156579
0.0024860732
0.9988808
0.0034386595
0.99979025
0.4933991
0.4382972
0.9991047
0.0063042003
0.99099195
0.9976445
0.001956297
0.9931125
0.96657217
0.003696474
0.54311
0.0011037482
0.9969668
0.9890149
0.99972874
0.99071574
0.9962878
0.0041102027
0.0023623114
0.0019888482
0.000794367
0.027277451
0.97530854
0.7493888
0.0038605095
0.91127294
0.0012191504
0.9976694
0.017881628
0.0014224437
0.009789546
0.5169671
0.55975664
0.0044675125
0.001598598
0.0037490735
0.99784803
0.00061185827
0.997097
0.99756277
0.96312493
0.0015597773
0.82149607
0.004366056
0.42912742
0.42895997
0.0031630236
0.59936976
0.0006282461
0.67108047
0.0018688962
0.9981231
0.67980176
0.004214505
0.0017423722
0.0018227311
0.9955136
0.99852765
0.9976666
0.43411192
0.0013724458
0.94332486
0.47023675
0.99920964
0.0014895437
0.9667167
0.90599114
0.43545207
0.0011138789
0.43772206
0.9996979
0.9996588
0.00037019598
0.9997273
0.99818283
0.0049129413
0.004080112
0.0015662012
0.9979096
0.016679665
0.9086469
0.9968953
0.001469375
0.0035842936
0.0014744581
0.0015754641
0.5765776
0.982321
0.99871147
0.99291444
0.43815055
0.6092899
0.0005619223
0.99451715
0.9957793
0.999503
0.0006572116
0.0026379102
0.4360431
0.0016273375
0.9994518
0.7210137
0.00067886594
0.96680397
0.006891116
0.0025552656
0.99706334
0.4434452
0.5032154
0.9989121
0.00066121836
0.9878841
0.99511814
0.99789053
0.47192523
0.0017854304
0.9993235
0.90620136
0.6124619
0.00061112654
0.57926565
0.9983285
0.99362373
0.9988267
0.996707
0.9982734
0.9979171
0.0048056734
0.0080708815
0.9255672
0.0035392179
0.0090954015
0.00645973
0.0025506103
0.0039938292
0.00082049443
0.9983241
0.7180385
0.4379876
0.49906772
0.99786973
0.012390499
0.003455674
0.9997832
0.0010957563
0.9993369
0.9998586
0.6048294
0.49309847
0.9961474
0.0017627286
0.0049343877
0.99943894
0.43689016
0.00086693914
0.99907255
0.0020763366
0.54681706
0.0012610957
0.001189105
0.86481404
0.0023245334
0.0013722283
0.0011853176
0.0014378874
0.43874073
0.0009662239
0.0027831143
0.9469497
0.99906725
0.43770063
0.0016338084
0.9967373
0.0003656289
0.0034889122
0.9982174
0.58021694
0.0047872798
0.55221355
0.43272176
0.998412
0.0019348697
0.9877867
0.17376304
0.0013103436
0.4372127
0.0038668318
0.44056654
0.0011731158
0.0028149756
0.0039842734
0.9892408
0.48869157
0.0008706303
0.9936667
0.005846642
0.00530558
0.42223302
0.0013340095
0.9958943
0.5796102
0.9534001
0.0019662394
0.006892653
0.0007107137
0.9826789
0.004705285
0.99903464
0.0010148551
0.0022624496
0.5399488
0.0021049578
0.0016540067
0.99707353
0.9977464
0.44598204
0.99945635
0.0041812016
0.00034591262
0.9971425
0.42074326
0.8932677
0.004033108
0.9994635
0.99820805
0.52521104
0.99981326
0.004442378
0.9994867
0.94686
0.99848086
0.0011000125
0.005347414
0.0013943386
0.44660306
0.0023628564
0.9989518
0.0014580888
0.9995134
0.4160103
0.96409166
0.9996798
0.0028963801
0.001706806
0.0021674093
0.9403584
0.98128474
0.9895047
0.9998926
0.67065966
0.6047448
0.91489977
0.0019020812
0.39528874
0.97703564
0.8246443
0.0091927685
0.9985279
0.99314994
0.99971074
0.99928766
0.006229703
0.0033413263
0.9970139
0.99984145
0.0029062154
0.620736
0.43533182
0.99967
0.0020789693
0.005811711
0.99944407
0.96177506
0.4018856
0.9771213
0.99793893
0.0019732434
0.0016894459
0.012619404
0.9997359
0.99978095
0.4245738
0.9996871
0.50665456
0.99958724
0.99988043
0.99763656
0.0012643599
0.00064978923
0.99622154
0.0011577692
0.0046234136
0.002141558
0.9506455
0.0033381376
0.00179357
0.0015113006
0.43646574
0.9993754
0.43412277
0.9053388
0.0033652256
0.59526336
0.0052746674
0.44171548
0.19064423
0.0028960207
0.004004068
0.002166735
0.6648126
0.43940303
0.9724531
0.002299549
0.9949143
0.43657842
0.0017877963
0.0033282356
0.6040353
0.5802777
0.43209413
0.715567
0.00047916587
0.4351615
0.006405338
0.60446
0.43627343
0.6595093
0.43884438
0.42502543
0.9989348
0.0024407394
0.9993813
0.9947679
0.9845999
0.9834894
0.0012154846
0.98428345
0.9997272
0.5680292
0.0017866802
0.9989434
0.37567776
0.99181116
0.01086708
0.00045327123
0.51578486
0.99840516
0.43266127
0.99782395
0.0015564228
0.0009553655
0.0043122447
0.4747158
0.9993693
0.5354607
0.43883806
0.6196118
0.9947739
0.0013834244
0.99675375
0.99897194
0.972546
0.9940949
0.9865914
0.44496545
0.003141695
0.9990645
0.43823075
0.99647886
0.4198716
0.9995852
0.5563685
0.96835494
0.9998022
0.01264864
0.5643102
0.99773884
0.0037722008
0.99910647
0.0062311618
0.0020908546
0.0006833112
0.0012768607
0.4352236
0.0009631747
0.5754468
0.50944597
0.99921775
0.0039590914
0.9566204
0.8072216
0.004145395
0.0025611375
0.9992593
0.99060035
0.41797152
0.976184
0.99853003
0.99923635
0.0021617005
0.9992673
0.0012610945
0.99438065
0.0021171626
0.001354112
0.43721598
0.9957222
0.0023368627
0.9991586
0.43586558
0.9953284
0.43649122
0.0019963563
0.94684774
0.9983748
0.0016988153
0.99936455
0.99881065
0.002454564
0.9781692
0.00035682585
0.00045444348
0.43314767
0.4392267
0.9378708
0.41247654
0.568574
0.49441972
0.979447
0.4384519
0.55293673
0.0017150571
0.972524
0.43240765
0.43756652
0.0008877377
0.00092281256
0.9889359
0.43553808
0.44668725
0.0010449871
0.99605954
0.6607597
0.00092443585
0.99908125
0.0008840666
0.43709868
0.9914445
0.0023873423
0.0020995021
0.99624026
0.9993099
0.43636248
0.41115555
0.5868088
0.0024357233
0.4361456
0.9995989
0.4323383
0.43645766
0.013906837
0.00081064645
0.43620056
0.44027162
0.42168948
0.99265164
0.99695325
0.9895349
0.004975405
0.43916103
0.9826835
0.0014655112
0.0010430551
0.94974416
0.0012945425
0.9985732
0.99982494
0.9997191
0.9997286
0.0009822096
0.0026054606
0.9458541
0.9997985
0.99745923
0.9947154
0.60466397
0.43743488
0.9999145
0.0015463894
0.9976428
0.997162
0.0025841887
0.008253882
0.0013838626
0.004989944
0.9498128
0.99445325
0.9740329
0.0009583165
0.99975306
0.0008884032
0.55232996
0.0013663151
0.9973164
0.998787
0.98684895
0.99868554
0.9960288
0.0017904976
0.4366433
0.0007213194
0.99565625
0.96856964
0.5263148
0.00203485
0.99963677
0.99951327
0.58709174
0.0008922958
0.99960524
0.0022660356
0.8671884
0.99393255
0.9989594
0.0016083815
0.43297663
0.99668
0.0011678643
0.0011297523
0.0026601562
0.9993206
0.0034164167
0.7415231
0.9976185
0.9701029
0.0013526672
0.007497864
0.99723274
0.9994547
0.0011389148
0.99927133
0.50262153
0.001478014
0.007922902
0.010424496
0.0012149632
0.9994043
0.43304995
0.0067362804
0.97009027
0.9951265
0.009418055
0.016970055
0.99694306
0.005980599
0.9289035
0.00065630744
0.0025568316
0.0043220916
0.0029786031
0.9498908
0.004469689
0.0024019731
0.998276
0.0031210023
0.0022726138
0.5576605
0.468404
0.0015605511
0.0017154334
0.43877447
0.43575016
0.99801743
0.997134
0.9989491
0.0028810878
0.91350484
0.0073283403
0.99743503
0.008170758
0.9998592
0.997544
0.99928087
0.991243
0.0003485137
0.0006306442
0.43061918
0.883814
0.44043437
0.78589594
0.40890178
0.8861674
0.4355305
0.97444195
0.3381261
0.43743122
0.8863942
0.9776332
0.9996979
0.52284
0.99856704
0.00027109438
0.0022640603
0.9845733
0.008254304
0.003339704
0.0047892043
0.002782679
0.85427314
0.98926663
0.99984217
0.9970293
0.0016254731
0.999923
0.0023953847
0.0086515
0.02439918
0.9637557
0.0015794903
0.001641579
0.4352652
0.9948207
0.0017090953
0.43729112
0.00043150558
0.0014688895
0.004084823
0.0025025334
0.0008481543
0.99832743
0.0014074516
0.99883074
0.00040465986
0.43903765
0.0009408833
0.9980149
0.86454034
0.002182946
0.00064826634
0.999723
0.99314016
0.0035437373
0.0015617448
0.0018636041
0.43342716
0.95513904
0.9985154
0.001520583
0.99979204
0.956852
0.99925476
0.0014642724
0.99965405
0.0028627273
0.002441364
0.19868279
0.9967392
0.0005547368
0.4384988
0.9969416
0.0018352764
0.0035858066
0.0010120552
0.0051062335
0.99923265
0.9968323
0.0005402129
0.4185137
0.99948055
0.0005776797
0.19415395
0.99746907
0.0023574638
0.00090035144
0.9987085
0.005770042
0.0012448292
0.99217093
0.43692523
0.9997253
0.002011326
0.0015709117
0.00094339676
0.02263669
0.0062212427
0.99929917
0.43409437
0.0007651114
0.4386856
0.99890065
0.67581815
0.9849653
0.49055234
0.0025442566
0.00071030436
0.99846435
0.005599043
0.43281883
0.0011246878
0.40319708
0.9956807
0.43933287
0.022779956
0.99960774
0.4360429
0.0035045107
0.43593737
0.99365836
0.9849347
0.001054589
0.9869847
0.0010454884
0.43768674
0.6338966
0.9992151
0.0015459226
0.52640206
0.99170107
0.0011617037
0.0059045693
0.9993044
0.0010717671
0.99929416
0.0006633135
0.9610477
0.42150912
0.0020958798
0.99548894
0.0013386772
0.00091215345
0.5068865
0.9989567
0.000914212
0.0071696453
0.99948835
0.55324507
0.99487334
0.9972168
0.4978003
0.9959402
0.55714816
0.00053259544
0.99868673
0.0015406148
0.43279624
0.0012000896
0.0016908563
0.9944589
0.0010001112
0.99394375
0.56259364
0.0018918505
0.0017652359
0.00041731438
0.0010864524
0.9981629
0.00477271
0.9974911
0.001422829
0.4384828
0.5799808
0.9772702
0.9983339
0.9858883
0.0044578016
0.9918902
0.00058420264
0.005154366
0.00036608873
0.0059214532
0.0036954663
0.99906105
0.4369305
0.43741307
0.0011147036
0.36190265
0.9976699
0.99955374
0.99815613
0.9978338
0.99386686
0.9219151
0.98362803
0.99910897
0.001496416
0.9880365
0.6728172
0.0014729825
0.551179
0.9990361
0.004936854
0.9958175
0.00070039334
0.54762316
0.99977285
0.9996302
0.59167767
0.5720362
0.9977253
0.0011534052
0.0017557566
0.0010670562
0.00095049036
0.4403308
0.0053380104
0.0017631592
0.9998301
0.9860632
0.9805306
0.4381258
0.43086672
0.0017340884
0.434979
0.43332398
0.48174718
0.0015908041
0.9862938
0.0008389805
0.9975979
0.0016270904
0.74487007
0.99938834
0.9959371
0.5954643
0.0021709618
0.76574653
0.0024140142
0.74007577
0.0022779298
0.0011888808
0.0024592807
0.43527344
0.9987203
0.0014374116
0.0024331051
0.5141012
0.9996375
0.5604863
0.0014965942
0.9957807
0.9374396
0.9805597
0.0048119808
0.0060302005
0.99447775
0.0036051325
0.0023149666
0.43124443
0.4834057
0.55601895
0.43659958
0.0029528893
0.9993567
0.53201973
0.0006032116
0.52629924
0.4327326
0.0005331343
0.0034408562
0.9987255
0.9801578
0.0007419915
0.0015937742
0.0039158575
0.9958966
0.016680213
0.9881216
0.44740656
0.5768531
0.0032217584
0.0011612428
0.9988764
0.9991742
0.9994779
0.6460805
0.19720612
0.9970806
0.0007648472
0.00080915424
0.0006625557
0.99548256