0.44496074
0.8063196
0.38781795
0.44685373
0.39128423
0.071476206
0.08028142
0.78119606
0.39570078
0.63313985
0.120187216
0.08369064
0.067557365
0.43412662
0.7706248
0.064678594
0.07590489
0.7316614
0.077292636
0.4358025
0.66537386
0.07289182
0.39294183
0.07878059
0.061180715
0.097533196
0.4326529
0.6847684
0.39782074
0.8052625
0.07280087
0.40311164
0.67787564
0.40039468
0.40596354
0.41044107
0.4238258
0.74856645
0.85992754
0.79624754
0.057609756
0.4174796
0.07940733
0.3980022
0.06941068
0.11308708
0.5036494
0.70965576
0.050944384
0.71321154
0.8173631
0.0848508
0.7994067
0.8396903
0.45116007
0.07155145
0.483909
0.07703205
0.07480998
0.08151808
0.4537633
0.781748
0.45388648
0.3688595
0.6277154
0.6067324
0.43031496
0.10762289
0.6322886
0.44766623
0.8219469
0.07923666
0.632829
0.4448743
0.054588154
0.07091175
0.067247994
0.48029777
0.37523186
0.41446105
0.074875824
0.08822546
0.40572816
0.7626887
0.82045084
0.077409804
0.46395248
0.813325
0.7989286
0.621868
0.07326085
0.067186184
0.81382287
0.72445714
0.08186334
0.10962504
0.8051937
0.68970156
0.7813218
0.8362363
0.38795176
0.3728619
0.07370276
0.06181325
0.41030774
0.16260768
0.07472335
0.7183271
0.77571684
0.8026958
0.09374015
0.38256526
0.77597123
0.08709514
0.42274362
0.06398051
0.06636117
0.16249377
0.82464385
0.58810705
0.9171154
0.7082985
0.18373938
0.8132424
0.06381487
0.813706
0.07794352
0.0612133
0.060817335
0.7166377
0.8317213
0.73162913
0.070367485
0.78034323
0.09712928
0.07425551
0.48678455
0.86409944
0.39111543
0.083397225
0.78024143
0.056736287
0.7835559
0.06281513
0.7248954
0.052214455
0.06929118
0.37574035
0.08858808
0.11279245
0.8420282
0.7057654
0.39164877
0.06835777
0.075153165
0.40918612
0.8566738
0.062471773
0.062231258
0.7051858
0.81031626
0.80264676
0.58776766
0.7204471
0.8018545
0.0607478
0.43882322
0.52336484
0.09733045
0.054315
0.068187095
0.3658532
0.079267114
0.501645
0.08490695
0.11859376
0.10364359
0.8539642
0.053032827
0.06748498
0.4448569
0.063441806
0.098645404
0.8335531
0.7006132
0.7262953
0.41429517
0.3893136
0.052654598
0.7521369
0.06428968
0.8497059
0.8116683
0.86416125
0.090266466
0.104106806
0.3924528
0.78122485
0.09986978
0.07525803
0.17147768
0.8453571
0.823709
0.66028416
0.7547645
0.8829249
0.08332244
0.7752814
0.08919991
0.088694565
0.3965864
0.41954768
0.82896477
0.047953434
0.38733634
0.38119024
0.08098156
0.4725824
0.06789703
0.07039276
0.073829904
0.77448547
0.047262456
0.08448521
0.0783254
0.8197993
0.75588775
0.07564675
0.40983877
0.07082686
0.78491336
0.3899997
0.44711503
0.36351365
0.48674193
0.42775905
0.800544
0.82125336
0.08745997
0.08258203
0.067395665
0.10663503
0.8451975
0.696026
0.6791226
0.055700798
0.3925434
0.1705019
0.40263674
0.52415
0.7652386
0.08021334
0.762039
0.14341415
0.07178043
0.06819226
0.7739435
0.7415516
0.79413754
0.792145
0.86678696
0.080372356
0.7704408
0.77956903
0.51772076
0.15099658
0.09093804
0.06467718
0.5747168
0.76027066
0.42152885
0.5650668
0.055040807
0.09291526
0.695877
0.38513428
0.4670556
0.06661751
0.7685524
0.75259393
0.84211403
0.82866114
0.06208177
0.061961554
0.82357234
0.75261694
0.41539234
0.80617285
0.061340086
0.37699828
0.57049274
0.8350066
0.44461772
0.067742534
0.7682351
0.069508076
0.64049685
0.758718
0.07263079
0.7213268
0.38144502
0.06545862
0.4986467
0.7261391
0.8191326
0.12610061
0.44315833
0.0677664
0.77738225
0.053476594
0.07063949
0.6822741
0.81979907
0.7788543
0.6572794
0.069503136
0.062816225
0.049938694
0.75548464
0.055556968
0.07348433
0.07723325
0.06443811
0.069872394
0.8611453
0.52302086
0.14498799
0.15493557
0.3691743
0.72893065
0.56785315
0.08411345
0.850438
0.8067099
0.641697
0.40357393
0.8282915
0.84685546
0.07537847
0.084428005
0.08238454
0.053842843
0.8101605
0.33016232
0.8127451
0.56681895
0.61080104
0.7727476
0.8606362
0.7792339
0.7790231
0.07057483
0.83345085
0.37445396
0.76744735
0.06774631
0.059022207
0.49735415
0.8144289
0.4753686
0.16675499
0.60842854
0.07126633
0.06586906
0.16800258
0.3934602
0.6969285
0.08279939
0.060018122
0.37779573
0.3843936
0.05840593
0.80657715
0.1229608
0.061218075
0.13194628
0.79336363
0.62373537
0.06121238
0.06481446
0.66339266
0.67789745
0.6617377
0.18193214
0.08952104
0.72341883
0.80271715
0.37745506
0.06701451
0.82108265
0.4552102
0.070493184
0.07213374
0.14081912
0.4075975
0.8299394
0.7748998
0.0705477
0.085633904
0.08533159
0.08117048
0.780013
0.795148
0.36986417
0.444765
0.43762076
0.6965735
0.79384595
0.7846369
0.39585885
0.708803
0.4076993
0.7501816
0.8243452
0.068646885
0.07634952
0.7479451
0.06518889
0.7953613
0.08427156
0.07872917
0.4035927
0.060095232
0.07008884
0.771101
0.8637828
0.77838045
0.3653412
0.07033722
0.083695434
0.06977764
0.78662467
0.41007724
0.45193052
0.07445789
0.068241894
0.81992763
0.42738026
0.67395496
0.41013715
0.07386674
0.061390556
0.08365918
0.7714837
0.74762887
0.060167585
0.7893245
0.6485242
0.38553664
0.81561446
0.7695379
0.37962547
0.63638103
0.079019636
0.53889656
0.07743056
0.71063197
0.69611704
0.06153524
0.07915419
0.798649
0.78820693
0.08042982
0.63088703
0.106940694
0.84436315
0.79758245
0.51406026
0.06467078
0.07959546
0.39181226
0.08573708
0.83140355
0.47019595
0.062463604
0.76373523
0.7143887
0.07554485
0.8602924
0.07193434
0.06740852
0.4010905
0.37842023
0.81178683
0.058124863
0.090305105
0.11198716
0.7924885
0.8109549
0.3762157
0.43686143
0.7650212
0.85744673
0.7440209
0.36799714
0.3896369
0.8184272
0.12133976
0.06470841
0.44895792
0.42026004
0.7797049
0.11574473
0.07081179
0.69313705
0.79956764
0.07697732
0.42103836
0.06328955
0.5348787
0.0668781
0.6617525
0.076170936
0.7380832
0.4034351
0.3924275
0.45882502
0.079497814
0.07751014
0.07358287
0.48636383
0.5224679
0.05542661
0.7661027
0.7947892
0.61533505
0.39954555
0.067847766
0.7044695
0.08034949
0.71821076
0.39568967
0.10024103
0.39795458
0.062712856
0.0625565
0.063086055
0.38895983
0.08018015
0.43974605
0.38457212
0.77957875
0.40378848
0.7606903
0.43089426
0.08539353
0.077184394
0.055778157
0.0877033
0.778834
0.08844096
0.06523841
0.3769845
0.8260937
0.7981546
0.39782447
0.061016884
0.10715321
0.10385955
0.78639156
0.073694475
0.8075187
0.39105856
0.40527168
0.740836
0.09339758
0.7975413
0.8588761
0.060808264
0.7588477
0.7741052
0.088833876
0.46455783
0.06625769
0.79245406
0.798318
0.84595174
0.729083
0.74641895
0.07473718
0.067043744
0.16269587
0.060599484
0.14541392
0.7904071
0.5953446
0.077049986
0.56819206
0.08559782
0.8146416
0.058001675
0.05750983
0.06806748
0.547369
0.44723386
0.06436195
0.12165541
0.06941467
0.78432196
0.058102112
0.60196364
0.7747725
0.7551758
0.07330837
0.7139017
0.082201764
0.3847693
0.37092137
0.07954951
0.49520662
0.050394896
0.6731044
0.06027291
0.73877144
0.5176508
0.10201421
0.09004102
0.05644998
0.7601021
0.7820299
0.73415697
0.37122405
0.10539424
0.66986394
0.41869888
0.87203735
0.08010858
0.6629536
0.6942875
0.38957408
0.06871343
0.40466014
0.9313132
0.8456144
0.09022002
0.85060775
0.8195507
0.119232416
0.08095078
0.070493005
0.79498273
0.062807366
0.69463193
0.7048148
0.07244606
0.06465393
0.06937832
0.14729603
0.4892069
0.7210971
0.80917424
0.73984104
0.39168128
0.52703977
0.09917694
0.80910224
0.7648133
0.79543847
0.055120558
0.080486484
0.41493335
0.06542515
0.7871287
0.58367646
0.12178428
0.7248493
0.07111335
0.062549345
0.710983
0.37654206
0.4510825
0.8532455
0.06635096
0.72579634
0.72359973
0.80972105
0.44378352
0.06790706
0.79801077
0.70070964
0.6991072
0.057319168
0.64142585
0.79931545
0.7311196
0.80745596
0.76195186
0.78973055
0.768835
0.116872385
0.07192321
0.6379467
0.08009723
0.08742251
0.090927355
0.07226937
0.073742084
0.06979471
0.7826862
0.5634975
0.38566098
0.41847706
0.87740684
0.08948325
0.06500518
0.8293872
0.077424504
0.75746167
0.837442
0.51044816
0.41919452
0.7738884
0.06223071
0.043567214
0.71977156
0.41194087
0.074008994
0.79978997
0.064317815
0.5255003
0.07671009
0.0770835
0.70497274
0.07497856
0.057500582
0.07042609
0.057975587
0.399974
0.07036655
0.09864027
0.70918846
0.79359335
0.39944276
0.0756193
0.75452185
0.056915913
0.07391675
0.7317293
0.46069646
0.06165106
0.4425438
0.37210014
0.8410223
0.0900202
0.86163926
0.38361475
0.07376016
0.4004184
0.07045175
0.39802715
0.07035543
0.07486735
0.07319671
0.6893995
0.4157383
0.05267848
0.79246086
0.06798008
0.08854871
0.39327085
0.07013389
0.763644
0.45903373
0.7426358
0.055337716
0.1144402
0.07229251
0.7021667
0.11455027
0.79667956
0.08034843
0.0751437
0.48014855
0.078374125
0.061767794
0.76331115
0.7761586
0.4121084
0.8166619
0.09445949
0.04210948
0.836052
0.53620464
0.6181212
0.06847694
0.8024169
0.8268809
0.44916412
0.81288373
0.07429
0.81006086
0.7979568
0.7367107
0.07905344
0.111568205
0.059460327
0.36543116
0.06107416
0.8280581
0.06270072
0.8403406
0.3877161
0.67553645
0.84873396
0.07277409
0.08640268
0.08877305
0.5557913
0.69386166
0.73017436
0.7898397
0.4612007
0.45876434
0.62756103
0.06919669
0.36517859
0.6177635
0.61054647
0.076870546
0.80294055
0.7450137
0.8672926
0.8086662
0.08533291
0.07030836
0.7624027
0.8009716
0.0914551
0.52289003
0.3769129
0.8241865
0.0602608
0.1285393
0.8239243
0.6866086
0.60095423
0.69674814
0.7594731
0.06424029
0.06572598
0.11478808
0.7993962
0.79663855
0.39948702
0.817774
0.42953947
0.8175509
0.76984674
0.7969182
0.08749053
0.15271825
0.749789
0.08188325
0.11954569
0.08301614
0.69863385
0.07757587
0.057818133
0.059844177
0.39123273
0.7879372
0.38811538
0.75781
0.11661914
0.45059288
0.083152585
0.36584023
0.21115056
0.07228024
0.07387599
0.06592043
0.5084885
0.3988577
0.79149085
0.058680728
0.8026713
0.39127803
0.16837202
0.07896465
0.44665867
0.45248234
0.39401764
0.66512054
0.15627912
0.4149106
0.07732859
0.4815352
0.38181445
0.43088788
0.3790443
0.42653
0.795547
0.070493594
0.7986747
0.7913919
0.69759756
0.6562923
0.07247332
0.72716755
0.8103765
0.5444178
0.072708234
0.76397336
0.48359236
0.84516555
0.40875533
0.06615534
0.4604192
0.7156418
0.39651087
0.7060984
0.071108624
0.124084845
0.07180458
0.45610777
0.74286044
0.4390724
0.41679302
0.48739398
0.7780085
0.069332965
0.86454993
0.7869613
0.71543247
0.73626196
0.7880799
0.39561233
0.07156013
0.8114874
0.39427543
0.7106181
0.38460562
0.813249
0.45438102
0.7448781
0.81213194
0.08832324
0.42784885
0.8363428
0.07292925
0.80878615
0.0760472
0.0643396
0.0573042
0.076438665
0.386641
0.084935315
0.45037505
0.4423424
0.8119772
0.07963084
0.72565705
0.53120357
0.0749333
0.059704293
0.8514167
0.76090646
0.33098236
0.75895256
0.8223017
0.80393326
0.05715633
0.8069204
0.07467227
0.75870717
0.12380176
0.08153747
0.40635693
0.73347956
0.06160694
0.7585446
0.41476044
0.7217967
0.39853022
0.10400703
0.7364175
0.77492934
0.079850465
0.77884024
0.7883056
0.06504051
0.6842877
0.051370658
0.05132973
0.37075874
0.38864556
0.6164886
0.41196486
0.4843513
0.46250445
0.7011259
0.40160754
0.4479308
0.081959315
0.6809799
0.37575814
0.41104564
0.07524675
0.0629241
0.7362727
0.3877469
0.41975656
0.07077908
0.78003335
0.576575
0.07079297
0.8199284
0.052291755
0.37161994
0.7990173
0.060079113
0.0841258
0.7834682
0.8130222
0.38075978
0.47210446
0.48703352
0.06462981
0.37809992
0.79211986
0.3813582
0.41065013
0.06923454
0.05683998
0.41868994
0.38839906
0.40615773
0.7544503
0.7746021
0.7630483
0.13754138
0.39325583
0.72622114
0.11624689
0.06619755
0.7182348
0.052650526
0.796607
0.8143842
0.8106481
0.77890843
0.05664682
0.06887387
0.7696718
0.848566
0.7742471
0.73442215
0.5216459
0.41011858
0.92360353
0.06514002
0.7654333
0.7290103
0.08567629
0.17260629
0.08787331
0.069401786
0.6569378
0.7345254
0.64832246
0.0669478
0.8635563
0.07749585
0.4743707
0.06636222
0.76363456
0.77994716
0.71169126
0.81633145
0.79978496
0.15669577
0.41057712
0.048388608
0.79252434
0.75621045
0.45224103
0.06170859
0.77960193
0.7989111
0.44310158
0.14739834
0.82798016
0.09319106
0.74092185
0.74476814
0.7460168
0.066816576
0.4154247
0.804669
0.072381906
0.07963061
0.07716443
0.811837
0.09382474
0.5702576
0.7557528
0.6435261
0.072879955
0.099098
0.737006
0.8622943
0.07299256
0.8406272
0.42567348
0.061887164
0.12903868
0.093742326
0.09391265
0.80734044
0.41012394
0.11617142
0.7313041
0.7514159
0.078441605
0.09501105
0.72391206
0.117610425
0.7596172
0.05497766
0.07131588
0.09256949
0.073481314
0.6712218
0.08072864
0.07046645
0.80826104
0.059033625
0.09600084
0.45536143
0.4405788
0.07888539
0.08171831
0.40522227
0.38653043
0.76131266
0.7884005
0.8278535
0.08069354
0.7880606
0.07250875
0.7856501
0.073390484
0.8450658
0.78255546
0.8338139
0.7345607
0.057880335
0.061805703
0.36999905
0.68462574
0.4028798
0.575736
0.3603078
0.51546
0.3948191
0.6110429
0.5628082
0.3806689
0.7693942
0.6422237
0.79606843
0.44065335
0.75085545
0.12732755
0.07428352
0.73384684
0.0803991
0.07875781
0.0871206
0.08144305
0.75429213
0.75262785
0.8525647
0.8047302
0.070886426
0.84986186
0.088344246
0.12467408
0.073457226
0.66054446
0.095486134
0.059991978
0.37083077
0.7334157
0.13874468
0.40224475
0.059793506
0.07467529
0.06588101
0.07913952
0.071509786
0.77665275
0.07146845
0.8625929
0.04544874
0.38981774
0.05621672
0.80054253
0.55618155
0.05662216
0.06351599
0.7888964
0.75497967
0.06471264
0.058240432
0.0742295
0.3986456
0.6969661
0.7439589
0.11310911
0.81168705
0.61650306
0.79064804
0.05918745
0.8251381
0.072156556
0.11501582
0.56181246
0.7347285
0.058171865
0.40763807
0.7506569
0.055089932
0.0948352
0.063218124
0.11823437
0.8363846
0.78202206
0.058910947
0.43414423
0.83612734
0.06185158
0.5081433
0.7866398
0.062077086
0.09684367
0.85945576
0.0702455
0.06755931
0.6565164
0.38985333
0.7950613
0.066857494
0.06314522
0.08930755
0.086512335
0.059259716
0.7938011
0.40486404
0.052550513
0.41143823
0.8118182
0.52227396
0.7010563
0.4404177
0.0907308
0.05182531
0.79374874
0.13119386
0.37449998
0.09044079
0.3686729
0.724843
0.38995373
0.11922042
0.81789964
0.38927233
0.18699288
0.500827
0.7357207
0.7884178
0.06591795
0.70486194
0.055089027
0.4072008
0.66478634
0.793081
0.07528628
0.48027578
0.74803036
0.07019687
0.09087967
0.8289835
0.06637372
0.7580832
0.07774259
0.66582286
0.39641356
0.07228818
0.7055939
0.06862581
0.055763282
0.42122167
0.8174457
0.054436844
0.055029698
0.837796
0.49948993
0.63937354
0.76406246
0.45281562
0.76590455
0.44181895
0.05783733
0.70944786
0.061994944
0.36911753
0.074484445
0.11086432
0.82012767
0.061626304
0.7438818
0.42746323
0.053082302
0.059638172
0.058504883
0.0678753
0.76974857
0.098079994
0.74889785
0.062445004
0.3875136
0.44661587
0.6802411
0.7435608
0.69552416
0.07990607
0.76262
0.07039571
0.073646285
0.098360606
0.10659731
0.12898712
0.7811081
0.41464284
0.38009122
0.07542043
0.4961414
0.7817978
0.79413307
0.7960271
0.7718996
0.81567794
0.74564177
0.74253535
0.7869353
0.07997832
0.63558066
0.4478493
0.08986848
0.5307213
0.8150644
0.06994077
0.7853249
0.07339444
0.44000906
0.8180349
0.8176527
0.45910054
0.43497542
0.81517303
0.08142951
0.07065516
0.074674636
0.07311061
0.3685263
0.12322849
0.07699938
0.8361129
0.7808889
0.70723265
0.37411967
0.36387512
0.06465496
0.3848224
0.39068672
0.4211171
0.07218562
0.7078119
0.06499419
0.770504
0.10073098
0.47885326
0.76184124
0.8222545
0.43309328
0.09029182
0.58413553
0.17343256
0.72810847
0.06848956
0.06537019
0.06581485
0.39154562
0.83174366
0.07555469
0.084062085
0.43198422
0.81337744
0.46544188
0.065318465
0.7627591
0.6172438
0.886463
0.068328
0.10710575
0.8277106
0.0755183
0.06326108
0.42232713
0.4484771
0.44280276
0.41301626
0.071348585
0.8356901
0.45042148
0.06008792
0.41804472
0.3645129
0.04999441
0.07456601
0.74425894
0.71136886
0.07642488
0.06530372
0.08025349
0.7747475
0.08308079
0.72695124
0.39104372
0.45016703
0.07726763
0.066132985
0.8060552
0.7660847
0.8258937
0.53274226
0.37427488
0.66248786
0.0627205
0.073221005
0.0636281
0.79091567