0.54275894
0.99943763
0.43899295
0.5697502
0.43782675
0.000642199
0.0011305042
0.99957865
0.43873128
0.8726931
1.4120004e-05
0.0005888397
0.00038337713
0.43474033
0.9956252
0.00037502666
3.718685e-05
0.11687174
0.0036423996
0.53565747
0.9097927
0.0015550917
0.43855748
0.0021425823
0.00038284628
0.003334128
0.5258077
0.96296656
0.43746084
0.9997819
0.0005370639
0.4406324
0.7017092
0.43713453
0.43947798
0.43783823
0.5489688
0.99918646
0.99999726
0.9994856
0.00012897895
0.49779674
0.0021612102
0.43872705
0.0005261144
0.00021853838
0.545697
0.72874165
0.0006396253
0.99961096
0.99663574
0.0006024477
0.99710137
0.99905795
0.5304881
3.2123855e-05
0.54376554
0.006902599
0.0014004202
0.0006507306
0.5719488
0.99964905
0.5549536
0.43812218
0.92521846
0.55214715
0.5732137
0.0007814406
0.7276701
0.55335766
0.99844426
0.00036027477
0.64293027
0.18755236
0.017726956
0.0009179076
0.0011287411
0.5615163
0.43703187
0.43757606
0.0008331195
0.00061670673
0.43792218
0.9927994
0.99874073
0.000739642
0.5666774
0.9994267
0.9994879
0.45688018
0.0005542223
0.00037500632
0.9987872
0.8466852
0.0010266762
0.005025011
0.9990386
0.90102166
0.99876297
0.9998845
0.4387407
0.43953818
0.0004277841
0.00030454504
0.43798095
0.0019692678
0.0011072377
0.8542267
0.99632084
0.9994425
0.0012082867
0.43877715
0.8470084
0.00044830362
0.43552378
0.0025483246
0.00036416124
0.0021431015
0.9933067
0.58940405
0.80357695
0.9899685
0.0009752784
0.9999846
0.0013148128
0.9853805
0.0014631657
0.0004387692
0.00026103074
0.9537553
0.9987897
0.9735371
0.00029504206
0.94794166
0.0017886695
0.0003761013
0.33402088
0.9999982
0.4374067
0.00064391416
0.9982597
0.00028433517
0.96284723
0.00037760966
0.94894904
0.00086746755
0.0012021839
0.43776095
0.0023986252
0.006165365
0.9999182
0.97397465
0.44055936
0.0008253306
0.0029899988
0.43752596
0.9999881
0.0007671144
0.0001900801
0.99531484
0.9996964
0.9982476
0.11779524
0.9986041
0.99956757
0.00036945206
0.5881557
0.5297963
0.00021964761
0.00044368787
0.00030253726
0.4426039
0.0023697794
0.46460328
0.0012391455
0.0014076862
0.001995494
0.99971026
0.001816976
0.00023701641
0.34002525
0.0008338943
0.004346761
0.9999906
0.8817689
0.9878114
0.43830952
0.43904933
0.0005579436
0.99604553
0.00047235843
0.999668
0.99846965
0.99924743
0.0039436063
0.00030530556
0.4378325
0.98156804
0.0016241613
0.0011596986
0.00047825347
0.9977435
0.9991697
0.26065388
0.99736834
0.9999976
0.0015129541
0.99737716
0.0033680655
0.00048194756
0.43739286
0.43862957
0.9999181
0.0036817729
0.43727854
0.44305602
0.00022468422
0.19721234
0.0003614956
0.0008179208
0.0018584508
0.99990284
0.0012973017
0.0027857015
0.0002938941
0.99824417
0.9672112
0.0037838323
0.4412259
0.0008079708
0.9986381
0.43845552
0.44931102
0.4379368
0.49298313
0.4351274
0.9998796
0.9999722
0.00056041236
0.00037131162
0.0004819508
0.0015693592
0.9998871
0.95636266
0.96623915
0.0007364692
0.43816915
2.7755037e-05
0.43790215
0.469888
0.9999225
0.00051083555
0.86083263
7.914371e-06
0.00016705004
0.0012766557
0.98917484
0.9834398
0.9821599
0.9992446
0.9999976
0.0007163095
0.99928856
0.9989662
0.6062938
0.00376125
0.00041094352
0.00027035928
0.39652446
0.99716395
0.43631828
0.010194769
0.00059681694
0.0046242084
0.9950281
0.4724753
0.40954226
0.0005107328
0.98448086
0.92479336
0.9999727
0.9996877
0.005328469
0.00034043923
0.99997187
0.9122599
0.43762016
0.9998215
0.0009595009
0.43774384
0.4884421
0.9998797
0.5450799
0.00019553967
0.99840087
0.0024630106
0.58593404
0.9943347
0.0007483841
0.99857616
0.43678346
0.0004330255
0.4485405
0.98563737
0.99850625
0.00051802024
0.56122804
0.002495741
0.99950266
0.00054228527
0.00040783273
0.56360173
0.9986677
0.99826545
0.9943047
0.0003012961
0.0009968351
0.0011662935
0.9573604
0.00033968096
0.00055489864
0.00026110167
0.0012892779
0.00026119704
0.990934
0.5585051
0.0054026935
0.0004873677
0.4380304
0.99930584
0.5317687
0.0007117738
0.9997838
0.9999782
0.10198232
0.43887043
0.99960476
0.9999833
0.0009466932
0.000606795
0.00039576925
0.0007029243
0.9993319
0.4365639
0.9988506
0.6047353
0.5543926
0.99840987
0.9999864
0.9946774
0.9838694
0.0009757673
0.9994019
0.43717998
0.9610916
0.00249426
0.0005522412
0.5745642
0.9997211
0.58206373
0.0010646639
0.8500069
0.0026063777
0.00028701767
0.002860987
0.4376115
0.94206494
0.00028781727
0.0009153159
0.4373435
0.4384425
0.0007267219
0.9998253
0.00016452851
0.0007697528
6.143902e-05
0.9968256
0.67425454
0.0004699693
0.00044753356
0.9740053
0.99558747
0.57986945
0.0059296247
0.0016670863
0.9132692
0.98636603
0.427032
0.0068265083
0.9970509
0.5779518
0.0015398513
0.00033183402
0.0031903505
0.4378761
0.99912256
0.9735551
0.00027672245
0.00031260957
0.0048562214
0.0026676496
0.9829963
0.99824846
0.43686685
0.49456018
0.43427995
0.99845004
0.9998487
0.9939097
0.4353484
0.98674446
0.4391048
0.9959131
0.99972504
0.0010678285
0.0006855743
0.967672
0.0007645492
0.9996836
0.00032073708
0.00093612715
0.43861154
0.0004756312
0.0012238199
0.9982528
0.99998367
0.9993656
0.4371543
0.000669718
0.0020945002
7.746952e-05
0.98976046
0.43809435
0.14382361
0.0027057687
0.00041083543
0.9998419
0.521543
0.763717
0.4375988
0.0010689262
0.00088541035
0.0006742455
0.99504316
0.9993931
0.0013910386
0.99971324
0.9407132
0.43744344
0.9999567
0.9979766
0.43866622
0.7758313
0.00038506679
0.4589796
0.0006435528
0.9986546
0.79702747
0.0005418468
0.0004823987
0.9999565
0.99874085
0.00088306767
0.50421846
0.00020839172
0.99999523
0.995896
0.4767013
0.00049799803
0.0006086526
0.4381977
0.0009710241
0.98867583
0.57375044
0.0002744429
0.96777624
0.9944424
2.2143e-05
0.9977816
0.0013353144
0.0003761626
0.438009
0.43676117
0.99838316
0.00071867666
0.0013617376
0.00019896163
0.9993068
0.99988735
0.4361538
0.53207207
0.9532184
0.9999999
0.9459434
0.44543338
0.43670568
0.9993161
7.067727e-05
0.000776286
0.53908294
0.43783268
0.9998877
0.00032355185
0.00053767645
0.9897593
0.9997675
0.0011281875
0.41210854
0.0004820261
0.5861942
0.00031162758
0.9412163
0.00031356502
0.9994424
0.43799984
0.4380159
0.5562494
0.02371771
0.0013647538
0.00043949546
0.5552286
0.53245306
0.0021120724
0.9955829
0.9998518
0.888045
0.44076136
0.0011116021
0.98804873
0.0023190503
0.03017965
0.43959194
8.022865e-05
0.43246052
0.0003760918
0.00080612395
0.00044411334
0.43797702
0.0007403426
0.5545502
0.43771407
0.9983828
0.43846583
0.98828775
0.43711147
0.0047933287
0.001180015
0.0006878669
0.00040947142
0.9938328
0.0009871592
0.00040991063
0.43697253
0.99990726
0.9997894
0.43771192
0.00041707655
6.0171254e-07
0.0016700808
0.9919469
0.0007490223
0.9997967
0.4725816
0.4378493
0.9973405
0.00045124374
0.9931636
0.99994254
0.00029743652
0.91527313
0.99714583
0.0016110935
0.53775215
0.00032905323
0.9990702
0.99844754
0.9998186
0.9841202
0.9806002
0.0019107987
0.00043896833
0.0037651276
0.00044397387
0.010778465
0.99522614
0.52541906
0.000703849
0.41771534
0.00036522164
0.99985456
0.001508912
0.00027673115
0.0006827924
0.42244488
0.54252476
0.00049658044
0.0003389098
0.0003980057
0.99544877
0.00023583072
0.9874594
0.99954575
0.97452545
0.00015607876
0.8528327
0.0006249073
0.43625328
0.43820283
0.00051314634
0.58043516
0.00063815573
0.82184476
0.000477044
0.99753976
0.44550973
0.00015681001
0.0017484773
0.00038299372
0.9981329
0.99970454
0.9922465
0.43633172
0.0035373028
0.55311733
0.47857866
0.9999831
0.0005330332
0.8208116
0.7110956
0.4376578
0.00023165924
0.4381818
0.89188945
0.9995764
0.002852846
0.9999746
0.99275815
0.006789285
0.0015979512
0.00039726216
0.9866019
0.013828223
0.86726904
0.9903437
0.00036188093
0.0010343061
0.0024932115
0.0006125929
0.597876
0.901826
0.9558505
0.98751664
0.4384033
0.57642287
0.00020667279
0.9994092
0.99932694
0.9941467
0.00066982524
0.0010021152
0.43884715
0.0008631434
0.9989398
0.61282307
0.00043769288
0.791668
0.0010221384
0.0007137205
0.9891655
0.43809912
0.53611314
0.99927443
0.0003785944
0.96340185
0.9852208
0.9998963
0.31497163
0.0007993844
0.99778664
0.6703826
0.6247567
0.0015720932
0.47836125
0.99984086
0.9751238
0.99802375
0.89778155
0.99992704
0.99892646
8.519298e-05
0.0006947579
0.73576134
0.00059563154
5.897514e-05
0.005089133
0.0005045206
0.0010777788
0.0003034316
0.99975437
0.5494169
0.43824548
0.54777765
0.99997985
0.0039037329
0.0006129982
0.9998066
0.00034803923
0.99629456
0.999995
0.55552715
0.48119837
0.99029094
0.00027315805
0.0034307009
0.999742
0.43784297
0.0003917205
0.96252614
0.00040839904
0.5170036
0.00076135667
0.00043639407
0.94766355
0.00096043845
0.00022865574
0.00031091864
0.0007243172
0.43777415
0.00019747288
0.0024049755
0.9091625
0.9984347
0.43788832
0.0010823528
0.9950605
0.00031834687
0.00055532693
0.99477273
0.6033908
0.0017881953
0.5196166
0.437889
0.9996846
0.0002735135
0.99995494
0.12317809
0.001009448
0.43859392
0.0003346443
0.43739194
0.0006991176
0.00063575845
0.0005188173
0.9792554
0.46988118
0.0003434691
0.9558776
0.0014916834
0.000716118
0.43606544
0.0013775784
0.97865397
0.55976206
0.854398
0.00033810173
0.0008717493
0.0005363776
0.8772559
0.00059683685
0.997607
0.0017208182
0.05445155
0.5786939
0.00039053353
0.0005119577
0.9977581
0.9991442
0.43625847
0.999491
0.0023438937
0.00037174282
0.9995332
0.0637549
0.5050857
0.0005699807
0.9990451
0.9932863
0.50382525
0.99958426
0.0027876638
0.99732035
0.9314825
0.98298025
0.0002894811
0.015941743
0.00024227626
0.43598837
0.00034238238
0.999992
0.000522185
0.99851495
0.43517756
0.81744426
0.99807763
0.00043027502
0.0005634516
0.0006820328
0.5020194
0.98486644
0.9993901
0.99986744
0.59905636
0.48622864
0.92541045
0.0011511446
0.43631387
0.6042823
0.6280497
5.7176032e-05
0.9946622
0.99921656
0.9999968
0.9997601
0.0007263276
0.004807434
0.99677545
0.99997103
0.0015886887
0.4402925
0.43753844
0.9988871
0.00091184967
0.000692407
0.9996995
0.12833732
0.55950826
0.8527485
0.9980136
0.0012268967
0.00026914818
1.0750926e-05
0.99972445
0.9999771
0.43830633
0.9999536
0.5509945
0.9992093
0.9986505
0.99937266
0.0002310577
0.004348243
0.99824345
0.0019925116
0.00079672347
0.00048438204
0.8715188
0.0010172549
0.00036225596
0.00081880117
0.43919054
0.99991024
0.43824407
0.9107084
0.00045131406
0.56005085
0.0019040222
0.4376421
9.9482786e-05
0.001534595
0.00049275503
0.00032607373
0.532186
0.43758366
0.99916303
0.0005774287
0.99280435
0.4385547
0.0012788926
0.00017267559
0.29877034
0.5413922
0.43869984
0.7101344
0.00030285472
0.4382862
0.0011558947
0.5767207
0.43856922
0.086378574
0.4381226
0.43229547
0.99957615
0.0002603373
0.99646866
0.9926379
0.88347656
0.9060113
0.0003735849
0.9234724
0.9993364
0.4437473
0.0016533793
0.9990188
0.3170228
0.9822061
0.006810753
0.0003492754
0.54351497
0.9978549
0.43782702
0.9701864
0.00021285405
0.00019716566
2.2678883e-05
0.36231375
0.99981207
0.5448516
0.4382206
0.5720864
0.99812764
0.0007407191
0.99999666
0.9957568
0.96232754
0.9777659
0.93133855
0.43776724
0.0005168173
0.999534
0.4375021
0.9782899
0.43683758
0.9999821
0.56184393
0.96996516
0.9999559
0.000114121845
0.5584016
0.98965913
0.0005661414
0.9996495
0.00036053575
0.00030742402
0.0024957045
0.0005533303
0.43770638
0.0016862937
0.5432231
0.53374314
0.9971859
0.00064284203
0.9304938
0.7491512
0.0005642739
0.00040310711
0.9315973
0.9437652
0.4352942
0.9758271
0.9981111
0.99966073
0.00043676406
0.99022186
0.0013555017
0.9750894
9.098476e-05
0.00014748647
0.43923056
0.99244577
0.0007858528
0.9945787
0.43753844
0.93098843
0.4382186
0.00015302171
0.91426456
0.99908435
0.00075564825
0.9987889
0.9996395
0.00036575858
0.9280697
0.00029915824
0.000572486
0.440291
0.43717635
0.768167
0.43841
0.54876935
0.55526614
0.9849053
0.43774992
0.5799122
0.00065541797
0.9641381
0.43861908
0.4368245
0.00034703268
0.0003666493
0.99818367
0.43790615
0.48601165
0.0003627486
0.9860934
0.21618412
0.0002422922
0.9990532
0.00070301205
0.43726572
0.99829036
0.0031144398
0.00039361388
0.99082583
0.9994555
0.43756163
0.25730872
0.57020164
0.0010814489
0.43754384
0.9987116
0.43995917
0.43771708
0.038300924
0.0013291915
0.43800688
0.43842685
0.43510804
0.98802805
0.9943463
0.7594355
0.0012816393
0.43767086
0.86041373
0.00090551644
0.00015184643
0.7235082
0.00054952584
0.9986492
0.9998417
0.9996836
0.9994128
0.0006727422
0.00028878645
0.8138045
0.99344903
0.9896857
0.95925784
0.566821
0.4382718
0.96054876
0.00025299014
0.99354506
0.9311144
0.0008804875
0.000270019
0.00053838035
0.001032208
0.86073935
0.9890482
0.85431397
0.0014493467
0.9999938
0.0011555832
0.5616442
0.00024584532
0.99963367
0.995201
0.92316103
0.9998456
0.99966705
0.008880622
0.43793082
0.00061475666
0.9841172
0.9862168
0.5152724
0.0003205069
0.9996681
0.9997551
0.5843192
0.000765382
0.9970498
0.00036660722
0.99154705
0.99616146
0.99463165
0.00044219362
0.43856686
0.99950254
0.0013923408
0.0014870535
0.0005463314
0.9996598
0.0009478881
0.52746016
0.9910252
0.94993347
0.00078456016
0.0018334701
0.9993944
0.99996865
0.00025971825
0.9999448
0.53791314
0.00024727648
0.00035191083
0.00013020565
0.0004167989
0.9977859
0.43804756
0.000828291
0.92699236
0.9935179
0.0009709381
0.001316413
0.9975581
0.0004106099
0.8804858
0.00030268962
0.0010265078
0.00091635477
0.00029399077
0.6339693
0.00407386
0.0006239072
0.9993048
0.0014740103
0.003871601
0.5619559
0.15945691
0.00038162302
0.00062794227
0.4354119
0.4380024
0.9961463
0.99964416
0.99984205
0.00041241798
0.96535605
0.0010669505
0.9964329
0.0031893875
0.9772792
0.9996321
0.9982889
0.9969766
0.00028703164
0.00046332955
0.43857673
0.6976933
0.43827024
0.5551347
0.429059
0.45528647
0.43786377
0.5590188
0.4747631
0.43803063
0.87747246
0.7206798
0.99991405
0.5522341
0.9974837
0.0003603706
0.00060532696
0.9207856
0.00347456
0.00067253096
0.0014706958
0.0007141059
0.9691621
0.99162924
0.9995819
0.9998
0.0003956012
0.99999905
0.0014806102
0.00011635191
0.00037470236
0.94268245
0.00074183
0.00026023458
0.4383721
0.9986387
0.015783295
0.43807516
0.00063696445
0.0010575046
0.000738538
0.0019541448
0.00026170805
0.99859196
0.00039956355
0.9997522
0.0016170887
0.43745503
0.00015270906
0.99660194
0.44991675
0.0002760334
0.0006020184
0.9998566
0.9908422
0.0010879164
0.00029972233
0.0010887235
0.43579504
0.54911554
0.99963474
0.0023486877
0.9959369
0.92084694
0.99792105
0.0004959648
0.9999745
0.00039407323
0.000977315
0.12452622
0.9993979
0.00033143786
0.4389151
0.9827487
0.00028382166
0.0017668533
0.00046135092
0.0005612837
0.9997451
0.99831355
0.0004777625
0.43317854
0.99996436
0.00039094174
0.07179699
0.99807346
0.0005262556
0.00037272507
0.99999034
0.00097008323
0.0011053786
0.9806536
0.43801063
0.99964035
0.00029514363
0.00047193785
0.0009009698
4.280829e-06
0.005470966
0.996693
0.3935506
0.00038105025
0.43771225
0.9999851
0.6684638
0.97719836
0.5422524
0.0011514089
0.00038351823
0.9914231
0.00013437017
0.43779945
0.0016639045
0.4363103
0.9886409
0.4375763
1.4409057e-06
0.9988906
0.43784022
0.0017339751
0.45437148
0.9748799
0.8738962
0.00062550494
0.776976
0.00033543564
0.4381621
0.673978
0.99979585
0.00034311463
0.5682269
0.99719393
0.00051821134
0.0037493887
0.9979552
0.00042515868
0.99972194
0.0013937192
0.86143
0.43650445
0.00064742414
0.9938267
0.0003265858
0.0005735743
0.47554097
0.99994147
0.00040642178
0.0055743083
0.9997898
0.545269
0.9775648
0.9966035
0.5562494
0.99714524
0.5600693
0.0006614046
0.9945403
0.0002919849
0.4385201
0.002411433
0.00035691465
0.9998211
0.00041787146
0.9552485
0.56450737
0.00027433722
0.0002410268
0.00042828213
0.00040199616
0.99292856
0.0010370604
0.99735886
0.0003918578
0.43742985
0.54784137
0.75506604
0.9970137
0.82008386
0.0012101687
0.9823684
0.0004704325
0.00045868268
0.0019556978
0.00035532546
0.0008913581
0.9993868
0.43843722
0.4387172
0.0006178063
0.41790462
0.99487936
0.9994796
0.9914091
0.9954081
0.9938933
0.5591437
0.98222476
0.9992144
0.0008370178
0.94174093
0.5673733
0.00051218685
0.39178255
0.9984257
0.00054402475
0.9967187
0.00022120305
0.5604697
0.99998283
0.9999833
0.5664008
0.5755485
0.9906989
0.0056953556
0.0009509071
0.0008174182
0.000269092
0.43644562
0.004463627
0.000627232
0.9999627
0.9996419
0.8445804
0.43780696
0.43783665
0.023499466
0.43762478
0.43838257
0.4646767
0.00052167603
0.9829155
0.00032035264
0.9996239
0.0009672509
0.28421193
0.9973049
0.9998381
0.5750587
0.00041264054
0.69816864
0.0010144965
0.99070096
0.00071719306
0.0009226069
0.0004489706
0.4372056
0.9999448
0.00049124914
0.0007573496
0.5573243
0.9999691
0.5691892
0.0010724008
0.99877816
0.8274021
0.999889
0.00054790475
0.0033508614
0.99260885
0.0010163186
0.0019187059
0.4290971
0.48410073
0.5405688
0.43874395
0.0013036602
0.9808898
0.52882624
0.000684809
0.5609292
0.4379022
0.003962445
0.00061138545
0.9953122
0.99047816
0.0010354937
0.00021364784
0.0061992737
0.5572367
0.008179387
0.99335563
0.43781716
0.5639902
0.0012446624
0.00047903688
0.99991906
0.99897254
0.9994659
0.5771329
0.144905
0.79676294
0.0002308516
0.0007972259
0.0025381325
0.99766266