0.52350235
0.9999995
0.40571466
0.5268139
0.40892395
0.00034104413
0.0004677635
0.9999975
0.40640828
0.9682855
0.0055032712
0.00012299634
0.0002829177
0.4393407
0.9999839
0.0015717302
0.000503981
0.9994615
0.00047567065
0.4693898
0.9405556
0.00045384478
0.40723217
0.0005353058
0.00019241401
0.0031934315
0.4175947
0.99671906
0.41408736
0.999998
0.00017798391
0.40793654
0.1741909
0.4159122
0.41313693
0.3721433
0.43764025
0.9999628
0.99999785
0.99999344
0.00049321627
0.25416535
0.00063208025
0.40110496
0.0002961561
0.00047473187
0.52810496
0.9956528
0.00037734478
0.9999968
0.9994937
0.00024179602
0.9998485
0.99995816
0.41430193
0.00024162112
0.5085332
0.00032587978
0.0015586272
0.0011072641
0.53728604
0.99973756
0.5316633
0.4073485
0.9822206
0.97411615
0.54703075
0.0015336426
0.9674178
0.53213775
0.9999566
0.00026855504
0.994769
0.2520883
0.0036636025
0.00016856498
0.0002990664
0.5304854
0.40738207
0.36296988
0.000454601
0.00022396792
0.4023988
0.9998217
0.99999225
0.00021885407
0.46371385
0.99999714
0.9999981
0.9998814
0.00016889624
0.00021042411
0.99998236
0.99979824
0.0037610054
0.001743489
0.9999869
0.9933136
0.99998605
0.9999814
0.4076342
0.40870014
0.0001833991
0.00013880387
0.38633126
0.0015397451
8.9584806e-05
0.9988071
0.9999856
0.9999981
0.000400554
0.4060611
0.9999975
0.00067813846
0.41412145
0.0008674704
0.00047682942
0.001460278
0.99997294
0.9768282
0.9999938
0.99999523
0.001561249
0.99999344
0.00060519227
0.99999654
0.0009317944
0.000472175
0.00040026486
0.99914384
0.99999356
0.9973574
0.0003244863
0.999009
0.00029090984
0.00024650767
0.6486379
0.9999931
0.40752622
8.31011e-05
0.9999993
0.00011791561
0.9995759
0.0002568029
0.9981743
0.001023904
0.00034053388
0.36466643
0.0008281438
0.000472512
0.99980193
0.99456525
0.40162638
0.0005647011
0.00061671174
0.35335726
0.9999999
0.00016205678
0.0002839118
0.9772431
0.9999939
0.99980146
0.88051283
0.99998355
0.9999962
0.0004848128
0.55508
0.44314447
0.00026806362
0.00065624365
0.00038490235
0.41195145
0.0015434303
0.47625333
0.0005924149
0.00079523196
0.0003739284
0.9999994
0.00014286113
0.00058682385
0.93984354
0.00025292236
0.00027215877
0.99999785
0.99805224
0.99994373
0.3951434
0.40936306
0.00065243646
0.99809986
0.00014701903
0.9999993
0.9999949
0.99999833
0.0030820027
0.0003336848
0.40855956
0.9997234
6.282314e-05
0.00019387514
0.0026574829
0.9998864
0.9999975
0.999995
0.99900335
0.9999999
0.0015088143
0.99999225
0.0008460173
0.000329116
0.402117
0.38680047
0.9999832
0.00027886164
0.40933672
0.4079691
0.00034397026
0.24656573
0.00044911267
0.000728177
0.0043102778
0.99999833
0.00045380346
0.0009607057
0.00027787779
0.99989986
0.99912673
0.0006824226
0.404595
0.0002325624
0.9998492
0.4045079
0.2054881
0.40823638
0.399899
0.4302615
0.9999962
0.99999607
0.0031564226
8.2690916e-05
0.0005959027
0.00026918692
0.999998
0.9993724
0.99584717
0.0006012829
0.4094127
0.0011652719
0.40608966
0.07082295
0.9999988
0.00016184043
0.9975495
0.022305898
0.0002259321
0.0006511838
0.99903667
0.99836034
0.9999752
0.9999461
0.99999964
0.00037393233
0.99999464
0.99997115
0.45684072
0.0021318214
0.00012832729
0.0013260375
0.8060697
0.9999517
0.4155094
0.9996176
0.00062059297
0.00066686847
0.9899768
0.20152934
0.04591278
0.00034460408
0.99971455
0.9958469
0.9999999
0.9999969
0.0038916569
8.3368664e-05
0.9999944
0.9999988
0.3612996
0.9999988
0.00021614655
0.40794826
0.92862236
0.99999535
0.48155946
0.00035064112
0.99981517
0.0004102003
0.99638736
0.99977523
0.0002568171
0.99982065
0.4102196
0.0006471151
0.9701536
0.9991117
0.9999999
0.0008857069
0.5302435
0.00042516054
0.99978155
0.0005575234
0.00096615625
0.90319765
0.99992335
0.99975735
0.9999006
0.000670927
0.0010760768
0.0005320802
0.9989675
0.000332879
0.00021622941
0.0011532168
0.00028486564
9.0979906e-05
0.99999416
0.47002143
0.0017271873
0.0010201781
0.4088065
0.999816
0.7141358
0.00014631935
0.99999046
0.99999845
0.98714983
0.4055207
0.9999995
0.9999976
0.0003862705
0.00012394553
8.877615e-05
0.0006894722
0.9999926
0.3962061
0.9999926
0.96134436
0.95026684
0.99992025
0.99999595
0.9999567
0.9995277
0.00020723516
0.9999856
0.39475858
0.99923646
0.0008484012
0.00069967017
0.52956086
0.99999714
0.530791
0.0034549993
0.99947697
0.001610214
0.0011082788
0.001989559
0.40092364
0.9569804
0.00013981074
0.0003296577
0.40843874
0.4104565
0.0005272492
0.9999925
0.000629599
0.00028222424
0.0007424739
0.99996436
0.9915917
0.00060263893
0.0005513608
0.99996805
0.92985564
0.99585956
0.0016337904
0.011454415
0.9942006
0.9999038
0.40141952
0.0016095542
0.99995387
0.5331781
0.00017871635
0.00021432848
0.0011876363
0.40720853
0.99999917
0.9995308
0.00029281285
0.00010773443
0.0010497646
0.00018305893
0.9994134
0.99998856
0.39401582
0.46207094
0.4240909
0.9999571
0.99997663
0.9999701
0.40938884
0.9976057
0.38938382
0.99900514
0.9999993
0.00020084344
0.00017007727
0.99729174
0.00017846841
0.9999975
0.0011557444
0.00061753404
0.39564
0.00065500557
0.00083290006
0.99955195
0.99999976
0.99997234
0.39810053
0.00017119978
0.0010176076
0.00027416047
0.99854255
0.40425086
0.24123415
0.0012699848
8.83238e-05
0.9999864
0.46739608
0.9859731
0.36981612
0.00021295737
0.000280574
0.00017987563
0.9999354
0.99999535
0.00044791555
0.999882
0.9998078
0.40883717
0.99997735
0.99936455
0.4113112
0.99193114
0.0002865496
0.6767977
0.001367665
0.99984956
0.9941724
0.00026816534
0.0002659933
0.9999713
0.9999994
0.00012500916
0.9834041
0.0019134214
0.99999917
0.9999361
0.29848596
0.0001453745
0.00028093136
0.40779075
0.0003066568
0.9999223
0.53105885
0.000562689
0.9977399
0.99969757
0.00027306014
0.99999356
0.00025428584
0.00029045812
0.39361086
0.408662
0.99999964
0.00084883097
0.00013386003
0.00045077858
0.999995
0.9999937
0.40933105
0.40514138
0.9402982
0.9999968
0.99995553
0.41286686
0.4144189
0.9999999
0.00058354926
9.851488e-05
0.5097457
0.38285804
0.9999896
0.0013369826
0.00011434646
0.9977422
0.9999751
0.000493359
0.4125451
0.00017453486
0.429198
0.0004221089
0.9671591
0.00016530312
0.9999975
0.40561578
0.40525484
0.53370553
0.0076681674
0.00024407824
0.00054476754
0.6451756
0.27487797
0.00019889713
0.9998646
0.99999964
0.9969606
0.4080869
0.00018087591
0.9952043
0.001314118
0.99999106
0.41423836
0.0032278248
0.4050577
0.00025766276
0.00026722817
8.2050276e-05
0.41206196
0.0007282513
0.5283398
0.41065818
0.9999666
0.40684116
0.9998004
0.39491105
0.001107234
0.00020543522
0.0006817416
0.0036886781
0.99989915
0.00051313976
0.000835626
0.41136524
0.99998534
0.9999944
0.4081136
0.00086917024
0.0010347338
0.00014399723
0.9999783
0.00013885496
0.9999963
0.20360203
0.39490265
0.99996233
0.00030157887
0.99990785
0.9999987
0.00039578835
0.9993284
0.99849653
0.00015934905
0.5103004
0.00030566406
0.9999989
0.9998671
0.9999944
0.9894391
0.9985518
0.0006946582
9.642158e-05
0.002199641
0.00018596368
0.0035527537
0.9999963
0.78661764
0.0004919532
0.8349873
0.00061308726
0.9999871
0.005625203
0.0002569474
0.02583126
0.12555142
0.52576846
0.00015811747
0.0002559342
0.0004887098
0.99996126
0.0004283511
0.9999995
0.999995
0.9966781
0.0005650061
0.998389
0.00022573552
0.41239613
0.40815073
0.0010815663
0.5254479
0.0005869793
0.97300965
0.0010958789
0.99962246
0.2742145
0.0011795841
0.0011443715
0.00046157418
0.9999236
0.99998
0.999966
0.38165554
0.00081211276
0.9977575
0.3806584
0.9999958
0.00015468428
0.99714077
0.9300365
0.40976098
0.00015723823
0.39861682
0.9999907
0.99999344
0.0070855604
0.9999981
0.99984396
0.004015851
0.00061551825
9.6569456e-05
0.9999244
0.0041320017
0.9679815
0.99997115
0.0005661449
0.0002443043
0.0002711691
0.0003069885
0.53103125
0.99855274
0.99996996
0.99457175
0.4123775
0.84480333
0.00037505903
0.9999975
0.99999213
0.9999795
0.00026864288
0.0002640092
0.39791653
0.0004978561
0.999959
0.94870114
0.00062050985
0.9954839
0.00039512216
0.00027718666
0.99998283
0.33270645
0.52348983
0.9999753
0.0002987948
0.99835
0.9803004
0.9999945
0.16058248
0.00028594755
0.9999906
0.9973041
0.33238295
0.0007317519
0.93053764
0.9988288
0.9993895
0.9999113
0.9988668
0.99994993
0.99914443
0.00014993717
0.00059477746
0.9962846
0.00017978356
0.005822007
0.00067380734
0.00019360801
0.00049138215
0.0005968144
0.9999336
0.8893335
0.410519
0.52512664
0.99999833
0.0020941512
0.0009944603
0.99998736
0.00021500967
0.99995637
0.9999988
0.53184354
0.3587077
0.9999814
0.00030247265
0.0071504964
0.9999938
0.4043427
0.00017695272
0.9999968
0.00010686025
0.21321662
0.00039556538
0.00017954371
0.997015
0.00016469252
0.00017441106
0.00017692623
0.0007021025
0.40428796
0.00016102278
0.001256648
0.99692255
0.99999094
0.3806009
0.00023094626
0.9998896
0.00018120234
0.000169927
0.99999607
0.52220213
0.00080548436
0.42928278
0.40832904
0.9999174
0.00012884472
1.0
0.14954323
0.00046832606
0.3991516
0.007262606
0.40926778
0.0012709232
0.00028118538
0.00014849514
0.99773103
0.3604133
0.00031633617
0.9990669
0.00093078957
0.00056042976
0.40857545
0.00012393725
0.9998807
0.53009874
0.9985133
0.00016415947
0.046972632
0.00047306498
0.9969056
0.001181736
0.9998336
0.00039118837
0.028093023
0.7979412
0.00010240839
0.00014382489
0.9998
0.9999515
0.34983674
0.99999523
0.00015481503
0.00034960604
0.999987
0.98209363
0.9819712
0.0001979806
0.99998426
0.99999726
0.42936426
0.999998
0.0011054487
0.9999888
0.9897153
0.99998295
0.00042148004
0.0009047696
0.0006226081
0.40054452
0.00034745198
0.99992406
0.00019091801
0.9999945
0.4071951
0.9955531
0.9999633
0.0001195995
0.0002491577
0.00037412788
0.3803488
0.9977386
0.9994641
0.99999857
0.5827265
0.4180593
0.9075968
0.00028530977
0.4095066
0.9241866
0.961481
0.00016441355
0.99999547
0.9997874
0.99999976
0.99997854
0.00035812068
0.002027888
0.9996965
0.9999938
0.00012386967
0.80197924
0.40708727
0.9998869
0.00031047637
0.0008765052
0.99999905
0.9994149
0.13288619
0.99975854
0.99997103
0.00042910024
9.6787204e-05
0.006043892
0.9999987
0.99999607
0.40837595
0.99999535
0.5198359
0.9999964
0.9999994
0.9999794
0.00018571685
0.01916173
0.9996815
0.0010520633
0.002906308
0.0001456652
0.99828005
0.00017270242
0.00036692905
0.0003228727
0.4096156
0.99997866
0.40690786
0.99935144
0.0011105717
0.5313271
0.0009742694
0.34969
0.00012911468
0.0008122064
0.0002983826
0.00020808377
0.7406164
0.40677825
0.9994097
0.00038135445
0.99991524
0.4044618
0.0011068286
0.000562704
0.19500971
0.5312445
0.40600204
0.7512333
0.002452084
0.38863087
0.00024469759
0.53561705
0.40597984
0.105876245
0.40928864
0.42944863
0.99999964
0.00050521304
0.9998472
0.9996165
0.9981852
0.91284764
0.00014004491
0.999977
0.999997
0.94361883
0.00014031907
0.99974495
0.16904683
0.999995
0.21190569
0.000480531
0.524009
0.99996936
0.40962115
0.9999268
0.0007054755
0.0012420902
0.00019334532
0.09024697
0.99999356
0.5135564
0.40308708
0.53670645
0.99876827
0.00022975194
0.99999523
0.99999905
0.9976037
0.99961275
0.99972147
0.40821588
0.0004984257
0.9999969
0.40633455
0.9995646
0.41205722
0.999997
0.5109898
0.9999809
0.9999981
0.015759356
0.52377415
0.99999905
0.00017847505
0.9999939
0.00027413823
0.0005559055
0.00089607056
0.00011011392
0.40871802
0.000554905
0.53184944
0.42904532
0.9999893
0.0004381836
0.9921036
0.92697024
0.0012039876
0.00016992247
0.99998045
0.9999771
0.41044274
0.9954203
0.99996877
0.99997103
0.00046968646
0.99997354
8.8759894e-05
0.9998845
0.0007469395
0.0008105341
0.40053302
0.9979317
0.00026350148
0.9999993
0.35957986
0.99987257
0.40823537
0.001285106
0.9927279
0.99997556
0.00015645083
0.9999974
0.9999076
0.00029761324
0.9810393
0.00021177305
0.00030563524
0.411757
0.35748956
0.9178607
0.105040096
0.5323526
0.44073763
0.9880228
0.40212446
0.5404925
0.0002220845
0.99535024
0.41041368
0.410739
0.00052043865
0.0004527427
1.0
0.408698
0.438358
0.00012293068
0.999866
0.99072915
0.00020725017
0.99999166
0.00038015516
0.40645325
0.9999839
3.1765572e-05
0.00013882953
0.99991775
0.9999945
0.40666032
0.18704793
0.60995567
0.00029847905
0.4065578
0.99999297
0.41275766
0.40410694
0.00019557583
0.00076315633
0.37431157
0.40826535
0.40276623
0.9988446
0.99996066
0.9958352
0.0016075952
0.40925756
0.99960786
0.0011793234
0.00042528697
0.9964875
0.00022236313
0.9999825
0.9999987
0.99999917
0.99999845
0.00016847916
0.0008347509
0.9981875
0.99999833
0.9999356
0.9999124
0.527829
0.39955866
0.9999416
0.00050973974
0.9999255
0.9999995
0.0013773836
0.00070417876
0.00017480431
0.00021306664
0.9981
0.9999993
0.98415715
0.00033118957
0.99999976
0.0006785823
0.5314547
0.00011555272
0.99994123
0.9998901
0.99929965
0.99999905
0.9998135
0.0036031904
0.3826484
0.0004026027
0.99983764
0.9988438
0.42393017
0.00018019337
0.99999917
0.9999951
0.5450743
0.0019865336
0.9999945
0.00016497764
0.9993075
0.9961875
0.9996892
0.00044074174
0.40657195
0.999711
0.0013673675
0.00034755762
0.00014005386
0.9999758
0.0003737812
0.2145209
0.9996604
0.98423624
0.00042421502
0.00042395608
0.97188133
0.9999988
9.4554634e-05
0.99999726
0.386753
0.00015332259
0.0011953367
0.0014485662
0.00019675626
0.9999889
0.4015039
0.000839182
0.9954021
0.99979156
0.000585396
4.8398277e-05
0.9998423
0.0013365287
0.9950936
0.00019600354
0.00025428872
0.0031978032
0.0013362474
0.994068
0.0008780997
0.0002132081
0.9999938
0.00022377238
0.0009840735
0.521194
0.08608117
0.00014477759
0.0001773955
0.413286
0.40902287
0.99987376
0.99996936
0.99993265
0.0001513558
0.99368626
0.00037732735
0.9998847
0.0007044318
0.99998903
0.9999715
0.9999925
0.9954053
0.00033494786
0.00047274312
0.40904152
0.9264693
0.41077915
0.9386853
0.27562502
0.17270644
0.40862095
0.88894004
0.9966344
0.40859172
0.9130092
0.69681865
0.99999774
0.49856266
0.99999845
0.0005677463
0.0001521724
0.99035734
0.0003070854
0.00087540055
0.0008712017
0.0005367333
0.9942458
0.9998939
0.9999995
0.99974114
0.000868079
0.99999976
0.0012712162
0.00055471517
0.00074627396
0.9934229
0.00029244236
0.0003952275
0.4070697
0.9998405
0.00039656938
0.405635
0.0007109634
0.00030016757
0.0008094566
0.00024210493
0.00026720142
0.99987984
0.00095155876
0.9999999
0.0075121634
0.40720695
0.00039361537
0.9999442
0.09777577
0.00011293439
0.00042124063
0.99998915
0.99915826
0.0002273952
0.00010216815
0.0002781959
0.42239425
0.743485
0.99997485
0.0027628632
0.99996006
0.9930735
0.9999814
0.00020260816
0.99998355
0.00013569665
0.0019407137
0.98245645
0.99705064
0.00030146906
0.37917206
0.999019
0.00013684323
0.00066165964
0.0006224565
0.00019661241
0.99999285
0.9999927
0.0005966682
0.42749044
0.99998546
0.00021105865
0.9988501
0.99988234
0.0004994862
0.00042772887
0.99999213
0.00012711817
0.00036848494
0.9997414
0.4124489
0.999992
0.00033750257
0.00014547505
0.0010294508
0.0030032236
0.0052479617
0.9999832
0.39221543
0.0003861032
0.41292152
0.99998724
0.6669321
0.99780685
0.42180458
0.0010823921
0.000360801
0.9999707
0.00044282657
0.40856573
0.0004893962
0.4109848
0.9999069
0.4073916
0.00044415865
0.99999774
0.40890214
0.0040966966
0.060414303
0.99859804
0.9973718
0.00014456888
0.9994398
0.00022906643
0.39554337
0.14626431
0.9999567
7.55628e-05
0.78288066
0.9998023
0.0001472928
0.0002482133
0.9999964
0.0021208257
0.9999981
0.0004253032
0.9126601
0.41148636
0.0005726762
0.9969626
0.00023599739
0.00020168358
0.365106
0.9999981
0.00026110018
0.0024769139
0.99999833
0.6097949
0.9998832
0.99999547
0.5245533
0.99999166
0.5334244
0.0006961872
0.9996873
0.00032685153
0.41258237
0.0007636448
0.0014515953
1.0
0.00023449978
0.99968743
0.5307143
0.00023766248
0.00034475295
0.00040427624
0.000972644
0.9999472
0.000705081
0.99997604
0.00043172328
0.40675753
0.5142799
0.9999269
0.9999523
0.9959413
0.00063033955
0.99967015
6.804949e-05
0.00042344496
0.0006959759
0.0016836837
0.000819829
0.99388254
0.3972499
0.40964463
7.1570845e-05
0.08365783
0.99993575
0.99997914
0.9998209
0.9998951
0.9999963
0.98475605
0.99944717
0.9999678
0.00033669497
0.88112485
0.5251913
0.00021820668
0.6602412
0.9999708
0.0001874248
0.9998684
0.00036276862
0.52703404
0.999998
0.9999958
0.53536046
0.5311409
0.99979323
0.00012986393
0.0006849539
0.0011792021
0.0010060148
0.39756754
0.0050330563
0.00022391409
0.99999654
0.999532
0.9984976
0.4088174
0.40773994
9.497176e-05
0.40904325
0.4064605
0.22576419
0.00022244308
0.9998115
0.009868788
0.99996746
0.0001367686
0.8516096
0.9999894
0.9999089
0.5366754
0.00015281496
0.996548
0.0036474008
0.9892699
0.00031449524
0.00043583283
0.000118887925
0.40794024
0.99999845
0.0001712979
0.00010044938
0.48308796
0.9999949
0.69523185
0.00017456114
0.99974734
0.96470946
1.0
0.00019279377
0.00018586194
0.9997769
0.00034806892
0.00038647823
0.41675478
0.39876994
0.41310498
0.39616832
0.00043698563
0.9999844
0.42796117
0.0005760481
0.5250608
0.40892345
0.0020237311
0.00016761103
0.9999683
0.9987143
0.00050126406
0.00035529208
0.00067818817
0.99968183
0.002603953
0.9994382
0.3770512
0.5360589
0.0001218458
0.00019940583
0.99998844
0.9999958
0.9999932
0.59224105
0.15792535
0.9999821
0.000591767
5.6007684e-05
0.0006188101
0.9896689