0.59272563
0.99999976
0.4196077
0.61228204
0.41942412
0.00080388825
0.002982497
0.9999994
0.42000023
0.91861814
0.0015398059
0.0019981223
0.00046934054
0.41883644
0.9999975
4.090741e-05
0.00060772133
0.91039747
0.00024096039
0.54656065
0.9804134
0.00053632114
0.4195546
0.0016853301
0.000107977765
0.00023884076
0.5370574
0.997546
0.41965753
0.99998784
0.0010980886
0.41974276
0.81314254
0.41834858
0.41939735
0.41981676
0.597026
0.99999547
0.99999905
0.9999993
5.699943e-05
0.5256333
0.0011787316
0.41983217
0.00073277036
8.392118e-05
0.6762643
0.9959798
0.00013356959
0.9999999
0.9980755
0.0020726474
0.999998
0.9997986
0.53473777
0.00016928205
0.58797044
7.001611e-05
0.00025648822
6.9073205e-05
0.6428257
0.9999981
0.589571
0.41944054
0.97899425
0.9559737
0.65959483
0.007368423
0.9913133
0.68031186
0.99999833
5.9117596e-05
0.98786587
0.39486387
0.0054057487
0.0014359438
0.0008774427
0.6017489
0.4194778
0.41956943
0.0050936164
0.001440383
0.41994748
0.9999398
0.99999714
0.0018669564
0.6454392
0.99999595
0.9999918
0.999783
0.0010671284
0.0003064481
0.9999987
0.99994564
0.002038398
0.0012292723
0.9999962
0.9981198
0.9999995
0.9999999
0.41955778
0.41987488
0.0007420477
0.0003182273
0.41963968
0.0022614445
0.0015558596
0.9988657
0.99998796
0.99997663
0.00032306236
0.4198311
0.99999845
8.329659e-05
0.41953662
0.0033779172
0.000109407134
6.720174e-05
0.99996865
0.8472876
0.8839817
0.99999595
0.0017752724
1.0
7.91228e-05
0.999982
0.0002307814
0.002671884
0.00013666131
0.99739194
0.99998176
0.998716
0.0022697807
0.99894935
0.0020130917
0.00027135375
0.56263196
0.9999999
0.41967213
0.001218017
0.99999964
0.0003344077
0.999577
0.0003154387
0.9931039
0.0010396616
0.0009141654
0.41878295
0.010220384
0.001663282
0.99991596
0.9997743
0.41999865
0.0068462156
0.000256727
0.41974202
0.9999994
0.0005362166
0.000185787
0.96945167
0.99999976
0.9999976
0.7646618
0.9999995
0.99999845
7.592721e-05
0.7414902
0.63608664
8.470969e-05
6.0040777e-05
0.00019476931
0.4198769
0.00020977684
0.55847347
0.0003004957
0.003998432
0.00036032303
0.99999964
0.00018397497
6.9556125e-05
0.5333231
0.0006247218
0.004677516
0.9999995
0.992326
0.9998375
0.41966096
0.4200472
0.0018713322
0.9999907
0.0005617132
1.0
0.9999988
0.9999933
0.00020296799
0.0020606716
0.41984126
0.9991605
0.00034188235
0.001513256
0.0018710999
0.9993943
0.9999993
0.99999547
0.99999475
0.9999999
0.00020693049
0.9999969
0.00027579954
0.00064404676
0.41986546
0.41962722
0.9999838
0.0018726
0.41973975
0.41999227
0.00016679156
0.53392416
9.689913e-05
0.0004778837
0.0020144198
0.9999999
0.00020051203
0.0018561931
0.00041077865
0.99999595
0.9994412
0.0002318946
0.41985297
0.00056287803
0.9999832
0.41995695
0.5485881
0.41978705
0.5796909
0.41924024
0.99999976
1.0
4.963344e-05
0.00100896
0.003099921
0.0015972758
0.9999999
0.9998951
0.9968976
0.00015128308
0.41948906
0.033987932
0.42003074
0.4395063
0.9999999
0.0006795271
0.9753725
4.4617802e-05
0.00025534022
0.0003185342
0.99988675
0.99905974
0.999305
0.99999857
0.9999999
0.0010766217
0.9999989
0.9999591
0.6843353
0.00081369537
0.0010083286
5.9907117e-05
0.55133086
0.9999809
0.41918668
0.56078297
0.0024030553
0.0014650242
0.9659714
0.46043417
0.54009753
0.00034274327
0.9999666
0.9994159
0.9999999
0.9999999
0.004684919
0.00079373445
0.9999988
0.99999976
0.41968355
0.999998
0.0005932305
0.41952044
0.59378827
0.9999995
0.6052691
0.00016973511
0.9999913
7.540904e-05
0.65310997
0.9999639
0.0011484568
0.9999976
0.4197429
0.00012422832
0.8586825
0.9999752
0.9999994
0.00017148421
0.58463883
0.0006664371
0.99999595
7.0522496e-05
0.00016265047
0.7224984
0.999997
0.99998426
0.9999713
9.959308e-05
0.00017184594
0.0020933843
0.9977276
0.00016895696
0.00016372911
2.5737656e-05
0.00080702704
0.00043286599
0.99382174
0.5923576
0.00077114627
0.00025779102
0.4199317
0.99997485
0.85246813
0.0010387478
0.9999846
1.0
0.9806035
0.41991317
0.9999994
0.99999976
0.00018371853
0.0011414064
0.00086778455
0.00011584553
0.9999958
0.41931912
0.9999981
0.78824157
0.9190689
0.9979588
0.9999999
0.99998474
0.9953057
0.0010702779
0.9999989
0.41880098
0.9997894
0.0065179863
9.270933e-05
0.6267903
1.0
0.9559458
0.00033926428
0.9997062
0.0017428735
0.00012882579
0.0004482861
0.42001948
0.9961881
0.00029072768
0.0004981383
0.41970885
0.41938293
0.0001712953
0.9999976
0.0015040948
0.00048290036
3.0284467e-05
0.99998856
0.8828162
0.00014302184
0.0024330888
0.99998593
0.99900997
0.98923653
0.0007451164
0.0015218229
0.9875194
0.9999167
0.41876185
0.00010797839
0.9999306
0.72311646
4.9930575e-05
0.0003419394
0.40187317
0.41961214
0.99994457
0.9999157
0.00018785454
0.0010614733
0.00035599034
0.0016701571
0.9988142
0.9999918
0.41884875
0.51449114
0.4180371
0.99999905
0.99999356
0.9999925
0.4197016
0.99974364
0.4195985
0.99940634
0.9999999
0.0009848182
0.0011089166
0.9979371
0.00076510163
0.99999857
9.492169e-05
0.000916343
0.41990143
7.672565e-05
0.00024028568
0.9983821
1.0
0.9999956
0.41854334
0.00020019263
0.0003192742
0.00021077027
0.9999225
0.41995987
0.41757914
0.0017889087
0.0004942154
0.9999974
0.5453113
0.9738635
0.41974083
0.0011652424
0.0005938443
0.0016445873
0.9999151
0.99999976
0.0009681917
0.9999795
0.9999672
0.4192917
1.0
0.999954
0.41915613
0.9685874
0.0005668487
0.61668706
0.00035264427
0.99999726
0.9848831
0.00021906137
0.00064230216
0.9999505
0.99999964
0.0015812425
0.99721175
0.00019388787
0.9999999
0.9999832
0.6078197
0.0011421645
0.0016830595
0.41947427
0.0018129798
0.9994708
0.7056004
0.00012381027
0.9963097
0.9999136
0.00113126
0.99999213
0.00016951287
0.0008002354
0.4199895
0.41973856
0.9999933
8.210569e-05
2.4549987e-05
5.4687076e-05
0.9999981
0.9999975
0.41953218
0.5340971
0.73015606
1.0
0.9998604
0.4181947
0.41900474
0.9999993
0.0007122067
2.2472675e-05
0.52086174
0.41977847
0.9999999
0.00044196285
0.001711678
0.9988337
0.9999989
0.0002144027
0.40301278
0.0007028737
0.9519788
0.0027405184
0.9972036
0.0007424824
0.9999993
0.41970304
0.41984192
0.7028889
0.3467401
0.0018687726
0.0002547889
0.925697
0.71502185
0.00090035534
0.9999479
0.9999999
0.98831546
0.4192886
0.0013131265
0.99955016
0.009627485
0.99996173
0.41957548
0.001398288
0.4185833
0.00049072475
0.00055380387
0.002059798
0.41927573
0.00019574504
0.6013908
0.41970745
0.9999461
0.4198829
0.9951232
0.419367
0.0003796724
0.0019349065
0.0039021536
0.0001500895
0.9999858
0.0015754784
6.0285474e-05
0.41967255
0.99999917
0.9999994
0.4197411
7.561304e-05
0.01560757
0.0012253101
0.9999739
0.0015278086
0.99999845
0.4274388
0.4198822
0.9999865
0.00072038104
0.9995621
0.9999908
0.00017315686
0.9998857
0.9847839
0.0009867962
0.59184486
0.00015582403
0.99999964
0.999785
0.99999976
0.9762189
0.99991345
0.00013686411
0.0012852099
0.0025253189
0.0002307816
0.0004633143
0.9999031
0.67181677
0.0008735221
0.9770899
0.0041773515
0.9999995
0.0032784329
0.00014001726
0.0010608571
0.6149535
0.6076776
0.001457258
0.00011116854
0.00032801557
0.9999907
7.710205e-05
1.0
0.9999988
0.99883515
5.354701e-05
0.9979063
0.0022173221
0.41955802
0.41972014
0.00018748485
0.61392534
0.0011361219
0.9837753
8.520696e-05
0.9999944
0.75982934
0.00015915833
0.0017155886
0.000107960885
0.9999956
0.9999994
0.9998301
0.41877973
0.0057326024
0.9513789
0.42441353
0.9999976
0.0007256382
0.96130663
0.9863923
0.41982773
0.00024859697
0.41973883
0.9523113
0.9999995
0.0023262645
0.9999999
0.9998677
0.00068327505
0.0005532483
0.0006468481
0.999974
0.0070043593
0.8834134
0.9999957
8.6251144e-05
0.0008451037
0.00019054355
0.0021754773
0.64542687
0.9940416
0.9996642
0.99987257
0.4199015
0.96582985
0.0004570366
0.9999573
0.999997
0.99999475
4.719628e-05
0.00052643043
0.41993314
0.00018443428
0.99998593
0.68593675
0.0005040368
0.99313617
0.00063853624
0.0003851657
0.9999628
0.4191783
0.562199
0.9999964
0.00021165496
0.99897623
0.96037394
0.9999988
0.38714373
9.36136e-05
0.99999774
0.9918467
0.6998179
0.0041485145
0.8837944
0.9999999
0.9996772
0.9999969
0.99957436
0.9999896
0.99999166
0.00015577352
0.00015835134
0.96610594
0.00073836657
0.0003016338
0.0014305203
0.00043013043
0.0020476875
0.00010458804
0.99999857
0.63428783
0.41948023
0.5726363
0.9999944
0.0005122955
0.00017730435
0.9999995
0.0004060483
0.999998
1.0
0.67970145
0.5385123
0.9999114
0.00019619199
0.004184026
0.99999976
0.41980946
0.00055057305
0.99931264
0.0006674337
0.6009491
0.00033634572
0.00086622976
0.94745165
0.0010428156
0.00017542194
0.00028463514
0.00014683999
0.4198358
0.00016404383
0.00055819366
0.9981651
0.9999893
0.4196896
0.00066990475
0.9997924
4.373416e-05
0.0010376173
0.9999993
0.60744387
0.00023914177
0.5864027
0.4199815
0.9999479
0.0008531721
1.0
0.41842267
0.00042279653
0.41990355
0.0020951699
0.41962317
0.00013070136
0.0008569126
0.00095413113
0.9996166
0.5167891
0.000110161505
0.9993268
0.00011739156
0.0007354568
0.41990682
9.74122e-05
0.9997124
0.59782845
0.9863877
0.00033896376
0.004005373
0.0012677774
0.9976184
0.0006868568
0.99999714
0.0005749566
0.0015536782
0.8996794
0.0015365713
0.00029382264
0.9999753
0.99999356
0.41857156
0.9999989
0.0015035176
0.0009347911
0.9999827
0.5917706
0.9918411
0.00095719955
0.99999917
0.9999931
0.58794814
0.9999993
0.00017657282
0.9999999
0.99892956
0.99998343
7.3069954e-05
0.0013798309
0.000104667364
0.41848555
0.0002430787
0.9999999
0.00053885934
0.9999913
0.41989112
0.9930682
0.99999845
0.00086859695
0.0015218919
0.0019126994
0.8527222
0.9998889
0.99997914
1.0
0.6761512
0.56508535
0.99053884
0.00095305353
0.4196508
0.9934515
0.91422325
0.0023561118
0.9999958
0.99999416
1.0
0.9999993
0.0016120641
0.000209127
0.9999393
0.9999999
0.0009996931
0.68931496
0.41936532
0.9999125
0.00051180134
0.0006157503
0.99999857
0.9986696
0.42891023
0.99991906
0.9996007
0.0003252736
0.0005942613
0.008556393
0.99999917
1.0
0.41321766
1.0
0.5617851
0.99999917
0.9999999
0.99997103
0.00017470452
0.0013304803
0.99999785
0.0047921482
0.0001434849
0.0010047073
0.9980375
0.001721518
0.0003792092
0.00035444007
0.41980928
0.9999999
0.4193794
0.99690706
7.397558e-05
0.64207464
0.00032965015
0.41876096
1.0874311e-08
0.034483004
0.00037565766
0.00037415215
0.63702667
0.41977003
0.99841285
0.00025910736
0.9999976
0.4198864
0.0017785837
0.0011756015
0.42220148
0.60568666
0.4195964
0.9043942
0.012570179
0.41958624
0.0007663552
0.9181235
0.4197878
0.30346066
0.42009228
0.4192883
0.99999833
0.00016551321
0.99996066
0.9998995
0.99764484
0.99448746
0.00031851354
0.99142295
0.9999995
0.7642132
0.00075398845
0.99997866
0.30780718
0.99995744
0.4096984
0.000104474224
0.55959433
0.9999913
0.41968086
0.9999559
9.205357e-05
0.006224026
0.00068178773
0.4120968
0.99999964
0.5681664
0.41972604
0.69819677
0.9999709
0.004201637
0.9999993
0.9999982
0.9993474
0.99792033
0.9997224
0.41954285
0.00020001004
0.9999982
0.4197458
0.99997735
0.4198057
1.0
0.6416777
0.9994734
0.9999999
0.0011724266
0.5977061
0.99998426
0.0010418246
0.9999994
0.0006793167
0.00017795117
0.0021222925
0.00089954067
0.41973248
0.0014514129
0.66823286
0.5663405
0.99999356
0.0003916475
0.99483323
0.9101925
0.00014840598
0.0005969441
0.99933666
0.9996754
0.42011493
0.9986682
0.99999
0.9999937
0.00016115795
0.99999475
0.003988429
0.99898344
0.0037768953
3.5124267e-05
0.41992518
0.9998889
0.00048214514
0.9999968
0.4196448
0.99994016
0.4197699
9.770274e-05
0.9810994
0.9999995
8.8435474e-05
0.9999995
0.9999987
0.0004055187
0.99954444
0.0013528224
8.7292894e-05
0.41905358
0.41870448
0.95985776
0.5319814
0.6350079
0.55071574
0.9985507
0.41978
0.68680906
0.0017788596
0.99886775
0.41954288
0.41932875
0.00018606053
0.0001209782
0.9999949
0.4197647
0.57788223
0.0004000251
0.9999527
0.82543486
0.00012482466
0.9999944
0.00014663948
0.4196252
0.9997824
0.00044467658
0.001369489
0.99991417
0.9999994
0.41943485
0.53384435
0.784731
0.00077600934
0.41942474
0.99999785
0.4177085
0.41981307
0.0035542261
0.002776406
0.41951868
0.41958144
0.41992953
0.9998041
0.99999857
0.9981059
0.0012233666
0.4194887
0.9816051
0.0007703773
0.0017506209
0.9732126
0.00012114063
0.9999727
0.9999999
0.99999976
0.9999999
0.00028208597
0.0001698698
0.94390637
0.9999962
0.9998964
0.9992046
0.66863155
0.41972485
0.9878401
0.00082395587
0.99999166
0.9999994
0.00017954252
0.00010253014
0.00056959916
0.000987687
0.9974027
0.99997365
0.9926569
0.00092203525
0.9999999
0.004208902
0.613299
0.00031544262
0.99999714
0.9999794
0.9994543
0.999997
0.9999727
0.013988353
0.41960967
9.527717e-05
0.99957293
0.91448015
0.5531143
0.00036471416
0.9999995
0.9999999
0.7631829
0.00027399894
0.9999894
0.00027791885
0.99949455
0.9998876
0.9999919
9.104916e-05
0.41964164
0.99993813
0.008536521
0.0023582266
0.0016172958
0.99999917
0.00026414945
0.43149728
0.9999739
0.97760195
0.00069509697
0.0005218009
0.9949627
0.99999595
0.0007677221
0.99999905
0.5576694
0.00022596486
0.0012017076
0.020618826
0.0002804582
0.99993944
0.41977897
0.00013000988
0.999405
0.99986553
0.0014959424
0.0026212677
0.9999099
0.0016697659
0.936419
6.920896e-05
0.00019534698
0.0005555554
0.00017449107
0.99503964
0.0009942439
0.0008310755
0.9999968
0.00229175
0.0005417469
0.6164679
0.448125
0.00010589203
0.00012305217
0.4194333
0.41966105
0.99995244
0.9999975
0.9999769
0.00052717485
0.8691405
0.00074052217
0.9999949
0.00040162422
0.9999908
0.9999956
0.9999987
0.9970898
5.7404948e-05
6.517039e-05
0.419773
0.98411924
0.41963804
0.6502942
0.41786492
0.5533479
0.4197898
0.9378298
0.98431534
0.419758
0.76785576
0.9823325
0.99999976
0.5714509
0.99999726
0.00091972976
0.0007186185
0.999084
0.00016463475
0.00020985048
0.00024743212
0.00017336867
0.95199656
0.99995375
0.9999976
0.9999647
0.00014874541
1.0
0.0012128708
0.00012529199
0.001960131
0.9990435
0.00036203171
0.00012212241
0.4195043
0.99999535
0.0018819788
0.41964516
6.508146e-05
0.00096531387
0.00024622394
0.0011345817
7.073512e-05
0.9999907
0.00013576433
0.9999962
0.0026696562
0.41963384
5.7612247e-05
0.9999908
0.75857943
0.00046161268
0.0010359165
0.9999988
0.99957985
0.00087772205
0.00050462905
0.0011930873
0.41938847
0.99731714
0.99995255
0.0005724437
0.9999484
0.97881156
0.9999963
0.00015365746
0.9999999
0.0011253614
0.00061367336
0.91034395
0.99999976
0.00012267834
0.41971248
0.99976593
0.00029493295
0.00022176161
9.8529155e-05
8.481937e-05
0.99999297
0.9999422
6.517542e-05
0.4171677
0.99999917
5.8574446e-05
0.5363749
0.999972
0.00018013446
0.0112688895
0.99999833
0.0013636118
0.00013688668
0.99988735
0.41976213
0.99999356
0.00022007442
0.00084458484
0.0063395165
0.025334338
0.0016025412
0.9999695
0.4193751
9.533343e-05
0.4192966
1.0
0.7847163
0.9996245
0.53397274
0.002190635
9.500717e-05
0.99133
0.001513759
0.41939935
0.0011050318
0.41971573
0.9999852
0.4196711
0.09710312
0.99999917
0.41987127
0.00033054862
0.44181123
0.99977857
0.9957349
0.0007010484
0.9987531
0.0001692772
0.41969502
0.44302213
0.99998975
0.0012767268
0.5697092
0.99996436
0.0008328195
0.003375138
0.99999726
6.337649e-05
1.0
0.00029399162
0.9830185
0.4199326
0.00039011193
0.9999801
0.0011069018
0.00023158372
0.53248614
0.9999987
0.00010027979
0.0029668966
0.9999994
0.59247327
0.999788
0.99998987
0.5646772
0.9999882
0.64482456
5.2949603e-05
0.99999046
0.00021241127
0.41871196
0.004054592
0.00030795851
0.99999976
0.00023003227
0.9998567
0.60546285
0.00016688876
0.00014911775
0.000600266
0.00010849816
0.9999503
0.0011833181
0.9999968
0.00015450135
0.41969582
0.59647954
0.9957931
0.99998343
0.9966047
0.0006217643
0.99764425
0.00021092469
0.00013118895
0.00050834037
4.2741598e-05
0.002016856
0.9974227
0.41952783
0.41985753
0.0010701804
0.41865906
0.99984336
0.99999654
0.9999831
0.999954
0.9999703
0.9251846
0.99988043
0.9999918
0.00016080152
0.91846627
0.6343942
0.0015957946
0.39352548
0.9999976
0.0010811558
0.99997246
0.0001491994
0.60826
0.9999999
0.9999999
0.7066135
0.7218702
0.9999709
0.0042999615
0.00026858167
0.004508472
9.753871e-05
0.41885945
0.0016352299
0.0014457921
0.9999987
0.9999324
0.9971826
0.41995972
0.4194232
0.0011961972
0.41964215
0.41941196
0.4281974
0.0005773374
0.99998665
0.0019751932
0.9999943
0.0011628607
0.78501827
0.99999833
0.99995315
0.75853807
0.0012798042
0.9400844
0.00034970653
0.8385591
0.00088660035
0.0013152813
0.0008510878
0.41989997
0.9999994
0.0008756154
0.00016847387
0.5521072
0.99999964
0.66645175
0.00050079793
0.99998724
0.97077155
0.9999999
0.0010502192
0.0013521172
0.98926264
0.00014910595
0.0004798961
0.41951323
0.5123611
0.63854504
0.41996467
0.00015311076
0.99995697
0.5511623
9.538926e-05
0.59443384
0.4198767
0.0017860202
0.0016816452
0.99998593
0.9998901
0.004239656
0.0001328177
0.00024303533
0.99873334
0.0007576247
0.99952877
0.41838443
0.68114924
0.0006598309
7.877521e-05
0.9999994
0.99999714
0.9999981
0.9469666
0.4044311
0.9999616
8.330024e-05
4.4458568e-05
0.0036549775
0.9441766