0.53628665
0.9999461
0.416937
0.5274452
0.41640657
0.00026775303
0.0007021453
0.9999902
0.41734535
0.6559727
0.00012458528
0.00075352663
0.00022320665
0.41769046
0.9988329
4.005357e-05
9.5901196e-05
0.99966216
0.0016293795
0.45441547
0.9658802
0.00061400275
0.41654065
0.0010343825
0.00011759345
0.0012559826
0.4909669
0.9772093
0.41703463
0.9902436
0.00044208378
0.41637942
0.32302728
0.4183922
0.41469607
0.41823843
0.5183558
0.9941486
0.9997993
0.9999317
0.00017986208
0.39223668
0.00036982683
0.41830316
0.00022977691
0.0005378233
0.53094846
0.89575887
0.00046259674
0.99991846
0.99997425
0.0010658593
0.99911124
0.99960023
0.48005456
9.007375e-05
0.52776355
0.00016449776
0.00015343873
0.0003254039
0.5303145
0.99938464
0.5245728
0.41668373
0.93396145
0.535323
0.537045
0.00039506625
0.9308973
0.5440863
0.9977901
0.0004410557
0.94683194
0.2332353
0.00068706396
0.00086476473
0.00047014764
0.5298862
0.4174186
0.41768214
0.00022248423
0.0003901303
0.41746846
0.9943988
0.9992803
0.00039755576
0.52765834
0.9985056
0.9985134
0.9868407
0.0006881688
0.00034701516
0.99855536
0.986986
0.0021913534
0.0007052479
0.999146
0.917831
0.9999732
0.9998741
0.41723257
0.41756082
0.00026337765
0.00016309867
0.41804045
0.0025960144
0.0003929574
0.9603107
0.99894935
0.9993895
0.0005312946
0.41795886
0.99652135
0.00023088968
0.41717914
0.00037425273
0.0001721267
0.0025027536
0.9982992
0.8276338
0.9999993
0.9997826
0.002521754
0.99974877
0.00035959212
0.99944025
0.00025216438
0.00032986046
0.0001265688
0.9837541
0.9999242
0.9648677
6.484617e-05
0.97428745
0.0008010101
0.00023279266
0.8122601
0.9996159
0.41710496
0.00015950167
0.99990106
0.00028415982
0.99619365
0.00013113367
0.9821898
0.00018929422
0.0004543952
0.4070677
0.00053922646
0.0008017337
0.9917908
0.8589702
0.4188053
0.00039089407
0.0017002521
0.41370898
0.9995365
0.00029096255
0.00011988745
0.8859578
0.9998481
0.9997962
0.3595888
0.9995974
0.9996032
0.00022313981
0.54764
0.5257468
7.6368335e-05
0.0002024558
0.00041420397
0.41635603
0.0008585639
0.36190826
0.00064241665
0.0013377717
0.0008587893
0.9990049
0.00032234492
0.00012823408
0.3378995
0.00042520935
0.0018684018
0.9997857
0.9488178
0.9979796
0.41793686
0.4170929
0.000131482
0.99225086
0.00048758864
0.99990976
0.99847454
0.9982243
0.00057799864
0.0002637156
0.4171623
0.9996086
0.00024720366
0.0005712773
0.0011045871
0.99996924
0.99975616
0.9978271
0.99977785
0.9998728
0.0004892407
0.9998796
0.001612953
0.0003470567
0.41691864
0.41773772
0.9961171
0.000769956
0.41686925
0.4167257
9.730396e-05
0.25052407
0.00012584578
0.00020132467
0.008762225
0.9998683
0.00018599755
0.0005893158
0.0002491142
0.9997266
0.97063285
0.0018906342
0.4186986
0.00036794192
0.9971181
0.41724768
0.3538414
0.41659075
0.5275862
0.4173981
0.9998118
0.99998415
7.6189826e-05
0.00029898656
0.00021125516
0.00078272686
0.99949694
0.9888776
0.972441
0.0001919277
0.41598716
0.009821256
0.41768023
0.3045606
0.9994272
0.0002021971
0.8702062
7.850015e-05
0.00016719999
0.00019786568
0.98837924
0.98572195
0.9935028
0.9999304
0.99992085
0.00018276279
0.9999734
0.9991985
0.36138216
0.0022422215
0.00022697194
4.628669e-05
0.35995275
0.99972373
0.41695905
0.567295
0.00013761802
0.0008979624
0.5098878
0.3587578
0.33174938
0.00031209885
0.9990483
0.9451825
0.9990727
0.9997931
0.00077787996
0.00043077796
0.99991214
0.99902725
0.4179756
0.98969895
0.00044392902
0.41609433
0.95851016
0.9995222
0.4690278
9.024975e-05
0.99355704
0.000503922
0.23726971
0.9898538
0.00015823044
0.99759763
0.4169879
0.00016584701
0.559796
0.9996636
0.9978763
0.0011568405
0.53138644
0.00080740015
0.9997515
0.00021687713
0.00011804362
0.3169705
0.9998907
0.9951871
0.99882764
8.50859e-05
0.0003454809
0.00038357454
0.99252
0.00029978264
0.00018873088
0.00028082237
0.0004173947
0.00013870926
0.9998369
0.52843195
0.00096840726
0.0008194916
0.41669157
0.99260324
0.58094585
0.00018283425
0.99978465
0.9999213
0.4196866
0.41784513
0.9996686
0.9992824
0.0008775983
0.00028937738
0.00028280227
0.00017659791
0.99876475
0.40600237
0.99846494
0.535266
0.7093376
0.95943224
0.9999316
0.9890576
0.9521706
0.00046636304
0.9995517
0.40532666
0.98847723
0.00068044994
0.00019308794
0.5300978
0.99991345
0.5489002
0.0013457718
0.99811614
0.00026453353
7.282745e-05
0.001228724
0.41798592
0.947382
0.00043727603
0.0003855397
0.41661683
0.41064984
0.0002144859
0.99934417
0.0012346809
0.0003038771
0.00039900787
0.9982551
0.8056581
0.00013893204
0.00035128166
0.9994324
0.91868937
0.8827817
0.001259564
0.00027569543
0.7591149
0.9927555
0.40713125
0.00031087684
0.99626297
0.53896475
0.00019894494
0.00016437593
0.0004272582
0.41739935
0.99881124
0.9895251
0.00032636232
0.0012747159
0.00037165833
0.00060110935
0.9882266
0.9952114
0.40873575
0.4666023
0.4167961
0.9999825
0.99976736
0.9983016
0.41462687
0.9717006
0.41624108
0.9835052
0.9998852
0.0005739122
0.00034553307
0.9576944
0.0003672862
0.99989593
7.963807e-05
0.0003880182
0.4182321
0.00011510941
0.00020104807
0.97998464
0.9999206
0.99993014
0.4068306
0.001210257
0.0016218688
0.00023361469
0.9948677
0.41432935
0.25687572
0.00047514678
0.00022231415
0.9999832
0.5211222
0.5896752
0.41773522
0.0007053897
0.00036559367
0.0004748993
0.9982058
0.9999064
0.0005108611
0.99935764
0.9991549
0.41680652
0.9996075
0.993803
0.4173279
0.92222464
0.0002081443
0.28943533
0.00019417908
0.99896
0.86744356
0.00037889354
0.00017494055
0.9974602
0.999747
0.0011676152
0.96362346
0.000451642
0.9997948
0.99987566
0.29492986
0.00077274477
0.00036531617
0.41725695
0.00039369645
0.99997663
0.5419584
0.00015184468
0.9557994
0.9961092
8.5728076e-05
0.9981148
0.0020299917
0.00030648638
0.41808668
0.41440123
0.99559706
0.00017228205
7.4756e-05
0.00066676043
0.9990735
0.9997602
0.41577327
0.45518342
0.96146774
0.9999913
0.9937593
0.41625264
0.4171174
0.9991685
0.00011502449
0.0002253596
0.51747686
0.4186294
0.99988925
0.00030114045
0.0007075769
0.9555299
0.99948823
0.00046426812
0.41241506
0.0003392211
0.42889422
0.0002548227
0.90573895
0.00031625957
0.99980944
0.4173307
0.41735655
0.5420028
0.00025475174
0.0008013701
0.00029607763
0.5504518
0.38209036
0.0005835296
0.9995215
0.9999851
0.93711716
0.418863
0.0010340692
0.94784397
0.00057223806
0.995037
0.41758716
0.0020288504
0.40573883
0.00045837078
0.00040070142
0.000337691
0.4175377
0.00017945352
0.53131235
0.4161163
0.99933416
0.4162148
0.9652985
0.41762242
0.00039738524
0.0013549537
0.000204535
0.000101794525
0.9993154
0.0004680219
0.00021563833
0.41696382
0.999491
0.9998957
0.4172711
0.00013227561
8.328197e-05
0.0005505224
0.99983907
0.00086448796
0.99997234
0.3160748
0.41782898
0.999749
0.00032114986
0.9976096
0.99961996
0.0001467139
0.9986916
0.7983368
0.00033888555
0.527092
0.00016057154
0.99956495
0.98830354
0.99986565
0.9885357
0.99391925
0.0015930937
0.00055672845
0.0016936009
0.00018357352
0.0018266957
0.9983302
0.39623407
0.00032669792
0.31354675
0.00021199246
0.9977902
0.00018874923
0.00023928932
8.052209e-06
0.2046683
0.5390479
0.00031367238
0.0018654099
0.000106245534
0.99523264
0.00013779607
0.9999882
0.99985814
0.97942847
7.4199255e-05
0.9381522
0.0010957724
0.41647327
0.416258
0.00012997392
0.5290153
0.00046458465
0.87124395
0.000121623394
0.9875432
0.3332427
0.0004220371
0.00036461646
0.00017224147
0.9980009
0.99992776
0.99962234
0.4029185
0.00037851252
0.9488007
0.41619733
0.9995171
0.000257348
0.9355741
0.9781682
0.41678515
0.00034170345
0.41805932
0.9999212
0.9996662
0.0040375483
0.99956805
0.99556726
0.0012132828
0.0009555707
0.00025934092
0.99969244
0.0015830504
0.80448925
0.99953675
0.00015344968
0.0004919373
0.0017850888
0.0003902981
0.53243136
0.95116603
0.99968636
0.9895124
0.41736776
0.5499536
0.00023161751
0.9936486
0.9978871
0.99986136
0.0003485589
0.0010066805
0.4161427
0.0001192492
0.999131
0.4231925
0.00038329087
0.97728264
0.00028379838
0.00025312524
0.9998777
0.4113772
0.500539
0.9995497
0.00017801956
0.97866803
0.9782825
0.99973077
0.3698855
0.0006552481
0.9992743
0.9850065
0.3336989
0.00054854824
0.7618123
0.99991715
0.98229665
0.9996356
0.9913356
0.99713033
0.9912116
0.00024185136
0.00045833908
0.98417526
0.00015527436
6.5963955e-05
0.00047099186
0.00012348355
0.00066790555
0.00016056097
0.99959415
0.7316921
0.41455615
0.5299612
0.9981912
0.0010046407
0.00010810397
0.9999343
0.0003504932
0.9995727
0.99976057
0.53631693
0.42009994
0.9955455
0.00015117983
8.114425e-05
0.99998605
0.41716436
0.0003414221
0.9998903
0.00029346236
0.36525822
0.00020961511
0.0005431882
0.5814462
0.00064646045
0.00025353342
0.0001432238
0.00022313705
0.41745967
0.00026630948
0.0014261112
0.95592797
0.99934095
0.40971708
0.0002571231
0.99182457
0.00015256788
0.00055337197
0.99948895
0.53670114
0.00051956234
0.4057447
0.41653574
0.9999629
0.0004918398
0.99998736
0.2359833
0.0004185626
0.41840968
0.0002988162
0.4177393
0.000111330206
0.0002904537
0.0002860236
0.97006017
0.42191878
0.00030245737
0.9636696
0.0009789882
0.0002510898
0.41724145
0.0006234561
0.9919819
0.5277759
0.8822223
0.0003324635
0.00083468173
0.0005272512
0.98940873
0.0009923436
0.9979721
0.00034680447
0.00028351118
0.529431
0.0006560179
0.00040207952
0.99896884
0.99990666
0.41184288
0.9993611
0.00040919773
0.00028604572
0.9986607
0.8464245
0.992997
0.0004871257
0.9990694
0.99990356
0.40149942
0.9999778
0.00037029464
0.9998282
0.9254267
0.99570066
0.00021595952
0.0011031922
0.00017310784
0.40627268
0.00024382169
0.9998472
0.0005849361
0.9999893
0.41574
0.92052245
0.99964774
0.0002843311
0.0006985402
0.0010381795
0.3612649
0.99979466
0.9951599
0.99997294
0.5370623
0.41599602
0.85839945
0.0008511287
0.4150935
0.9065587
0.7858156
0.00020357562
0.9990368
0.99790764
0.99995816
0.9996132
0.00072180654
0.0003669943
0.9751584
0.9999927
0.00039300535
0.36172232
0.41690123
0.999938
0.00033188114
0.0013963737
0.99969685
0.9859409
0.29990855
0.9824777
0.97570443
0.00034694336
0.0003367375
0.0010238928
0.9999727
0.99999034
0.40909645
0.9999577
0.5312896
0.9996264
0.9998104
0.9948415
0.00028330256
0.0027192598
0.9972465
0.00029576672
0.00097154797
0.00043448532
0.78885555
0.0012688182
0.00016153764
0.00031763111
0.41686037
0.9999405
0.41654012
0.9502857
0.0011277244
0.5438439
0.000682113
0.4059688
1.9931871e-05
0.0002616382
0.00013792753
0.00019023313
0.36895695
0.41726363
0.9329549
0.00023194811
0.99810505
0.41763943
0.001843648
0.0007873846
0.36006808
0.52633846
0.4156879
0.37165856
0.00031325725
0.4176626
0.00026049523
0.55530334
0.4176485
0.24846135
0.41658786
0.41731164
0.9998977
7.113931e-05
0.9999815
0.9970229
0.98866487
0.9779279
0.000881696
0.9995154
0.9996227
0.65093243
0.0005482349
0.99899966
0.3542921
0.9979825
0.3928232
0.0002735607
0.52475965
0.999668
0.4170172
0.99946886
6.900526e-05
0.00039417317
0.00030329506
0.2693094
0.99993145
0.52225465
0.41886744
0.54626757
0.99895287
0.000381997
0.99923444
0.9994357
0.9988003
0.99532336
0.96617
0.41638958
0.00021292895
0.9993832
0.41713405
0.99982905
0.41719937
0.9999298
0.5256911
0.9383911
0.9995579
0.00046152098
0.53390557
0.99927
0.0005473329
0.99920493
0.00015601062
0.00011219354
0.00026179964
0.0002559237
0.4172897
0.00028078834
0.5440674
0.4830887
0.998415
0.00023856355
0.96592337
0.39902756
9.507614e-05
0.00042317476
0.99892694
0.99497664
0.4176179
0.9190858
0.99894994
0.99914825
0.00020574102
0.99618286
0.00019455346
0.9893433
0.00061790197
8.349214e-05
0.418661
0.9983304
0.00031859492
0.999871
0.41764435
0.9983107
0.41622025
0.00035416344
0.9383006
0.99723864
0.00042478455
0.9994821
0.9989191
0.00023899657
0.9556162
0.00027220364
0.00039572077
0.41797552
0.4075641
0.8181316
0.35025
0.5364009
0.5280223
0.9254342
0.4171735
0.5296638
0.0008794528
0.95689636
0.41653374
0.41582933
0.00019323343
0.00012001328
0.9998982
0.41657278
0.3887242
0.00019615366
0.9984176
0.39794874
0.00011521077
0.9977391
0.0004526443
0.4166513
0.9956709
7.033337e-05
0.00095600286
0.99816954
0.9998915
0.41696098
0.2955469
0.54132205
0.00040149863
0.41687447
0.9998704
0.41698396
0.41697887
0.00022188302
0.00049613335
0.4179416
0.417055
0.41550538
0.9989366
0.9919109
0.97154266
0.0007522187
0.4171671
0.90431756
0.0015252075
0.000113807015
0.3762107
0.00032422127
0.99930644
0.99979156
0.99976
0.9998789
0.00041895802
7.167999e-05
0.963617
0.9996076
0.99766976
0.99269295
0.53132397
0.4178728
0.99999976
0.00014749462
0.9986505
0.99936026
0.00020607223
0.0009509633
0.0007098696
0.0004062043
0.9948649
0.9841845
0.99277556
0.00018038144
0.99989283
0.0001115872
0.5331896
0.00016508812
0.9996094
0.998483
0.9780763
0.9998714
0.98336095
0.0020540515
0.4177964
0.00045914264
0.9961914
0.5986599
0.4208801
0.00017456779
0.9999635
0.99987125
0.53844076
0.0005476147
0.999961
0.00024781722
0.99490345
0.9905234
0.9998288
0.00016163086
0.41675112
0.99364036
0.00053563295
0.00046029122
0.0011929179
0.999438
0.0012862503
0.38294297
0.9976816
0.8651423
0.00088858226
0.00024059172
0.7170973
0.9993901
0.00052208547
0.999584
0.4185662
0.00013599716
0.00087379676
0.0010606541
0.00042290258
0.99925154
0.41641405
0.0002990627
0.99044156
0.9941537
0.00063202274
0.0002687861
0.99800545
0.0025185402
0.76681036
0.00013153153
0.00012285849
0.00046915354
9.755369e-05
0.9626983
0.0002682986
0.00033210902
0.99821544
0.00031436302
0.0004117529
0.411844
0.19594042
0.00028925075
7.196971e-05
0.41551697
0.4163216
0.99929214
0.99728155
0.98982996
0.00022465551
0.9055383
0.00030165163
0.9984425
0.00038045226
0.9999869
0.9992817
0.9991186
0.9940749
0.00021912006
0.00036492807
0.41708595
0.9118967
0.41685
0.45900238
0.07866381
0.38552162
0.41668522
0.47982997
0.41667703
0.41646856
0.7154633
0.6222962
0.9999733
0.5292974
0.98568475
0.00026949996
0.00022175252
0.9254017
0.0011235061
0.00011212713
0.0004505904
0.0004934147
0.7469444
0.98842686
0.99998164
0.9702247
8.4448446e-05
0.9999347
0.00034541995
0.0008818666
0.0016359627
0.9625405
0.00021112124
0.00012482537
0.41679046
0.9992698
0.00032375546
0.4173495
0.0002084426
0.0008058213
0.00012828593
0.0007917568
0.0001118209
0.9993523
7.801865e-05
0.99694496
0.00016458766
0.41750145
0.00013908473
0.99639064
0.30433828
0.0003453192
0.00062331645
0.99999285
0.96394134
0.000445885
0.00043608822
0.00076091674
0.41737616
0.78477687
0.9998709
0.0019130792
0.99963427
0.9272826
0.99945503
0.00014173183
0.9999652
0.00052391604
0.0008505033
0.38274464
0.99914
0.00016539599
0.41782162
0.97950166
0.00033057257
8.960146e-05
0.00015137457
0.0013812509
0.9999069
0.999006
0.00018681781
0.41675642
0.9926668
0.0001276755
0.40676752
0.9994956
0.0002255976
6.373784e-05
0.9993451
0.00013711634
0.0005438257
0.99818194
0.41714022
0.9999858
0.00016616723
0.00032593543
0.0002632569
0.00023686822
0.0003105504
0.9994399
0.41286677
0.0001685608
0.41732702
0.9996762
0.5528261
0.9463311
0.52494836
0.00048666968
0.00025025164
0.9996973
0.0013930021
0.41630226
0.0007725334
0.417427
0.99910945
0.41715544
5.3660337e-05
0.9996784
0.4175166
0.0008675241
0.2818259
0.98803884
0.99854726
0.00020505753
0.9785428
0.00038700493
0.41829756
0.27706474
0.998114
0.00067692745
0.5260384
0.9967734
0.00060486153
0.0012853233
0.99938047
5.228846e-05
0.9999875
0.00026770326
0.8987212
0.41489977
0.00022809136
0.9984748
4.4980767e-05
0.00045469587
0.415429
0.99331844
0.00018833394
0.0015256455
0.9999869
0.5239273
0.99802375
0.9993844
0.53040874
0.9969963
0.5186081
0.00019804895
0.99822515
0.00016232216
0.4169931
0.00032121752
0.00124303
0.99956447
0.00032953196
0.9928301
0.53601694
0.00029599352
0.00014534844
0.0002538302
9.425827e-05
0.9977763
0.0018431373
0.9997279
0.00012739812
0.41710156
0.5148173
0.99762756
0.99767834
0.8492392
0.0006490363
0.9901854
0.00011434798
0.0007133112
0.00040694844
0.0006282724
0.0010006913
0.89596295
0.41780293
0.41576645
0.0009996122
0.2696509
0.99504143
0.99988806
0.99381655
0.99817455
0.99324363
0.71087044
0.9957229
0.99924767
0.00069792464
0.4173212
0.54620355
0.0007414727
0.6654956
0.9991881
0.00028687567
0.9982389
0.00018569206
0.531798
0.99999905
0.99989223
0.54137474
0.53499705
0.9990024
0.000705221
0.00015039853
0.00013006567
7.373408e-05
0.404325
0.0014113003
0.00075189833
0.9997639
0.9992643
0.86676663
0.41649857
0.41637987
5.923554e-05
0.41655067
0.41639537
0.34877998
0.00021920093
0.9896214
9.134004e-05
0.9988619
0.00077754166
0.5114143
0.99986625
0.9996841
0.5451201
0.00048501758
0.98726094
0.0013961351
0.60595673
0.00078234513
0.0003824873
0.00027468268
0.41766474
0.9994948
0.0005200127
0.00020829022
0.53064215
0.99997437
0.5301175
0.00032438175
0.99790585
0.97077227
0.9998443
0.0002705181
0.0005350209
0.99964213
0.0009141654
0.00038520686
0.41730365
0.41926265
0.41146228
0.41612408
0.0005596925
0.9959395
0.5247787
0.00021153028
0.53224576
0.4165158
6.928616e-05
0.0011778056
0.9999801
0.99438584
8.1033984e-05
0.00012852409
0.0012087915
0.99507093
0.00035870206
0.9921388
0.4069526
0.53157413
0.00019386625
8.749365e-05
0.99972516
0.9999435
0.9989919
0.5459033
0.24579002
0.9997528
0.00010793628
0.0001427929
0.00024134116
0.927019