0.55426335
0.9999838
0.45792913
0.5636666
0.45807567
0.0010768059
0.00036943724
0.9999671
0.45807567
0.9069476
0.015359506
0.0008895255
0.0018308025
0.457443
0.99996483
0.0058920737
0.014415989
0.8752106
0.0021660682
0.55217075
0.96437377
0.0018381621
0.45807567
0.00031194507
0.0008702845
0.0074074585
0.49990448
0.97497684
0.4567768
0.99987376
0.0005640857
0.45807567
0.85784036
0.45807567
0.45807567
0.45523173
0.55261016
0.99776244
0.99999964
0.9993511
0.0040045343
0.4164885
0.00030298354
0.4574039
0.0013375742
0.0016883275
0.56629956
0.8923876
0.001361946
0.99978286
0.9999058
0.00032922614
0.9969813
0.999997
0.4751614
0.0023079924
0.58053404
0.0025322998
0.0014317762
0.007987073
0.60213727
0.99991417
0.56875557
0.45807567
0.7494312
0.7544273
0.5940531
0.00013437503
0.91539437
0.55690014
0.9999422
0.0017604538
0.9881947
0.11134718
0.0036200583
0.0005448662
0.00060763594
0.6017253
0.45807567
0.45560816
0.00032405008
0.0007181303
0.4577348
0.99969006
0.9999862
0.00025660417
0.5704007
0.9978423
0.9999789
0.9977017
0.00054576644
0.0010780524
0.99995375
0.99878675
0.0020717098
0.00083211786
0.99998176
0.91614914
0.99990535
0.9999993
0.45807567
0.45807567
0.0009629307
0.0008842718
0.45713246
0.0030367926
0.00052242423
0.9982874
0.99991775
0.9887271
0.0035111578
0.45786637
0.998403
0.006367392
0.45816964
0.0002554403
0.0032496003
0.009758611
0.99998176
0.80101687
0.9998265
0.9995555
0.0013041961
0.99999964
0.001671198
0.9999995
0.0016062183
0.00092992885
0.0024303268
0.99179184
0.9999925
0.9921015
0.00017151936
0.9999368
0.00024166376
0.0018313045
0.34912506
1.0
0.45807567
0.0027831895
0.9999968
0.0010551407
0.99343795
0.0014714957
0.9646685
0.00051777164
0.0005262586
0.45353445
0.0033219291
0.0008545862
0.99999154
0.9225188
0.4575972
0.00022953254
0.0013931631
0.45239604
1.0
0.00031917682
0.001991518
0.9991788
0.99999845
0.99994934
0.01850239
0.9986706
0.9999151
0.0029357416
0.6678655
0.5599857
0.0006063586
0.0013147646
0.0018716156
0.45807567
0.010708918
0.33258504
0.0030449575
0.00053196633
0.0013506166
0.9999261
0.0014991137
0.003020431
0.42076567
0.00052178395
0.00039802998
0.99999964
0.9971642
0.99966025
0.45721892
0.45807567
0.0004698779
0.9976393
0.000515587
0.9999511
0.9999846
0.9999957
0.0064357454
0.00019081718
0.45807567
0.99621445
2.8866863e-05
0.00029612757
0.0011423451
0.9998097
0.999997
0.9989183
0.99947923
0.9999999
0.003001659
0.99993944
0.0029343518
0.00031373487
0.45774913
0.45519835
0.9999893
0.0014957015
0.45807567
0.45807567
0.0009504669
0.27260688
0.0014380435
0.0018173576
0.00015909308
0.9999527
0.0018571527
0.00025714075
0.002032831
0.9999932
0.9942762
0.0014965842
0.45756626
0.00042201436
0.9997129
0.45807567
0.36862057
0.45807567
0.47676945
0.45840278
0.9999994
0.99999976
0.014307963
0.0010643653
0.00023146652
0.00040502244
0.9999697
0.98930955
0.95938534
0.0013505393
0.45807567
0.12018534
0.45807567
0.11537097
0.99999976
0.0009144033
0.98136544
0.0783414
0.0010871897
0.0015487272
0.9993104
0.9958568
0.98708344
0.9999603
0.9999893
0.00056682737
0.9997811
0.9998747
0.42968887
0.004647474
0.0020044777
0.003202733
0.10349676
0.9988772
0.45807567
0.016088497
0.0004739598
0.0003216738
0.9993105
0.19146837
0.2492118
0.00091813586
0.99980205
0.9930199
0.9999989
0.99999976
0.002010854
0.0008952018
0.999998
0.9998388
0.45557216
0.9999924
0.00024571596
0.45807567
0.7783097
0.9999901
0.5521403
0.0020733627
0.99915063
0.0024044414
0.16125011
0.9988098
0.0004443005
0.99946064
0.45714226
0.002675159
0.56793207
0.9971675
0.9997782
0.0073523456
0.5644834
0.00019535534
0.9999993
0.0019783399
0.0018284617
0.5067199
0.9999511
0.9997689
0.99565214
0.003418822
0.0021258674
0.00022649614
0.9981159
0.0021348617
0.0005623099
0.02491876
0.0006704438
0.0003376886
0.999966
0.59196824
0.004314217
0.0026393172
0.45807567
0.9986957
0.9057654
0.0019522988
0.9999827
0.99993
0.20719442
0.4577994
0.99999726
0.9999908
0.0031277272
0.0013658467
0.0010488818
0.0016184364
0.99981815
0.455293
0.9999907
0.7280002
0.8183861
0.99794
0.9999918
0.99990225
0.99985254
0.00076261756
0.99999833
0.45456707
0.9993113
0.00015124529
0.0023441503
0.5819101
0.99999976
0.7617181
0.0031087468
0.89771026
0.00084126444
0.0029223047
0.01608891
0.45790076
0.9455002
0.00048321142
0.0004488086
0.45807567
0.45807567
0.0013348903
0.9999968
0.0010820378
0.0007544348
0.010004858
0.9999316
0.9252616
0.0013598307
0.00048313633
0.9983423
0.9991691
0.9874163
0.00136451
0.009051145
0.96439403
0.9999838
0.45517838
0.004560943
0.9999778
0.56627715
0.0002679719
0.0018293869
7.4215386e-05
0.45807567
0.9999896
0.9980192
0.0010322782
0.0006558513
0.00090353674
0.00066154584
0.97162014
0.9999404
0.45509246
0.5387334
0.45708376
0.99521327
0.99991167
0.9999232
0.45690483
0.97202533
0.45751026
0.99848527
0.9999981
0.0005083825
0.0011129216
0.9986959
0.0005687447
0.9999738
0.0023337612
0.00076650607
0.4571315
0.0018322931
0.0022889094
0.99991095
0.9999995
0.9997744
0.4566338
0.0010598206
0.0029340268
0.002498025
0.9999912
0.45731428
0.09607088
0.0005635942
0.00084397907
0.9999162
0.5098384
0.8302906
0.45562428
0.00035796608
0.00011074743
0.0006176761
0.9996413
0.9994204
0.00375363
0.9999665
0.9968682
0.45807567
0.9999927
0.9859293
0.45807567
0.9190943
0.00092697336
0.37681484
0.0024737266
0.99995446
0.69541955
0.0006332349
0.0015758541
0.9999995
0.9999974
0.0002608857
0.85764676
0.0039439006
0.99999976
0.9998957
0.42996696
0.00054145546
0.0007943076
0.45807567
0.00060430233
0.99879694
0.60286343
0.0024327962
0.999838
0.96126944
0.00081705966
0.99998546
0.0015818088
0.0004320619
0.4565237
0.45680007
0.999992
0.0031016883
0.0007304354
0.0032792091
0.9999845
0.9999963
0.45741138
0.53774554
0.8628178
0.9999976
0.9958395
0.45807567
0.4565382
0.9999788
0.00048949255
0.001617356
0.5170487
0.4574423
0.9999697
0.008126795
0.0004951761
0.99257046
0.99999154
0.001777063
0.45807567
0.00061967206
0.5427288
0.00031982805
0.8298439
0.00012813667
0.999987
0.45807567
0.4579059
0.5629121
0.0007510694
0.0004061623
0.0024846357
0.6254291
0.605042
0.0018026592
0.99095166
0.99999964
0.9860028
0.45807567
0.00035472956
0.8141775
0.00015615781
0.9988972
0.45807567
0.0038813837
0.45457318
0.0012832603
0.00053486106
6.765867e-05
0.45807567
0.002335656
0.5543072
0.45807567
0.99957544
0.45807567
0.9942163
0.45791915
0.0022286505
0.0002907349
0.00046547502
0.007155607
0.9991197
0.00089640584
0.0036903066
0.45807567
0.9999845
0.9999628
0.45807567
0.0033456166
0.19120616
0.00080522
0.999785
0.00036827283
0.99993813
0.1480642
0.4562316
0.99979967
0.0019726963
0.99850607
0.99999774
0.0021745109
0.9763584
0.99783593
0.0004575261
0.5509472
0.0020904646
0.9999907
0.9998267
0.9999999
0.99900764
0.98951215
0.0022274833
0.0005000462
0.006127812
0.0011376033
0.0035632774
0.9986499
0.77958757
0.001063052
0.3918777
0.0005646739
0.99999964
0.0046593254
0.0018546247
0.021141674
0.16706252
0.55831224
0.00014236993
0.0019929078
0.0025818371
0.99955016
0.0035120237
0.9996642
0.9999968
0.9928716
0.004020213
0.9777654
0.0004061402
0.45807567
0.45807567
0.0020932357
0.6685127
0.00030117604
0.9741746
0.0019186694
0.99934906
0.2083491
0.0026188141
0.000590164
0.0010596183
0.99901676
0.9999957
0.9983467
0.45047283
0.00032247923
0.6985767
0.49032697
0.99999976
0.0018046106
0.985974
0.87684083
0.45807567
0.0009800582
0.45744398
0.99997294
0.999985
0.0003504359
0.99999976
0.99872833
0.0042020804
0.0014266586
0.00090200437
0.999814
0.0026061533
0.9822841
0.9926442
0.0018093822
0.0004485757
0.0010212613
0.00012547623
0.63571346
0.9913182
0.9986259
0.99598855
0.45807567
0.9507381
0.0007018446
0.9999635
0.99995697
0.9999857
0.0013126101
0.0007775131
0.45777756
0.0018440175
0.9999932
0.5409117
0.0038209558
0.99021214
0.00079083344
0.00064941007
0.9946872
0.45437777
0.5334653
0.99999857
0.0015258736
0.996567
0.99980825
0.99996984
0.18164529
0.0006146365
0.99997294
0.85125464
0.35062003
0.00034151017
0.64800054
0.99998987
0.9898287
0.9999858
0.99902
0.9999944
0.99882835
0.0101832505
0.002293661
0.8910811
0.0019265604
0.00887935
0.00032477317
0.0017187756
0.00039013464
0.0038388916
0.99933225
0.75102717
0.45807567
0.5544036
0.99999917
0.002144708
0.0013273294
0.99988735
0.0013543352
0.99991536
0.99999607
0.5642701
0.38324264
0.9993292
0.001865995
0.009791104
0.9998816
0.45804036
0.00047065367
0.9995752
0.0006557391
0.26902884
0.0014485656
0.0004373119
0.9272472
0.0006989011
0.0011988567
0.0019822924
0.0018324396
0.45807567
0.0010639324
0.0025102668
0.996101
0.99996614
0.45734644
0.0018767652
0.9986072
0.0019727394
0.0007184877
0.99976975
0.6741466
0.0016282178
0.55203825
0.45807567
0.99967957
0.00053109234
0.9999702
0.053418238
0.0013977641
0.45727503
0.0009980658
0.45807567
0.0036155854
0.0010320083
0.00089329574
0.9967997
0.42683876
0.001815604
0.9983646
0.0049569714
0.0026746131
0.45797694
0.00038339102
0.9997192
0.566423
0.99530965
0.0012227027
0.0058031976
0.0011402848
0.9967127
0.0023094236
0.99990964
0.0018805527
0.0029206004
0.8565096
0.000569407
0.00034819273
0.9871356
0.999992
0.4552432
0.99994075
0.00032680322
0.0007709604
0.9976133
0.52049184
0.9986935
0.00061913254
0.99995303
0.9995931
0.5388538
0.9999896
0.0057877926
0.9999981
0.9997284
0.99993443
0.006619477
0.013757989
0.002721899
0.45544082
0.0018110409
0.99999964
0.00071052986
0.99992704
0.45698556
0.94555753
0.99997807
0.0009856997
0.0005566409
0.0005694689
0.35641193
0.9998957
0.9911466
0.99999785
0.7750758
0.5496013
0.7522974
0.00046768322
0.45702618
0.98451823
0.9347505
0.0048851785
0.999908
0.99995184
0.99998903
0.9999349
0.00087101996
0.0088571785
0.9909078
0.9999989
0.00051936874
0.41652232
0.45807567
0.99985373
0.00062844966
0.004992056
0.99995494
0.9999156
0.12238562
0.99482465
0.9993818
0.0013039458
0.0008514479
0.05307898
0.9999995
0.9999918
0.45807567
0.99999964
0.54821235
0.9999727
0.9999943
0.99885106
0.0027071312
0.0055945762
0.9993944
0.00021156578
0.011097009
0.00035200125
0.8366852
0.000316855
0.0026771037
0.000852338
0.45807567
0.9999893
0.45807567
0.96891946
0.010125909
0.5644115
0.0028803453
0.45418662
0.02237788
0.00032625065
0.0014456159
0.0013899157
0.20813161
0.45804715
0.9938427
0.0009777895
0.9999839
0.4577296
0.0015811537
0.004019957
0.21403551
0.5613468
0.45807567
0.8513565
0.00021546731
0.4572213
0.0006550311
0.57709503
0.45786515
0.0913497
0.45807567
0.45776013
0.99998295
0.0027316525
0.9993135
0.99995565
0.9754607
0.9067598
0.0023661128
0.9997621
0.99999344
0.9712176
0.0010238781
0.99875045
0.23336071
0.9998877
0.011496927
0.0034234081
0.50451267
0.9972493
0.45807567
0.99975735
0.0028080493
0.00035581883
0.020546041
0.11014519
0.9998896
0.5485028
0.45807567
0.6208491
0.9999789
0.00018257208
0.99999905
0.9998841
0.99951386
0.9997993
0.9972856
0.45807567
0.0014684686
0.99951446
0.45807567
0.99544793
0.4579627
0.9999968
0.56739724
0.95699507
0.999998
0.013847152
0.5793212
0.99483734
0.00067789
0.99995685
0.0013949708
0.00263237
0.00033024402
0.001757326
0.45807567
0.0003865685
0.5641515
0.5159547
0.9998833
0.0009387241
0.99804026
0.52084684
0.0018367112
0.0011085559
0.9996848
0.9960503
0.45729557
0.995823
0.9999616
0.99985254
0.0010165534
0.9999813
8.509652e-05
0.9999181
0.0005765491
0.004761306
0.4573069
0.99094087
0.00084293546
0.9999907
0.45564288
0.9950363
0.45807567
0.004723558
0.9960879
0.99988115
0.00082271756
0.99999464
0.9994825
0.0015080868
0.91082734
0.0012137133
0.0019966045
0.45807567
0.45400766
0.96223855
0.26406047
0.5700856
0.5417245
0.84304947
0.4578686
0.7190941
0.00051614654
0.88141125
0.45807567
0.45807567
0.0029868463
0.002611096
0.999818
0.45807567
0.14286889
0.0011787383
0.99999356
0.041735895
0.0012989406
0.9999658
0.0013438629
0.457898
0.9985057
0.0003313911
0.00037894197
0.99997103
0.99999666
0.45807567
0.20394427
0.77413386
0.00055969704
0.45807567
0.99993634
0.46005678
0.45773286
6.13807e-05
0.00025474955
0.45691904
0.45807567
0.45219505
0.9967554
0.99944633
0.9983151
0.0059024617
0.45807567
0.9953864
0.0039895396
0.00051858614
0.68969667
0.0011793891
0.9998852
0.999985
0.99996614
0.9999987
0.0005214034
0.0034347742
0.9958675
0.999992
0.9999862
0.9659978
0.5515662
0.45745972
0.99999285
0.00032831653
0.9999509
0.9998816
0.0034957859
0.005758155
0.0010239625
0.00046797597
0.9699093
0.9986951
0.98460084
0.0052872594
1.0
0.0004938436
0.6024174
0.0013622903
0.9992341
0.9952141
0.9976121
1.0
0.9999901
0.0029264174
0.45705798
0.0018538638
0.9998535
0.9922178
0.5504864
0.001289327
0.9999008
0.99999833
0.7152815
0.0076484326
0.9997372
0.0004760238
0.99999523
0.8980848
0.99959725
0.0012181434
0.45807567
0.9999616
0.00015771289
0.00026499724
0.00051780866
0.999954
0.0014115941
0.71553516
0.9990538
0.98410726
0.00064142497
0.0010244122
0.9976503
0.99999666
0.0015430422
0.99999726
0.54761237
0.0009665632
0.0030231548
0.094085
0.001821712
0.99998355
0.4573632
0.0040219626
0.9977106
0.9964115
0.00037234064
0.00024102956
0.99929595
0.0011020578
0.99639684
0.0012264509
0.00047352564
0.006078761
0.0041646105
0.7322775
0.0009839634
0.0009234639
0.99884677
0.00085968577
0.0023824072
0.57575697
0.15510088
0.0010140352
0.0023781282
0.45824483
0.45807567
0.99831307
0.99976844
0.9999993
0.0004870004
0.9950564
0.0007667041
0.9999237
0.0013327593
0.99986243
0.9999739
0.9999807
0.999754
0.0030147042
0.0051093716
0.45807567
0.7935817
0.45807567
0.7542949
0.14918482
0.33979088
0.45807567
0.94443387
0.26475644
0.45807567
0.9859729
0.61203337
0.99972945
0.54490423
0.9999914
0.00017722035
0.0006124717
0.98090553
0.00075696793
0.0023655489
0.0031319717
0.002353628
0.9700485
0.9979747
0.99998355
0.99950874
0.0033341409
0.99999917
0.00073849154
0.002489062
0.0019558829
0.96076024
0.0012414136
0.0022027264
0.45807567
0.9998356
5.15532e-05
0.45802906
0.004232116
0.0006619261
0.001313946
0.00091633416
0.002353017
0.9920534
0.003884543
0.9999809
0.00233014
0.45807567
0.0024840944
0.999527
0.27127984
0.001028395
0.0015042659
0.9999864
0.9956601
0.0005311992
0.00096475624
0.00037584506
0.45807567
0.8592714
0.99999094
0.018653352
0.9999975
0.9615214
0.99998486
0.0007556126
0.9999753
0.0007998896
0.0034418309
0.07702241
0.9999244
0.0019831613
0.45673326
0.99367297
0.0010212706
0.0019134951
0.0022822667
0.0013818357
0.9996989
0.99999714
0.003127889
0.4552245
0.9999976
0.0015050346
0.037048947
0.99955267
0.0011981536
0.00019417834
0.9999995
0.0018782234
0.0020356926
0.9978866
0.45807567
0.9997907
0.0018685065
0.0006224233
0.00037040372
0.1254573
0.004565037
0.99992025
0.45717585
0.0022858179
0.45807567
0.99999344
0.8655688
0.9914983
0.52089536
0.0065961177
0.0022691158
0.9996414
0.00077569735
0.45807567
0.0003619094
0.45741236
0.98462766
0.45807567
0.13498352
0.99999845
0.45807567
0.014912765
0.16634417
0.9886806
0.99684936
0.00025302076
0.99605113
0.0012122795
0.4572849
0.26294446
0.99998975
0.00080461253
0.66018075
0.99643135
0.0008062864
0.00037505207
0.99999416
0.006034071
0.9996092
0.002498044
0.59993637
0.45655987
0.0017159341
0.99926704
0.00012806557
0.00083555194
0.358403
0.99998856
0.0013056844
0.0026429521
0.9999559
0.61482453
0.99962056
0.99789834
0.5655118
0.99984217
0.59695315
0.0036978421
0.99983776
0.0022778455
0.45807567
0.00024188618
0.007796928
0.99996865
0.001469042
0.99994373
0.5504345
0.0014044256
0.0019001287
0.00038730056
0.0032226697
0.9998672
0.0071450314
0.99683964
0.0017807801
0.45802864
0.5545879
0.97181064
0.9997335
0.95883906
0.0013147151
0.99590224
7.69605e-05
0.0026736315
0.0048833573
0.022390919
0.0010570417
0.9999783
0.457368
0.45807567
0.00045140035
0.07551853
0.99980503
0.9997009
0.999795
0.9999751
0.99994576
0.603829
0.98977005
0.99992824
0.0029005336
0.9947231
0.6337305
0.0005119631
0.7456051
0.9999931
0.0009326271
0.999803
0.0033436124
0.55586296
0.9999963
0.9999994
0.63340807
0.5719746
0.9999975
0.0011405363
0.0021690165
0.00047804086
0.009418055
0.45428628
0.08538521
0.00043951685
0.9999993
0.99597883
0.96484417
0.45807567
0.45807567
5.7551006e-06
0.45807567
0.45807567
0.36593437
0.0012930164
0.9692693
0.0019027123
0.9991222
0.0005179099
0.74653226
0.9997564
0.9996903
0.6260867
0.00027307915
0.9824746
0.007656355
0.99903417
0.00050177297
0.001210957
0.0010605282
0.45807567
0.99999404
0.0007369322
0.0001012916
0.5561873
0.99974304
0.6861957
0.00064456125
0.9971892
0.7243524
0.9999629
0.0009767221
0.0014329649
0.99998534
0.0022825794
0.0017073009
0.4581055
0.46604896
0.5513105
0.4576742
0.0020435727
0.9999777
0.510249
0.0026637374
0.55789065
0.45807567
0.00034876482
0.0004339776
0.999734
0.9987381
0.0003709622
0.0016775867
0.0022645053
0.99288744
0.0023520724
0.9927689
0.45322818
0.5833406
0.0006981086
0.0004402238
0.9991862
0.9997669
0.9999913
0.85581404
0.2785837
0.99923587
0.0042858673
0.00017751292
0.0001383274
0.9998989