0.48706475
0.99069524
0.40425703
0.60472816
0.3923383
0.007095511
0.0053095096
0.99489933
0.37587053
0.66792244
0.02675682
0.006386714
0.0073461323
0.40515926
0.98401016
0.008781902
0.013441028
0.8645713
0.0134893
0.4108911
0.8060283
0.009351759
0.39779294
0.0050080097
0.007826342
0.01959186
0.43968797
0.87562376
0.44320798
0.96960866
0.0055448925
0.3787158
0.63259023
0.4072623
0.35434297
0.35548288
0.4695667
0.9632775
0.993295
0.9869018
0.013058377
0.33069867
0.0071799406
0.4171845
0.006561834
0.0110065
0.5611334
0.8520781
0.007160938
0.9915125
0.92865455
0.004668569
0.9565795
0.9842116
0.5309398
0.009410292
0.6052555
0.016405417
0.0075803255
0.01234258
0.6439576
0.9721224
0.5917859
0.39354056
0.8486552
0.8834212
0.6915805
0.010300602
0.8400872
0.544547
0.96876836
0.00998243
0.9150301
0.3374929
0.025932798
0.0066117398
0.0058809877
0.61506677
0.4175361
0.3464528
0.007570485
0.006716732
0.41736478
0.9675826
0.9829541
0.0052450425
0.5536312
0.9168061
0.96030337
0.884746
0.0061052195
0.0060589463
0.9799162
0.9702921
0.014167563
0.029794108
0.9624013
0.849152
0.99153215
0.98814464
0.44457796
0.44583368
0.006432987
0.0063924566
0.38329342
0.010387466
0.008019448
0.95508283
0.96226424
0.9813401
0.011325697
0.42800915
0.9226835
0.014960404
0.4288793
0.009276174
0.0073455693
0.029744595
0.98318154
0.77745456
0.96870404
0.97588634
0.04535026
0.9927382
0.00885455
0.98748326
0.009354838
0.010792078
0.00790326
0.8911815
0.97018886
0.9086629
0.007041366
0.93583834
0.008607833
0.0066813785
0.43251592
0.9838976
0.40460333
0.012856907
0.9915494
0.0074568735
0.9229989
0.0073123286
0.8012501
0.012086798
0.006394056
0.446446
0.012795602
0.007023964
0.98449916
0.93561476
0.41957557
0.0077525103
0.011961656
0.3478484
0.9929015
0.005705096
0.0064767865
0.9285714
0.9863259
0.9849207
0.6358588
0.97507155
0.9865414
0.0066195116
0.68505836
0.5770155
0.011836182
0.008548209
0.0061659086
0.39595973
0.024033032
0.63449955
0.011819573
0.012250746
0.016462507
0.9758261
0.010709286
0.0069268197
0.41340202
0.005756277
0.008441399
0.98856294
0.8711449
0.95050836
0.38445118
0.37782624
0.009118522
0.9479098
0.0060414346
0.99035305
0.9894712
0.98315465
0.019716376
0.006667699
0.41441768
0.9634842
0.040956713
0.0057957442
0.034381732
0.9586674
0.9785462
0.9611741
0.97024477
0.9910058
0.013544936
0.9904829
0.012475505
0.017447373
0.34505662
0.37609747
0.9884935
0.010953475
0.399717
0.4114158
0.006888255
0.5131525
0.007739261
0.005967803
0.00887935
0.99316216
0.01243685
0.006820133
0.007130214
0.98553234
0.9456414
0.013466007
0.42032436
0.005467278
0.95202076
0.36200055
0.63613605
0.42450348
0.5167697
0.35336828
0.9846118
0.99488914
0.025070164
0.00700289
0.008697979
0.010166912
0.97748387
0.91991216
0.73186886
0.007944745
0.43049985
0.12580606
0.42181966
0.41220948
0.99107283
0.0073999874
0.85774255
0.20368879
0.0070294365
0.010776248
0.94863474
0.94083047
0.97503924
0.9848386
0.9853418
0.005734856
0.98965573
0.95359147
0.57507104
0.01974099
0.008198888
0.009076658
0.5252717
0.98410136
0.4526009
0.44147912
0.009342645
0.008393167
0.8409511
0.2947714
0.45676014
0.0071446965
0.97968185
0.9558173
0.99099606
0.9937313
0.023526076
0.006103961
0.9699775
0.9364305
0.34475246
0.97777426
0.0062955315
0.3882167
0.80558026
0.9777957
0.49887505
0.007893325
0.9702526
0.01481559
0.6801925
0.97130513
0.030336099
0.9658898
0.46550268
0.0066288086
0.78468746
0.97496164
0.98094374
0.037359603
0.53933007
0.0129856635
0.9909259
0.008380105
0.0073222136
0.6374259
0.9886154
0.9550241
0.9755644
0.007469745
0.0069227964
0.008853818
0.94558746
0.006993092
0.007898274
0.01564008
0.007260296
0.007123007
0.9906453
0.55676895
0.021641113
0.015084794
0.42723608
0.9771599
0.72868794
0.007945711
0.9730532
0.98585594
0.75349677
0.44312885
0.9895075
0.98421127
0.009906825
0.007370586
0.006969611
0.008374531
0.98152393
0.39740124
0.9837495
0.7037331
0.7332303
0.9518652
0.9774469
0.9702993
0.93697417
0.007066913
0.98840535
0.4225661
0.9525996
0.007910868
0.008645069
0.5297862
0.9896852
0.6721015
0.010044306
0.9233127
0.018662468
0.0076706787
0.015609644
0.4422501
0.90307355
0.0073366077
0.0056252135
0.38905528
0.40538386
0.00771795
0.99354136
0.008946445
0.00630879
0.01726612
0.96974593
0.8024531
0.008574724
0.009109706
0.99096996
0.92614764
0.8935206
0.024946975
0.17301866
0.87113124
0.97905684
0.40488654
0.013845954
0.9663803
0.6345469
0.0105470745
0.0072457176
0.06752595
0.401672
0.9716239
0.9505562
0.0070705405
0.004774409
0.0102212615
0.00909737
0.84847915
0.96667683
0.4343502
0.4113701
0.37507638
0.9748974
0.9768702
0.9808005
0.40249553
0.9772928
0.37275076
0.9316881
0.9877914
0.0060767937
0.006788691
0.9140786
0.0065120854
0.9938192
0.008000398
0.0051217093
0.39799687
0.009131849
0.011625918
0.9750284
0.9966535
0.9884671
0.39547402
0.008312881
0.007650858
0.008159065
0.9496164
0.35977536
0.28003678
0.011951983
0.0067228107
0.9881792
0.5110039
0.9036203
0.3467875
0.005341761
0.013740465
0.006307191
0.95459753
0.99395317
0.009592386
0.9750177
0.9834025
0.39484754
0.9867264
0.93805766
0.44818395
0.82284766
0.008967842
0.53028125
0.008077259
0.9858832
0.7995468
0.006365111
0.006585936
0.98673147
0.99198264
0.004653327
0.8965853
0.013009599
0.9893142
0.9586031
0.44014803
0.005174865
0.0073852283
0.43069324
0.00608651
0.9822885
0.67759717
0.0069837435
0.91142106
0.960957
0.012035861
0.9829457
0.010081869
0.013160104
0.3806956
0.42343342
0.97790056
0.008921455
0.017885705
0.013528482
0.98625124
0.9698552
0.46163848
0.42502078
0.80257666
0.9886736
0.9736897
0.42315283
0.4062821
0.970829
0.026136901
0.012503081
0.5262412
0.37220323
0.98069674
0.0115387505
0.0059665586
0.9138349
0.97092617
0.008829752
0.31175518
0.0053378805
0.5616805
0.009598264
0.88137376
0.00544875
0.9935423
0.4096639
0.3541526
0.5980351
0.058308087
0.005919273
0.0064942846
0.7519912
0.7713326
0.008966935
0.9725949
0.9967886
0.79079545
0.4495336
0.0052155317
0.9356181
0.008076304
0.94640344
0.4307432
0.012458843
0.41452634
0.005779071
0.005744544
0.010983664
0.46450874
0.015243968
0.5533994
0.44909906
0.97403616
0.3691621
0.9529622
0.37468976
0.011999581
0.0049453313
0.007600109
0.012091439
0.9850268
0.006138351
0.009961546
0.42583963
0.97749865
0.9733204
0.41049093
0.0069528995
0.048481505
0.013227445
0.9817793
0.0052824486
0.9901186
0.28816977
0.3829551
0.97696155
0.008872668
0.93529034
0.9824119
0.007983628
0.94114244
0.9213845
0.01151542
0.5015387
0.0065610036
0.97981197
0.9567644
0.98598355
0.9299239
0.9344039
0.013394142
0.0058394955
0.009683605
0.008815074
0.021049606
0.9775958
0.6832173
0.006958538
0.73376405
0.011501907
0.99516475
0.018118009
0.0076716295
0.023779215
0.35994303
0.586335
0.009008561
0.01416187
0.007951283
0.9830719
0.0069872495
0.9929932
0.99032205
0.91070336
0.010467165
0.9372187
0.0054949494
0.44023308
0.43904334
0.007991695
0.6299373
0.009168553
0.87105715
0.009001629
0.96083647
0.4296769
0.014129214
0.014822609
0.007923404
0.9719785
0.976388
0.94011074
0.4401705
0.009553794
0.90254503
0.48768288
0.99038774
0.007328954
0.9063911
0.76201814
0.41138688
0.0078037544
0.4093851
0.97917145
0.9821906
0.010508773
0.9951355
0.9679919
0.015247033
0.00697935
0.006961254
0.96887714
0.022579506
0.85500395
0.98947036
0.0076856907
0.005720187
0.009025604
0.021318723
0.6291653
0.8953868
0.9751095
0.93212134
0.4055872
0.8434973
0.04547769
0.9752542
0.9551433
0.9928455
0.009432056
0.007841282
0.38797984
0.009671408
0.9625687
0.6864686
0.0077398065
0.951206
0.0068928553
0.0062143183
0.9378757
0.46563256
0.5463721
0.9840261
0.0059890724
0.78416073
0.95593935
0.9678541
0.41406855
0.0078027835
0.97924006
0.9107457
0.7447012
0.0074225743
0.7425714
0.9850359
0.92652905
0.96377015
0.9581455
0.9720418
0.95081663
0.008875775
0.009940876
0.91682315
0.007665254
0.022988
0.009113107
0.008100896
0.005061609
0.0069855493
0.9760499
0.6661835
0.36853465
0.51405984
0.98958766
0.014301676
0.007347927
0.98335004
0.0062822774
0.9847109
0.99440503
0.6273598
0.39195532
0.94173604
0.008037122
0.0229116
0.9883277
0.39938146
0.006477146
0.9612419
0.0058754063
0.54664975
0.010127745
0.0062472983
0.84478664
0.0063123964
0.0073066675
0.006989083
0.0064107818
0.38941953
0.0070933886
0.010875088
0.9474924
0.9696778
0.3642382
0.009683948
0.93271166
0.008698284
0.0054569268
0.99297756
0.61840457
0.010566549
0.54125625
0.4162263
0.9618463
0.007977859
0.9900204
0.34464896
0.0075863944
0.41518697
0.023381695
0.41500503
0.00978056
0.0066847503
0.0063179377
0.92189676
0.4602231
0.006319234
0.961056
0.016258659
0.007122376
0.38035896
0.009715773
0.94868463
0.6243271
0.85458815
0.0068924865
0.061494924
0.014837405
0.91022587
0.015526823
0.9749978
0.010733755
0.05836835
0.7677681
0.0060374527
0.0053556017
0.9808003
0.9915098
0.44388312
0.9825498
0.011427175
0.010582849
0.95787054
0.5316137
0.66538286
0.0053006555
0.9842792
0.9784733
0.55071443
0.99160075
0.010737795
0.9898935
0.9314829
0.98797053
0.0097981095
0.022555336
0.010384487
0.40691027
0.0073665786
0.98814666
0.005942604
0.9903908
0.4282998
0.84629023
0.9853807
0.0063864263
0.0065677892
0.0059458865
0.66427475
0.979542
0.9360867
0.9930127
0.72598886
0.62252074
0.8937215
0.006305969
0.4468914
0.6693388
0.7974112
0.008786531
0.9780186
0.87250787
0.99060833
0.9726768
0.005996026
0.016872916
0.9466261
0.989293
0.01210591
0.63783073
0.3940703
0.9726849
0.0065307054
0.012268963
0.979238
0.90612835
0.36442262
0.93656933
0.9399935
0.008287278
0.0066102305
0.11432681
0.9916157
0.9911782
0.3314879
0.9951826
0.51501304
0.98524207
0.99253404
0.96327895
0.006647659
0.0092975795
0.9772081
0.009059763
0.022691995
0.0069483737
0.92937976
0.004741636
0.006895899
0.007147044
0.38072616
0.9890182
0.39407313
0.8071007
0.025358904
0.5829916
0.0082495
0.42083716
0.051741056
0.020528914
0.0068755834
0.007730083
0.63176066
0.3961127
0.9149234
0.0066386345
0.9835174
0.42772737
0.051168766
0.026744284
0.39684418
0.56661636
0.4178021
0.7632077
0.0080803195
0.37775496
0.0076999743
0.7630784
0.42609158
0.3253673
0.3928723
0.40686253
0.9930019
0.00953656
0.9817722
0.96673924
0.87767696
0.907568
0.007081191
0.9531932
0.98594415
0.7901091
0.009448894
0.96079886
0.51810396
0.9665468
0.25155458
0.006571225
0.55017585
0.98375374
0.41743618
0.9876638
0.009155428
0.017400276
0.010948991
0.38227516
0.9942985
0.51719034
0.4156484
0.66267645
0.9786905
0.006990818
0.9924489
0.9865196
0.8753659
0.9093771
0.9134698
0.3917359
0.0077364864
0.9784098
0.38578436
0.9761025
0.43722278
0.98684907
0.5113735
0.83923477
0.9937635
0.016479084
0.54800975
0.979855
0.0054509337
0.97916335
0.007900131
0.008405244
0.009817972
0.0075390306
0.4319353
0.02095229
0.5848759
0.51079124
0.98162866
0.0061089243
0.90969145
0.7324779
0.0087402975
0.006366209
0.97005683
0.9341937
0.4473113
0.95750165
0.98273265
0.9476479
0.0070565543
0.98497623
0.008732315
0.98249453
0.021032251
0.008544007
0.42408606
0.95372593
0.006537484
0.9950421
0.35201293
0.94238967
0.37020275
0.009272357
0.892475
0.98202753
0.010271651
0.9932874
0.96348035
0.0058323387
0.91762906
0.01354505
0.008193666
0.43759972
0.36909482
0.6880247
0.53077424
0.61377114
0.4698738
0.8278632
0.37626892
0.64752203
0.0060503976
0.9380909
0.39796224
0.391656
0.0063575646
0.006895118
0.9709392
0.3958442
0.4568436
0.006937524
0.98323566
0.51888156
0.0068936716
0.9684182
0.0072535663
0.39831463
0.9255735
0.0098426
0.0051099947
0.9629993
0.98805064
0.4146257
0.3155476
0.74714965
0.0065299654
0.40807244
0.9895545
0.41735876
0.39159086
0.0091538485
0.00935373
0.35184494
0.39351603
0.3659218
0.9350302
0.98436594
0.8865811
0.01641858
0.40428203
0.9455266
0.0095497435
0.012227169
0.73094827
0.0082721105
0.9612302
0.9916876
0.99012053
0.9896017
0.0066112326
0.0091675995
0.87801224
0.9887967
0.97258896
0.9647262
0.6369434
0.40406778
0.97905946
0.009050794
0.9776744
0.98428243
0.015675556
0.019598668
0.0067863725
0.00641648
0.9401492
0.9434723
0.91364515
0.012186226
0.99282724
0.010596033
0.648199
0.007288256
0.9654021
0.96427554
0.94613594
0.99163556
0.96636224
0.011716199
0.37616616
0.007912492
0.907385
0.88603526
0.4763679
0.0072028935
0.99167246
0.98941237
0.71896905
0.009220263
0.9724665
0.007984134
0.95920736
0.9580134
0.9815029
0.008816496
0.36452416
0.9716386
0.006584854
0.014865423
0.005148352
0.9742999
0.009715378
0.6358975
0.949141
0.63323903
0.018422054
0.014207184
0.9232489
0.9677021
0.0060320813
0.9854916
0.41673583
0.0072648064
0.007125317
0.021391122
0.0115200775
0.96668196
0.38398835
0.010016956
0.94377744
0.93110585
0.0045196638
0.017440695
0.9408943
0.0071064816
0.8813884
0.007923648
0.007914679
0.012114057
0.009065321
0.937212
0.008684007
0.0064777224
0.9603026
0.0092071425
0.011168074
0.60849077
0.3329283
0.00958528
0.014377875
0.43807587
0.38730407
0.9464071
0.9510486
0.97983164
0.0072518736
0.8482095
0.006806249
0.97180533
0.022970574
0.9889503
0.9857125
0.9816805
0.9387794
0.0066738445
0.007843663
0.4379307
0.8702047
0.41264877
0.70160806
0.49485964
0.614922
0.3934315
0.77549267
0.68553704
0.38390854
0.8837509
0.83281094
0.99546355
0.47367993
0.9681069
0.009904286
0.006949621
0.91936845
0.01301606
0.006603677
0.014502776
0.009362491
0.8394701
0.95236576
0.9958549
0.95706624
0.007858781
0.99674785
0.01925061
0.027473463
0.014080815
0.9185798
0.013574053
0.008296579
0.40322003
0.979726
0.023449022
0.41589412
0.009418086
0.0066910763
0.0073506054
0.008561038
0.009818311
0.98442787
0.008231574
0.9778463
0.04845453
0.4060072
0.010626897
0.96224695
0.53281885
0.006837745
0.015288499
0.99076337
0.9178119
0.0060005374
0.0055542607
0.0064187534
0.4399082
0.76800644
0.99405694
0.030314665
0.9624132
0.72787
0.9814601
0.0074960506
0.9802476
0.006076376
0.015251701
0.5192406
0.9626728
0.006876349
0.37932673
0.96032983
0.0061031333
0.017168308
0.0090633845
0.010913404
0.9861141
0.984397
0.009324943
0.3128947
0.9793823
0.009141458
0.58404773
0.95347196
0.0073506436
0.017192284
0.9832669
0.012547679
0.011711219
0.97792333
0.39714026
0.9887503
0.008456292
0.005888972
0.009756648
0.015860954
0.027691977
0.9523929
0.39465842
0.0074532744
0.4713156
0.9891242
0.8235626
0.9510232
0.42055377
0.010053157
0.006782408
0.8940405
0.008387514
0.40149632
0.0147343725
0.44982946
0.9877511
0.40779385
0.03401556
0.98965806
0.39654177
0.01775332
0.35600606
0.9120143
0.9575555
0.005553128
0.9371938
0.006014031
0.4003923
0.4760167
0.96979004
0.005736389
0.6606872
0.9453349
0.0060337256
0.007738042
0.9846362
0.00875107
0.99225205
0.011804356
0.8564581
0.41430238
0.005534036
0.95145804
0.009635072
0.006970836
0.45814797
0.97864497
0.007511818
0.02040802
0.9874399
0.7130626
0.93090147
0.9630016
0.5730498
0.9693978
0.73913527
0.008957845
0.9856575
0.007813342
0.4449586
0.00954262
0.010939675
0.97787994
0.0062646074
0.95834935
0.48424858
0.0067226994
0.0067758295
0.010470687
0.008332578
0.9631981
0.011670268
0.9864173
0.0068479567
0.39568937
0.582176
0.9685112
0.9735144
0.9341218
0.0060666446
0.9023947
0.0055491435
0.0112296
0.012189125
0.037086282
0.0122856
0.95876336
0.39154685
0.39568362
0.0055654817
0.2932205
0.9655682
0.97710335
0.9632351
0.9722553
0.95851564
0.7329011
0.93825
0.95789146
0.009407051
0.92241806
0.71377146
0.005987469
0.6002659
0.976664
0.0064470456
0.96915686
0.0068765148
0.5430081
0.99057394
0.9904171
0.6312925
0.63631934
0.97357696
0.013455706
0.00930781
0.009331381
0.010406522
0.4626072
0.017763775
0.006143997
0.98584795
0.9529694
0.8747924
0.38340998
0.41084442
0.012116647
0.39432284
0.3955613
0.32141095
0.00746567
0.9229943
0.033972617
0.9224885
0.011716496
0.7023774
0.99041533
0.9631366
0.75200504
0.00694761
0.90235984
0.012287116
0.80215377
0.005874922
0.006679088
0.006524641
0.41073668
0.97658813
0.0059139216
0.0062466324
0.4926669
0.9901134
0.6546472
0.0076738223
0.95105743
0.8686512
0.9835792
0.006603793
0.010254069
0.9694687
0.023790397
0.011024322
0.3958037
0.5797896
0.5277049
0.39248392
0.010682015
0.9698537
0.47765583
0.0087359445
0.50912464
0.41424626
0.038168292
0.005227193
0.9890989
0.93431616
0.010214163
0.007617154
0.015281494
0.94431245
0.01900095
0.9522001
0.38323107
0.66724306
0.013011056
0.006270738
0.97919285
0.986225
0.9747421
0.73068124
0.35238442
0.9910132
0.007321697
0.011987625
0.008805493
0.94024926