0.5493172
0.99978894
0.43175614
0.55009055
0.4317195
0.0011696222
0.0006571195
0.99980587
0.43339133
0.5665326
0.0015649899
0.0014337853
0.001823684
0.42248613
0.99977654
0.0016240885
0.016379023
0.99847513
0.0014377012
0.45672864
0.8040242
0.00090559066
0.43239108
0.0005287414
0.00020484961
0.00045895448
0.48343512
0.88487536
0.4318941
0.9887764
0.0012036493
0.42657614
0.6422322
0.42662054
0.4321709
0.43364286
0.54200363
0.9990375
0.9999206
0.9996778
0.0022176777
0.435323
0.00031852294
0.43208185
0.0012997901
7.5693766e-05
0.5513378
0.95424646
0.00064222474
0.99969554
0.99975353
0.0006859906
0.9845031
0.9994973
0.44595605
0.0006193078
0.55277467
4.724095e-05
0.00029131534
0.0023007395
0.55911493
0.9855365
0.55144536
0.4313769
0.8568919
0.59572774
0.55473214
0.00037083475
0.94889194
0.5545803
0.99087477
0.0005424111
0.99671304
0.031432938
0.00019186767
0.0009649084
0.00080773333
0.5555418
0.43158838
0.43390918
0.0010279822
0.0005705299
0.43305397
0.9719678
0.99933213
0.00020470533
0.5494437
0.99473697
0.9994554
0.8458522
0.00085920305
0.0010133374
0.9986331
0.9960083
0.0006341261
0.0022095533
0.99896514
0.8325292
0.99993765
0.999627
0.43182445
0.43211353
0.001110259
0.0008594032
0.43353513
0.00085317326
0.00047925682
0.95834726
0.99901855
0.9994155
0.0017433014
0.4319801
0.997224
0.00052019366
0.41612306
0.000955219
0.0016548951
2.8823539e-05
0.99931145
0.5684097
0.9999474
0.99690115
0.0008750511
0.9986241
0.00014724533
0.999992
0.00033753665
0.002123619
0.0016826374
0.90300214
0.996241
0.87057894
0.00026301228
0.9791535
0.00040118588
0.00086157274
0.11836673
0.9990282
0.43140802
0.0012431311
0.9962418
0.0014791143
0.85852355
0.001205824
0.9926219
0.0009194603
0.00045758585
0.36626312
0.001497612
0.0015235614
0.99367106
0.99034226
0.43260798
0.0017044385
0.0014177272
0.43311945
0.99998164
0.00035118958
0.0011264612
0.6943101
0.99816304
0.9999814
0.17699532
0.9866326
0.9983941
0.00077797665
0.56618345
0.54185486
4.5202476e-05
0.00028458415
0.00095855165
0.43195152
0.00065200136
0.14059475
0.0020400817
0.00077143806
0.001194549
0.99807465
0.00021562373
0.0009918805
0.027032517
0.0006564614
0.0014815934
0.9995858
0.8836442
0.9874321
0.4330466
0.43273047
0.0009377978
0.99800843
0.0006888982
0.99949837
0.9986915
0.99302083
0.0005680895
0.0008059992
0.43209997
0.99760807
0.00017134935
0.00063480873
0.0017853897
0.9997354
0.9999579
0.94873375
0.99416614
0.99975115
0.00056531315
0.99754566
0.0009323481
0.0003861779
0.43334842
0.43354696
0.9988085
0.001114238
0.43197185
0.43235835
0.00022518112
0.11738581
0.0004951606
0.0004536618
0.0048218532
0.9996176
0.0015987494
0.0003006496
0.0012121317
0.995105
0.92607707
0.0012976639
0.4322789
0.00035280234
0.98131126
0.43327162
0.2387802
0.4318971
0.54075557
0.3747216
0.999977
0.9999869
0.0004334461
0.00062781665
0.00090451393
0.00094618055
0.9989937
0.9966517
0.9348608
0.00067890406
0.43306363
0.022921551
0.4336314
0.43942612
0.99975353
0.00038120942
0.7615219
0.005014384
0.00041002085
0.0006702974
0.9632135
0.9762038
0.99928254
0.99861515
0.99984586
0.00012573386
0.99985874
0.9970599
0.24522117
0.0011606656
0.0008792459
0.000942854
0.5456859
0.99762684
0.43190023
0.0880206
0.0010414381
0.00044679872
0.5886091
0.43634135
0.28892577
0.000812114
0.9863821
0.9477692
0.9999566
0.9996617
0.00023550267
0.001685866
0.99457717
0.9988765
0.43320176
0.99881554
0.00037095428
0.43168393
0.68536574
0.9984761
0.5376894
0.0008711535
0.9996113
0.00051331904
0.52448714
0.99751556
0.0004106829
0.99963295
0.4319108
0.0017132701
0.28597942
0.9965861
0.99930763
0.00062855304
0.54831195
0.00032246817
0.9969478
0.00037801883
0.0005569721
0.6082615
0.9999852
0.9911238
0.99226964
0.0017557556
0.0005931027
0.0011827664
0.971779
0.0014258131
0.00010706771
0.000790413
0.000725089
0.00020008424
0.99991286
0.5498698
0.0025183093
0.00024826443
0.4319382
0.96606964
0.65253663
0.00093559216
0.9988952
0.9999392
0.5673955
0.43288544
0.99945194
0.99783367
0.002493118
0.00078723225
0.0007235224
0.0005221977
0.99833053
0.3928466
0.99891555
0.5886695
0.81632197
0.95882636
0.99889827
0.9883264
0.8683657
0.000563214
0.9985922
0.4167201
0.95990896
0.0014145431
0.0006970592
0.5573855
0.9999901
0.5601196
0.00055755745
0.9498289
0.0003733168
0.0010695593
0.00080633565
0.4328867
0.9265258
0.0002681145
0.00056494283
0.4318359
0.43174213
0.00073581754
0.99958676
0.0005839571
0.00067252456
3.0418338e-05
0.99252194
0.57908124
0.0005125419
0.001303644
0.9942749
0.42552796
0.7288424
0.0005008705
0.0015692823
0.7901023
0.99270695
0.40472284
0.00055299816
0.99564254
0.5555811
6.314906e-06
0.0015905686
0.09618004
0.4315652
0.9972615
0.9782562
0.00045151246
0.0014247972
0.00081504986
0.001420332
0.92385226
0.98742306
0.4070999
0.3732992
0.42239383
0.9957938
0.9987081
0.9887848
0.4325674
0.9745026
0.43329626
0.995494
0.99999833
0.0008725799
0.00084098714
0.8229232
0.0007780775
0.99900025
0.0002792892
0.00035030514
0.43274808
0.000440613
0.00063109247
0.98893166
0.9999945
0.99940526
0.4086844
0.0013807564
0.0015942552
0.0012253614
0.9894043
0.4332819
0.02017749
0.0011424876
0.00043694978
0.9997571
0.43832222
0.7881805
0.43372735
0.0008095387
0.00017950058
0.0014638591
0.99702364
0.9980379
0.0041605206
0.9991535
0.9875808
0.431268
0.9987796
0.9977106
0.43296525
0.73842317
0.0005588897
0.4341481
0.00086957373
0.9897683
0.89674556
0.00037373594
0.00093790906
0.9994155
0.99899393
0.0008455056
0.7933197
0.00045027738
0.99964845
0.99945945
0.25485036
0.0012957933
0.00039058656
0.43133646
0.0005268978
0.9995654
0.55786586
0.0011564674
0.90977585
0.94971085
0.000493809
0.9993962
0.0018760534
0.00067782344
0.43281454
0.43232012
0.998944
0.0008136445
6.676861e-06
0.00018980916
0.99625933
0.98944646
0.43144244
0.445539
0.95618534
0.999757
0.9939051
0.43663833
0.4312688
0.9996282
8.244415e-05
2.5782956e-05
0.5308539
0.43365887
0.9999
0.0005595016
0.0018070533
0.9701
0.99891925
0.0004960291
0.35142097
0.0007855177
0.13621147
0.0018713564
0.92993987
0.00018694522
0.9987556
0.43165255
0.43308532
0.5545746
0.02573019
0.001043371
0.0010418697
0.56596184
0.5836473
0.0004977384
0.99581015
0.9994066
0.78458405
0.43231103
0.0010587435
0.93642163
0.0013494381
0.95806956
0.43333158
0.00061943766
0.4173691
0.001132179
0.0006262596
2.1413987e-05
0.43187097
0.0006091679
0.54986334
0.43197998
0.9985109
0.4336777
0.97155064
0.43229717
0.0005694917
0.0010373589
0.00062028517
0.0022372047
0.9902292
0.0008014854
0.0005460266
0.43258318
0.9967989
0.9993255
0.43147162
0.0014672265
0.0153588075
0.000677712
0.99981576
0.000981653
0.9998136
0.4356368
0.4327698
0.998502
0.0008460907
0.97474515
0.99986446
0.0016867474
0.99951434
0.91017187
0.0007387537
0.5429665
0.0012909367
0.9981225
0.9484332
0.9993493
0.9125511
0.942002
0.0011128384
0.001317124
0.0010254165
0.00052960945
0.0009752756
0.99821764
0.27453598
0.00076300575
0.58456284
0.0017540625
0.9999714
0.00039731024
0.0012027073
0.00034110245
0.43544585
0.54388607
0.00010714258
0.00012225489
0.0013775101
0.99415296
0.0013657965
0.9999027
0.9998722
0.9558082
0.0013021058
0.741792
0.0015810092
0.4320595
0.43182606
0.000565763
0.5589331
0.0015318394
0.5460352
0.0005087463
0.84158915
0.69004095
0.00044254528
0.0014424771
0.00039874835
0.99958116
0.995466
0.9932701
0.24730438
0.00065378594
0.93446714
0.42805198
0.99992776
0.0010734269
0.8990778
0.6059827
0.43199396
0.0004304481
0.43223742
0.9999963
0.99961394
0.0013805334
0.9996486
0.9959758
0.00090688275
0.00059995544
0.00052063883
0.9983525
0.00037606922
0.915836
0.9942373
0.00047155205
0.00078695884
0.0010337855
0.0013606242
0.5572788
0.8952168
0.99968445
0.99619436
0.43342876
0.5598104
0.00010444891
0.9918731
0.9998745
0.999997
9.358665e-05
0.001073542
0.4336337
0.00069551443
0.94278324
0.44974464
0.00016046286
0.97279197
0.00041794835
0.00043253912
0.998544
0.4108589
0.5347857
0.9990171
0.0007472268
0.8864763
0.67549074
0.9987651
0.20863214
0.0001975245
0.99948275
0.9721214
0.56116205
0.0010789689
0.4739341
0.9998331
0.97070223
0.9998203
0.97436315
0.97741777
0.9894126
0.0017337442
0.0004977965
0.8404554
0.00094471895
0.0003108155
0.00023223246
0.00066019513
0.00058364746
0.001207118
0.99952567
0.17799464
0.43214372
0.54898363
0.9998053
0.0003733049
0.00029982638
0.9994836
0.0012210837
0.99987364
0.99514633
0.55198693
0.4328294
0.99396837
0.0017176273
0.00024597332
0.99974424
0.4335082
0.00024431385
0.9975591
0.0006415707
0.15418705
0.0008003654
0.00046122345
0.8063446
0.0008671783
0.0008573495
0.00117034
0.000730855
0.43210799
0.0004906305
0.0018679207
0.97125894
0.99880946
0.43371227
0.0005643511
0.98635584
0.0005245416
0.0011046228
0.99893004
0.55021167
0.0011088015
0.5366811
0.43168837
0.9991381
0.00064139377
0.99999297
0.105330706
0.00082442636
0.4321994
0.0005847742
0.43161187
0.0012797388
0.0010588535
0.0013367675
0.9925403
0.4320115
0.0011545704
0.9794518
0.0008916355
0.0006636132
0.43363526
9.709753e-05
0.98364913
0.553544
0.7935832
0.0015940579
0.0007100868
0.0017904234
0.9662122
0.0003749221
0.99887246
0.0014259971
0.0013441497
0.9096314
0.001081421
0.00034562696
0.97867966
0.9989365
0.4167702
0.9988655
0.00022375555
0.0020053412
0.994776
0.4341527
0.83140206
0.0009798355
0.99905986
0.9999907
0.5385555
0.99965155
0.0018953877
0.99999416
0.9112059
0.990284
0.0013496393
0.001602365
0.0010953096
0.42292666
0.0014327576
0.99920505
0.00093421363
0.9999877
0.4329642
0.7707528
0.9986749
0.0016413656
0.00054650195
0.0008570134
0.47382152
0.99420655
0.9924102
0.99995446
0.56612146
0.52928907
0.8663925
0.00066771085
0.432322
0.67266434
0.6767415
0.0017911036
0.9985385
0.99843603
0.9999994
0.99988747
0.000998546
0.0013723961
0.9822464
0.99925345
0.0007625013
0.18390891
0.4313751
0.9988452
0.00039850967
0.0011487982
0.99959713
0.8522178
0.52257377
0.99232143
0.9539973
0.0005563086
0.0014900614
0.0038014252
0.9990282
0.9993525
0.4329226
0.999985
0.5451897
0.99976546
0.999816
0.99866974
0.0008785914
0.0010286768
0.99962604
0.00082858664
0.000672142
0.0004746821
0.9705658
0.0009429258
0.0017632482
0.00058484304
0.43280318
0.99945015
0.4314777
0.864812
0.00057349366
0.55039936
0.0005102472
0.35084614
0.0004243167
3.657747e-05
0.0003585021
0.0012899319
0.19738835
0.43150693
0.98936623
0.00056591345
0.9982292
0.4317688
0.00033938588
0.0036852697
0.09571255
0.54956055
0.43204856
0.6269336
0.00049981533
0.4335178
0.00033129155
0.5669672
0.43185064
0.064109705
0.43172365
0.43332702
0.9999527
0.0013078058
0.9990103
0.9828106
0.93187654
0.9054302
0.0021707667
0.9976847
0.9998381
0.7878929
0.0010564598
0.99864906
0.25298452
0.9977754
0.36094996
0.0013125807
0.54450285
0.9901697
0.43301505
0.99533963
0.0011968241
0.00054118125
0.0131151965
0.06896078
0.99940133
0.5481492
0.4332949
0.562288
0.9870142
0.0008679516
0.99979633
0.9973768
0.97955906
0.98698735
0.9837172
0.43126428
0.00034535196
0.99842095
0.4316108
0.9965586
0.43238524
0.999995
0.5506493
0.9112779
0.9999609
0.0011239825
0.54981995
0.99993825
0.0010782995
0.99953365
0.0006515569
0.0018927105
0.00079451915
0.001075677
0.43184614
0.00079211703
0.5507867
0.47068414
0.9953655
0.00021520184
0.9348101
0.12804507
0.00037196616
0.0014094267
0.99941444
0.9996842
0.43039948
0.92668355
0.9995459
0.99132615
0.00046707396
0.9975376
2.756835e-05
0.99617106
0.00070818845
0.00065051107
0.4324328
0.9796865
0.00073519856
0.9996449
0.4337086
0.9388699
0.43342194
0.00042089506
0.8738023
0.999466
7.267358e-05
0.99999356
0.9999367
0.0011457332
0.9901654
0.0020165376
0.0006383151
0.43202937
0.3646808
0.6682705
0.3589611
0.5519895
0.5464164
0.9818423
0.43202358
0.56665134
0.0011040806
0.9828455
0.43236306
0.43248802
0.0012728972
0.0020322537
0.9999447
0.43178788
0.43825504
0.00054041785
0.9981894
0.24997395
0.0005540462
0.99187976
0.00074514654
0.43133304
0.9804889
0.00020830969
0.0011150361
0.99303246
0.9980909
0.43136188
0.021957787
0.9471551
0.00045867174
0.43139115
0.9988996
0.45301348
0.43322247
0.00017580943
0.0009106459
0.4337302
0.43133622
0.43378216
0.9567875
0.99981946
0.99681574
0.00047818833
0.4314188
0.9586366
0.0006577574
0.0018169138
0.83182347
0.00038781206
0.9985436
0.99921274
0.9987783
0.9999405
0.00055911083
0.0016331613
0.97252876
0.9995272
0.9905505
0.98942435
0.54990387
0.43217516
0.9999938
0.00047367052
0.98215526
0.9949704
0.00056690245
0.0004031094
0.00094091834
0.00069102464
0.9547017
0.9984921
0.8601666
0.0018410339
0.99970955
0.0007026547
0.5529163
0.0014279622
0.9965017
0.99640334
0.91868085
0.9999056
0.9812515
0.0010619512
0.43352598
0.00052472384
0.9894326
0.7847299
0.47814912
0.001504357
0.9998306
0.9999001
0.56233156
0.0007269726
0.9993505
0.00015027194
0.89069515
0.9810011
0.9977048
0.00024844226
0.43407315
0.9831315
0.0012111116
0.00141402
0.00148362
0.99510765
0.0010363262
0.51747346
0.9989281
0.6017885
0.0017943683
0.00038464175
0.7074035
0.99954814
0.0021446957
0.99741083
0.5052442
0.0006069665
0.00066142064
0.0033177382
0.00087117223
0.9992943
0.43354994
0.0006965233
0.96645343
0.99243706
0.00053121895
0.00030126277
0.99834514
0.0008934997
0.8017209
0.00048477814
7.330271e-05
0.0019460632
0.0018085849
0.9374618
0.00045430835
0.0009818167
0.99750084
0.0007568936
0.0007339193
0.5414896
0.11760746
0.0003231418
5.2901098e-05
0.43118122
0.43148497
0.98529726
0.99949586
0.9835175
0.00030468183
0.84724635
0.00043598452
0.9991684
0.00020544288
0.9996253
0.9984182
0.9979243
0.92023116
0.0009150936
0.0017861198
0.4319753
0.8459847
0.43328995
0.56766444
0.04386083
0.23279992
0.4322988
0.2001374
0.27997774
0.431866
0.7612757
0.6529799
0.9992674
0.5472146
0.999856
9.990221e-05
0.00028792568
0.8387381
0.00010870042
0.00042781758
0.0006026576
0.0012091773
0.8415168
0.99770796
0.9999951
0.97634584
0.0025296658
0.9997404
0.0013561868
0.00040699093
0.0005229132
0.87403786
0.00079869875
0.0014031376
0.43143114
0.9910944
0.0020288657
0.43154633
0.0011256229
0.0005874271
0.00036248812
0.0007957212
0.00048380156
0.9920344
0.002938575
0.99968433
0.0002563552
0.43166125
0.00060056703
0.99390584
0.3459953
0.0014049126
0.0025026202
0.9997303
0.91550386
0.00087191217
0.0011827794
0.0005032394
0.43145177
0.92356473
0.9974927
0.000799898
0.9999136
0.3778189
0.9999033
0.00034815905
0.9992913
0.0014356121
0.00067361695
0.26510343
0.9999348
0.0015197933
0.43348584
0.98543674
0.0010744839
0.00020980104
0.0007010471
0.00054599537
0.99996686
0.99125004
0.0008314252
0.30277413
0.9985386
0.0002465434
0.38100395
0.9993457
0.00052465533
5.0891533e-05
0.9995608
0.0009072277
0.0007898062
0.98510367
0.4335211
0.9997727
0.0014078852
0.00064994226
0.0013677152
0.008980076
9.500437e-05
0.9944905
0.43283308
0.0014458782
0.43245438
0.9928081
0.56250876
0.9579207
0.5422016
0.001365634
0.001312717
0.9993936
0.00066062436
0.43184868
0.0014157904
0.43275747
0.9951279
0.43137428
0.0008229425
0.9993056
0.43383104
0.0014429725
0.43549544
0.9973794
0.9961189
0.00012181734
0.97786134
0.0009947702
0.43296403
0.53131676
0.9910487
0.0019066464
0.58995926
0.99094325
0.001272525
0.0018579359
0.9989266
0.0024476897
0.9998543
0.0012687069
0.6430279
0.43186477
0.0005440927
0.9938154
7.972454e-05
0.0007254992
0.4351339
0.9933961
0.00081983715
0.00044610057
0.99996233
0.54597205
0.995843
0.9987155
0.54621834
0.9990332
0.55168337
0.000514041
0.9851478
0.001961038
0.440408
0.0010880579
0.0011800161
0.99953437
0.0016020715
0.99885607
0.5483636
0.00125138
0.0012110561
0.0006116699
0.0018838994
0.9944992
0.0037995782
0.99465007
0.0015943896
0.43138322
0.5517504
0.9948944
0.9941877
0.9150664
0.00062058493
0.98707145
9.69826e-06
0.0010968106
0.001198307
0.00022077849
0.00064587325
0.86604744
0.43296742
0.4316421
0.0014217232
0.43548855
0.9803035
0.99844354
0.97854257
0.96514654
0.9777179
0.8557111
0.9516544
0.9993728
0.0015979565
0.29856834
0.55992925
0.0011385754
0.4048134
0.99728787
0.0013975265
0.98989224
0.0014303841
0.54841954
0.9998605
0.99989533
0.56066805
0.5583446
0.9995913
0.0021698466
0.0010146076
0.0006343461
0.0027478756
0.3930913
0.0020801707
0.00092081755
0.99363273
0.97216547
0.8962078
0.43173605
0.43218127
4.6619283e-05
0.43186906
0.43161413
0.42142144
0.0007179955
0.9984011
0.0006151074
0.9775833
0.0009937055
0.08417169
0.998063
0.99452955
0.5589451
0.00038246636
0.8017666
0.0012196213
0.7813036
0.00087486394
0.0007103863
0.0013785752
0.4323399
0.9992834
0.0012129841
1.9461655e-05
0.5485445
0.99965703
0.55949825
0.00044591728
0.99929535
0.7021041
0.9998634
0.0014630381
0.0011167295
0.9998497
3.079882e-05
0.0015355094
0.43060517
0.43696776
0.5448498
0.4334362
0.0015184213
0.99724495
0.46039072
0.0010227779
0.5471564
0.4321348
9.947615e-05
0.0014435881
0.9995807
0.99392635
0.00059164746
0.0010595577
0.0011664918
0.96361107
0.00035365764
0.9858699
0.39396715
0.5493396
0.00068175787
4.7037625e-05
0.99872094
0.99940705
0.99638367
0.5667488
0.19945547
0.9950075
0.0015978828
6.14982e-06
0.00066947873
0.89811194