0.53945917
0.9998728
0.44342119
0.5357028
0.4434959
0.00012880958
0.00013622404
0.99971277
0.44337824
0.87898636
0.033759084
0.0011846218
0.00012826685
0.4433705
0.9983059
3.2708536e-05
0.00012712265
0.46372524
0.0008757918
0.5184675
0.8673237
2.0176685e-05
0.44340616
0.00028293146
2.5100806e-05
0.00010659188
0.5126073
0.980423
0.4434167
0.9968749
0.0002245979
0.4434073
0.26651835
0.44335273
0.44339862
0.443382
0.5244361
0.99762577
0.99970204
0.99965644
8.5465734e-05
0.44203147
3.878862e-05
0.44340536
0.00013124588
1.1826187e-05
0.5142771
0.96553504
7.128137e-05
0.99975055
0.97319895
0.00028594182
0.9983347
0.99799144
0.5196518
4.072315e-05
0.5358566
7.688466e-06
1.5286592e-05
0.00056627655
0.5581728
0.9984843
0.5498535
0.443462
0.9009633
0.9103754
0.56470954
0.00024704507
0.83633775
0.543851
0.9991978
5.4073134e-05
0.89678705
0.70803195
0.32077676
0.00062056544
9.1424314e-05
0.552497
0.44349787
0.44337532
0.0011199355
0.00021667707
0.44341475
0.9956558
0.9996389
8.5016225e-05
0.52876425
0.9986971
0.99949145
0.9505787
0.0002484247
9.9632976e-05
0.9994779
0.99352163
0.03203579
0.00021266335
0.99883205
0.9850418
0.9992766
0.9998099
0.44341063
0.44342613
0.00010586982
4.2545547e-05
0.4434051
2.7788914e-05
0.0009080843
0.9949249
0.99825543
0.9769692
0.0009914889
0.44342217
0.98078823
2.38695e-05
0.44342384
0.0027449464
8.8106855e-05
9.093075e-06
0.99944526
0.89547086
0.55202824
0.98845273
3.9106644e-06
0.9998117
2.2600942e-05
0.9996952
3.767832e-05
7.256866e-05
4.0802566e-05
0.98799175
0.99622774
0.971236
0.00010542193
0.99431413
0.00016250304
0.00027246098
0.31194434
0.9997248
0.4435072
0.00063732336
0.99901295
4.7362155e-05
0.97845614
5.499369e-05
0.8773122
0.00010484608
8.316166e-05
0.4435551
0.00040426175
0.00046866012
0.99496645
0.9770154
0.4433735
0.0012472431
0.00023905172
0.4433654
0.99993443
4.808425e-05
0.0001815271
0.9967686
0.9996202
0.9951746
0.6305305
0.9961792
0.9986376
4.091139e-05
0.575995
0.50608003
4.9890236e-06
1.1093769e-05
0.00018306627
0.4433356
5.1550353e-05
0.6546293
0.00037881246
0.00011117988
0.00010384381
0.99975795
1.329193e-05
0.000104561324
0.89533514
0.00014073848
0.00083300093
0.9997582
0.97388124
0.9882472
0.44342545
0.44342032
0.0002095136
0.99718225
0.00010450271
0.9998982
0.999632
0.999302
0.00013334649
0.00012648218
0.4434648
0.9937239
6.5844484e-05
0.00019802761
0.00039832207
0.97668517
0.9996705
0.89695716
0.99705386
0.99981207
8.9531684e-05
0.99954754
0.00068820914
2.6696394e-05
0.4434013
0.44341704
0.99824774
2.7064862e-05
0.44348714
0.44350368
5.4180186e-05
0.0965574
1.2620684e-05
9.631553e-05
0.0011265439
0.9998017
2.377998e-05
3.6580714e-05
0.00013647575
0.9990381
0.99458045
0.00024019429
0.44343087
4.7255773e-05
0.9977563
0.44338122
0.6426305
0.4434136
0.46421206
0.4433321
0.9996176
0.99988794
7.0020957e-07
0.0005562272
0.00025918492
0.00019599138
0.9995602
0.9958261
0.9859552
2.7037491e-05
0.44344157
0.0005729841
0.4434126
0.11007606
0.99994254
8.550788e-05
0.8250512
0.0012054899
3.0294668e-05
1.3202084e-05
0.9907148
0.9659066
0.9840846
0.9990989
0.99977773
3.1824606e-05
0.9997402
0.9979684
0.7543065
0.000148033
0.00069067377
1.2480801e-05
0.30534324
0.99847776
0.4434338
0.68057877
0.0002360604
8.374027e-05
0.8937847
0.2927384
0.24532753
3.1770996e-05
0.9964139
0.990732
0.99981385
0.99989676
0.09873986
0.00010613343
0.9991837
0.99411714
0.4433869
0.9993049
4.2153686e-05
0.44347444
0.75404036
0.99942833
0.5096313
0.000141999
0.9968925
0.00012922479
0.51880664
0.9970074
5.3038825e-06
0.9991086
0.44345367
0.00010428291
0.7590071
0.9949156
0.9997781
7.50923e-05
0.55615646
9.63713e-05
0.9991929
5.1653988e-05
2.424811e-05
0.14633323
0.99751735
0.9960828
0.99693274
6.122128e-05
7.846445e-05
0.00022905288
0.99171704
3.7699385e-05
1.7893519e-05
5.1180137e-05
0.00013300413
3.9496637e-05
0.99886346
0.5168076
0.00023462254
3.5902303e-06
0.4434455
0.9929333
0.8460965
0.0014744203
0.99734145
0.9998056
0.85739195
0.4433658
0.9996773
0.99946624
0.0015267855
0.0008040415
0.00044307607
1.97034e-05
0.99887115
0.4435717
0.99938023
0.90353113
0.91977525
0.98508227
0.9995913
0.99766904
0.9775049
0.00080305146
0.9997615
0.44353813
0.99671954
0.0026275646
2.2312557e-05
0.52162355
0.9998429
0.53080064
0.00014846145
0.9963636
7.755593e-05
4.0919116e-05
1.5150315e-05
0.44341165
0.9278222
0.00024137844
5.5794662e-05
0.4434787
0.44342205
4.229583e-05
0.99992037
0.00016348186
5.4081233e-05
7.741725e-07
0.9979157
0.91031516
1.9531957e-05
0.00066198665
0.9992822
0.99579144
0.9608256
6.7800465e-06
0.00077059824
0.9549743
0.998599
0.44350627
8.067985e-05
0.9981584
0.5586257
6.362677e-07
0.00012458206
0.00031703056
0.44345507
0.9990175
0.9849754
3.900491e-05
0.0010202855
7.118573e-05
0.0001387799
0.9005668
0.9981102
0.44357035
0.5190189
0.44343993
0.9995964
0.9990396
0.9987698
0.44342324
0.9936632
0.44335547
0.97129244
0.99974054
0.00023849259
0.0006132585
0.98084944
0.00012283998
0.9999163
5.6443598e-05
0.00010447801
0.44339427
1.1357617e-05
1.2000146e-05
0.9879942
0.9998036
0.9990079
0.44360012
0.00016067048
0.001590957
0.00021093112
0.9944471
0.44339648
0.014940038
0.0017675271
0.00034144067
0.9995048
0.52281713
0.92764515
0.4433953
0.00018764529
1.3853639e-05
0.0005358288
0.99677074
0.99983287
7.0429545e-05
0.9991186
0.99850106
0.44351992
0.9997397
0.99419075
0.44347537
0.94304097
0.00018375793
0.3130629
4.39891e-05
0.99853456
0.96614623
3.9421793e-05
0.00027377388
0.9979322
0.9998216
0.0002501567
0.9577447
2.9516841e-05
0.99967337
0.99851066
0.60424775
7.985975e-05
0.00016422507
0.44349295
0.00036478546
0.9805563
0.55578256
4.3601944e-05
0.9844074
0.9951407
8.436169e-06
0.9995454
0.00032665278
4.2244475e-05
0.4433907
0.4434033
0.99966705
3.7450023e-05
7.245128e-08
2.3037861e-05
0.99907744
0.9989157
0.44347307
0.51304364
0.6804641
0.9998456
0.99653256
0.44337776
0.44364348
0.9998497
2.6863496e-05
5.831448e-07
0.52420676
0.4434012
0.9997353
0.00011317522
0.00015648917
0.98887396
0.9993155
0.00022881408
0.44337767
8.945735e-05
0.74264634
0.00027018457
0.9675601
4.0615563e-05
0.9993037
0.44344968
0.44348633
0.5534701
0.034764703
0.0003094778
0.00043588248
0.54568166
0.6272857
0.00016872048
0.99643266
0.9999393
0.97658825
0.44338322
8.637691e-05
0.9832358
0.0016183965
0.78282434
0.4434719
0.14627594
0.44343138
5.4654072e-05
0.00012420179
2.2224998e-05
0.44347742
1.9373087e-05
0.54668987
0.44339076
0.9992107
0.44345075
0.97918266
0.44345555
0.00016527601
0.00016145124
0.00012529963
2.8833736e-05
0.99889106
0.00055992574
0.000112614034
0.44340912
0.99829704
0.9997408
0.4435039
6.6498345e-05
0.0015894762
0.00066255534
0.99801993
0.00019111998
0.9996159
0.2694881
0.44341713
0.9991628
0.00012325063
0.99134934
0.99482805
4.3593587e-05
0.9797934
0.9412938
0.00023242163
0.5125309
0.0003175515
0.9996927
0.9901641
0.9997149
0.96346074
0.99462944
0.0003061999
8.8630324e-05
0.00010297262
0.00036313783
0.0013504191
0.99951994
0.8466122
7.963321e-05
0.87264174
0.00059334893
0.9996649
0.038244367
2.45594e-05
0.004553532
0.23081423
0.5339439
2.4433717e-05
4.1572985e-05
0.00012739617
0.999585
0.00012961625
0.9999473
0.99976665
0.9862381
4.771779e-06
0.9128562
0.0001907115
0.44344142
0.44341108
1.9141546e-05
0.5569262
0.0003412988
0.4738606
1.1874001e-05
0.9933687
0.38589507
1.9228853e-05
0.0010759655
1.5139931e-05
0.99913895
0.999691
0.99789715
0.4435855
2.3806982e-05
0.9551599
0.51453346
0.9993777
0.00066818827
0.92424375
0.8964373
0.44343936
2.3806484e-05
0.44342467
0.9281272
0.9997279
0.000974365
0.9997763
0.9980106
0.00011729746
0.0004073496
0.00037467203
0.99753416
0.24238843
0.55352855
0.9992962
1.8454275e-05
9.706504e-05
9.7077536e-05
0.00019033946
0.5276372
0.98045254
0.99272376
0.9857787
0.44349113
0.6753723
7.216894e-07
0.9982267
0.99800247
0.9935016
3.5409594e-06
0.00013826213
0.44342098
0.00014041208
0.99453497
0.8082965
1.11602285e-05
0.9809496
0.00024907716
9.75149e-05
0.9971398
0.44356954
0.51979554
0.99895644
0.00017078043
0.9920271
0.981011
0.9995523
0.37156695
1.1226026e-05
0.9993125
0.95265645
0.41748562
0.00015947231
0.77813184
0.99904686
0.9918806
0.9990212
0.9858468
0.9976284
0.99635774
0.00014384037
9.8249e-05
0.96011466
0.0006207905
0.0046168943
6.964261e-05
0.0004079912
9.477905e-05
0.0006059331
0.99912983
0.7104174
0.44343036
0.5434795
0.99967694
0.00011363611
2.8749444e-05
0.9994998
0.00013615716
0.99813867
0.9996277
0.51825464
0.50227815
0.99775106
4.489022e-05
0.009857244
0.9998901
0.4434612
5.765297e-05
0.9934088
0.00012141111
0.54920834
3.8106085e-05
0.00012407229
0.61831367
0.0013100973
1.9893625e-05
0.00043925107
6.21814e-05
0.44344696
2.0541316e-05
0.00031400062
0.9815624
0.9992654
0.44338104
0.0021881517
0.9940765
1.3617572e-05
0.00042302295
0.9996674
0.5197417
6.733735e-05
0.522509
0.44344068
0.9955966
0.00027337793
0.9999957
0.16386533
0.00035759565
0.44340044
0.022371512
0.4435263
0.00013305842
0.00011292599
0.00039314435
0.9878221
0.50451285
8.174523e-05
0.99649686
7.472214e-05
0.0003208582
0.4433698
1.9592215e-05
0.9940673
0.55570877
0.94741774
5.208819e-05
0.006531203
5.486588e-05
0.95151806
2.3593082e-05
0.998771
0.00015127759
0.02763478
0.5717447
0.00016095415
2.0284146e-05
0.99860734
0.9997421
0.44369632
0.9994518
0.00033327178
5.460344e-05
0.9974722
0.065506585
0.7311058
0.0001624132
0.9995173
0.9937272
0.5135367
0.99969244
0.00026561343
0.9995764
0.9773791
0.9986217
0.00015649275
9.276866e-05
0.00018779885
0.44351205
4.3163538e-05
0.9994336
0.00013028576
0.99971074
0.4434086
0.98453784
0.99910295
0.00019553986
0.00021063507
0.00026771575
0.67211425
0.99931145
0.99642146
0.9998234
0.58154005
0.5355598
0.8828082
0.00018313175
0.44338962
0.9125986
0.8545654
0.0006138041
0.99955386
0.98936874
0.99963784
0.9993799
0.00036433554
3.888128e-05
0.9952669
0.9997749
0.00042126054
0.7607657
0.44348133
0.9957581
0.000116811476
0.0003877601
0.999676
0.9842173
0.055812873
0.98883456
0.98517543
0.00017595348
5.9439186e-05
0.0014615156
0.99976534
0.9999106
0.44322848
0.9999002
0.5321436
0.99940705
0.9999149
0.9940433
0.00015646202
0.00043717813
0.9967347
0.0013816179
0.000118251824
0.00022516609
0.86117107
0.00021463545
0.00017458978
0.00013935567
0.44349533
0.99940014
0.44347268
0.98112446
7.93827e-05
0.55195343
0.00073369767
0.44356003
2.0581204e-07
3.6780726e-05
7.141772e-05
5.1067324e-05
0.7783132
0.44349056
0.9548519
3.4395554e-05
0.99888223
0.443419
3.1655054e-06
0.00030583606
0.64390945
0.53638643
0.44335976
0.81525826
4.18117e-05
0.443408
0.00033097967
0.55364925
0.4434297
0.21470638
0.4434244
0.44343036
0.9999305
3.9283463e-05
0.9967373
0.9960562
0.990668
0.9084325
0.0010310144
0.8621356
0.9995573
0.56105226
5.7932386e-05
0.9950388
0.25420755
0.9977519
0.26019022
0.00017833471
0.5272177
0.99872154
0.44342202
0.9977093
1.9765128e-05
5.2532556e-05
0.0007954559
0.21813723
0.9997919
0.5336262
0.44342145
0.5727656
0.99639326
0.00034629932
0.999603
0.99954945
0.9729115
0.99531496
0.9881147
0.44355294
1.566028e-05
0.9994623
0.4434762
0.998243
0.4434325
0.9997038
0.51563376
0.99222374
0.99978465
0.2240938
0.54179883
0.95947176
0.000324434
0.99956554
9.247068e-05
4.7773952e-05
0.0016893519
0.0016026772
0.4434773
1.9742673e-05
0.5488808
0.522006
0.99930036
3.047885e-05
0.97308606
0.9077309
1.4476201e-05
5.880425e-05
0.9983374
0.9560078
0.44332564
0.98790926
0.9994554
0.99893206
2.5607555e-05
0.99819297
1.828592e-05
0.99784577
3.7285423e-05
5.255952e-06
0.4434
0.99112165
7.8481884e-05
0.99989104
0.4433849
0.99566853
0.44345784
0.000110133464
0.96591693
0.99929154
7.689265e-06
0.99851555
0.9988714
0.00011026092
0.9825765
2.1292155e-05
8.264582e-05
0.44344804
0.44358572
0.9619289
0.2377127
0.5471391
0.5399025
0.9748122
0.44344175
0.5641748
0.00033584094
0.984994
0.44345605
0.44354698
0.00024265816
7.5069096e-05
0.8487915
0.4434783
0.45270434
0.0002540348
0.9971009
0.73288196
3.0419382e-05
0.99867743
6.787503e-05
0.44348642
0.98106617
0.00015182716
0.00024563164
0.9976829
0.99964464
0.44348502
0.2657151
0.5620544
0.00014343974
0.44348216
0.99958307
0.44359848
0.443446
0.00055421336
0.0013029241
0.44339404
0.44353047
0.44338638
0.9756436
0.9985989
0.98991627
0.00016347467
0.44350472
0.98871124
1.3261632e-05
0.0004486129
0.56618214
8.907546e-06
0.99901855
0.9998636
0.9998067
0.9998658
9.262812e-05
4.6822537e-05
0.82417345
0.9995448
0.99515414
0.9918018
0.5121207
0.44344094
0.70145327
0.00016074526
0.99790937
0.9891594
2.2766038e-05
2.880488e-05
0.0002305287
0.00018152018
0.9843626
0.9926732
0.9233234
0.00017882511
0.9998622
0.003948939
0.555978
0.00012927421
0.99828786
0.99808085
0.98558885
0.99980587
0.99091154
0.00013287028
0.44340697
5.3142845e-05
0.9945761
0.875743
0.5435994
5.6818877e-05
0.9998228
0.9997247
0.5726763
9.842853e-06
0.99863404
0.0001430176
0.94932115
0.9940878
0.9979919
6.063479e-06
0.44343215
0.9947423
0.0012611942
3.40835e-05
0.00030813823
0.99938524
0.00015912387
0.6898758
0.9953896
0.9843189
0.00010886431
0.00015887857
0.998909
0.99843544
0.0005439068
0.9985429
0.5145496
2.0139449e-05
0.00021450085
0.0013966835
0.0001093896
0.998831
0.4434347
0.00056284724
0.98612064
0.9976482
0.00018922584
0.0023419377
0.9870346
9.65957e-05
0.93999135
9.398427e-06
4.021671e-06
4.5072436e-05
4.6421603e-05
0.9813116
3.782636e-05
0.00016260069
0.9987
0.000120062265
0.00028661705
0.57748157
0.05107133
8.860937e-05
1.4315138e-05
0.4435656
0.44351307
0.99834347
0.99862766
0.9946095
0.0001577025
0.8381771
0.0003139994
0.9986413
1.8857228e-05
0.9987999
0.9982693
0.99965775
0.9684097
0.00010804832
0.0002481939
0.4434342
0.95133406
0.44348323
0.86691755
0.5225413
0.6701249
0.44346341
0.89807194
0.89261574
0.44349042
0.59732
0.9307752
0.99988544
0.53794324
0.9989361
2.798771e-06
0.0001341125
0.97560805
0.0001704141
8.005655e-05
6.5612076e-05
8.8319845e-05
0.768143
0.9968123
0.99924636
0.9931351
0.00012969945
0.9998516
0.002556266
4.177288e-05
0.055735502
0.9709868
0.00019191012
2.7778819e-05
0.44345474
0.997971
0.00024962396
0.44347218
0.00013714694
0.00039795236
5.6556637e-05
3.3102606e-05
9.22625e-06
0.99887604
0.00014762688
0.9996061
0.0024267929
0.4434907
9.1867565e-05
0.9988431
0.61341864
5.7528683e-05
8.843775e-05
0.99952865
0.9838579
9.3352406e-05
7.5055505e-05
0.00017072132
0.4435267
0.84965086
0.9998037
4.791375e-05
0.99935573
0.97833073
0.99907
1.656431e-05
0.99948645
9.46861e-05
7.2523144e-05
0.7003363
0.9970458
7.175365e-05
0.44336632
0.9815279
3.5778463e-05
3.4992772e-05
4.667017e-05
2.3203756e-05
0.99863285
0.99799085
0.00010036369
0.44334143
0.999037
3.3691696e-05
0.70726806
0.9961915
2.3570145e-05
6.055002e-06
0.9996666
0.00021361526
0.00030425398
0.99399006
0.443437
0.99936265
3.6377132e-05
7.3086194e-05
0.0013872676
0.0052640573
0.023041766
0.99880445
0.44332096
3.2613443e-05
0.4434411
0.9991812
0.7125488
0.9872891
0.52563184
0.00010975614
6.159924e-05
0.99270016
0.00016662355
0.44349656
0.00026862288
0.4434222
0.9989229
0.44352236
0.042224724
0.99963593
0.44340393
0.0004937984
0.12515782
0.9898142
0.9836986
5.7304147e-05
0.9804205
0.000116057156
0.44341302
0.0717092
0.9965299
0.00039075752
0.5603136
0.9960975
0.00030095186
0.0005498074
0.9996619
6.784364e-05
0.99990094
9.200248e-05
0.83504105
0.44338995
0.00022707607
0.9947188
1.6565355e-05
0.0001283043
0.5086014
0.99890065
1.7118999e-05
0.0741119
0.9998072
0.54267216
0.9871141
0.9988294
0.55110604
0.99762565
0.54024506
6.27893e-05
0.99889416
8.749507e-05
0.44345018
0.0021383394
8.8914756e-05
0.99986124
0.00013979248
0.9895577
0.55016917
3.2835924e-05
5.5257216e-05
2.6151609e-05
2.1840393e-05
0.99629754
0.009494328
0.9987914
3.9303435e-05
0.44350138
0.5325712
0.99362224
0.998703
0.9786395
0.000178044
0.9580059
4.08429e-06
0.000115609924
3.2427553e-05
4.865958e-06
9.0104935e-05
0.99916697
0.4434238
0.44343707
0.0007340886
0.056027193
0.9958651
0.9992193
0.997546
0.99744046
0.9979241
0.590848
0.9922477
0.9988951
0.00082018453
0.9846556
0.5519952
0.0003326734
0.5171556
0.9986235
0.00023987136
0.99812394
0.0002888239
0.54748577
0.9998355
0.99969876
0.5558392
0.55674165
0.999126
0.000601213
0.00023869642
0.0010258987
0.00032705755
0.44348225
0.015588133
0.00017437748
0.99876535
0.9914657
0.9929134
0.4434178
0.44346228
0.00020947485
0.44347012
0.44345474
0.44475955
0.000119008255
0.99631625
0.009178309
0.99761945
0.00043399102
0.79922223
0.99960345
0.99666995
0.5535392
0.00021411893
0.93026245
0.00017590786
0.75953096
8.821278e-05
0.00021864675
0.0001834596
0.44345
0.9997888
0.00021285284
1.1949419e-05
0.5399076
0.9997559
0.5669676
0.00020466161
0.998099
0.89691216
0.9999118
0.00019298303
0.0013448404
0.985655
4.7989047e-06
4.4097254e-05
0.44344527
0.50533956
0.5225471
0.44342417
0.00017686246
0.99920577
0.5092167
0.00012506329
0.55067515
0.44345605
0.030980224
0.00015058751
0.99941266
0.98565465
0.0026250489
2.5894678e-05
0.0003559678
0.93254626
0.00019791794
0.99184155
0.44358033
0.55280036
0.00010083432
4.210785e-06
0.99935454
0.9994469
0.9990895
0.53866225
0.18132421
0.9993967
0.00016710038
1.5072374e-07
0.0022617283
0.9980428