0.5632166
0.99999774
0.4305473
0.56583697
0.4314931
0.00043327056
0.00029787212
0.9999987
0.4316268
0.9518302
7.648495e-05
0.00013958004
6.681266e-05
0.43472147
0.9999852
6.2538716e-06
6.01728e-06
0.8292954
3.129101e-05
0.5488814
0.98158896
7.228595e-06
0.43117425
0.00060772774
9.304164e-06
3.1947932e-06
0.5462529
0.99050975
0.46101305
0.9999294
0.00041270192
0.45360157
0.27268586
0.43282235
0.430779
0.43002188
0.55019975
0.9875953
0.9999974
0.9999627
2.0171989e-07
0.51545864
0.00017697515
0.43071762
0.00040906784
7.516842e-06
0.5625483
0.9174444
6.801282e-06
0.9999919
0.99115443
0.00017715074
0.9997507
0.999801
0.55252856
1.9175375e-06
0.5601545
8.998793e-06
6.995844e-05
1.9374468e-06
0.568969
0.99997425
0.5618471
0.4307855
0.8473122
0.9222924
0.5797233
7.0849754e-05
0.7245572
0.5648559
0.99995494
6.936767e-07
0.8992188
0.36837754
0.00055492274
0.00010912206
0.00028790455
0.56640035
0.43088967
0.43019333
0.000130471
0.00039454518
0.43160537
0.9999503
0.99996674
7.604974e-05
0.54966617
0.99892247
0.998911
0.99507964
8.71544e-05
1.7146169e-05
0.99996865
0.999762
0.0018989742
6.778421e-05
0.99986696
0.9900637
0.9999924
0.999998
0.43118763
0.43148687
0.00035146924
6.550061e-05
0.43004027
6.1747094e-05
0.00017564891
0.99654394
0.99951494
0.9999833
5.01159e-05
0.43092233
0.9603086
9.992829e-07
0.43446276
0.00025996775
2.2349261e-06
3.6148776e-06
0.9999871
0.9279993
0.9991386
0.99995744
1.1164657e-05
0.99999774
1.3113442e-06
0.99977714
1.191052e-05
1.7977354e-06
1.201297e-05
0.9978283
0.9996489
0.9923099
6.347416e-07
0.99975044
0.00050651014
3.1178828e-05
0.63595414
0.9999995
0.43126774
2.7557835e-05
0.99999464
9.238162e-06
0.99886096
9.711133e-05
0.9956999
2.4513108e-06
0.0003023856
0.42891368
5.182539e-05
0.0021621245
0.9999695
0.9682418
0.43059668
3.7974078e-05
4.730862e-05
0.42851147
0.9999949
0.00011636889
3.4461285e-05
0.9997954
0.9999993
0.99991405
0.5552181
0.9999039
0.99986637
2.6801051e-06
0.6015314
0.54909205
3.043128e-05
3.3572583e-06
1.1809575e-05
0.4356705
1.6037804e-06
0.70855534
6.615824e-05
0.000287315
1.9622337e-05
0.9999864
3.6310755e-06
4.260546e-06
0.8101416
0.0002090088
0.00043380866
0.99999964
0.987905
0.9998325
0.43077168
0.43114096
5.278833e-06
0.99874383
4.8668146e-05
0.99999475
0.9999769
0.9999927
7.759422e-06
6.076244e-05
0.43161303
0.9972258
0.0006121475
0.00028915095
4.2161806e-05
0.9978295
0.99997306
0.9981427
0.999869
0.9999993
2.1750207e-06
0.999997
3.6041463e-05
1.0789398e-06
0.43162155
0.43126988
0.9999759
9.601494e-05
0.43161818
0.4330779
7.198077e-05
0.24812846
7.1957597e-06
0.00018973026
0.009322212
0.9999945
5.2358857e-05
0.00048387883
6.73518e-05
0.999997
0.9989505
3.463452e-05
0.43099272
0.00014895818
0.99993384
0.43158376
0.17743772
0.4311602
0.54044116
0.47388157
0.99993765
0.9999999
1.074176e-06
0.000157721
2.0276286e-06
0.00026073476
0.9999162
0.99611306
0.9609204
1.7491913e-05
0.4318499
3.3832498e-07
0.43167254
0.074108124
0.99999845
9.995996e-05
0.91727567
1.0596664e-05
2.6993564e-05
8.643938e-06
0.99939513
0.9688843
0.99975187
0.9999708
0.99999356
0.00023996033
0.99998665
0.999271
0.79090893
7.1631344e-05
0.00022839081
1.6474514e-05
0.5283057
0.9994567
0.47023007
0.59420973
5.8008413e-06
0.0002168091
0.9988217
0.39458263
0.15016365
1.3083477e-05
0.9998797
0.9989723
0.99999905
0.99999917
0.00021622756
4.9576058e-05
0.9999349
0.99446726
0.42947474
0.99997795
4.776343e-05
0.43073034
0.9552934
0.999987
0.55277133
1.7453487e-05
0.99440753
5.710009e-06
0.16862133
0.9980108
6.8061536e-07
0.99986565
0.44516972
1.4647062e-05
0.69191134
0.99974173
0.9998791
9.4521465e-07
0.5541564
8.886442e-07
0.99982494
8.882021e-06
1.5158639e-05
0.37911323
0.9999405
0.9967847
0.99989474
6.398069e-06
6.702655e-06
6.4965425e-06
0.99965537
5.2190603e-06
1.4131225e-05
2.1742791e-07
0.00024057429
3.5334037e-05
0.9999912
0.54999685
3.8263872e-05
0.00010985362
0.43156898
0.9987093
0.6552102
0.0009178267
0.9999552
0.9998776
0.5558627
0.43137974
0.99999356
0.9999819
2.1013757e-05
0.00038755557
0.00014144724
1.21133435e-05
0.9998467
0.43025646
0.99996686
0.83824116
0.9305455
0.9998847
0.9999839
0.99874216
0.99935335
0.000207151
0.999992
0.4298666
0.99894124
0.00022435776
4.9807522e-06
0.5794651
0.9999962
0.58268297
1.8670184e-05
0.9985812
8.31945e-05
0.00010339404
6.743806e-06
0.43112946
0.99563783
2.0670166e-05
0.00018769538
0.43157572
0.43050444
2.2005263e-05
0.9999993
0.00031425516
0.000120730656
4.808764e-07
0.99993527
0.94073087
1.966533e-05
2.4511442e-07
0.9999963
0.9996693
0.9944359
2.3174633e-05
0.004284642
0.9840978
0.99998474
0.43022677
3.8103324e-05
0.9999567
0.57767576
1.1178785e-06
0.00015899663
3.8916232e-06
0.43109035
0.99898297
0.99609226
6.4316732e-06
0.00016585698
8.518153e-05
0.00046803287
0.9971097
0.99967194
0.4293369
0.5575602
0.47814444
0.9999287
0.9996125
0.99999046
0.4332085
0.9985655
0.43019244
0.99689305
0.9995912
0.00029469992
0.0004986737
0.99325573
0.00014752809
0.999998
2.4275803e-05
0.0018736958
0.4308717
6.5463655e-06
3.707161e-06
0.99984646
0.9999999
0.9999831
0.43334714
1.45022195e-05
7.4511874e-05
3.6675935e-06
0.9994523
0.43076977
0.27052996
3.841784e-05
7.614175e-05
0.9999871
0.55719346
0.9002452
0.43017802
0.0003729881
6.43183e-08
0.00072107813
0.9968078
0.99999785
0.00022281114
0.99996364
0.99997973
0.4305709
0.9999957
0.9980869
0.43131912
0.9073841
0.0015029315
0.39610055
3.4537614e-05
0.9999627
0.6095774
1.5587271e-05
0.0019511423
0.9999778
0.999998
0.000119336
0.9923016
3.4307992e-05
0.9999988
0.9999324
0.5984942
0.00011988448
6.978647e-05
0.43089992
0.0008224984
0.99972147
0.5708613
1.5131601e-05
0.99977
0.9995795
2.4986926e-07
0.9999883
1.2002538e-05
2.9538364e-06
0.4313927
0.46012282
0.99997056
4.736799e-06
3.4772626e-07
2.4875753e-06
0.9999747
0.99993706
0.4332622
0.5409063
0.95485246
0.99999654
0.99897766
0.43518388
0.4388099
0.9996153
1.5027451e-06
2.7117363e-07
0.546613
0.42974275
0.99998283
0.0017786903
0.00018437537
0.9860147
0.9999212
3.321714e-05
0.43682823
0.00020729721
0.18688726
7.686997e-07
0.956702
9.174981e-05
0.9999957
0.43103343
0.431668
0.57757664
2.4814033e-05
0.0004837188
4.406127e-05
0.58167744
0.1979203
0.000117522824
0.9999256
0.9999994
0.9765425
0.4309591
0.00015100003
0.9928786
0.00013997269
0.9659783
0.4312236
0.0009690204
0.4366631
3.681519e-05
0.00020028064
9.219341e-05
0.4315798
6.2117455e-05
0.561484
0.43176997
0.99992335
0.43488386
0.9988311
0.43096945
3.3508702e-05
0.00020145276
7.208477e-05
5.4721557e-05
0.99986625
0.001574391
8.562059e-06
0.44276762
0.999838
0.9999794
0.43128577
6.7043943e-06
1.6097625e-06
0.00052129285
0.9999348
8.108114e-05
0.9999913
0.4071898
0.43093246
0.9999713
7.393679e-05
0.99430805
0.9999683
1.5511083e-05
0.96147394
0.9989391
0.000536708
0.5506476
4.03423e-05
0.9999975
0.9999393
0.99999726
0.98196065
0.99584705
1.977927e-05
9.849985e-05
0.00050291285
2.6754427e-05
0.0027472733
0.9995234
0.87967825
0.0002255146
0.4662037
3.5522933e-06
0.9998611
0.00030481926
2.757628e-06
0.0021652335
0.37878656
0.5676661
9.478059e-05
3.3168294e-06
0.00047020614
0.9994832
7.103915e-06
0.9999956
0.99999785
0.99613523
2.040871e-06
0.6862407
0.0003006106
0.4372908
0.43121937
1.6822894e-05
0.5668216
9.898181e-07
0.9970483
6.0820225e-06
0.9998795
0.40306857
1.3408513e-05
8.2984825e-06
6.922512e-06
0.99840194
0.99998367
0.99946946
0.42569298
4.6749235e-05
0.958065
0.5308189
0.99996746
0.00023201115
0.98405945
0.89506567
0.4316514
5.017605e-06
0.4307462
0.98603237
0.99998164
0.12403867
0.99999666
0.9998166
6.331403e-05
4.5170633e-05
0.00010073801
0.9999418
0.0017084756
0.8083787
0.9999765
5.379813e-06
0.00026399913
2.6126432e-05
0.0002457989
0.58823055
0.99708754
0.99957806
0.9964522
0.43184027
0.6028412
4.1143036e-07
0.99996436
0.99584717
0.99999523
5.8243444e-07
3.3564993e-05
0.43166766
8.91467e-05
0.9999677
0.9515053
9.862993e-05
0.9982864
0.0009996006
0.0001684268
0.997897
0.42862728
0.54680336
0.9998084
7.1855898e-06
0.9973646
0.9993395
0.99998975
0.24265818
3.4645357e-06
0.99987733
0.98101854
0.5533508
0.000115711395
0.9021696
0.9999851
0.9948403
0.9979504
0.9951767
0.99999356
0.9997769
2.8578761e-05
3.745423e-06
0.9834011
0.00078936596
0.00028757262
2.7142327e-05
0.00037605074
0.00022262789
1.352964e-05
0.9996537
0.7633167
0.43043387
0.56886756
0.9999827
8.439917e-05
0.00013073851
0.999967
2.1471387e-05
0.99994564
0.99999917
0.5692145
0.53496224
0.99796665
2.2784956e-05
0.00024038603
0.9999943
0.43164638
2.5853102e-05
0.99989736
0.000110556764
0.62870693
1.0278108e-05
4.7650057e-05
0.9894077
0.0002984617
3.9759207e-06
4.6445643e-05
4.4627145e-06
0.4315554
4.5631623e-06
0.00010902304
0.99490803
0.9998851
0.42611983
0.00043348226
0.9983506
3.1530092e-07
0.0003837627
0.9999292
0.5887342
8.578164e-05
0.5460949
0.43154606
0.99982846
0.00015020891
0.99973243
0.10331295
9.918678e-05
0.43091843
5.1169012e-05
0.4314151
3.9357106e-05
0.00029324813
0.00060117006
0.9960079
0.54056895
5.7450166e-06
0.9994504
3.8355192e-06
0.0013592939
0.43859032
5.739409e-06
0.9987091
0.565488
0.98752695
1.3083528e-05
2.1225029e-05
8.067159e-07
0.97744876
2.237164e-05
0.99983335
6.56763e-05
0.028955601
0.6147591
0.00010301102
1.8132689e-05
0.99993193
0.9999994
0.42926118
0.99985874
0.0010021906
3.3334666e-07
0.9993807
0.6323517
0.9989322
0.00035567893
0.99998236
0.99398935
0.5400397
0.9999931
5.173675e-05
0.9999759
0.99962974
0.9999571
2.6817363e-06
0.0001887809
2.9022015e-06
0.43015054
1.6365402e-05
0.9999993
6.220062e-05
0.999987
0.4321065
0.98946893
0.9999938
0.0002554437
8.514482e-05
0.00017425051
0.57932293
0.9996923
0.9970072
0.99999833
0.59251165
0.55680674
0.9693619
0.00010533471
0.4578066
0.99729866
0.92554057
9.5723306e-05
0.9997893
0.9988986
0.9999291
0.9996331
0.0007814551
3.2388828e-06
0.9991197
0.99999976
0.00052088726
0.74031764
0.4305372
0.99999297
0.00012827701
0.00021073731
0.99998486
0.999318
0.07518164
0.9965693
0.998703
9.552753e-05
3.7789585e-05
1.9540005e-06
0.99999976
0.99999666
0.45511535
0.99999905
0.55671155
0.9998621
0.99999714
0.999288
2.1380338e-05
0.001552306
0.9997336
7.926938e-05
8.872048e-06
0.00021575144
0.9956779
0.00014189613
0.00013078826
8.496922e-05
0.433002
0.99999857
0.43054014
0.9916401
1.3472527e-06
0.5721046
6.4845924e-05
0.42849934
9.046411e-06
4.5904244e-06
0.00040976447
5.3008414e-05
0.59569836
0.43140942
0.99802727
4.5072567e-05
0.9999143
0.43085796
4.6346413e-06
4.3048465e-07
0.22590747
0.5616957
0.4309257
0.9570161
5.3137774e-05
0.43050396
0.0008462056
0.5712075
0.43088076
0.23899467
0.43162146
0.4510967
0.9999908
9.749082e-05
0.99995995
0.99943465
0.99886036
0.9906979
4.1783038e-05
0.99931955
0.9999912
0.5937787
5.6454202e-05
0.99971193
0.17189917
0.9999746
0.44219524
4.2973825e-06
0.54815286
0.99996066
0.43158966
0.9999795
2.1070452e-06
5.519186e-05
1.9240274e-06
0.35339582
0.99999857
0.5488473
0.43164873
0.5902494
0.9997284
2.3369357e-05
0.99999654
0.99999356
0.999688
0.996748
0.9946585
0.43147138
4.6971636e-06
0.99997485
0.43145487
0.99972576
0.4387279
0.99992406
0.5660431
0.91491675
0.9999845
0.0030050671
0.56929135
0.99872404
0.0003873402
0.99996746
0.00014886886
2.6313943e-05
8.500301e-05
0.00020726598
0.4315197
1.9401374e-05
0.57893896
0.54468536
0.9999714
4.824602e-05
0.9965571
0.8744901
5.446193e-06
3.4798595e-05
0.99928397
0.994862
0.43219796
0.9973236
0.99984217
0.9999025
1.78128e-05
0.99997616
1.073949e-05
0.9999734
4.6025584e-06
2.8080938e-06
0.43103924
0.9954159
0.000117485855
0.99999976
0.42929536
0.9995547
0.43391228
7.809569e-05
0.9893076
0.99999166
5.784599e-07
0.9999684
0.99890304
0.00010753244
0.94602257
2.2512536e-07
3.2871908e-06
0.43146607
0.4294499
0.94024384
0.16968933
0.56595486
0.55619377
0.95488113
0.4315243
0.5805477
0.00015368823
0.98545015
0.4309154
0.43157917
3.968307e-05
1.3625691e-05
0.99999964
0.431598
0.53645283
4.8935468e-05
0.9998672
0.6503235
1.1454503e-05
0.99975437
7.4881573e-06
0.43108568
0.99968266
0.00011788996
0.00020757609
0.99959296
0.9999994
0.43079707
0.3150547
0.59193903
0.00020724049
0.4307166
0.9999945
0.43094322
0.43166536
0.04897048
2.48253e-05
0.42960894
0.43071088
0.43564847
0.99913836
0.9965617
0.99577194
0.0006363856
0.4308565
0.99941814
8.574091e-05
2.7638362e-07
0.8090897
1.7763828e-06
0.9999199
0.9999976
0.9999939
0.9999958
2.4359546e-05
8.1088176e-05
0.8713867
0.9999709
0.99996114
0.99455535
0.57016677
0.43080702
0.9995369
7.7490756e-07
0.9999963
0.99918324
4.53469e-05
1.1112818e-05
3.783866e-05
0.00044418365
0.99784243
0.9196309
0.99911815
0.0002793281
0.999998
0.00035129776
0.57434124
3.265035e-05
0.99944013
0.9995265
0.99979264
0.9999943
0.9999552
0.0001715385
0.43012312
3.6625706e-06
0.99984694
0.9918944
0.5374223
7.001804e-05
0.99998903
0.9999989
0.5874213
6.556218e-06
0.9997948
2.4484101e-05
0.9996024
0.99599165
0.99997497
4.2526995e-06
0.43166232
0.9998864
8.891111e-05
1.3440544e-05
0.00022231587
0.99998474
9.894313e-06
0.7283996
0.99599993
0.9892559
6.441228e-07
0.0021815049
0.9964385
0.9999912
4.3843735e-05
0.9999888
0.54087853
4.0574643e-05
0.0009992889
0.00015703296
1.1021157e-05
0.99998426
0.4314751
2.0231693e-05
0.99817157
0.9991111
0.00083079236
0.0037334685
0.9991671
0.0002465347
0.9981179
1.1629985e-06
9.712617e-06
0.00033956263
0.00013820795
0.9735996
0.00025843605
0.00025863742
0.99936205
1.4145113e-05
3.5320765e-05
0.56283194
0.118233934
7.646763e-06
2.355295e-06
0.43278715
0.43155813
0.9993949
0.99848396
0.9999502
0.0004999897
0.9907135
0.0010867552
0.9998523
1.305344e-06
0.999869
0.9995627
0.9999337
0.99850756
2.2762692e-06
1.3814621e-06
0.43142167
0.87814224
0.43309096
0.57595694
0.8993287
0.38978195
0.43162218
0.8973672
0.6700954
0.43266976
0.965412
0.76568073
0.99999833
0.55713737
0.9995863
5.4103643e-06
0.00015161133
0.9987489
1.2481432e-05
0.00012705127
4.216201e-05
4.671334e-06
0.9943709
0.9937416
0.99998474
0.99989533
4.8828904e-05
0.9999993
6.1245705e-06
3.071934e-06
0.000130121
0.93239254
0.00012786691
7.43696e-06
0.43076217
0.99990404
0.00033396928
0.43097878
5.1556403e-06
0.00010144984
0.00024911875
3.2362368e-05
1.1202305e-06
0.9999454
3.5419933e-05
0.9999492
2.8182376e-06
0.43145338
1.1972675e-06
0.99985194
0.20642695
1.7320357e-05
5.9347354e-07
0.9999993
0.99880004
0.00025166478
3.2412125e-05
9.0573056e-05
0.4315989
0.8901709
0.99999964
3.4384632e-06
0.99975115
0.9877051
0.99990666
2.069121e-05
0.999964
8.956627e-05
2.527635e-05
0.48727712
0.9968587
3.740183e-06
0.4310846
0.9979418
1.4272213e-05
0.00024246945
1.3403578e-05
4.0938985e-06
0.99983406
0.9999472
4.6422765e-06
0.5302651
0.9999684
3.4027792e-06
0.47804374
0.9979393
2.2703445e-05
8.495253e-05
0.99999833
0.00012921999
1.4012395e-05
0.99996233
0.4316383
0.9999846
2.1560789e-05
0.00022898302
9.546042e-05
4.886887e-05
0.0015857349
0.99982977
0.4296681
2.125895e-06
0.43163487
0.99999595
0.6192759
0.99447787
0.5486028
0.0014859084
3.2497492e-06
0.99985814
0.00022278755
0.4311501
9.878087e-06
0.43411085
0.99990547
0.4312223
0.0015577623
0.99999297
0.4316865
0.0002581762
0.06963393
0.9897231
0.94009304
2.389724e-05
0.99856585
1.7674045e-05
0.43038392
0.111881725
0.99980444
0.00013564748
0.5690722
0.99922645
6.8904e-05
0.0005792911
0.99997723
1.0452674e-05
0.99999166
1.6198454e-05
0.9051422
0.44338405
6.594219e-05
0.9994716
4.622269e-06
1.8051149e-05
0.5503391
0.99998105
2.3701052e-06
0.000172898
0.999966
0.56951255
0.9995956
0.99993503
0.57788473
0.9944602
0.56698716
5.938217e-06
0.9999856
1.8825012e-05
0.43113458
0.00011015583
2.0076204e-05
0.9999292
1.1086769e-05
0.990488
0.56931376
5.7764414e-06
2.1172727e-05
7.457716e-07
5.7860893e-06
0.9990945
0.00019443977
0.9999411
2.2935772e-05
0.43130332
0.55062175
0.9947967
0.9995627
0.992673
6.186397e-05
0.9793665
1.1180149e-05
3.641767e-06
2.2866805e-06
3.7400332e-07
0.00023630203
0.9999907
0.43064013
0.43118024
0.00012725824
0.09350463
0.9998653
0.9997912
0.9996424
0.999966
0.99866855
0.9142411
0.9984295
0.9998623
1.4164146e-05
0.9993025
0.5679295
0.00016194556
0.9129914
0.9999845
0.000590355
0.9999058
2.0670423e-05
0.56840867
0.99998903
0.9999888
0.57052946
0.576252
0.9999926
7.359618e-05
0.00012976823
2.447665e-05
1.1835134e-05
0.42866957
0.009310193
0.000110048524
0.9999825
0.9997609
0.9948198
0.43163937
0.43076158
5.7682668e-05
0.43159485
0.43055853
0.4697311
0.00010047525
0.97367483
2.2827692e-06
0.999579
0.0002162492
0.8264551
0.99999416
0.99995077
0.5829712
0.00034230354
0.99894625
3.227053e-05
0.99951017
0.00011084411
0.00016139199
0.00013834509
0.431625
0.9999403
6.868489e-05
3.1619504e-05
0.5615523
0.999985
0.59147805
0.00011137937
0.9961087
0.93397796
0.9998815
0.0005561907
0.002004241
0.9999833
1.7798136e-07
3.4981895e-05
0.44749057
0.5306408
0.5490278
0.4316489
1.27602225e-05
0.99989915
0.5573562
1.0321897e-05
0.5678712
0.43151668
2.3937043e-06
0.00022657323
0.99991
0.99967027
0.00022984197
1.77571e-05
3.3463675e-05
0.98891944
2.2307813e-05
0.9965373
0.43050268
0.56544566
0.0006559723
5.9295016e-06
0.9998729
0.99997973
0.9998952
0.60204643
0.12478955
0.99999344
9.755913e-06
1.8876797e-07
0.00031199146
0.99993086