0.52642477
0.99720407
0.43746242
0.542275
0.43746242
0.00063200976
0.0010133509
0.9960173
0.43746242
0.82758707
0.41114238
0.00052561687
0.0009914322
0.43746242
0.9814757
0.00014995961
0.004506309
0.8564803
6.7889916e-05
0.49049577
0.8698695
0.00073059974
0.43746242
0.000243884
0.000133194
0.0009768468
0.51160794
0.9163049
0.4387079
0.9620502
0.00038132246
0.43746242
0.7369419
0.43746242
0.43746242
0.43746242
0.5316292
0.95319414
0.99207324
0.98310477
0.0011925573
0.5236763
0.0010653975
0.43746242
0.0005758642
0.00069680845
0.5003878
0.6046525
0.00016359022
0.98323464
0.95012724
0.0005253494
0.97023284
0.9465742
0.5120802
0.0016689706
0.5601496
0.0005310243
0.00028820251
0.0010597566
0.6424411
0.9939889
0.5151523
0.43746242
0.81452405
0.8133952
0.54971355
0.0042701825
0.80062836
0.5522782
0.99450386
0.00050900073
0.87146074
0.41016975
0.3940624
0.00023311719
0.0003561059
0.6702731
0.43746242
0.43746242
0.00064233434
0.00047366193
0.43746242
0.97344613
0.99372286
0.0004963289
0.48921302
0.94291526
0.98757124
0.7983381
0.00042326152
0.0007868393
0.9952472
0.96475476
0.42803955
0.0018240486
0.97982717
0.804
0.99492836
0.99767953
0.43746242
0.43746242
0.0005465436
0.00032827584
0.43746242
0.0016879129
0.000174446
0.95000726
0.9410822
0.99807477
0.00031137932
0.43746242
0.8202903
0.00048264727
0.43746242
0.00024186958
0.00048212148
0.004352549
0.9784167
0.73864466
0.9858133
0.8992952
0.007030123
0.99293065
0.00027769452
0.96898323
0.0005752704
0.0010211387
0.0003578729
0.8743952
0.93787235
0.8588872
0.0018779222
0.9477872
0.00092931197
0.0004369398
0.50848293
0.9981185
0.43746242
0.00014579027
0.88548726
0.001058802
0.7859615
0.00043563428
0.8724788
0.00010937698
0.00038893888
0.43746242
0.044262003
0.00015207929
0.97269756
0.90718657
0.43746242
0.00083285564
0.00010606423
0.43746242
0.998125
0.00016847772
0.0001662067
0.5776696
0.9943896
0.9880064
0.48833257
0.9809178
0.9313043
0.0003653827
0.70525444
0.49709174
0.0002444299
4.4024186e-05
0.00056519377
0.43746242
0.0010834716
0.49419457
0.00111446
0.004009842
0.00047825303
0.98878014
0.0015347522
0.0002362072
0.33765823
0.00014474598
0.0006740636
0.99841
0.86265063
0.96111625
0.43746242
0.43746242
0.00023896854
0.94375956
0.00045436746
0.96478546
0.9974693
0.9803017
0.00056311255
0.0027260869
0.43746242
0.949908
0.10008642
0.00023148042
0.012426383
0.9761885
0.9935162
0.8305421
0.9883555
0.99603796
0.00074305956
0.99086446
0.00013062025
0.002959108
0.43746242
0.43746242
0.9674412
0.006163209
0.43746242
0.43746242
0.00039164527
0.3428711
0.0006391302
0.0006220953
0.0017737722
0.99464273
0.0005194019
0.0013311874
0.00070621306
0.99584347
0.9317604
7.871288e-05
0.43746242
0.00023426893
0.9898974
0.43746242
0.5536311
0.43746242
0.48885426
0.43746242
0.993576
0.99888676
0.0010700561
0.00032887884
0.0022376666
0.0010129454
0.99414647
0.94213307
0.8873033
0.00016487605
0.43746242
0.062490523
0.43746242
0.5014067
0.99174106
0.0004519971
0.61393315
0.30219612
0.0005555715
0.0013823694
0.98479176
0.6718933
0.9673602
0.995852
0.9860043
0.00034925324
0.9903853
0.9757883
0.68098515
0.0010343603
0.00053640164
0.000120688535
0.51815563
0.9680071
0.43746242
0.64358103
0.00033813345
0.00074936927
0.66236645
0.5195249
0.5199407
0.0014919313
0.727922
0.98385555
0.9967589
0.99950254
0.4109738
0.000849703
0.99061114
0.92853683
0.43746242
0.9844587
0.00047144125
0.43746242
0.5905445
0.99641246
0.5264237
0.00042719283
0.9725434
6.894297e-05
0.5460744
0.9433606
0.0010351755
0.9676408
0.43746242
0.00041476364
0.49710247
0.9554093
0.9842307
0.0019078591
0.52998054
0.001377034
0.99280363
4.6805082e-05
0.0006894443
0.56695086
0.99494064
0.9827543
0.9752104
0.00027265144
0.0010770736
0.00024729583
0.9209716
0.0007236521
0.0002716095
0.001443004
0.0003196019
0.00035435948
0.97876894
0.48745617
0.0019350033
0.0011872178
0.43746242
0.74621695
0.5366766
0.00030019705
0.9744105
0.99293303
0.5432765
0.43746242
0.9966286
0.9830615
0.00022420357
0.0004048632
0.00032311256
0.00013037176
0.9844417
0.43746242
0.99209255
0.70905924
0.69780463
0.9518639
0.9919825
0.9832888
0.8967388
0.00012021532
0.9985538
0.43746242
0.978312
0.0004323116
8.4893814e-05
0.5129057
0.9964902
0.52421033
0.0005348873
0.83906895
0.0053386455
0.00014015539
0.001775624
0.43746242
0.88090044
0.00042205822
0.00014823908
0.43746242
0.43746242
0.00016690325
0.9883837
0.0026035518
0.00020491544
0.0013335814
0.98082423
0.71899736
0.00010977404
0.002531788
0.9348221
0.53363854
0.84906656
0.0022496476
0.41626537
0.92600703
0.93276244
0.43746242
7.908214e-05
0.983914
0.64550245
0.0008781943
0.00047342628
0.008444765
0.43746242
0.9790677
0.85378754
0.00088738283
0.0003549031
0.00054766197
0.00047573025
0.76177275
0.9888864
0.43746242
0.48867753
0.43746242
0.9837713
0.9599948
0.99221295
0.43746242
0.77130085
0.43746242
0.86321545
0.99575317
0.00022138556
0.00034493933
0.9506526
0.00028156873
0.9831389
0.00028401628
0.00033140372
0.43746242
7.084326e-05
0.0010789242
0.68169713
0.9972064
0.98498833
0.43746242
0.00061829516
0.0012117906
0.0006773288
0.9864898
0.43746242
0.42434198
0.0006135134
0.00017711679
0.9913544
0.5311844
0.8499586
0.43746242
0.0001995266
0.0017748196
0.00071561866
0.9496702
0.9860146
0.003597891
0.923331
0.9239074
0.43746242
0.99836236
0.95207393
0.43746242
0.66085297
0.0009570655
0.563442
0.0019995482
0.990849
0.71284205
0.0004917444
0.00029068306
0.9308209
0.99744487
0.00019186658
0.5544159
0.004001587
0.98978674
0.89162683
0.541543
0.00065792695
0.0006255541
0.43746242
0.00045952667
0.9878736
0.64417845
0.00030708598
0.9248673
0.7860626
0.0025075008
0.98916477
0.00038520517
0.00070397207
0.43746242
0.43746242
0.97109807
0.00010419942
0.0013036559
0.0007036616
0.9943299
0.9475726
0.43746242
0.49517667
0.7356758
0.99854577
0.8375191
0.43746242
0.43835896
0.98743445
0.0039302665
0.00078444096
0.5075176
0.43746242
0.99554574
0.002277245
0.00094503
0.9298773
0.98683363
0.00014280446
0.43746242
0.00032825427
0.56703436
0.0013601849
0.8372549
0.00036054073
0.9918474
0.43746242
0.43746242
0.53248954
0.0055907443
0.00033893873
0.0004158026
0.54370403
0.69326633
0.0014227823
0.88106364
0.9882118
0.74590254
0.43746242
0.00040598752
0.93301696
0.0015872493
0.7641546
0.43746242
0.42585942
0.43746242
0.0012867618
0.00013258956
0.0007150978
0.43746242
0.000402614
0.5160609
0.43746242
0.97014004
0.43746242
0.8588763
0.43746242
0.00026602906
0.00040747292
0.00021680951
0.0006100031
0.78881145
0.00065454625
2.546473e-05
0.43746242
0.9467446
0.9918474
0.43746242
0.00022875474
0.020017613
0.0005513492
0.9870544
0.0003659926
0.9913141
0.5101254
0.43746242
0.9855435
0.00078512076
0.9638919
0.9742542
0.00058595923
0.92905676
0.9659146
0.00050423545
0.4800705
0.00016543762
0.99370265
0.93366164
0.9989176
0.891474
0.92093784
6.327522e-05
0.0006860521
0.0013262571
8.393327e-05
0.00033464943
0.865629
0.7509967
0.001005744
0.58619314
0.0019016367
0.89050126
0.4162234
0.0007403475
0.40372354
0.52754337
0.51307243
0.0010342697
0.00096238486
0.00041717893
0.8991069
7.379774e-05
0.9910386
0.960376
0.73415285
0.00038278877
0.66967285
0.0012134359
0.43746242
0.43746242
0.00095576013
0.71096724
0.00016300305
0.8577454
6.233446e-05
0.7419816
0.52591026
0.0023645982
0.00088243105
8.0237296e-05
0.96362114
0.991803
0.95049113
0.43746242
0.0013000743
0.7305816
0.497362
0.9831035
0.0003665179
0.77387613
0.5682689
0.43746242
0.00076728035
0.43746242
0.88760036
0.993086
0.0020742312
0.9502704
0.92925173
0.00061641354
0.00075528974
0.00026266996
0.87343895
0.41387233
0.56642777
0.96655357
0.0005369654
0.00024969943
0.00033669238
0.15231429
0.5420703
0.9376303
0.9811638
0.9145948
0.43746242
0.55420196
0.006517777
0.97617835
0.98432887
0.9837029
0.00035461245
0.00055511075
0.43746242
9.6168515e-05
0.9815984
0.8257512
0.001261673
0.6039686
0.00013737743
8.588124e-05
0.98009825
0.43746242
0.5095361
0.9755316
0.0003908661
0.8081737
0.51546234
0.98776287
0.5144752
0.0001579823
0.9924172
0.704824
0.6475743
0.00016669807
0.6175763
0.99610233
0.9123466
0.96220225
0.8463837
0.9844974
0.98830813
0.0007323003
0.00083624886
0.74702406
0.00030044472
0.4233296
0.0029616738
0.00024136601
0.0008453565
0.00012956855
0.9820164
0.6557078
0.43746242
0.5508111
0.98988426
0.00039991853
3.564231e-05
0.98874414
0.00082003913
0.9920363
0.9667055
0.52955353
0.5357504
0.9452876
0.0005899078
0.39988154
0.99563247
0.43746242
0.00043934342
0.92360896
0.00023918852
0.5631137
0.00086360285
0.0005034985
0.7394899
0.00013496394
0.00078488997
0.0002626219
0.0006386565
0.43746242
0.00063864735
0.0008428033
0.7428521
0.98868084
0.43746242
7.77954e-05
0.9741629
0.0005824652
0.00034448798
0.9710273
0.5151969
0.00015324308
0.49029946
0.43746242
0.9455025
0.00090138236
0.97774386
0.35809648
0.00023036478
0.43746242
0.4228482
0.43746242
7.484066e-05
0.0006761682
0.00036555514
0.9210361
0.53891164
0.0003144062
0.8963125
0.000390422
0.00043600652
0.43746242
0.00016421301
0.9425271
0.57751864
0.8220147
0.0011397586
0.42173585
0.0011536304
0.784831
0.0023237483
0.9914335
0.00037002345
0.41509145
0.59331536
0.0007040405
0.00026401095
0.8156321
0.975904
0.43746242
0.9853505
0.00029301897
0.00020916987
0.8825931
0.5025916
0.8218648
0.0003594663
0.9963372
0.97554225
0.51977634
0.99416345
0.0008156481
0.99538416
0.9607115
0.9892699
0.0003305587
0.30844027
9.749343e-05
0.43746242
0.0009682439
0.9953484
0.00046469498
0.98623556
0.43746242
0.752094
0.99904877
0.00059672596
0.0006921405
0.0007222401
0.51845217
0.9106856
0.9069271
0.99837554
0.8274173
0.43746242
0.736087
0.0004084993
0.43746242
0.61623764
0.7971836
0.0016954085
0.9768074
0.9702693
0.99920887
0.98618233
0.0007939973
0.00044397748
0.9569039
0.9976373
0.00041579848
0.51358896
0.43746242
0.9960718
0.00013979901
0.0010653777
0.9844482
0.9177185
0.49487567
0.803054
0.8511196
7.628071e-05
0.00092057895
0.026051078
0.9931253
0.9989654
0.43746242
0.9986236
0.5086149
0.9833271
0.9978752
0.918886
0.00030654395
0.0019219432
0.97594756
0.0012733836
0.0047540176
0.0007759266
0.9307211
0.00028202063
0.00038979485
0.00013726037
0.43746242
0.99593014
0.43746242
0.85465455
0.004029574
0.53441405
0.0003062168
0.43746242
0.0034097394
0.002203068
0.00025735682
0.00078333536
0.51749074
0.43746242
0.9578552
0.0001298695
0.9959461
0.43746242
0.004452508
0.004058636
0.47390336
0.49930456
0.43746242
0.8501207
0.0070766327
0.43746242
0.00017746215
0.5793456
0.43746242
0.47892
0.43746242
0.43746242
0.991967
0.00031342634
0.98622453
0.98149705
0.6883301
0.7655262
0.0004328396
0.88686645
0.9905786
0.68104386
0.0003582158
0.9934302
0.4565608
0.98563516
0.5302533
0.0003374199
0.51356995
0.952504
0.43746242
0.9436029
0.0008546704
0.017315269
0.005246678
0.5575655
0.97906905
0.49019006
0.43746242
0.67700547
0.9709853
0.0003785022
0.9865889
0.9889713
0.8363649
0.8874228
0.75552493
0.43746242
0.0014193896
0.9783054
0.43746242
0.96357
0.43746242
0.9965397
0.52110255
0.854196
0.99161035
0.4286075
0.5074861
0.99325645
0.00036155057
0.9872204
0.00095615495
0.00054291124
0.00017782752
0.0003175784
0.43746242
0.001518234
0.56659395
0.52668506
0.9939912
0.00048104822
0.9340263
0.6610132
0.0015190816
0.0013853901
0.92883974
0.9493091
0.43746242
0.9618954
0.9248643
0.97934216
8.8577595e-05
0.9955226
0.00017932507
0.8852634
0.013012722
0.00018289669
0.43746242
0.95598656
0.00020186981
0.9636746
0.43746242
0.8234222
0.43746242
0.00049488974
0.93887925
0.9924953
0.00021789566
0.9907873
0.9928536
0.0004374837
0.84630764
0.0005421439
0.00010933767
0.43746242
0.43746242
0.7430024
0.51395965
0.5441179
0.55370736
0.8482403
0.43746242
0.69747496
0.00060276245
0.7650176
0.43746242
0.43746242
0.000340284
0.00034308407
0.9981591
0.43746242
0.52819085
0.00029256506
0.9823857
0.5747117
0.00040423096
0.98948497
0.00020535571
0.43746242
0.90853196
0.019040903
0.00049658614
0.9709509
0.99784696
0.43746242
0.5202039
0.622398
0.00019466126
0.43746242
0.99121195
0.43746242
0.43746242
0.039018843
0.00016615156
0.43746242
0.43746242
0.43746242
0.7922872
0.8926049
0.75468105
0.0022088597
0.43746242
0.8997465
0.0046791416
0.0003874357
0.59762955
0.00035797837
0.98718226
0.9980592
0.9898315
0.9907477
0.00027964226
0.0003353533
0.7376964
0.99663585
0.9798322
0.9169276
0.54105544
0.43746242
0.9848102
0.0006535819
0.98676074
0.8099802
0.00033684296
0.0013482197
0.00044599065
0.00023640796
0.76238793
0.9248283
0.838576
0.003986698
0.98969334
0.0005913391
0.59632653
0.00045918356
0.9756776
0.943333
0.8847963
0.992473
0.97449964
0.0023926322
0.43746242
0.000120822
0.8995145
0.8595174
0.43746242
0.00056472287
0.99178797
0.99692506
0.6929586
0.002784041
0.9600853
0.00027850823
0.9155296
0.8313543
0.9872578
0.00017323993
0.43746242
0.98215204
0.0029090603
0.0023863192
0.0006202822
0.9944993
0.0007357996
0.7001367
0.9280675
0.772701
0.0026003493
0.00018361992
0.75478375
0.9970035
0.00078955485
0.9744785
0.49982387
0.00036634953
0.0010841949
0.033390872
0.00056543516
0.98258567
0.43746242
0.0003341247
0.9129016
0.9372162
0.00052952237
0.11792346
0.98817956
0.0024040535
0.93974674
0.00067513954
0.0002863655
0.004662511
0.00036710312
0.74619174
0.00045449653
0.00048501848
0.9397259
0.00041165182
0.00036589822
0.44711962
0.42113948
0.00013992505
0.00012387274
0.43746242
0.43746242
0.8875834
0.99248546
0.95405394
0.00038866702
0.9524611
0.0001511412
0.98349977
0.0019032476
0.99424994
0.9468064
0.9924231
0.91693795
0.00015691592
0.0003313039
0.43746242
0.5958916
0.43746242
0.66154593
0.43746242
0.52572453
0.43746242
0.6112132
0.6718686
0.43746242
0.72736233
0.6450504
0.97465694
0.52074826
0.9858889
0.0009169246
0.00032024542
0.9371202
0.00018062085
0.00019650951
0.0004489787
0.0012332946
0.8994631
0.9463701
0.9970284
0.99075526
0.00023706409
0.9912054
0.00067744305
0.0016552316
0.42417985
0.88862664
0.000472042
0.00042973371
0.43746242
0.9918596
0.12148968
0.43746242
6.608919e-05
0.00034720395
6.354479e-05
0.00066824874
0.00045327534
0.8883987
0.00023595644
0.97577536
0.41087696
0.43746242
5.3052157e-05
0.9843315
0.52434844
0.0011732673
0.0006438258
0.9959335
0.97364503
0.000291638
0.00065652607
0.00043704017
0.43746242
0.59387904
0.9656065
0.0014244526
0.9597304
0.730598
0.98327786
0.00026289822
0.97464436
0.0012157087
0.0042043277
0.552573
0.97785974
0.0004009284
0.43746242
0.9289177
0.0007575943
0.0002139879
6.338441e-05
0.0007595551
0.9974745
0.9409118
6.695049e-05
0.43746242
0.9975751
0.000110029534
0.59337205
0.97614175
0.00018229932
0.0031443588
0.9983791
0.0001148223
5.726252e-05
0.908137
0.43746242
0.9944824
0.0008652329
0.00022276143
0.0024870478
0.0063972375
0.39313877
0.94898766
0.43746242
0.00040535463
0.43746242
0.97389853
0.5837234
0.9109203
0.47776145
0.018361758
0.0003331444
0.96763146
0.002406408
0.43746242
0.0012387206
0.43746242
0.9152541
0.43746242
0.14858964
0.99698406
0.43746242
0.0015877201
0.5017052
0.906515
0.6628133
0.00035309323
0.943279
0.00035490008
0.43746242
0.62887406
0.9591853
0.0006742182
0.55778575
0.9839892
0.00051527034
0.0005887998
0.9949523
0.00016639713
0.9884708
0.00030808008
0.86088073
0.43746242
0.00040567358
0.9642959
0.0015922581
0.00020215065
0.53595984
0.96087015
0.0007937072
0.42451197
0.994272
0.52783644
0.9595439
0.958231
0.5416855
0.94315326
0.51312256
7.032438e-05
0.93432665
0.0005901696
0.43746242
0.0006438746
0.002515624
0.97221047
0.0007612808
0.96864915
0.5578003
0.00058582885
0.00025892188
0.00043625454
0.00047851139
0.9754193
0.00039863013
0.8826057
0.00045801763
0.43746242
0.49720028
0.79459625
0.982853
0.84489435
0.0007937923
0.80594397
0.00030297745
0.00080059917
0.00036854044
0.01565355
0.0036048703
0.8200291
0.43746242
0.43746242
0.00015022152
0.45771056
0.9729941
0.98019916
0.9799887
0.98539543
0.7832941
0.7253273
0.82758534
0.9872069
0.00019790474
0.5176367
0.5650862
0.0006110322
0.5965273
0.99139494
0.00046898788
0.98332757
0.00016627485
0.5397314
0.9780683
0.99500024
0.6106165
0.58412665
0.96650195
0.0002231679
0.00010797118
0.001099927
0.00012863308
0.43746242
0.4156652
0.00062766974
0.97669107
0.8747322
0.87738895
0.43746242
0.43746242
0.025301965
0.43746242
0.43746242
0.50104
0.0005438236
0.8893926
0.41337928
0.94351673
0.0007059957
0.34634662
0.98826516
0.97394335
0.5798817
0.0008361779
0.6374499
0.0020332315
0.7218686
0.0006219646
0.0007876397
0.00049358216
0.43746242
0.99028337
0.00067787577
0.0002366761
0.50521386
0.98339003
0.57117486
0.00012131657
0.9551425
0.7403883
0.9718927
0.0004952729
0.0002002058
0.9857307
0.0009393485
0.00052778795
0.43746242
0.47607937
0.5226392
0.43746242
0.00039347864
0.95854425
0.6051618
7.601486e-05
0.5302898
0.43746242
0.41263968
0.0007632549
0.9916191
0.9720837
0.0005444322
0.00032177195
7.221232e-05
0.6597985
0.002423655
0.8359787
0.43746242
0.56764644
0.00024307823
0.00035822808
0.9776013
0.9833757
0.99064004
0.6742929
0.48194247
0.9604087
8.5298496e-05
0.00041127764
0.00022535444
0.7594606