0.5392282
0.99998856
0.43699652
0.5345729
0.43687272
2.8497414e-05
7.570387e-05
0.9999939
0.43686557
0.712855
5.557005e-05
2.2159244e-05
3.907103e-05
0.43327966
0.99991727
7.0455746e-05
3.7060887e-05
0.9970957
3.0457148e-05
0.501763
0.9511535
1.3302506e-05
0.43691057
2.6766525e-05
7.2965813e-06
0.00013675792
0.49427176
0.9627947
0.43746635
0.99722666
1.3412925e-05
0.43688026
0.63507557
0.43683288
0.43671662
0.43250194
0.52076674
0.9938745
0.99988437
0.999964
4.290982e-05
0.49216628
1.891692e-05
0.43694282
3.1224237e-05
1.2468619e-05
0.53020847
0.913013
1.1044199e-05
0.99992406
0.9997837
8.688811e-05
0.99977225
0.998126
0.5118948
2.7647864e-05
0.5316221
0.00017941638
9.978034e-05
0.0002293444
0.5598708
0.99957126
0.5323766
0.43687525
0.9807736
0.82115215
0.55536014
9.248414e-06
0.91562784
0.55500233
0.99979895
3.7915277e-05
0.98495793
0.14921322
3.744124e-05
6.120413e-06
6.3588764e-06
0.5388414
0.4368543
0.43591097
1.555057e-05
1.9701296e-05
0.436962
0.99970514
0.9995602
5.5362023e-05
0.5391019
0.9997886
0.99908805
0.97983736
1.8192237e-05
2.9455065e-05
0.99973243
0.9979475
0.00016263216
2.204515e-05
0.9987822
0.9183181
0.9999989
0.99991596
0.43686745
0.4369616
3.111912e-05
1.47467e-05
0.43697193
2.2943168e-05
3.448772e-06
0.9844395
0.9983924
0.9984205
0.00015763995
0.43688637
0.9970005
1.7076587e-05
0.43477672
1.0835556e-05
5.4434106e-05
1.9533036e-06
0.99783117
0.6438287
0.9999988
0.99996734
2.6106034e-05
0.99996006
0.000106685635
0.999405
3.7332564e-05
7.62e-05
3.6617777e-05
0.94917023
0.99707484
0.9866775
5.6090797e-05
0.9878064
1.2499061e-05
2.983846e-05
0.12558827
0.99992955
0.43679082
1.1397644e-05
0.9990324
3.2756296e-05
0.89373213
2.354732e-05
0.9701985
1.0006867e-05
1.0093126e-05
0.3366348
5.7878548e-05
5.8492726e-05
0.9932747
0.9980565
0.4369318
3.7285994e-05
3.282152e-05
0.42794144
0.9999684
2.8768413e-06
1.8227265e-05
0.98931175
0.9999162
0.99997103
0.11916025
0.9993197
0.9937512
4.8930706e-05
0.5798758
0.50825894
9.423814e-05
9.906191e-06
4.9141086e-05
0.43693015
3.501477e-05
0.28685105
0.00031779349
6.013396e-06
2.7882963e-05
0.9999875
1.0006428e-05
3.1554708e-05
0.098638885
3.44265e-06
6.518568e-06
0.99993694
0.9852645
0.9966773
0.43695822
0.43691468
2.3439843e-05
0.9996406
1.811525e-05
0.9997174
0.99991596
0.9987643
0.00014438124
0.0002556028
0.4369408
0.9996625
9.987809e-06
1.9519423e-06
5.9474965e-05
0.9998504
0.99958056
0.98616076
0.999783
0.99993765
8.536807e-05
0.99995685
4.181397e-05
2.0827176e-05
0.4357848
0.4373133
0.9997174
2.6448035e-05
0.43688533
0.43698424
9.2631206e-05
0.044212837
2.9729477e-05
0.00021193082
1.8301918e-05
0.9999633
2.8822053e-05
1.8111448e-05
5.141509e-05
0.99974364
0.99428743
2.7974373e-05
0.436924
5.469469e-06
0.9995253
0.436881
0.25782967
0.4369045
0.50932795
0.4264072
0.99990594
0.99998796
5.1119358e-05
1.6488706e-05
2.3456481e-05
5.305512e-06
0.9999051
0.97551924
0.9325523
1.5473837e-05
0.4369362
2.178531e-05
0.4368081
0.27542874
0.9999777
1.9568759e-05
0.69957453
0.06572475
1.6545791e-05
9.714904e-06
0.9906159
0.909427
0.99576294
0.99993646
0.9999479
0.00013198522
0.99997807
0.9987772
0.51460797
2.7443857e-05
2.4073528e-05
3.7424426e-05
0.4111164
0.9998516
0.43690813
0.39202634
2.9514533e-05
5.4249413e-05
0.89873296
0.44082278
0.40761074
3.8367314e-05
0.99177086
0.99199367
0.9999802
0.999992
2.461537e-05
3.0859384e-05
0.99875
0.9983028
0.43368763
0.9998559
6.5038953e-06
0.43723223
0.5988402
0.99981815
0.5124271
2.1389313e-05
0.9998703
2.5723768e-05
0.4889696
0.99867404
1.7999835e-05
0.99907947
0.43696266
3.636645e-05
0.15504952
0.9996481
0.9999573
5.994387e-06
0.5368431
1.2946513e-05
0.9984812
1.907556e-05
0.00021431725
0.62244445
0.99998546
0.99834406
0.99979
4.5029305e-05
0.00048918097
7.2870407e-06
0.9843009
4.0810624e-05
9.225986e-06
0.0003398502
8.110612e-06
4.775389e-06
0.9999819
0.5202453
1.4575205e-05
6.118149e-06
0.4369259
0.96826684
0.47074938
3.6261867e-05
0.9993075
0.999985
0.49353346
0.4368793
0.99993944
0.99976414
0.00010668045
2.4756124e-05
1.8787996e-05
1.7985645e-05
0.9993223
0.4346573
0.99953985
0.46241212
0.6124014
0.98878235
0.9999317
0.99945515
0.9943058
6.7372166e-06
0.999936
0.4322522
0.994888
7.940704e-06
8.687813e-06
0.53277564
0.9999304
0.5621982
6.019907e-05
0.9937382
0.00031660378
3.1569816e-05
3.06285e-05
0.4369653
0.99231297
0.00010754844
6.4124056e-06
0.43690807
0.43689218
1.345224e-05
0.9998629
1.690348e-05
5.4137195e-06
1.0975068e-06
0.9988423
0.8809111
6.949149e-06
0.00026709063
0.99993265
0.99393046
0.93400604
1.2163548e-06
0.0015012143
0.93298113
0.9990338
0.3845924
7.097188e-05
0.9966299
0.5711346
3.2675085e-05
3.8256137e-05
5.8628085e-08
0.43683642
0.9988279
0.99318975
2.6410882e-05
1.7293587e-05
5.310996e-05
6.816424e-06
0.8766287
0.99966276
0.38198698
0.4922103
0.43331906
0.9999771
0.998635
0.9995846
0.43710026
0.9957509
0.43695232
0.9728957
0.99994385
3.4308443e-06
2.2739217e-05
0.99012136
4.25096e-06
0.99986887
0.00020897014
0.00018089366
0.4369231
7.4815543e-06
1.0877125e-05
0.98941517
0.99999654
0.99988985
0.43693697
6.638968e-05
0.0011378012
3.5554418e-05
0.9989785
0.43840662
0.20153834
9.3644485e-05
1.1399362e-05
0.99999726
0.51553774
0.9741978
0.4350769
2.7002345e-06
6.2491017e-06
2.3292196e-05
0.9984321
0.99998295
7.616927e-05
0.99944705
0.9990108
0.4368204
0.9999392
0.99923766
0.43727934
0.9707892
2.0894595e-05
0.433917
0.00035822295
0.9997427
0.98552203
9.304484e-06
3.4399654e-05
0.9991252
0.9999901
1.7111354e-06
0.93760276
3.9304374e-05
0.9999249
0.994919
0.29072857
1.6668437e-05
1.7817913e-05
0.43690103
5.6039902e-05
0.99996686
0.5680973
3.1205214e-05
0.9785267
0.9818227
9.497801e-06
0.99858594
9.5668736e-05
1.2761221e-05
0.43668076
0.43785828
0.9989618
1.4894909e-05
4.7177473e-06
2.6130467e-05
0.99989474
0.9968094
0.4369165
0.4973268
0.80770814
0.99993813
0.99594057
0.4385803
0.4412014
0.9999764
2.9306284e-05
4.279923e-06
0.5156639
0.4358048
0.99995697
2.9705048e-05
2.3376557e-05
0.9951244
0.99968886
2.0561934e-05
0.43687162
1.1434246e-05
0.5711599
2.5304736e-05
0.98232526
3.5712605e-05
0.9999068
0.43689075
0.4370343
0.5528292
1.481106e-06
3.5854162e-06
5.012039e-05
0.5580349
0.37065423
1.6474138e-05
0.9998859
0.99996924
0.95343846
0.43690094
4.1692006e-06
0.99940217
2.4437912e-05
0.9374331
0.43687153
5.2904183e-05
0.4315077
4.1205363e-05
3.889141e-06
2.3149145e-05
0.4369669
8.099559e-06
0.53685737
0.43688095
0.99975485
0.4369675
0.9944143
0.436874
6.332188e-05
2.9783412e-06
1.4872114e-05
0.00011911351
0.9988311
0.00020601878
9.732588e-06
0.43700454
0.99808913
0.9999925
0.43678868
3.803348e-05
1.7094194e-06
5.2480086e-06
0.99991906
2.5298375e-06
0.9999598
0.44189882
0.4367442
0.9996039
5.1052615e-05
0.99879754
0.9804067
3.607286e-05
0.99993896
0.98151886
3.7620441e-06
0.5119241
2.1953909e-05
0.9999776
0.99014485
0.999984
0.95912105
0.9979225
2.6488495e-05
1.855504e-05
1.0334032e-05
6.4064398e-06
0.00037720526
0.9986512
0.10811318
4.7025023e-05
0.7405818
7.974355e-05
0.9997491
0.00013983448
3.3136967e-05
0.026118914
0.43734393
0.5370996
3.0511512e-05
6.9991374e-06
4.000974e-05
0.9982522
2.377048e-05
0.99999774
0.99991584
0.9638936
8.5102285e-05
0.66386145
2.2698747e-05
0.43700695
0.4369456
0.00029452523
0.5495121
6.2544855e-06
0.27813587
8.833448e-06
0.997297
0.43368638
4.3273125e-05
8.9602574e-05
6.5621102e-06
0.99880004
0.99991596
0.99830735
0.42560482
0.0001504734
0.991623
0.45128936
0.9991523
3.1191586e-05
0.9824294
0.6231156
0.43689507
1.742819e-05
0.43695664
0.99995875
0.9997708
0.0011016184
0.99958736
0.99800867
0.00012556708
0.0002264538
1.2557103e-05
0.9848487
2.777781e-05
0.42529634
0.9998958
4.2701227e-05
3.679933e-06
6.539912e-05
0.00020108085
0.53793293
0.9418261
0.9999813
0.9928375
0.43696356
0.55293405
1.0069935e-05
0.9987412
0.99941516
0.9999962
1.802459e-05
4.5103352e-05
0.4369882
1.743361e-05
0.99981505
0.4693789
2.0793834e-05
0.97153
7.4490686e-06
4.6720247e-06
0.9997253
0.42735222
0.51805735
0.99634355
0.0001512424
0.88057023
0.9736168
0.9998166
0.13353832
9.74891e-06
0.9996387
0.9942942
0.5214939
5.039819e-06
0.51746744
0.9999738
0.9779749
0.9997893
0.9931932
0.9995185
0.9992287
0.00052529835
0.00055723387
0.9567162
3.428444e-05
0.0017814772
2.3087876e-05
2.5193109e-05
8.720212e-05
4.867117e-05
0.9998677
0.34936464
0.4369357
0.53047395
0.9998306
0.00031500356
1.496289e-05
0.9999641
4.4465312e-05
0.9998678
0.99988925
0.5269596
0.49472082
0.99644655
3.488492e-05
0.00044563858
0.9999924
0.43692204
1.2483277e-05
0.99984705
7.855659e-06
0.47850832
8.782412e-06
1.846813e-05
0.78898937
2.4330373e-06
2.0261507e-05
2.1684054e-05
0.0002691859
0.43689114
1.9476733e-05
0.00029002782
0.931432
0.9991978
0.432455
1.4846733e-05
0.9960472
1.2292088e-05
1.0877311e-05
0.9999503
0.5381596
3.3194818e-05
0.50754136
0.4369228
0.99939096
1.8748724e-05
0.9999999
0.32641467
1.3104844e-05
0.43691123
0.0008313595
0.43681192
2.6286803e-05
3.161471e-05
1.8071438e-05
0.97350425
0.45148337
2.9160785e-05
0.98434454
4.4467262e-05
8.286576e-05
0.43707156
9.140973e-06
0.99697757
0.53927785
0.8402648
3.7361773e-05
0.00054577243
7.7379e-05
0.98050904
1.1385607e-05
0.99906236
7.5233743e-06
0.0059224023
0.5587635
2.4458337e-05
3.188243e-06
0.99949396
0.9999206
0.4272961
0.99975425
1.0736469e-05
2.4322984e-05
0.9945866
0.34393477
0.8294278
1.2303618e-05
0.99981564
0.99998605
0.50504947
0.9999833
0.00020882992
0.999956
0.95052594
0.9997974
9.655278e-05
0.00020694055
7.2019316e-06
0.43278235
4.080825e-05
0.99998593
2.615283e-05
0.9999994
0.43703052
0.884504
0.99998796
3.1883297e-05
2.678141e-05
3.177169e-05
0.49969083
0.9978073
0.9997974
0.99999213
0.5715324
0.5119825
0.98139775
1.0686415e-05
0.43680543
0.8927929
0.7545818
1.1692924e-05
0.99926716
0.9903322
0.9999522
0.9996124
2.744391e-05
2.5097908e-05
0.9953033
0.9999956
3.899778e-06
0.35340393
0.43688974
0.99999213
1.4164444e-05
7.404065e-05
0.9996489
0.9970861
0.043723807
0.9979984
0.9948807
1.54507e-05
3.819941e-05
5.589729e-07
0.99997175
0.99999857
0.43730074
0.99998903
0.52268237
0.99971026
0.999992
0.9981844
5.3383246e-05
0.00010696505
0.9999434
2.6000092e-05
7.476811e-05
5.0979448e-05
0.6577824
2.2089835e-06
4.503227e-05
1.0807959e-05
0.4369145
0.99998105
0.4371707
0.9665707
5.2446914e-05
0.546219
0.00038989182
0.4285898
0.0011718939
4.6555005e-08
3.4899127e-05
3.2804594e-05
0.34068078
0.43683687
0.97358376
6.964215e-06
0.9998292
0.43690383
3.6205336e-05
3.6823687e-05
0.10748564
0.5316313
0.43689525
0.34848812
7.239511e-05
0.43692297
6.2095783e-06
0.58473396
0.4368772
0.14932226
0.43685323
0.43456706
0.99999845
3.6366313e-05
0.99994314
0.9991215
0.95140916
0.98911124
3.8949085e-05
0.9998253
0.99980325
0.21842803
7.0637525e-06
0.99963963
0.34112218
0.99463034
0.3095193
6.9846654e-05
0.5293104
0.999305
0.43691838
0.99933785
4.1897394e-05
3.9526178e-05
1.9146346e-05
0.13411956
0.9999273
0.5235594
0.4369469
0.5767142
0.99338114
1.8169223e-06
0.9999194
0.9999002
0.8226772
0.98654556
0.6357739
0.43684834
0.00028146297
0.9997619
0.4368515
0.99982315
0.4370405
0.9999584
0.523146
0.9854106
0.99972206
0.00033023488
0.5310948
0.9994425
1.14099985e-05
0.9995105
2.9830753e-05
3.9964212e-05
9.315662e-06
2.907576e-05
0.4369089
1.5878019e-05
0.5455862
0.5138185
0.9993882
0.00013300807
0.9571582
0.5740907
0.0002785632
4.2639498e-05
0.9983047
0.9633774
0.43686816
0.9652123
0.99777275
0.99922204
7.154246e-06
0.9996196
1.7766928e-06
0.99262893
2.1055079e-05
8.652456e-05
0.43696192
0.99890876
5.604954e-06
0.9999572
0.43692762
0.9987534
0.43689373
5.548083e-05
0.9846848
0.9999678
2.1121747e-05
0.99993896
0.999731
2.6115222e-05
0.99610317
4.917231e-05
9.485762e-06
0.43698987
0.42134997
0.77135265
0.3724596
0.5422068
0.5214525
0.9842429
0.43690035
0.5637042
2.8404813e-05
0.7587003
0.43692374
0.43684524
4.5502413e-05
2.8827906e-05
0.9852964
0.4369072
0.5171038
1.6033298e-05
0.999275
0.5175155
1.4320478e-05
0.99974173
1.0748251e-05
0.4368196
0.9962717
5.651216e-05
2.056223e-05
0.9992712
0.99991894
0.43686545
0.107148916
0.59101003
1.0734617e-05
0.4368601
0.9999019
0.43832305
0.43696806
0.00017099192
8.257062e-06
0.43697745
0.43717116
0.436483
0.98831636
0.99955505
0.9516734
1.0115665e-05
0.43678746
0.9674045
7.47024e-05
1.9851439e-05
0.95865434
5.972708e-06
0.9977189
0.9999858
0.999966
0.9999652
7.0337114e-06
4.326842e-05
0.8788854
0.9999889
0.99903834
0.9995969
0.52858645
0.4369393
0.9999993
2.192031e-05
0.9995602
0.9992211
1.0820572e-05
2.8023476e-05
3.7331676e-05
3.3893834e-06
0.86560094
0.9769325
0.9905404
6.683184e-05
0.99992454
0.0001208486
0.5445433
1.9844567e-05
0.99967885
0.9994167
0.99829966
0.9998734
0.99894196
1.1355951e-06
0.4369769
1.3768935e-05
0.8791407
0.96722454
0.51417696
3.016908e-05
0.9999919
0.99991584
0.56659615
0.00012048707
0.99996316
5.6785993e-05
0.99767643
0.9996574
0.9998555
8.92473e-06
0.43694735
0.9978947
0.00040157486
1.6252301e-05
1.21270405e-05
0.9997055
8.849757e-05
0.08556079
0.99877614
0.62051547
1.9357556e-05
4.184365e-05
0.8795061
0.9978389
3.2908054e-05
0.9993579
0.50069577
1.3663206e-05
4.940474e-05
1.4048974e-06
1.0490613e-05
0.9974146
0.43696073
0.0010788805
0.9830273
0.98691446
8.9143636e-05
7.329998e-05
0.9990584
6.034644e-05
0.8748157
1.5415097e-05
2.6477761e-05
5.685925e-05
6.051564e-05
0.9910362
3.107461e-05
2.2492979e-05
0.9991093
3.3889584e-05
7.682778e-05
0.53684086
0.0068048947
1.818608e-05
3.8284677e-05
0.43679246
0.43687576
0.99930453
0.99199086
0.9983626
4.845836e-05
0.94006187
6.83793e-06
0.9987777
0.00022852911
0.99999523
0.9957495
0.9997538
0.9889361
3.4151824e-05
6.565613e-05
0.43696573
0.8890619
0.43688342
0.58502203
0.055444274
0.3219609
0.4369165
0.5084591
0.6480946
0.43692064
0.75179434
0.92706263
0.9999758
0.53541005
0.99831855
2.1303742e-06
1.33029125e-05
0.99316835
4.7757556e-05
0.00042846688
2.3624492e-05
0.000119850076
0.883271
0.99504256
0.9999988
0.9981341
5.514951e-05
0.999964
0.00015974125
4.268368e-05
2.220157e-05
0.99373394
8.543698e-06
2.9232484e-05
0.43686688
0.9999205
3.627712e-05
0.43689093
1.2615654e-05
1.7209337e-05
1.2263894e-05
1.1100342e-05
1.9769652e-05
0.9996105
6.1486855e-05
0.9986576
0.0014201014
0.43684247
5.6614963e-06
0.9981681
0.30911666
3.1896132e-05
7.126968e-05
0.99995315
0.99586785
4.7939375e-06
1.927523e-05
1.0404202e-05
0.43689156
0.56184375
0.99987805
2.5383129e-06
0.99975485
0.8652676
0.9993352
6.957756e-06
0.9999219
4.200329e-05
1.0765567e-05
0.4436037
0.9998909
3.1161973e-05
0.43692395
0.99917394
2.4986406e-05
6.467461e-05
7.3928204e-06
0.0001323204
0.9999813
0.99489486
1.0436906e-05
0.42708558
0.99983585
7.183192e-06
0.4999231
0.9998758
8.2451015e-06
2.8150114e-06
0.99985015
1.1604642e-05
1.3346116e-05
0.9992823
0.43690494
0.999995
3.8046648e-05
1.5657473e-05
0.00012972481
8.376135e-07
0.0006965419
0.9996705
0.42819396
3.591493e-05
0.4369587
0.999537
0.56483805
0.99725974
0.5087844
1.316301e-05
3.2767137e-05
0.996698
3.0784904e-05
0.436875
4.409141e-05
0.4369195
0.99942267
0.43680352
1.0455788e-06
0.99993145
0.43694144
0.00010035307
0.3768205
0.9946509
0.9872457
4.5251258e-05
0.9836231
2.647352e-05
0.43696734
0.43718657
0.99833125
2.9660609e-05
0.5532925
0.994949
2.946085e-05
4.809342e-06
0.9998386
7.310864e-05
0.9999883
7.264393e-06
0.99023575
0.43690556
0.00017453634
0.99873203
2.5990597e-05
7.241678e-06
0.50867957
0.9996562
2.3855777e-05
9.0873946e-05
0.99998057
0.51723504
0.99885416
0.9987344
0.53091526
0.9971111
0.5260404
1.9220915e-05
0.99973804
3.7293532e-05
0.44029585
1.8463023e-05
0.0001235183
0.9999882
3.1922726e-05
0.9985411
0.5492198
2.8914608e-05
2.4870395e-05
1.3051649e-05
5.7018347e-05
0.9983683
3.529217e-06
0.99951434
3.0990384e-05
0.43682334
0.53022116
0.98759776
0.99933356
0.9860049
0.00020313547
0.96961325
1.6340404e-05
0.0001584033
2.3895645e-05
0.00014796328
4.486124e-06
0.9805387
0.4369255
0.4368639
2.5358013e-06
0.05970654
0.9992556
0.99982065
0.9980837
0.99912673
0.99442625
0.7306793
0.9946795
0.9975891
8.5900654e-05
0.8814304
0.554828
2.7523534e-05
0.50975853
0.99956506
1.9843772e-05
0.997999
4.6084744e-05
0.5432973
0.9999963
0.9998105
0.5675782
0.5657571
0.9989976
1.1843451e-06
2.1061222e-05
7.336446e-05
9.0902635e-05
0.4260051
0.00070481724
2.5425636e-05
0.99958104
0.9950244
0.803021
0.43686342
0.43701947
1.5574864e-05
0.43687472
0.4372065
0.45062664
2.2116872e-05
0.99821645
0.0005232221
0.9993631
5.386137e-06
0.019124534
0.9999243
0.9987984
0.560652
3.944631e-05
0.68172777
0.000113931994
0.7150318
2.7268572e-05
0.00013192205
1.9792478e-05
0.43687055
0.9997719
3.7965747e-05
3.6307956e-05
0.52424264
0.99999094
0.5573521
7.2557455e-06
0.9993888
0.95717555
0.9999918
2.2453354e-05
1.2348486e-05
0.9998946
5.842867e-05
8.236889e-06
0.43680438
0.51517
0.52060115
0.43699262
0.00010011946
0.98328674
0.5060712
1.1345709e-05
0.53724265
0.43692487
0.00046903058
1.3741912e-05
0.9999932
0.9969639
8.061294e-05
2.8494671e-05
4.5578323e-05
0.9913727
0.002323765
0.9873695
0.40115127
0.54140425
4.7281515e-06
9.862174e-05
0.9999174
0.9999523
0.99986684
0.5738603
0.04931873
0.99991775
3.39304e-05
5.010208e-06
4.1670737e-06
0.9970469