0.4782069
0.99994147
0.46650454
0.47574311
0.46112302
0.0009818526
0.0014523608
0.9999448
0.46333557
0.9555746
0.0009547622
0.0015776865
0.00092052016
0.4666591
0.9996697
0.00059437455
0.0007536548
0.5900435
0.0012099342
0.4730889
0.90894216
0.0032430675
0.45385396
0.0008031654
0.00060529896
0.0034148116
0.4725101
0.9722821
0.46605697
0.99975413
0.00050468533
0.459882
0.9309911
0.46695867
0.46392447
0.44339755
0.47511846
0.99705255
0.9999646
0.99943
0.00049985584
0.4726803
0.0011722333
0.4649727
0.00071458454
0.0013833914
0.4770407
0.9654862
0.000642891
0.99990714
0.9890343
0.0009603497
0.9981171
0.99830866
0.47015443
0.00012848548
0.4761759
0.0005121432
0.00091008685
0.002826118
0.47845876
0.99959916
0.47894123
0.46910927
0.94447404
0.86680627
0.47731245
0.0024468994
0.9358257
0.47705704
0.9994899
0.0007086218
0.9317989
0.17719236
0.00026662552
0.00083240814
0.00094286166
0.476306
0.46949312
0.4367208
0.0008034158
0.0010046719
0.44806767
0.99772924
0.99959236
0.00084757304
0.4810425
0.9986827
0.99920565
0.9949687
0.00071407703
0.0010062299
0.9996878
0.99485177
0.0015155568
0.0038302613
0.9996898
0.9713628
0.9998574
0.9998616
0.4685111
0.46936303
0.00073188235
0.00053545355
0.44675872
0.0070745354
0.00076373
0.9812759
0.99965763
0.99977773
0.0019710034
0.46956864
0.99910563
0.0030370269
0.451246
0.001362121
0.0011994953
0.0018746699
0.99886227
0.8897352
0.59929127
0.9976792
0.018068993
0.99997723
0.00078981294
0.99907196
0.0006335685
0.0026618429
0.0009211588
0.9903044
0.9994821
0.990458
0.0004174011
0.98811173
0.0021838997
0.0008633145
0.7250796
0.99998283
0.46815503
0.0026066864
0.9996339
0.00081474043
0.99375653
0.00068543054
0.97101283
0.0015090766
0.0007464542
0.40944135
0.00046729372
0.0064850734
0.9997334
0.95788455
0.46725976
0.0026400627
0.0012879014
0.441154
0.9998945
0.0003825834
0.0005242754
0.94223297
0.9999399
0.9991221
0.036987245
0.99954635
0.99955815
0.0007676113
0.4790977
0.47909218
0.00024241488
0.00084933586
0.0012000604
0.46320024
0.005805787
0.63403475
0.0017294703
0.0011520737
0.0017987946
0.99989045
0.0006084159
0.000747874
0.43975896
0.00047366106
0.0064409524
0.99998486
0.97874993
0.99615854
0.44894543
0.46580026
0.00080756366
0.9956287
0.0005889562
0.99965966
0.99976045
0.99937266
0.0017787768
0.0001939441
0.46584842
0.9946525
0.0001386434
0.00055446645
0.0030980515
0.9979759
0.9996917
0.9981117
0.9989448
0.9999865
0.0011399019
0.99969447
0.0024764875
0.00025099886
0.44416752
0.43574744
0.9998292
0.0005364796
0.46947208
0.45972216
0.00042037677
0.21501613
0.00052633684
0.00076651556
0.00087378966
0.99992144
0.00049427757
0.0009689305
0.0018907667
0.99923
0.9888737
0.0011042147
0.46259803
0.000751572
0.99889743
0.46362382
0.64301693
0.46949065
0.47739905
0.46724695
0.9998124
0.99991333
0.0011110251
0.0010347072
0.00077551743
0.0031186473
0.99991703
0.99403507
0.9841977
0.00049510534
0.44380093
0.06957308
0.45595777
0.5845493
0.99998116
0.0006493859
0.92970186
0.00067811034
0.0006435623
0.00094422494
0.99550253
0.98352
0.99634546
0.99938166
0.99989784
0.00048597436
0.999777
0.9991099
0.8923599
0.003847806
0.0013922215
0.00068967993
0.3338017
0.9992478
0.46104944
0.04421391
0.0010198685
0.0007800727
0.98947316
0.45552847
0.7432703
0.00092950003
0.9958758
0.98571104
0.99996936
0.9997917
0.00046938215
0.0010945648
0.9999529
0.9987765
0.43849158
0.9999044
0.00047480746
0.46234596
0.8136985
0.9999285
0.47291064
0.00036177
0.99605465
0.00077309937
0.7397596
0.9977361
0.0027818033
0.99734676
0.46985054
0.0005977901
0.5158368
0.99820745
0.9997904
0.0028205346
0.4781863
0.0006441259
0.99982965
0.00059428334
0.00056182884
0.65798724
0.99953175
0.9986804
0.99500954
0.00079656293
0.0009341688
0.0011528236
0.98336893
0.00094979786
0.0009251958
0.0015402987
0.00077581604
0.00026613308
0.9993451
0.47652507
0.0054115076
0.00067651883
0.46940905
0.9974935
0.87094486
0.0007588689
0.99943095
0.9998832
0.48644376
0.46641997
0.9999305
0.9999498
0.0010333518
0.0011157633
0.001261118
0.000578162
0.99962056
0.4114337
0.9997451
0.73557645
0.91930145
0.99841666
0.99997675
0.99848926
0.9946912
0.00053379155
0.9995437
0.40998748
0.9921927
0.0015603297
0.0015354854
0.47664678
0.9998988
0.7049037
0.01319494
0.97799164
0.0005983633
0.00054286106
0.023099598
0.45655468
0.9757568
0.00033590544
0.00030978184
0.46929747
0.46283767
0.000539292
0.99956435
0.0020320737
0.00065800257
0.001710278
0.99947554
0.9281698
0.0009540007
0.00065314164
0.9971962
0.95954764
0.9613992
0.00663308
0.0071334923
0.9524101
0.9983681
0.4085162
0.0007684793
0.9990728
0.4809069
0.0006194167
0.0011049102
0.082755275
0.46566635
0.9995522
0.9924275
0.0010705527
0.0014255118
0.0010137057
0.0024900995
0.9879474
0.9994081
0.41255873
0.47425997
0.4648879
0.99928135
0.99914587
0.9994179
0.45723355
0.98905843
0.4370866
0.99628663
0.9998772
0.0006652514
0.0006945225
0.9842939
0.0006797813
0.9997353
0.0005619582
0.00043941464
0.4574421
0.0014057022
0.0010126401
0.99701536
0.99998045
0.99974793
0.4104647
0.0008900054
0.0014433489
0.00093073194
0.98890454
0.4389258
0.03704682
0.0019371749
0.0003965907
0.99966586
0.47368506
0.9106931
0.44241846
0.00053345173
0.00038133172
0.0007272176
0.99894744
0.99984765
0.00068634277
0.99915934
0.9874551
0.46847504
0.99993336
0.9970221
0.4679859
0.9388124
0.0004003662
0.50824445
0.0008845937
0.9989201
0.9262106
0.0008511121
0.0005552449
0.99920636
0.99995327
0.0005942415
0.9734691
0.001534625
0.99998677
0.99799913
0.47498116
0.0006581113
0.0006917399
0.46841228
0.0013409856
0.99748933
0.47635934
0.00075674464
0.9928948
0.9929636
0.00017303637
0.99935013
0.0010724309
0.00079946284
0.4562601
0.46562025
0.99956125
0.0009397845
0.0009543034
0.0008213553
0.9997713
0.9998605
0.46982396
0.47326526
0.8678587
0.9999883
0.9980261
0.46583208
0.4687418
0.9999374
0.000754525
0.0009937661
0.47376296
0.4428975
0.9999298
0.0008601291
0.00094875286
0.9941005
0.9995229
0.0015181568
0.42570004
0.00040084028
0.775209
0.0008032955
0.9488417
0.00021978776
0.99980265
0.46448755
0.44408593
0.48192763
0.12987325
0.000817514
0.0010591596
0.48865527
0.52948403
0.00040152756
0.9912724
0.9999572
0.9585898
0.46584672
0.00089870975
0.9821509
0.002352746
0.9947789
0.45723256
0.00090371794
0.4109538
0.0012156814
0.00044241073
0.0001839706
0.4678171
0.0017744157
0.47798795
0.46646583
0.99656516
0.44475135
0.99557745
0.43491998
0.0021096657
0.00075980666
0.0019839015
0.0013376386
0.9958619
0.0007394003
0.0019010196
0.46887946
0.9990514
0.999962
0.46795657
0.0006621832
0.0007105556
0.0032838008
0.9994475
0.0005222328
0.99990904
0.4600976
0.4506874
0.99818254
0.0013467745
0.9977452
0.99983037
0.00070291525
0.9851848
0.99425226
0.0015889897
0.47909245
0.00038990148
0.99993837
0.99850166
0.9998198
0.99743265
0.98730963
0.0013035155
0.00078542717
0.01858295
0.00057307346
0.011834777
0.9947745
0.72781956
0.0011885172
0.7314327
0.0015021132
0.99793446
0.00036024436
0.00074788294
0.0003062139
0.30335495
0.4789316
0.0003166439
0.0013183659
0.0007223433
0.9979327
0.0011986746
0.9996753
0.99904436
0.95491475
0.0007049667
0.9195177
0.00075837696
0.4663342
0.4658785
0.0006815454
0.4774729
0.0006559861
0.97317386
0.0010797591
0.99884737
0.74618155
0.0010696582
0.0013432992
0.00091078784
0.9994242
0.99970007
0.99483323
0.4104958
0.006808621
0.85200924
0.45810354
0.9998965
0.0011963482
0.9703629
0.8851138
0.46580213
0.0010524192
0.45899916
0.76886433
0.9997002
0.00030140384
0.99991477
0.99659014
0.007914222
0.0028964696
0.00043593757
0.996615
0.00037379187
0.8824157
0.9989489
0.0007300079
0.0005831756
0.0010418652
0.0014331697
0.47776935
0.9863484
0.9970886
0.9921124
0.4667849
0.7431295
0.0012521733
0.99959534
0.99789125
0.9996772
0.0008824243
0.0015308027
0.4410565
0.00045172707
0.9998392
0.85937566
0.0028029003
0.96786815
0.00044125103
0.0004762248
0.99516666
0.40970302
0.4774759
0.99937123
0.000962053
0.9924264
0.9928698
0.99991083
0.63814455
0.00097513443
0.99959785
0.93239874
0.39716926
0.002988208
0.62294257
0.99911207
0.992777
0.99766207
0.9881174
0.9999541
0.9980882
0.00049581827
0.0011094619
0.9516841
0.00068107725
0.00068104
0.0009775818
0.00036889667
0.001278668
0.00066677
0.9993906
0.6822098
0.46208176
0.47414514
0.9998512
0.0011757094
0.0007167584
0.99970055
0.0016945291
0.9996942
0.9999753
0.4775341
0.47677574
0.9986798
0.00070544623
0.0007218616
0.9996239
0.44730282
0.0005593331
0.996274
0.00041903908
0.7847337
0.001331592
0.001027125
0.9632811
0.00061612396
0.0006523249
0.00051287055
0.00059766194
0.46316022
0.00093577895
0.0018486336
0.94993716
0.999348
0.44312003
0.00064057304
0.9977041
0.00064167747
0.000484804
0.99982375
0.5024772
0.00068786327
0.4739106
0.46532515
0.99819994
0.0012332916
0.999967
0.34449512
0.0013570117
0.46364477
0.0005098534
0.46909687
0.00078620703
0.0011269941
0.0006148302
0.99064684
0.47512093
0.00042490504
0.9757608
0.0019171789
0.00089290435
0.46298036
0.0005525592
0.9974921
0.47886404
0.982129
0.0007787677
0.0030856805
0.0025540371
0.98445547
0.0020566804
0.9993358
0.0029974182
0.0029055343
0.4773927
0.0011002136
0.0006271689
0.99638295
0.9994035
0.4084903
0.9997454
0.0012854573
0.0013741918
0.99652976
0.14372565
0.9762091
0.0004380324
0.99980503
0.9989191
0.4747813
0.99987185
0.0011940486
0.9994873
0.95112485
0.99916804
0.0015803018
0.00154815
0.0005968758
0.4132689
0.00079454447
0.9999721
0.00065228785
0.9996165
0.46714273
0.96928775
0.99978393
0.001007918
0.0015312583
0.0016304007
0.79955554
0.99754083
0.9976266
0.99998283
0.48476186
0.4217931
0.92345905
0.0008591355
0.4697214
0.9923819
0.8392299
0.0006113732
0.99895203
0.9971623
0.99996686
0.9998142
0.00077190466
0.0026464928
0.99470973
0.9999684
0.0016150521
0.75672776
0.46918324
0.9989435
0.00032696183
0.0036267478
0.99991095
0.9980915
0.19889747
0.98782396
0.99837214
0.00043928038
0.0011079953
0.009046822
0.9999031
0.9999521
0.44159448
0.9998715
0.47441962
0.999848
0.9999305
0.99700195
0.00080933166
0.04984464
0.9985245
0.0014970567
0.003269023
0.0010197359
0.97301924
0.00059495156
0.00053292577
0.00044193445
0.46528974
0.9999198
0.4661689
0.9777845
0.0025355106
0.48055795
0.0016948937
0.40805492
7.2990963e-07
0.005644943
0.0003943925
0.0009634982
0.8000453
0.4669704
0.99628484
0.0008340246
0.99788994
0.46732995
0.012718102
0.0012737287
0.767266
0.47924775
0.4627514
0.84123695
0.0058543882
0.44524366
0.000628415
0.58661324
0.46943036
0.38485226
0.46616492
0.46831542
0.99993396
0.00091211
0.9990403
0.9939031
0.98382646
0.94501275
0.0013181694
0.96157104
0.99994004
0.20212196
0.0039175726
0.99901664
0.6522795
0.9961992
0.036615163
0.0015184206
0.4722743
0.99616206
0.4659526
0.99865085
0.000633894
0.0016985597
0.001278137
0.38450643
0.9997985
0.47644722
0.44354534
0.48204452
0.99934787
0.00064240745
0.99995494
0.99988914
0.99675924
0.99476373
0.9861041
0.45602182
0.00065502553
0.99978524
0.46649498
0.9977465
0.46904537
0.9998443
0.47520897
0.9956749
0.9999281
0.0019151552
0.47564223
0.9996209
0.00047199026
0.9998184
0.000664201
0.0007480757
0.000896915
0.0009765113
0.46760076
0.002918829
0.4822294
0.47284707
0.9995814
0.0004824166
0.9577823
0.63624525
0.0006516892
0.0011337769
0.994273
0.9797895
0.47002664
0.9423527
0.9986487
0.99951303
0.0008187052
0.99924755
0.00026538156
0.9937981
0.0013377711
0.00079456874
0.46306512
0.99317026
0.0007979331
0.9992576
0.43956485
0.99135935
0.453077
0.0013376971
0.9197667
0.9991375
0.00082288287
0.99643576
0.9989178
0.0006881974
0.9885898
0.0024999827
0.0008862701
0.46935904
0.40543553
0.9188341
0.42148522
0.47795504
0.47018498
0.9833139
0.45793593
0.47932228
0.0012959458
0.98817307
0.4657077
0.4419359
0.0008218838
0.0005097543
0.9997186
0.46679953
0.40909767
0.0006906797
0.99527764
0.21328796
0.0005537442
0.9996057
0.00073941686
0.46866643
0.9965848
0.00023092555
0.00094628154
0.99707544
0.99994075
0.46890986
0.34129816
0.47922242
0.00042727918
0.4691319
0.9997186
0.46092695
0.44676918
7.650646e-05
0.0010887599
0.44068822
0.46693268
0.45033032
0.9968876
0.999338
0.9822006
0.0057000075
0.46838862
0.9767372
0.0026101922
0.00043676238
0.8776991
0.0008913606
0.9992367
0.9999573
0.99991226
0.9999324
0.00055057806
0.0008405669
0.9587443
0.99981314
0.99833834
0.98015964
0.47624004
0.4561796
0.9128302
0.00013671698
0.9993217
0.9994886
0.0024230175
0.0009043166
0.0021423125
0.0006088623
0.9824881
0.98930395
0.95960456
0.0005852267
0.99990356
0.0011162366
0.47738042
0.0007248648
0.9993843
0.99786794
0.9941577
0.99973196
0.9996841
0.031798963
0.44470847
0.0006701359
0.99535984
0.99715036
0.44334617
0.00079498306
0.9999497
0.99991643
0.48300695
0.006571754
0.9992151
0.0005385371
0.9970368
0.985885
0.99923337
0.0012749941
0.44266602
0.9997849
0.001969115
0.0029573767
0.00072978734
0.9998411
0.0017716492
0.5272319
0.99905294
0.9764672
0.0008137038
0.0020800778
0.9785004
0.9999291
0.0016199049
0.9998963
0.4635075
0.00065021886
0.0020269454
0.0043727183
0.0035474875
0.9996247
0.44501957
0.0018599143
0.97992283
0.9964908
0.0003818241
0.00019255183
0.99898595
0.002004203
0.91146076
0.0004396287
0.0008243729
0.0017015728
0.00090532535
0.967845
0.001655825
0.0007571454
0.9983772
0.002081146
0.0032450627
0.4693375
0.3854962
0.00060676207
0.00087103987
0.44985837
0.46533418
0.9976174
0.9986834
0.99990726
0.00071470847
0.9914948
0.00043078492
0.9990538
0.0011342636
0.9985511
0.99934834
0.9995135
0.9944577
0.00081173173
0.0009211229
0.4680648
0.9034939
0.4615442
0.7374019
0.21023686
0.72137696
0.46273622
0.38677034
0.64819705
0.46618974
0.9135112
0.8297936
0.9998568
0.47454193
0.9971886
0.011145684
0.00045602632
0.97254497
0.0011329494
0.00041114906
0.0018861864
0.0009469863
0.98190135
0.9949018
0.9998197
0.99948573
0.00044926532
0.9999895
0.0017813321
0.00058365776
0.0005132141
0.98560023
0.0020548326
0.00070232403
0.46922514
0.9987651
0.0047191577
0.46431744
0.0012803515
0.0015542058
0.00068966346
0.0029351318
0.0011244606
0.99647933
0.0005161601
0.99957293
0.0009585005
0.4691632
0.0005558843
0.9989795
0.7452215
0.00087323954
0.0021392563
0.9999156
0.99448
0.0007605022
0.0008088606
0.0011850856
0.46195513
0.8103275
0.99960035
0.014715106
0.9995347
0.9361829
0.9998087
0.00048016015
0.999863
0.0010900556
0.0052886833
0.15975542
0.99969673
0.00068110647
0.4305139
0.9957034
0.0006492105
0.0011294988
0.0016522738
0.00084074313
0.9996426
0.9994388
0.0010412475
0.46614015
0.99996185
0.0008354612
0.044916596
0.99908876
0.0011118355
0.0006629665
0.9999361
0.0013850221
0.0007016864
0.99392045
0.46640274
0.9996642
0.00082467345
0.0010036397
0.0027762358
0.006670157
0.0008076475
0.998694
0.42853045
0.0004940665
0.4638316
0.9999399
0.48950055
0.9825136
0.4724762
0.00043501015
0.0005766109
0.995987
0.0015145297
0.46525338
0.0026792216
0.46989122
0.99690527
0.46833262
0.005393869
0.9997793
0.46234238
0.012597505
0.38682926
0.99635017
0.96443176
0.0005516888
0.9900355
0.00042441522
0.45469412
0.9102249
0.9998971
0.0018910635
0.4762117
0.9978569
0.0013004862
0.0024002998
0.99971277
0.00061557925
0.999894
0.003490924
0.87256664
0.46519607
0.00094083446
0.9963025
0.00027006585
0.0006563381
0.47511443
0.99989545
0.0004855102
0.0018199682
0.9996557
0.47944427
0.9862141
0.99936634
0.4740069
0.9955462
0.47724217
0.000921007
0.9992067
0.0009006535
0.46776283
0.0013644535
0.006679835
0.9999753
0.00080671755
0.9497157
0.4785294
0.0005314638
0.0006176938
0.0010936174
0.0006035926
0.9989409
0.0029615106
0.9986702
0.00044973497
0.46826318
0.4730298
0.9675875
0.9986519
0.9740907
0.002315688
0.98846066
0.00018367385
0.0013249523
0.009497333
0.0013548196
0.0038387855
0.99332315
0.44936526
0.46614447
0.0009967121
0.28846177
0.99829704
0.9995715
0.99886996
0.99883384
0.99775535
0.93503433
0.9764089
0.9996908
0.0011852459
0.79721314
0.4762596
0.0019357161
0.82018304
0.9995254
0.00056824624
0.9984717
0.0018403226
0.47763565
0.9998871
0.99996316
0.47729036
0.47868097
0.9986737
0.021394711
0.0005931606
0.0013460014
0.0013809385
0.41113687
0.013978787
0.001158897
0.9999474
0.9903904
0.9786048
0.4663365
0.4670812
6.7129105e-05
0.46843645
0.46574616
0.44174916
0.0008379511
0.9960859
0.00046987884
0.99813664
0.003950858
0.3936939
0.99981076
0.9994436
0.47925636
0.0010280149
0.84477407
0.012189488
0.98741096
0.00060932466
0.00081170775
0.00077502534
0.46554175
0.9997799
0.0018631846
0.00015985811
0.4745975
0.9998518
0.48034596
0.0005089289
0.9989532
0.8933947
0.99996746
0.0006064059
0.0022983416
0.9964361
0.000770386
0.0035274941
0.45571637
0.46180996
0.4769091
0.44190732
0.0009651691
0.99815995
0.47407138
0.0010657513
0.4763851
0.46940774
0.00012839107
0.00066395226
0.9991549
0.9884024
0.0009576159
0.00065650675
0.0012766747
0.9334018
0.0014609596
0.99749655
0.4060788
0.47643748
0.0025476883
0.0003278652
0.9995234
0.9998611
0.99977106
0.5220486
0.39553592
0.99625236
0.0011094138
0.0006180153
0.0008385893
0.9574632