0.6019128
1.0
0.43477628
0.5866462
0.4339372
5.4377604e-05
1.4894852e-05
1.0
0.43429276
0.9173363
0.00093138526
1.4826288e-05
0.00021478775
0.4333084
0.99999976
0.00012507844
0.0037613485
0.999887
2.2637418e-05
0.5879862
0.9539161
9.20145e-05
0.43409267
1.6021193e-05
8.699718e-06
2.0882524e-05
0.5688149
0.9957054
0.4329692
0.99999917
3.9878858e-05
0.4337973
0.17116825
0.4348877
0.43413723
0.43526924
0.5921351
0.9999579
1.0
1.0
9.828105e-05
0.5738364
1.1599806e-05
0.43504694
0.00014079352
8.025032e-06
0.5956069
0.99966705
1.144688e-05
1.0
0.9999994
1.2240314e-05
0.9997433
0.99999976
0.5606076
6.216308e-05
0.58261305
1.4012474e-05
6.309903e-05
8.30637e-05
0.6109013
0.9999951
0.5997727
0.4341961
0.99861956
0.9514113
0.6204492
4.6792546e-05
0.9824861
0.59113854
0.99999714
4.143189e-05
0.99845326
0.39082137
1.594502e-06
8.099713e-06
3.6305362e-05
0.5875467
0.43434972
0.4347759
0.00015002354
2.0984558e-05
0.43437907
0.9999925
1.0
2.0825308e-05
0.5922404
0.999701
0.9999999
0.9997621
1.1985609e-05
2.291059e-05
0.99999976
0.9999646
1.0336703e-05
0.00017567103
0.9999999
0.99731463
0.9999999
1.0
0.43460128
0.43443328
8.877404e-05
5.6449946e-05
0.43505347
4.7108686e-05
1.07194455e-05
0.99937844
0.99999976
1.0
4.4529555e-05
0.4348842
0.99999
2.2865232e-05
0.43367216
4.7673602e-05
2.8808312e-05
0.00015815471
0.99999964
0.9091358
0.9999999
0.99982494
0.0003476509
1.0
8.96366e-06
1.0
2.812929e-05
0.00025637672
0.00018307692
0.99970883
0.99999964
0.9984799
0.00018376092
0.9999614
4.6102105e-06
2.8167704e-05
0.94508624
1.0
0.43419018
3.912491e-05
0.99999964
9.7673386e-05
0.9991768
0.00018538936
0.99960107
0.0001335981
1.0239931e-05
0.4358104
0.0011223311
3.6178695e-05
0.99999976
0.9964516
0.43510514
8.253375e-05
3.5242803e-05
0.4352637
1.0
1.2240291e-05
7.632494e-05
0.99993396
1.0
0.9999994
0.81568205
1.0
0.99999964
1.0718954e-05
0.6476976
0.5910907
4.634026e-05
8.1748085e-06
1.2250333e-05
0.43370053
3.712877e-05
0.6060955
0.00022579277
1.6473728e-05
2.4159428e-05
0.99999917
0.00025125578
3.0247005e-05
0.9733324
1.7442157e-05
1.3402657e-05
1.0
0.99156636
0.9999832
0.43496135
0.4339077
9.375796e-05
0.9999995
1.3482074e-05
1.0
0.9999999
1.0
3.116153e-05
6.618007e-05
0.43403256
0.99999833
0.0001947253
2.459559e-05
6.38566e-05
1.0
0.99999976
0.9938328
0.9999901
1.0
2.7012029e-05
0.9999987
2.4022915e-05
0.00041310219
0.43419522
0.4345618
1.0
0.0012646833
0.43386617
0.43400237
1.3216129e-05
0.3694632
4.6334295e-05
3.419044e-05
0.00023316809
1.0
0.00023386786
1.23203845e-05
0.00010325501
0.9999995
0.9989343
2.4649571e-05
0.4350113
1.4531722e-05
0.9999964
0.43434
0.37996626
0.4341855
0.5785728
0.4340286
0.99999964
1.0
3.160717e-05
1.6408565e-05
0.0002149236
8.128197e-06
0.9999999
0.9999156
0.99981457
1.5981457e-05
0.43497786
0.0060853506
0.43476185
0.18444043
1.0
4.9016595e-05
0.99926907
5.2039733e-05
4.380612e-05
3.3877954e-05
0.99989367
0.99999464
0.9999989
0.9999987
1.0
2.5951293e-05
1.0
0.9999999
0.7549955
7.745563e-05
2.6342213e-05
0.000226301
0.9076529
0.9999995
0.43281353
0.90098035
0.000119520024
1.5928294e-05
0.99995744
0.5684624
0.39580882
4.1080475e-05
0.99999106
0.9999261
1.0
1.0
1.519801e-05
6.4241634e-05
1.0
0.99998665
0.4350855
1.0
8.010986e-06
0.4341447
0.82792246
1.0
0.57907724
4.8128615e-05
0.9999938
2.0586323e-05
0.6585509
0.999979
0.00047918988
0.9999993
0.43375078
6.913172e-05
0.6755468
0.99997425
0.99999857
0.0001389368
0.58615965
0.00065724825
0.9999999
7.5663015e-06
7.706589e-05
0.42145625
0.9999993
0.9999478
0.9998091
7.282419e-05
1.7199345e-05
8.870092e-05
0.99980456
6.3425105e-05
1.290176e-05
4.8938502e-05
1.5365767e-05
3.021296e-05
1.0
0.5872262
8.225208e-06
8.927419e-06
0.43400148
0.9999918
0.9748472
4.4091998e-05
0.9999999
1.0
0.9959132
0.43496463
1.0
1.0
5.1564362e-05
2.3897834e-05
2.078081e-05
1.26227305e-05
1.0
0.43626758
1.0
0.7935247
0.93711704
0.9999976
1.0
0.99999344
0.99998546
7.986842e-06
1.0
0.43577674
0.99979407
4.0711737e-05
6.150263e-05
0.6141948
1.0
0.61811554
8.740984e-06
0.9995579
0.00022028771
0.0002511947
2.5809204e-05
0.43499693
0.99959356
2.8650284e-05
1.800794e-05
0.43412402
0.43353194
1.686527e-05
1.0
4.544111e-06
3.1329495e-05
4.1140265e-05
0.9999937
0.9697196
5.315288e-05
0.00021422001
0.99997306
0.99999654
0.9973918
1.815596e-05
4.38567e-05
0.99645317
0.99999523
0.43777382
3.0477833e-05
0.9999993
0.61460865
1.2796746e-05
0.00018325978
0.0002629526
0.43448702
0.9999999
0.99998355
2.3502518e-05
1.2904949e-05
2.3617373e-05
9.4489194e-05
0.9978631
0.9999987
0.4359632
0.58967626
0.43334395
0.9999999
0.99998605
0.99999917
0.4333417
0.9967127
0.43505135
0.9999876
0.99999964
2.896854e-05
2.2134089e-05
0.9972222
3.3787357e-05
1.0
1.1381883e-05
5.6242006e-05
0.43502355
4.5779358e-05
2.8626195e-05
0.9999902
1.0
1.0
0.43630537
5.3277818e-05
0.00010440501
2.0327969e-05
0.9999845
0.4344328
0.5481302
0.00022582636
1.2485838e-05
1.0
0.5739107
0.99778795
0.43516496
1.809624e-05
0.00046075365
5.180533e-05
0.99999964
0.9999989
0.00042187417
0.99999976
0.99955004
0.43423793
1.0
0.9999944
0.43368793
0.98577464
3.108436e-05
0.47215047
0.00018850263
0.99999785
0.66611105
8.688409e-06
0.00012558013
0.9999999
1.0
1.11022055e-05
0.9477712
1.2096905e-05
1.0
1.0
0.33789122
3.0278694e-05
0.00012198425
0.43441543
1.0614626e-05
0.99999726
0.6048789
9.8183256e-05
0.9999423
0.9999827
0.000261906
1.0
3.7265625e-05
0.00012860143
0.43505892
0.43403628
1.0
1.8364877e-05
3.2723794e-05
1.3788395e-05
0.99999917
0.9999999
0.4339793
0.57978016
0.99658513
1.0
0.9999746
0.43356854
0.4335687
0.9999994
0.00025715792
8.191954e-06
0.5794219
0.43503627
1.0
2.8264843e-05
5.0902257e-05
0.9987086
0.9999999
1.5668153e-05
0.43352655
3.4634122e-05
0.09893025
0.00033394416
0.9807571
1.3765323e-05
0.9999995
0.43465975
0.43454352
0.6089294
0.0014683441
3.5246674e-05
2.249446e-05
0.6145436
0.40494832
0.00020128168
0.999997
1.0
0.9984275
0.43481007
1.9356909e-05
0.9968087
6.498105e-05
0.99996877
0.43354458
6.1034284e-06
0.43804148
4.6504145e-05
1.7168895e-05
2.4323286e-05
0.4338676
0.00011192096
0.6095425
0.43382943
0.99999976
0.43360916
0.9998073
0.43504593
5.723675e-05
1.5782456e-05
7.3151525e-05
0.0013280148
0.9999969
4.3920023e-05
3.127454e-05
0.43390104
0.9999999
0.99999964
0.43415898
4.1079773e-05
0.011336172
9.939577e-06
0.99999726
2.0647765e-05
1.0
0.56274205
0.4348051
0.9999951
3.1847012e-05
0.99999046
1.0
0.00023668807
0.9992718
0.9999912
1.633076e-05
0.58347476
4.0498297e-05
0.9999999
0.9999993
1.0
0.9997683
0.9999049
3.0003042e-05
4.4361248e-05
2.645742e-05
1.4411749e-05
0.000103625
0.999859
0.64802474
4.048621e-05
0.892798
0.0003675988
1.0
9.1376554e-05
5.8722264e-05
0.00039057742
0.15962124
0.59591657
1.8194043e-05
0.00015175118
0.0005665222
0.99955946
4.4306496e-05
0.9999995
0.9999987
0.9999465
0.00021316051
0.97850853
4.0165258e-05
0.43334556
0.43429384
8.859365e-05
0.58916825
0.00011140625
0.99969864
5.193909e-05
0.9999925
0.9318937
2.8470333e-05
0.0006359614
1.9319932e-05
0.9999378
1.0
0.99999976
0.4158827
0.00027731643
0.9751143
0.56469
1.0
2.9578183e-05
0.9994312
0.87082475
0.43394095
4.5193166e-05
0.43492904
0.9999999
0.9999999
0.000820507
1.0
0.9999976
1.8854442e-05
2.112634e-05
1.3579873e-05
1.0
5.7499497e-06
0.9981651
0.99990344
3.2383607e-05
2.5371453e-05
3.5928664e-05
7.823545e-05
0.61573404
0.99870884
0.9999982
0.9993662
0.43264082
0.7546644
0.00040054426
0.99999976
0.99999607
1.0
3.027038e-06
2.6008722e-05
0.4340957
5.2965763e-05
0.9999989
0.85848194
0.00012410506
0.99973136
5.2896965e-05
1.6896309e-05
0.99999964
0.4356339
0.576063
1.0
1.2410562e-05
0.9995982
0.99999654
0.9999994
0.37159327
5.6719805e-06
1.0
0.99845517
0.31979135
4.492508e-05
0.98378664
0.99999976
0.9999461
0.9999999
0.9999994
1.0
0.99998784
5.1935967e-05
3.5577927e-05
0.9849327
5.5380664e-05
4.9918526e-05
0.0012134515
6.414479e-05
1.3046248e-05
2.7999113e-05
0.9999987
0.58899224
0.4334332
0.6075608
1.0
0.00013861102
3.2799275e-05
1.0
1.85117e-05
0.99999964
1.0
0.5855305
0.56823796
0.9998473
0.00022991629
6.414797e-05
1.0
0.43425924
3.4334927e-05
0.9999999
3.5283967e-05
0.6175976
2.628555e-05
1.4317515e-05
0.99960786
1.9423906e-05
4.4736415e-05
4.877557e-05
1.7031958e-05
0.43446937
2.469018e-05
0.00011460801
0.9993831
1.0
0.43511507
1.8818067e-05
0.9999789
2.7627171e-05
3.6790832e-05
0.9999994
0.60518265
0.000109823144
0.590722
0.4338405
0.9999906
8.674277e-06
0.99999905
0.18506911
1.586122e-05
0.4350672
1.8497178e-05
0.43414298
6.956454e-05
3.4997076e-05
8.060379e-05
0.998315
0.55870897
1.6224798e-05
0.9999653
8.693734e-05
4.552698e-05
0.43417302
1.5789215e-05
0.99989617
0.59879124
0.99696153
8.545791e-05
3.280187e-05
0.00024727295
0.9992205
2.9101502e-05
0.99999654
4.8938502e-05
1.7374372e-05
0.64072776
3.8702085e-05
7.889564e-06
0.9999938
0.99999666
0.3501288
1.0
7.3130077e-06
0.000113702125
0.9999994
0.63690776
0.9984794
3.4898494e-05
0.99999976
0.9999963
0.5804291
1.0
0.00013928859
0.9999999
0.9999397
0.99999964
0.00011228677
0.00032956622
3.0703453e-05
0.43537208
0.00012680255
1.0
1.125043e-05
1.0
0.43411323
0.98819876
1.0
8.657127e-05
1.4362685e-05
1.02030845e-05
0.46723685
0.9999372
0.9999509
1.0
0.62999606
0.624119
0.9364264
7.753446e-06
0.4344338
0.99999595
0.95900756
0.00034505266
0.9999999
0.9999789
0.9999999
1.0
4.2841253e-05
0.0001279201
0.9999949
1.0
1.5290821e-05
0.737063
0.4344584
0.9999995
6.914357e-06
8.4975945e-05
1.0
0.9999924
0.10523146
0.99992347
0.99999714
1.2177197e-05
6.268981e-05
0.008844341
0.9999999
1.0
0.4340781
1.0
0.5890643
1.0
1.0
0.9999975
1.5193634e-05
8.5451065e-05
0.9999944
0.000136013
1.2474768e-05
1.1420515e-05
0.9998105
1.1548283e-05
0.0003544502
1.1377792e-05
0.43358213
0.9999999
0.43464044
0.98478574
1.9923547e-05
0.6106064
2.122098e-05
0.43639818
2.3372946e-05
0.00076667336
3.86068e-05
0.00017229699
0.59718883
0.43429053
0.99993455
2.7305106e-05
0.9999994
0.43477
0.0005100678
0.0015525772
0.5842979
0.5941892
0.43414122
0.4089795
4.2610674e-05
0.43504107
6.353273e-05
0.6231106
0.43476933
0.12960829
0.43362495
0.4338012
0.9999999
0.0005205545
0.99999464
0.9999124
0.9999467
0.99199307
4.166312e-05
0.99978393
1.0
0.6974475
8.902598e-05
0.99999416
0.27948907
0.99993765
0.34936747
1.5404503e-05
0.57418764
0.9999995
0.43400288
0.9999864
7.8643854e-05
5.5602384e-05
0.00088519196
0.33188224
0.9999999
0.5953338
0.43461826
0.6169454
0.9999987
0.0001169596
1.0
1.0
0.99999976
0.99999774
0.99999785
0.43366393
1.6245063e-05
1.0
0.43432263
0.99997425
0.43363795
0.99999976
0.60720915
0.9996088
1.0
4.3042277e-05
0.6038915
0.9999988
3.6953636e-05
1.0
5.027674e-05
0.00042583322
0.00023669709
2.8464603e-05
0.43408602
0.00021198559
0.5953937
0.57569474
0.9999994
5.3931977e-05
0.99031365
0.81545544
5.139666e-05
7.417273e-05
1.0
0.99953127
0.43518397
0.9968353
0.9999999
0.99999976
2.0708878e-05
0.99999976
0.00042270427
0.99999976
0.0003122283
5.896609e-05
0.43514857
0.9995347
3.948022e-05
1.0
0.4353209
0.99999523
0.43391922
8.021918e-06
0.9833946
0.9999994
1.7932416e-05
1.0
0.9999988
6.960755e-05
0.98919976
0.00021304654
1.2318987e-05
0.43386674
0.4386871
0.9832065
0.33266395
0.59234744
0.57815886
0.99923444
0.43456653
0.62390363
1.5276595e-05
0.99600005
0.4335821
0.4335926
3.2543914e-05
9.51193e-05
0.9999999
0.43405992
0.5886539
1.9955607e-05
0.99999654
0.9942498
4.3369015e-05
0.9999993
1.4471908e-05
0.43435478
0.999998
8.884652e-05
2.203338e-05
0.99997604
1.0
0.43442222
0.44205388
0.64738417
8.058478e-06
0.43444508
0.9999995
0.43351737
0.4341557
1.6629965e-05
3.507108e-05
0.43518475
0.4342701
0.43435466
0.99999654
0.9998678
0.9999292
9.364831e-06
0.43421993
0.99998987
0.00013403437
0.00048898405
0.9813991
2.3629089e-05
0.9999999
1.0
1.0
1.0
1.01207215e-05
0.0006838568
0.999977
1.0
0.99999523
0.99998915
0.5803814
0.43487436
1.0
0.0002968498
0.99999917
0.999928
0.00010581805
9.107898e-06
1.5558417e-05
4.0278024e-05
0.99947673
0.9999778
0.99883944
0.00075242907
1.0
0.00015400024
0.6050416
0.000118440395
0.99999905
0.99999964
0.999974
1.0
1.0
3.281213e-05
0.4350264
7.733551e-06
0.9999993
0.9999933
0.60999674
0.00015480882
0.9999999
1.0
0.62923855
1.38730875e-05
0.99999964
2.4087121e-05
0.9999988
0.9998994
0.9999982
2.0383544e-05
0.43409684
0.9999994
5.0602666e-05
0.0002035952
2.7704635e-05
0.99999964
4.5831162e-05
0.25448006
0.9999752
0.99787843
0.0009088213
1.6978183e-05
0.99126655
1.0
5.378314e-05
1.0
0.58932626
7.939383e-05
4.078759e-05
0.000803299
1.7224738e-05
1.0
0.43446782
2.077764e-05
0.9990532
0.99999225
3.1276093e-05
4.232024e-05
0.9999993
2.2407641e-05
0.9994998
2.3589235e-05
2.2843371e-05
0.00023085093
0.0007855772
0.9922261
4.3832573e-05
2.6903821e-05
0.9999999
4.442221e-05
3.712937e-05
0.60457355
0.12648977
2.3818087e-05
2.5891939e-05
0.43425265
0.43400556
0.9999999
0.9999987
0.9999999
8.635789e-06
0.99910396
5.145252e-05
0.99999917
0.0003240201
0.9999993
0.99999917
0.99999976
0.99999416
9.690338e-06
3.78225e-05
0.43422347
0.96568507
0.43423763
0.6668843
0.5390388
0.5352135
0.43396285
0.99828726
0.9619478
0.4337626
0.99911267
0.9707257
1.0
0.5914062
0.99999976
1.10161545e-05
3.2090848e-05
0.9996247
6.107533e-05
5.645065e-05
6.186368e-05
3.4678407e-05
0.9987589
0.99990416
1.0
0.9999993
0.00023791028
1.0
0.0011436043
4.431968e-05
5.6492913e-06
0.9851527
1.917924e-05
0.00016655032
0.4343499
0.99999225
2.7298312e-05
0.43461227
2.4750554e-05
6.3171587e-06
5.0163188e-05
5.609438e-05
5.7876507e-05
0.99999905
0.00028857728
1.0
2.1201582e-05
0.43425402
1.6987155e-05
0.9999969
0.8229237
8.15666e-05
0.0004345257
1.0
0.99979764
3.819322e-05
3.923161e-05
7.8533285e-06
0.4334153
0.999589
0.9999994
3.6188354e-05
0.9999999
0.9973431
0.9999975
1.3845015e-05
1.0
4.2734144e-05
1.9338771e-05
0.74415714
0.99999094
3.1163254e-05
0.4347669
0.99998593
4.3070322e-05
2.3377848e-05
6.983294e-05
2.632546e-05
0.99999976
1.0
2.0490037e-05
0.43589085
1.0
1.3295137e-05
0.56907123
0.9999963
3.3210523e-05
9.951856e-05
1.0
0.00011395307
2.151322e-05
0.99928963
0.43456918
1.0
0.00022449277
3.0420688e-05
0.00010628901
0.00053423614
2.0016337e-06
0.9999995
0.4350926
2.5953965e-05
0.43400714
1.0
0.60894364
0.99937916
0.57345617
0.00013599652
2.0528783e-05
1.0
5.87385e-06
0.4341435
0.0005479995
0.43379572
0.99998367
0.43424916
0.00025779617
1.0
0.4338422
3.5726163e-05
0.13821983
0.9999409
0.99988043
2.6606676e-05
0.99993014
1.3680377e-05
0.43502057
0.14405572
1.0
3.9339957e-05
0.6071285
0.9999522
1.6364544e-05
5.4051943e-05
0.9999995
0.00021818046
1.0
6.694359e-05
0.9727101
0.43415064
1.619575e-05
0.99996614
9.407464e-05
1.3849557e-05
0.564714
0.9999999
2.5456036e-05
1.5428348e-05
1.0
0.6005771
0.9999602
0.9999999
0.5960476
0.99998236
0.59500587
1.4987641e-05
0.9999993
0.0002688963
0.43375024
0.0001378719
4.946206e-05
0.99999964
3.3996115e-05
0.99995923
0.60825664
4.3579952e-05
8.992974e-05
8.6070715e-05
9.2309885e-05
0.9999975
0.00021561036
0.9999982
6.1574516e-05
0.43426067
0.59662217
0.9999982
0.9999957
0.9955193
1.2528228e-05
0.99986374
7.5530676e-05
6.2811225e-05
3.125698e-05
1.0366863e-05
6.3615394e-06
0.9999883
0.4349444
0.43358728
1.5200635e-05
0.2016462
0.99997663
1.0
0.99996805
0.9999883
0.99999976
0.96765465
0.9999852
0.99999976
3.616448e-05
0.99998605
0.61255175
1.2324251e-05
0.83098274
0.99999964
0.0001075269
0.9999937
5.1945975e-05
0.6026397
1.0
1.0
0.61444455
0.62613684
0.99999964
3.1889624e-05
5.7099478e-05
0.00010109369
0.00054460036
0.4347335
5.7121283e-06
2.014984e-05
1.0
0.99931085
0.99883145
0.43356138
0.43431893
0.00021248216
0.43402958
0.43473932
0.5762493
6.698983e-05
0.9999553
0.00015196955
0.9999999
8.712812e-06
0.98340017
0.9999995
0.9999517
0.6150723
9.306925e-06
0.9831581
1.4025282e-05
0.99964285
1.1207382e-05
0.00010407857
9.40003e-05
0.43412784
0.99999964
1.8400324e-05
0.00010461818
0.5899435
1.0
0.6325283
1.0417734e-05
0.9999671
0.98925936
0.9999957
0.00012903516
7.114094e-05
0.9999999
9.4244606e-05
0.00028427338
0.4336064
0.56621516
0.5989801
0.4340917
7.186602e-05
1.0
0.57855624
2.2105485e-05
0.6097329
0.43387806
3.6123256e-05
3.1730968e-05
0.99999917
0.9999422
0.00012832387
8.906453e-05
2.48861e-05
0.9992737
0.00076768553
0.99979097
0.43709698
0.5830326
3.4234294e-05
5.0409628e-05
1.0
0.9999993
0.99999976
0.61973155
0.11502995
0.9999963
0.00010499174
4.1897274e-06
2.9073428e-05
0.9997378