0.5716603
0.99999344
0.40566102
0.41372228
0.40539926
0.0016046859
0.0024570592
0.9999577
0.40523377
0.970902
0.0003754137
0.004331722
0.0024986453
0.40460533
0.999668
0.0009054754
0.00081530894
0.9612507
0.0022329013
0.42554855
0.9814641
0.0028779674
0.4051867
0.0021244437
0.003277584
0.0012437991
0.4055562
0.99379104
0.40537816
0.99972636
0.004039566
0.40521833
0.7917633
0.405351
0.4046059
0.40590334
0.42453977
0.9984952
0.9999739
0.99995995
0.0017955977
0.4030646
0.0015598357
0.40587676
0.0025557384
0.0037300475
0.54920435
0.973348
0.0052575693
0.999711
0.99678576
0.0022915516
0.9999733
0.9996177
0.40547356
0.000495289
0.6860436
0.0013939755
0.0012020493
0.0017952695
0.80449533
0.9999846
0.586518
0.40557015
0.9809414
0.96011406
0.52030826
0.007475209
0.9678675
0.6117337
0.9999281
0.0014824753
0.939782
0.77716386
0.00012928457
0.0052435226
0.0034551977
0.5712765
0.40540338
0.40559158
0.006797223
0.003306661
0.40558025
0.9987703
0.999765
0.0027771099
0.67526305
0.9999914
0.99989593
0.9927315
0.0045972643
0.005284739
0.9998734
0.99326295
0.00030541152
0.0009045273
0.9997563
0.9956458
0.99975246
0.99996614
0.4055779
0.4059681
0.0021619238
0.0025841282
0.40567717
0.005354398
0.003673298
0.9862948
0.99959224
1.0
0.0018799978
0.4059627
0.99795204
0.0018955673
0.40507486
0.0065355175
0.003997752
0.07599347
0.9992005
0.6487294
0.99686426
0.99777514
0.014456547
0.9999844
0.0022932321
0.9999099
0.0005632242
0.010286539
0.002804733
0.9808364
0.99980074
0.9990773
0.003665474
0.99504447
0.0022446092
0.003973853
0.70314294
0.9999845
0.40523478
0.0042772824
0.9996966
0.0028196308
0.9993309
0.0022424401
0.99995124
0.004747549
0.0030836964
0.04736445
0.016698698
0.0037756755
0.9995328
0.9704873
0.40608132
0.013335735
0.005894423
0.40588686
0.9999845
0.0051630535
0.0029507745
0.9980083
0.99991536
0.99968183
0.0923951
0.99990475
0.9998171
0.004941013
0.59977937
0.5590503
0.00066478364
0.0034258494
0.008417999
0.40552628
0.003878118
0.6301216
0.066997275
0.0017485115
0.0025195072
0.99999595
0.00056657783
0.0026530998
0.747982
0.0056627644
0.0037265862
0.9999523
0.9930483
0.9840956
0.40565783
0.40525422
0.006942385
0.9911135
0.0057704365
0.99997497
0.9999602
0.9998518
0.00066688407
0.0016602948
0.4056975
0.9907554
0.0091108475
0.004642007
0.002125316
0.99829835
0.99995756
0.9991886
0.99995303
0.9999918
0.0006702102
0.99991333
0.0016498694
0.0010559412
0.4056816
0.40519163
0.9979419
0.0022161484
0.40537992
0.40556028
0.0013696528
0.26642206
0.0018977211
0.0014930747
0.0010504989
0.9998807
0.0067171548
0.0015569304
0.00301324
0.99923825
0.99637705
0.00964276
0.4057419
0.0040423293
0.9998029
0.40521827
0.6857226
0.4062416
0.5294832
0.40529463
0.9998785
0.99998975
0.0006586108
0.0033985418
0.009859116
0.001844596
0.9999958
0.9946531
0.9986375
0.002294808
0.40527433
0.026679864
0.40600225
0.5235841
0.9998807
0.002075014
0.9510717
0.00024958944
0.002111599
0.0010957045
0.99831605
0.9997216
0.99999976
0.99998796
0.99994123
0.0018917982
0.9999093
0.9998184
0.97105306
0.008663429
0.0029031648
0.0024104926
0.40000913
0.99942684
0.40478677
0.060196295
0.007723535
0.000964526
0.996734
0.40833583
0.8626613
0.0039387303
0.99731463
0.9956241
0.99982965
0.9999896
0.00024895417
0.004294241
0.9999951
0.9979876
0.4056535
0.9966961
0.0053845374
0.4053309
0.92106503
0.9999645
0.4685192
0.0019710166
0.99742573
0.004079957
0.7364453
0.9993418
0.015023615
0.9971852
0.40517262
0.0023270429
0.6243076
0.99924904
0.9999926
0.007814217
0.48780224
0.0015462561
0.99992776
0.0033245492
0.0015762646
0.73330474
0.99979573
0.99989736
0.99959725
0.0016965355
0.0071688374
0.010160984
0.98793346
0.0032718799
0.0021430922
0.0016822361
0.0032118799
0.0022587918
0.99811625
0.55239475
0.0020467795
0.0008470817
0.4058175
0.9984497
0.7497675
0.002448025
0.99940467
0.99991477
0.13245241
0.405643
0.9999778
0.99997234
0.0019181544
0.0030812058
0.003542776
0.0023568696
0.9999138
0.035230312
0.9997454
0.7924669
0.95501995
0.99346775
0.9999982
0.9996904
0.9973072
0.0049391077
0.99996674
0.01714151
0.9989021
0.00827474
0.0031822098
0.54195994
0.99998367
0.84887284
0.009689277
0.99808455
0.00010938314
0.0028787558
0.013458763
0.4058511
0.9790158
0.0008681969
0.003544155
0.40552396
0.40424588
0.002589931
0.99993825
0.0028264564
0.003507876
0.02550403
0.99959797
0.97649
0.0026745151
0.018946772
0.99929166
0.9999132
0.97146714
0.0058046896
0.001839727
0.95166767
0.99956673
0.042733014
0.0038374823
0.9998678
0.79063016
0.0007103247
0.0027423082
0.0065940493
0.40535337
0.9998982
0.997584
0.005335924
0.0049611083
0.0003405618
0.0023332338
0.99737996
0.99991226
0.07551612
0.48756623
0.40418455
0.9999882
0.9992986
0.99892944
0.40532184
0.99391794
0.4041534
0.9555369
0.9999628
0.004594834
0.003458128
0.9982066
0.003685751
0.99998486
0.0015472614
0.001971188
0.40580925
0.0028065569
0.00137165
0.988437
0.9999467
0.9996469
0.053224742
0.0023035072
0.0038407738
0.004611945
0.9972421
0.40533072
0.7440041
0.0035049955
0.0043038647
0.999617
0.40513745
0.90984136
0.40576944
0.004956821
0.0009790928
0.003881319
0.99948585
0.99998546
0.0040467572
0.99973124
0.99488926
0.40521556
0.999992
0.99979645
0.4055952
0.9917808
0.0008005317
0.5525998
0.0021883743
0.9998472
0.97266734
0.0048227916
0.0023953028
0.9992611
0.9999862
0.0051888265
0.9857444
0.007310792
0.99983907
0.9999018
0.6216082
0.0058003017
0.0012984754
0.4054721
0.0017156663
0.9983949
0.64489543
0.0022813212
0.9951871
0.99477625
0.0010404057
0.99997294
0.0017566268
0.0050739218
0.40581012
0.40525797
0.99942183
0.0023129983
0.00094677665
0.0023805199
0.99996746
0.999928
0.40529433
0.40511516
0.8941963
0.99999964
0.99103034
0.40582103
0.4053319
0.99999475
0.004690788
0.001254524
0.42118505
0.40553302
0.999956
0.0007324527
0.0048146555
0.9964424
0.9998273
0.0025505847
0.4039373
0.004065963
0.99279803
0.011181045
0.9463443
0.0016931051
0.9999126
0.40543157
0.4055674
0.68745065
0.004518707
0.004451107
0.005029996
0.93324447
0.58497965
0.0011586441
0.9980677
0.9999945
0.9920494
0.40567842
0.0065377904
0.9984276
0.009521735
0.9943217
0.4053494
0.00036885132
0.082439326
0.004927112
0.005369664
0.0032668205
0.4055486
0.0024256317
0.5338962
0.40503627
0.99982136
0.40541726
0.9755971
0.40478426
0.0007893284
0.0050035305
0.01136449
0.0029446825
0.9993937
0.0019116729
0.004675716
0.40513337
0.99803275
0.9999528
0.4052672
0.002371745
0.00031003123
0.0016704185
0.9973477
0.005583726
0.9999218
0.40270197
0.40568087
0.9996828
0.0018480477
0.99894696
0.9999956
0.002268821
0.9966934
0.9878172
0.0012634257
0.52602553
0.0027320657
0.9999467
0.99938476
0.99998915
0.99105483
0.9993635
0.0073799766
0.004763776
0.004702057
0.004354639
0.23927975
0.99998
0.7787326
0.0028162247
0.87730896
0.007780584
0.9999194
0.00027328046
0.002670545
0.0001353911
0.8541
0.62599206
0.002706018
0.002175322
0.0027193502
0.9999665
0.0034358513
0.99987614
0.9997032
0.99058634
0.0029907124
0.99043614
0.004010061
0.40509874
0.40599957
0.0017632372
0.66789544
0.007952683
0.9933123
0.0030886142
0.99821645
0.7273008
0.0049143825
0.0026740625
0.0028529721
0.99864477
0.9996797
0.9997129
0.022874488
0.010920412
0.8596128
0.4054957
0.9999579
0.0034860238
0.9746407
0.9813473
0.4054733
0.0037517832
0.4056871
0.9983724
0.9999387
0.00026670028
0.99994516
0.99832195
0.0026308645
0.0012814995
0.0039374228
0.99982387
0.00010506786
0.794869
0.99983764
0.0026584512
0.0044962536
0.0025132142
0.0007052731
0.5436109
0.9848563
0.9976
0.9973029
0.405268
0.74930197
0.0032092354
0.99986804
0.99894136
0.9998878
0.0040187626
0.0018255746
0.40526074
0.0013887957
0.99992585
0.8289672
0.0015105825
0.96476007
0.0030262305
0.005048517
0.9996594
0.021233762
0.54113996
0.99998546
0.0055148075
0.9948624
0.99427444
0.99997747
0.7551064
0.0052926163
0.9996699
0.941519
0.836122
0.01733321
0.6948136
0.9998362
0.99874556
0.9993524
0.99789965
0.9992963
0.9998461
0.00093717215
0.0020414665
0.89171404
0.00195556
0.000121958554
0.00077744934
0.0015199222
0.0024733278
0.0032358726
0.9992449
0.7843039
0.4046742
0.49207193
0.9998858
0.0004922532
0.003733206
0.9999809
0.005476433
0.9990976
0.9999913
0.5359528
0.40366417
0.9994104
0.0024473974
0.00049572164
0.9999553
0.40559408
0.0029141367
0.997006
0.003882953
0.72111696
0.0015376002
0.0047678407
0.6732857
0.005226615
0.0026210994
0.002795126
0.004401471
0.40531448
0.0038321924
0.0013529247
0.9823638
0.9998903
0.40587234
0.0030114013
0.99943584
0.003311151
0.0042875973
0.99975675
0.5423943
0.031608
0.5071998
0.40601277
0.99936396
0.0027810175
1.0
0.4018827
0.0040695504
0.40589568
0.00014415605
0.4052068
0.0015371968
0.002522277
0.0033270305
0.992062
0.40583968
0.0053892224
0.99533266
0.01156495
0.0018673954
0.40523326
0.0016963079
0.9987752
0.5932162
0.9933494
0.003317363
0.00048591066
0.01170601
0.98520803
0.0030195366
0.9998049
0.001972177
0.0006112596
0.63137734
0.0045662895
0.005482105
0.99966836
0.9995684
0.04389199
0.99995553
0.00095353083
0.009931916
0.99938166
0.4599486
0.74904364
0.0042024213
0.9999007
0.9997814
0.5307073
0.9999857
0.07353761
0.99993384
0.9914274
0.999824
0.002602701
0.9743936
0.0022671486
0.046547197
0.0025359313
0.99964094
0.0061244764
0.99945897
0.4053602
0.9759553
0.99992585
0.0031484582
0.003833849
0.0033305443
0.82447535
0.9994823
0.99922264
0.9999877
0.5655139
0.76375353
0.96714693
0.005013397
0.40521607
0.9980989
0.89148337
0.002550881
0.99961567
0.99973494
0.9999999
0.99985564
0.0034854491
0.0027313423
0.99949396
0.99999714
0.0013896676
0.65633875
0.40547633
0.99988246
0.0047264732
0.0043677515
0.99993503
0.9991301
0.41005892
0.95537466
0.9963381
0.0026714175
0.003188066
0.0051564174
0.99999046
0.9999994
0.40442556
0.9999558
0.40674883
0.99994874
0.9999832
0.9978787
0.003986931
0.014709465
0.9995433
0.0065693976
0.004229577
0.0018148698
0.9999505
0.0054407096
0.0051546176
0.0038041454
0.40525916
0.9999101
0.4054327
0.9976674
0.0039261845
0.5868593
0.0009420499
0.036069997
5.8644033e-05
0.0027592473
0.0015794053
0.0022431007
0.5987891
0.40530175
0.99432844
0.0032955816
0.99929106
0.40581048
0.021748155
0.0022189738
0.7914365
0.704384
0.40513954
0.73562413
0.013647216
0.40551233
0.0023253032
0.9723655
0.40586883
0.5518715
0.4051766
0.40539268
0.99995077
0.0026318443
0.9998192
0.9995377
0.9911651
0.97312343
0.0037183154
0.940317
0.99978346
0.6354615
0.0029223491
0.99994946
0.60526294
0.9999962
0.07834567
0.007075319
0.5037425
0.999458
0.40544975
0.9992211
0.0015065768
0.0079487255
0.0020363939
0.5054456
0.9998932
0.5459907
0.40536603
0.8282671
0.996101
0.008941956
0.9998926
0.99968004
0.99822885
0.9984825
0.99932873
0.40516222
0.0035006911
0.99994385
0.405294
0.9998684
0.40508574
0.99995613
0.5254743
0.99944896
0.9997508
0.00032447514
0.52831584
0.9999956
0.0042173397
0.9998572
0.0020034371
0.002614272
0.0014546736
0.0035292443
0.4056008
0.0038954497
0.7696728
0.40561804
0.9997763
0.0013856924
0.9501009
0.8319478
0.0021762548
0.004072924
0.9983107
0.9999739
0.4054365
0.9787579
0.9996147
0.99993825
0.0031451732
0.9985172
0.00078945706
0.99423766
0.014065664
0.0020030444
0.40585354
0.9990325
0.003625418
0.9994549
0.40567157
0.9988109
0.40531975
0.0050385366
0.9895907
0.999923
0.0012169854
0.9999895
0.9999496
0.003334022
0.97053033
0.013046578
0.005735974
0.40579787
0.032975174
0.98780406
0.49132064
0.7745155
0.40533495
0.99710923
0.40532482
0.5695874
0.003911378
0.9965867
0.40522617
0.40534043
0.0025045327
0.001551638
1.0
0.4055694
0.43148503
0.0037861678
0.9979055
0.5493702
0.0019529411
0.9999343
0.004918467
0.40531975
0.9973123
0.00048372665
0.0049418905
0.99893135
0.99996555
0.4054712
0.6837258
0.7861568
0.0043115895
0.40550256
0.99992406
0.4057554
0.40538943
0.00020664361
0.010830897
0.40568468
0.40534803
0.40537253
0.9905888
0.9996948
0.99355775
0.0015300419
0.40522528
0.91425264
0.004249084
0.0043505537
0.8621931
0.0021722824
0.9998097
0.9999912
0.9999709
0.9999211
0.005936897
0.002628333
0.9412058
0.9999045
0.9989452
0.9935782
0.53464955
0.40564582
0.9999429
0.0006157324
0.9981912
0.99956936
0.002335426
0.0015562308
0.0029886714
0.003368456
0.9997203
0.99588037
0.9881507
0.033909768
0.9999136
0.003888122
0.55970514
0.0024845907
0.9995845
0.99944323
0.9875185
0.99979395
0.99294794
0.0026168954
0.40564448
0.005468131
0.9995608
0.85959905
0.5292144
0.0024356504
0.99995065
0.99991655
0.6281604
0.01595564
0.99986136
0.00086810254
0.9972364
0.9977574
0.99959356
0.002153163
0.40544027
0.9983393
0.009589555
0.0073423786
0.0047610505
0.9999664
0.0017157266
0.8191293
0.99584275
0.9879808
0.0015721029
0.0010190493
0.9994324
0.9999976
0.0053463816
0.9997898
0.40541777
0.0016485936
0.0043150014
0.0008144082
0.0021471311
0.99986684
0.40546915
0.0010142289
0.98352355
0.99797755
0.0017089036
0.00021498652
0.9999559
0.006914517
0.95523626
0.0029592093
0.0013000965
0.0013030618
0.0032501456
0.953426
0.0011815104
0.003107265
0.9993631
0.007689379
0.0017464345
0.82777834
0.3733413
0.001506838
0.0015410528
0.40528494
0.40542337
0.99973553
0.99992096
0.99853337
0.0011929424
0.9978067
0.0030086623
0.9990056
0.001901274
0.99990225
0.99884015
0.9999485
0.99763477
0.0056154574
0.0028189658
0.4056243
0.95509166
0.4053237
0.88678056
0.7271009
0.9476576
0.40554276
0.9720753
0.873719
0.40536946
0.8683254
0.97000027
0.9999769
0.47820583
0.99833715
0.008790053
0.0027465913
0.9901868
0.0017903441
0.0010254356
0.0019862924
0.0018661302
0.95688695
0.9990011
0.99990344
0.9999114
0.0011261061
0.999997
0.002951615
0.0022579771
0.00024681696
0.98642075
0.0012269224
0.002037272
0.40564576
0.99977905
0.0007037491
0.40545738
0.0028813274
0.005838308
0.0033494907
0.002734391
0.0016918982
0.9997396
0.0010787479
0.99925023
0.0004400182
0.40539187
0.0025967874
0.9996424
0.8062046
0.0035404926
0.007110382
0.9999659
0.9988501
0.0036315687
0.0051266807
0.004896016
0.4052247
0.99430496
0.99996936
0.010102244
0.99956745
0.9774605
0.9996847
0.002202435
0.9999808
0.004393348
0.005353237
0.16680437
0.99981886
0.003368008
0.40529904
0.99550617
0.0037948217
0.00059383945
0.0034781413
0.0021484012
0.9999106
0.99894565
0.0028974542
0.40363258
0.999987
0.0030768802
0.06374211
0.998422
0.0026674985
0.001128273
0.99997485
0.0041643493
0.0022699784
0.9970395
0.40530664
0.99963295
0.0020232238
0.0041785934
0.008847326
0.00054789876
0.00018730367
0.9998418
0.40142566
0.0032039587
0.40548858
0.9998952
0.80018246
0.97848606
0.40553424
0.00064590527
0.004375154
0.99987113
0.0034514465
0.4054003
0.0023023018
0.40536857
0.99899477
0.40528902
3.3058313e-05
0.9998901
0.40529004
0.14788854
0.4222922
0.99660647
0.99091434
0.0029097893
0.92556125
0.006497245
0.40570748
0.7304231
0.9989901
0.005553584
0.563661
0.9991616
0.00574627
0.0033393404
0.99986446
0.000966043
0.99999
0.0022151088
0.9954075
0.40508223
0.0033960443
0.99938285
0.0017326345
0.0052565597
0.4051275
0.99941933
0.0036079253
0.0005131151
0.99986243
0.76376706
0.99808985
0.99989533
0.40755102
0.9978655
0.6022651
0.002500004
0.9959692
0.0024945638
0.4057613
0.0055804094
0.016675787
0.99999964
0.0048961225
0.9982266
0.48645663
0.003356304
0.0025553617
0.008736717
0.0013541429
0.9997334
0.0032759847
0.998774
0.0017400899
0.40531012
0.6182555
0.9984445
0.9997099
0.97776026
0.0015991887
0.94113696
0.00050136424
0.0031386619
0.0042068
0.006041394
0.003063592
0.99975604
0.40556827
0.40516528
0.006057996
0.44478562
0.99950194
0.9999503
0.9998511
0.9998336
0.99931335
0.97461754
0.9971782
0.9996748
0.0018298188
0.9989793
0.69401836
0.0038684427
0.8963932
0.99955493
0.0030475874
0.9986676
0.0035882164
0.5263105
0.99997723
0.99988616
0.63597757
0.71567404
0.99926776
0.006035702
0.0017494829
0.010016923
0.003244119
0.045130894
0.000747465
0.0041488
0.99998045
0.999571
0.98846465
0.40517274
0.4055053
4.161007e-05
0.4053793
0.40546674
0.40013906
0.001593108
0.99183404
0.0002616185
0.99977285
0.0030949558
0.70449996
0.9999833
0.9997695
0.5732239
0.0016458154
0.84740347
0.008359714
0.9939513
0.0045750956
0.0010535126
0.0033622172
0.4058201
0.99978834
0.005454182
0.0004201368
0.40747392
0.9999517
0.7071502
0.0032534623
0.9987728
0.9439371
1.0
0.0028969652
0.002406463
0.9962702
0.0014765341
0.0042480244
0.40532884
0.42442414
0.6103669
0.40534386
0.001870369
0.9998603
0.40334034
0.0030399705
0.4067549
0.40566933
6.468904e-05
0.0046162875
0.99960333
0.99898523
0.0039071552
0.0020493593
0.004306792
0.9795696
0.0016524129
0.9993148
0.047086574
0.5158576
0.0019099587
0.00061598327
0.9997732
0.9998934
0.9999398
0.70363647
0.39677495
0.9991917
0.0032562113
0.0014012927
0.006395289
0.9977652