0.9999956
1.0
2.0939038e-20
0.9999994
3.0887413e-19
8.790906e-22
2.174906e-22
1.0
9.2100535e-21
0.9441621
4.206754e-15
1.6617034e-22
3.7179226e-20
1.0995974e-11
1.0
1.5638679e-16
1.2490133e-17
0.9997689
3.39447e-10
0.9869372
0.91804224
1.136459e-17
4.395998e-21
3.349939e-23
3.3744155e-20
5.818058e-09
0.49216765
0.99819237
7.4615834e-11
0.9999969
4.847949e-23
8.1352394e-18
0.031756036
1.31941e-07
3.368018e-16
1.6294638e-22
0.99994934
0.99999905
1.0
1.0
3.5658667e-13
0.16439481
1.2537742e-22
1.4760686e-21
8.4013747e-22
2.5526115e-18
0.99999917
0.99676526
5.7572288e-18
0.9999999
0.9999989
2.917749e-22
0.9999994
0.9999994
0.985344
1.5433017e-18
0.9999999
9.410017e-09
6.016172e-18
6.600672e-10
1.0
0.9999994
0.99999964
8.536829e-16
0.94041824
0.9448751
1.0
7.004532e-20
0.72819424
1.0
0.9999999
8.523765e-12
0.9950728
0.2809922
3.7141005e-17
4.06836e-23
2.36893e-22
1.0
1.6034782e-16
1.6015476e-22
2.5673256e-20
2.485336e-23
4.251442e-22
0.9999982
0.9999999
1.4532611e-22
0.99999976
1.0
0.9999989
0.9916099
6.521166e-23
3.304267e-20
0.9999999
0.99999976
9.570597e-19
1.4944273e-11
0.99999833
0.99902344
1.0
1.0
7.1757603e-19
1.1685019e-17
1.4971243e-21
1.7381726e-21
2.1609215e-22
2.0818238e-18
6.5092325e-24
0.9999329
0.9999933
0.9999982
4.228569e-12
9.262527e-19
0.9999126
7.5107364e-17
9.745264e-18
8.917326e-22
1.0422256e-16
3.8125004e-06
0.99999917
0.8409917
1.0
0.99999845
3.430725e-10
1.0
7.0397816e-13
0.99999964
3.657888e-16
3.5996634e-18
1.3140671e-18
0.9995403
0.9999914
0.9998306
1.5316656e-18
0.9997559
1.0586022e-23
2.8269143e-20
0.060814653
1.0
9.601208e-18
2.92262e-20
0.99999917
3.5824696e-19
0.9998605
6.815229e-21
0.9344441
8.570919e-18
2.2077561e-23
1.64465e-16
6.713488e-13
1.9678877e-21
0.9999999
0.999564
2.338299e-20
2.2052922e-21
8.2489277e-10
2.5148622e-23
1.0
2.6803282e-22
3.5583736e-20
0.99999976
1.0
1.0
0.80477583
0.9999999
0.9999876
1.04113286e-16
1.0
0.9999336
2.4001177e-17
1.9524304e-15
5.059401e-19
5.8665544e-16
2.63103e-10
0.49100015
1.1517497e-09
4.8460475e-22
5.913631e-11
1.0
8.137859e-15
5.7741864e-18
0.6516577
4.002554e-22
1.2604002e-24
1.0
0.99580896
0.9999933
3.961208e-22
5.518807e-20
1.4144309e-19
1.0
3.3270934e-22
1.0
1.0
0.9999999
1.3605055e-10
2.3479334e-21
2.0252607e-18
0.9999541
1.8082655e-17
1.1586711e-23
1.4543375e-10
0.99999976
0.9999995
0.99990344
0.99999976
1.0
6.296405e-12
1.0
2.9839516e-11
3.3591874e-10
3.4115602e-21
2.5111823e-22
1.0
2.2513867e-15
3.416412e-17
1.6651033e-16
1.8654425e-20
0.27438045
6.587712e-19
7.411173e-19
9.958278e-16
0.9999994
7.710206e-16
3.1131146e-23
4.148196e-20
1.0
0.999949
1.903183e-08
7.896431e-21
4.932794e-22
0.99999857
7.89625e-21
0.74880636
8.479354e-15
0.99702966
6.2004735e-10
1.0
1.0
3.4809256e-17
9.861956e-23
8.707945e-19
2.7536723e-23
1.0
0.99992394
0.99462974
1.5534847e-18
1.9195256e-20
2.8564164e-08
1.21369e-21
0.013574696
1.0
2.4601517e-22
0.99388945
1.8715388e-14
4.6748407e-21
6.245548e-19
0.9999809
0.9991578
0.9996799
1.0
1.0
4.0131336e-22
1.0
0.99999285
0.84141755
2.7324695e-10
4.87873e-22
1.227807e-17
0.67387396
0.99999917
1.5144923e-09
0.9622485
1.1379414e-19
1.6142605e-17
0.9995408
6.686123e-05
0.35608047
5.3775512e-20
0.99989796
0.9998708
1.0
1.0
5.5730647e-15
1.08473776e-20
0.9999999
0.99999845
1.1904643e-22
1.0
7.214336e-23
1.8275848e-18
0.8507506
0.9999999
0.9996773
2.870293e-20
0.99999917
1.2667574e-10
0.28621116
0.99998784
1.1784665e-17
1.0
2.7367995e-17
1.4345369e-18
0.9995994
0.99999857
1.0
8.583518e-10
0.9999813
6.12868e-10
1.0
6.622464e-17
3.5578072e-18
0.7363917
1.0
0.99995387
0.9999993
4.223325e-18
6.1584716e-16
1.3956397e-19
0.99993503
2.5086705e-17
5.5430883e-21
6.1728875e-09
8.176005e-23
6.636176e-23
1.0
0.9999989
2.0229619e-12
7.261422e-20
2.4398503e-16
0.9999485
0.972786
7.4430875e-23
1.0
0.9999999
0.87157637
2.105252e-21
1.0
0.99999976
9.20237e-12
9.332839e-23
2.2159754e-22
1.07628556e-17
0.99999964
2.0682773e-13
0.99999976
0.8730902
0.96780884
0.9999999
0.99999976
0.9999944
0.9998845
5.146696e-23
1.0
1.0402357e-16
0.99997675
3.1175965e-22
1.1176331e-16
0.9999999
1.0
1.0
7.6149387e-10
0.9999993
4.0292984e-16
3.3619797e-19
2.9863742e-13
1.4855126e-22
0.99783236
6.4868753e-16
2.3054029e-21
1.1033237e-16
2.5911977e-18
3.0050378e-19
1.0
7.572566e-23
3.1594172e-21
6.0749315e-11
0.9999982
0.9918498
8.351253e-19
4.398643e-16
1.0
1.0
0.9974239
4.899692e-15
6.381369e-14
0.99507767
0.9999987
9.217046e-14
1.7035998e-11
0.99995613
1.0
2.2442866e-15
5.609071e-21
2.34592e-06
1.1664426e-20
0.99999726
0.9999335
1.1196884e-19
1.5159736e-22
7.0418165e-15
9.745499e-23
0.97110265
0.999998
3.2894288e-11
0.76045984
7.3882017e-10
1.0
0.9999999
1.0
1.4063398e-18
0.9994854
8.9658885e-24
0.9999999
1.0
6.097043e-23
5.43446e-23
0.99866533
1.8226726e-22
1.0
4.8432666e-18
7.1033857e-22
2.1296445e-22
2.2203728e-17
5.9693534e-18
0.9999999
1.0
0.99999976
1.187466e-15
3.965938e-12
7.08798e-08
6.2525807e-19
0.99999845
7.823179e-22
0.004091628
5.0257992e-14
1.8658107e-22
1.0
0.99759907
0.9451205
2.735373e-22
1.9307218e-23
2.1626147e-12
4.4046885e-23
0.9999585
1.0
4.847315e-14
0.9999975
0.9999995
1.508904e-17
1.0
0.99998987
1.0953147e-07
0.97154737
2.0067533e-22
0.050269097
3.7840026e-18
0.99999964
0.9898953
1.3914183e-20
2.2100914e-22
1.0
1.0
1.09124375e-23
0.9527135
3.6183593e-18
1.0
0.99999547
0.18554175
4.6946574e-22
1.7893855e-20
2.93889e-18
1.2082753e-22
0.99999976
1.0
1.2094121e-18
0.99909055
0.99789774
2.9544258e-17
0.9999989
2.8642588e-10
1.5295585e-17
8.861307e-22
4.6767184e-19
1.0
1.06174025e-16
1.2346446e-11
8.9716705e-13
0.99999976
0.99999714
1.445469e-17
0.905224
0.99993646
1.0
0.99936825
1.274041e-06
8.3877275e-08
1.0
9.908142e-17
4.021903e-13
0.99960786
2.4480192e-22
1.0
2.2488758e-19
3.6816754e-22
0.9995203
0.9999988
3.623361e-17
3.9277666e-18
1.4514993e-22
0.06925214
1.9397995e-18
0.99479467
2.272613e-23
0.99999964
6.3905054e-21
4.1749276e-21
1.0
2.8140406e-09
1.26518435e-23
8.327327e-20
1.0
0.33093187
3.6111373e-16
0.9999716
1.0
0.9941209
1.3170169e-12
8.0949744e-23
0.9996141
1.671004e-21
0.99943763
3.3861842e-15
2.7104056e-20
3.271211e-10
6.316298e-20
7.5943536e-22
7.903293e-23
3.2686074e-08
2.0202827e-19
0.9999993
4.2722443e-18
0.9999862
1.71212e-20
0.9999999
1.8856883e-22
3.870732e-14
1.6110013e-23
1.14522195e-20
8.772198e-18
0.9999635
3.0997154e-21
7.813897e-16
2.612446e-19
0.9999994
1.0
5.593972e-18
1.4827026e-17
3.633895e-17
4.027592e-24
1.0
1.1586761e-22
1.0
7.21156e-06
2.36256e-21
0.9999999
1.1954184e-17
0.99999
0.99999666
8.0065433e-19
0.99999917
0.9999701
1.0165454e-24
0.9999261
4.4386153e-20
1.0
0.99999726
1.0
0.9999975
0.9998254
8.499069e-09
5.495692e-22
1.8926724e-21
1.1980782e-20
2.308911e-09
0.999997
0.7797935
6.81403e-22
0.96472913
3.710755e-19
1.0
2.6279853e-14
3.0204642e-17
3.994473e-13
0.0016693033
0.9999769
1.2208264e-22
3.0353228e-10
9.881323e-21
0.9999999
5.545257e-17
1.0
1.0
0.9967399
9.496841e-19
0.99967
9.436802e-23
1.9886499e-19
7.302207e-18
1.0596438e-17
1.0
3.5668458e-17
0.9859766
1.3609943e-16
0.9998596
0.73168796
3.2545332e-17
1.7132116e-12
6.908002e-18
0.9999995
0.9999999
0.99998975
4.6845054e-18
2.4386662e-18
0.9995981
0.7036392
1.0
5.870589e-22
0.98718166
0.97468793
4.3390094e-18
3.7377048e-19
1.3437962e-21
1.0
1.0
7.5969885e-15
1.0
0.9999449
1.5852734e-10
3.3035142e-14
1.1503875e-22
0.9999974
4.925001e-18
0.99934655
0.9999995
1.2269215e-18
1.2224807e-22
4.834e-11
6.3303437e-18
1.0
0.99960274
0.9999999
0.9998995
4.7240056e-17
1.0
8.997005e-15
1.0
0.9999999
1.0
4.4300505e-15
9.485741e-16
3.5669185e-22
4.251025e-20
0.99999785
0.9191152
9.716793e-18
0.99995744
3.1045418e-22
2.300606e-21
0.99999654
1.1985953e-19
0.9999516
0.9999999
7.3837475e-18
0.9995788
0.99999964
1.0
0.0316185
1.8851843e-15
0.99999976
0.9999789
0.5053259
1.3838593e-20
0.38202226
1.0
0.999918
0.9999988
0.99989593
1.0
0.9999968
1.3331845e-16
7.487934e-10
0.9975313
1.3290826e-22
5.5181655e-16
5.962772e-08
1.1877704e-21
4.26621e-22
2.5098085e-18
0.9999995
0.63747823
8.869539e-19
0.99999917
1.0
3.7317383e-10
3.6247535e-19
1.0
3.209895e-20
1.0
0.99999976
0.9999933
0.0891225
0.9999956
2.4161729e-19
3.1898646e-12
1.0
1.356642e-21
8.930569e-22
0.9999629
1.6726424e-22
0.6436118
7.417872e-20
9.2396394e-23
0.9986117
7.79666e-23
1.745098e-18
1.1547238e-20
1.2814167e-16
3.3876355e-20
4.343379e-19
1.1048048e-11
0.9998863
0.9999995
5.4185884e-21
3.4829355e-22
0.99994814
1.3326005e-15
7.254406e-23
0.99999976
0.9999999
2.893665e-13
0.99985325
1.6918919e-17
0.99999964
2.2905159e-23
1.0
0.00032189902
6.2436602e-21
1.1685977e-21
4.884547e-19
1.3419453e-16
9.545802e-19
2.5413746e-22
1.1802316e-22
0.99928004
0.2521913
4.290062e-18
0.9996884
7.860163e-08
4.9694536e-22
3.1028961e-22
2.0922415e-14
0.9998615
1.0
0.9982917
4.044476e-19
8.591522e-15
1.2326427e-14
0.9910631
2.276915e-17
0.99999917
3.961225e-21
2.8589296e-19
1.0
5.947748e-22
1.0181775e-20
0.99996054
1.0
3.2123588e-19
0.9999999
1.6950126e-24
1.054676e-16
0.99999464
0.9458867
0.9836128
8.157717e-23
1.0
0.9999993
0.99973065
1.0
4.1369597e-09
1.0
0.9998092
0.9999988
5.605297e-13
1.8996035e-08
3.7049168e-17
9.0922235e-13
5.754174e-19
1.0
8.132834e-22
1.0
4.0627984e-20
0.9915217
1.0
6.689427e-22
7.242627e-23
2.1733705e-23
0.8472435
1.0
0.9999907
1.0
1.0
0.9999895
0.9860372
7.793597e-23
1.1038209e-15
0.9896813
0.8084722
8.445908e-23
0.9999999
0.9999566
1.0
0.99999976
1.1167049e-22
3.1956455e-11
0.99999225
1.0
1.1046246e-24
0.3525235
2.4411152e-17
1.0
4.9118014e-22
3.5435522e-14
0.9999999
0.99971944
0.25164592
0.99996567
0.9997861
6.1323236e-19
2.1036715e-20
9.8738e-11
1.0
1.0
1.1373975e-14
1.0
0.99995387
0.9999999
1.0
0.9999988
3.3322012e-21
3.2381685e-13
0.9999999
2.2083827e-20
1.6278623e-09
6.7326886e-23
0.9207488
2.3164727e-23
8.643411e-19
2.6640404e-21
4.902849e-16
1.0
1.0951911e-19
0.9999212
5.0572466e-09
0.9999981
1.0716206e-11
4.3032768e-16
2.7816166e-13
1.0858448e-17
3.6169717e-22
1.6251076e-20
0.3218632
3.2342945e-19
0.9998227
4.9368465e-20
1.0
1.3431665e-20
2.5847519e-10
3.2569185e-09
0.23665512
0.9999995
4.514035e-21
0.6506814
1.3767464e-19
1.6996696e-22
1.7584996e-22
1.0
5.62401e-19
0.0234878
2.0299257e-17
4.352438e-10
1.0
5.448646e-20
0.99999976
0.99999475
0.9990784
0.99807596
3.246997e-15
0.99999976
0.9999999
0.49132752
9.0550985e-21
0.9999784
0.26009074
0.9999938
0.00014600312
1.042166e-16
0.9999974
0.9999373
2.5550068e-19
0.99999726
7.396067e-18
9.4933184e-21
4.752911e-16
0.021877497
0.9999999
0.99997294
3.1127614e-21
1.0
1.0
7.989089e-20
1.0
1.0
0.99609226
0.9997861
0.9999083
4.61871e-18
1.3477886e-16
0.9999999
3.3303747e-19
0.9999993
1.0630644e-18
1.0
0.9999987
0.99998236
1.0
3.3528755e-18
1.0
0.999992
7.0523256e-23
0.99999976
4.8658496e-22
4.3579504e-19
1.5328163e-19
5.454172e-22
1.7025154e-18
9.478229e-21
1.0
0.93824446
0.99999976
7.376115e-19
0.9996388
0.6671063
4.0492814e-17
5.1391116e-20
0.9999981
0.97159606
1.8338028e-15
0.99984646
0.9999981
0.9999974
8.101912e-19
1.0
4.0281245e-19
0.99998677
5.6031126e-18
4.6100125e-19
1.0863149e-21
0.9999647
2.5764582e-21
1.0
7.055312e-23
0.99956006
1.5409067e-19
5.7214294e-19
0.99725467
1.0
4.308733e-11
1.0
1.0
5.410739e-21
0.9996172
9.1796276e-17
6.4921204e-17
1.9702744e-08
1.27825726e-17
0.98745686
0.010873155
0.99999547
0.99992883
0.96841854
1.5318451e-20
1.0
3.93461e-23
0.94255716
1.7910204e-17
2.2961469e-18
5.010673e-19
1.844274e-18
0.9997887
1.0287123e-17
0.9982091
1.3295397e-21
0.99999976
0.88211626
3.7949996e-20
0.9999989
4.059673e-18
9.983154e-16
0.99997735
6.900168e-14
7.72758e-23
0.9999889
1.0
7.124676e-18
0.010579275
1.0
8.1775335e-23
2.1375039e-17
1.0
0.007757262
9.047118e-22
3.168749e-20
5.809908e-20
2.5250726e-22
5.0646972e-17
1.1089117e-21
0.99998593
0.9999988
0.9993824
1.8091587e-21
2.4410768e-18
0.99892247
1.3416447e-14
8.9330055e-18
0.9384948
2.3703386e-16
0.9999963
1.0
1.0
1.0
4.861844e-21
1.844674e-19
0.99843735
1.0
0.99999917
0.999995
0.99999046
1.4315882e-21
1.0
8.9029714e-17
1.0
0.9999987
1.5355969e-18
1.2246557e-11
2.9825416e-18
4.6454684e-23
0.9943203
0.9999683
0.9995597
5.7326736e-14
1.0
1.1948963e-21
1.0
2.780201e-20
0.9999783
0.9999968
0.9999851
1.0
0.99999976
4.693424e-21
2.0769809e-22
8.195234e-17
0.99932086
0.9999988
0.99968827
1.0454768e-20
1.0
1.0
1.0
9.046287e-15
0.9999999
5.4182276e-17
0.9999999
0.99993706
1.0
1.5332037e-17
2.5738788e-18
1.0
5.764516e-21
8.352136e-21
9.5276285e-23
0.99999976
2.7915409e-12
0.4763357
0.9999349
0.9985544
1.7062105e-08
6.8039003e-22
0.99999964
0.9999999
7.800777e-20
0.9999999
0.97555745
1.6306156e-20
3.58936e-21
4.980267e-16
8.057275e-21
0.999964
2.0978513e-22
3.369545e-10
0.9995383
0.9999498
1.5268206e-22
2.4302314e-20
0.99997425
2.4278397e-21
0.9969921
2.3875706e-17
4.054703e-19
8.911903e-18
2.3250028e-19
0.99984956
1.2164015e-21
1.1894021e-22
0.99999845
1.6903162e-19
2.8230298e-16
0.9999597
0.00030596642
1.0620532e-14
6.279314e-16
2.1982102e-15
2.8330076e-17
0.99996483
0.99999905
0.9999993
1.2260394e-22
0.99956816
1.8844658e-22
0.99999774
1.4733378e-07
1.0
0.99999547
1.0
0.9998919
1.9397351e-16
1.1940338e-12
3.6426784e-18
0.99213
7.7692284e-15
0.5531989
0.19888952
0.96243817
5.721975e-19
0.9764166
0.79521126
2.364677e-15
0.9999045
0.9920902
0.9999999
0.99999213
1.0
1.4042673e-15
4.6318435e-23
0.999421
1.148519e-08
2.0970784e-19
1.1842276e-14
4.9270803e-13
0.99908817
0.9999908
1.0
0.99999964
3.2010434e-19
0.9999999
1.8436255e-12
2.9759817e-12
7.717462e-19
0.99792635
3.1838795e-22
2.4866507e-18
1.3903757e-16
1.0
3.1841028e-19
1.6511654e-20
3.1607392e-16
2.5307137e-22
3.748841e-20
5.441833e-20
6.47219e-17
0.9999759
7.565335e-19
1.0
2.8425867e-14
2.0626789e-17
5.098932e-17
0.99999785
0.9005032
6.578994e-20
1.5563122e-13
1.0
0.999884
1.4836097e-22
1.7473412e-20
2.5259866e-23
2.0924911e-12
0.9952559
0.99999964
7.146139e-14
0.99996793
0.99087113
0.9999995
9.808466e-21
1.0
3.0862292e-21
1.7448585e-18
0.53037107
0.9999999
8.825902e-18
5.633357e-24
0.9999485
1.2712923e-19
3.424588e-20
6.1132676e-18
4.5563397e-11
0.99999976
1.0
6.65526e-17
4.3871626e-09
1.0
2.2604363e-18
0.67140245
0.99999607
3.3229383e-19
6.078245e-19
1.0
3.9138212e-21
5.0323122e-14
0.99999833
3.104633e-17
1.0
1.8404288e-19
4.478424e-23
4.5527552e-21
1.0476315e-22
1.8825602e-16
0.99999356
5.1126647e-24
7.702146e-17
7.572443e-10
0.9999999
1.0
0.9999596
0.9991744
7.113084e-17
4.497475e-17
0.99980074
2.865553e-22
2.1691199e-17
1.2424693e-10
7.936602e-12
0.99998283
3.4131815e-17
1.2533821e-22
1.0
2.9898843e-21
4.2048653e-09
0.0013408827
0.99803287
0.99999905
6.0428866e-22
0.999967
1.3273214e-19
4.9847755e-22
0.12470473
0.9999993
1.4280484e-21
0.99999976
0.999987
1.238289e-21
6.914414e-24
1.0
4.9859668e-17
1.0
2.9280899e-19
0.9319527
3.7299158e-18
2.2005548e-19
0.9999864
1.8923207e-19
9.45303e-20
0.9090812
0.9999995
8.776147e-18
9.355222e-16
1.0
0.99991906
0.99999785
0.99999774
0.99999964
0.999998
0.99999976
4.4200212e-16
1.0
6.922957e-19
2.4458232e-06
8.233796e-20
1.1360569e-15
1.0
5.919125e-19
0.99992
0.9999815
3.4817207e-18
2.2260017e-19
3.8451354e-16
1.29117575e-17
0.9999528
3.5049515e-12
0.99997234
1.8024373e-19
1.02682256e-17
0.9999999
0.99988306
0.9999956
0.9992467
7.0890067e-16
0.9997787
1.44345e-20
3.3288783e-10
1.1083779e-15
3.476242e-09
1.0632813e-22
1.0
6.046599e-22
3.908262e-18
4.1077048e-23
0.0057075634
0.99999714
0.9999988
0.9999957
0.9999994
0.999992
0.98555815
0.9991528
0.9999949
5.5165564e-12
0.99989617
1.0
4.6945475e-23
0.6321332
0.9999999
1.7091232e-22
0.9999937
4.17132e-18
0.99999976
1.0
1.0
1.0
1.0
0.99999964
3.0092547e-22
1.6474848e-20
5.228052e-20
8.782917e-17
9.665791e-11
1.7842421e-17
6.3675275e-23
0.9999993
0.9999714
0.9995586
2.740644e-17
1.3491467e-16
1.21124115e-17
2.7707506e-17
5.106282e-20
2.2492852e-05
7.019669e-21
0.9999732
7.842633e-14
0.99997306
1.2241368e-23
0.16077377
0.9999999
0.99999976
1.0
2.0561678e-23
0.99965024
4.166095e-11
0.99604213
1.04825913e-22
6.6690316e-18
1.0282825e-21
7.6070936e-19
0.9999999
1.1652591e-21
7.948515e-18
0.9999924
1.0
1.0
4.810337e-21
0.9999931
0.9770453
1.0
2.3539945e-22
6.598488e-23
0.9999999
1.6776407e-07
2.969858e-19
3.4495991e-12
0.96631515
0.9999976
3.3311445e-22
1.7880905e-11
0.99999845
0.9995383
8.369436e-18
0.99999666
3.6513236e-15
3.4660355e-15
8.7203606e-23
1.0
0.9999987
1.7115837e-21
1.7504576e-19
4.391405e-10
0.99998593
2.4060947e-07
0.9973367
3.7292044e-18
0.99999595
2.2252075e-23
2.511475e-18
0.99999976
1.0
0.9999995
1.0
0.00023094605
1.0
3.0773713e-17
2.932563e-14
5.5684755e-22
1.0