0.59756887
0.9999999
0.3949452
0.5668962
0.39621803
1.3345761e-05
9.234572e-05
0.9999994
0.39655852
0.986067
0.0004441599
6.329894e-05
2.6298612e-05
0.39658841
0.9999945
1.2946559e-06
5.3967756e-06
0.9999664
0.0004168496
0.49388343
0.9967989
4.7692974e-05
0.3990931
0.00014737176
9.466396e-06
0.00019265595
0.51319164
0.9991543
0.3898431
0.99999964
5.4213007e-05
0.39516988
0.92633027
0.39635852
0.3947498
0.39261454
0.5409349
0.9999471
0.9999976
0.9999999
9.879783e-06
0.49319518
7.073735e-05
0.3950563
3.9829072e-05
3.628493e-06
0.57426035
0.97387797
8.870583e-05
1.0
0.999997
2.6153128e-05
0.9999933
0.9999949
0.5298014
9.762493e-06
0.5422294
0.00035187625
2.9020935e-05
1.4741863e-05
0.5853426
0.9999714
0.5674677
0.39459127
0.991392
0.98800254
0.5863335
7.970987e-05
0.9678825
0.5805991
0.9999908
2.2540113e-05
0.99775934
0.28744164
5.635372e-05
0.0002517968
0.00010487878
0.5522767
0.39236608
0.39199573
0.00086689525
2.4113486e-05
0.39182925
0.99989414
0.9999999
3.3917553e-05
0.528579
1.0
0.999998
0.999561
9.984849e-05
2.6403302e-05
0.999995
0.99991703
2.6328498e-05
0.00089232216
1.0
0.9992519
0.99999547
0.9999994
0.3956933
0.39297962
8.073508e-06
1.6864851e-05
0.3931708
3.4194313e-06
5.1500134e-05
0.9998596
0.99999964
1.0
5.510246e-05
0.39339444
0.99998045
3.6251452e-06
0.3963792
0.0025083907
3.7424095e-06
0.010945738
0.999967
0.96183383
0.9999999
0.99994206
0.0008663103
0.9999999
4.874037e-05
1.0
2.2434624e-05
0.00037049077
6.213281e-06
0.99883395
0.9999999
0.99982303
0.001494922
0.999265
2.729792e-05
1.2605023e-05
0.085460074
1.0
0.3960782
1.979958e-06
0.9997305
2.7499633e-05
0.9998518
1.872773e-05
0.9991937
0.0010703274
9.715357e-05
0.38762426
1.5101803e-05
1.1451346e-05
0.99996996
0.99703276
0.39166042
0.0015577371
0.0011730873
0.39041114
1.0
9.3103394e-05
1.0467269e-05
0.99998355
0.9999987
0.9999746
0.7078733
0.99999964
0.99999976
1.040572e-05
0.63154
0.5269732
4.2768256e-06
8.0783706e-05
2.3607307e-05
0.3944976
0.00018483549
0.80283755
5.8940394e-05
1.2202227e-05
0.0008236674
1.0
4.6408895e-05
5.292368e-06
0.567904
0.000106776424
5.324125e-05
0.99999964
0.99831176
0.9998165
0.3949447
0.3967716
0.00063599995
0.9999976
6.416155e-05
1.0
0.9999976
1.0
0.0002546068
8.8895424e-05
0.39357248
0.9985985
1.6679902e-05
0.00013611834
0.0007093486
0.9999695
1.0
0.9990017
0.99986184
1.0
0.00013342204
0.99999666
0.00029891988
0.0004309143
0.3941953
0.39245963
0.999982
0.008111535
0.3927706
0.39399198
1.5892638e-05
0.087268114
1.0014429e-05
1.2083e-05
0.0042102486
0.99999964
4.9261154e-05
6.6810746e-05
4.4547505e-06
0.99998105
0.99987805
0.003504376
0.39575446
4.6299534e-05
0.9999664
0.39630872
0.489928
0.3918698
0.5148172
0.39855647
1.0
0.9999999
1.1033933e-06
1.3093476e-05
0.0014729074
6.869157e-05
1.0
0.9999958
0.99928814
8.2112114e-05
0.39864755
0.0016622521
0.39344352
0.9485602
1.0
7.5594717e-06
0.994749
1.4608898e-06
6.1690694e-06
2.2930983e-05
0.9994605
0.99997985
0.9999949
0.99999106
1.0
1.9631041e-05
0.9999999
0.99999297
0.908986
0.00011664228
1.3621754e-05
3.347702e-06
0.25532186
0.99994814
0.39621276
0.9609132
0.0005800906
0.00015961898
0.9978612
0.41969135
0.18976498
3.2324246e-05
0.9987953
0.998611
0.9999999
0.9999994
0.0001361778
3.165281e-05
1.0
0.9999999
0.38905835
0.9999999
0.00021225904
0.39477736
0.7391484
0.99999976
0.52894396
1.108087e-05
0.9999933
6.183112e-05
0.96483684
0.9999951
0.0005696972
0.9999919
0.3903959
1.732267e-05
0.999703
0.9998312
1.0
0.00017681677
0.5661519
0.015739916
0.9999883
2.9279747e-05
1.2737062e-05
0.9969543
0.99998283
0.99994254
0.9996984
2.8764023e-06
9.803011e-05
0.0021021522
0.99797183
3.00529e-05
4.473986e-06
2.8688905e-06
0.000100580495
6.153745e-06
0.99999595
0.5155464
0.000115652045
1.1102893e-06
0.39363676
0.9999893
0.86747587
1.2348109e-05
0.99999857
0.99999976
0.95454466
0.39622182
0.9999999
1.0
9.7442775e-05
2.2295902e-05
9.126296e-06
5.8121695e-05
0.9999995
0.3906145
0.99999976
0.9944165
0.99771667
0.99996257
1.0
0.9999516
0.99999356
0.000118978984
0.99999845
0.38979056
0.9998957
0.0046078046
1.2175478e-05
0.5536426
1.0
0.56609696
1.8551818e-05
0.9999988
5.735575e-05
8.674566e-06
5.4612187e-06
0.38996452
0.98658967
6.5065506e-05
0.000184906
0.39315462
0.39913678
7.619332e-05
0.9999504
2.8479348e-05
9.7431155e-05
5.64957e-07
0.9999603
0.99500424
2.9044333e-05
0.013017659
0.9999918
0.9999999
0.99897873
1.5199893e-06
0.00033074908
0.99016565
0.9999869
0.3884557
7.016081e-05
0.99997413
0.604122
5.309224e-05
9.04862e-06
5.8229096e-05
0.39567712
0.9999999
0.9999614
1.2233674e-05
2.7139738e-05
0.00013210268
3.1542193e-05
0.99998665
0.9999932
0.39047357
0.53022754
0.39328474
1.0
0.9999969
0.9999764
0.3888468
0.9985115
0.39542654
0.99990356
1.0
9.14149e-05
4.7351543e-05
0.99728703
6.473094e-05
0.99998665
1.2407875e-05
5.7621968e-05
0.3951746
9.332237e-06
3.1128413e-05
0.999933
0.9999993
0.99999774
0.39016107
0.00025127086
0.00015690947
7.800348e-06
0.9998946
0.393969
0.2776383
0.0024393315
1.8238097e-05
0.999995
0.5736153
0.9014503
0.3924792
0.00015620085
0.004702707
2.6102249e-05
0.99997306
0.9999974
1.2928969e-05
0.9999839
0.9999714
0.39550743
0.9999981
0.9998418
0.39357647
0.9978714
1.2707155e-05
0.058399033
2.9049294e-05
0.9998247
0.999025
5.918523e-05
2.2305154e-05
0.9999795
0.9999976
0.00021072086
0.99099475
1.2343329e-05
1.0
0.99999523
0.31214547
0.00012799195
1.6648772e-06
0.3957031
5.550242e-05
0.9993156
0.5724353
1.8255358e-05
0.99676347
0.9997855
0.00022785379
0.9999989
0.00029337622
0.0003362736
0.39511457
0.39154956
1.0
1.775104e-05
4.354543e-05
2.1080414e-05
0.9999862
1.0
0.39087152
0.51969254
0.97979647
0.99999976
0.9998134
0.39602494
0.3899721
1.0
0.0001199013
3.4863202e-05
0.54977953
0.38741934
0.99999964
2.9715065e-06
4.6414072e-05
0.99964535
0.99999976
4.915482e-05
0.37927118
5.583996e-05
0.1500007
0.0015323864
0.9677932
2.4708128e-05
0.9999728
0.39592153
0.39364478
0.5969842
0.00021324815
0.00017875317
2.4457822e-05
0.61783373
0.6452707
3.35875e-05
0.9998745
0.9999999
0.9994517
0.3909686
0.0002773405
0.9974903
0.0018388386
0.9971222
0.39386317
2.3555314e-05
0.39050183
6.0089405e-05
0.00010619236
7.925517e-05
0.39237618
1.0230181e-05
0.580099
0.39830226
0.9999981
0.39491218
0.99993134
0.39289787
3.7843678e-05
0.00037011795
0.0004157628
4.857626e-06
0.9998617
3.5142293e-05
4.4150192e-06
0.39225262
0.9999964
0.99999964
0.39634204
1.4149134e-05
0.000103915336
3.3326036e-05
0.9999957
0.0002622698
0.99999964
0.36356962
0.3950283
0.99999523
3.796173e-05
0.99994516
1.0
1.7245151e-05
0.99999857
0.99969447
5.6212997e-05
0.51014555
1.2274786e-05
0.9999999
0.99999726
0.99999976
0.9994947
0.9995938
0.00033733706
4.2930653e-05
5.1812312e-06
2.4209292e-05
0.00027168897
1.0
0.9908432
3.5856545e-05
0.7316287
0.0008511742
0.9999999
8.807712e-05
2.032194e-05
3.4709476e-05
0.025346767
0.6012404
0.00013841884
1.93287e-06
1.8060688e-05
0.99998367
4.475881e-06
1.0
0.99996567
0.9928275
9.1254e-07
0.9999032
7.497395e-05
0.39311832
0.39527962
8.510763e-06
0.5528659
0.0044930596
0.9965469
2.258308e-05
0.9999989
0.46362406
8.355683e-06
0.00116103
4.5197e-05
0.99999833
0.9999999
0.9999958
0.38466078
0.0003102855
0.9985605
0.44519264
1.0
1.711952e-05
0.9787564
0.9988152
0.39440638
4.990694e-06
0.39497906
0.9999956
0.9999999
0.0060200486
0.99999976
0.9999341
0.00022946033
0.00022652937
3.2707445e-05
0.999998
0.0001690264
0.93996674
0.9999399
7.8786015e-06
0.00013838637
0.00030391538
4.9410587e-06
0.5465688
0.99898964
0.9999937
0.9988205
0.39353922
0.6353027
1.8432218e-05
0.99999666
0.9999999
1.0
4.9993847e-05
0.00012035892
0.3898371
5.2159157e-06
0.99999833
0.96684897
5.5613505e-08
0.9984862
6.696256e-05
6.318038e-05
0.99999964
0.3865061
0.55062026
0.99999976
1.3956807e-05
0.9999732
0.9999962
0.99999976
0.44889805
0.0003147763
0.9999925
0.99200094
0.42984954
0.0020810685
0.79533166
0.99997497
0.99993086
0.999992
0.9977451
0.9999981
0.9999026
6.742494e-06
0.00021834028
0.9924142
1.3127308e-05
4.347877e-06
0.0035025731
4.4394696e-06
0.00010034818
8.315809e-06
0.9999794
0.98783386
0.39754725
0.59861505
0.9999987
0.0012077441
2.4485125e-05
0.9999993
1.0806207e-05
0.9999703
1.0
0.56915325
0.49896094
0.99999857
1.2156602e-05
7.541781e-05
1.0
0.39177743
7.661516e-06
0.9999157
2.0721027e-05
0.9196954
1.3303648e-05
2.5204235e-05
0.99971074
8.307186e-05
1.9361561e-05
9.824921e-06
4.5537836e-05
0.3953182
3.4285972e-06
9.5445495e-05
0.99627644
0.99999905
0.38755262
1.93439e-05
0.99995184
5.3536646e-06
6.8769696e-05
0.99999964
0.538419
0.00036191818
0.5166504
0.3950932
0.9999647
3.138455e-05
1.0
0.018558512
4.524612e-05
0.39486194
5.0746337e-05
0.39422908
6.197161e-06
2.6884201e-05
2.7924581e-05
0.9999715
0.5039873
4.7535093e-05
0.99964774
0.0002156525
2.3835742e-05
0.38905784
0.00019321355
0.99992025
0.5619649
0.9999701
6.1468854e-05
1.3988842e-05
0.0008500221
0.996887
1.5675581e-05
0.99998164
8.241895e-06
0.00028002617
0.60235894
1.30001345e-05
9.614834e-05
0.99999607
0.9999707
0.37287155
0.99999976
6.4568805e-05
0.0016351903
0.9999937
0.99478334
0.9952748
8.650138e-05
0.9999956
0.9999999
0.520752
0.99999976
3.6773574e-05
0.99999976
0.998156
0.999889
1.4143761e-06
9.474462e-05
1.710803e-05
0.39072412
3.4789802e-05
0.99999917
0.00010442272
1.0
0.3890291
0.9987116
0.99998903
1.551228e-05
5.856149e-05
0.00012083282
0.72470444
0.9999988
0.9999596
0.9999994
0.60582554
0.5184128
0.9791804
0.00032648185
0.3897978
0.99925727
0.9859244
1.4259439e-05
0.9999999
0.9999999
1.0
0.99999857
8.602812e-05
3.6502304e-05
0.99998343
0.99999976
4.2152482e-05
0.66083246
0.39372724
0.99997437
0.00019285243
1.305216e-05
1.0
0.99935704
0.64121646
0.9999255
0.9999958
0.00010637742
1.5165391e-05
0.010541712
0.99999976
0.9999993
0.39630985
0.9999999
0.5399983
1.0
0.9999999
0.9999956
3.555425e-06
3.6065292e-05
0.99996614
0.0011904513
3.9069055e-05
3.415039e-05
0.99997604
0.0003877581
4.68697e-06
9.3088216e-05
0.39123943
0.9999957
0.39387065
0.99994147
4.048795e-05
0.62456626
0.00025068532
0.38849658
2.1330662e-08
2.0416386e-05
7.689081e-06
1.3851459e-05
0.89235634
0.3962952
0.99976104
7.521973e-05
0.9999615
0.3955527
0.0049037533
0.006523028
0.8780716
0.56300896
0.40110037
0.9814247
8.291529e-06
0.3941401
2.6950636e-05
0.59395593
0.3942929
0.09764412
0.3967065
0.39806435
0.9999999
4.728986e-06
0.99982256
0.9996402
0.9998472
0.927708
3.8259528e-05
0.9995977
0.9999999
0.9975286
1.1182336e-05
0.9999441
0.39991453
0.99999976
0.22688897
7.2245984e-06
0.55367076
0.9999908
0.3953558
0.9999597
3.5036098e-06
5.9867147e-05
5.8989935e-06
0.3041535
0.9999987
0.55171853
0.38893577
0.6553678
0.99997747
0.0015813449
0.99999154
0.999998
0.9999852
0.99997175
0.9999709
0.39890048
2.8635206e-05
0.9999993
0.39617103
0.99997485
0.39200902
1.0
0.5417589
0.9999887
0.9999999
5.733082e-05
0.5805075
1.0
7.349687e-05
0.9999994
3.2170086e-05
1.2986232e-05
0.001018746
2.2113773e-05
0.39312083
0.0002570437
0.59897166
0.5583424
0.9999939
9.734519e-06
0.99875045
0.5510441
2.104135e-05
6.319815e-05
0.9999707
0.9999994
0.39004222
0.9988876
0.99999857
0.99999774
7.009734e-05
0.9999695
2.0593704e-06
0.99782
0.00014377263
5.6361864e-07
0.3954034
0.99657756
6.9436705e-05
0.9999927
0.39159113
0.99995804
0.39507538
1.0946732e-05
0.9962282
0.9999962
1.3108893e-05
1.0
0.9999788
3.1243388e-05
0.98262066
0.00044831776
3.0252631e-05
0.39335755
0.38878343
0.9988211
0.15774035
0.58493316
0.52805597
0.9980326
0.39591092
0.57538277
6.59031e-05
0.99992824
0.39531004
0.39829764
4.987677e-06
8.2598735e-06
1.0
0.39469534
0.50510246
1.3841503e-05
0.99995387
0.98636115
3.2455275e-06
0.9999976
7.355872e-05
0.3949598
0.99999905
8.143427e-06
2.33182e-05
0.99999297
0.9999937
0.39461666
0.013126718
0.63606185
0.00020624207
0.39442337
0.9999987
0.39458737
0.3917715
3.3218977e-05
0.005274822
0.39245135
0.3946561
0.3844488
0.9998287
0.99999726
0.9995455
2.0320971e-05
0.3961309
0.99616975
1.7148011e-06
0.001342826
0.9887959
6.078365e-05
0.99999833
0.9999988
0.99999976
1.0
0.00011919804
7.6185643e-06
0.9996189
0.9999968
0.9999598
0.9999722
0.5763589
0.3960634
0.99999905
0.001093007
0.99997973
0.99991524
6.110545e-06
2.4758769e-05
2.1456037e-05
8.438026e-05
0.99992764
0.9999932
0.9984269
5.293516e-07
1.0
0.0001199801
0.5762561
7.778545e-06
0.999984
0.99999034
0.99965394
0.9999999
0.9999881
2.9795485e-06
0.3938241
7.1519746e-05
0.9999907
0.99753344
0.49559098
1.842206e-05
1.0
0.9999995
0.607748
5.6726726e-06
0.9999975
2.4376695e-05
0.99908507
0.99961925
0.99997663
1.4850756e-05
0.39526144
0.9999664
0.0016352176
0.00035236252
0.00012778696
0.9999974
6.364139e-05
0.9920819
0.9999291
0.9989353
0.007302277
4.952682e-05
0.99961734
1.0
1.5033864e-05
0.9999995
0.5171486
4.765353e-06
7.714561e-06
0.00039299746
5.973557e-06
0.9999945
0.3941348
9.364609e-05
0.9991192
0.9999913
6.360596e-05
2.3835423e-06
0.9999001
1.1106261e-05
0.9896771
1.3092451e-05
1.0767754e-05
4.25556e-06
6.4335627e-06
0.9995235
2.4613399e-05
3.9978277e-05
0.9999976
0.00012433475
5.1157105e-05
0.5497038
0.015291449
1.010055e-05
1.1733927e-06
0.40108836
0.39516968
0.99996436
0.99999726
0.99998844
2.8080216e-05
0.99953485
7.5938144e-05
0.9999794
0.0049839155
0.99998486
0.9999957
0.99999976
0.9995894
6.8811833e-06
1.4715711e-05
0.39430222
0.99268794
0.39451623
0.9836273
0.13044886
0.9198054
0.39517042
0.8519139
0.9053862
0.39195564
0.6462806
0.9813495
0.9999999
0.54852927
1.0
2.139637e-05
1.3569944e-05
0.9980578
0.00022628026
1.2439545e-05
5.9865997e-05
5.8433634e-05
0.9993087
0.9999981
0.9999974
0.99997115
6.0015195e-06
1.0
0.0014007657
6.2865336e-05
3.6107347e-05
0.9865718
1.2646249e-05
1.2272013e-05
0.3948319
0.9998053
6.3856976e-07
0.39599225
6.8341874e-06
0.00014494543
2.6932394e-05
2.1904803e-05
1.0619714e-06
0.99999833
4.745204e-06
1.0
0.00010536545
0.39399356
5.037205e-06
0.9999925
0.5650112
5.157641e-05
0.001426057
0.9999995
0.9987496
0.00010593668
4.1114887e-05
0.00016559828
0.39806053
0.9779643
0.9999739
1.2881426e-05
0.9999932
0.99554634
0.9999995
2.2701452e-05
0.99999976
2.5509573e-05
1.5160041e-05
0.2763704
0.9999995
9.228785e-06
0.39503586
0.99943966
6.355885e-05
1.9444533e-05
8.122555e-06
0.0001221273
0.9999988
0.99999547
7.966356e-06
0.40314603
0.9999995
4.5746565e-06
0.45883456
0.99998236
4.9278166e-05
4.1965377e-06
0.9999995
1.0432359e-05
0.00010296967
0.9991774
0.39750975
0.9999697
1.1099675e-05
1.0296247e-05
0.00054698036
7.558478e-05
2.9831308e-06
0.99999976
0.38653946
1.9588777e-05
0.3931204
0.9999987
0.6198906
0.999348
0.51909256
5.691204e-07
2.8457902e-05
0.9999747
9.4012785e-06
0.39504454
0.0005326947
0.38883755
0.99994123
0.39612827
0.00016339771
0.9999994
0.39531896
5.902173e-06
0.24236254
0.999777
0.99978846
3.258301e-05
0.99901116
7.956709e-05
0.39366046
0.36699933
0.9999951
1.4203929e-05
0.55646753
0.9999515
5.7664627e-05
5.1696265e-05
0.99999964
2.3810887e-06
1.0
4.7737954e-06
0.88959277
0.39213997
2.9589806e-05
0.9999602
0.00032238453
9.9785575e-05
0.5410647
1.0
2.8206168e-05
0.0001047073
0.99999976
0.57805604
0.99997437
1.0
0.55295444
0.99998474
0.5598295
9.354879e-06
0.99997675
1.1605007e-05
0.39582247
0.0021791758
2.5954928e-06
1.0
3.612391e-05
0.999995
0.6380951
7.6705895e-05
2.3606271e-05
0.00069255155
6.6110865e-06
0.9998808
0.00028581073
0.9999691
2.1501673e-05
0.3958574
0.5495414
0.99999845
0.99998415
0.9963709
0.00010937897
0.99961483
1.6915919e-06
0.00027505218
5.5870337e-06
0.00023193506
2.384843e-05
0.9999747
0.3948758
0.39669472
3.877812e-05
0.18006676
0.9999366
0.9999893
0.99996495
0.9999535
0.99999976
0.9981406
0.9999945
0.9999951
4.8530317e-05
0.9999894
0.57912755
2.7265034e-05
0.9915672
0.9999931
4.3710435e-05
0.9999455
3.3479002e-06
0.5708564
0.99999964
0.9999999
0.5892807
0.5960603
0.9999187
4.2936837e-05
1.3475185e-05
0.00056106655
1.3521761e-06
0.38879415
1.05292195e-07
4.736604e-05
1.0
0.9999596
0.99976903
0.3964729
0.3937651
7.4090865e-05
0.39442378
0.3940902
0.3994547
4.958477e-06
0.9999709
0.0004511117
0.9999602
2.9083301e-05
0.563701
0.9999864
0.99999166
0.58986515
2.8134951e-05
0.9943093
1.29596565e-05
0.99656147
0.00021520739
4.4320877e-06
2.2172815e-05
0.39163882
0.9999999
2.2077866e-05
3.0344254e-05
0.54176474
0.9999999
0.6139065
9.145675e-05
0.9999869
0.94156885
1.0
4.0878127e-05
1.9584535e-05
0.999899
0.00042359796
2.3390518e-05
0.39798412
0.50260854
0.5293755
0.389739
0.000105930514
0.99999964
0.5605861
1.3911176e-05
0.5821018
0.39354226
8.4879415e-05
0.00013401802
0.99999535
0.99979097
6.3493004e-05
7.888863e-06
0.00051092077
0.99972373
0.011041512
0.9999975
0.3886177
0.612835
1.3408934e-05
3.2711166e-06
0.999997
0.99999976
0.9999994
0.6190284
0.003963162
0.99999833
3.8189887e-06
6.306781e-05
0.0013224052
0.99998915