0.52656025
0.9999999
0.43464264
0.55932015
0.43641865
0.00056084385
0.000775935
0.9999999
0.43621123
0.8606604
0.0023005656
0.0005044614
0.0014163231
0.43809098
0.99997807
0.003502904
0.0018554298
0.8838344
0.0017277877
0.5450974
0.48614708
0.001115119
0.43586174
0.0007229652
0.00083113293
0.10374579
0.54938525
0.9930565
0.43948138
0.9999676
0.0006611963
0.43651685
0.5170812
0.43875208
0.43654084
0.4333617
0.5521407
0.9994814
0.99993694
0.9999993
0.0020872392
0.43822303
0.0005614255
0.4342953
0.0013586682
0.0012974148
0.55318266
0.97622776
0.00068831805
0.99999213
0.9996234
0.00054016395
0.9999951
0.9999814
0.5524505
0.00061651634
0.5367598
0.016322479
0.0011068038
0.007886323
0.55411243
0.9999635
0.55164695
0.43653357
0.9746167
0.8183922
0.55531025
0.00028883986
0.92230487
0.5521554
0.9999908
0.0026266526
0.9437613
0.1418362
0.0019718213
0.00040655042
0.0007697322
0.55110294
0.43709043
0.43388647
0.0005428945
0.00066404877
0.43530136
0.99989676
0.9999883
0.0010270248
0.5521673
0.99997926
0.9999987
0.9926968
0.00049200153
0.00066407595
0.9999887
0.9994361
0.0015697583
0.0014532952
0.9999471
0.97977805
0.99997485
0.9999988
0.4358029
0.43615925
0.00071058096
0.0010551071
0.43374163
0.0006619412
0.00056746847
0.9965501
0.9998876
0.99995136
0.0021220208
0.43577614
0.99967647
0.0021563526
0.4351939
0.0003606098
0.00082233426
0.01160639
0.99999213
0.83348364
0.9995809
0.9999956
0.0015847583
0.9999995
0.0022903876
0.99999857
0.0017670407
0.0003472923
0.001695922
0.9959848
0.9998265
0.99094886
0.0010748012
0.99884355
0.0005406876
0.0011139378
0.086597025
0.99999976
0.4373594
0.0008124421
0.9999993
0.0009028195
0.9883654
0.0017695145
0.9661171
0.0005703687
0.0005907667
0.42974806
0.00013719639
0.0006652235
0.9999025
0.97865933
0.43487006
0.0003453141
0.0013808701
0.4327439
0.9999993
0.0006891953
0.0015121923
0.9898387
0.9999944
0.99978095
0.22974992
0.99944586
0.99993706
0.0008059969
0.55804
0.54294294
0.0026557622
0.0014592675
0.00067398173
0.43732896
0.045222837
0.34280908
0.0021960991
0.00042264062
0.0021023103
0.9999989
0.001157122
0.0011878777
0.2569341
0.0006057341
0.0004572682
0.9999999
0.9764006
0.99990165
0.43403938
0.43686527
0.0006570237
0.99825925
0.00055863726
0.9999975
0.99999523
0.9999895
0.039125986
0.00051562436
0.43690485
0.9999751
0.00011413326
0.00057770807
0.0011504551
0.9997873
0.9999964
0.9999076
0.9999943
0.9999994
0.011207642
0.9999989
0.0017478499
0.00082708866
0.43492788
0.4344375
0.9999894
0.0003964499
0.43767437
0.43762445
0.0011331808
0.13667944
0.0013710121
0.00088054367
0.0008092276
0.9999927
0.00084894995
0.00052123144
0.00117166
0.9999933
0.9993369
0.0012734284
0.43496937
0.0007342572
0.99983
0.43613943
0.36724687
0.4368544
0.5021688
0.4368822
0.9999933
0.99999917
0.012054694
0.00062754116
0.00054249517
0.00044234266
0.99999464
0.99799466
0.9883504
0.000903994
0.43673196
0.0020321773
0.43526483
0.16999164
0.9999808
0.0012651923
0.96948874
0.31373954
0.0012179462
0.0011231819
0.9996494
0.9705912
0.9955178
0.99999726
0.9999349
0.0019151927
0.99999964
0.99985456
0.29165795
0.003631619
0.00084560993
0.0057422863
0.21741419
0.9999926
0.43916646
0.41541743
0.00069520593
0.00072073843
0.9911806
0.43637565
0.20147105
0.0007038178
0.9999914
0.99950504
0.99999976
0.99999976
0.0023020348
0.0006905138
0.99999595
0.99996734
0.43373615
0.9999975
0.00046332515
0.43556568
0.45143795
0.99999475
0.55373764
0.0014329848
0.9998203
0.0020230755
0.3829526
0.9998084
0.00026684094
0.9880449
0.43699616
0.001051944
0.53181183
0.9999691
0.99999905
0.005408536
0.5527035
0.00085280434
0.99993134
0.0011267826
0.0012925871
0.6188068
0.99994147
0.9996855
0.9999865
0.0010260943
0.0009774333
0.00036810501
0.9997186
0.0011106023
0.0011475082
0.023439823
0.0006907551
0.0007550336
0.9999989
0.5509133
0.0021010702
0.0025863955
0.43704033
0.9826398
0.96185446
0.0009681613
0.99968815
0.999997
0.8759697
0.43477148
0.99999607
0.9999937
0.0021603978
0.0008134833
0.0007031122
0.0010069823
0.99995434
0.4331781
0.9999769
0.3995705
0.7497688
0.99977237
0.9999999
0.99982774
0.99961275
0.0005147343
0.99999714
0.43183863
0.9993057
0.00028000266
0.0018791391
0.5555849
0.99999964
0.55947906
0.0009704682
0.9985781
0.00039555368
0.003695384
0.0024651987
0.434699
0.9971666
0.0006491232
0.00052841695
0.4373188
0.43539923
0.0008993642
0.99999785
0.00031299458
0.0008168969
0.008420137
0.9999354
0.8917567
0.0016366366
0.00082809414
0.99999154
0.990737
0.96615034
0.00043200175
0.0051965024
0.99177307
0.9999864
0.43390673
0.001329967
0.99983466
0.55343264
0.003962174
0.0013203161
0.007779259
0.43594623
0.9999796
0.9998337
0.0008011975
0.00032500393
0.0013200878
0.00089661166
0.9965109
0.9998958
0.43262476
0.4508514
0.43797866
0.99999356
0.9998325
0.99995947
0.4367563
0.99735534
0.4332648
0.81994754
0.9999995
0.00061013276
0.00084686704
0.98561525
0.00070533465
0.9999995
0.001275633
0.0021217007
0.4339956
0.002480452
0.0015281673
0.9959706
0.9999993
0.9999982
0.4329877
0.0013938533
0.0022346643
0.0007577665
0.9997496
0.43222257
0.10340945
0.0008267628
0.00076964934
0.99999785
0.5512528
0.99314535
0.4336703
0.00046134985
0.0007940041
0.00066421047
0.9997336
0.9999982
0.00029520047
0.9999645
0.9999608
0.4367151
0.9999988
0.9998362
0.43805486
0.9788673
0.00040786696
0.30285275
0.0016102324
0.9999522
0.9655767
0.0005462593
0.0013652678
0.99972564
0.99999845
0.00031589105
0.9522098
0.0008094944
0.99999857
0.9999964
0.28103742
0.00057584175
0.0003288591
0.43656296
0.00090232753
0.9999982
0.55338895
0.0015937589
0.9961669
0.9919276
0.00042654542
0.9999838
0.0016479611
0.00040829956
0.43447343
0.43627688
0.99999154
0.0013455637
0.024380412
0.0022949271
0.99998486
0.9999052
0.436876
0.44381005
0.6620325
0.99997747
0.99979323
0.4374289
0.44007826
0.9999969
0.00049197715
0.0049738614
0.51400137
0.43472818
0.999998
0.00080669456
0.000572228
0.9784284
0.9999937
0.0010659919
0.43160164
0.0008594581
0.26091298
0.00049133063
0.8991595
0.00043659963
0.9999876
0.43548048
0.43514478
0.55164343
0.0054760845
0.0005830495
0.0010282379
0.55619717
0.3389141
0.0003325364
0.99992275
0.999995
0.9556103
0.4368829
0.00046761235
0.9899559
0.00036379584
0.9989497
0.4359713
0.0010641863
0.43863717
0.00093127385
0.00059716287
0.00013314701
0.4383675
0.0015785085
0.55176336
0.43727767
0.9999856
0.4360749
0.9997795
0.43351173
0.0030518437
0.00039026982
0.0007469683
0.0051463987
0.9999932
0.0010058532
0.0016579373
0.4367819
0.99987984
0.99999475
0.4373078
0.0012748373
0.007743063
0.0005686694
0.9999945
0.00039623093
0.9999995
0.43490717
0.43474633
0.99999726
0.0012215723
0.999607
0.9999535
0.0017338092
0.99952567
0.99936587
0.00048586715
0.5376467
0.001233832
0.9999995
0.99981266
0.9999988
0.9940148
0.9999031
0.00189326
0.0005976076
0.00049566117
0.0007331301
0.004550693
0.99998355
0.57090354
0.0009754002
0.8112991
0.0006329311
0.99985576
0.0045923376
0.0010927509
0.071030125
0.278121
0.5498783
0.00027968144
0.0037953283
0.0028138275
0.9999994
0.001765635
0.9999999
0.9999982
0.99316096
0.004073802
0.97766006
0.0005160644
0.43690458
0.43547684
0.0011483912
0.55088097
0.00032965295
0.67061377
0.0021456787
0.99898547
0.2995584
0.0017667438
0.0011261002
0.0013295276
0.9991849
0.9999502
0.9999604
0.42964846
0.00060924457
0.9733829
0.4422897
0.9999962
0.00092186476
0.9905255
0.92585874
0.43727693
0.0011644358
0.43463254
0.99994755
0.99999845
0.002135399
0.99999964
0.99989367
0.008484433
0.0015836128
0.00072373205
0.9999882
0.0019394598
0.7567686
0.9999821
0.001533717
0.0006496552
0.0014452566
0.0004971346
0.5602826
0.99332255
0.99998105
0.99967706
0.4389927
0.55622005
0.0008575227
0.99996686
0.9999356
0.99998665
0.0015838932
0.0010067875
0.43527293
0.0014414191
0.9992643
0.68270355
0.00073077244
0.999348
0.001054683
0.00075990777
0.9997631
0.4308847
0.54745066
0.99999833
0.0008022239
0.9798124
0.98367393
0.999998
0.24625883
0.0010306186
0.9999974
0.9992329
0.55846983
0.00042393446
0.41514716
0.99980384
0.99604356
0.9999819
0.9996991
0.99999464
0.99990976
0.002445332
0.0023628126
0.9946313
0.0011226161
0.027078904
0.0015117833
0.001365286
0.0007676478
0.0013878886
0.9998092
0.3526718
0.4355457
0.5542674
0.9999938
0.0017660619
0.0017543747
0.9999989
0.00056515017
0.99998415
0.9999808
0.55462974
0.44080758
0.9991881
0.0014458465
0.015407753
0.9999993
0.43579665
0.0006117725
0.9999604
0.0009554151
0.3083314
0.0007529452
0.0005578538
0.9868663
0.0005189686
0.0009694748
0.0011932026
0.0009839723
0.43644503
0.00078518584
0.0019693382
0.9989573
0.9999894
0.4346549
0.00096024864
0.9990471
0.0013758824
0.00070984423
0.99994123
0.55299306
0.0010871782
0.5477319
0.43623123
0.9999244
0.00036652718
1.0
0.08708807
0.00083098165
0.43443644
0.0025718403
0.43823895
0.0018390479
0.00078701886
0.0009229621
0.99940884
0.44367784
0.0007675461
0.9993729
0.004374868
0.0015464674
0.43559462
0.0011522076
0.99867487
0.5519029
0.99715245
0.0009440634
0.009266831
0.0005552785
0.98968023
0.001148127
0.9999831
0.00074284547
0.0011462299
0.56153286
0.00059499947
0.00056582305
0.99984777
0.99999726
0.43184882
0.9999752
0.00080517895
0.00045346876
0.998917
0.42939308
0.87834495
0.0007502346
0.9999945
0.999964
0.55309993
0.9999993
0.0025156538
0.9999987
0.9987978
0.99998975
0.0029557394
0.004862318
0.0010572155
0.43348676
0.0012550636
0.9999901
0.00054113846
0.99999595
0.4345438
0.9469169
0.99999905
0.0008690241
0.0005878844
0.00046890677
0.3974532
0.9976579
0.9995407
0.9999994
0.5567023
0.55803317
0.68893546
0.00043979473
0.4361123
0.993958
0.7302294
0.0010421178
0.9999838
0.9995946
0.99999106
0.9999907
0.0009091911
0.0151634505
0.99949396
0.9999999
0.0004626598
0.31059924
0.43608075
0.99999964
0.000554221
0.0016719452
0.99999344
0.9876916
0.3204018
0.9997106
0.99919635
0.0007997326
0.00059980334
0.0009578181
0.9999989
0.9999993
0.43351415
0.99999857
0.5522708
0.9999933
0.9999994
0.988298
0.0014210464
0.0016083324
0.9985103
0.00044824745
0.005681302
0.00058607035
0.95699406
0.00037135958
0.0012383284
0.0006908476
0.4381597
0.9999691
0.43520704
0.99346477
0.010499628
0.5526161
0.0018302856
0.43023044
0.41901994
0.0012867777
0.0018579874
0.0014104069
0.20513937
0.4367471
0.9993734
0.0009679437
0.99999213
0.43520835
0.001039675
0.0010299432
0.18037347
0.5502067
0.43531924
0.7101979
0.0002959481
0.43359885
0.0014049701
0.5602705
0.43579122
0.11686629
0.4377201
0.43803722
0.99999917
0.0039227116
0.99999785
0.9998331
0.99777466
0.99902
0.00089638913
0.99999547
0.99999595
0.34859708
0.0008317548
0.9998853
0.29274175
0.99999285
0.26743543
0.0007699894
0.55015236
0.99995065
0.43643004
0.99999046
0.0015106566
0.0003228573
0.0009576643
0.08103983
0.99999785
0.551312
0.43581188
0.5521536
0.99967444
0.00031943925
0.9998217
0.9999919
0.99800533
0.9986929
0.9994742
0.4369223
0.0009657071
0.9999863
0.43657324
0.9999895
0.43745375
0.9999963
0.55865943
0.99748224
0.9999844
0.0030534328
0.5540947
0.99885595
0.0007210857
0.99998975
0.0011555717
0.002243867
0.00034184032
0.00089253945
0.43670264
0.00046882857
0.5495418
0.5525554
0.9999821
0.0015308355
0.99788374
0.8498522
0.0022715793
0.0009492474
0.9999478
0.9957623
0.43700135
0.9994831
0.9999294
0.9999478
0.0010694717
0.99998844
0.0019414776
0.99993646
0.00040119851
0.0038920988
0.43456408
0.99991286
0.0008349574
0.9999999
0.4327526
0.9999261
0.43687108
0.0011609613
0.98380315
0.9999275
0.0022557043
0.9999964
0.99999416
0.0011261136
0.94147986
0.0003942615
0.00085334934
0.43787867
0.42969307
0.9319516
0.29419085
0.5544112
0.53464574
0.9454455
0.43590507
0.56087816
0.00046737902
0.9503783
0.4368556
0.43602568
0.00077567634
0.000945556
0.9816626
0.43708137
0.46439308
0.00097414915
0.9998647
0.425872
0.0010938351
0.9999292
0.00071039784
0.43734565
0.99948597
0.0049271304
0.00040470946
0.999828
0.99999845
0.43638787
0.0966807
0.5607414
0.0005628671
0.4363731
0.9999987
0.43833917
0.4358185
0.0028306877
0.00033190646
0.43336356
0.4371741
0.43354556
0.99787533
0.99980265
0.9993222
0.0010046905
0.43691546
0.9983975
0.00059107196
0.000581439
0.4511118
0.0012518062
0.9999808
0.99999917
0.9999945
0.99999774
0.0005456837
0.0043238625
0.9712669
0.9999945
0.99968016
0.9958902
0.556402
0.43455827
0.9999994
0.0004854785
0.99996376
0.9999796
0.0021526539
0.0037036107
0.0007969392
0.0008012177
0.999556
0.9999145
0.99885404
0.00030342722
0.9999906
0.00087617664
0.5514738
0.0012266992
0.99955875
0.9999628
0.9992539
0.9999969
0.99997437
0.00025518617
0.43358818
0.0007714689
0.9982357
0.99912935
0.5566103
0.0012529333
0.9999999
0.99998367
0.55949646
0.0010679456
0.9999976
0.0010017072
0.99295115
0.999549
0.9999956
0.0016651565
0.43612486
0.9999813
0.0004911953
0.00037127428
0.0004707988
0.9999895
0.0016564004
0.3644259
0.9997553
0.9577015
0.0008401281
0.0012762321
0.5589067
0.99999774
0.0006493488
0.99999547
0.5502466
0.0012063254
0.0009729419
0.001155685
0.00057072245
0.9999305
0.434347
0.0026560717
0.99746907
0.9988588
0.0009071584
0.0007923013
0.9998926
0.0007085405
0.9918717
0.0010537464
0.001829219
0.00072373997
0.00362528
0.99865144
0.0012634938
0.0007270347
0.99997604
0.0010326033
0.002070941
0.55944806
0.053658295
0.0014041802
0.002269931
0.4365421
0.43717134
0.9999341
0.9999924
0.9999654
0.0008793016
0.998719
0.0010099905
0.9999814
0.0047687977
0.99999976
0.9999281
0.9999919
0.9914492
0.00083123427
0.0016137287
0.4360872
0.9951859
0.43900436
0.32947657
0.3116989
0.35507402
0.4366089
0.9579547
0.4836275
0.43821752
0.94500583
0.9841531
0.99999833
0.55038756
0.999887
0.0003069528
0.0011828183
0.99778914
0.003557306
0.002054111
0.0019984723
0.0017177566
0.99810815
0.99986625
0.99999964
0.9999677
0.0020697056
0.99999547
0.0012896974
0.0035831511
0.0010244244
0.77564085
0.00058934983
0.0019948245
0.4363406
0.9967344
0.00047746344
0.4357594
0.0014178507
0.0005166087
0.0015813344
0.0007592827
0.0032269768
0.9999397
0.0021323804
0.9999943
0.007262172
0.43748936
0.0010502618
0.9999137
0.112276845
0.00096823554
0.00065874174
0.9999995
0.99924386
0.0007242033
0.00078087853
0.00048423596
0.44041047
0.97157675
0.9999989
0.0026834179
0.99998116
0.9229647
0.99998784
0.00087685976
0.99999046
0.00065227423
0.0010408757
0.41722238
0.9876187
0.0007315434
0.43403804
0.99937147
0.0008991123
0.0024625396
0.001899757
0.0019908699
0.9999409
0.999977
0.0013576159
0.43721345
0.999997
0.0011308753
0.40667972
0.99968505
0.0011612069
0.00074191124
0.99999964
0.003650098
0.0013293885
0.9998934
0.438357
0.999998
0.0015976857
0.0010388527
0.00047454724
0.0005535511
0.009252194
0.9999796
0.433439
0.0008644994
0.43831488
0.99995804
0.5682437
0.98771995
0.52724975
0.00027739155
0.00087034877
0.9996947
0.00039976265
0.43662736
0.0008472637
0.43787792
0.9999405
0.43745595
0.0015505953
0.99999774
0.43694735
0.0017519322
0.15096407
0.9982339
0.9993517
0.0011646809
0.9986407
0.0006431264
0.4342452
0.3359508
0.99998665
0.0005303437
0.5552491
0.9987962
0.0005679032
0.00056615943
0.99999523
0.0029272425
0.99999976
0.0011675501
0.99651694
0.4367177
0.0010482201
0.9987129
0.001195884
0.0005775506
0.48235795
0.9999844
0.0008825366
0.0017349056
0.99999917
0.5524615
0.9999851
0.9999316
0.55077374
0.99994695
0.5569134
0.0013191088
0.9999659
0.0016799403
0.43799466
0.00045850122
0.0011427755
0.99999976
0.00071617676
0.9976508
0.5526237
0.0009753146
0.0014706118
0.0005274591
0.0012371117
0.99982053
0.0021614197
0.9999765
0.0009364604
0.43710345
0.5545152
0.99824095
0.99986756
0.99698764
0.0011932406
0.99727064
0.0014255192
0.0019367103
0.0021104268
0.02097827
0.00044600337
0.94999975
0.4341274
0.43722183
0.00031813962
0.17112853
0.9997032
0.99999714
0.99966395
0.99978596
0.9999739
0.9890238
0.9997799
0.99998057
0.0021371818
0.8775551
0.5567656
0.00040440864
0.19004638
0.9999918
0.0011123404
0.999866
0.0010840601
0.5515957
0.9999994
0.9999826
0.55468166
0.5599049
0.99997747
0.00060114224
0.0015458725
0.000843491
0.0051114494
0.43244416
0.0032231107
0.0005066695
0.9999938
0.99630344
0.9856081
0.43759498
0.43602988
0.0007849509
0.4372702
0.43498462
0.43136266
0.00077529205
0.99811316
0.0034258494
0.9995154
0.00042205097
0.24883145
0.9999995
0.9999882
0.5617944
0.00054855715
0.9928387
0.0015589005
0.9953418
0.0004860779
0.00048649
0.0010866123
0.43667078
0.9999988
0.0005518474
0.0008135662
0.5534675
0.9999974
0.5582277
0.0006602744
0.9987722
0.99330586
1.0
0.0011854977
0.001053223
0.9998938
0.014667113
0.001567029
0.43762845
0.44384706
0.5539933
0.43511543
0.0023129487
0.9999099
0.54720104
0.0012024427
0.5531555
0.4373261
0.0015085054
0.000502455
0.99998844
0.99834955
0.0010126106
0.0013193451
0.0017735258
0.9997869
0.0045077167
0.9916658
0.42880297
0.5590075
0.000913572
0.0019924575
0.9999038
0.99999905
0.9999682
0.5554441
0.048685893
0.999998
0.0022854807
0.0040475084
0.0003281679
0.6954561