1.0
1.0
0.0
1.0
3.680508e-38
0.0
1.0479923e-35
1.0
3.677489e-39
0.9999999
1.7483862e-37
0.0
0.0
1.1416781e-16
1.0
0.0
0.0
1.0
0.0
0.9998248
0.9999999
0.0
1.8184876e-34
0.0
0.0
2.5535013e-23
0.9998416
1.0
2.0515506e-18
1.0
0.0
4.8093453e-29
0.01697501
1.9156396e-29
2.3063533e-28
0.0
1.0
1.0
1.0
1.0
8.151025e-39
0.34956467
6.576313e-34
0.0
0.0
0.0
1.0
0.9999788
0.0
1.0
1.0
1.6919844e-37
1.0
1.0
0.9998903
0.0
1.0
1.8504435e-37
0.0
9.606933e-31
1.0
1.0
1.0
0.0
0.9999995
0.9995229
1.0
7.4756844e-34
0.9999771
1.0
1.0
2.1500053e-34
1.0
0.17834765
3.734635e-37
0.0
0.0
1.0
0.0
0.0
0.0
0.0
4.912586e-38
1.0
1.0
3.3693347e-35
1.0
1.0
1.0
1.0
0.0
0.0
1.0
1.0
2.1639477e-23
2.4519856e-19
1.0
0.9999994
1.0
1.0
0.0
0.0
0.0
0.0
0.0
9.715582e-38
0.0
1.0
1.0
1.0
8.127408e-29
0.0
1.0
0.0
1.5381586e-26
0.0
0.0
8.0368403e-26
1.0
0.9995203
1.0
1.0
3.716909e-16
1.0
0.0
1.0
2.9129076e-32
1.1202277e-32
0.0
1.0
1.0
1.0
2.7661876e-25
1.0
4.176601e-28
0.0
0.98840755
1.0
0.0
0.0
1.0
0.0
0.9999944
0.0
1.0
0.0
0.0
1.4154003e-37
2.9713495e-22
2.3692538e-31
1.0
0.9999999
0.0
4.2469e-39
0.0
0.0
1.0
0.0
0.0
1.0
1.0
1.0
0.94774497
1.0
1.0
0.0
1.0
1.0
1.9257424e-30
0.0
0.0
0.0
7.762052e-32
0.42822883
8.358073e-34
7.381194e-38
6.186181e-32
1.0
0.0
0.0
0.9967878
0.0
0.0
1.0
1.0
1.0
0.0
1.2975227e-36
0.0
1.0
0.0
1.0
1.0
1.0
6.345023e-24
5.1946476e-30
0.0
1.0
1.5786341e-19
0.0
6.7062404e-14
1.0
1.0
1.0
1.0
1.0
5.0734094e-28
1.0
1.4630858e-35
3.4339354e-16
0.0
5.541807e-33
1.0
0.0
1.3094052e-38
0.0
7.255971e-34
0.90779877
0.0
2.6072153e-37
0.0
1.0
0.0
1.08293255e-32
0.0
1.0
1.0
0.0
0.0
0.0
1.0
0.0
0.17724901
0.0
0.9999951
2.3692015e-22
1.0
1.0
0.0
0.0
1.2018054e-33
1.2708117e-35
1.0
1.0
1.0
0.0
8.9132814e-29
5.079632e-33
0.0
0.00299364
1.0
6.703061e-39
0.90422124
9.3575605e-27
0.0
0.0
1.0
1.0
1.0
1.0
1.0
5.9057082e-33
1.0
1.0
0.99998343
1.0170171e-27
2.0100105e-36
0.0
0.119590506
1.0
1.2495544e-13
0.8218409
0.0
1.6085762e-30
1.0
0.021853505
0.9742398
0.0
1.0
1.0
1.0
1.0
1.1092919e-37
0.0
1.0
1.0
0.0
1.0
0.0
5.243843e-38
0.9999963
1.0
1.0
0.0
1.0
0.0
0.15717056
1.0
1.2742482e-28
1.0
3.0797374e-36
0.0
0.9940906
1.0
1.0
5.462644e-23
1.0
7.948729e-25
1.0
0.0
0.0
0.25957084
1.0
1.0
1.0
0.0
0.0
0.0
1.0
0.0
0.0
5.945687e-36
0.0
0.0
1.0
1.0
4.4994323e-24
4.128209e-36
0.0
1.0
0.992924
0.0
1.0
1.0
0.9719285
0.0
1.0
1.0
1.2794938e-36
0.0
0.0
0.0
1.0
1.6647777e-33
1.0
0.99999905
0.9999999
1.0
1.0
1.0
0.9999565
0.0
1.0
8.810532e-25
1.0
0.0
0.0
1.0
1.0
1.0
2.5522788e-27
1.0
2.1801368e-24
0.0
1.740281e-30
0.0
1.0
3.7999848e-34
0.0
0.0
8.047479e-35
0.0
1.0
0.0
0.0
4.1297095e-19
1.0
1.0
0.0
1.965088e-30
1.0
1.0
1.0
1.293948e-30
1.4317612e-16
1.0
1.0
2.5629309e-36
0.0
1.0
1.0
0.0
0.0
2.2733164e-22
0.0
1.0
1.0
0.0
0.0
3.2023475e-28
0.0
0.99783957
1.0
4.2127107e-38
0.99955505
4.1616474e-15
1.0
1.0
1.0
1.4310283e-25
1.0
4.0555774e-30
1.0
1.0
0.0
0.0
1.0
0.0
1.0
2.935572e-34
0.0
0.0
0.0
0.0
1.0
1.0
1.0
2.2807332e-23
0.0
3.930027e-27
0.0
0.9997824
0.0
0.0039334153
4.3904473e-30
0.0
1.0
0.9956664
0.99999
0.0
0.0
1.1886456e-28
0.0
1.0
1.0
0.0
1.0
1.0
0.0
1.0
1.0
1.1134975e-37
0.9962572
0.0
0.019344954
0.0
1.0
0.99999166
0.0
0.0
1.0
1.0
0.0
0.9994134
1.1873717e-36
1.0
1.0
0.94159704
0.0
9.914582e-37
0.0
3.415381e-33
1.0
1.0
0.0
1.0
1.0
1.7565857e-33
1.0
3.9157287e-38
4.3907972e-31
0.0
4.810326e-33
1.0
0.0
0.0
2.293363e-33
1.0
1.0
4.3188153e-32
0.89830506
1.0
1.0
1.0
0.0
2.7387316e-17
1.0
4.8700994e-23
0.0
1.0
0.0
1.0
3.0282748e-32
0.0
1.0
1.0
0.0
4.581533e-30
0.0
0.012378567
5.488305e-34
0.9998155
2.961445e-39
1.0
0.0
0.0
1.0
4.865701e-22
0.0
0.0
1.0
0.2752282
0.0
1.0
1.0
0.9999987
0.0
0.0
1.0
0.0
1.0
1.2448565e-31
6.4666295e-27
2.491447e-32
0.0
0.0
5.1636126e-29
3.0213153e-33
0.0
1.0
2.9674445e-35
1.0
3.4842775e-37
1.0
8.6645017e-35
7.7049837e-28
0.0
0.0
0.0
1.0
2.853558e-34
0.0
3.0355225e-27
1.0
1.0
0.0
0.0
0.0
1.8922411e-34
1.0
0.0
1.0
0.00036205933
0.0
1.0
4.8115743e-33
1.0
1.0
0.0
1.0
1.0
0.0
1.0
0.0
1.0
1.0
1.0
1.0
1.0
0.0
0.0
1.2432702e-33
0.0
1.2842354e-16
1.0
0.99979097
0.0
0.4497051
7.999695e-29
1.0
2.6001375e-34
0.0
2.9236237e-20
0.041722227
1.0
1.6689599e-35
4.7717595e-27
0.0
1.0
0.0
1.0
1.0
1.0
0.0
1.0
0.0
1.9762868e-25
0.0
0.0
1.0
0.0
0.9999994
0.0
0.99997246
0.99913687
0.0
7.033328e-24
0.0
1.0
1.0
1.0
2.0569347e-25
1.05674273e-22
1.0
0.90529215
1.0
0.0
1.0
0.9952931
3.03001e-39
0.0
0.0
1.0
1.0
5.8159615e-35
1.0
1.0
6.8506905e-25
7.8737487e-29
0.0
1.0
1.9312815e-38
0.9999931
1.0
0.0
0.0
0.0
2.630658e-18
1.0
1.0
1.0
1.0
1.7276416e-29
1.0
3.5581448e-19
1.0
1.0
1.0
0.0
7.9337416e-38
2.4527252e-26
0.0
1.0
0.999617
4.336319e-30
1.0
0.0
0.0
1.0
9.2559726e-23
1.0
1.0
9.927364e-39
1.0
1.0
1.0
0.055756476
0.0
1.0
1.0
0.022467839
0.0
0.999941
1.0
1.0
1.0
1.0
1.0
1.0
0.0
6.955562e-36
1.0
0.0
1.1388525e-13
5.2880332e-24
0.0
4.675386e-39
0.0
1.0
0.94719565
1.4613374e-31
1.0
1.0
5.61375e-39
0.0
1.0
0.0
1.0
1.0
1.0
0.80355513
1.0
0.0
1.2679892e-34
1.0
0.0
0.0
1.0
0.0
0.9990613
4.248488e-39
0.0
1.0
0.0
0.0
0.0
0.0
0.0
0.0
5.117849e-34
1.0
1.0
0.0
0.0
1.0
0.0
0.0
1.0
1.0
0.0
1.0
0.0
1.0
0.0
1.0
0.008557299
0.0
0.0
6.031741e-14
1.5889387e-37
0.0
0.0
0.0
1.0
0.44216353
0.0
1.0
0.0
0.0
7.400315e-29
0.0
1.0
1.0
0.9999987
0.0
5.4609455e-12
9.579433e-27
1.0
1.482189e-38
1.0
0.0
1.99888e-11
1.0
0.0
0.0
1.0
1.0
4.272736e-13
1.0
8.96487e-30
0.0
1.0
1.0
1.0
0.0
1.0
1.0
0.9999999
1.0
2.7966058e-33
1.0
1.0
1.0
3.7517988e-37
3.172425e-28
0.0
2.532796e-25
0.0
1.0
0.0
1.0
4.272317e-37
0.99994457
1.0
0.0
0.0
0.0
0.94346714
1.0
1.0
1.0
1.0
1.0
1.0
0.0
3.4147896e-36
1.0
0.9999999
0.0
1.0
1.0
1.0
1.0
0.0
2.584716e-37
1.0
1.0
0.0
0.98940665
0.0
1.0
0.0
1.3811316e-29
1.0
1.0
0.00083300046
1.0
0.9999963
0.0
0.0
5.1698524e-32
1.0
1.0
2.5023815e-32
1.0
1.0
1.0
1.0
1.0
0.0
1.881455e-23
1.0
2.4036128e-36
4.5310016e-25
1.0839529e-33
1.0
0.0
0.0
0.0
7.650021e-33
1.0
0.0
1.0
2.9184126e-25
1.0
1.6149167e-28
1.8673604e-32
0.0
1.8454939e-23
0.0
0.0
0.32730237
0.0
1.0
0.0
1.0
0.0
1.732199e-17
6.7039236e-26
0.25179905
1.0
1.11525005e-35
0.9999999
3.642331e-18
0.0
0.0
1.0
0.0
0.0049366103
0.0
1.9657823e-18
1.0
0.0
1.0
1.0
1.0
1.0
0.0
1.0
1.0
0.99985445
0.0
1.0
0.04024239
1.0
0.0019234564
0.0
1.0
1.0
3.950537e-38
1.0
0.0
1.9940783e-22
0.0
0.89810616
1.0
1.0
3.2311333e-29
1.0
1.0
0.0
1.0
1.0
1.0
1.0
1.0
8.259016e-37
0.0
1.0
0.0
1.0
1.4168931e-27
1.0
1.0
1.0
1.0
1.2018226e-20
1.0
1.0
0.0
1.0
0.0
0.0
0.0
0.0
0.0
1.9926579e-28
1.0
0.9998493
1.0
1.527781e-38
1.0
0.98501647
5.6600604e-34
0.0
1.0
1.0
0.0
1.0
1.0
1.0
0.0
1.0
1.2114515e-28
1.0
2.0626459e-26
0.0
0.0
1.0
0.0
1.0
0.0
1.0
2.8019972e-34
0.0
1.0
1.0
1.3846922e-37
1.0
1.0
0.0
0.99991393
3.7366662e-33
0.0
0.0
7.009849e-28
0.9999876
0.020281583
1.0
1.0
0.9872869
0.0
1.0
0.0
0.9994648
8.0858565e-34
3.797132e-33
0.0
0.0
1.0
0.0
1.0
0.0
1.0
0.9999877
0.0
1.0
0.0
0.0
1.0
5.6942094e-35
0.0
1.0
1.0
0.0
0.072768606
1.0
0.0
0.0
1.0
0.0
4.209869e-37
5.5038615e-34
0.0
0.0
0.0
8.63759e-31
1.0
1.0
1.0
1.3608504e-29
0.0
1.0
3.669528e-39
2.2597431e-36
0.78069454
0.0
1.0
1.0
1.0
1.0
0.0
0.0
0.99419904
1.0
1.0
1.0
1.0
0.0
1.0
5.463815e-29
1.0
1.0
0.0
1.3763871e-22
1.727068e-37
0.0
1.0
1.0
1.0
5.234973e-29
1.0
1.3971532e-33
1.0
0.0
1.0
1.0
1.0
1.0
1.0
1.8139582e-32
0.0
0.0
1.0
1.0
1.0
0.0
1.0
1.0
1.0
5.8729273e-34
1.0
1.2599249e-23
1.0
1.0
1.0
0.0
3.658662e-35
1.0
1.8757521e-29
4.5936937e-31
0.0
1.0
8.5570805e-30
0.11902156
1.0
0.9999999
1.3483885e-26
8.516662e-31
1.0
1.0
0.0
1.0
1.0
0.0
0.0
0.0
0.0
1.0
1.0668933e-37
6.194806e-23
1.0
1.0
0.0
1.3710871e-25
1.0
0.0
1.0
0.0
0.0
0.0
0.0
1.0
5.0959076e-36
0.0
1.0
0.0
9.260718e-28
1.0
0.0018852629
1.2478399e-35
2.918176e-27
8.5762954e-30
0.0
1.0
1.0
1.0
5.262049e-34
0.99999976
0.0
1.0
2.7616545e-17
1.0
1.0
1.0
1.0
0.0
0.0
0.0
0.9999995
8.1223255e-29
0.9991708
1.0
0.5613804
0.0
0.9999901
0.9950164
0.0
0.99996364
0.98671883
1.0
1.0
1.0
4.203363e-33
0.0
1.0
2.0978668e-30
6.556711e-38
7.869633e-37
8.857358e-36
0.9999999
1.0
1.0
1.0
0.0
1.0
1.3033709e-22
6.8499934e-30
1.9498551e-30
1.0
1.1412882e-35
0.0
0.0
1.0
1.2947077e-16
0.0
0.0
0.0
0.0
0.0
0.0
1.0
0.0
1.0
7.33359e-24
0.0
0.0
1.0
0.97547656
0.0
3.504607e-29
1.0
1.0
0.0
0.0
0.0
3.7064586e-24
1.0
1.0
2.3260579e-27
1.0
0.9999995
1.0
0.0
1.0
0.0
2.2552921e-35
0.4849444
1.0
0.0
6.6898265e-32
1.0
0.0
9.984687e-29
0.0
5.8030692e-33
1.0
1.0
0.0
5.6323646e-18
1.0
0.0
0.4780633
1.0
0.0
1.3721e-13
1.0
0.0
0.0
1.0
2.7373604e-34
1.0
0.0
0.0
8.398845e-29
0.0
8.050894e-26
1.0
0.0
0.0
7.6132214e-26
1.0
1.0
1.0
1.0
1.1529742e-31
0.0
1.0
4.5197511e-38
0.0
6.557568e-21
1.8203434e-31
1.0
0.0
0.0
1.0
1.2237498e-37
3.7160159e-16
0.0022382
0.99992895
1.0
8.004721e-39
1.0
0.0
0.0
0.023915607
1.0
0.0
1.0
1.0
0.0
0.0
1.0
0.0
1.0
0.0
0.99998283
1.3689509e-23
0.0
1.0
1.3736872e-20
0.0
0.9998616
1.0
0.0
1.2055902e-31
1.0
1.0
1.0
1.0
1.0
1.0
1.0
0.0
1.0
0.0
0.0
8.71447e-39
3.590163e-39
1.0
0.0
1.0
1.0
0.0
0.0
2.8654697e-34
0.0
1.0
0.0
1.0
0.0
0.0
1.0
1.0
1.0
1.0
2.298831e-31
0.9993963
2.401976e-33
0.0
9.7946316e-36
5.179519e-34
5.0525494e-36
1.0
0.0
0.0
0.0
0.00094262854
1.0
1.0
1.0
1.0
1.0
0.42343086
0.99999917
1.0
3.5151354e-34
1.0
1.0
0.0
0.9999989
1.0
0.0
1.0
0.0
1.0
1.0
1.0
1.0
1.0
1.0
0.0
0.0
2.113003e-33
0.0
0.0
2.9013771e-15
0.0
1.0
1.0
0.9999999
0.0
0.0
1.1600542e-25
0.0
0.0
0.21365792
0.0
1.0
3.7918413e-22
1.0
1.2176642e-36
0.3818447
1.0
1.0
1.0
2.611973e-30
1.0
7.846278e-23
1.0
0.0
8.60581e-33
0.0
0.0
1.0
0.0
3.3641198e-28
1.0
1.0
1.0
0.0
1.0
1.0
1.0
0.0
2.1548946e-38
1.0
8.0358204e-28
0.0
5.884858e-19
0.9588607
1.0
2.6458315e-28
4.141833e-38
1.0
1.0
0.0
1.0
0.0
2.0304936e-22
0.0
1.0
1.0
1.2092513e-32
0.0
0.0
0.9992642
2.721611e-16
0.99999964
3.0347607e-33
1.0
0.0
4.3271794e-38
1.0
1.0
1.0
1.0
0.005784844
1.0
0.0
0.0
0.0
1.0