0.93518674
0.9863099
0.08276221
0.9849117
0.13701884
0.009311394
0.0133541105
0.99253404
0.193791
0.5786982
0.010629258
0.0077417595
0.018827055
0.2184097
0.9924281
0.0186372
0.05311137
0.3164075
0.01296241
0.90255374
0.93293965
0.058164198
0.25316173
0.011583301
0.011259919
0.13739257
0.9225716
0.88724035
0.13570529
0.9653045
0.0072183874
0.17756377
0.7042615
0.15505287
0.4877799
0.033901922
0.98426825
0.91941357
0.9894795
0.9486573
0.04275856
0.9330591
0.0236058
0.05346792
0.011813884
0.02039263
0.964464
0.92139786
0.01865884
0.9534804
0.90903515
0.018482167
0.96214294
0.8759073
0.8863769
0.05096284
0.8813036
0.03020121
0.034764636
0.0465048
0.9653687
0.97144
0.93481934
0.20827048
0.83304805
0.9540597
0.99267066
0.006930173
0.8766905
0.96946466
0.96132934
0.034622904
0.96025145
0.5383914
0.0018115592
0.006887015
0.010268583
0.9385861
0.22575845
0.05467944
0.0068066097
0.0080291685
0.051243316
0.986516
0.9228409
0.013181052
0.95661145
0.9552225
0.60040754
0.72924674
0.0067986846
0.016076809
0.967303
0.9939892
0.00508464
0.02914473
0.8091007
0.89309555
0.9951088
0.95272386
0.116595685
0.09998826
0.016047915
0.012824082
0.048327573
0.05534937
0.005444798
0.9528678
0.89003915
0.9608758
0.018742599
0.09381519
0.9302475
0.048621446
0.17221168
0.0041818367
0.04059967
0.021319602
0.94862753
0.8216684
0.7341861
0.9385418
0.10554726
0.9860454
0.05364614
0.88047206
0.05927321
0.019544821
0.02536495
0.81025434
0.911333
0.8894712
0.014511112
0.7204743
0.026633667
0.014802526
0.7738871
0.9512223
0.2584104
0.011350295
0.9522284
0.023344256
0.968454
0.013831773
0.63957304
0.012148176
0.0065049473
0.013836835
0.0073090754
0.03618091
0.9771245
0.9608861
0.047936022
0.006750381
0.015057642
0.035750464
0.97951037
0.0061263978
0.014194334
0.801694
0.97360176
0.99524623
0.5624344
0.9145514
0.9417334
0.032595873
0.9942637
0.95327616
0.048467495
0.01754905
0.022469033
0.11685949
0.07409216
0.72518635
0.03263885
0.019177271
0.049759176
0.9826151
0.017616302
0.023763064
0.58015805
0.007624842
0.010729534
0.98265666
0.8828806
0.96473044
0.054038
0.29716352
0.008151224
0.9473405
0.008213328
0.9756597
0.98578274
0.94391274
0.07661212
0.010933846
0.114240766
0.91214234
0.018096367
0.005480789
0.02628504
0.9281839
0.92051923
0.8569009
0.96888363
0.9710944
0.07667322
0.99341714
0.017293733
0.04048312
0.03967446
0.09380753
0.9743293
0.0066203675
0.17305444
0.14944649
0.029352456
0.675056
0.016225372
0.02471488
0.0109844245
0.9648129
0.008100045
0.020533971
0.028237449
0.9816871
0.9351347
0.012685853
0.07045922
0.009919733
0.9498185
0.1862654
0.7140826
0.12297173
0.9376625
0.1613503
0.91935974
0.99515104
0.027896844
0.009062768
0.011555481
0.013573081
0.9370864
0.8477767
0.6955451
0.012756071
0.2057188
0.021555755
0.0446803
0.72182524
0.9869134
0.009667541
0.81476486
0.00919637
0.018307485
0.029435117
0.9342534
0.92223096
0.9112629
0.9851857
0.96921766
0.013609296
0.9582393
0.73597014
0.6964626
0.048961855
0.010849984
0.021679077
0.80982774
0.9543777
0.1634432
0.45803156
0.008568671
0.034367677
0.9310119
0.85556597
0.85334694
0.017380599
0.9388637
0.9654479
0.9851607
0.9934697
0.0041913553
0.016780721
0.8490783
0.9337585
0.04813478
0.9654929
0.006367567
0.15330921
0.91131586
0.85044724
0.973962
0.011000651
0.93545455
0.012347864
0.72526217
0.9566982
0.032590926
0.9816089
0.10187275
0.017690692
0.8745712
0.9758186
0.98141676
0.05621626
0.9543279
0.023476368
0.9718018
0.015540933
0.04695236
0.8939875
0.9965759
0.9123961
0.98812056
0.026560286
0.044080604
0.009557543
0.9586609
0.030321559
0.011778659
0.05956014
0.0073836735
0.005573523
0.98576987
0.93468624
0.03342645
0.017258145
0.13342954
0.9273475
0.7640367
0.005666382
0.9679878
0.9339059
0.69889146
0.0775324
0.96608347
0.95125663
0.016263098
0.007972642
0.01066872
0.01353465
0.93203247
0.021939151
0.9343529
0.891984
0.75598204
0.9826873
0.9618919
0.94723743
0.7454697
0.0054222792
0.9746206
0.02066365
0.93758243
0.0044327066
0.029875567
0.96694595
0.98538
0.9817888
0.033832923
0.85270417
0.011645599
0.014101595
0.093740895
0.04075628
0.90022045
0.031051993
0.006069707
0.1461833
0.44453207
0.012874294
0.9918806
0.0109873265
0.011019135
0.054867703
0.9383208
0.8834608
0.016509058
0.027582053
0.9924529
0.6729374
0.9454377
0.04687149
0.031167991
0.9140057
0.9661251
0.033277232
0.008216883
0.80364037
0.9905849
0.01780253
0.019251194
0.015984453
0.1648497
0.9055386
0.8868356
0.019879613
0.012270692
0.03752025
0.018145464
0.9105151
0.9410022
0.03208463
0.7186422
0.1960691
0.8679164
0.9692814
0.9852337
0.07866823
0.9772874
0.10509162
0.94516575
0.9595062
0.007828267
0.0054660854
0.93601286
0.008836302
0.98942065
0.050721306
0.012560093
0.050160185
0.022555152
0.03621072
0.9782103
0.99556595
0.95905447
0.03845646
0.022515548
0.045529094
0.02470163
0.9168523
0.066029854
0.6783065
0.00953031
0.0066538015
0.97188085
0.91233444
0.9026068
0.04294092
0.0060190074
0.027152967
0.009544476
0.82789326
0.98925894
0.011538952
0.9189089
0.97926575
0.3383477
0.9632323
0.83094513
0.14226404
0.8436445
0.009040386
0.84599173
0.05197038
0.9893518
0.90594906
0.015275583
0.009208822
0.97743887
0.9886147
0.006438261
0.9191511
0.034695085
0.93121475
0.7567918
0.63295877
0.00930522
0.011100672
0.15711862
0.0120067345
0.9881748
0.9855942
0.02233327
0.8421265
0.9227218
0.038065802
0.9571224
0.018361297
0.018058581
0.056256928
0.052261103
0.93764883
0.019824717
0.060281627
0.026214126
0.9754242
0.89242744
0.1125961
0.8610523
0.9424879
0.9823663
0.948848
0.08602094
0.24656846
0.9679281
0.019449126
0.029226052
0.94578093
0.084094144
0.8782847
0.018648181
0.011122563
0.9211221
0.71189564
0.016615812
0.100682914
0.0074894195
0.6666857
0.013441287
0.928487
0.016082723
0.9833989
0.11116822
0.057381023
0.9536207
0.016249463
0.0063410304
0.016719364
0.98620427
0.9208077
0.008322005
0.9472385
0.99522734
0.7239225
0.08824081
0.008657239
0.96970314
0.0072250166
0.66840386
0.24965587
0.0058654193
0.0831055
0.02042293
0.007569514
0.016881572
0.14381261
0.040432263
0.9738419
0.31884858
0.8870801
0.11112225
0.9776783
0.08353314
0.04625256
0.0065434575
0.00856526
0.055023804
0.96801436
0.01772132
0.039154086
0.13900098
0.9216453
0.9887173
0.25466445
0.019368067
0.011286734
0.014608256
0.9635712
0.008413996
0.96345854
0.83904994
0.06119906
0.9472704
0.015048827
0.9147452
0.9556066
0.021102205
0.8922058
0.93268
0.009600498
0.866759
0.011759248
0.97469455
0.93028224
0.9567896
0.9553579
0.9013485
0.019954594
0.011585468
0.024389109
0.009716562
0.057477698
0.98319477
0.73133165
0.011583591
0.86912024
0.013284165
0.98789525
0.0054269717
0.03427429
0.013299743
0.7385341
0.9185097
0.014381863
0.022941586
0.0134573635
0.9843875
0.031421203
0.98918426
0.9935256
0.8991467
0.037320565
0.82252616
0.009528163
0.117674254
0.061047163
0.066529736
0.9321672
0.013135437
0.74765766
0.022452641
0.93784434
0.6871837
0.056649305
0.013574174
0.017496873
0.9742667
0.8201424
0.8120201
0.0051093497
0.042346254
0.9336824
0.69071347
0.91831076
0.010399301
0.9498585
0.83225274
0.13183804
0.029357525
0.058396164
0.9936708
0.94186884
0.008247038
0.9758184
0.92158705
0.08781989
0.025303666
0.006042068
0.87649727
0.00202563
0.7820549
0.9903833
0.019350013
0.0074630943
0.020215403
0.012929038
0.9851892
0.9003303
0.9590967
0.8592473
0.3235269
0.98376274
0.04917081
0.98530966
0.7561682
0.9973857
0.023100495
0.012846932
0.09050994
0.0076006916
0.9462888
0.7531741
0.017180275
0.980254
0.0050854455
0.007219911
0.83587533
0.015533881
0.9211935
0.93247235
0.045090526
0.7447496
0.70872873
0.8631043
0.68451273
0.019900376
0.9052343
0.96010673
0.7788092
0.008614053
0.8246698
0.9898379
0.8827042
0.8805608
0.6231346
0.97851324
0.95229083
0.048927393
0.07655621
0.944359
0.0061200135
0.012201148
0.019057143
0.0054849056
0.013713939
0.018388323
0.9673003
0.77566093
0.42093018
0.95041424
0.9522689
0.027459214
0.007879249
0.9488434
0.020997562
0.99008256
0.9630413
0.9617666
0.8165621
0.89940745
0.021769887
0.006575154
0.94314194
0.07082628
0.010754529
0.79569143
0.008368712
0.81067157
0.032055076
0.009695882
0.89053196
0.0070912363
0.026494384
0.010889917
0.04150902
0.15547906
0.033509597
0.027886707
0.95206994
0.8241524
0.035056338
0.0053462875
0.75637
0.027589543
0.0066676266
0.98194045
0.98413795
0.010352595
0.88656735
0.08489304
0.95456874
0.012197235
0.9982868
0.62745255
0.013922135
0.050868366
0.004878204
0.31947684
0.0124600995
0.010192103
0.008861763
0.80125695
0.8016618
0.017814858
0.95881057
0.032318622
0.007962443
0.060316842
0.011924727
0.9174503
0.92570865
0.85691315
0.020619823
0.008138939
0.03113161
0.8680632
0.056520745
0.9582101
0.022913277
0.0050383024
0.99702126
0.015816655
0.012772474
0.96578014
0.9938438
0.021789286
0.9367532
0.013225503
0.018945133
0.91629404
0.6668556
0.8425511
0.0066140112
0.9822885
0.95398843
0.9477882
0.9843589
0.017798228
0.99593675
0.88912666
0.98967195
0.07930553
0.021076433
0.016034067
0.04573007
0.02288098
0.981027
0.008610328
0.96454453
0.0394359
0.9033576
0.99257797
0.015459032
0.00894773
0.00763501
0.6828519
0.98398536
0.93467927
0.9925609
0.98704684
0.83776224
0.9654977
0.0074806022
0.0918408
0.8725055
0.898434
0.014534841
0.93220985
0.52088404
0.9647058
0.8556731
0.009841661
0.056763776
0.89323694
0.9866785
0.010161089
0.7544112
0.17212528
0.9906346
0.0051871976
0.02853072
0.9326089
0.94054246
0.57793725
0.93062747
0.8565308
0.0071951537
0.02267934
0.036404338
0.9895907
0.9906723
0.21003671
0.9908194
0.977084
0.91766167
0.9880762
0.9236677
0.011655767
0.041550256
0.99280953
0.008223336
0.06509742
0.016245287
0.88740253
0.006083767
0.013883565
0.008372848
0.257669
0.9912915
0.123335764
0.8570315
0.06504788
0.96695226
0.024379374
0.011160152
0.0004731518
0.006421412
0.005616632
0.020138167
0.8126383
0.18387465
0.91021806
0.013762718
0.9878038
0.070333585
0.09866608
0.034680404
0.6409459
0.8855938
0.16212735
0.7493768
0.013233621
0.06884811
0.0062682037
0.99245924
0.09217669
0.6121227
0.32108504
0.24490096
0.9954673
0.018911524
0.97891355
0.9454439
0.9049682
0.91160786
0.026005426
0.96531737
0.9562471
0.6818222
0.030685103
0.9630695
0.68240196
0.9477197
0.1966943
0.04089645
0.95999146
0.9215782
0.10538789
0.98584497
0.02862069
0.012773604
0.054398447
0.683653
0.97911364
0.91608053
0.14565513
0.98960155
0.97108173
0.006720948
0.9857422
0.9786482
0.47791377
0.8085565
0.81887096
0.28412572
0.07526659
0.94199175
0.17654964
0.9624704
0.14306322
0.94517857
0.9716294
0.73671603
0.9733546
0.007824806
0.9931704
0.9499702
0.006613046
0.91156304
0.0094253
0.021026906
0.00473609
0.008159489
0.1230418
0.016952984
0.9493479
0.9152523
0.97158146
0.035431143
0.82766515
0.82834446
0.038281918
0.01914885
0.8992378
0.8864465
0.034116246
0.9028889
0.9643599
0.76815
0.015258592
0.9869419
0.008491118
0.98742723
0.031805467
0.033699036
0.056054004
0.95746505
0.012192036
0.9925649
0.040817216
0.8269931
0.16892314
0.022053614
0.8952264
0.9965905
0.07213788
0.9970776
0.88041925
0.014406765
0.9626923
0.029283658
0.023878857
0.14779244
0.012016048
0.67708397
0.8582697
0.96487856
0.9356297
0.85709655
0.14308052
0.98999923
0.007234596
0.92517656
0.31751332
0.14457455
0.021669557
0.0175497
0.43412828
0.13450262
0.92730296
0.010139932
0.9741537
0.49917957
0.01624918
0.893256
0.019207785
0.23881248
0.8273551
0.016179834
0.0127861
0.84824646
0.98482335
0.16127272
0.7551808
0.99333936
0.0049468284
0.16066937
0.9837976
0.25632837
0.09362099
0.0067936955
0.006956439
0.037954118
0.23235257
0.03282312
0.8911997
0.9905877
0.79527724
0.021083795
0.2890354
0.97003114
0.04575338
0.010384507
0.8538198
0.02726484
0.8120323
0.98690516
0.97125894
0.94673544
0.011047226
0.018736161
0.87414426
0.98704565
0.9819286
0.94910634
0.97058624
0.062735535
0.9819341
0.017202463
0.98778194
0.96992254
0.051906865
0.032459356
0.015981918
0.006531673
0.93676764
0.8122597
0.96654385
0.009977818
0.9551247
0.004696014
0.9839076
0.018868417
0.9241472
0.9380659
0.98355836
0.9686067
0.9171854
0.024166577
0.049563974
0.020378519
0.75256693
0.9275674
0.86190134
0.01679377
0.9843742
0.9913788
0.9948784
0.04718258
0.9589327
0.027821358
0.89603144
0.94286066
0.98184896
0.026113238
0.064123556
0.96483487
0.011191832
0.017551582
0.0075547667
0.9556461
0.0246594
0.61066854
0.9136327
0.6137534
0.02423968
0.028227957
0.9037478
0.9450659
0.022869574
0.9370171
0.9282424
0.017342422
0.016467163
0.009535105
0.025687816
0.7568058
0.066280656
0.029757602
0.9237783
0.90407467
0.011654774
0.010529171
0.9498836
0.017454771
0.9001104
0.019933717
0.025814671
0.020306952
0.021998458
0.9634508
0.023037655
0.007539177
0.8904716
0.028754037
0.049356
0.943731
0.7250345
0.013350606
0.06287136
0.22975755
0.15430376
0.8672793
0.79910743
0.906292
0.015250047
0.91409844
0.0048000095
0.90634584
0.049882773
0.98914754
0.9161998
0.94460106
0.94749606
0.035040148
0.039880913
0.100790925
0.91868174
0.2142294
0.8993987
0.046551265
0.76017714
0.11130104
0.50588465
0.78235894
0.23889963
0.8381051
0.89542824
0.97878116
0.9761404
0.8944253
0.012918295
0.0057100477
0.9515319
0.020041658
0.019183673
0.050297387
0.031612337
0.9039168
0.87975967
0.9947306
0.9612203
0.013267268
0.9663885
0.011742774
0.06001707
0.0038807236
0.96446764
0.023259554
0.022477014
0.15553837
0.99238586
0.0065384875
0.11369638
0.026872959
0.010411011
0.0077670896
0.03703335
0.049156703
0.9640529
0.015099005
0.93215
0.0060550277
0.20207831
0.017490946
0.9400637
0.8668328
0.017375551
0.029865056
0.9823362
0.91708714
0.0088487435
0.0151766995
0.008068668
0.37111282
0.8679423
0.9946849
0.1112996
0.8165354
0.7441403
0.9568288
0.010570025
0.9552859
0.018679686
0.04236075
0.5822805
0.9767418
0.023861637
0.12975197
0.908917
0.017129673
0.031928297
0.025635546
0.02430717
0.9771664
0.97588944
0.022288777
0.13539433
0.9761387
0.016568048
0.63938504
0.9038564
0.01845437
0.0041044177
0.9788481
0.008953309
0.012503781
0.9849466
0.19472326
0.96789515
0.024581445
0.010442647
0.008644578
0.007213144
0.0052224067
0.86886805
0.07650936
0.022753801
0.12474681
0.9549702
0.9971329
0.9604501
0.93465936
0.012275177
0.020789435
0.68579036
0.017700944
0.16158876
0.017022714
0.12614721
0.98143905
0.2514561
0.0014577626
0.94886553
0.13255247
0.044296823
0.75056696
0.85852116
0.97641945
0.012995034
0.97153836
0.013373381
0.050796516
0.7823149
0.8899582
0.01649734
0.9637907
0.93348897
0.00981641
0.014188824
0.9559805
0.018290777
0.96281403
0.028954946
0.9097047
0.13665165
0.026018776
0.95773625
0.01081124
0.013400992
0.7609388
0.9551013
0.017902307
0.0034529706
0.9662385
0.93725556
0.9279182
0.9118104
0.97913945
0.86679345
0.9744709
0.023027055
0.98387223
0.02272401
0.14146927
0.006064439
0.06345821
0.98028356
0.01684902
0.9552664
0.9849524
0.021169512
0.01777109
0.018758433
0.024187507
0.916633
0.02653999
0.9616187
0.014255409
0.21743798
0.96450305
0.9538244
0.9289213
0.9663726
0.027165452
0.84040016
0.010767777
0.0455436
0.08266424
0.056160923
0.01883499
0.8657995
0.06544485
0.33953592
0.011140714
0.5851899
0.96897674
0.89781255
0.9420148
0.9846073
0.9490871
0.90544486
0.94458437
0.75445086
0.01873809
0.65408033
0.98187476
0.00965447
0.7994332
0.88291043
0.008369571
0.93950814
0.040467568
0.98708737
0.97666854
0.9643091
0.9838366
0.9869953
0.95540893
0.016808515
0.009147774
0.007479293
0.040435325
0.038779072
0.0073482087
0.0077612894
0.89356333
0.9572316
0.90064156
0.31184575
0.11517988
0.0070254374
0.16424428
0.10413665
0.8214276
0.011860294
0.9210463
0.0070416224
0.74701154
0.019788234
0.80547935
0.9815984
0.97504073
0.9952857
0.01596104
0.9084677
0.041013934
0.87526464
0.0062146364
0.022010691
0.01202708
0.097944655
0.94279784
0.012851716
0.014274296
0.98526657
0.96772164
0.9966164
0.006736079
0.9529064
0.88998187
0.9954112
0.009034946
0.014476948
0.9770026
0.082868956
0.03385418
0.11127588
0.8242624
0.97179776
0.091015115
0.017021254
0.9145492
0.97976744
0.019984396
0.9890449
0.16078335
0.0018393629
0.007559366
0.9764241
0.9783111
0.0047144787
0.023785375
0.011241264
0.94701564
0.030696163
0.9014378
0.018981144
0.9944729
0.01569572
0.022037381
0.9324907
0.97807777
0.8921957
0.9788695
0.7616408
0.98163086
0.030676398
0.023628147
0.002945377
0.95876646