1.0
1.0
5.7760574e-26
1.0
3.090183e-24
1.5580297e-27
8.248227e-27
1.0
4.763773e-28
0.99979645
3.4927297e-21
1.1191451e-28
2.362501e-25
2.356886e-16
1.0
2.64057e-19
2.8949592e-19
0.9999995
2.2951087e-11
0.99989414
0.9999995
5.004855e-23
1.7470968e-25
1.1796834e-28
1.3727624e-24
1.0166472e-07
0.8578348
0.99999917
2.6543828e-10
1.0
1.3575942e-29
1.0321975e-20
5.0020158e-06
8.8470914e-10
5.379791e-19
2.981306e-30
0.9999999
1.0
1.0
1.0
5.474429e-16
0.00035273004
2.223421e-27
3.2440908e-28
5.9368293e-27
7.159685e-26
0.99999964
0.9989191
2.040119e-24
1.0
1.0
6.321313e-27
1.0
1.0
0.99951816
5.5217916e-22
1.0
1.3644763e-10
1.0547779e-21
1.4576451e-10
1.0
1.0
1.0
5.761941e-22
0.9914268
0.99795556
1.0
6.8776873e-25
0.14894821
1.0
1.0
2.4551882e-14
0.99766386
0.6303998
1.4994852e-28
8.287165e-30
1.8820246e-28
1.0
2.6158128e-22
2.5159296e-29
1.3982741e-24
5.7181736e-28
4.862815e-26
1.0
1.0
4.4098286e-25
1.0
1.0
1.0
0.99997807
3.5147286e-29
5.2275575e-26
1.0
1.0
3.3140632e-27
1.1217357e-12
1.0
0.99990094
1.0
1.0
1.5324499e-24
2.8473e-23
1.5759623e-27
3.469626e-27
5.1364227e-29
2.3455024e-25
1.0786552e-28
0.9999999
1.0
1.0
5.588992e-14
2.5395005e-25
1.0
1.1380401e-21
8.1237136e-23
9.496689e-28
5.8160223e-22
7.587517e-06
0.9999999
0.997914
1.0
1.0
1.1380769e-10
1.0
3.2291707e-16
1.0
3.766088e-18
2.720544e-22
2.3538124e-24
0.9999999
1.0
0.9998702
1.25539986e-17
1.0
2.6573928e-28
7.454592e-24
0.0014829766
1.0
1.4759144e-24
3.0778052e-25
1.0
3.7413436e-26
0.9999989
5.9040396e-26
1.0
7.924637e-23
2.1677748e-29
5.984348e-28
2.7999877e-12
6.401444e-26
1.0
0.99999845
4.165227e-27
2.8965506e-26
8.244751e-12
5.219335e-31
1.0
8.859112e-29
5.5283377e-25
1.0
1.0
1.0
0.0006909605
1.0
1.0
7.946706e-23
1.0
0.9999889
2.8746667e-19
2.7491305e-21
2.0053891e-24
1.0900697e-17
3.5462824e-11
0.79790884
7.163321e-14
2.2109868e-28
6.5079437e-16
1.0
3.5674413e-19
3.756711e-22
0.9962131
5.9822225e-29
3.1238675e-31
1.0
0.999992
1.0
1.3353394e-28
4.0695528e-24
2.0485659e-23
0.9999999
2.7107358e-28
1.0
1.0
1.0
2.5651765e-09
1.2835732e-25
6.622441e-24
1.0
6.7895814e-24
5.933696e-30
6.085293e-13
1.0
1.0
1.0
1.0
1.0
1.4411369e-12
1.0
2.0803773e-12
3.7005e-11
2.0422804e-27
1.622563e-26
1.0
3.128891e-22
1.9682997e-22
2.0972922e-21
2.0859691e-22
0.011683574
7.584332e-23
6.610109e-21
5.2984525e-24
1.0
5.7208097e-22
4.549371e-28
1.2003493e-24
1.0
0.9999995
1.1118029e-09
1.8458844e-27
2.3757918e-28
1.0
1.6634996e-28
0.0005862436
6.6753304e-22
0.9134738
2.1384817e-14
1.0
1.0
5.499086e-23
3.5240762e-27
3.9633563e-21
7.794581e-30
1.0
0.9999995
0.9999721
1.9999728e-24
1.1388553e-23
0.00026182662
8.769878e-28
2.9569199e-08
1.0
4.6824703e-25
0.9944917
2.9822766e-20
1.0329353e-25
3.7648126e-24
1.0
0.99999976
1.0
1.0
1.0
1.6990604e-22
1.0
1.0
0.9656043
4.5783754e-13
1.8094035e-25
1.5694876e-21
0.055594835
1.0
2.7807962e-08
0.001287764
3.7323685e-23
1.5971436e-21
0.99965966
5.571779e-11
0.00075604545
1.1210268e-25
1.0
0.9999995
1.0
1.0
4.0622167e-24
9.200224e-28
1.0
1.0
6.971947e-30
1.0
3.2328844e-29
1.0595446e-21
0.9207969
1.0
0.9996613
1.436428e-23
1.0
5.809375e-09
1.8633185e-05
0.9999993
1.7370069e-20
1.0
9.406325e-23
1.6869888e-23
0.99961984
1.0
1.0
1.6051933e-14
1.0
4.708698e-08
1.0
5.731117e-23
7.06194e-22
0.006811389
1.0
1.0
1.0
7.6740566e-23
1.0931293e-19
6.4291503e-25
0.9999999
4.1098186e-24
2.34224e-24
4.4682488e-10
1.3501527e-28
2.5526485e-27
1.0
0.9999999
2.3883097e-16
4.351361e-24
4.8074708e-23
0.9999999
0.8614137
6.8169246e-27
1.0
1.0
0.67667687
5.2078297e-27
1.0
1.0
3.7981032e-14
8.958114e-27
9.523613e-27
8.404379e-24
1.0
9.065276e-25
1.0
0.28457043
0.9976629
1.0
1.0
1.0
0.99999595
3.3784573e-29
1.0
1.4188416e-25
0.9999999
1.7839191e-28
3.6063356e-22
1.0
1.0
1.0
8.719959e-16
1.0
5.208713e-16
6.1916367e-24
4.724492e-17
8.137894e-29
0.9999988
3.7295706e-20
1.1673638e-28
9.366401e-23
8.543187e-22
5.961163e-25
1.0
2.4382884e-30
1.7391554e-27
1.9946078e-10
1.0
0.9701802
3.814542e-24
1.279081e-18
1.0
1.0
0.99999523
2.507802e-23
2.9437833e-17
0.99994075
1.0
9.222776e-22
2.0204285e-12
1.0
1.0
4.7643034e-19
6.738331e-26
1.04224585e-08
2.623142e-26
1.0
0.9999981
3.049955e-24
1.4641512e-29
6.625089e-18
5.329393e-29
0.9976053
1.0
2.1480194e-21
0.99981564
9.4360495e-15
1.0
1.0
1.0
3.604895e-20
0.99999666
1.6885748e-28
1.0
1.0
3.2921732e-29
6.964405e-28
0.99999404
2.1859534e-28
1.0
4.0652655e-19
1.4213831e-24
2.0837746e-29
2.867226e-22
6.6134066e-23
1.0
1.0
1.0
5.7704915e-24
1.9869544e-16
1.7359484e-11
7.589828e-24
1.0
1.2120768e-26
5.6094095e-11
2.6951328e-15
6.0066962e-27
1.0
0.998596
0.99647385
4.5077165e-30
1.5115902e-30
1.9210761e-11
1.2168931e-29
1.0
1.0
1.4060272e-20
1.0
1.0
3.9007178e-22
1.0
1.0
1.7173528e-09
0.99916434
3.5126259e-28
1.12300095e-05
4.3254183e-21
1.0
0.99994075
3.734357e-26
2.477096e-27
1.0
1.0
2.8364477e-31
0.99987257
7.0243753e-23
1.0
0.99999964
7.288825e-05
2.012634e-29
1.1275414e-25
7.4467475e-24
2.3919719e-26
1.0
1.0
2.0824766e-24
0.9999993
0.99999845
8.379499e-18
1.0
3.5391447e-12
2.5873515e-21
1.0825501e-29
1.8608003e-21
1.0
2.6243082e-22
1.057597e-12
5.479835e-18
1.0
1.0
5.1833092e-21
0.9966793
0.9994678
1.0
0.9999778
3.101693e-08
1.10468745e-05
1.0
7.9390867e-19
3.1294257e-16
0.99999833
5.659017e-29
1.0
4.8753997e-22
1.0786423e-29
0.9999995
1.0
6.066428e-20
7.0897075e-24
1.4394687e-28
0.00011273544
2.7982664e-21
0.99999607
7.79622e-29
1.0
1.13489844e-26
2.0321322e-26
1.0
4.0151563e-10
3.4937264e-30
5.8035605e-24
1.0
0.031167865
1.9841299e-23
1.0
1.0
0.9999927
6.786369e-17
5.6901638e-30
1.0
5.9003246e-26
0.9999999
1.6190445e-19
1.3275742e-27
9.934033e-16
2.1757976e-26
9.169527e-29
5.4896197e-28
1.2179946e-09
2.3571921e-23
1.0
9.872604e-24
1.0
1.6746198e-24
1.0
1.0275216e-29
7.7124633e-14
6.3314604e-31
3.4726202e-26
9.1203803e-20
1.0
2.0325064e-24
1.2737674e-20
1.5321834e-21
1.0
1.0
2.0812537e-24
5.511519e-23
4.265275e-14
1.4597121e-29
1.0
2.765169e-29
1.0
1.2948488e-12
6.553515e-29
1.0
1.9210199e-20
1.0
1.0
1.0937146e-24
0.99999964
0.99922824
2.153218e-31
0.99997866
1.5943774e-24
1.0
0.9999957
1.0
1.0
0.99999976
3.2544703e-10
3.215861e-29
4.984551e-28
4.9383192e-26
7.552398e-09
1.0
0.9990483
2.8392586e-26
0.9998275
8.281041e-21
1.0
9.403419e-23
4.6709657e-24
1.4081287e-16
0.0010818307
0.99999964
6.570791e-28
2.3809847e-14
5.71923e-25
1.0
8.773715e-23
1.0
1.0
0.999961
7.533374e-25
0.9999341
3.340331e-30
1.9980683e-22
3.364922e-24
1.8639701e-20
1.0
4.1861503e-23
0.98699176
4.946078e-22
0.9999994
0.1153909
2.6231571e-22
1.1975079e-11
1.2590937e-23
1.0
1.0
1.0
3.914942e-28
1.8486401e-19
0.99978155
0.95729864
1.0
5.907261e-26
0.9994382
0.9997485
8.5222215e-23
1.4876603e-24
5.537849e-28
1.0
1.0
8.208577e-21
1.0
0.99999094
3.0907162e-11
5.094288e-16
3.1103068e-27
0.99999976
5.3067934e-29
0.9999236
1.0
4.881243e-22
3.169726e-29
1.96898e-14
7.2882296e-20
1.0
0.9999999
1.0
0.9999989
1.8183559e-19
1.0
1.377315e-17
1.0
1.0
1.0
1.0800802e-20
9.0377444e-20
7.854775e-25
6.1700626e-24
1.0
0.9981615
7.225332e-21
1.0
2.4194545e-28
7.472343e-28
1.0
6.6113834e-32
0.99999833
1.0
7.536864e-22
0.9999969
1.0
1.0
7.468631e-05
5.5863746e-20
1.0
0.9999999
7.153509e-06
4.1356967e-28
0.61953306
1.0
0.99999475
1.0
0.9999945
1.0
1.0
1.5763707e-20
1.9892897e-13
0.99999905
1.4330051e-26
1.5045801e-19
7.720521e-07
5.6586615e-25
9.655965e-27
1.4701168e-22
1.0
0.8517801
7.371891e-20
1.0
1.0
3.101693e-08
3.1038383e-25
1.0
4.9818566e-26
1.0
1.0
0.99999857
0.0047783395
1.0
3.3121834e-25
6.35341e-22
1.0
1.480824e-27
5.184384e-26
1.0
1.1454101e-27
0.96575814
5.204598e-25
8.757341e-28
0.9958604
1.9974591e-29
6.245649e-25
2.7046885e-24
6.3900668e-21
7.848208e-27
4.214378e-25
4.5738346e-14
0.99999857
1.0
5.038228e-29
4.9673562e-27
1.0
5.3052158e-21
5.2368106e-29
1.0
1.0
1.060586e-17
0.99999964
1.4697565e-24
1.0
1.18898504e-29
1.0
1.5382343e-08
5.895083e-26
1.2214841e-28
9.832877e-24
1.4164164e-21
1.4980719e-22
6.324566e-28
1.5273692e-28
0.9999989
0.31936553
1.0241783e-24
0.9999465
1.6100821e-09
3.5935176e-25
6.600867e-27
4.2904773e-15
1.0
1.0
0.99993813
3.8822132e-26
3.6279318e-21
3.6546782e-17
0.9999944
2.6476164e-22
1.0
5.2403155e-26
1.9647858e-25
1.0
2.4426013e-28
2.6200103e-27
1.0
1.0
4.4102695e-31
1.0
2.0170854e-28
7.1617166e-23
1.0
0.029196993
1.0
3.5199078e-29
1.0
1.0
0.9999999
1.0
4.0990522e-10
1.0
0.99999976
1.0
3.3894923e-15
1.1605538e-05
7.240669e-22
3.9885793e-21
3.60783e-25
1.0
1.8717789e-28
1.0
2.2648055e-24
0.99960035
1.0
6.8717233e-28
1.8673582e-27
1.474453e-29
0.004049277
1.0
1.0
1.0
1.0
0.99998176
0.9999747
1.9619957e-29
2.090849e-18
0.9987103
0.95107955
7.092838e-26
1.0
1.0
1.0
1.0
5.09381e-28
1.6236489e-12
1.0
1.0
3.7973386e-31
0.22354127
2.505612e-23
1.0
8.6733244e-29
9.688885e-18
1.0
0.9999999
5.8858557e-05
1.0
0.99999356
1.0039864e-23
7.4311535e-28
2.3159609e-15
1.0
1.0
2.3529196e-20
1.0
1.0
1.0
1.0
1.0
2.738698e-26
3.1684032e-17
1.0
1.3404056e-23
8.1562895e-11
7.3734368e-28
1.0
6.57966e-31
5.9066134e-24
2.05061e-27
2.46713e-18
1.0
2.0096241e-24
0.9999999
3.269407e-11
1.0
8.9265737e-13
4.371467e-28
1.9187637e-28
6.315932e-29
1.5578768e-25
5.9077343e-26
0.51039445
3.565048e-26
0.9999505
3.2103625e-26
1.0
2.4025146e-27
2.769174e-11
1.9658549e-07
0.017117146
1.0
1.627069e-26
0.9897537
4.4798224e-24
1.0733439e-28
4.7430678e-27
1.0
1.5490589e-25
1.0769635e-09
8.614882e-24
3.2016733e-11
1.0
2.0958744e-23
1.0
1.0
0.9999869
0.9999995
4.1993355e-20
1.0
1.0
0.4918437
8.672341e-27
1.0
0.0027005572
1.0
2.1796043e-13
3.4611082e-22
0.9999995
1.0
2.3487819e-23
1.0
4.612679e-22
5.2381197e-25
1.4217725e-18
0.00034590668
1.0
0.99999964
1.1671747e-24
1.0
1.0
5.2461385e-25
1.0
1.0
0.9997538
0.99999964
0.99898463
2.2798123e-22
6.180154e-21
1.0
2.8447443e-26
1.0
1.6982827e-22
1.0
0.99999964
1.0
1.0
9.588921e-23
1.0
1.0
4.2796092e-29
1.0
1.6071206e-25
2.4174483e-24
1.06108e-24
3.2128616e-26
2.0100928e-23
1.0673486e-23
1.0
0.99924767
1.0
1.281727e-20
1.0
0.9974074
9.0100086e-18
8.4019626e-27
0.9999821
0.9999999
7.889517e-18
0.9999987
1.0
1.0
6.3437374e-25
1.0
6.400611e-27
1.0
5.448041e-21
1.3335555e-24
3.4240514e-28
1.0
2.0427326e-27
1.0
7.248185e-30
0.9999999
2.2172512e-23
6.0687073e-24
0.99997985
1.0
1.697127e-14
1.0
1.0
1.4346788e-26
0.99999607
1.4893318e-21
4.1592177e-23
1.7244066e-09
6.926541e-29
0.9999925
1.8242237e-05
1.0
0.9999924
0.9999926
1.270337e-27
1.0
6.651511e-30
0.9998022
2.1393372e-19
1.311274e-24
2.4531968e-23
8.299434e-24
1.0
2.5624099e-23
0.9997209
2.7466197e-25
1.0
0.96639264
3.515328e-24
1.0
1.5810891e-24
3.4516262e-23
0.9999975
6.167846e-18
7.1273785e-30
1.0
1.0
3.2008767e-24
5.3777377e-08
1.0
2.2904301e-29
7.785184e-24
1.0
0.14591074
1.7156708e-27
1.9969767e-24
7.316339e-27
7.69599e-29
2.1379806e-21
1.1935818e-25
0.99999964
1.0
0.9964665
1.4556224e-25
2.6104483e-23
0.99997914
4.6689444e-20
8.61122e-20
0.004862978
2.6508806e-22
1.0
1.0
1.0
1.0
4.984173e-27
4.2048113e-23
0.6358326
1.0
1.0
0.9999999
0.99999976
7.0510163e-28
1.0
4.0382942e-19
1.0
1.0
3.1540342e-21
1.021542e-14
7.2955624e-23
6.061519e-29
1.0
1.0
1.0
9.3927955e-18
1.0
3.0680538e-24
1.0
3.4484773e-25
1.0
1.0
1.0
1.0
0.9999999
2.1880964e-29
3.6040396e-29
2.2693297e-23
0.9987643
0.99999
0.93591166
9.091586e-27
1.0
1.0
1.0
5.256526e-21
1.0
2.9661446e-19
1.0
1.0
1.0
7.722099e-23
2.4591478e-22
1.0
1.6684219e-24
7.22744e-25
5.918143e-30
1.0
7.212439e-15
0.78880084
0.9999982
0.9999999
2.0475449e-07
4.5662973e-24
0.9999999
1.0
5.0706278e-26
1.0
0.99730647
5.0735306e-26
1.422141e-26
9.774299e-19
1.0953794e-26
1.0
2.4707825e-27
6.694723e-11
0.9999994
0.99999976
5.973016e-27
2.872567e-23
1.0
4.9618234e-28
0.99991333
7.120172e-24
9.5392664e-23
9.638399e-22
5.589947e-23
1.0
7.116397e-24
2.9141475e-28
1.0
4.2090297e-24
2.725237e-16
0.9898851
4.2630716e-10
4.5450793e-16
1.9431017e-19
4.4993363e-21
2.0452628e-23
1.0
1.0
1.0
9.297074e-27
0.99940646
1.5300985e-28
1.0
0.00020264661
1.0
1.0
1.0
0.9999995
1.1033288e-22
3.9411867e-17
2.7974096e-23
0.99993455
6.2652175e-17
0.3647542
9.957871e-10
0.12466344
1.8388661e-24
0.9603426
0.9999919
8.542643e-20
0.9999701
0.98946404
1.0
0.9999993
1.0
9.2539607e-23
2.9727154e-26
0.9999988
1.7348461e-07
1.8308146e-19
8.910577e-18
6.678862e-17
0.9971808
1.0
1.0
1.0
3.113508e-22
1.0
1.40578695e-11
8.328006e-17
7.527355e-29
0.99999976
9.4830464e-27
5.0001586e-24
6.810466e-23
1.0
2.2234513e-23
2.724828e-26
1.175909e-21
6.395799e-28
3.8495922e-26
4.456671e-26
3.917974e-21
1.0
1.2501882e-21
1.0
1.8822253e-21
1.8533036e-23
1.0940376e-21
1.0
0.88970107
9.491732e-27
1.3786299e-16
1.0
1.0
8.054629e-29
4.0654967e-27
6.134047e-29
1.9075828e-13
0.9538427
1.0
8.1503437e-16
1.0
0.9999894
1.0
1.2765515e-25
1.0
3.5664178e-28
2.3434849e-22
0.001760395
1.0
2.2620596e-24
1.4482531e-29
0.9999999
1.4330162e-26
4.203631e-20
7.958476e-23
7.2239185e-12
1.0
1.0
3.8728729e-22
3.32662e-13
1.0
8.338348e-22
0.00043494673
1.0
7.6746927e-25
1.1055189e-23
1.0
5.644476e-25
4.1168964e-16
1.0
1.2355706e-22
1.0
8.272468e-25
5.739982e-29
1.1393421e-23
1.2581645e-27
3.2592412e-25
1.0
1.5910819e-27
6.794452e-24
2.8614234e-11
1.0
1.0
0.9999995
0.9998117
2.8062316e-20
8.07049e-24
0.9999999
2.1318231e-29
4.7985112e-23
6.5035017e-12
3.12461e-14
1.0
5.2503458e-24
3.4950418e-25
1.0
1.3548587e-27
8.802919e-11
1.6663643e-09
0.99999046
0.99999976
2.9956105e-24
1.0
4.328411e-26
1.7400836e-28
2.340856e-06
1.0
2.4364966e-28
1.0
1.0
7.5749165e-28
8.684572e-31
1.0
2.3232994e-20
1.0
4.091472e-23
0.98687774
2.984328e-18
5.538394e-22
1.0
3.3209994e-19
1.2171324e-25
0.95821106
1.0
3.5833348e-24
6.5849505e-26
1.0
1.0
1.0
1.0
1.0
1.0
1.0
2.566022e-21
1.0
1.708437e-24
1.2685333e-08
6.435586e-23
1.8377278e-19
1.0
4.5685947e-25
1.0
1.0
2.4509682e-25
2.3779988e-25
1.4658632e-19
3.4887314e-23
1.0
3.8871697e-15
1.0
2.883312e-25
7.764449e-25
1.0
0.9999999
1.0
0.9998847
2.9942375e-18
0.99997056
8.501335e-25
1.2309932e-14
6.006374e-20
1.2105496e-11
1.2661799e-29
1.0
1.0771961e-27
1.2909255e-23
5.026113e-30
2.3880734e-08
1.0
1.0
1.0
1.0
0.9999999
0.46915197
0.9999994
1.0
1.0758177e-13
0.9999844
1.0
9.489545e-30
0.46282935
1.0
3.209245e-28
1.0
4.880924e-23
1.0
1.0
1.0
1.0
1.0
1.0
2.1446465e-28
1.7652122e-24
1.4404461e-21
1.511939e-19
1.5778205e-20
1.1392273e-26
1.7297782e-29
1.0
1.0
0.99999166
7.108854e-24
2.8162127e-22
4.5918144e-18
6.3675767e-23
1.3689868e-24
8.71147e-11
7.886541e-25
0.9999999
4.58875e-18
1.0
7.038379e-30
0.41386932
1.0
1.0
1.0
2.432225e-28
0.99999905
9.193018e-16
0.9994468
9.3123934e-30
2.2108175e-21
3.776184e-27
5.402376e-25
1.0
5.314109e-28
3.9815406e-21
1.0
1.0
1.0
1.083453e-25
1.0
0.99998474
1.0
4.4926144e-28
3.987348e-28
1.0
8.4015e-06
1.8468875e-24
2.7980712e-12
0.034747027
1.0
1.5533014e-25
7.845689e-13
0.99999905
0.99999166
1.6753681e-23
1.0
5.810855e-22
2.4959688e-22
3.1696154e-30
1.0
1.0
1.8371281e-23
3.4742916e-25
3.4662495e-10
0.9999585
0.0011997957
0.99998534
3.5521767e-27
1.0
2.0108997e-29
2.11992e-20
1.0
1.0
1.0
1.0
4.338764e-09
1.0
2.3281678e-22
1.3028899e-20
1.29525385e-27
1.0