0.9999987
1.0
3.5247018e-23
1.0
5.544056e-23
1.9456623e-25
1.539376e-23
1.0
3.1989862e-23
0.99982435
1.0190108e-24
1.2331108e-25
2.3732423e-24
8.3980094e-11
1.0
6.6852975e-21
9.9496615e-23
0.09344861
5.367721e-10
0.99209726
0.99999595
1.7101863e-22
3.886891e-21
5.285656e-23
3.8716321e-22
1.8137383e-08
0.56953317
1.0
4.2537573e-09
1.0
6.554025e-26
2.899492e-18
0.05555392
6.0580586e-12
1.9123264e-20
5.4216845e-23
0.9999957
0.99998915
1.0
1.0
2.9592974e-18
0.1721491
7.6740606e-22
6.142214e-23
3.0981957e-25
4.848567e-20
1.0
0.91550386
1.5575649e-21
1.0
0.99982363
1.192687e-22
1.0
0.9999987
0.9975193
3.465751e-19
1.0
5.2578137e-08
3.234256e-20
5.3280134e-13
1.0
1.0
1.0
3.3947782e-19
0.99752206
0.9979247
1.0
8.2842275e-22
0.4445981
1.0
1.0
6.3272146e-15
0.97824144
0.54775196
1.4593795e-27
7.1599374e-24
3.9573373e-24
1.0
2.2742978e-21
9.33949e-25
1.3329159e-22
9.7942326e-26
3.455986e-24
1.0
1.0
1.3636718e-22
1.0
1.0
1.0
0.99921465
4.0037543e-25
3.0692945e-24
1.0
1.0
1.5392092e-26
2.096491e-11
0.99999857
0.9995442
1.0
1.0
9.756589e-22
9.22159e-20
5.206663e-25
8.091046e-25
1.2173049e-24
1.3801945e-21
7.584007e-25
0.9999963
0.9998708
1.0
9.187029e-15
2.1924931e-20
0.99999905
9.275696e-23
1.02342275e-20
2.1992591e-22
2.74253e-22
7.1406292e-12
0.9998503
0.8988284
0.999889
1.0
5.0470096e-14
1.0
9.9527056e-14
0.99989736
3.5403193e-16
9.984379e-22
5.578314e-24
0.99998736
0.99999976
0.9999547
6.1347333e-19
0.9999969
1.9042586e-22
7.216837e-24
0.0032589221
1.0
3.281665e-22
3.2859674e-26
1.0
2.6193347e-24
0.99999905
5.3963613e-25
0.999961
2.1864712e-20
1.7494852e-24
1.2175305e-27
2.4273952e-21
1.2582109e-22
1.0
0.99936134
2.4014958e-21
4.8688366e-23
1.144067e-09
4.9157138e-24
1.0
8.114758e-24
8.2412575e-24
0.9999999
1.0
1.0
0.9644202
1.0
0.99999654
4.3508864e-21
1.0
1.0
5.3929645e-18
7.023965e-18
1.078313e-22
1.0527821e-17
2.1896195e-11
0.03132951
1.7096535e-12
1.294747e-24
9.240515e-13
1.0
2.3895808e-20
1.8658889e-22
0.43914005
1.367766e-23
7.416407e-26
1.0
0.9999987
1.0
3.324261e-24
2.7062821e-21
7.9597863e-22
1.0
1.0620033e-24
1.0
1.0
1.0
2.1504581e-10
3.9548945e-23
1.0759632e-21
0.9999821
3.728606e-26
3.7443722e-25
8.156752e-12
0.9999999
0.99999917
1.0
1.0
1.0
8.412305e-12
1.0
1.4385506e-11
7.6541495e-11
5.8344827e-24
6.767192e-23
1.0
5.4005474e-23
3.6593839e-22
7.308812e-18
4.4190662e-21
0.021843528
6.7635274e-23
6.1023545e-21
9.642762e-17
1.0
1.5354423e-21
3.8869482e-22
5.5414524e-24
1.0
0.999984
1.6119856e-07
8.618342e-22
2.2759095e-23
1.0
1.2047401e-23
0.6744357
2.3024895e-17
0.99999726
5.4102973e-13
0.9999999
1.0
5.716528e-24
1.7375061e-25
1.787114e-20
1.8279356e-23
1.0
0.99954504
0.9996929
7.603224e-22
1.4785892e-19
1.2175799e-07
3.0146894e-22
0.06712769
1.0
2.1878005e-25
0.99395555
4.6867947e-25
8.691496e-24
5.5721307e-22
1.0
0.99940467
1.0
1.0
1.0
2.314319e-22
1.0
1.0
0.9781442
1.5454059e-13
1.5656036e-25
5.3607716e-22
0.62792176
1.0
4.8255018e-09
0.4614089
3.6583093e-22
1.02304626e-16
0.9999726
0.002974853
0.019277664
9.47001e-24
0.99979633
0.9999999
1.0
1.0
2.2116725e-26
5.964484e-25
1.0
1.0
1.6780728e-24
1.0
9.245064e-24
3.9112503e-23
0.93465465
1.0
0.9999969
3.5557203e-24
0.9999925
2.5193103e-10
0.60790956
0.99827373
1.1999849e-21
1.0
3.4310232e-19
1.4459224e-23
0.9994671
1.0
1.0
4.5443904e-14
0.99999094
3.646586e-10
1.0
1.6035735e-19
6.0000273e-21
0.91257983
1.0
1.0
1.0
1.9984789e-23
1.155095e-18
3.2646357e-21
1.0
8.7676254e-23
1.3545367e-22
7.9319814e-13
1.2532995e-24
1.2984312e-25
1.0
1.0
1.7652556e-13
1.3322037e-23
9.2068265e-20
0.99999785
0.020851944
9.3819736e-27
1.0
1.0
0.86425984
4.7589902e-23
1.0
0.9999999
2.6145713e-14
6.454778e-26
1.8389424e-25
5.267848e-21
0.9999999
7.094361e-24
1.0
0.9905273
0.97317284
1.0
1.0
1.0
0.9999989
8.107116e-24
1.0
1.758704e-26
0.99999976
2.1557264e-22
3.668555e-21
1.0
1.0
1.0
2.982546e-11
1.0
4.234902e-21
1.7155499e-23
1.1356962e-17
2.7390784e-23
0.9997893
7.906126e-16
4.3783708e-23
1.3907755e-21
5.3869087e-22
1.8960462e-22
1.0
6.188233e-25
1.496175e-23
6.3559743e-16
1.0
0.9999132
2.730494e-22
1.13063e-17
1.0
0.99952507
0.9999951
6.8032285e-21
1.0204683e-19
0.99999917
1.0
1.5737795e-22
2.5266959e-11
0.9999999
1.0
2.16478e-17
4.419546e-25
5.058341e-26
1.0294629e-23
1.0
0.9999739
5.8590416e-23
1.7786496e-24
2.3849084e-13
2.2811225e-25
0.9999429
1.0
4.5657423e-23
0.21026205
3.5386896e-10
1.0
1.0
1.0
7.432609e-18
0.9981669
3.9183138e-23
1.0
0.9999956
1.568719e-24
5.2938816e-26
1.0
2.050629e-24
1.0
3.4237277e-19
4.4023203e-23
9.3336894e-24
2.8208268e-21
3.6678832e-21
1.0
1.0
0.9999999
4.3060675e-24
4.6585064e-14
1.9479467e-09
7.3052256e-23
1.0
2.2460471e-26
0.00010788206
2.981171e-14
1.1618572e-24
1.0
0.99881244
0.99869734
2.5779093e-24
7.824062e-25
1.3694455e-14
2.4272407e-26
0.99999845
1.0
1.6666107e-22
0.9999989
1.0
2.9688229e-22
1.0
0.9987589
1.9077659e-08
0.99985623
4.765834e-25
0.040754788
6.1669897e-21
1.0
0.99999917
2.4489812e-22
4.4172682e-26
1.0
1.0
1.8407612e-24
0.9696563
1.3919598e-20
1.0
0.99996495
0.019981874
4.562813e-25
4.224988e-24
6.79687e-22
4.6876557e-24
1.0
1.0
4.6440686e-23
0.99999976
0.99831617
4.96467e-18
0.99996793
1.550675e-11
2.9551683e-18
3.8777196e-23
2.5706799e-18
1.0
2.1878312e-20
4.648053e-17
1.5010125e-14
1.0
1.0
2.1512525e-19
0.997315
0.9999981
1.0
0.99221355
9.4336485e-07
1.1556803e-06
1.0
9.547868e-21
1.0073385e-17
0.99999964
1.2283234e-23
1.0
7.638192e-23
7.3712784e-26
0.9999927
1.0
2.5443869e-18
1.12612845e-23
3.7334898e-25
0.5362839
7.726468e-21
0.9874047
1.9668126e-23
1.0
4.6354824e-24
6.4095033e-20
0.99999964
7.966361e-26
1.9949047e-25
3.352675e-23
1.0
0.027358485
4.937479e-23
0.9998859
1.0
0.9999807
3.8165157e-12
1.595856e-24
0.9999962
1.3522038e-21
0.99999857
9.1113694e-21
2.224227e-27
5.4115318e-18
1.2056825e-23
2.4123736e-23
8.721155e-24
1.1893062e-08
2.9364508e-23
0.99999917
4.1467681e-22
1.0
8.183502e-21
1.0
3.44364e-25
1.3159835e-14
8.518345e-25
2.2367734e-23
1.0399865e-22
0.99996245
5.4611856e-23
9.447699e-19
1.4059897e-20
1.0
1.0
6.625252e-22
1.9562406e-22
7.902307e-21
2.3900942e-25
1.0
8.490579e-24
0.9999999
0.00013604542
7.148612e-24
1.0
2.955109e-20
1.0
1.0
5.6990223e-24
0.9997671
1.0
3.8870144e-26
0.9999927
4.4500843e-24
1.0
1.0
1.0
1.0
0.9999964
2.7993314e-08
1.7526839e-25
3.0880617e-24
1.2632608e-22
4.166111e-11
1.0
0.9453153
8.300791e-25
0.9969381
2.0485053e-21
1.0
4.411023e-25
1.6670494e-22
2.8393445e-19
0.0008615001
0.98990905
1.6879801e-23
2.1713729e-16
1.9002285e-25
1.0
4.6474914e-22
1.0
1.0
0.9899166
1.069932e-25
0.9999999
1.1923804e-25
2.5151541e-20
3.8677683e-20
5.981155e-20
1.0
4.472253e-19
0.9999988
6.861038e-20
0.99999547
0.41404763
2.2474594e-20
6.175454e-13
3.783275e-21
0.99988294
1.0
1.0
2.059895e-25
2.4225492e-20
0.9960609
0.9218475
0.9999999
1.9989724e-25
0.99999547
0.9996389
2.0366763e-22
5.1736442e-23
6.0504227e-24
1.0
0.9999999
2.1083444e-15
0.9999999
0.9950883
4.6238147e-10
3.3129983e-14
5.7164165e-25
0.99975926
1.4329273e-28
0.99925977
1.0
2.1321398e-22
2.5733406e-24
1.3978186e-12
1.3679814e-21
1.0
0.9999999
1.0
0.99839467
3.674233e-18
1.0
1.3800432e-19
1.0
0.9999943
1.0
2.103129e-17
2.2805227e-17
1.8549737e-22
2.7510054e-23
1.0
0.99932075
3.2153448e-22
0.9999945
1.414492e-24
4.734888e-23
1.0
8.1137773e-29
0.99966156
0.99999607
9.034775e-21
0.9999815
0.9999995
1.0
0.008609029
7.427256e-17
1.0
0.9999987
0.011602561
7.96996e-23
0.760348
1.0
0.9999882
0.9999995
0.9990576
1.0
1.0
2.3309882e-19
2.9683866e-11
0.99998665
1.889234e-26
5.6863707e-21
1.1676111e-09
1.9839838e-25
3.8730776e-23
2.4941318e-22
0.99999416
0.4364659
4.7123355e-20
1.0
1.0
5.1257096e-09
9.756962e-22
1.0
3.453732e-24
1.0
1.0
0.99999917
0.0048983325
1.0
2.0605404e-24
2.6001322e-23
1.0
1.6402269e-23
1.386314e-23
0.9999801
4.2889174e-25
0.11658346
7.6156146e-23
1.9090353e-24
0.999959
3.559697e-24
3.3839495e-23
8.683968e-25
1.131522e-19
6.725164e-24
1.4047284e-22
4.635172e-13
0.9999666
1.0
2.8283892e-22
2.1632451e-24
1.0
1.3453043e-21
1.5160927e-25
1.0
1.0
5.3488204e-15
0.9999989
2.3724414e-20
1.0
3.3716403e-25
1.0
0.0008328811
3.653357e-23
7.3861236e-23
9.0397307e-23
2.0399663e-21
2.8415615e-22
8.689929e-26
4.6494328e-26
0.9926997
0.07859061
8.3017185e-23
0.9996661
1.4058969e-07
3.3522878e-25
9.977184e-22
9.990625e-15
1.0
1.0
0.9998975
4.861596e-24
2.2438165e-22
4.3543158e-17
0.9998908
5.751052e-21
1.0
2.022043e-24
3.2737705e-25
1.0
6.0712515e-25
1.2172875e-22
0.999956
1.0
3.9439446e-29
0.9999999
4.1912614e-24
6.595727e-21
0.9999993
0.21766488
0.99999845
1.8083338e-25
1.0
0.9999999
0.99999225
1.0
7.71256e-12
1.0
0.9999999
1.0
6.1761804e-18
9.730092e-14
1.6333613e-20
4.3690777e-23
1.08802244e-23
1.0
1.2899453e-24
1.0
3.0928057e-21
0.9970592
1.0
1.6974704e-25
2.542342e-24
4.214989e-25
0.0802129
1.0
0.9999999
1.0
1.0
0.94209355
0.99593675
1.8151087e-23
3.8446036e-18
0.11797721
0.99885905
3.3901736e-25
1.0
0.9941673
1.0
0.9998678
6.4240267e-25
2.8463156e-13
0.99993813
1.0
4.8586985e-26
0.02740841
2.16637e-21
1.0
4.2142054e-23
1.2587277e-17
0.9999999
1.0
0.5493998
0.9999999
0.99999857
5.51525e-20
1.2286695e-24
7.3071584e-13
1.0
1.0
2.496102e-22
1.0
1.0
0.9999944
1.0
0.9999987
9.755304e-26
7.460939e-16
1.0
4.851377e-21
4.3048475e-11
1.5680797e-23
0.9999707
2.5548152e-24
9.21605e-24
4.3239454e-23
5.124962e-18
1.0
7.8117196e-24
1.0
1.7665239e-11
0.9999963
6.2534617e-12
9.640649e-28
0.0
2.5529188e-29
3.8726597e-25
6.702597e-25
0.1568147
5.1642785e-23
0.999998
8.127588e-23
1.0
1.7133533e-22
5.069786e-15
1.0759718e-09
0.054043557
1.0
1.937952e-24
0.5976898
1.4790719e-22
3.7916762e-25
4.5914653e-25
1.0
8.700201e-21
0.0013168287
6.0416416e-22
4.9876704e-13
1.0
3.124056e-25
1.0
1.0
0.9990754
0.998139
4.0076495e-18
1.0
0.99999857
0.10304939
1.4685964e-24
1.0
0.0026173524
1.0
3.7157047e-08
6.2135764e-22
1.0
0.99999976
6.3140033e-22
1.0
1.1988679e-22
1.6225911e-22
1.16900395e-20
0.41073802
1.0
0.99999833
5.6210633e-22
1.0
1.0
1.8003396e-21
1.0
1.0
0.95864654
0.9999151
0.98075575
8.720379e-19
2.2019833e-18
0.99999535
1.3464889e-23
1.0
2.7113775e-20
0.9999999
1.0
1.0
1.0
2.2991024e-24
1.0
1.0
1.4277896e-25
0.99995613
2.6455528e-25
2.5547957e-24
7.614925e-21
1.2928757e-25
6.4039244e-22
2.761658e-22
1.0
0.7593181
1.0
6.3326557e-20
0.99999976
0.4507452
1.0105055e-18
2.3803142e-24
0.9994855
0.98211277
2.6839277e-16
0.9999993
0.9982651
1.0
9.619408e-22
1.0
1.7333958e-24
1.0
1.1638597e-21
4.279196e-24
1.0911528e-22
1.0
1.3239912e-23
1.0
2.8063315e-25
0.9999808
2.6162842e-20
6.258203e-22
1.0
1.0
7.303504e-14
1.0
0.99998724
4.104507e-24
0.9733141
1.5491623e-21
4.1464537e-21
8.0730324e-08
1.6314437e-27
0.9999187
0.0077944924
0.999907
1.0
0.99212885
3.3010598e-24
1.0
6.297729e-26
0.8025057
3.0899047e-21
3.8480163e-21
4.3457896e-23
7.1522666e-24
1.0
9.437312e-22
0.9999994
1.9131981e-24
1.0
0.9998723
3.0997696e-24
1.0
5.474015e-22
2.3248674e-21
0.99999857
5.7308107e-23
4.3309736e-25
1.0
1.0
4.530352e-22
0.001858349
1.0
8.78426e-24
1.741252e-21
1.0
0.014475493
3.662481e-24
8.743835e-25
9.05876e-21
1.5011938e-24
1.5068146e-19
8.961009e-22
0.99999964
0.99999964
0.39513722
5.806528e-24
3.344565e-22
0.99999654
2.2427415e-19
3.990133e-20
0.5611907
4.6293393e-21
0.9999999
1.0
1.0
1.0
6.5783067e-23
1.1693985e-24
0.99821943
1.0
1.0
0.99999845
0.9999999
8.0533595e-24
1.0
9.915434e-18
1.0
1.0
1.7244478e-22
1.3233895e-13
2.364662e-20
5.088302e-25
1.0
0.999997
1.0
4.51062e-24
1.0
6.159598e-24
1.0
1.4471963e-24
0.9999994
0.9999987
1.0
1.0
1.0
2.3542885e-24
7.325898e-25
1.9472785e-20
0.9776218
1.0
0.95873183
4.3169363e-25
1.0
1.0
1.0
5.4128536e-18
1.0
5.680401e-16
1.0
0.99994946
1.0
4.3015096e-21
6.108156e-20
1.0
6.3709116e-21
2.120476e-22
2.3038683e-25
1.0
1.3524002e-13
0.7914471
0.9927125
0.99999607
1.1588694e-09
3.170219e-23
1.0
1.0
6.749606e-24
1.0
0.9991399
2.1736514e-24
2.1986277e-24
1.477563e-19
7.7902006e-25
0.99998903
1.0043612e-24
6.6743967e-12
0.99998605
0.9999244
2.04538e-23
4.4154825e-26
1.0
6.564441e-24
0.99999964
3.1403704e-22
4.4103424e-21
1.1438848e-22
2.3718486e-24
0.9999987
2.233262e-22
6.602608e-26
0.9999993
2.514691e-22
1.0647376e-16
0.9999957
6.1476912e-06
1.6290151e-16
1.7442454e-19
8.918161e-18
1.6633659e-21
0.99999964
0.99999964
1.0
1.8902967e-23
0.9999982
8.845387e-25
0.9998964
4.7540092e-07
1.0
0.9999989
1.0
1.0
2.7517114e-21
5.0053836e-18
5.572771e-21
0.9939567
3.1680076e-15
0.9820451
1.7804892e-07
0.982051
1.194039e-22
0.36521637
0.9978668
1.8017653e-17
0.99993384
0.9955344
1.0
1.0
1.0
2.1502831e-20
2.3718834e-25
0.99999976
3.9646034e-10
1.093295e-21
2.1292842e-17
2.1464041e-15
0.9999373
0.9999987
1.0
1.0
3.208615e-24
1.0
8.0198657e-13
2.9401278e-15
7.993838e-29
0.9999995
5.2732882e-24
1.5889864e-23
1.1517372e-19
1.0
3.3031098e-26
7.39077e-24
1.9694207e-20
1.3963725e-22
6.145237e-23
2.4340038e-23
2.311654e-22
0.9999615
4.5203525e-24
0.9999999
1.473965e-20
7.4778117e-22
9.277408e-20
0.9999988
0.9819126
1.2647397e-24
3.2158945e-16
1.0
1.0
1.5728415e-24
2.5810286e-24
1.9240456e-23
3.8210387e-16
0.9787635
1.0
5.681086e-19
0.9968389
0.99986446
0.99999857
1.8947221e-23
1.0
1.0922678e-24
1.6072709e-21
0.05497387
0.9999994
1.8751998e-23
1.2374668e-22
0.99965155
5.4370704e-24
2.1049628e-21
6.458338e-22
2.1505493e-13
1.0
1.0
8.847835e-21
2.2830016e-11
1.0
2.4663925e-21
0.9999119
0.9997906
2.3078127e-22
2.4988503e-26
1.0
2.5287207e-26
1.070673e-14
1.0
3.0215215e-19
1.0
2.9186702e-24
5.3467914e-26
1.161557e-22
7.431282e-24
2.4456657e-23
1.0
5.75036e-25
2.4788794e-22
8.0606355e-11
1.0
1.0
0.99994254
0.9999993
3.215981e-23
1.5648774e-22
0.99999976
1.039684e-24
5.0121566e-22
6.003515e-11
4.3366786e-13
0.9999943
6.9784145e-22
2.1665476e-25
1.0
3.3883542e-23
2.4516762e-12
0.0047986475
0.9634959
0.99999523
2.9356904e-22
1.0
1.9856894e-23
3.621773e-24
0.06068422
1.0
5.2767867e-25
1.0
1.0
4.8021503e-25
8.805689e-26
1.0
9.960071e-22
1.0
1.437464e-23
0.9999528
2.5162206e-19
2.8819982e-21
1.0
2.7985575e-19
4.006709e-22
0.78655535
0.9999999
7.943583e-23
3.902687e-27
1.0
0.99958175
1.0
0.99999976
1.0
0.9999994
1.0
2.8467302e-19
1.0
3.1358901e-24
3.809226e-06
2.6197598e-20
1.826656e-20
1.0
4.6533055e-24
1.0
1.0
5.6473246e-23
1.361545e-23
6.7750613e-18
1.2575392e-22
1.0
1.141147e-12
0.9999974
3.6319973e-24
1.9128716e-22
1.0
0.99999964
1.0
0.9993018
9.58219e-16
0.99992514
2.3950264e-22
2.3899448e-13
1.4082818e-20
7.5212385e-11
5.772825e-24
1.0
1.8691712e-24
1.5007258e-22
2.7432386e-24
0.001958737
1.0
1.0
1.0
1.0
0.9999999
0.99796957
0.99999225
0.9999995
1.9744968e-14
0.3880394
1.0
7.3691417e-26
0.8911218
1.0
5.1660827e-26
1.0
1.1586894e-22
1.0
1.0
1.0
1.0
1.0
1.0
2.1140597e-25
7.8535205e-24
9.269193e-22
9.039735e-22
2.1224425e-22
2.5855579e-27
8.069712e-26
1.0
0.9999999
0.99995434
4.3442835e-22
1.1084174e-20
3.2229988e-20
6.9823555e-22
5.9015233e-24
0.00039236766
1.5547191e-24
0.9999542
6.491714e-20
0.99999976
1.998821e-24
0.050289962
1.0
1.0
1.0
1.3172457e-23
0.9999988
9.004775e-13
0.9987357
4.392218e-25
1.1909963e-21
2.1636404e-25
6.1077075e-22
1.0
3.4559577e-25
4.378234e-17
1.0
1.0
1.0
9.810631e-22
0.99980956
0.9997216
1.0
5.3670016e-26
4.67146e-26
1.0
1.11769406e-10
1.8880544e-24
4.499539e-15
0.95868415
0.9999999
1.0430299e-22
1.2566817e-13
0.9999851
0.9999268
8.3928545e-22
1.0
4.7485544e-19
2.5197309e-23
1.5294706e-25
1.0
1.0
7.783165e-24
9.754607e-24
5.296298e-10
0.99993837
3.6395345e-06
0.9997919
5.3596947e-27
1.0
5.990361e-26
4.2170582e-20
0.99999976
1.0
1.0
1.0
0.0010743093
1.0
3.3784434e-22
1.8313603e-18
3.880533e-22
1.0