0.54956394
0.9999758
0.4269771
0.5600567
0.4244835
0.0044451836
0.004783435
0.9999795
0.42781267
0.93487144
0.0068534687
0.0023399254
0.0019632417
0.42440423
0.99930334
0.0011480072
0.0024466095
0.5582525
0.0046344516
0.5317568
0.9855833
0.0011078027
0.42580488
0.0027179269
0.0011696545
0.0042537972
0.53531796
0.9561418
0.4255923
0.9996413
0.0020284487
0.42428797
0.3243063
0.43388012
0.39254603
0.41386822
0.54313713
0.99956924
0.99997103
0.9999943
0.001923995
0.51806724
0.0025785766
0.42778313
0.0023331973
0.00074711285
0.5472137
0.99979097
0.0009402318
0.99995375
0.9242337
0.0031119287
0.9984919
0.9966871
0.5265604
0.0011272067
0.55575925
0.0026469561
0.0017910695
0.004773448
0.5540895
0.99925107
0.54530257
0.41981453
0.8444895
0.9661726
0.549237
0.0013582471
0.82990915
0.5550028
0.9996007
0.0034148553
0.9052177
0.6552203
0.0100554535
0.0011094216
0.0014097516
0.54833263
0.4204215
0.42766732
0.0013240234
0.0041552195
0.42755193
0.99939144
0.99999356
0.0057034274
0.554481
0.99977237
0.9998765
0.9966859
0.0020990756
0.0024996938
0.9999224
0.9983498
0.003380991
0.003848261
0.99998033
0.9982153
0.99995935
0.99995196
0.42762184
0.42604738
0.0027734847
0.0014947391
0.42796907
0.002960956
0.0016618937
0.99862885
0.99993134
0.99979335
0.009321059
0.4276119
0.999881
0.00058885233
0.4238352
0.0012990513
0.0014183525
0.0049971417
0.9999114
0.75727814
0.60001355
0.9995764
0.0022501436
0.9999759
0.0015880399
0.99997103
0.0021162028
0.0017660417
0.0012854579
0.9923563
0.9995584
0.9978109
0.0030678443
0.99935216
0.002424506
0.0022285774
0.91295874
0.99992836
0.42565003
0.0071588564
0.999992
0.0014754048
0.9484408
0.0017460762
0.99937314
0.0011943898
0.002595191
0.423319
0.0036279575
0.006405912
0.9951568
0.99581474
0.426624
0.0020361587
0.0042544254
0.408248
0.99992514
0.0009406713
0.0011855583
0.9993349
0.99996436
0.9997727
0.9715262
0.9989435
0.9984861
0.0012080594
0.5552767
0.53862166
0.002251588
0.00043887878
0.0017699761
0.42633066
0.0025618442
0.6657323
0.008463271
0.0024233933
0.0037824379
0.99992704
0.001518156
0.0014839265
0.78737396
0.0008878442
0.0028019473
0.9986802
0.9943719
0.9951213
0.4278738
0.42689392
0.0018999352
0.9895975
0.0021502697
0.99959916
0.9999708
0.99989545
0.005628816
0.0012635768
0.42684132
0.9972607
0.013431881
0.0014790869
0.0020464738
0.9815305
0.9999901
0.9989881
0.9986546
0.99996424
0.003737147
0.9999739
0.0059372573
0.0022295127
0.42705435
0.42802262
0.99889284
0.0033304794
0.42611206
0.42666337
0.0022914426
0.44409505
0.0021785384
0.0047214134
0.00081980944
0.9999733
0.0018484611
0.002917883
0.0020019077
0.99968195
0.9986613
0.004374654
0.42771795
0.0012276436
0.999038
0.42657363
0.7304523
0.42540616
0.5407693
0.41789448
0.9999516
0.99998724
0.0006247477
0.002974894
0.0019683656
0.001964452
0.99998903
0.9986564
0.9933954
0.0013708436
0.42586225
0.0007968097
0.42700422
0.3428391
0.99999046
0.0046774894
0.9202884
0.0038417245
0.0020443986
0.0010752502
0.9926963
0.99815553
0.9999337
0.9999218
0.9998634
0.008602687
0.99997413
0.9999783
0.8886523
0.011614784
0.0044509633
0.001007981
0.53970003
0.99980897
0.42777142
0.39499596
0.0021270844
0.0031930476
0.7560876
0.37625438
0.6541758
0.0030325684
0.99920243
0.9949319
0.999616
0.99998426
0.0077613555
0.0017087033
0.99992394
0.9997067
0.4271998
0.9976599
0.0016054034
0.41656056
0.52937585
0.9999833
0.5408671
0.0026151077
0.9998838
0.0030002496
0.40767977
0.99951065
0.0009779101
0.9974884
0.42489383
0.0020790682
0.7803822
0.9987419
0.9999832
0.0039283163
0.55370754
0.004405309
0.99933773
0.0007160174
0.0017348934
0.39549243
0.9998393
0.9982287
0.9992735
0.0016915255
0.002585194
0.0013316497
0.999503
0.0010306392
0.0020238352
0.0015752271
0.0021921822
0.003950753
0.99737215
0.5452137
0.006757937
0.003781401
0.42595038
0.99087334
0.9680701
0.0036095695
0.99630404
0.9999956
0.8938001
0.42789987
0.9999794
0.99981827
0.005901329
0.0034157091
0.0031784624
0.0011240467
0.9999876
0.42237055
0.9999831
0.8641861
0.9805433
0.97804374
0.99982256
0.9997515
0.98381996
0.0012263475
0.99996114
0.4227328
0.99955803
0.0010075624
0.0007111466
0.5480424
0.99986196
0.5556427
0.004748793
0.99533
0.0050993343
0.0012483603
0.0013069647
0.42735985
0.9651892
0.001996158
0.00078236376
0.42589143
0.38695407
0.0014177901
0.99996436
0.0019233074
0.00093587476
0.0008762722
0.99969006
0.9843039
0.00085340824
0.003364928
0.99984455
0.9992861
0.9947785
0.0051680743
0.012346667
0.98406917
0.99979633
0.42247823
0.003929561
0.99993694
0.5515713
0.0031359536
0.0020263281
0.020439835
0.42621902
0.9994592
0.99352974
0.0023720001
0.0016532218
0.0039171353
0.0029376294
0.9263226
0.99992204
0.42258754
0.5339523
0.42585468
0.9998938
0.9997272
0.9998393
0.42498147
0.993818
0.42752638
0.99222857
0.9999864
0.0012692786
0.0027589905
0.98626155
0.0013482902
0.9999808
0.0015199439
0.0041282536
0.4278591
0.00068577955
0.00086115865
0.98776907
0.9999511
0.9999354
0.42339742
0.003563059
0.009159521
0.002371946
0.99548703
0.4245774
0.45012912
0.004786707
0.0019117484
0.99997187
0.5445653
0.773353
0.4277541
0.0012793721
0.002358212
0.0030016934
0.9998648
0.9999672
0.0043945475
0.9999814
0.9998117
0.41232675
0.9999578
0.99940395
0.4273755
0.9709462
0.0025438983
0.34567636
0.0025548805
0.9995795
0.9089692
0.0015899605
0.002772907
0.99658895
0.99997044
0.00082619814
0.9613528
0.0010576104
0.9997497
0.9999784
0.96720594
0.001516548
0.0055356664
0.42654335
0.0051724077
0.9980123
0.55373305
0.0011738441
0.99814177
0.9986104
0.00035610492
0.9999956
0.004937957
0.0010130565
0.42761865
0.4257181
0.9976616
0.0009244856
0.0017646032
0.00123961
0.9998777
0.9999604
0.42286402
0.50661576
0.53938115
0.99988556
0.9975878
0.42925358
0.42449588
0.99994063
0.0006355676
0.0006781895
0.537908
0.4275015
0.9999212
0.0021184736
0.0022305578
0.99104416
0.99988747
0.0022748746
0.41820997
0.0015479341
0.93959624
0.0018952767
0.9912177
0.001877505
0.99992883
0.4267547
0.42715526
0.55803514
0.08426214
0.001715445
0.0021905035
0.57793224
0.8121288
0.0025995777
0.99848676
0.9999895
0.99653876
0.4205903
0.001169239
0.99850214
0.0016777328
0.9998313
0.4244599
0.0047873068
0.42410138
0.0014600729
0.00082922686
0.0030611488
0.42780337
0.001111943
0.5449336
0.41534045
0.9999254
0.4257738
0.9767851
0.42664063
0.006018
0.0010950592
0.0012669831
0.0013537297
0.99987674
0.0054583405
0.00055512955
0.42496347
0.99693894
0.99955434
0.42595232
0.00153056
0.0012069179
0.0022683742
0.9961266
0.0010499081
0.9999882
0.36861897
0.42805248
0.9997098
0.0074700634
0.99386483
0.9992865
0.0014939002
0.93962
0.9128872
0.0022430334
0.5467556
0.001856618
0.9997321
0.9894665
0.9999447
0.9782306
0.99859756
0.0027589118
0.0019968334
0.0076057366
0.0011152226
0.040132556
0.999816
0.88510907
0.0050624665
0.91832304
0.00310576
0.999742
0.0097778905
0.0009882301
0.023877926
0.35527304
0.54957217
0.002642638
0.0041270815
0.002290356
0.99945945
0.0007614804
0.9999596
0.9999969
0.9998136
0.00087968505
0.8089236
0.0023300082
0.42502397
0.42631495
0.001722613
0.5479567
0.0009692245
0.38091433
0.0006383735
0.99762374
0.92555964
0.00062762725
0.0070489007
0.0006464901
0.9997682
0.999913
0.9998933
0.42240798
0.0033096813
0.91076684
0.43720415
0.99933785
0.0031844112
0.92843056
0.7892222
0.42696878
0.0017092257
0.42766997
0.6593491
0.9999925
0.0020408614
0.9999292
0.9998667
0.01013651
0.0068739364
0.0021320223
0.9999411
0.011075398
0.61477697
0.9998141
0.002016979
0.0011533118
0.0038805467
0.006056279
0.5453833
0.99637836
0.9865066
0.98228365
0.42654148
0.5512432
0.00047821066
0.99789196
0.99986804
0.9984376
0.00070042134
0.0051784553
0.42719728
0.001645733
0.9998197
0.8568111
0.0036116692
0.9930661
0.0014549617
0.00077632186
0.9984549
0.4237654
0.54028624
0.99998736
0.0025116976
0.99951434
0.94720775
0.9999198
0.4435005
0.0010640703
0.9997954
0.9979163
0.44210127
0.00073792663
0.99598914
0.9999417
0.9996978
0.9999893
0.9997831
0.99884915
0.998538
0.0033450713
0.0032846297
0.9491407
0.003822682
0.0025571878
0.00750669
0.003082004
0.004611189
0.0016167177
0.9999517
0.7150619
0.41249055
0.5436157
0.99940646
0.0108778225
0.0007609472
0.9999924
0.002825696
0.9992663
0.9999615
0.5491369
0.53955287
0.9998053
0.0016002024
0.0051775975
0.99997854
0.42734793
0.0035380102
0.9962676
0.0015047473
0.6014612
0.0011937347
0.0030480884
0.5935501
0.0010503313
0.0011551616
0.0023783953
0.0018518701
0.427661
0.0013407213
0.0059016985
0.9987716
0.9999701
0.41001672
0.0021789125
0.9996953
0.0008947162
0.0017105833
0.99995553
0.54754496
0.002481683
0.5451439
0.42654425
0.9918894
0.0015547408
0.999985
0.32735026
0.0018691133
0.427687
0.0029097395
0.42613113
0.001333918
0.0048487587
0.0024795614
0.9870674
0.48933065
0.0013547253
0.9994498
0.0025257345
0.004435502
0.42702305
0.0027023545
0.9992878
0.5488504
0.98867756
0.0013970587
0.0031565663
0.0028824552
0.98484117
0.0009577929
0.99950325
0.002507162
0.078565024
0.6220911
0.002353411
0.0008206845
0.99932337
0.99999595
0.42330056
0.9999895
0.0031411871
0.0011489481
0.993367
0.5539209
0.8125698
0.0017320779
0.9999095
0.99973637
0.5395893
0.99999297
0.010592999
0.99949586
0.9949479
0.99898857
0.0017461443
0.006493743
0.001385307
0.4203571
0.0014954844
0.99994946
0.0020588534
0.99987745
0.42543224
0.99392396
0.99945635
0.0024177572
0.0032574232
0.0025569177
0.75626385
0.9996445
0.9989304
0.9999672
0.55338836
0.5482327
0.97133404
0.0013886417
0.42501226
0.9967038
0.8636299
0.0038706667
0.9999918
0.99676764
0.9999902
0.99996996
0.002948943
0.002601153
0.99980026
0.99997735
0.0019841045
0.77834004
0.42189103
0.99662197
0.0011765648
0.0059729135
0.99999
0.9893267
0.29723358
0.98103976
0.9743483
0.0017486796
0.0018510487
0.09744056
0.999984
0.9999912
0.42331988
0.9999926
0.5387717
0.9999827
0.99996054
0.9776102
0.0022803154
0.0075378963
0.999824
0.0023022373
0.0022645527
0.0018670629
0.99954563
0.00084393326
0.0017372228
0.0012852773
0.4248908
0.99998987
0.42419177
0.99187815
0.0017661822
0.550221
0.008766288
0.42348066
0.00029234643
0.01680349
0.0034502002
0.0019945104
0.7231554
0.42659363
0.8334668
0.00080181
0.99918145
0.42776603
0.0020869463
0.0036322847
0.742107
0.55625063
0.42641255
0.8991381
0.0036062612
0.42711458
0.0019332037
0.81106764
0.42769405
0.21175925
0.42167372
0.42157885
0.99962103
0.0018222315
0.9986525
0.9979824
0.99878114
0.96511716
0.0021600525
0.9861015
0.99995315
0.72495127
0.0018672086
0.99942064
0.32639602
0.9998503
0.24062558
0.0013822542
0.54184735
0.99972945
0.42471874
0.9996469
0.0017001476
0.0009823074
0.0014082205
0.31926265
0.9999684
0.54156536
0.42792222
0.5535247
0.99811953
0.0007693839
0.9999275
0.9999504
0.99919957
0.9999373
0.99984825
0.4250854
0.0013777876
0.9999757
0.42691985
0.9990551
0.42540106
0.9999858
0.5432745
0.99937147
0.9998654
0.013862598
0.5452628
0.99993575
0.001744608
0.9999691
0.005581082
0.0015651688
0.001251991
0.0026228265
0.42548168
0.0012933821
0.5596659
0.53998274
0.99995375
0.003822909
0.98132205
0.8321551
0.002839385
0.001703796
0.99996245
0.99903667
0.4249389
0.99092454
0.9999931
0.99995375
0.0006757044
0.9997625
0.016774531
0.99774593
0.00046205643
0.00075963984
0.42777842
0.9977683
0.0009837984
0.99998224
0.42793545
0.99825066
0.42502844
0.0008568321
0.9747711
0.9998901
0.002437258
0.99829525
0.99884486
0.0013262389
0.9945985
0.0012035593
0.00076195365
0.4279977
0.42179134
0.9940253
0.42341417
0.5663786
0.53748995
0.99890435
0.4276887
0.5716142
0.0024639983
0.98452246
0.41374084
0.42452762
0.0022595979
0.0021730794
0.9999949
0.4265129
0.5136728
0.00228371
0.9988689
0.74608594
0.0024507095
0.999956
0.0010505955
0.42073375
0.977758
0.0043878076
0.0020835972
0.9996147
0.9997937
0.42556557
0.6153547
0.57565224
0.00150998
0.425316
0.999966
0.43754813
0.42740744
0.016020808
0.0009313223
0.4278872
0.42541686
0.42670995
0.95433724
0.9992532
0.9996941
0.0033578484
0.42101827
0.9957339
0.001882297
0.0022280866
0.54970944
0.00068065355
0.9999404
0.9999871
0.99999464
0.9999566
0.0012624537
0.0016894017
0.79042745
0.99990714
0.9991762
0.99805945
0.54697037
0.4276597
0.5951829
0.001266357
0.9998031
0.999871
0.00090332323
0.0030389274
0.0040989034
0.0016515463
0.9991543
0.999025
0.9352896
0.0093736425
0.99999034
0.0037639241
0.54338324
0.0017586866
0.9999194
0.9999676
0.9945878
0.99935466
0.98911417
0.009085068
0.42789346
0.0007319786
0.99997854
0.81937397
0.5391559
0.0017631624
0.9999591
0.999951
0.5697047
0.0015844452
0.99992836
0.0032448946
0.92091423
0.99904174
0.99958473
0.00085968786
0.4275996
0.98706377
0.0033953534
0.0012960914
0.0014817852
0.9999218
0.007996334
0.585843
0.9991196
0.99515176
0.003216021
0.003175471
0.9909705
0.9998654
0.0015847712
0.997884
0.53691596
0.0016412077
0.0037843266
0.0013372889
0.0012620054
0.9999325
0.42565164
0.011393048
0.99516416
0.9998369
0.0039848923
0.004059808
0.99535275
0.0031192715
0.9927061
0.001038453
0.0020159176
0.0041817217
0.0016963297
0.9732125
0.004939548
0.0036197982
0.9999845
0.0056346743
0.0063977344
0.57067764
0.24109297
0.005060817
0.0031425282
0.41972184
0.42544004
0.99987733
0.99978787
0.9988589
0.0023866768
0.7675125
0.0015864605
0.9996524
0.010251916
0.9990551
0.99390477
0.9999924
0.98037946
0.0009846288
0.002097506
0.425481
0.99697447
0.4263346
0.9440472
0.82024133
0.9010058
0.42689955
0.996185
0.6116891
0.42410755
0.5942915
0.9784887
0.99998724
0.54331154
0.9870838
0.00058529165
0.0037509028
0.9901895
0.011295548
0.0032563647
0.0023937423
0.0049023693
0.57623297
0.99731785
0.99990106
0.986285
0.002398874
0.9999908
0.010861703
0.0020655065
0.0021422615
0.99514526
0.0019248484
0.0012740575
0.42451468
0.99990475
0.009740574
0.42709
0.0007830675
0.0016500509
0.0009354304
0.0017908385
0.0010518372
0.99964535
0.002258623
0.9972373
0.005079941
0.4272958
0.00087698805
0.9999198
0.8682751
0.001698571
0.0035211975
0.99994516
0.99320376
0.001284017
0.0012894559
0.0017218965
0.42021668
0.9989919
0.99998844
0.0010608521
0.99996066
0.99149054
0.9995722
0.001681229
0.9999552
0.0022426418
0.0012887482
0.8654594
0.99922645
0.0015476951
0.42829946
0.9986082
0.0012965136
0.0023154577
0.0007659712
0.0058080805
0.99996746
0.9949045
0.0008284604
0.42105862
0.99934787
0.0009753393
0.4394783
0.9994012
0.00087740173
0.0035694537
0.9993024
0.004589409
0.0023401936
0.99895287
0.42754477
0.9999542
0.0017747332
0.0016462314
0.0036006693
0.005282762
0.00674276
0.999931
0.4265566
0.0012389714
0.42828816
0.9997286
0.56080437
0.99806434
0.5284651
0.0032619208
0.0013132684
0.9999107
0.0015677402
0.42245203
0.0056742914
0.42492497
0.9994824
0.4259768
0.019970864
0.9999734
0.4279591
0.017517172
0.35465547
0.99894065
0.94689316
0.0052917325
0.9780074
0.0014889671
0.42781982
0.29942116
0.9953667
0.0019300771
0.55414903
0.99897575
0.0023201276
0.0029538188
0.9999641
0.0013564393
0.99997866
0.0017695903
0.8871613
0.4254002
0.0037343754
0.9970409
0.0022860365
0.0012772091
0.5413745
0.9997358
0.0014112325
0.0038082174
0.9982235
0.5444476
0.99654394
0.999946
0.5361851
0.9998461
0.55081373
0.0007304247
0.99972767
0.0016125101
0.42770913
0.0023855565
0.0011223631
0.99995327
0.0020667
0.99311405
0.5507672
0.0010311023
0.0011606048
0.0017298671
0.0015379121
0.9985468
0.0040093507
0.9998043
0.0025480276
0.4261537
0.54893345
0.9996153
0.99954057
0.994136
0.006016109
0.627868
0.006835104
0.0030042315
0.0012925324
0.0011936357
0.0024601782
0.99932325
0.42738697
0.41924748
0.0009672002
0.29266027
0.9995468
0.99993455
0.9998128
0.99955004
0.9995065
0.5513086
0.99729437
0.99980015
0.0055713328
0.99991035
0.56936055
0.0028023776
0.4621542
0.9998802
0.0026059465
0.9995999
0.0011301829
0.5428874
0.9999323
0.9997495
0.55439144
0.5557204
0.99928635
0.0065735406
0.0018454671
0.0034672024
0.00097231654
0.4240548
0.01751723
0.002880896
0.9998503
0.99294466
0.9994166
0.41905794
0.4235252
0.009710031
0.42547986
0.4250437
0.4043119
0.003555915
0.999335
0.005386606
0.9999738
0.0014944666
0.61007124
0.99978286
0.9970636
0.60831225
0.0020169492
0.991288
0.013917185
0.5680562
0.0022934002
0.00634024
0.00191794
0.4268201
0.9990274
0.0032467071
0.004816516
0.539702
0.9999964
0.5667583
0.001639361
0.9998491
0.87623155
0.99996793
0.0027161567
0.0040258397
0.99957114
0.005725027
0.0015204303
0.42713368
0.5371032
0.5444099
0.42709258
0.006995407
0.999998
0.54017496
0.0009891419
0.5448546
0.42554432
0.005806073
0.0016659413
0.9998246
0.9945899
0.0035848967
0.0013767843
0.0067858715
0.5931874
0.020463008
0.9963856
0.42340657
0.5622361
0.0011744424
0.0035808077
0.99999416
0.99990416
0.99995625
0.5587658
0.25445116
0.9996927
0.00090068346
0.0013782496
0.0009240241
0.9976222