0.51386833
0.99797374
0.4368544
0.51717573
0.4364874
0.00043501414
0.001710204
0.99891615
0.43630257
0.8585863
0.0018734862
0.0008447369
0.0009223963
0.43627062
0.98917425
5.2112384e-05
0.00085943675
0.5810992
0.003150072
0.5030362
0.8322235
0.001298664
0.43614164
0.0059431763
0.0003730162
0.0008635943
0.4989519
0.938048
0.43612146
0.9973037
0.0028384821
0.4368469
0.6139388
0.4372706
0.43815565
0.43543372
0.51919466
0.91553754
0.99961483
0.98613274
7.364533e-05
0.45693818
0.0010646888
0.43680602
0.0019693794
0.0004394316
0.5179458
0.87947816
0.00029060408
0.7505912
0.93255526
0.0051966175
0.9767957
0.98461723
0.505856
0.0005466239
0.5169042
0.0013850557
0.0019866289
0.00023078469
0.5209863
0.9931138
0.5123296
0.43669763
0.7938879
0.7444112
0.5303943
0.0018037631
0.8382874
0.5256656
0.9923125
0.00021341452
0.8299474
0.23694351
0.007836586
0.001695001
0.0039834147
0.51888657
0.43437824
0.43467182
0.0029308312
0.0010105256
0.43630058
0.9895113
0.9795371
0.0017775409
0.5151175
0.9654337
0.9781829
0.910273
0.00097424065
0.00028371316
0.98888564
0.9664521
0.027227893
0.0052059195
0.97160554
0.9162445
0.9819931
0.99553865
0.436774
0.39085665
0.0012367778
0.000934828
0.43601733
0.024713045
0.0018607086
0.9277198
0.97363335
0.9963708
0.00093815976
0.4366725
0.9900878
7.526802e-05
0.43620166
0.002719997
7.629504e-05
0.0053563
0.9874442
0.7262191
0.79261315
0.96524954
0.0025593936
0.990424
0.00039068487
0.9704342
0.0001787726
0.00012780791
0.00031460318
0.9466631
0.98713857
0.9134562
0.00021994246
0.9746261
0.001336203
0.00033412405
0.40696195
0.9987814
0.4369019
0.00071611494
0.99537283
0.00046764044
0.82217056
0.0008299221
0.8470188
0.00030882907
0.0018339272
0.4354357
1.6907365e-05
0.011455225
0.9983652
0.8866099
0.43653625
0.0007057135
0.006883983
0.4343741
0.995327
0.0026880812
0.0006967995
0.9456452
0.99822265
0.978091
0.5842336
0.5438337
0.99134797
0.00013429779
0.5315198
0.512949
0.00054857857
0.0008399652
0.00030415738
0.42865402
0.0003933828
0.49895725
0.0037992497
0.0022456367
0.0040566185
0.9927061
0.00010943624
0.00012190717
0.41889274
0.002827688
0.0030197734
0.99963903
0.9573992
0.99718755
0.43633905
0.4365981
0.00031825612
0.922545
0.0006662247
0.9699109
0.9929697
0.9913743
0.00071827887
0.0030508053
0.42436856
0.9615485
0.061277833
0.00540528
0.0012789329
0.9796627
0.98251665
0.9960508
0.993374
0.99897075
0.00046548655
0.99518675
0.0028159448
0.0005014543
0.4348153
0.43561888
0.99906224
0.0002870932
0.39486617
0.43570393
0.000108812725
0.22469217
0.00018325822
0.00047562984
0.008325859
0.9883753
0.00015921934
0.0016481573
0.0008537559
0.99367565
0.92826796
0.00893714
0.43672535
0.0031668595
0.9864429
0.43623105
0.47158614
0.36945057
0.51363283
0.4417416
0.9189574
0.9937967
0.00012799476
0.000623618
0.00032723002
0.0011372447
0.9896718
0.7660509
0.91654396
0.00030472368
0.43636265
0.008390073
0.43651703
0.37387484
0.9610452
0.00049604353
0.8516908
0.0027984534
0.0012446436
0.00011494532
0.98407483
0.9801864
0.982755
0.99351245
0.99648935
0.0010413934
0.9906256
0.9799875
0.755659
0.014983919
0.0005950984
0.00036656874
0.576326
0.99578625
0.4373436
0.5873373
0.00029377756
0.004554622
0.9420879
0.48975053
0.37928692
0.00029541136
0.975604
0.9505733
0.99929297
0.9980963
0.02110442
0.00089903385
0.99782026
0.9787077
0.43495724
0.99517006
0.0017153911
0.4220983
0.6124577
0.99456716
0.5174406
0.00028749803
0.8997574
0.00085941306
0.5834361
0.934349
0.00010339857
0.965766
0.42771158
0.00017240825
0.6530904
0.9876801
0.98882407
0.00038924042
0.51330525
0.00084410165
0.9981621
0.00015414025
0.0006389173
0.78458345
0.9656703
0.9626182
0.9664139
7.2381925e-05
0.00044670823
0.0006959155
0.986839
0.00046158078
0.0006047791
6.733606e-05
0.0016619444
0.00053049915
0.9808905
0.51665515
0.0023651032
0.008062396
0.4087265
0.9540476
0.5632593
0.0007619442
0.96042585
0.9879167
0.7292046
0.4367973
0.99745995
0.992812
0.00076377764
0.00080080173
0.000460087
0.00022622808
0.98146033
0.4280621
0.98801917
0.84485096
0.737312
0.9949922
0.99014986
0.9895148
0.9097503
0.0015628061
0.9950374
0.42622104
0.9579483
0.0030017619
0.000422855
0.51737005
0.9941263
0.528799
0.012871536
0.8384304
0.0002134589
0.0006788475
0.001894101
0.436272
0.93257695
0.002030788
0.0023771294
0.37485525
0.43453375
0.00037963223
0.99066776
0.0009625564
0.002172731
0.00042957583
0.9949563
0.8157509
0.00082173775
0.00041078255
0.92071617
0.897706
0.93204415
0.033017173
0.0056974897
0.95849
0.98813605
0.3718943
0.00092077843
0.9889987
0.5305009
0.00045426548
0.0006824317
0.0012523505
0.436661
0.99213237
0.930782
0.00025286182
0.0022123388
0.0009192375
0.0054080253
0.93654925
0.992493
0.43413356
0.44585174
0.43744892
0.9557551
0.99674857
0.9923516
0.43193537
0.71732914
0.432866
0.9704141
0.9914471
0.003981105
0.0010892272
0.9669601
0.0035125148
0.980452
7.8693665e-05
0.003378309
0.43648383
0.0004558922
8.753421e-05
0.9683741
0.9984975
0.99461854
0.43122855
0.002336534
0.0043203705
0.00018820039
0.9942662
0.43607944
0.10350555
0.0012174817
0.0006431264
0.99199414
0.5112987
0.87452495
0.43569273
0.004168142
0.00022454756
0.0032363124
0.9842009
0.9881846
9.940418e-05
0.97602147
0.9062189
0.4366905
0.99698645
0.93796676
0.4368518
0.83007896
0.00030331328
0.6098349
0.0010056602
0.9599117
0.5161174
0.00078247633
0.0019057583
0.99007004
0.9973258
0.004957854
0.7046819
0.00022843783
0.9974375
0.94123816
0.49370483
0.002475789
0.00028974758
0.43682066
0.0014813711
0.9877972
0.53585565
0.0005701763
0.9806013
0.89857805
0.00046581525
0.992965
0.0012469455
0.0001239882
0.43623903
0.4341601
0.98381746
0.00012407928
0.001004971
0.0003477585
0.99585646
0.9950925
0.38837364
0.5006357
0.8341157
0.9958307
0.95809823
0.43756709
0.43074423
0.98778
9.3286726e-05
9.0271096e-05
0.5120301
0.4349502
0.99385464
0.00023620561
0.0018683359
0.7201697
0.9887998
0.0010704293
0.43721727
0.002677501
0.77863073
0.0002221957
0.830781
0.0018469371
0.9877236
0.43660378
0.43610415
0.52184767
0.0004925336
0.005527946
0.00046479554
0.52169853
0.5229316
0.0002627857
0.9149339
0.9971445
0.914747
0.43677235
0.0047366996
0.9214319
0.0028189095
0.97984445
0.4367655
0.012745248
0.41545287
0.0013340699
0.0025684128
0.00030335435
0.4366986
0.0005518119
0.51826817
0.43596128
0.97915477
0.4366343
0.98898554
0.43443933
0.00081248046
0.0061768843
0.0012792167
0.00079627073
0.95864165
0.00370973
0.0002838395
0.43594152
0.98897374
0.9980538
0.43704924
0.0001347447
0.003100571
0.00081890495
0.9230519
0.0057897572
0.995236
0.43579194
0.43620184
0.9889759
0.00084473734
0.8956836
0.9961565
0.00044747515
0.5318723
0.9638474
0.00083881384
0.5048905
0.0002436288
0.9985122
0.96467084
0.9984346
0.9947802
0.9687243
0.004027257
0.0015521301
0.006057732
0.00061609107
0.06811239
0.8685318
0.8131744
0.0007753138
0.4448336
0.00028624322
0.9943507
0.005719669
0.00035580376
0.00038408206
0.34598362
0.51219875
0.0003832317
0.0031319077
0.0008894912
0.9545276
0.00026958965
0.87959826
0.99643964
0.957905
0.000381833
0.9044045
0.003757896
0.42765412
0.42954084
0.00082475913
0.5238345
0.00060074334
0.44044927
0.00057994056
0.9438018
0.37162495
0.0008989731
0.00065916247
0.0006234691
0.91634834
0.89831144
0.9594916
0.42419177
0.012789695
0.675773
0.46801546
0.99218655
0.0005205731
0.93251985
0.88745254
0.42878455
0.0006865283
0.43657404
0.9415554
0.9861063
0.02015656
0.99803835
0.98728335
0.006965477
0.0031061028
0.0008614759
0.9497185
0.008792418
0.9132168
0.955976
0.00020228908
0.0036639539
0.0010515677
0.016728515
0.52410436
0.97431326
0.8940165
0.7959094
0.43655637
0.5243005
2.5837302e-05
0.99706656
0.69022775
0.8129677
0.00021321562
0.001229386
0.4358728
0.00044404963
0.99212205
0.79994875
0.00082504406
0.9316663
0.0030926662
0.0018606147
0.9204983
0.43503115
0.5125708
0.9903706
0.00016263852
0.9330211
0.9269508
0.99005693
0.488506
0.0012561417
0.99392915
0.7771226
0.5282806
0.0032424263
0.8849446
0.9891746
0.9246068
0.97795653
0.8883004
0.9982899
0.9711161
0.0060823574
0.004669205
0.9305832
0.00061620236
0.00025811198
0.006438596
0.0004741756
0.0014396954
0.0002270622
0.97504413
0.621661
0.43425566
0.5200297
0.997995
0.0063615264
0.0008704504
0.9930693
0.00023709076
0.9946084
0.9906844
0.52174217
0.46905747
0.936815
0.0004146496
0.001497843
0.98390824
0.43643105
0.0005867855
0.9267669
0.002038759
0.41916624
0.00013135292
0.0008315801
0.94697857
0.004119768
0.0004295615
0.00026600878
0.00020656324
0.43645185
0.0005228925
0.0015878024
0.8595224
0.98618686
0.4357205
0.0011238743
0.9574822
4.5196528e-05
0.0032756063
0.91269994
0.5270584
0.0030997794
0.5008259
0.4314346
0.96196103
0.0004401487
0.9423313
0.27708235
0.0009868954
0.4367812
0.0014029725
0.43689302
0.00023907155
0.0005287008
0.0023270538
0.57952154
0.49602464
0.00017012689
0.96824026
0.006484579
0.0008068922
0.42855406
0.0012935792
0.97456837
0.51670367
0.8997903
0.00066056143
0.0032567314
0.000196358
0.97611904
0.0018935069
0.97430885
0.0004604946
0.09681438
0.5340857
0.0018061084
0.0016132925
0.94921964
0.997359
0.4249542
0.9875852
0.0012215275
0.00010489918
0.9685015
0.5350497
0.77789444
0.0031645105
0.9912089
0.94962966
0.5102267
0.9974291
0.0007904375
0.9838319
0.9680702
0.98618674
0.0002732844
0.00027736643
0.0002316544
0.4312512
0.00064699206
0.9988009
0.00068598904
0.9608965
0.4220966
0.89967304
0.9913476
0.0014739955
0.0017551356
0.0017451829
0.63299024
0.97495234
0.91743517
0.99886847
0.52806884
0.50982094
0.7952475
0.0020802033
0.38722762
0.5956454
0.92344147
0.006619643
0.9667208
0.87634635
0.9786428
0.98704624
0.0042044534
0.00046359218
0.9329751
0.99947983
0.00082258345
0.52705425
0.43638143
0.9879198
0.0013034894
0.0046116337
0.9905336
0.76929945
0.49355796
0.9792987
0.93344146
0.0013620853
0.0006658381
0.077125825
0.99806136
0.99675494
0.43358365
0.994491
0.5144628
0.9728891
0.99277836
0.93082917
0.00060565624
0.022908928
0.9646977
0.0016247458
0.00096928875
0.0005451189
0.844393
0.0061154356
0.0004483842
0.0010084099
0.43586314
0.99809533
0.43679878
0.8501721
0.00044840193
0.5170576
0.0020433646
0.4359216
0.0035941745
0.0011592176
0.00053384015
0.0007194712
0.5160179
0.43681413
0.9667107
0.0011690636
0.9905695
0.4366843
0.0021965653
0.00073868124
0.25383657
0.5109856
0.4337862
0.6678715
0.0017722254
0.4362086
0.0038234957
0.52888024
0.43667877
0.38761598
0.4365229
0.44058967
0.9135321
0.0004985537
0.9900349
0.9875338
0.90910184
0.7766561
0.0012247068
0.7545741
0.9958442
0.66737837
0.0022830192
0.9854247
0.4231949
0.98589617
0.40627506
0.00013073663
0.52151245
0.9735519
0.4362741
0.9898671
8.361922e-05
0.00032015724
0.00065155065
0.316422
0.97943956
0.5113696
0.43597314
0.5311853
0.9974909
0.003093485
0.9987582
0.99568874
0.711973
0.9343011
0.85403985
0.43676534
0.0010180188
0.99304175
0.43669078
0.9810006
0.43573445
0.97958297
0.5217581
0.85079354
0.9898892
0.0017203498
0.52455944
0.9895717
0.0033105891
0.9916835
0.0006149779
0.00047004907
0.0012881566
0.0006425471
0.400137
0.00044739855
0.51953137
0.51383424
0.992916
0.0017628629
0.9559918
0.49028766
0.0002440573
0.0010614404
0.9741698
0.96852374
0.2770442
0.944775
0.97148454
0.98609954
0.0007923115
0.99741036
0.0061119734
0.9856214
0.0005421232
0.0003924316
0.43675125
0.9849488
0.002261369
0.99504834
0.43554485
0.9334847
0.43662396
0.00020962869
0.9508472
0.97835857
0.0013889854
0.98406595
0.95955586
0.0013942476
0.8653719
7.807104e-05
0.00017067738
0.42981797
0.4294878
0.874948
0.42586073
0.5168137
0.5163706
0.9060646
0.43641633
0.5228555
0.0008883854
0.67842513
0.4355719
0.43648255
0.00021334738
0.00010515527
0.9953636
0.42624608
0.51328045
0.000455622
0.9874756
0.60022485
0.000120725716
0.99103
0.00029294772
0.4368172
0.87604165
0.0014442516
0.0024622176
0.97918916
0.9977725
0.43675727
0.20650187
0.53301376
0.0017609893
0.43677637
0.99443096
0.4295441
0.43623114
0.024701841
0.0019050635
0.4358403
0.4370181
0.42985332
0.86958617
0.80794835
0.90090555
0.0009588901
0.4369596
0.9830647
0.0061533367
0.0001646459
0.7846196
0.00046927007
0.98338187
0.9977986
0.99764246
0.9881874
0.0007658369
0.00056090724
0.8689849
0.99056035
0.9941223
0.62800676
0.51841766
0.43659756
0.9622974
7.3472205e-05
0.9963921
0.99769336
0.0005660087
0.0030185233
0.0006173583
0.0041322545
0.8849081
0.98154217
0.9618077
4.7983474e-05
0.99394965
0.00098107
0.52625626
0.0005179158
0.9880911
0.97623676
0.9869775
0.9978575
0.9842189
0.004877512
0.43596798
0.00016761405
0.96688217
0.9468395
0.51180875
0.00067017326
0.99766445
0.9945629
0.532335
0.0014294955
0.97951645
0.00045003023
0.9068687
0.90838665
0.99519926
0.0007317868
0.4366234
0.9956174
0.0016674997
0.00042307755
0.0035813607
0.99257857
0.0008918568
0.78868914
0.98107535
0.9076359
0.000674526
0.0015032807
0.9920322
0.995415
0.0008431334
0.9981012
0.4698959
0.0005178699
0.0042685363
0.021180058
0.00040475652
0.9870531
0.43665728
0.0022983972
0.9345823
0.9366669
0.0047203717
0.0032006542
0.99560624
0.008113234
0.95483106
6.930804e-05
0.0012645875
0.00055573357
0.0006164852
0.9281424
0.0009775148
0.0006735444
0.984237
0.0021731053
0.001252712
0.5162868
0.16929948
0.00045082133
3.7766276e-05
0.4392141
0.43454257
0.9842354
0.9224506
0.9964169
0.00037722487
0.81840694
0.003673158
0.98464614
0.00064650207
0.9485547
0.9919091
0.9906527
0.9923751
9.092153e-05
0.0001045369
0.41861612
0.8184366
0.43646926
0.8289034
0.46619913
0.53588897
0.43639418
0.7198412
0.5109875
0.42863956
0.8545177
0.80243784
0.98904896
0.5242765
0.5460292
0.0016651279
0.0008477337
0.9560117
0.0061554126
0.00028243204
0.0015370344
0.00047055137
0.847961
0.75000143
0.92760843
0.9868085
0.00015876575
0.9959044
0.0006344525
0.0019665295
0.007634497
0.9182238
0.00031464247
0.00038270946
0.4367617
0.9741295
0.096826114
0.4365836
9.956763e-05
0.0022038638
0.0012135
0.0033767296
0.0002902895
0.9414862
0.00013085511
0.9918888
0.00023129577
0.43674007
0.00012530728
0.9785472
0.60549
0.0007777206
0.0002110949
0.9974728
0.9815176
0.003647089
0.0010337407
0.0025334323
0.4339359
0.7795993
0.9948401
0.00017616853
0.9825873
0.91762555
0.9788754
0.00040678863
0.9903972
0.001542506
0.0005585481
0.5315372
0.8337702
8.071478e-05
0.4325886
0.97498375
0.00080518314
0.000260056
0.0005024277
0.0021445234
0.9761431
0.9969566
0.00012622579
0.43881878
0.98870707
0.00017964578
0.5232136
0.9737343
0.0010372308
0.0003216649
0.9986627
0.0021133197
0.0010771772
0.9661524
0.43654606
0.993562
0.0005130835
0.0018681749
0.0008648303
0.007290044
0.0040545035
0.98184884
0.41418582
8.1058795e-05
0.43669754
0.9908949
0.53542596
0.7804264
0.51040334
7.4789794e-05
0.000108517306
0.9798253
0.0024538403
0.4209374
0.0008856606
0.40967324
0.9266151
0.43692714
0.01784995
0.99549663
0.43626627
0.0025462273
0.40378663
0.95986813
0.7787994
0.0010088739
0.98394185
0.0003141081
0.43638268
0.560295
0.9895856
0.0012313596
0.51845926
0.9389148
0.0005521815
0.0076969657
0.98809797
6.371438e-05
0.8985452
0.00024762968
0.8431907
0.43671137
0.00048828003
0.9793844
0.00012407974
0.0006118317
0.5119839
0.9923281
0.00011304547
0.00695779
0.9963148
0.5066267
0.98788095
0.96276367
0.52243024
0.9838905
0.51656437
0.000121507015
0.9861071
0.0004070119
0.4369353
0.002351155
0.0021062414
0.9957287
0.00020302607
0.9393818
0.52390677
0.0005706446
0.00057732227
0.000179202
9.262485e-05
0.98324883
0.0143052945
0.96696186
0.00016371037
0.43681893
0.51349455
0.72179455
0.9652933
0.86442363
0.0019169508
0.9197344
0.00032555623
0.0022181557
0.00039981314
0.0008155871
0.0014849494
0.9978422
0.43644312
0.43645272
0.0027126702
0.34486976
0.97883
0.9932656
0.98445845
0.9878785
0.9412149
0.6711523
0.6678237
0.9766069
0.0006033841
0.611601
0.52304083
0.0006843751
0.7522739
0.9957896
0.0026808595
0.9792406
0.00042463577
0.5236318
0.9972742
0.9930642
0.52904
0.53168666
0.9924293
0.0016893792
0.00053313887
0.00059545814
0.00016718962
0.4348692
0.023515211
0.0007342292
0.99140805
0.975194
0.9140348
0.43647927
0.37601885
0.0030656853
0.41704416
0.43681633
0.40603623
0.00031125764
0.8676669
0.00030021538
0.9854294
0.0007740843
0.6002022
0.9904028
0.99477684
0.5339536
0.0008014518
0.7604538
0.0059720674
0.7805494
0.0012187655
0.00029372994
0.0014165335
0.41386786
0.99787354
0.00042075408
0.00043963478
0.5201537
0.9918222
0.5292589
0.0016239826
0.9504915
0.875477
0.97749925
0.0023834307
0.0042460808
0.9945799
0.0004166575
0.0014518193
0.43822074
0.49121377
0.51594174
0.43603075
0.00076659955
0.97775
0.51350296
0.00018247863
0.5236325
0.39375153
0.0008830736
0.0037231853
0.95563346
0.97214377
0.0007652759
0.00045007034
0.003189959
0.72603494
0.00106922
0.7558149
0.42477006
0.52794635
0.001461718
0.00016149574
0.98732555
0.9964295
0.9905071
0.5298558
0.39172706
0.97349054
0.00026614373
0.0008843392
0.002648855
0.9923975