0.9999931
0.99999964
7.855571e-05
0.99985266
0.0029984256
7.4700624e-06
4.1906064e-06
0.9999999
0.0020340434
0.9138848
1.6974628e-06
1.056051e-06
1.1800827e-05
0.0020600695
0.9999974
1.3096597e-05
5.9349272e-06
0.9976616
8.538345e-05
0.9968683
0.98254675
0.00011492636
0.0013225727
1.4044485e-06
1.1293386e-05
0.00011618073
0.83831775
0.9967694
0.0014601557
0.9999974
1.3798663e-06
0.0005679552
0.04635182
0.0027910157
0.0013018425
4.2144362e-05
0.99970704
0.99993074
0.9999999
0.99999905
0.00010734362
0.16785318
1.0053058e-05
4.5699842e-05
3.6928598e-06
6.9024186e-06
0.99999857
0.9918242
3.627228e-05
0.9999987
0.99979275
1.4961487e-06
0.99999094
0.9999988
0.8779085
5.964773e-06
0.9999987
5.853497e-05
1.9567902e-05
0.00016556703
0.99999785
0.9999893
0.99999535
0.0030976555
0.9610747
0.884234
0.9999993
2.4198428e-06
0.59870124
0.9999975
0.99999654
0.00014205546
0.77481663
0.3584321
2.7079315e-08
1.1125246e-06
3.0229098e-06
0.9999989
0.0023190624
7.720145e-05
2.6571342e-06
2.7534968e-06
0.00016379658
0.99999094
0.999997
2.6571572e-06
0.99999356
0.99999976
0.99999547
0.9662025
1.8579864e-06
2.073089e-05
0.9999933
0.99997544
6.602189e-08
0.00012226899
0.9999907
0.9951597
0.99999976
0.9999974
0.00071880716
0.0010959432
1.1198727e-05
6.9232583e-06
5.3078624e-05
2.5892705e-05
1.1291254e-06
0.9992601
0.99998486
0.99999666
3.2427706e-05
0.00015552567
0.9992939
1.9541421e-05
0.0003583227
1.1267106e-06
5.3960222e-05
7.682543e-05
0.9999862
0.85280484
0.9998895
0.9999753
0.00030961208
0.99999964
5.8494123e-05
0.9999902
8.180402e-05
2.0607125e-05
1.7789915e-05
0.99965656
0.99999774
0.9990094
1.4223977e-05
0.9993364
1.1932415e-06
1.2646202e-05
0.30078512
0.99999976
0.008732188
9.7954035e-06
0.9999893
2.6977765e-05
0.9977041
6.4371347e-06
0.9965402
8.437955e-06
2.9522705e-06
1.8354334e-06
0.00025218865
3.0037766e-06
0.9999962
0.994643
2.6902591e-05
2.6835478e-06
5.254383e-05
3.3641292e-05
0.9999999
8.773318e-07
3.8938692e-06
0.9986463
0.9999989
0.99999106
0.6170504
0.9998103
0.99999654
5.8045865e-05
0.9999999
0.9999871
1.0521221e-05
8.5593965e-06
2.1792166e-05
0.0010212094
0.00034886325
0.5174673
0.00011098837
4.2272613e-06
0.00010586104
1.0
0.00017431764
2.8181566e-05
0.76961046
8.492662e-07
1.1219113e-06
1.0
0.9941934
0.9999548
8.513143e-05
0.0019069496
6.9232383e-06
0.9999752
4.4579588e-06
0.9999989
0.9999968
0.99999976
7.506008e-05
1.7207182e-06
0.0015693607
0.9997508
1.7297049e-07
7.523594e-07
2.3700153e-05
0.9999865
0.9999994
0.99897015
0.99998856
1.0
8.223702e-05
0.99999905
4.76781e-05
6.661855e-05
0.0004093485
0.00013004175
0.999998
0.00024705922
0.003557592
0.0039859693
1.1807256e-05
0.1940235
4.5378387e-05
2.7076558e-05
1.288587e-06
0.99999845
0.00030046506
6.125102e-06
1.5423493e-05
0.99999905
0.9998566
6.534863e-05
7.198186e-05
2.1936123e-06
0.99998224
0.0021705043
0.2414043
0.011038498
0.9986248
0.004376885
0.999998
0.9999999
1.5852751e-05
2.6235293e-06
1.1510239e-05
2.202164e-06
0.9999999
0.99989235
0.99822587
1.932747e-05
0.001666799
5.271861e-06
0.000202528
0.021401994
1.0
6.624902e-06
0.97916657
1.5891069e-06
1.1585014e-05
8.1962695e-05
0.9998915
0.9999068
0.9999187
0.9999957
0.99999976
6.2776658e-06
0.99999917
0.9999894
0.77558833
0.000103975995
2.7144113e-06
6.555299e-06
0.027247582
0.99998415
0.0038440044
0.9356778
7.764967e-06
1.5009955e-05
0.99550456
0.005013292
0.09247002
3.642716e-05
0.9998863
0.9989323
1.0
0.99999976
3.6668098e-07
1.0547352e-05
0.99999976
0.9999403
3.900841e-05
0.9999999
3.3918732e-06
0.00090179854
0.71019566
0.9999994
0.99916863
1.0322468e-05
0.9998418
0.000114524104
0.16260622
0.99992037
2.207774e-05
0.9999988
0.00033047676
2.3650302e-05
0.832581
0.9999769
1.0
5.9060123e-05
0.99996865
5.506926e-05
0.9999993
1.1855818e-05
2.5028308e-05
0.5526266
0.999998
0.999871
0.99996006
3.6195255e-05
3.5329827e-05
5.367426e-06
0.9986533
3.1944834e-05
1.651135e-05
0.00020095283
3.7847328e-06
3.7198004e-06
0.99999607
0.9999682
1.579328e-05
2.499296e-06
0.012528741
0.99985206
0.55123913
7.2085436e-07
0.9999994
0.99999917
0.8134211
0.00023732147
0.99999857
0.9999995
2.9153809e-05
1.6638662e-06
3.5434896e-06
2.0170568e-05
0.999998
3.03177e-05
0.9999906
0.859684
0.9509324
0.9999914
0.9999963
0.9999286
0.9996278
7.539964e-07
0.99999774
1.0936413e-05
0.99954504
8.3598076e-07
2.1037255e-05
0.9999902
0.9999993
0.99999976
3.0783023e-05
0.9999225
4.837908e-05
3.1988632e-06
0.00012661371
4.389197e-05
0.9976173
1.1421255e-05
8.9817996e-07
0.0052642743
0.0012161754
1.6888205e-05
0.9999994
1.1313491e-06
3.3969782e-06
3.469217e-05
0.99998605
0.9940341
8.054935e-06
1.6710137e-05
0.9999988
0.99999666
0.9906577
1.2891134e-05
1.1612727e-06
0.99598145
0.9999975
6.190356e-05
4.441289e-05
0.99999285
0.9999981
1.6879177e-06
8.845435e-06
0.00022905966
0.0010073767
0.99998975
0.9996773
3.5958143e-05
1.4869285e-06
4.6087338e-05
8.016258e-06
0.9974776
0.9999839
0.00010306329
0.89605135
0.001906251
0.9999994
0.9999671
0.99999666
0.00013036355
0.998336
5.784401e-05
0.9998652
0.9999988
1.2586493e-06
1.2261906e-06
0.9939475
2.2978795e-06
0.9999989
1.4817721e-05
2.2768425e-06
6.87337e-05
1.2960436e-05
0.00010986012
0.99953854
1.0
0.99999523
5.846042e-06
5.2831783e-05
5.8373036e-05
1.5546773e-05
0.99962914
0.00012603527
0.016243877
3.7909744e-05
2.277596e-06
0.9999975
0.9950931
0.9680305
5.9310663e-05
6.5362383e-07
2.0979334e-05
1.3932693e-06
0.9999473
0.9999989
7.777144e-05
0.99998236
0.9999876
0.0029352002
0.99999654
0.9999819
0.043699153
0.97744286
5.4799953e-06
0.0055907783
3.0575793e-05
0.9999963
0.9901405
2.4759123e-05
1.4923382e-06
0.99999356
0.9999995
5.3818735e-07
0.93550146
2.0149284e-05
0.9999999
0.9999949
0.28498387
3.278084e-06
4.383758e-06
0.0012776922
2.3321456e-06
0.99999046
0.99999857
1.3302126e-05
0.9990038
0.9995291
6.344793e-06
0.9999976
8.487536e-05
1.9701898e-05
0.00018833915
0.00015015391
0.9999993
3.224223e-05
5.281205e-06
2.533243e-05
0.99999416
0.9999993
0.00066483684
0.94867367
0.9866708
0.9999999
0.9997693
0.039703403
0.012750187
1.0
1.5936635e-05
3.661149e-05
0.9991737
5.6741934e-05
0.99999905
6.7061014e-06
3.7480315e-06
0.99846727
0.99999344
2.2067046e-05
0.00012523154
1.8268938e-06
0.16319005
1.6946964e-05
0.9733617
1.9979357e-06
0.99999833
0.00056469627
7.0452516e-05
0.99999905
1.1859041e-05
8.813437e-07
1.1743873e-05
0.9999995
0.3859518
2.7938804e-05
0.9998907
1.0
0.99668854
0.0009262282
2.4527535e-06
0.99862707
2.3664306e-06
0.9406861
0.003327464
1.0668622e-08
0.00025760502
1.725285e-05
8.7678814e-07
2.9658761e-07
0.020054745
3.0779647e-05
0.99997663
0.0038433692
0.9999641
0.0010692725
0.9999634
6.967363e-05
8.1095604e-05
8.468165e-07
1.962741e-06
1.4696565e-05
0.99991524
3.0307529e-06
7.357646e-06
0.00028389608
0.99999404
1.0
0.0070087053
2.439358e-05
2.269841e-07
1.1930172e-06
0.99999285
1.6296219e-06
0.9999989
0.00032508853
0.00018978672
0.99999475
1.8792134e-05
0.9998011
0.99999976
1.5961426e-05
0.9993154
0.99981517
2.1800522e-06
0.9998142
6.3779285e-06
1.0
0.99998486
0.9999993
0.9993604
0.99967384
5.1058505e-05
5.377325e-06
5.1460124e-06
4.340213e-06
0.00013455236
1.0
0.925095
1.1009801e-05
0.5364794
1.7579843e-05
0.9999957
9.593042e-07
4.686426e-05
5.8862825e-06
0.003381118
0.99999166
2.0740897e-06
1.6002106e-05
2.8962154e-06
0.9999994
8.1897515e-06
0.9999999
0.99999833
0.9958209
1.6317543e-05
0.9998927
2.1266371e-06
0.00018742068
0.0014248067
3.4694218e-05
0.99999917
6.9777775e-06
0.08456925
1.2526889e-05
0.9997429
0.42878836
5.489508e-05
0.0001221739
9.104981e-06
0.9999907
0.9999933
0.9999752
7.300474e-07
1.3370384e-05
0.99320155
0.86271423
0.9999999
2.9311093e-06
0.99256116
0.967573
0.0023349372
2.6013111e-05
0.000100733785
0.99999344
0.9999995
2.9366663e-06
0.9999995
0.9999473
0.00012848573
1.714298e-05
2.0306668e-06
0.9999963
7.143558e-08
0.9142104
0.9999945
4.211905e-05
1.3553547e-06
9.236412e-05
3.1437814e-06
0.99999547
0.9991748
0.999985
0.99832314
0.003738621
0.99999976
2.279167e-05
0.99999917
0.9999515
0.99998593
2.8563341e-05
2.0039479e-05
0.00011688334
6.117163e-06
0.9999949
0.9069962
1.0170424e-05
0.99661875
3.6225146e-07
7.2939326e-07
0.999992
4.813724e-07
0.99983203
0.99999976
2.3080038e-05
0.9992768
0.99994636
0.9999994
0.041375637
7.865388e-06
0.9999933
0.99575114
0.008195271
1.0195168e-06
0.73341036
0.99999833
0.99977726
0.99999535
0.9999335
0.9999989
0.99992704
2.446166e-06
0.0001069874
0.9946407
1.202631e-06
3.6236685e-07
6.3526124e-05
2.7437716e-06
6.7814176e-06
8.655015e-06
0.9999889
0.58184016
0.0009687334
0.9999883
0.9999995
0.00014834484
6.938163e-07
0.9999988
2.2246968e-05
0.99999654
0.9999999
0.9999795
0.53445816
0.9999869
1.7323977e-05
1.3601573e-06
0.99999976
0.00032583383
7.657024e-06
0.9999063
2.357405e-06
0.7949673
2.915086e-05
4.947301e-06
0.99140054
4.5848844e-07
3.8592185e-05
5.1795223e-06
4.6900343e-05
0.0010544695
3.6894093e-05
0.00010625475
0.9942252
0.99999857
5.6870424e-05
7.836016e-07
0.9999666
5.6443e-05
9.025901e-07
0.9999958
0.9999962
9.8013006e-05
0.99993503
0.0062024384
0.9999826
1.9749718e-06
1.0
0.0015593909
8.3769155e-06
6.0552582e-05
1.4018816e-07
0.0059790662
6.20318e-06
5.8779747e-06
1.5837237e-06
0.99827516
0.20518392
2.6971049e-05
0.99931383
0.000121513505
2.719381e-06
2.789195e-05
2.3693305e-05
0.9998098
0.9999982
0.993986
2.1983617e-05
2.1115359e-07
4.7676374e-05
0.99007964
6.2271836e-05
0.9999788
2.0352738e-05
1.2204673e-08
0.99999964
7.213562e-06
4.4474577e-06
0.9999484
0.99999857
4.2646255e-07
0.9999976
1.2881409e-06
1.3833018e-05
0.9999665
0.5579214
0.80222493
1.1790046e-06
0.99999666
0.99987555
0.9997533
0.9999995
0.0005427224
0.9999987
0.99515295
0.9999938
4.878841e-05
0.0024304006
1.5435178e-05
0.00014759648
2.264532e-05
0.9999999
4.807934e-06
0.9999999
8.471631e-05
0.9875086
0.99999905
6.3744997e-06
2.9339171e-06
1.8003072e-06
0.1939493
0.99999344
0.9999125
0.9999999
0.9999999
0.9984925
0.985098
2.2501856e-06
0.00073239306
0.9998934
0.88617045
1.3573415e-06
0.99999654
0.9992612
1.0
0.9999975
1.9862273e-06
0.0003437703
0.9999747
0.9999999
1.6060932e-06
0.5934157
0.0011175707
0.9999968
9.943168e-07
1.3276488e-05
0.99999964
0.99838173
0.016914913
0.9990646
0.9999305
4.3021887e-06
2.1315558e-05
1.4434595e-07
0.99999976
0.99999976
0.0015291149
0.99999976
0.99986506
0.9999993
0.99999976
0.9999479
4.7598164e-06
7.907069e-06
0.9999852
8.841404e-06
5.4312928e-05
1.7193616e-06
0.99743927
4.9608946e-07
1.0895231e-05
3.724593e-06
0.0020411382
0.9999994
0.00015290402
0.99986124
7.851856e-05
0.9999914
3.7163878e-05
2.0473256e-06
1.9051629e-07
1.5165374e-07
3.4504135e-06
1.4872639e-05
0.49302167
0.0036917988
0.9992188
5.1972065e-06
0.999997
0.00015342058
0.00028093538
0.00022301327
0.39564413
0.99999774
0.00089797226
0.6298597
2.704907e-06
9.662665e-05
1.0538567e-06
0.9999999
0.00021118569
0.0020199327
0.018485017
0.013462897
1.0
6.574507e-06
0.99999607
0.99985445
0.99976856
0.970136
1.25576535e-05
0.99993193
0.99999666
0.397697
2.8080402e-05
0.99997854
0.082932144
1.0
4.2187465e-05
3.1400235e-05
0.99990785
0.99997735
0.0020758081
0.9999851
5.212153e-05
2.2218608e-06
3.8580993e-06
0.014249192
0.9999981
0.9999124
7.987079e-05
1.0
0.99999857
1.4049215e-06
0.99999976
0.99999917
0.9972519
0.99995565
0.9999802
0.005174136
3.66299e-05
0.9999994
0.0033544556
0.9999887
0.00029754825
0.99999833
0.99995077
0.999887
0.99999976
9.119618e-08
0.9999962
0.9999968
9.760303e-07
0.9999982
6.605793e-06
1.23771115e-05
6.127562e-06
1.4883826e-06
0.0012532162
9.6515005e-06
0.99999964
0.980455
0.9999925
1.6820824e-05
0.9979633
0.79970694
4.3461878e-05
1.8341529e-05
0.99997926
0.9984534
0.0012763772
0.99789846
0.9999945
0.99999833
6.2195886e-06
0.99999785
1.1073828e-07
0.9999255
1.290507e-05
1.4957697e-05
6.3378546e-05
0.99930334
4.1048334e-06
0.99999964
3.3988465e-05
0.99984777
0.0026884468
7.1571594e-06
0.9882075
0.9999993
1.9234007e-05
0.9997811
0.9999956
5.360812e-06
0.9877478
2.7140488e-05
4.006518e-05
0.028551571
3.7645925e-06
0.99374044
0.009323653
0.9999882
0.9987901
0.9820864
0.001199757
0.9999989
1.6078004e-06
0.95913774
0.0009579445
0.0025212623
2.6984739e-05
2.7154365e-05
0.9999999
0.004484666
0.99877447
6.0023785e-06
0.999959
0.932242
2.9264698e-05
0.99999285
4.301216e-05
0.010425607
0.99996865
0.00011336304
3.0666713e-06
0.9999479
0.9999999
0.0016575838
0.04114784
0.9999994
1.056457e-06
0.0016989883
0.99999726
0.12607613
0.00038469856
2.073514e-06
1.3788203e-06
8.1024256e-05
0.001703393
2.0554211e-05
0.9999455
0.9996642
0.9992285
2.2534045e-06
0.003490909
0.99792814
7.6538716e-05
1.8715016e-05
0.6670981
6.435114e-05
0.9999981
0.99999905
0.99999845
0.99999654
1.1306371e-05
5.7924717e-06
0.9986885
0.9999975
0.99998224
0.99995506
0.9999051
0.00012294464
0.99999976
8.911041e-05
0.9999974
0.9999416
3.120087e-05
1.8812503e-05
1.50014685e-05
1.1103623e-06
0.9843939
0.9999136
0.9992416
6.329007e-05
0.9999999
2.1701742e-06
0.9999987
1.2472295e-05
0.99997723
0.9999856
0.99996376
0.9999995
0.9999888
5.9633685e-06
6.620759e-05
4.44967e-05
0.9999143
0.99907136
0.90343374
1.0300244e-05
0.9999999
0.99999964
0.9999999
5.042256e-05
0.99999785
4.2702072e-06
0.9971443
0.999278
0.99999416
1.7956254e-05
0.0018116359
0.9999976
2.6241476e-06
6.5811814e-06
1.1206633e-06
0.99999404
5.7926867e-05
0.47715238
0.9997662
0.9981974
0.0002283257
1.8612568e-06
0.99499655
1.0
8.10234e-06
0.9999994
0.9924825
1.8170616e-05
2.57542e-06
2.944238e-07
2.9578027e-06
0.99999785
0.00023708896
6.37531e-05
0.9980515
0.9999491
2.2062527e-06
1.6863555e-06
0.9999523
4.5422003e-06
0.9904811
5.638313e-05
1.0224866e-05
4.523469e-05
7.833342e-06
0.99897254
2.1773885e-05
3.4239638e-06
0.9999949
1.9874624e-05
2.9532075e-05
0.99765056
0.0075564007
4.903333e-05
4.3686005e-06
0.00617473
0.010590191
0.9999845
0.99999404
0.9999924
3.3434299e-06
0.9854255
3.4522856e-07
0.999951
0.00029188776
0.9999989
0.9999852
0.9999981
0.99968255
3.3529483e-05
7.665646e-05
0.0014548149
0.9078256
0.005368709
0.70884633
0.004690561
0.75518185
0.0029123942
0.97526675
0.68644834
0.00602377
0.99601656
0.93859875
0.9999993
0.9995478
0.99994195
4.4514845e-06
3.2566647e-06
0.9974106
2.0349225e-05
1.1725733e-05
6.411898e-05
0.00013568849
0.98548776
0.9999875
0.99999917
0.9999943
6.6095677e-06
1.0
9.913959e-05
4.445861e-05
1.05443135e-07
0.99481493
6.923833e-06
1.8338154e-05
0.0017406323
0.999997
2.8556242e-06
0.00052191206
2.2327373e-05
2.446852e-06
7.638095e-07
4.8656686e-05
3.8106922e-05
0.9999584
7.1086793e-06
0.99999964
7.5813733e-07
0.002428092
1.3247184e-05
0.99998343
0.7629626
1.6859722e-05
5.3522966e-05
0.99999964
0.99969184
2.4852966e-06
9.803927e-06
2.722352e-06
0.00238012
0.99161106
0.99999774
0.00022009583
0.999977
0.9946622
0.99999046
1.7761877e-05
0.99999917
1.3426106e-05
2.2187727e-05
0.021301055
0.9999522
3.5865916e-05
0.00012702208
0.99973375
1.6299797e-05
9.098895e-06
9.680704e-06
9.135912e-05
0.9999945
0.9999981
2.0183286e-05
0.0016190861
0.999998
1.735081e-05
0.6785711
0.99985874
1.02207405e-05
9.951393e-07
0.9999999
5.1145485e-06
3.5738463e-05
0.9999516
0.009968316
0.9999982
2.2431544e-05
2.6678215e-06
5.5773176e-06
1.9445539e-09
4.585746e-08
0.9999908
3.880176e-06
4.941336e-05
0.007753798
0.9999993
0.9999999
0.9988219
0.9941958
8.1425105e-06
3.6240468e-05
0.99997604
1.1427883e-06
0.005573032
5.865958e-05
0.0026329332
0.9999498
0.008330348
1.1438531e-09
0.99999857
0.0010504809
0.00010802988
0.0032246155
0.99736613
0.99988246
3.1586058e-06
0.99968755
1.392858e-05
6.189619e-05
0.001260323
0.99999046
5.179789e-06
0.99997663
0.9999671
4.0893174e-06
2.2232236e-06
0.99999785
1.0603446e-05
0.9999995
3.3936223e-05
0.8070153
0.00010528932
1.6156859e-05
0.9998845
5.1290067e-06
1.5567171e-05
0.5722092
0.9999989
4.720308e-05
3.1424278e-07
0.9999999
0.9999893
0.9998827
0.9999993
0.99998677
0.999869
0.99999666
2.7523614e-05
0.99999964
1.3971603e-05
0.08147647
5.699912e-06
3.827482e-05
1.0
1.8965386e-05
0.9988097
0.9999653
2.2903425e-05
9.823197e-06
2.1870906e-05
4.4158653e-05
0.999895
5.9044196e-06
0.99996436
2.2887267e-05
0.0064901323
0.9999968
0.99992883
0.99998057
0.9969302
2.0320234e-05
0.9989297
7.027651e-07
0.00015638804
0.00010039269
0.0003910618
3.5395956e-06
0.99986446
9.747976e-05
0.0061044986
1.4237751e-06
0.00096617424
0.9999858
0.9999957
0.99980134
0.9999906
0.99992025
0.8228398
0.99954283
0.9999968
4.2352254e-05
0.9937198
0.99999976
2.3199696e-06
0.623462
0.99999213
1.6206144e-06
0.9999635
1.1325742e-05
0.99998355
0.99999964
0.9999999
0.99999726
0.9999995
0.99997973
1.1934819e-05
3.5346704e-06
1.0374676e-05
5.083844e-06
5.2502706e-05
4.4808505e-08
2.6297769e-06
0.9999988
0.99988747
0.99835026
0.018911883
0.0028467146
9.0318e-06
0.006378486
0.00012499509
0.02672991
1.536801e-05
0.99976856
4.946891e-06
0.9999536
1.4031178e-06
0.45622292
0.99999774
0.9999938
0.9999999
9.206115e-07
0.9904405
3.950703e-05
0.99618834
2.380966e-06
9.902006e-06
4.28607e-06
0.0005840768
0.99999917
8.304516e-06
3.5809296e-06
0.9999274
0.9999993
0.9999994
3.795164e-06
0.9999232
0.9676742
1.0
1.9611336e-06
1.0510815e-06
0.99994516
2.5186166e-05
3.20517e-05
0.0029091227
0.9678243
0.9999795
0.00012790412
9.535197e-05
0.9999927
0.9943581
1.8900546e-05
0.99997246
0.022636447
1.0801876e-06
1.5074129e-06
0.9999994
0.9998765
2.9843202e-06
1.917988e-05
0.00013593001
0.9998603
0.00054847583
0.9889086
1.255919e-06
0.9999287
2.737499e-06
1.619646e-05
0.99999607
0.9999995
0.9999969
1.0
0.01011391
0.99999833
7.338151e-06
7.943945e-07
7.3031623e-07
0.9998305