0.45524508
0.45524508
0.45524493
0.45524523
0.4552453
0.45524517
0.45524517
0.45524517
0.45524508
0.45524508
0.45524597
0.455245
0.45524514
0.455245
0.4552453
0.4552453
0.455245
0.45524487
0.45524502
0.455245
0.45524487
0.45524538
0.455245
0.455245
0.45524517
0.45524538
0.45524502
0.45524558
0.45524508
0.45524508
0.455245
0.45524517
0.455245
0.45524508
0.45524627
0.45524493
0.45524517
0.455245
0.45524508
0.45524517
0.4552453
0.45524502
0.45524538
0.45524493
0.45524508
0.45524508
0.45524508
0.45524502
0.45524532
0.45524508
0.455245
0.45524508
0.45524487
0.4552453
0.45524508
0.455245
0.45524517
0.45524517
0.45524517
0.45524544
0.4552453
0.4552453
0.45524508
0.45524508
0.4552456
0.455245
0.45524502
0.45524508
0.45524585
0.455245
0.45524493
0.45524538
0.45524508
0.45524502
0.45524532
0.455245
0.45524502
0.45524517
0.45524517
0.455245
0.45524487
0.45524508
0.45524508
0.45524538
0.4552453
0.45524508
0.45524508
0.45524508
0.45524514
0.4552453
0.45524508
0.4552453
0.45524487
0.45524502
0.45524538
0.45524517
0.45524514
0.455245
0.45524547
0.455245
0.45524508
0.45524514
0.45524508
0.45524508
0.455245
0.45524514
0.455245
0.45524487
0.45524502
0.45524502
0.45524517
0.455245
0.45524538
0.4552456
0.45524508
0.455245
0.45524544
0.45524454
0.45524508
0.455245
0.4552447
0.45524517
0.45524523
0.45524502
0.45524523
0.455245
0.45524517
0.45524514
0.45524514
0.455245
0.455245
0.45524538
0.45524514
0.45524508
0.45524517
0.45524517
0.455245
0.45524508
0.45524523
0.455245
0.4552472
0.45524517
0.45524502
0.45524508
0.455245
0.45524514
0.45524514
0.45524517
0.45524487
0.45524508
0.4552453
0.45524484
0.45524487
0.45524508
0.455245
0.45524493
0.455245
0.45524493
0.45524508
0.45524567
0.45524484
0.45524508
0.45524502
0.45524502
0.45524502
0.45524547
0.4552453
0.45524523
0.45524517
0.45524517
0.45524517
0.45524517
0.45524558
0.455245
0.45524508
0.45524517
0.4552453
0.45524517
0.45524508
0.4552453
0.455245
0.455245
0.45524508
0.45524514
0.45524502
0.455245
0.455245
0.45524508
0.45524508
0.45524517
0.45524508
0.455245
0.455245
0.45524487
0.45524544
0.45524487
0.45524517
0.4552453
0.45524597
0.45524493
0.45524538
0.45524493
0.45524508
0.45524567
0.45524508
0.4552453
0.45524532
0.45524508
0.45524517
0.45524508
0.45524514
0.455245
0.45524502
0.455245
0.4552453
0.45524517
0.45524517
0.45524508
0.4552453
0.45524517
0.45524502
0.45524502
0.45524514
0.45524547
0.45524514
0.4552447
0.45524487
0.455245
0.455245
0.455245
0.45524508
0.45524508
0.45524493
0.45524517
0.45524508
0.45524514
0.455245
0.45524487
0.45524642
0.45524508
0.45524508
0.45524508
0.45524493
0.45524502
0.455245
0.45524523
0.45524517
0.45524508
0.45524502
0.455245
0.45524517
0.45524517
0.45524502
0.45524657
0.45524508
0.45524606
0.4552453
0.45524508
0.45524493
0.45524523
0.45524487
0.45524517
0.45524523
0.455245
0.4552453
0.455245
0.45524508
0.45524508
0.45524508
0.45524538
0.45524508
0.45524517
0.45524508
0.4552453
0.45524532
0.45524502
0.45524502
0.45524547
0.4552453
0.45524487
0.45524508
0.45524487
0.45524547
0.45524517
0.45524547
0.45524538
0.45524493
0.45524502
0.45524508
0.45524567
0.45524508
0.45524517
0.45524508
0.45524523
0.45524508
0.45524517
0.45524493
0.45524508
0.455245
0.45524508
0.45524508
0.45524532
0.45524558
0.45524517
0.45524493
0.45524508
0.45524517
0.45524514
0.45524493
0.4552453
0.45524547
0.455245
0.45524517
0.45524547
0.45524547
0.45524585
0.4552453
0.45524508
0.45524532
0.45524517
0.45524514
0.45524585
0.45524517
0.45524517
0.45524514
0.455245
0.45524517
0.45524508
0.4552453
0.45524508
0.45524508
0.45524508
0.45524502
0.45524502
0.455245
0.455245
0.45524517
0.45524502
0.45524517
0.45524508
0.45524508
0.4552453
0.455245
0.45524567
0.45524538
0.45524544
0.455245
0.45524508
0.455245
0.455245
0.45524484
0.455245
0.45524484
0.45524552
0.45524478
0.455245
0.45524508
0.455245
0.45524508
0.45524502
0.45524502
0.4552453
0.45524487
0.45524502
0.45524517
0.455245
0.45524514
0.45524502
0.45524493
0.4552453
0.45524493
0.45524523
0.45524508
0.45524538
0.45524508
0.45524514
0.45524517
0.45524487
0.45524508
0.45524514
0.45524523
0.45524615
0.45524478
0.45524508
0.45524675
0.45524538
0.45524514
0.45524538
0.45524517
0.45524517
0.45524558
0.45524517
0.45524508
0.45524478
0.45524514
0.45524487
0.45524493
0.45524517
0.455245
0.45524517
0.455245
0.45524502
0.45524547
0.45524538
0.45524508
0.45524523
0.4552453
0.45524508
0.45524484
0.45524508
0.45524508
0.455245
0.455245
0.45524502
0.455245
0.45524508
0.45524517
0.455245
0.45524502
0.45524532
0.45524508
0.455245
0.45524508
0.45524615
0.45524523
0.45524508
0.45524484
0.45524538
0.45524508
0.455245
0.45524517
0.45524478
0.45524517
0.45524508
0.45524502
0.45524508
0.45524493
0.45524517
0.45524547
0.455245
0.455245
0.45524514
0.455245
0.45524517
0.45524523
0.45524502
0.45524508
0.45524502
0.45524538
0.45524508
0.45524502
0.45524523
0.45524508
0.45524502
0.45524502
0.4552456
0.45524508
0.45524514
0.45524517
0.455245
0.45524514
0.45524514
0.45524487
0.45524517
0.4552453
0.45524508
0.45524508
0.45524508
0.455245
0.45524502
0.45524517
0.45524508
0.45524558
0.455245
0.45524517
0.45524508
0.45524502
0.45524508
0.45524508
0.45524508
0.45524508
0.455245
0.45524502
0.45524487
0.45524538
0.45524517
0.455245
0.4552453
0.45524514
0.45524508
0.4552453
0.455245
0.455245
0.45524508
0.45524517
0.45524514
0.45524517
0.45524514
0.45524523
0.45524517
0.455245
0.45524502
0.45524502
0.45524508
0.45524508
0.45524514
0.45524508
0.45524508
0.455245
0.4552453
0.45524508
0.45524508
0.45524508
0.45524523
0.45524517
0.455245
0.455245
0.455245
0.455245
0.45524517
0.455245
0.45524478
0.45524508
0.455245
0.45524487
0.45524502
0.45524493
0.455245
0.45524517
0.455245
0.45524558
0.45524517
0.45524523
0.45524606
0.45524514
0.455245
0.4552453
0.45524517
0.45524514
0.455245
0.45524502
0.45524508
0.45524517
0.45524502
0.455245
0.45524517
0.45524493
0.455245
0.45524544
0.45524508
0.45524493
0.45524514
0.45524508
0.45524478
0.45524508
0.45524523
0.45524538
0.455245
0.455245
0.45524508
0.45524493
0.45524508
0.45524502
0.45524502
0.4552453
0.45524517
0.45524502
0.45524508
0.45524514
0.455245
0.45524514
0.455245
0.455245
0.45524523
0.45524487
0.45524523
0.455245
0.45524517
0.45524538
0.455245
0.45524508
0.45524508
0.45524508
0.45524508
0.45524532
0.45524502
0.45524523
0.455245
0.45524508
0.45524523
0.45524558
0.45524532
0.45524585
0.4552453
0.45524523
0.4552453
0.45524508
0.455245
0.45524514
0.45524517
0.45524514
0.45524502
0.45524502
0.45524547
0.45524547
0.455245
0.45524508
0.45524517
0.45524567
0.45524508
0.45524508
0.45524514
0.45524508
0.455245
0.45524484
0.45524538
0.45524502
0.45524508
0.455245
0.4552438
0.455245
0.45524493
0.45524508
0.45524508
0.45524508
0.45524576
0.45524514
0.45524523
0.45524508
0.45524517
0.45524514
0.455245
0.45524493
0.455245
0.45524508
0.45524547
0.45524508
0.45524552
0.45524523
0.45524508
0.45524514
0.45524547
0.45524508
0.4552453
0.4552453
0.455245
0.45524514
0.45524627
0.455245
0.45524508
0.45524547
0.45524508
0.45524523
0.45524508
0.45524508
0.45524514
0.455245
0.45524547
0.455245
0.45524508
0.45524508
0.45524517
0.45524508
0.45524502
0.45524508
0.45524508
0.45524493
0.455245
0.45524544
0.45524517
0.455245
0.45524517
0.45524517
0.45524514
0.45524538
0.45524487
0.45524508
0.45524484
0.45524502
0.45524502
0.455245
0.455245
0.455245
0.45524508
0.45524493
0.45524508
0.45524508
0.45524508
0.45524514
0.45524484
0.45524538
0.45524523
0.45524508
0.45524558
0.455245
0.45524517
0.45524517
0.45524517
0.45524508
0.45524502
0.45524517
0.45524502
0.45524514
0.45524517
0.45524508
0.45524508
0.45524523
0.45524517
0.455245
0.45524517
0.45524508
0.45524487
0.45524508
0.45524567
0.45524538
0.45524508
0.45524508
0.45524514
0.455245
0.45524508
0.45524532
0.45524508
0.45524508
0.45524487
0.45524517
0.45524517
0.45524538
0.45524514
0.45524517
0.45524508
0.45524517
0.45524493
0.45524493
0.45524508
0.45524502
0.45524573
0.45524493
0.45524514
0.45524508
0.455245
0.45524508
0.4552453
0.45524493
0.45524508
0.45524645
0.45524508
0.45524514
0.45524493
0.45524538
0.45524517
0.45524517
0.45524517
0.455245
0.45524508
0.45524517
0.4552453
0.45524517
0.45524508
0.45524517
0.45524517
0.45524478
0.45524508
0.45524508
0.455245
0.45524517
0.4552453
0.45524517
0.45524502
0.4552453
0.455245
0.45524508
0.4552453
0.45524487
0.45524508
0.455245
0.455245
0.455245
0.45524508
0.45524502
0.45524508
0.45524517
0.45524478
0.4552453
0.45524508
0.455245
0.455245
0.45524502
0.45524502
0.45524514
0.45524517
0.455245
0.455245
0.45524517
0.45524517
0.455245
0.45524517
0.45524547
0.45524517
0.45524487
0.45524514
0.455245
0.45524508
0.45524493
0.45524558
0.45524508
0.45524502
0.45524508
0.455245
0.45524502
0.45524502
0.45524532
0.45524514
0.45524547
0.45524508
0.45524508
0.45524508
0.45524514
0.4552453
0.45524493
0.455245
0.45524508
0.455245
0.45524502
0.455245
0.45524627
0.455245
0.45524487
0.455245
0.455245
0.45524514
0.4552453
0.45524508
0.455245
0.45524502
0.45524487
0.455245
0.4552453
0.45524487
0.45524517
0.45524517
0.45524502
0.455245
0.4552453
0.45524538
0.45524493
0.45524538
0.45524508
0.45524547
0.45524487
0.45524502
0.45524532
0.45524532
0.455245
0.45524532
0.45524508
0.45524508
0.45524487
0.45524508
0.45524517
0.45524517
0.45524517
0.455245
0.455245
0.45524517
0.45524517
0.45524514
0.45524523
0.455245
0.45524508
0.45524517
0.45524508
0.45524502
0.45524517
0.45524502
0.45524508
0.4552447
0.45524502
0.45524523
0.45524517
0.45524502
0.455245
0.45524493
0.4552453
0.45524508
0.45524502
0.455245
0.45524517
0.455245
0.4552453
0.45524508
0.45524508
0.45524508
0.455245
0.4552453
0.45524502
0.45524508
0.45524517
0.455245
0.45524463
0.455245
0.45524517
0.455245
0.45524517
0.45524508
0.45524514
0.45524478
0.45524517
0.45524514
0.455245
0.45524517
0.45524508
0.45524547
0.45524502
0.45524508
0.455245
0.455245
0.45524508
0.455245
0.45524517
0.45524508
0.45524487
0.45524508
0.45524487
0.45524514
0.455245
0.45524508
0.45524517
0.45524547
0.45524508
0.45524517
0.45524547
0.45524514
0.455245
0.45524502
0.45524493
0.455245
0.45524547
0.45524523
0.45524508
0.455245
0.45524502
0.45524523
0.45524508
0.455245
0.45524508
0.4552453
0.45524487
0.45524493
0.4552453
0.45524484
0.45524514
0.45524493
0.455245
0.45524558
0.45524517
0.455245
0.455245
0.455245
0.45524484
0.45524508
0.45524508
0.45524508
0.45524538
0.45524508
0.45524508
0.455245
0.45524547
0.45524493
0.45524558
0.45524508
0.455245
0.455245
0.45524508
0.45524532
0.45524517
0.45524493
0.45524538
0.45524508
0.45524538
0.45524517
0.45524508
0.45524508
0.45524517
0.45524523
0.45524517
0.45524538
0.45524502
0.45524484
0.45524508
0.45524508
0.45524517
0.45524517
0.45524547
0.45524508
0.45524508
0.45524538
0.45524517
0.45524517
0.4552453
0.45524493
0.4552453
0.45524502
0.45524514
0.45524478
0.45524487
0.4552453
0.45524558
0.45524538
0.4552453
0.45524487
0.45524558
0.455245
0.45524502
0.4552447
0.45524517
0.455245
0.455245
0.45524508
0.45524517
0.455245
0.45524517
0.45524514
0.45524567
0.45524502
0.455245
0.45524517
0.45524502
0.45524502
0.45524517
0.45524508
0.45524508
0.45524517
0.4552453
0.45524523
0.45524508
0.455245
0.45524514
0.455245
0.45524514
0.455245
0.45524502
0.45524514
0.45524502
0.45524508
0.455245
0.45524523
0.455245
0.45524517
0.45524502
0.45524484
0.45524508
0.455245
0.45524544
0.45524523
0.45524508
0.45524514
0.455245
0.45524508
0.45524523
0.45524493
0.455245
0.45524484
0.455245
0.455245
0.45524514
0.45524502
0.45524502
0.45524517
0.45524472
0.45524508
0.45524508
0.455245
0.45524538
0.45524514
0.45524493
0.45524576
0.45524508
0.45524478
0.45524517
0.45524508
0.45524532
0.45524487
0.45524508
0.45524508
0.455245
0.45524502
0.45524514
0.45524508
0.45524508
0.45524508
0.455245
0.455245
0.45524508
0.45524517
0.45524517
0.455245
0.45524508
0.45524502
0.45524478
0.45524597
0.45524493
0.45524502
0.45524502
0.4552453
0.45524514
0.455245
0.45524508
0.45524517
0.45524517
0.45524517
0.45524502
0.45524478
0.45524502
0.45524502
0.4552453
0.45524567
0.45524517
0.45524532
0.45524573
0.45524514
0.45524514
0.45524502
0.45524538
0.45524532
0.45524517
0.455245
0.45524508
0.45524517
0.4552456
0.45524508
0.45524517
0.45524514
0.4552453
0.45524547
0.45524493
0.45524508
0.45524573
0.45524514
0.45524517
0.45524493
0.45524493
0.4552453
0.45524493
0.45524508
0.455245
0.4552453
0.45524523
0.45524538
0.4552453
0.45524508
0.45524517
0.455245
0.45524523
0.455245
0.45524523
0.45524502
0.45524487
0.45524523
0.45524508
0.455245
0.455245
0.45524493
0.45524487
0.45524538
0.45524517
0.45524514
0.455245
0.45524532
0.45524514
0.45524538
0.45524508
0.455245
0.455245
0.45524502
0.45524517
0.45524502
0.45524508
0.4552453
0.4552453
0.45524544
0.455245
0.45524514
0.45524508
0.45524517
0.45524558
0.45524517
0.4552453
0.4552453
0.455245
0.45524508
0.45524517
0.455245
0.45524517
0.45524487
0.45524567
0.45524517
0.45524517
0.45524502
0.455245
0.45524517
0.45524517
0.455245
0.4552456
0.45524502
0.45524508
0.45524517
0.45524508
0.455245
0.45524517
0.45524508
0.45524508
0.45524502
0.45524508
0.45524517
0.45524493
0.45524517
0.45524508
0.45524442
0.45524508
0.45524558
0.45524502
0.455245
0.45524517
0.45524508
0.45524508
0.45524508
0.455245
0.455245
0.4552453
0.45524517
0.45524502
0.45524517
0.45524487
0.455245
0.45524508
0.455245
0.45524517
0.455245
0.45524514
0.45524538
0.45524517
0.45524517
0.45524514
0.45524508
0.455245
0.45524508
0.45524544
0.45524508
0.45524493
0.45524567
0.45524508
0.45524502
0.45524517
0.45524517
0.45524502
0.45524514
0.45524547
0.45524493
0.455245
0.45524538
0.45524508
0.45524514
0.455245
0.4552453
0.455245
0.455245
0.45524517
0.45524544
0.45524502
0.45524502
0.45524508
0.45524508
0.45524532
0.45524517
0.455245
0.45524514
0.45524514
0.45524502
0.455245
0.45524502
0.45524514
0.455245
0.45524484
0.45524523
0.455245
0.45524514
0.45524558
0.455245
0.45524517
0.45524532
0.45524508
0.45524517
0.45524517
0.45524502
0.45524567
0.45524538
0.45524487
0.45524502
0.4552453
0.455245
0.45524493
0.455245
0.45524508
0.4552453
0.45524514
0.45524514
0.45524523
0.455245
0.45524508
0.45524517
0.4552453
0.45524487
0.45524582
0.45524517
0.45524514
0.45524514
0.45524636
0.45524517
0.45524487
0.45524502
0.4552453
0.45524523
0.45524532
0.45524502
0.45524538
0.45524508
0.45524538
0.45524487
0.45524514
0.45524517
0.45524576
0.45524558
0.45524523
0.45524615
0.45524502
0.45524502
0.455245
0.45524508
0.45524517
0.45524508
0.455245
0.45524502
0.455245
0.455245
0.4552462
0.45524508
0.45524517
0.455245
0.4552453
0.45524508
0.45524487
0.45524487
0.455245
0.45524484
0.45524508
0.4552453
0.45524508
0.455245
0.45524487
0.45524547
0.45524517
0.45524508
0.45524514
0.45524502
0.45524502
0.45524544
0.45524538
0.45524514
0.45524502
0.455245
0.45524517
0.45524514
0.45524532
0.45524597
0.45524538
0.455245
0.45524558
0.45524514
0.455245
0.45524558
0.45524517
0.45524508
0.45524508
0.45524538
0.45524508
0.45524517
0.45524508
0.455245
0.45524517
0.4552453
0.45524508
0.45524508
0.45524508
0.45524508
0.45524502
0.45524517
0.45524508
0.45524538
0.45524493
0.45524523
0.45524508
0.455245
0.45524573
0.45524567
0.455245
0.45524487
0.45524508
0.4552453
0.45524502
0.45524517
0.45524502
0.45524517
0.45524508
0.45524517
0.45524502
0.45524487
0.4552453
0.455245
0.45524538
0.45524514
0.455245
0.45524573
0.45524532
0.455245
0.45524508
0.45524508
0.45524502
0.45524532
0.45524517
0.45524517
0.45524502
0.45524478
0.45524517
0.455245
0.45524487
0.4552453
0.45524502
0.4552459
0.45524538
0.45524517
0.45524514
0.455245
0.45524606