0.55207586
0.99999976
0.37491322
0.5354019
0.3752368
2.3093355e-07
8.896833e-08
0.999997
0.37454155
0.8227863
2.6202659e-05
7.172954e-08
3.9069146e-06
0.37478435
0.999961
1.292554e-05
7.206736e-07
0.6869502
4.448402e-07
0.4873422
0.95118314
3.8483762e-07
0.37510973
3.4055603e-07
7.7654185e-08
3.5646792e-08
0.4252138
0.95904684
0.37538615
0.9999808
3.1198263e-07
0.3746879
0.8192812
0.37499157
0.37544245
0.37241232
0.53677016
0.9999658
0.9999907
0.9999852
1.332296e-06
0.35064834
5.4648737e-08
0.3740415
3.8884923e-06
1.521076e-08
0.62803835
0.99320704
2.1046422e-07
0.99999905
0.9997483
3.9603677e-07
0.99998987
0.99998903
0.3999479
2.2896597e-08
0.54643035
3.6175905e-08
7.6805196e-07
3.9772334e-07
0.556475
0.9979132
0.5556584
0.37488803
0.8794174
0.92804736
0.59328884
6.1608574e-08
0.90993166
0.602958
0.9999597
2.3040815e-08
0.98357683
0.074968606
7.6310033e-07
7.4671185e-08
6.1071563e-07
0.5408665
0.3743907
0.37259218
9.36495e-07
4.7512078e-08
0.37351283
0.9987539
0.99998903
6.673162e-08
0.5413494
1.0
0.9999707
0.99812335
3.7443407e-08
9.960958e-08
0.99992085
0.9987685
1.1300734e-06
4.8086356e-08
0.9999274
0.98314476
0.99992585
0.9999616
0.37476903
0.37425748
9.875325e-07
1.0363198e-06
0.37321898
2.1330091e-08
6.756229e-08
0.995048
0.9999788
0.9999993
2.3524926e-07
0.37418172
0.99996305
1.7504162e-07
0.3744231
1.8182657e-06
2.8050238e-07
8.085569e-10
0.9999558
0.9592922
0.9997348
0.9996099
9.435192e-10
0.9999999
3.04895e-08
0.9999968
2.9574952e-08
3.4685957e-06
8.210914e-06
0.9977609
0.9999763
0.98229146
3.224667e-07
0.98301655
1.634489e-07
5.7126505e-07
0.89348924
0.99999774
0.37492102
1.2991414e-07
0.9999926
4.4932642e-07
0.9993344
8.319831e-06
0.9814782
7.274417e-06
3.734227e-08
0.3727982
2.2206766e-06
1.9134241e-07
0.99816704
0.9902057
0.37271336
3.8396627e-07
7.954316e-07
0.3715494
0.99999774
2.1284623e-07
7.262301e-06
0.99951804
0.99997985
0.9996501
0.841308
0.99998975
0.9999993
1.7329494e-07
0.58312124
0.52665937
3.0795345e-08
6.018773e-07
1.6709679e-07
0.37452075
4.2728526e-08
0.66502744
1.9083957e-06
2.2822981e-07
1.00547965e-07
1.0
2.8397125e-08
7.221673e-07
0.77593046
6.8007364e-07
2.6715838e-08
0.9999974
0.9792753
0.9995409
0.3736886
0.3751907
7.841212e-06
0.99744874
4.0635673e-08
0.99999976
0.9999727
0.99999034
1.2569478e-07
2.5982564e-07
0.3740774
0.999838
2.68886e-10
1.4967465e-07
7.4959296e-08
0.9999379
0.99999046
0.9994634
0.9997987
0.99999964
4.7649753e-08
0.99996424
3.364116e-07
1.8834083e-08
0.3732973
0.37411663
0.99997616
3.0039865e-07
0.37427902
0.37482274
3.111462e-07
0.6410457
3.2847512e-07
6.438599e-07
8.146099e-09
0.99999714
1.8839474e-06
8.180435e-08
3.3730319e-06
0.99989474
0.99255496
6.533091e-07
0.37415275
2.1596871e-07
0.9985563
0.37439072
0.07807593
0.37435848
0.37362477
0.37476796
0.99999785
0.99999774
5.7431697e-07
6.796153e-08
9.080201e-08
3.0945078e-08
0.9999931
0.999466
0.9950428
4.7223696e-07
0.37518162
0.00014943362
0.3732012
0.09841698
0.9999995
1.6694962e-07
0.99851817
9.661805e-08
3.8131773e-07
1.1364928e-07
0.99186826
0.99914443
0.9998479
0.9998511
0.99999595
1.8215916e-07
0.9999956
0.9998952
0.77443606
7.410592e-08
1.8122104e-07
2.0656353e-05
0.86424434
0.999846
0.37534356
0.99630946
1.0452465e-05
3.3904655e-07
0.76676595
0.17797425
0.048717108
7.8664016e-08
0.9997867
0.9941649
0.99999917
0.9999832
4.861928e-07
4.8836944e-07
0.9999776
0.99997294
0.37220007
0.99999976
1.6904803e-08
0.37506616
0.89114994
0.9999399
0.5189794
1.2606771e-06
0.9999099
1.3887308e-07
0.9851055
0.9996506
7.2695235e-07
0.99900913
0.37383628
1.8017552e-06
0.94282055
0.99939585
1.0
4.1863977e-08
0.5500928
3.782287e-07
0.99990654
3.5560518e-07
1.0896943e-06
0.8311372
0.99987113
0.99074805
0.99848807
1.3029173e-06
8.73404e-07
9.621793e-07
0.98725665
2.2236711e-06
5.169876e-08
4.3337545e-07
1.3300283e-07
1.2556618e-08
0.9999478
0.52667546
3.646952e-08
1.3323333e-08
0.374589
0.9996648
0.8602505
2.5966762e-07
0.99998844
0.9999894
0.9675617
0.3742928
0.9999862
0.99999857
9.119876e-07
1.5688101e-07
1.11018075e-07
6.540891e-07
0.9999708
0.37468687
0.99998677
0.8010556
0.9524952
0.9954254
0.9999989
0.99771935
0.99815685
1.6660097e-07
0.9999182
0.37327635
0.9961279
5.5137e-07
5.0968442e-06
0.53999585
0.99999464
0.62078065
1.6951549e-09
0.9990048
9.3303415e-06
2.0331749e-05
1.653917e-09
0.3729695
0.9662111
1.0256885e-07
6.707923e-07
0.37452242
0.37516427
4.3528746e-07
0.99998665
5.923494e-08
6.570694e-07
5.278531e-09
0.9996643
0.96177274
2.4537455e-06
8.689393e-07
0.9999106
0.9993864
0.98321563
4.602934e-10
2.4243944e-08
0.90310156
0.9999894
0.37316164
4.928212e-07
0.9990244
0.55950755
4.1863018e-08
6.8821546e-06
5.4685144e-05
0.37458596
0.99995005
0.99995804
4.2423352e-08
1.9698578e-07
1.3038554e-07
8.270194e-07
0.9984238
0.999084
0.37403893
0.5062858
0.37359506
0.99994504
0.999985
0.9998715
0.3744743
0.9968997
0.37491187
0.9953377
0.99999845
5.117843e-07
1.8129641e-07
0.9419472
6.797902e-07
0.99999833
1.2061653e-06
1.3697314e-06
0.37368354
3.2840385e-06
1.0748815e-07
0.9892755
0.9999993
0.99999213
0.37448654
2.2719676e-07
2.813181e-06
2.4790066e-07
0.97833633
0.37534916
0.70716506
2.1044646e-06
1.11373964e-07
0.9999883
0.5358531
0.87015873
0.37264794
1.6537149e-07
5.7374823e-08
2.1079022e-07
0.9998271
0.99999464
4.922688e-07
0.9999467
0.99986076
0.3749284
0.99982977
0.99930906
0.37551248
0.9675913
4.4555134e-07
0.1640132
2.7031329e-06
0.99988747
0.99989974
4.3515456e-08
2.6068742e-06
0.99993384
0.9999956
8.9943434e-08
0.99795
1.7303715e-07
0.9999999
0.9999486
0.70203257
1.8560176e-07
3.0457183e-08
0.37474263
1.5092684e-07
0.9994879
0.54850674
5.9520794e-06
0.9760425
0.9997259
8.190065e-07
0.9999465
3.3589737e-07
1.1157025e-06
0.37311324
0.37451032
0.99999785
9.757873e-07
1.4341612e-08
9.682093e-09
0.9997446
0.999992
0.37407106
0.46337062
0.65376747
0.9999875
0.9999771
0.37530512
0.3756376
1.0
1.8106656e-08
7.114999e-09
0.5278781
0.3722348
0.9999944
1.2061906e-06
1.9939297e-07
0.97358453
0.99973446
2.3135063e-07
0.3744862
6.294159e-07
0.82049525
9.76241e-08
0.98479515
2.1618932e-08
0.9999851
0.37455848
0.37413085
0.6661944
4.9359012e-05
1.8690407e-07
8.820307e-07
0.97131515
0.68936443
1.0950619e-07
0.9998149
0.9999999
0.9905172
0.37363982
1.310665e-07
0.9649969
3.076635e-07
0.9992778
0.37525147
0.0001339954
0.37427792
1.2216606e-06
7.694258e-07
3.863167e-09
0.37534395
1.8221073e-06
0.5455583
0.37470183
0.9993587
0.3746585
0.99505
0.3736551
7.492556e-08
8.620524e-08
0.0001936645
4.5442914e-05
0.9999436
1.5772381e-06
2.5218235e-06
0.37433547
0.9999889
1.0
0.37497872
2.5930287e-06
0.012987302
1.7161133e-07
0.9999635
8.639882e-08
0.99999785
0.14899203
0.37326533
0.9999348
6.4225375e-08
0.99904674
0.99999917
8.119342e-06
0.9982146
0.9738404
9.4113126e-08
0.5136066
1.3781683e-06
1.0
0.99617416
0.9997327
0.96339524
0.9963977
9.336316e-07
1.519208e-07
5.3629443e-09
4.2186332e-07
1.8763885e-07
1.0
0.7469551
2.7737434e-07
0.9329608
4.7887056e-07
0.99997056
4.828556e-07
5.3406893e-07
5.686202e-07
0.13375187
0.56719667
1.5655395e-08
7.6272e-08
3.4963254e-05
0.99999607
1.4579348e-05
0.99999976
0.99995244
0.99594706
6.9441603e-06
0.99999225
9.257649e-08
0.37413985
0.3747719
7.32656e-07
0.53917664
7.2007725e-07
0.46628475
3.0418025e-06
0.9999666
0.8241587
7.649563e-08
4.142379e-07
9.126689e-07
0.999956
0.9999559
0.9998276
0.3719885
8.294294e-08
0.9864746
0.3599189
0.999998
4.9241527e-07
0.9847875
0.98483825
0.37436816
1.8791353e-07
0.37370253
0.9999515
0.9999565
2.493222e-08
0.99999976
0.9992066
9.996717e-09
9.1406605e-07
9.1762374e-08
0.9999424
1.1870487e-06
0.81093615
0.999962
3.4140152e-07
4.2399088e-07
1.2494793e-07
4.340734e-09
0.5341074
0.9932909
0.9986999
0.9941875
0.37484452
0.99208426
5.410899e-07
0.9996123
0.99999166
0.99976355
2.9138379e-08
3.5778186e-08
0.37370202
1.2820436e-06
0.9983627
0.8192076
3.4775834e-08
0.9804381
1.0948233e-06
9.122581e-07
0.99942636
0.3718981
0.5301086
0.999992
2.2250872e-07
0.9958877
0.997449
0.9999994
0.12325394
2.4124455e-07
0.99994266
0.9881072
0.27627435
3.7972157e-05
0.6645713
0.9994924
0.99809784
0.9998554
0.9979899
0.99993944
0.99310464
5.6093376e-07
1.6481555e-07
0.99156946
5.6925825e-07
2.4616197e-08
1.2268514e-06
9.573512e-07
8.8251724e-08
2.1742076e-06
0.9999571
0.65500283
0.3752016
0.57824844
0.9999976
6.432125e-08
5.228062e-06
0.9999639
6.975523e-08
0.99997187
0.9999999
0.56038684
0.37402964
0.9999876
4.39075e-06
4.8008826e-07
0.9999914
0.37324536
2.9216181e-08
0.99996126
7.0000925e-07
0.68837506
7.848642e-08
2.2926663e-08
0.96653664
6.9044535e-07
2.4136605e-07
1.2862824e-06
4.2168068e-07
0.37400648
6.907602e-08
2.0052907e-08
0.9824854
0.9999647
0.3718585
7.7830924e-07
0.99909186
1.6215884e-07
3.4879338e-07
0.9999926
0.5408083
3.5521612e-06
0.53310525
0.3747245
0.99988043
1.2525312e-07
1.0
0.07130974
3.9745603e-07
0.37371054
1.5734535e-07
0.3745371
2.569238e-06
2.311733e-07
1.1479351e-06
0.9968742
0.3735883
2.9212592e-07
0.99373734
1.7881908e-06
7.855597e-07
0.37274042
2.5695067e-08
0.9987521
0.56152666
0.9913413
9.85945e-07
7.2330706e-09
8.664866e-07
0.99058586
9.514535e-08
0.99950147
2.9811864e-07
2.4194497e-07
0.55597866
1.6171529e-07
7.2529815e-08
0.9999132
0.9998822
0.36864355
0.99995685
4.2751765e-07
2.4862806e-05
0.99983287
0.83165675
0.78953695
4.3993907e-07
0.9999726
0.99994254
0.51942825
0.9999883
4.7557373e-06
0.99995935
0.9595568
0.9999646
1.6875169e-06
2.8148556e-06
7.6492483e-07
0.37421063
2.9409823e-06
0.9999957
7.1165225e-08
0.9999949
0.37259135
0.9898594
0.9991697
1.3286899e-06
4.2831093e-08
3.1461905e-08
0.7806966
0.99931586
0.99997294
0.9999963
0.62772596
0.5374833
0.9038447
5.6455036e-08
0.37452942
0.96786827
0.8891303
1.1887073e-06
0.99998236
0.9983543
0.9999964
0.9999714
5.542845e-07
3.1724215e-07
0.9990922
0.99999845
8.319994e-08
0.8976834
0.37487668
0.9956938
1.1134295e-07
3.7235094e-07
0.99999917
0.99329823
0.18549225
0.99708194
0.99976176
2.2097093e-07
1.9072026e-07
0.00027237812
0.9999914
0.99999595
0.37500277
0.99999785
0.529912
0.9999925
0.99999654
0.9995678
1.6123454e-07
2.5929943e-09
0.9989706
2.1275366e-07
1.2569875e-07
2.936706e-07
0.9997421
1.2578964e-07
2.2022792e-05
1.848609e-07
0.37455404
0.9999677
0.37473574
0.9999591
1.3714049e-08
0.55812293
1.520172e-06
0.3738961
6.471974e-15
7.1257034e-07
5.1078376e-07
3.904195e-06
0.9207434
0.3746967
0.9952774
9.564669e-07
0.99975854
0.37432578
4.644731e-09
3.957325e-07
0.10050955
0.6876022
0.37474123
0.81158364
4.877087e-09
0.37388027
1.0834922e-06
0.5976852
0.37440887
0.033147175
0.375164
0.37518972
1.0
2.842511e-05
0.9998317
0.9945555
0.9993747
0.9738903
8.394056e-07
0.96654475
0.99999726
0.6099821
7.156479e-07
0.99925965
0.055849396
0.99999976
0.011649052
4.5023066e-07
0.5293709
0.9999776
0.37453434
0.99995196
8.7615956e-07
9.729545e-08
2.1630128e-06
0.8428169
0.99999833
0.5329254
0.37389997
0.9569367
0.9997346
1.1620638e-06
0.99998784
0.9999938
0.99947196
0.999485
0.99974424
0.3750285
7.085885e-08
0.9999882
0.37466672
0.99927276
0.3741507
0.99999833
0.5314788
0.9998677
0.99999917
7.9742334e-05
0.5524719
0.9999732
3.4017233e-07
0.9999877
2.7248717e-07
1.8135888e-05
2.5632248e-06
4.2813824e-07
0.3743188
1.7511189e-06
0.88767797
0.5327462
0.99993217
4.4995207e-07
0.96399605
0.7608898
4.9098975e-07
1.0774622e-06
0.99991703
0.9999485
0.3735572
0.9680722
0.99997723
0.99985766
9.597736e-07
0.9993967
1.7805385e-07
0.99980503
1.0294869e-07
1.8519859e-06
0.37378246
0.9930816
1.1185599e-06
0.9999958
0.3729607
0.99969673
0.3748572
3.351662e-07
0.9115569
0.99969804
2.8270827e-08
0.99964595
0.99969685
3.094711e-06
0.99239856
1.1568101e-05
2.4430508e-07
0.37510034
0.37116066
0.93670684
0.07416118
0.6406629
0.52685964
0.9964574
0.3740863
0.54138756
2.8034723e-08
0.99899274
0.375063
0.3748975
7.2577683e-07
1.8274341e-06
0.9999988
0.37463915
0.6324502
2.6125585e-07
0.99848026
0.9941764
1.453315e-07
0.9994307
2.2454685e-07
0.37505743
0.9999684
2.7652778e-08
9.4486886e-08
0.99878436
0.9999862
0.3748361
0.0774508
0.5769006
8.567251e-08
0.37477964
0.9999889
0.3755479
0.373251
3.8011443e-08
2.6468206e-06
0.37351683
0.37508118
0.37217042
0.9995209
0.9999455
0.99879104
2.0040373e-07
0.37513664
0.9915935
1.0227094e-07
1.1600818e-06
0.9509679
2.449429e-07
0.9999635
0.9999858
0.99998915
0.99999654
5.9186153e-08
4.106661e-05
0.9967108
0.9998141
0.9986828
0.99953616
0.54362637
0.3739821
0.9999441
2.0178587e-07
0.9998056
0.9999696
7.658776e-06
7.828455e-09
3.429145e-08
4.3694072e-07
0.99897254
0.9999832
0.9823976
7.566277e-07
0.9999999
4.081607e-06
0.5494195
1.9207293e-06
0.999811
0.9999229
0.99746835
0.9999976
0.99997306
1.7262108e-08
0.37340727
2.9659864e-07
0.999617
0.995106
0.5216289
4.120121e-06
1.0
0.99997544
0.607166
1.932467e-09
0.9999938
8.2473306e-08
0.95502084
0.9986852
0.99985373
4.039858e-07
0.37467784
0.999321
1.3003578e-06
1.0505044e-06
1.3629696e-07
0.9998022
3.949271e-08
0.16578272
0.9997881
0.972056
8.39e-08
5.4299962e-06
0.98680836
0.99999845
5.173763e-07
0.99998105
0.52670115
9.807179e-07
4.318531e-07
0.00053655176
8.253028e-08
0.9999112
0.37422892
3.097207e-07
0.9944471
0.9997844
3.0633169e-07
8.791706e-08
0.99826694
1.5980795e-07
0.9176139
4.8862987e-08
1.9464089e-07
1.3222382e-06
3.0818504e-05
0.9998487
1.4368943e-07
1.7559857e-07
0.9999665
1.7294805e-06
1.4446314e-07
0.5479505
0.01813511
2.3479712e-08
3.7107728e-07
0.37494397
0.37495267
0.9998889
0.99982053
0.99983025
5.2202074e-07
0.8682777
8.666419e-07
0.9999249
1.1609318e-06
0.9996917
0.99999285
0.99988174
0.9924631
2.5061792e-07
7.6564373e-07
0.37476334
0.96367604
0.37495014
0.7322352
0.05218363
0.27512398
0.3746103
0.93669695
0.9951179
0.3745264
0.83223003
0.8779793
0.9999989
0.53508013
0.9999883
1.7513424e-08
9.6239724e-08
0.9741631
3.0502306e-07
1.0372996e-06
2.3292985e-06
9.789074e-08
0.9787976
0.9999162
0.9999988
0.9979194
1.1519827e-05
1.0
2.8115694e-06
3.346803e-08
3.221415e-07
0.9218704
1.8558352e-07
5.570753e-06
0.37480354
0.9992004
3.080818e-10
0.37462708
1.1072324e-06
1.4904947e-07
6.1112564e-06
2.4449017e-07
1.5722447e-06
0.9999682
1.5118678e-05
0.99999905
1.2323455e-08
0.374491
4.2098554e-07
0.999569
0.8553545
7.577708e-07
2.099355e-06
0.99999785
0.97644705
6.166283e-07
5.9520625e-07
4.6245958e-08
0.37512907
0.9573217
0.999995
8.736942e-08
0.999833
0.98859787
0.99998856
8.79855e-08
0.9999988
2.5071188e-07
2.3180424e-07
0.4782596
0.9973513
2.885406e-07
0.3745028
0.9990318
5.367066e-07
8.318468e-07
5.4975567e-06
1.5160566e-08
0.99998903
0.99998903
6.8349823e-07
0.3748204
0.9999968
1.04547965e-07
0.99938965
0.9994506
1.1262357e-06
7.2575894e-08
0.9998834
6.4644246e-06
2.4843268e-07
0.9974215
0.37502706
0.99999225
3.1321879e-06
3.2142416e-06
4.3011076e-07
0.10860822
2.311938e-07
0.999877
0.37097707
4.3056428e-07
0.37530726
0.99999905
0.67035776
0.997869
0.5209699
4.2998897e-07
6.307151e-07
0.99995196
1.0842898e-07
0.37515888
1.5736516e-07
0.374565
0.9999645
0.37496665
0.35062748
0.999982
0.3741345
1.7102115e-08
0.090996966
0.9995808
0.99992025
8.080319e-08
0.9965922
1.2801044e-07
0.37330815
0.100346684
0.99998605
3.1142346e-07
0.5532483
0.9993611
1.0323459e-07
1.2075367e-07
0.9999943
2.7807417e-05
0.9999995
3.6646597e-07
0.69029856
0.3745214
5.30076e-07
0.9911738
1.2024475e-06
1.040784e-07
0.37681553
0.99999726
1.6534925e-07
2.449151e-07
0.9999987
0.7335527
0.99737144
0.99999833
0.5345289
0.99987674
0.55118734
3.779586e-07
0.99988186
1.3159484e-05
0.37564194
3.6488657e-07
4.3494308e-07
1.0
3.150935e-07
0.97599864
0.5515624
7.618984e-07
5.3788076e-06
5.906357e-07
1.2208092e-06
0.9996332
3.0396072e-06
0.9999862
1.000263e-06
0.37492245
0.54082924
0.9999075
0.9991271
0.9811928
3.9109895e-07
0.9982414
6.2201515e-09
4.3025352e-07
4.022333e-09
2.4696615e-08
3.2118436e-08
0.9985513
0.37409273
0.37519306
2.1596377e-07
0.12180534
0.9991959
0.99993324
0.9978314
0.99926287
0.99999917
0.9857474
0.9998876
0.99993575
4.6698858e-07
0.997672
0.59351385
2.0289402e-08
0.83258826
0.99954826
1.865518e-06
0.9997347
3.509161e-06
0.54831547
0.9999995
0.9999989
0.5449009
0.55044603
0.9995609
5.9523753e-08
2.039336e-06
2.6354735e-06
7.863996e-05
0.37373266
1.7948725e-08
2.6837084e-08
0.9999964
0.99839264
0.99326515
0.37513974
0.37506443
1.1981723e-08
0.3747431
0.37489122
0.3559704
2.712644e-07
0.9996568
1.5204787e-08
0.9996983
1.0798565e-07
0.9408209
0.99999225
0.9995571
0.5699934
2.2135966e-07
0.9925328
4.853433e-09
0.60071105
3.0728046e-08
3.4828545e-07
2.0744953e-06
0.37344885
0.9999999
7.0733e-08
5.732524e-09
0.5377665
0.99999726
0.5471344
1.0767344e-07
0.999841
0.96775347
1.0
2.7079268e-06
5.1501235e-07
0.9795767
2.9148057e-07
6.9078915e-06
0.37489772
0.4391317
0.5313924
0.373545
1.0768921e-06
0.9998735
0.34803626
8.5502313e-07
0.5470642
0.3747267
4.2914152e-09
1.0297462e-07
0.99975353
0.9850937
2.8965358e-06
1.0326487e-06
3.2267405e-07
0.99974674
8.140547e-06
0.9998534
0.37317923
0.55563927
6.920182e-06
5.8179054e-08
0.99998844
0.9999999
0.9995995
0.86277544
0.0061018346
0.999977
1.9296087e-05
4.115019e-09
8.738289e-07
0.99656963