0.4585162
0.45848808
0.45816058
0.45846382
0.45815524
0.45812556
0.4581734
0.45847154
0.45816836
0.45846954
0.45833293
0.4581202
0.45814532
0.45818517
0.45848188
0.45816496
0.45819357
0.4584833
0.45814312
0.45846933
0.4584737
0.45815584
0.45819077
0.45814142
0.4581224
0.4581776
0.45847073
0.45847175
0.45817956
0.45850542
0.4581297
0.45816216
0.45846564
0.45816123
0.4581537
0.45814833
0.45845962
0.45843977
0.45851704
0.45848137
0.45814532
0.45847556
0.45819473
0.4581568
0.45813832
0.45809588
0.45848748
0.45849094
0.45813322
0.45847225
0.45851475
0.45817885
0.45848763
0.4584955
0.4584941
0.45817906
0.45846638
0.45813516
0.45816684
0.45812342
0.4584619
0.45845902
0.45846853
0.45818877
0.45848298
0.45846143
0.45846292
0.45812282
0.45848873
0.45845956
0.45847556
0.45812452
0.45849505
0.4585169
0.45837745
0.45811316
0.45813292
0.45845792
0.45818216
0.45815155
0.45816535
0.4581266
0.45813242
0.4584585
0.4584774
0.45814493
0.4584966
0.45834288
0.45847434
0.45846894
0.4581131
0.458123
0.45847026
0.45848882
0.45828488
0.45819774
0.4584885
0.45847747
0.45847926
0.45847085
0.4581554
0.45815495
0.45813742
0.45813942
0.45814532
0.45818427
0.4581244
0.45846632
0.45848608
0.45817566
0.45812923
0.458172
0.4584907
0.458126
0.45814803
0.45812872
0.45814562
0.458142
0.45847183
0.4584833
0.45848697
0.4584866
0.45820713
0.45850125
0.45816123
0.45850086
0.45817402
0.45818463
0.45816505
0.45847806
0.45848647
0.4584745
0.45815033
0.45847026
0.458219
0.4581227
0.45850918
0.45850804
0.4581639
0.45813742
0.45850497
0.4581557
0.45836487
0.45814952
0.45811906
0.45815575
0.4581171
0.45841792
0.45826316
0.45819658
0.45852947
0.45847544
0.45816424
0.45815185
0.45815504
0.4581489
0.45851174
0.45814297
0.4581515
0.45847836
0.45847234
0.4585171
0.45837784
0.45827878
0.45848784
0.45814234
0.45846036
0.45848867
0.4581531
0.45818573
0.4581149
0.45816404
0.45813018
0.45847887
0.45814934
0.45822686
0.4581546
0.45833012
0.45811692
0.45813292
0.45848787
0.45814088
0.45815453
0.45852217
0.45847264
0.45847094
0.45814282
0.45818242
0.45815215
0.45850953
0.4581118
0.45848566
0.4584622
0.45849842
0.45814472
0.45823553
0.45813578
0.45847136
0.45832166
0.45813882
0.45815304
0.4585157
0.4585016
0.45848653
0.45847455
0.45849594
0.45814732
0.45846242
0.458123
0.4582069
0.45812812
0.45817906
0.45852536
0.45812157
0.45814753
0.45816755
0.4581601
0.4584952
0.45814514
0.4581546
0.458354
0.45848057
0.45812356
0.4582144
0.45814773
0.45846757
0.45846537
0.45816305
0.45814702
0.45813057
0.45846078
0.45816696
0.45846698
0.45817375
0.45848948
0.45811927
0.4584946
0.45846835
0.45812842
0.4581179
0.45814964
0.45817596
0.45848566
0.458498
0.45849138
0.45814753
0.45819217
0.45819637
0.458133
0.45846468
0.4585129
0.45812467
0.4582108
0.45823503
0.45813006
0.45814347
0.45845985
0.45848578
0.45822132
0.4584608
0.4584983
0.45813942
0.45848837
0.45847827
0.45847175
0.4581598
0.458126
0.45818743
0.45823097
0.45847365
0.45817727
0.4584273
0.45815364
0.4582215
0.4584894
0.45831668
0.45847154
0.45813984
0.45848808
0.45846772
0.45852387
0.45847294
0.4583562
0.45814052
0.45848623
0.4584877
0.45815003
0.4585141
0.4581202
0.45816308
0.45848578
0.45847294
0.4584966
0.4581311
0.45848754
0.45813367
0.45834425
0.4584951
0.45817807
0.45851123
0.4581667
0.45813963
0.45848522
0.4584777
0.45830092
0.45812747
0.4584583
0.45815343
0.458498
0.4581503
0.4581772
0.45829895
0.45850137
0.45846853
0.4584585
0.45814392
0.45816955
0.45814744
0.45846364
0.45816514
0.45812252
0.45813283
0.45811626
0.4581187
0.45851907
0.45849937
0.4581676
0.45816514
0.45815584
0.4584885
0.4584988
0.45812643
0.458503
0.45849591
0.45833594
0.45814714
0.45847425
0.45850393
0.45812407
0.45812312
0.45812517
0.458152
0.4584779
0.45841113
0.45848408
0.4584772
0.45848423
0.45852128
0.4584913
0.45846623
0.4584882
0.45812055
0.45846632
0.45839894
0.45846063
0.45812917
0.45816815
0.45850793
0.45849565
0.4584994
0.4581621
0.45848492
0.4582764
0.45817515
0.45814094
0.45813733
0.45846894
0.45817354
0.45814577
0.45815232
0.45815665
0.45814094
0.45847234
0.45815104
0.45814848
0.45807767
0.45846975
0.45847008
0.45816624
0.45818758
0.4584644
0.45850852
0.4584682
0.45819098
0.45838585
0.4584586
0.45850852
0.45842275
0.45814723
0.45847476
0.45848197
0.45817545
0.45814273
0.45852548
0.4581526
0.45848536
0.45847118
0.45812342
0.45814043
0.45819667
0.45814374
0.4582775
0.45846945
0.45841762
0.45848638
0.45821685
0.45848867
0.45848918
0.45845872
0.45818776
0.45847625
0.45820504
0.45849386
0.45848888
0.45813376
0.4581223
0.45845926
0.45813358
0.45847234
0.45815548
0.45814463
0.45815054
0.45816925
0.45814183
0.45850387
0.458534
0.45848307
0.45838025
0.45813367
0.4581697
0.458106
0.45846272
0.45813423
0.45849198
0.45813513
0.458121
0.45847717
0.4584805
0.45845962
0.45814133
0.45813483
0.45817015
0.45814934
0.45848823
0.45847136
0.45815885
0.45848808
0.45847324
0.4581738
0.45846704
0.45848724
0.45815143
0.45847717
0.45814934
0.4581912
0.45818636
0.45845875
0.45855957
0.45811495
0.45813593
0.45851114
0.4584641
0.45813203
0.45848528
0.458156
0.45849705
0.45848602
0.45847857
0.4581251
0.45815077
0.45816138
0.4581662
0.45846882
0.4584799
0.45816514
0.45846492
0.45848688
0.45823842
0.45847765
0.45812792
0.45813942
0.4581414
0.45817044
0.45849168
0.45815107
0.45817435
0.45808762
0.45846313
0.4584849
0.45817825
0.45846128
0.4584997
0.45850253
0.45849746
0.45816064
0.45820153
0.45831108
0.45813316
0.45814013
0.45845732
0.45816526
0.45848858
0.458175
0.45814002
0.4584748
0.45848638
0.45811415
0.45812497
0.45813152
0.45852402
0.45816234
0.45847845
0.4581686
0.45846498
0.45814124
0.45814133
0.45846087
0.45850834
0.45813623
0.4581191
0.45847592
0.45846704
0.458128
0.45847976
0.45851874
0.45848107
0.45817685
0.45812705
0.45846173
0.45814353
0.45850092
0.45813107
0.45831373
0.45839873
0.45813933
0.45814437
0.45820338
0.45814952
0.45814592
0.45847034
0.45814213
0.45848548
0.45815548
0.45851725
0.45818776
0.4581495
0.4581308
0.45816705
0.45817667
0.45848066
0.45817405
0.45816705
0.45817706
0.4584905
0.45859748
0.45815945
0.45815003
0.45831013
0.45815623
0.4584985
0.45813656
0.45848557
0.45848507
0.45813683
0.45847526
0.4581268
0.45846713
0.4584704
0.45816755
0.4585077
0.45851073
0.45813727
0.4584897
0.45812592
0.45836544
0.45848578
0.45845807
0.4585002
0.45847014
0.45814934
0.45813265
0.45816058
0.45811972
0.45818883
0.4582979
0.45846844
0.45813292
0.45854172
0.45816606
0.45852438
0.45835665
0.45816475
0.45838696
0.45819008
0.45847374
0.45818567
0.45812503
0.45815215
0.45848975
0.45816115
0.4584571
0.4584982
0.45848396
0.45816696
0.45833728
0.45813978
0.45817226
0.45816123
0.45818046
0.45846087
0.4581638
0.45830232
0.4581775
0.45848647
0.45847014
0.45815438
0.45814514
0.45816946
0.45850813
0.45848513
0.45851198
0.45836502
0.45823964
0.45848984
0.45848027
0.4584953
0.45812333
0.45847636
0.45814952
0.45813653
0.4581367
0.45814413
0.4585362
0.45847896
0.45835882
0.45850882
0.45847872
0.4581669
0.45815563
0.458121
0.45848778
0.45836997
0.45848504
0.45846713
0.45814127
0.45813483
0.45813587
0.45823306
0.45851475
0.45846725
0.4584811
0.45848286
0.45817617
0.45849174
0.45817456
0.45851594
0.45848316
0.45851907
0.45815143
0.45812196
0.45817652
0.45813423
0.45847306
0.45846313
0.45814487
0.45848387
0.45814928
0.4581512
0.45848638
0.4583826
0.45846286
0.45850754
0.45814684
0.4584885
0.45851225
0.45851535
0.45847225
0.4581509
0.45847595
0.45848146
0.45848536
0.45816275
0.4584997
0.45846578
0.45847607
0.45851874
0.4584057
0.45851806
0.4584649
0.45821008
0.45816123
0.45847505
0.4581277
0.4582742
0.45817116
0.4581274
0.4581568
0.45812115
0.45848688
0.45848534
0.45817932
0.4585019
0.45850798
0.45817655
0.45817375
0.45847866
0.45813733
0.45847937
0.45848688
0.45848507
0.45848167
0.45848733
0.45815995
0.45835677
0.4584874
0.45812777
0.4581045
0.4584986
0.458133
0.4584822
0.45814002
0.45810905
0.4584863
0.4581372
0.45815325
0.45812085
0.45816514
0.45815364
0.45813492
0.458189
0.45848298
0.45847765
0.45814392
0.45812422
0.45847225
0.45815033
0.45813265
0.45848852
0.45851335
0.45814192
0.4585369
0.4581568
0.4584965
0.45815384
0.45916218
0.45848978
0.4581112
0.45815295
0.4582692
0.4581695
0.45813963
0.45813328
0.45813653
0.45848146
0.45847005
0.4581378
0.45846602
0.45815805
0.45812503
0.45819378
0.45812932
0.45847592
0.45846608
0.4584946
0.4581537
0.45823354
0.45816976
0.45848408
0.45816934
0.45847514
0.45811737
0.45830983
0.45847514
0.45814443
0.45813903
0.45848072
0.45846212
0.45833582
0.45848125
0.45817465
0.45817816
0.4584849
0.45849198
0.45848036
0.45813233
0.45847395
0.45848808
0.45853218
0.45847246
0.4581199
0.45852146
0.45847005
0.45845747
0.45814794
0.45815453
0.45812666
0.45839903
0.4581585
0.45852327
0.45811224
0.45851615
0.458154
0.45848116
0.45847985
0.45814407
0.4581123
0.4581153
0.45848727
0.4584956
0.4584896
0.45847687
0.45845875
0.45861924
0.45847294
0.45811382
0.45817935
0.45848387
0.45847085
0.45815474
0.45848212
0.45850477
0.45850253
0.45849705
0.45812976
0.45813483
0.45846638
0.45848086
0.45813733
0.4584882
0.45818552
0.45848542
0.45812985
0.45816433
0.4584942
0.45817745
0.45848578
0.45848498
0.45848513
0.4581252
0.45815077
0.4584121
0.45847166
0.45847073
0.45814994
0.45847514
0.45845756
0.45849198
0.45847762
0.45848578
0.4581102
0.4583526
0.45847815
0.45814693
0.45814207
0.45819008
0.45848837
0.45813403
0.4581369
0.45812628
0.45816234
0.45847175
0.45816514
0.45858443
0.45812732
0.45846453
0.45814157
0.4584031
0.4585394
0.45859024
0.4581297
0.45814833
0.45848617
0.45815364
0.45849183
0.45815763
0.45845953
0.45815215
0.4582109
0.45817697
0.45848688
0.45846754
0.45817295
0.45846102
0.45819357
0.45814627
0.45814633
0.45847145
0.4581694
0.45848835
0.45816714
0.4581436
0.45859626
0.4581618
0.45847043
0.45845732
0.45848536
0.45847264
0.45813352
0.4584919
0.45849982
0.45848477
0.4581406
0.45847586
0.45848212
0.45835885
0.45856407
0.45812702
0.45849684
0.45848167
0.4581378
0.45847565
0.45814452
0.45818588
0.45818457
0.45851734
0.45848688
0.45846838
0.45818666
0.45847565
0.45851198
0.4581596
0.45852146
0.45847866
0.4581588
0.45848358
0.4585007
0.4581879
0.458179
0.45848367
0.45815754
0.45848426
0.45818797
0.45850095
0.45850426
0.45839512
0.45850712
0.45830327
0.45846322
0.45852306
0.45813265
0.4584983
0.458124
0.45816964
0.45814353
0.4581185
0.45814162
0.45816445
0.45848858
0.4584622
0.4584649
0.45815435
0.45846114
0.45846382
0.45817226
0.45814487
0.45848584
0.4585355
0.45818838
0.45846793
0.45850253
0.45847806
0.45816574
0.45846328
0.45816746
0.45848262
0.4582157
0.45815745
0.45815104
0.45846087
0.45814502
0.4584955
0.45814833
0.45848808
0.45816424
0.4580888
0.45845798
0.45846695
0.45815092
0.45852348
0.4584827
0.45814142
0.4584962
0.45818868
0.45813426
0.45814964
0.45837972
0.45847577
0.4584707
0.45848286
0.45847717
0.4584885
0.45815372
0.458463
0.45812035
0.45849043
0.45813456
0.45818216
0.4581215
0.45814183
0.4583444
0.45814723
0.45840305
0.4581195
0.45846403
0.45839363
0.45812702
0.45847276
0.4581311
0.4581742
0.45815223
0.45820603
0.45814678
0.45847145
0.45845982
0.45817417
0.45848638
0.45848036
0.4581244
0.45817932
0.45847175
0.45817897
0.45814878
0.45819378
0.4581453
0.45814434
0.45818126
0.45816484
0.45848534
0.45851564
0.45850337
0.45816645
0.45816255
0.45846748
0.45819598
0.45814908
0.45849085
0.45816234
0.45848227
0.45846698
0.45848072
0.45848542
0.45811942
0.45817146
0.45848617
0.45846763
0.4584655
0.45847556
0.4584955
0.4581422
0.45850945
0.45818186
0.45846173
0.45849058
0.45814502
0.45815134
0.45813373
0.45813873
0.45815855
0.45831123
0.45846742
0.45818377
0.45848748
0.45814624
0.45846358
0.45814154
0.45848727
0.4584775
0.45846602
0.45850542
0.45850027
0.458218
0.45814443
0.45814243
0.45848674
0.45851204
0.45848393
0.45814702
0.45848808
0.45848188
0.45846307
0.45814362
0.45848307
0.45817566
0.45845962
0.45847592
0.45846894
0.4581565
0.4581297
0.45851263
0.45817986
0.4581683
0.45812845
0.45846954
0.45813382
0.45846173
0.45848528
0.45847815
0.45816395
0.45817795
0.45847654
0.45848578
0.45814213
0.45849448
0.45852476
0.45813537
0.4581408
0.45824274
0.45813447
0.458488
0.45813757
0.45815745
0.45847595
0.45848548
0.45815024
0.45819858
0.45848227
0.45815122
0.45846874
0.45814413
0.45816064
0.458152
0.45816594
0.45848858
0.45815223
0.4581174
0.45848456
0.45817596
0.4581492
0.45849645
0.45848528
0.4581227
0.45814934
0.45817477
0.4581532
0.45851514
0.45848256
0.45850804
0.45816535
0.4584915
0.45814884
0.45848417
0.45817912
0.45845896
0.45848748
0.45847094
0.45849505
0.45813456
0.45813867
0.45815825
0.45848808
0.45817655
0.4584683
0.45851165
0.4584715
0.45814002
0.45848176
0.4584988
0.45817432
0.45851952
0.45846933
0.4584833
0.45848095
0.45852968
0.4580948
0.45812392
0.458458
0.45816606
0.45816094
0.45814642
0.45813882
0.458494
0.45848668
0.45852387
0.4585108
0.45814624
0.45848566
0.45812872
0.45814544
0.4583102
0.45846364
0.45813993
0.45817176
0.45818436
0.45846072
0.4581708
0.45814398
0.45813876
0.4581088
0.45816466
0.45814773
0.45816144
0.45848137
0.45814553
0.4584928
0.45829156
0.45815504
0.4581288
0.45847356
0.45852482
0.45814052
0.45816785
0.45847636
0.45846123
0.4581344
0.45813677
0.45811525
0.45812175
0.45848048
0.45847356
0.45814714
0.4585144
0.45847985
0.458501
0.4581282
0.4584902
0.45814234
0.458152
0.45852157
0.4585019
0.45814016
0.4582153
0.45847505
0.45814863
0.45814213
0.45816076
0.4581173
0.4584972
0.45850864
0.45813468
0.45813876
0.45851102
0.45812815
0.4586027
0.45850033
0.45815665
0.45816198
0.45851815
0.45816526
0.4581201
0.4584616
0.45814893
0.45846352
0.45815784
0.45812467
0.45816785
0.45821986
0.4583527
0.45848638
0.45821682
0.45815924
0.45817006
0.45849916
0.45851895
0.45846993
0.45846573
0.45823494
0.45814893
0.45842636
0.45819888
0.45816314
0.45813793
0.458177
0.45847866
0.45816255
0.45839572
0.45846432
0.45814905
0.45817176
0.45817906
0.45848647
0.45851403
0.45812938
0.45847055
0.45812762
0.45814544
0.45848888
0.45849565
0.45814654
0.45848256
0.45847446
0.4581159
0.45817295
0.45847932
0.45816076
0.45848247
0.4581199
0.45845857
0.4582092
0.45814702
0.4584775
0.45813283
0.45811832
0.4584577
0.45850757
0.45814624
0.45829692
0.4585066
0.45848078
0.4584882
0.45848897
0.45847145
0.4584888
0.45846882
0.45814273
0.45851755
0.45816004
0.45815998
0.45813528
0.45814884
0.45854965
0.45812893
0.458481
0.45846468
0.4581638
0.45816216
0.45814452
0.45815563
0.45847306
0.4582476
0.45848393
0.45814377
0.4581609
0.4584963
0.45848727
0.4584726
0.45846918
0.45816776
0.45847812
0.4581192
0.45813954
0.458135
0.4581078
0.45818087
0.45851776
0.45814583
0.4581623
0.45812047
0.4583857
0.45846573
0.45848057
0.45847005
0.45845953
0.4582938
0.4583425
0.45838562
0.45848468
0.4581199
0.45849434
0.4584696
0.45814258
0.45848206
0.45846704
0.45813602
0.45846924
0.4581364
0.45848033
0.4584935
0.45851305
0.45845762
0.45846063
0.45849058
0.45812652
0.45813146
0.45814013
0.45816174
0.4584482
0.45823482
0.4581191
0.45848528
0.45848498
0.4584751
0.45816395
0.45818081
0.4582133
0.45814994
0.45816115
0.45846763
0.45812207
0.45849264
0.4583143
0.45848602
0.45816323
0.45852086
0.45847166
0.4585055
0.4584746
0.4582052
0.4584113
0.45816106
0.458499
0.4581137
0.45818812
0.45813873
0.4581296
0.4585011
0.45813042
0.45812792
0.4584583
0.45848337
0.45846772
0.45812166
0.4584937
0.4584811
0.45866287
0.45813802
0.4581563
0.45850316
0.45814833
0.45814812
0.45811972
0.45858783
0.45851085
0.45817184
0.45813233
0.45848036
0.45846072
0.45813078
0.45847595
0.45816755
0.45831212
0.45812792
0.45847505
0.45846412
0.4581439
0.458156
0.45814702
0.45850006
0.458172
0.45837545
0.45839217
0.45846272
0.45813763
0.45814592
0.458483
0.45848852
0.45847395
0.45850623
0.45848468
0.45848247
0.4581629
0.45817405
0.4581316
0.45858493