0.4915918
0.9992741
0.44474894
0.5104226
0.4422221
0.0018746725
0.0017552192
0.9975915
0.43281886
0.73653257
0.00890517
0.0014613653
0.001275297
0.43538404
0.9962586
0.0003347911
0.00030900992
0.9988752
0.0019550184
0.48488593
0.68667346
0.00037254428
0.4432328
0.0016723551
0.00032750593
0.0007093012
0.4874673
0.96193546
0.44609672
0.98335934
0.0019833134
0.44345
0.42913294
0.42996496
0.43829054
0.4398417
0.49665216
0.93230134
0.9992254
0.9934674
0.00021682504
0.4785126
0.0008350083
0.443747
0.002015469
0.00048829237
0.49971953
0.91775423
0.00049195933
0.9973273
0.99734
0.0011262558
0.9972187
0.9969689
0.4851913
0.00027098664
0.48352465
0.00085217564
0.000890757
0.00094546366
0.5233123
0.9967765
0.5061878
0.4407526
0.85665524
0.60981524
0.535894
0.0016167115
0.8051455
0.4922256
0.9969024
0.000388559
0.8365867
0.37464985
0.06713307
0.0022367565
0.0020069936
0.49628687
0.43615893
0.43011126
0.0016195726
0.0013935374
0.43580776
0.9921286
0.9700874
0.0010775975
0.49457166
0.996775
0.99333304
0.8813184
0.0021357741
0.0008713449
0.9913933
0.9545402
0.029415425
0.0053382684
0.9830934
0.8714974
0.99748814
0.9969459
0.4434508
0.4454648
0.0012123754
0.00094055396
0.43418407
0.00054654205
0.0013418173
0.64981747
0.9826999
0.9773817
0.001438399
0.44616923
0.9909628
0.000107881846
0.4362541
0.004785987
0.00036325815
0.00072794425
0.99819523
0.7663815
0.9999552
0.99781775
0.0013441298
0.99708515
0.00031563666
0.9937162
0.00043449298
0.0012840867
0.0005090153
0.9479453
0.9921069
0.9214413
0.00031576367
0.9970703
0.00047686667
0.0007998816
0.79803556
0.9967824
0.43484107
0.00021851253
0.9998312
0.00064174476
0.94182646
0.0010781212
0.8571132
0.0007805791
0.0025768946
0.4658678
0.010604295
0.00023601676
0.99649316
0.80841047
0.44137853
0.0014291791
0.0021132263
0.4312269
0.99156076
0.0020858669
0.00077464257
0.7534928
0.99794835
0.9929476
0.73335505
0.99153066
0.9925345
0.00045739702
0.5420243
0.4818042
0.00023149056
0.00038940855
0.0008254954
0.4377327
0.00051920634
0.44665533
0.0018831759
0.0012867429
0.00044519824
0.9996948
0.00052766496
0.00039810588
0.34686834
0.002028527
0.000581005
0.99784124
0.90215373
0.98965985
0.43987378
0.44411078
0.001170956
0.9800525
0.0014034804
0.99595684
0.9929299
0.966305
0.00060359057
0.0008565366
0.4414596
0.9882526
0.0028289573
0.0023269777
0.0030914694
0.99785644
0.9688705
0.98611116
0.9933115
0.99834263
0.0004329366
0.996786
0.0016307972
0.0022933206
0.4391553
0.43626127
0.99738365
0.004257141
0.43625847
0.44730455
0.00045789542
0.41134033
0.0004941506
0.0012257945
0.014097659
0.99800426
0.0021459167
0.0011968269
0.00078736804
0.99249035
0.8990368
0.0032592923
0.44819272
0.0015697955
0.99329126
0.43031266
0.34153828
0.4429759
0.476378
0.436426
0.9706625
0.99857116
6.1846986e-05
0.00079682143
0.0007037917
0.00068640657
0.99678206
0.9053775
0.8326373
0.00055015786
0.44380352
0.00028925296
0.44230142
0.2550137
0.9964393
0.00082359364
0.89533055
0.0002759905
0.00068967073
0.00039026665
0.97983813
0.96467465
0.9690212
0.9932689
0.99370533
0.00069219753
0.99555796
0.9788149
0.5076378
0.001333815
0.00083759456
0.00033721921
0.6006387
0.98459226
0.4354858
0.71789557
0.0010647385
0.0011791954
0.79942834
0.43137234
0.31792524
0.0010987222
0.9989039
0.91077197
0.9972338
0.9972434
0.029721187
0.001025864
0.9946167
0.9941105
0.42793065
0.9933628
0.0023057603
0.44089493
0.8551355
0.99665195
0.49582216
0.00077641255
0.90441895
0.0009037309
0.27644575
0.9683284
0.0006365478
0.96829706
0.43917137
0.00078789535
0.5859639
0.9768858
0.999374
0.0008359437
0.5160357
0.0012350461
0.99117273
0.0004641031
0.00072168413
0.4950987
0.9949941
0.98038495
0.9939685
0.0003409614
0.0012153878
0.00094624993
0.9969915
0.00071875413
0.00031362663
0.00045619198
0.0016659866
0.00062805513
0.9999355
0.48983458
0.0017114051
0.00037531817
0.4398527
0.97421354
0.7644756
0.0014080917
0.99014354
0.9976361
0.8373381
0.44111434
0.99816364
0.99620014
0.001253692
0.0011718359
0.0006886494
0.00047357232
0.9904517
0.46631026
0.99034405
0.6926415
0.48732463
0.9511846
0.99620026
0.97125626
0.78033173
0.0024856
0.9908416
0.46529117
0.8626268
0.005280317
0.00029831915
0.51442945
0.9984143
0.5168459
0.0008856015
0.96466345
0.0038026657
0.0008477664
0.0002788223
0.43793064
0.91796315
0.0007001834
0.0035765215
0.43647474
0.43827528
0.0005910551
0.9998566
0.0035094935
0.0014095401
2.5303796e-05
0.99514043
0.7885448
0.00048264084
0.00211423
0.9957889
0.59352994
0.79742956
6.071222e-05
0.0022836765
0.873184
0.99943143
0.46287692
0.0018411024
0.9996088
0.5130607
0.0001744969
0.0008561523
0.013237053
0.43870932
0.96871924
0.8904757
0.00053599203
0.0010895038
0.0012578957
0.00054599874
0.8941573
0.9864304
0.46497416
0.47583017
0.4381579
0.9937644
0.97117394
0.9907836
0.44583914
0.9434019
0.43816668
0.93351895
0.9689785
0.0017660921
0.0022101211
0.9118713
0.0012787319
0.99984586
0.00050211314
0.002442139
0.43967026
0.0002575203
0.00028792405
0.98962116
0.9992828
0.9928201
0.46657002
0.0010929487
0.0018672602
0.0006117334
0.95949996
0.4384246
0.48295492
0.0034867446
0.0011178646
0.99732614
0.49455038
0.77485186
0.43400273
0.002328798
0.00019914021
0.0014687084
0.97452307
0.99695945
0.002043499
0.9991697
0.9902028
0.43850762
0.9981554
0.9376519
0.4469291
0.7098389
0.0021163095
0.66196436
0.0015576496
0.9852717
0.8851412
0.0007353489
0.0016102708
0.99221957
0.9967816
0.0021610311
0.9200556
0.0020196817
0.997877
0.9989826
0.43009785
0.002031223
0.0010271472
0.44388157
0.0009499577
0.99854726
0.50280833
0.00077611284
0.99721825
0.96180034
0.00020198611
0.99913365
0.0016296013
0.0007328346
0.43766922
0.4493571
0.9822521
0.0003490414
2.064123e-05
0.0006686536
0.9963469
0.9933055
0.44182748
0.4908088
0.8405593
0.9972965
0.9802649
0.45317274
0.4386737
0.9991503
0.00035488856
3.8829923e-05
0.4872665
0.42869654
0.9981098
0.0022685016
0.0013736665
0.9158238
0.99091804
0.0007686137
0.4299618
0.0021223773
0.42967504
0.00047576314
0.71693057
0.00071020215
0.9964037
0.43969443
0.4472283
0.50420123
0.01007664
0.0024499984
0.0011974245
0.48592743
0.43152553
0.0024619529
0.9929518
0.9973053
0.81216913
0.4349716
0.0019210213
0.88038534
0.0039096004
0.9972542
0.4324401
0.026043754
0.4594229
0.0017289657
0.0021415122
0.000632314
0.44494095
0.00031034678
0.50634295
0.4264499
0.998809
0.44478163
0.93879485
0.43972138
0.00040577666
0.0028102254
0.0013426833
0.0008009967
0.99907374
0.0019002461
0.00021345727
0.43112785
0.98914623
0.9997086
0.43814805
0.0005988811
0.0006957226
0.00036789192
0.99831736
0.0019489449
0.9962424
0.41224837
0.43742573
0.99703896
0.0013152012
0.98630226
0.9981243
0.0007685203
0.9686575
0.8760454
0.0004548333
0.49227533
0.0008649905
0.99983907
0.9827381
0.9966241
0.90714085
0.9461015
0.0013287764
0.0012299236
0.0006134634
0.00064587174
0.0005391712
0.9999049
0.45981655
0.0021071767
0.3790018
0.00093088933
0.9975197
0.021368952
0.00048139293
0.008061874
0.27810618
0.4878307
0.0011628557
0.00029936366
0.0012733696
0.99968505
0.000359406
0.99975365
0.9995617
0.9817754
0.00016731817
0.9954129
0.0021779558
0.42936677
0.44752514
0.00074231013
0.49633527
0.00091177935
0.663306
0.00031372858
0.9892209
0.5976856
0.0014454894
0.0032069997
0.00044249572
0.941853
0.972013
0.9765805
0.45715034
0.00046223684
0.9048723
0.46516103
0.99928266
0.0011321855
0.9335325
0.7437268
0.43774706
0.00040720653
0.43894714
0.99993384
0.98779374
0.0310172
0.99967074
0.9975999
0.00057255424
0.0015944397
0.0014175131
0.9992101
0.090328865
0.87513596
0.9891935
0.00047823618
0.0020443578
0.0013792574
0.0014336508
0.51170635
0.9454043
0.9988201
0.90612596
0.4446113
0.7040827
0.00040833792
0.9809862
0.81464237
0.99863917
0.00018456603
0.001842362
0.43327233
0.0010106557
0.9822728
0.64203715
0.00051484565
0.9869877
0.00260062
0.0019033897
0.9951029
0.46251956
0.47729835
0.9971379
0.000388001
0.9057112
0.6420215
0.9981481
0.3749177
0.0007542098
0.993269
0.9905054
0.469798
0.0018825666
0.9473432
0.98738086
0.93072253
0.99522275
0.9911131
0.9886485
0.9890619
0.00042452064
0.0011991897
0.8874576
0.0014988919
0.0077905743
0.001599076
0.0017323393
0.0018613321
0.00075380306
0.97708726
0.57469463
0.43879762
0.5227345
0.9981711
0.002721428
0.0012310898
0.9941164
0.0008432616
0.9911874
0.9985362
0.5133898
0.4753307
0.984344
0.0007056261
0.00802716
0.99725795
0.43913445
0.00096884876
0.99907887
0.0012267138
0.475979
0.00033139615
0.0013183621
0.77641094
0.0017152203
0.0005189929
0.0006972625
0.0007019877
0.43503517
0.00036739543
0.0020515956
0.9885218
0.9811802
0.43271938
0.0015152588
0.95667005
0.00014590472
0.0024517542
0.9904179
0.52451956
0.0033768034
0.4800064
0.44365868
0.9908261
0.0014133959
0.9999995
0.39541602
0.0010350237
0.4423217
0.0061911736
0.4355589
0.000558686
0.0014563265
0.001518122
0.71980613
0.47184312
0.00071677624
0.99687433
0.0006484619
0.002227158
0.43939298
0.00085807854
0.9739456
0.5063474
0.53280056
0.0009422739
0.003793111
0.0026228703
0.9068065
0.00087054074
0.9872203
0.000286401
0.0054562744
0.5174198
0.0010574139
0.00097123743
0.9778426
0.99937075
0.46064758
0.9887199
0.00038695105
0.0010879143
0.9570358
0.8465077
0.82197934
0.0027232028
0.9958935
0.9946484
0.47152442
0.9948414
0.0038664092
0.9919859
0.98527575
0.98829496
0.00022237138
0.005616416
0.00035597864
0.46421733
0.0010532502
0.99097025
0.0017833725
0.9999516
0.4420309
0.8280704
0.99872583
0.0010925834
0.0024349808
0.0033697737
0.46835935
0.9389756
0.9901439
0.9988175
0.5595876
0.48959786
0.760639
0.0030555006
0.4152852
0.91172266
0.8616268
0.0009581093
0.9602703
0.81165636
0.9807513
0.98579353
0.0036399777
0.0005240234
0.94578063
0.9996842
0.00037743617
0.46672007
0.44187108
0.9997838
0.0034351249
0.0021695937
0.99819106
0.993807
0.3323473
0.9617603
0.9607627
0.0019150021
0.00087112404
0.004199521
0.99846834
0.99794763
0.38420665
0.9971156
0.50936365
0.9921496
0.9986197
0.9567866
0.00052982
0.0017273288
0.96974224
0.0023679312
0.0017381103
0.0010084165
0.5247782
0.0031970462
0.0014058629
0.0013821331
0.44691414
0.99451727
0.44154835
0.97199565
0.0007945979
0.51447046
0.0015928495
0.46549836
1.0880188e-07
0.00022739281
0.0015780389
0.0009495921
0.48963997
0.43855977
0.8851979
0.0008831779
0.98442274
0.44431347
0.0015713382
0.0041154916
0.3851195
0.49451166
0.44067776
0.42650962
0.00058260176
0.43468857
0.0015539209
0.50735
0.44612595
0.34847647
0.4303521
0.4393511
0.9999012
0.00053916016
0.9980798
0.9734201
0.92799574
0.85244703
0.00075921824
0.9994554
0.9978523
0.4502936
0.0002990222
0.9905133
0.33419946
0.99967337
0.43290478
0.0004935544
0.48318964
0.991625
0.44167593
0.9930774
0.00026801354
0.0013960386
0.00031938808
0.44904658
0.99653107
0.5030576
0.43432537
0.57353526
0.98328984
0.0010750813
0.998958
0.9958528
0.99193454
0.9937464
0.99274504
0.44330606
0.00083231495
0.99521166
0.4345034
0.98026454
0.43412438
0.96557397
0.5055569
0.92905843
0.99747306
0.029532045
0.5181941
0.99065804
0.0025399765
0.9945404
0.0013987267
0.0007617635
0.004952016
0.0011956983
0.4423746
0.00054818
0.49632832
0.49053004
0.99334633
0.00074087863
0.88926876
0.47047648
0.0006091127
0.0014655399
0.99868304
0.646674
0.3833627
0.7601551
0.9980496
0.99266946
0.00067595625
0.99442416
0.00017369742
0.99884486
0.00039665858
0.00016787557
0.4436429
0.96314645
0.0012370293
0.99990237
0.42963392
0.98385197
0.4432477
0.001064274
0.836935
0.99492174
0.00010294228
0.99142796
0.95815986
0.0016387547
0.70514536
0.0014000208
0.00033133832
0.44742513
0.46590146
0.46800393
0.40314415
0.4840965
0.5017081
0.7414141
0.43494293
0.5200232
0.0019399889
0.8527907
0.439412
0.44173372
0.0008191286
0.00057541876
0.9886777
0.44046554
0.488471
0.0008028747
0.98589605
0.4721498
0.0002993034
0.98612076
0.00050914194
0.4308199
0.95705616
0.0018909845
0.0012188695
0.9604731
0.9981382
0.4403097
0.4456839
0.51679504
0.0035198207
0.44103888
0.9969934
0.44846582
0.43499237
0.011252994
0.0031084572
0.43540248
0.44776756
0.44300485
0.9897479
0.97873473
0.95396745
0.0010414311
0.4396296
0.99625176
0.0013976889
0.0005283726
0.79545385
0.0003226247
0.98373
0.99844366
0.9973226
0.99762803
0.000876056
0.0006835271
0.9605544
0.9976648
0.988569
0.97285944
0.5142188
0.4418762
0.9999962
0.0010777104
0.992965
0.9970483
0.00032154904
0.0014049888
0.0008928324
0.0018754802
0.99613523
0.96784234
0.93026555
0.0017957867
0.9931859
0.0028620944
0.5106099
0.0005391851
0.9797023
0.97285706
0.9771343
0.990606
0.97662497
0.00045625653
0.4345952
0.00039600153
0.99618787
0.87388253
0.49092463
0.0009899659
0.99911386
0.9987845
0.52205175
0.0007694781
0.9978358
0.0005363901
0.9436138
0.85760295
0.9884382
0.00026712604
0.44022712
0.9834292
0.003394513
0.00048353948
0.0021504671
0.9968438
0.0013583525
0.3892878
0.96500486
0.6716395
0.0026430576
0.00024841973
0.74871105
0.98970395
0.0007948285
0.9958703
0.4965196
0.0006352627
0.0030313751
0.010052877
0.0001424544
0.99973947
0.43924367
0.0008450075
0.90516055
0.94743216
0.002314494
0.007891223
0.98117745
0.0056713466
0.9886153
0.0002137752
0.0002644531
0.0041261157
0.0008295741
0.9167037
0.00051852805
0.0016777863
0.98838705
0.000622636
0.00038416812
0.49910504
0.35943612
0.0004113851
5.6314828e-05
0.4419344
0.44094813
0.9702965
0.9743429
0.9986504
0.00076775684
0.69373447
0.0027312564
0.98019654
0.017898308
0.99961287
0.98814046
0.96767753
0.9267205
0.0003677718
0.0004856032
0.4448596
0.94297546
0.4428384
0.49758473
0.44256303
0.38709652
0.43946978
0.8681714
0.49202275
0.4440114
0.78644615
0.49818653
0.9972785
0.49916765
0.9528112
0.00011176738
0.0013990966
0.9345951
0.00042822622
0.00059359526
0.000544289
0.0012148995
0.735308
0.9300851
0.9997683
0.97835827
0.0007950728
0.9989354
0.0036703516
0.00081177347
0.018276796
0.7733136
0.00029624364
0.00053534535
0.44361398
0.96501875
0.002147028
0.44096348
0.00028829704
0.0020386833
0.0016313842
0.00049066066
0.0001505209
0.98438346
0.00069967017
0.9877073
0.0022588014
0.43671414
0.00018369242
0.9783811
0.38316995
0.0008898994
0.004247712
0.9982103
0.9764009
0.0017095201
0.0010274779
0.0026167675
0.43990177
0.88337576
0.99977094
0.00028633082
0.99854493
0.857003
0.99212486
0.0003877361
0.9929304
0.0015627191
0.00094374653
0.52067834
0.91630065
0.0004126189
0.43708044
0.94313216
0.00094882154
0.00020411535
0.0003040284
0.0011820818
0.99048716
0.9876666
0.00028177525
0.43606362
0.98502326
0.0001850388
0.73920494
0.9855295
0.0006768107
0.00047657083
0.994586
0.00045881298
0.00084072584
0.9905109
0.43590793
0.9973648
0.0007559612
0.0012945005
0.0020095292
0.0029762548
0.021582257
0.9873356
0.43163422
0.00041021573
0.43782574
0.99513054
0.8218287
0.89619285
0.5000092
0.0015489957
0.0005480604
0.9983418
0.0026491699
0.4396887
0.0035081445
0.43947014
0.97692
0.43627504
0.0076060137
0.99575114
0.43296534
0.0012746394
0.1898074
0.8960936
0.9967654
0.0005698653
0.9708143
0.0010494242
0.4368439
0.3220287
0.9911221
0.00090398884
0.51751757
0.9788061
0.001354446
0.00058648223
0.9934376
0.00047243544
0.9993554
0.000182032
0.80067
0.44266593
0.0007698555
0.98341066
0.00035000354
0.0007341078
0.47192365
0.99123234
0.00040553822
0.019491224
0.99772173
0.4983532
0.97971374
0.9966366
0.5096593
0.94852424
0.504247
0.0003535722
0.9963407
0.000667603
0.45150787
0.0025210872
0.0013100392
0.99993694
0.000785955
0.9434301
0.52846014
0.00079796236
0.00082539476
0.00071077974
0.00043329535
0.98707354
0.0026193098
0.9930027
0.000726609
0.43416873
0.49857926
0.9976515
0.988483
0.89063036
0.0015969345
0.89476556
0.00027325988
0.0009207127
0.00013770939
0.0005598518
0.0013143164
0.9855686
0.43886778
0.4358963
0.00070176495
0.10229972
0.9871143
0.9923537
0.969703
0.9876887
0.99772877
0.57850194
0.94555676
0.992845
0.0009276311
0.6919631
0.53037584
0.001257152
0.5210837
0.99295723
0.001969147
0.9842674
0.00039860222
0.50543004
0.9983917
0.9975762
0.49973282
0.5126689
0.99900985
0.00014274538
0.0009185471
0.002065879
0.0002710117
0.46576917
0.012962453
0.0016498137
0.99382436
0.9702316
0.76352173
0.42805442
0.44385174
0.0034029763
0.43591982
0.4415641
0.4788262
0.0012876458
0.92463666
0.0021346472
0.9728018
0.00036718784
0.38500583
0.997761
0.9792768
0.51224416
0.00082383695
0.99331385
0.0014540177
0.6221021
0.003144931
0.0015675297
0.0011660875
0.43814912
0.993334
0.0011786984
0.0011445502
0.5175211
0.9928295
0.51443243
0.0015820469
0.9216538
0.8194305
0.99999046
0.00188561
0.00036668652
0.9997706
0.00029534067
0.00039348085
0.44612277
0.46779022
0.48012337
0.43193495
0.0016647181
0.9977234
0.53875864
0.00040069874
0.52201474
0.43754837
0.0077597434
0.0022569762
0.9976125
0.9756452
0.0023549148
0.0005945723
0.0024839893
0.9658381
0.027607784
0.9443481
0.4643087
0.5126062
0.00029220575
0.00021870033
0.98773396
0.9983266
0.98830986
0.50375444
0.2665797
0.9974203
0.0003403461
4.437377e-05
0.005906184
0.6318979