0.99999964
1.0
5.4644557e-16
0.9999995
6.0142304e-15
9.360367e-15
7.320826e-14
1.0
2.9490933e-14
0.9976936
2.405337e-10
3.991097e-14
4.3966655e-15
2.9685134e-07
1.0
3.7743924e-15
6.5116407e-13
0.9997608
1.8069159e-07
0.9958566
0.998845
1.652545e-13
4.606787e-15
9.4965756e-14
1.2775505e-13
5.475965e-07
0.7619786
0.999355
3.909251e-08
1.0
9.261343e-15
9.0780313e-13
0.006791318
2.0813307e-07
1.9861165e-13
4.156049e-14
0.99993765
0.9999242
1.0
0.99999976
8.7801505e-10
0.27193633
5.5551955e-14
1.9712147e-15
2.7149036e-15
1.4443951e-12
0.99999833
0.9791277
7.782061e-14
0.9999995
0.9999989
4.7777044e-13
0.9999956
1.0
0.8736498
2.9844395e-12
1.0
8.009198e-07
5.766736e-14
1.0174708e-09
1.0
1.0
1.0
5.3670857e-14
0.66680205
0.93515575
1.0
3.841026e-11
0.044974234
1.0
1.0
5.567249e-09
0.15918529
0.28637642
6.583599e-13
1.2045118e-13
9.287985e-15
1.0
3.42525e-15
5.3888832e-14
1.1555987e-12
3.886586e-14
2.5954074e-14
1.0
1.0
3.8962515e-13
1.0
0.9999999
0.9999988
0.99532735
5.7245116e-14
2.4987655e-14
1.0
1.0
8.7276096e-13
5.937328e-07
0.99999976
0.999148
1.0
1.0
2.0500645e-14
5.2774303e-14
8.682589e-15
2.961402e-15
4.0535977e-15
1.3822248e-11
8.1985606e-14
0.99998546
0.99999905
1.0
2.9762415e-09
6.0475196e-15
0.99979717
3.982506e-13
3.7514796e-13
2.8343105e-13
3.5059778e-14
7.372093e-05
0.9999999
0.9834531
1.0
0.9999994
2.1967778e-06
1.0
1.14848714e-10
0.9999931
1.7137026e-11
6.3826743e-13
1.6847447e-15
0.9999747
0.99999964
0.99992883
2.397915e-11
0.9999982
1.8732504e-13
3.6196506e-14
0.5686185
1.0
1.9308816e-14
9.679637e-13
0.9999999
4.041138e-15
0.99930024
1.3205213e-15
0.99281466
2.6378698e-13
2.9447876e-14
4.957418e-12
7.006782e-11
5.9172914e-13
1.0
0.9902716
2.9276616e-14
3.5703518e-13
7.751065e-08
4.3709228e-14
1.0
1.6024769e-14
4.834801e-15
0.99998724
1.0
1.0
0.6584302
0.9999999
0.99999845
9.680592e-14
1.0
0.999985
5.0363094e-13
2.3355393e-13
1.1931931e-13
7.500795e-11
1.6725169e-08
0.25578186
1.2895449e-08
1.3629838e-13
4.6230966e-08
1.0
2.7034928e-12
3.288897e-14
0.737765
9.5975965e-15
6.440773e-14
1.0
0.99954885
1.0
3.988896e-15
2.064536e-14
1.5045102e-13
0.9999999
4.0162284e-14
0.9999999
1.0
1.0
2.26988e-07
3.6112892e-12
7.480681e-14
0.99999106
1.567874e-11
3.988913e-14
1.0210747e-06
0.9999999
1.0
0.99996924
0.9999999
1.0
6.939441e-08
1.0
1.4232141e-07
5.1707633e-07
4.6066575e-14
1.4759724e-14
1.0
2.7025702e-12
2.3347008e-14
3.9907108e-13
1.9065961e-14
0.17949793
2.9244134e-14
1.5656222e-13
3.5051556e-10
1.0
7.6182936e-14
7.4858055e-14
9.061381e-15
1.0
0.9999988
1.3480932e-06
1.4353063e-14
2.6309694e-14
1.0
1.6340299e-14
0.37058586
7.563266e-13
0.9980482
2.718608e-08
1.0
1.0
5.47385e-14
4.5810286e-14
3.772011e-11
3.3349297e-13
1.0
0.99949014
0.99991477
1.9079785e-14
2.0287327e-14
0.034170426
9.333683e-14
0.0071067573
1.0
2.564578e-14
0.99949145
6.4202293e-10
3.8823183e-14
2.74364e-14
1.0
0.9994742
0.9999994
1.0
1.0
9.953029e-14
1.0
0.9999993
0.92205566
1.0815323e-07
4.724211e-14
1.4542202e-15
0.8130792
0.9999999
2.3403307e-07
0.8468755
1.6434137e-13
9.842248e-11
0.9999981
0.000263075
0.04908947
2.5938929e-14
0.99994516
0.99998724
1.0
1.0
2.3030897e-11
5.6591648e-15
1.0
0.9999993
4.4988546e-14
1.0
8.632954e-14
4.0777122e-16
0.8748349
1.0
0.99662423
2.4397878e-14
0.99993
3.0927208e-07
0.35568547
0.9999205
4.393344e-12
1.0
3.029754e-13
6.857053e-15
0.17460623
0.9999989
1.0
1.1911955e-07
1.0
1.0995058e-05
1.0
7.087621e-14
2.3594342e-14
0.13589865
1.0
0.99999833
1.0
5.3215895e-15
2.32761e-13
6.568623e-13
0.99999416
1.1715253e-14
3.6129482e-13
2.33345e-10
1.2690909e-14
8.82353e-14
1.0
1.0
5.8611988e-08
1.25352775e-11
1.5032795e-13
0.9999726
0.8247773
4.657216e-15
1.0
0.9999994
0.77467775
1.15436615e-14
1.0
1.0
1.2365478e-09
2.0810896e-14
3.3399824e-14
3.4710123e-14
0.99999976
7.0265685e-13
1.0
0.57361174
0.97971076
1.0
1.0
1.0
0.999992
4.5899845e-14
1.0
1.9597087e-12
0.99999905
8.4824525e-13
1.4220113e-14
0.9999999
1.0
1.0
1.5317427e-06
0.9994235
3.586853e-11
6.5453137e-16
1.7551595e-10
1.3673835e-14
0.98930675
4.957896e-10
1.1659168e-14
2.489655e-14
8.7753196e-16
1.0918275e-14
1.0
1.1733127e-13
4.3215723e-15
1.3709028e-08
1.0
0.98879224
5.340237e-15
3.3662927e-11
1.0
0.9998983
0.9992311
1.0884355e-08
3.95059e-08
0.9998957
1.0
1.7108917e-10
2.1202797e-09
0.9999988
1.0
5.3283034e-11
2.0943646e-15
7.2554545e-09
4.380226e-15
0.9999994
0.99979526
1.4435709e-13
2.3260213e-13
2.0722974e-09
9.050188e-15
0.99705434
1.0
3.0705813e-10
0.9995509
3.2050943e-07
1.0
1.0
1.0
2.4856675e-12
0.99950945
1.4952169e-15
0.99999726
1.0
1.3574519e-14
1.0801494e-14
0.99998915
1.34512694e-14
1.0
1.9854903e-14
1.1123218e-14
3.1493432e-15
1.0500645e-14
4.9347526e-14
1.0
1.0
1.0
7.562228e-13
3.7788483e-09
4.8643716e-07
4.257775e-13
1.0
3.412456e-15
0.0014434644
2.5391047e-09
4.2023934e-14
1.0
0.993252
0.9843047
1.5086932e-14
1.8714888e-14
1.9247585e-07
1.6346814e-14
0.9999993
1.0
8.3994264e-13
0.9999995
0.9999994
2.1336853e-15
1.0
0.99998605
2.2991957e-08
0.9650846
1.6566311e-14
0.012419749
2.3270008e-14
1.0
0.15348479
1.9967936e-13
1.802448e-15
1.0
1.0
1.4004063e-13
0.8684726
2.0610157e-13
1.0
0.9999877
0.042632777
1.1680669e-14
2.2056796e-13
1.6989407e-14
5.24849e-14
1.0
1.0
3.9619475e-15
0.9999963
0.9991617
1.2082113e-10
1.0
1.3671041e-07
2.5711154e-11
1.0724756e-14
3.2773827e-13
1.0
3.9842363e-14
5.896477e-11
4.8519615e-09
1.0
1.0
4.762208e-14
0.9652024
0.9945537
1.0
0.99870014
0.001758047
4.93012e-07
1.0
7.299685e-11
7.049276e-11
0.9999908
9.53289e-14
1.0
1.2592538e-13
1.10589934e-14
0.99944717
1.0
1.8380157e-11
1.5724791e-12
5.9490398e-15
0.51428634
1.7482025e-11
0.98633504
4.0930048e-14
1.0
2.9063841e-15
1.6254545e-13
1.0
2.821031e-10
2.309579e-14
4.295786e-14
1.0
0.085690826
4.035737e-12
0.99991465
1.0
0.9983369
3.1953074e-09
2.484475e-14
0.9998418
7.64214e-12
0.9998267
1.4657594e-12
1.1823668e-12
9.422374e-09
9.456661e-15
9.968203e-15
1.1777662e-12
1.2902731e-08
7.0721013e-15
1.0
7.666644e-14
0.9999987
1.1464762e-13
0.9999999
5.6855422e-15
2.1020108e-09
6.454534e-14
2.2828719e-14
2.4089625e-15
0.999962
7.645587e-14
2.7977429e-14
1.6890386e-13
0.99999976
1.0
3.563431e-14
8.226408e-15
5.5679736e-12
4.9503638e-14
0.9999999
1.9999344e-13
1.0
0.00017560287
7.580083e-15
1.0
2.392839e-11
0.9999796
1.0
2.1608962e-15
0.99848145
0.99983776
9.268377e-15
0.9999964
6.570358e-15
1.0
0.99999785
1.0
0.99999964
0.9997284
8.4132196e-08
1.1308129e-14
6.6256365e-13
6.418e-14
1.772707e-06
0.9998976
0.99787474
1.7445258e-14
0.7420418
4.1155464e-12
1.0
1.5415126e-11
1.9227523e-14
5.8384506e-11
0.03407573
0.9999981
8.461538e-14
4.220888e-09
4.9830604e-16
0.99999845
4.8625637e-15
1.0
1.0
0.99930775
4.5032994e-15
0.93402016
3.9755447e-14
3.2754016e-13
1.0297215e-13
5.9168484e-14
1.0
3.1823355e-12
0.9995778
2.6130406e-14
0.9996271
0.27371588
1.271238e-13
5.405576e-08
1.8923217e-14
0.9999865
1.0
0.99999857
9.151134e-13
8.830514e-11
0.9753161
0.8711317
1.0
1.2996252e-14
0.9708193
0.989874
9.416134e-14
6.4673005e-14
2.6819435e-15
0.9999999
1.0
1.09848276e-10
1.0
0.999969
7.551571e-07
2.0715387e-09
4.432859e-14
0.9999887
1.0704658e-12
0.9993767
0.9999999
5.4996782e-14
7.5237625e-15
7.031745e-09
1.6104828e-11
1.0
0.9999714
0.9999999
0.99991107
5.776052e-13
1.0
5.2011793e-12
1.0
0.9998267
1.0
1.3443594e-11
3.3115582e-10
4.6940946e-14
1.20195e-14
1.0
0.9944882
4.544291e-12
0.9999107
2.007243e-15
6.7581904e-15
0.9999969
1.5587897e-13
0.9999815
1.0
1.4338787e-13
0.9999795
0.99999034
1.0
0.13624161
3.6487063e-11
1.0
0.99971074
0.119436495
6.5116376e-14
0.78307515
1.0
0.99982566
0.9999925
0.99911386
1.0
0.9999994
2.0428212e-09
2.2364704e-08
0.9972525
3.3354034e-15
3.5759097e-11
5.1580946e-06
6.5021404e-15
7.7899763e-14
2.2818446e-14
0.99999917
0.8160705
1.7301534e-15
0.99999917
1.0
7.08025e-07
1.2986904e-15
1.0
2.9884125e-14
1.0
1.0
0.9999993
0.14205305
0.99998736
1.7802462e-15
8.7537345e-13
1.0
3.6979473e-14
4.526244e-13
0.99999857
1.0622396e-14
0.36707577
4.3193656e-14
1.9302565e-13
0.9197673
4.277047e-14
1.76257e-14
9.7094345e-15
6.580282e-14
8.35264e-15
5.067633e-14
1.4102256e-08
0.9999044
1.0
1.4720484e-13
7.490544e-15
0.9999951
9.7295713e-14
1.4959737e-14
0.9999988
1.0
1.306971e-10
0.9999864
1.537324e-13
1.0
4.3906925e-14
1.0
0.0006706413
5.2203853e-14
3.76539e-15
6.41737e-12
3.3971767e-14
5.217108e-15
6.1509614e-15
4.4722446e-15
0.99954873
0.63762707
1.9147886e-14
0.99995434
6.678803e-08
9.956992e-15
2.338847e-13
2.93983e-08
0.9999974
1.0
0.99975115
3.5034958e-15
6.274553e-11
2.3309368e-10
0.9982469
6.6479786e-13
0.9999999
2.44802e-14
9.816783e-12
1.0
4.053213e-14
6.423818e-14
0.9998845
1.0
4.5606107e-14
1.0
3.3813325e-14
1.4793582e-13
0.9999969
0.077614516
1.0
8.346079e-15
1.0
0.9999975
0.99891627
1.0
2.5027083e-08
1.0
0.99999964
1.0
3.984712e-12
1.02100586e-07
1.1678966e-12
5.5332298e-11
4.3152957e-15
1.0
2.4236657e-14
1.0
5.362133e-14
0.9954601
1.0
5.0861546e-15
2.956501e-13
8.905074e-14
0.57257104
1.0
0.9998851
1.0
1.0
0.99873084
0.99726737
1.200459e-13
7.072675e-13
0.9977416
0.62595385
1.9565592e-13
0.9999995
0.99999976
1.0
1.0
3.8470173e-14
9.721745e-10
0.9999378
1.0
1.37227986e-14
0.08332696
3.344475e-15
1.0
2.3094689e-14
4.3116619e-10
1.0
0.9999919
0.9540636
0.99956566
0.99995947
5.601588e-13
4.545134e-15
8.3096916e-07
1.0
1.0
9.839516e-13
1.0
0.9999925
1.0
1.0
0.99998844
9.38549e-14
1.4147483e-09
1.0
8.509989e-12
9.216089e-08
4.7210042e-14
0.9998872
1.0097221e-13
4.1870617e-15
1.9771385e-14
3.1059302e-13
1.0
2.6410675e-16
0.99961394
1.9415165e-07
1.0
2.6308673e-08
7.072567e-13
7.066738e-14
4.179289e-12
5.829259e-15
2.110187e-15
0.097797796
1.090375e-14
0.99970067
3.2377699e-15
1.0
2.7956822e-15
5.4226354e-07
1.6880991e-05
0.60078955
1.0
2.3739322e-15
0.98432726
6.5466877e-12
2.0936056e-15
7.809819e-15
1.0
5.210723e-15
0.01667887
1.1640753e-13
4.323242e-09
1.0
5.449302e-16
1.0
1.0
0.9995877
0.928639
3.9456362e-11
1.0
1.0
0.82600063
1.5997437e-14
0.99999976
0.028465841
1.0
0.00037298063
7.20763e-14
0.9999999
0.9999969
9.8552134e-14
0.9999999
3.6802297e-14
2.0244596e-12
1.0102181e-11
0.005451146
1.0
0.99999905
3.9214942e-14
1.0
1.0
5.651979e-12
1.0
1.0
0.9980044
0.99986875
0.99814475
1.5371385e-14
4.816453e-13
1.0
6.0842194e-15
0.99999917
5.1239004e-13
1.0
0.9999907
0.9998055
1.0
5.192199e-12
1.0
1.0
1.28794816e-14
1.0
2.4757614e-14
1.1786162e-15
6.274929e-13
1.2810123e-14
1.0949976e-14
9.095589e-13
1.0
0.9919626
1.0
5.8541117e-13
0.999997
0.77952796
2.5448838e-13
4.619898e-15
0.99992895
0.99839824
1.6836826e-10
0.9999974
0.99997354
0.9999999
6.8665543e-15
1.0
8.165305e-14
0.99999917
4.8214117e-11
1.6418778e-14
7.5835825e-15
0.9999845
4.7229833e-15
1.0
6.511771e-15
0.99603736
8.1863884e-14
1.3254508e-13
0.99994266
1.0
4.8935616e-09
0.9999999
1.0
4.350883e-15
0.9888285
3.1109991e-13
9.799936e-14
1.233363e-07
9.877085e-13
0.9997253
0.013210509
0.9999988
0.99999976
0.98607165
6.748375e-15
1.0
2.597636e-14
0.88381666
7.433045e-15
5.6513798e-14
3.6230764e-14
4.1593773e-15
1.0
5.6590925e-14
0.99263847
3.926374e-14
1.0
0.7019213
1.7225286e-14
1.0
5.4297814e-14
2.6362086e-14
0.99996316
1.1913647e-13
7.8387004e-14
1.0
1.0
4.4785275e-15
0.009398373
1.0
2.4543549e-14
6.7774503e-15
1.0
0.25941867
2.6421436e-14
1.9903663e-14
6.261993e-13
1.2998061e-14
2.0951567e-14
3.6953264e-13
0.99998796
0.9999809
0.98936975
1.6961248e-13
5.2939517e-15
0.999944
2.3504948e-11
7.32684e-12
0.52062607
1.8549505e-13
1.0
1.0
1.0
1.0
6.959927e-14
5.0882286e-16
0.972936
1.0
1.0
0.99917644
0.99999905
3.6210574e-15
1.0
1.1861034e-11
1.0
0.9999974
1.3579075e-14
3.7487786e-07
1.1278614e-11
9.668813e-15
0.9999918
0.9997086
0.9998566
1.4028426e-12
1.0
6.709119e-14
1.0
6.016663e-15
0.9999993
0.99999607
0.9999999
1.0
0.9999999
2.7965076e-12
3.3769092e-15
1.6232053e-13
0.9998987
0.99999785
0.9543228
1.1995447e-15
1.0
1.0
1.0
2.0328532e-11
0.9999999
1.8399002e-10
1.0
0.99975294
1.0
5.7572294e-14
6.8984774e-12
1.0
1.8835122e-12
1.7366528e-12
4.1483354e-14
1.0
2.2843205e-08
0.958905
0.9998987
0.9999573
6.92697e-06
1.3891155e-14
0.9996568
1.0
3.7536533e-14
1.0
0.9925607
5.1140533e-15
1.04804e-13
6.518274e-10
4.2562728e-13
0.9999999
4.2356903e-15
2.0683346e-07
0.99974686
0.9999771
6.24535e-14
2.7627967e-14
1.0
2.281158e-13
0.999984
3.6275087e-14
9.2899565e-14
2.5174573e-13
6.4027956e-16
0.99451536
3.29544e-14
7.2004534e-15
0.999982
5.88896e-14
1.1999847e-10
0.99719006
0.0004988529
1.5257534e-09
2.2364563e-13
1.0812569e-13
3.518901e-14
0.99999905
0.99998903
1.0
1.4759386e-14
0.9994825
2.419489e-15
0.99999905
5.901149e-07
1.0
0.9999982
1.0
0.99999356
7.431135e-14
6.3623187e-12
2.6030222e-14
0.995619
3.2195482e-11
0.92261463
0.0018991703
0.7478824
4.5782422e-14
0.7690032
0.8697218
1.08488854e-13
0.9999999
0.95687526
1.0
1.0
0.9999169
2.6219826e-10
3.462958e-14
0.9999342
2.8619247e-06
1.7010614e-14
2.2075423e-11
9.042998e-10
0.9987025
0.99994445
1.0
0.9999999
1.4822969e-15
1.0
4.928023e-08
2.7494091e-09
8.6622685e-13
0.99948573
4.3050873e-14
3.17786e-15
3.66354e-14
1.0
9.8419e-13
2.6493736e-15
3.1448666e-14
4.423663e-13
1.2815396e-15
9.111472e-14
4.50076e-14
0.999861
1.3813416e-15
1.0
1.1216807e-11
2.8223436e-14
3.2796732e-12
1.0
0.88219863
4.6130825e-15
4.2909631e-10
1.0
0.99999905
6.365538e-15
7.362243e-15
2.9855084e-13
1.687514e-11
0.980754
1.0
2.3607297e-11
0.9999974
0.99736184
1.0
1.9113949e-14
1.0
1.3278236e-14
1.1029408e-12
0.2189011
0.9999999
9.786669e-15
5.2810827e-15
0.99985313
4.55435e-15
3.4482928e-14
6.422075e-15
9.3511267e-07
1.0
1.0
4.6895664e-14
1.5490522e-06
1.0
1.9361119e-13
0.14004752
0.99979776
8.755361e-15
1.4150998e-12
1.0
4.5965005e-15
7.4004575e-10
0.99999976
3.9410385e-12
1.0
3.1181072e-15
1.964084e-15
9.629329e-13
8.966499e-14
1.6677417e-12
0.9999999
2.4766886e-13
1.605331e-14
4.2560806e-08
1.0
1.0
0.9987815
0.99987864
1.6814118e-12
1.7569613e-14
0.9999964
1.1108574e-13
4.708125e-15
5.912026e-07
7.9455116e-11
0.99999356
2.533187e-14
2.4159095e-16
1.0
4.7849884e-14
3.55232e-07
0.001831158
0.99708885
0.99981683
4.9101e-13
0.99999774
2.1258503e-14
3.5017454e-15
0.024576329
1.0
2.6940908e-14
1.0
1.0
2.568024e-14
3.6789595e-14
1.0
1.5004908e-15
0.99999976
4.6657804e-14
0.35519302
2.896824e-13
7.838222e-14
0.9999982
1.5654796e-12
1.2892342e-13
0.5736152
1.0
2.0488214e-14
1.1544003e-12
1.0
0.9997118
0.9999987
0.9999931
1.0
0.999813
1.0
9.6524385e-14
1.0
2.2247752e-15
1.009227e-05
1.1631776e-11
2.6022903e-12
1.0
1.22050544e-14
0.9999987
0.99999535
8.4740835e-15
2.0327717e-15
5.6550438e-11
5.8225913e-15
0.9999999
1.09945056e-07
0.9999733
3.0426245e-15
1.3573301e-14
1.0
0.9997224
0.9999999
0.9988049
2.5751806e-10
0.99986875
2.711227e-13
5.485528e-09
6.0086445e-12
2.78727e-07
1.1074937e-13
0.9999982
2.774741e-15
2.3560794e-14
1.3753149e-13
0.011169137
1.0
1.0
0.99999976
1.0
0.9999689
0.9418747
0.99934536
1.0
2.645423e-09
0.9597945
1.0
3.3900827e-14
0.6173397
1.0
3.167899e-15
0.9999999
1.2616285e-14
1.0
1.0
1.0
1.0
1.0
1.0
1.365302e-13
5.441556e-15
1.0733547e-12
1.3485197e-15
8.8969554e-11
6.303178e-13
2.5404886e-14
1.0
0.99999964
0.99988866
9.1394076e-14
7.0423806e-15
6.831763e-12
3.775993e-14
3.5472406e-16
0.0001601141
3.010306e-14
0.9991009
1.3247786e-09
0.99999344
1.4308488e-13
0.20910387
1.0
1.0
1.0
6.439151e-14
0.9996044
1.251237e-07
0.9999871
2.8545996e-14
4.42552e-13
4.7918725e-15
3.5023684e-14
1.0
2.3652285e-14
7.1487684e-11
0.99999964
1.0
1.0
4.441773e-13
0.9999473
0.9928883
1.0
2.4178653e-15
2.055056e-14
0.9999999
1.0678311e-06
9.92192e-15
2.050274e-08
0.36415577
0.999995
2.8223006e-14
2.3817175e-09
0.9999975
0.9996069
1.4337301e-14
0.9999999
2.331498e-13
5.2678218e-12
2.469555e-14
1.0
1.0
8.530896e-14
3.6529397e-15
3.5631808e-07
0.9878148
2.7959834e-07
0.994118
8.099592e-12
0.9999995
8.4221936e-16
4.894336e-13
0.9999994
1.0
1.0
1.0
0.005857894
1.0
3.5674753e-15
1.4408985e-11
5.8219423e-13
1.0