0.5165493
0.9999974
0.43395692
0.48071766
0.41994196
2.4880048e-05
6.0162623e-05
0.9999976
0.43002912
0.98131084
8.246955e-05
1.8605628e-05
3.1766085e-05
0.42314228
0.9999919
2.9472149e-05
7.1191334e-06
0.87192446
0.0001582072
0.48801562
0.9869933
8.160706e-05
0.4280895
9.997004e-06
8.916443e-07
0.00021310913
0.46224087
0.9992482
0.42872736
0.99999213
7.072961e-06
0.43610787
0.08969657
0.4450128
0.42151806
0.4511511
0.50136733
0.9937308
0.99998224
0.999923
4.182753e-05
0.41496456
8.3065446e-05
0.44198525
1.4180338e-05
1.6644851e-06
0.51731
0.97673815
1.125396e-05
0.999962
0.9914385
9.169891e-06
0.99983966
0.99944466
0.4731514
7.5817275e-07
0.52751875
6.8145084e-05
1.2780573e-05
0.00029199742
0.5425797
0.99999166
0.52616495
0.43184838
0.9732948
0.97751254
0.5333381
1.8782799e-05
0.24284847
0.52058136
0.99997556
6.226317e-05
0.5214514
0.1397005
4.8690217e-06
4.389494e-06
8.983059e-06
0.5306292
0.43059525
0.44475907
3.964891e-05
8.033309e-06
0.4304212
0.9999627
0.9999373
9.595847e-06
0.52920717
0.9992004
0.9985043
0.9982572
9.677907e-06
3.3596694e-05
0.9999757
0.99993634
1.6648197e-05
0.0005927811
0.99975854
0.99632734
0.99999774
0.99999535
0.43951648
0.431631
7.166572e-06
3.7820955e-06
0.4429533
7.219594e-05
1.2727974e-06
0.98826003
0.99943155
0.9999987
0.00020781036
0.44146055
0.9997495
3.375483e-05
0.4156488
5.0646697e-05
3.2073593e-05
3.669458e-06
0.9980337
0.827384
0.99875987
0.99995995
0.0022161282
0.9999988
9.975367e-06
0.9991221
8.796875e-05
0.0003054421
1.9916251e-05
0.99750996
0.99959725
0.9975682
2.2035965e-05
0.9819532
2.0158568e-05
2.3709692e-05
0.014938369
0.9999995
0.4299211
3.3108372e-06
0.9997383
3.2795117e-05
0.9668688
9.772907e-06
0.9542215
3.4034943e-05
4.9368714e-06
0.4780994
0.0005307933
8.900964e-06
0.9999571
0.99856025
0.45128992
0.0001286223
0.0004221417
0.4500954
0.99999905
3.0713102e-06
4.613096e-06
0.9998398
0.9999962
0.99997616
0.45775762
0.9998578
0.99984396
9.888247e-06
0.53995603
0.5094399
9.568181e-07
1.1315486e-05
2.2922697e-05
0.44555593
0.0004785399
0.5471169
0.0006039186
9.062973e-05
5.479299e-05
0.9999893
1.0442672e-05
8.031793e-06
0.4866116
5.250822e-06
1.2944155e-05
0.99999976
0.99628216
0.9998565
0.44225258
0.43256837
7.105876e-05
0.9999796
9.046247e-06
0.99995685
0.99999535
0.9995914
0.00027131548
1.3887621e-05
0.42984083
0.9978848
0.00021300593
3.6324398e-06
0.0024300572
0.9979367
0.9999502
0.99975234
0.9998692
0.9999993
9.562624e-05
0.99999595
8.5977605e-05
2.7481257e-05
0.43287975
0.44517627
0.99995494
3.8033948e-05
0.4201523
0.43676117
1.0940783e-05
0.017044943
1.1690205e-05
7.204539e-05
0.00014397691
0.9999962
2.275399e-05
9.4112685e-05
1.5940146e-05
0.9999831
0.9986877
0.0006442634
0.44489956
2.8771292e-06
0.99997413
0.42900476
0.33935043
0.43033212
0.4776603
0.4357772
0.9999496
0.9999999
2.2167571e-05
5.515385e-06
8.390357e-05
3.3171178e-05
0.9999852
0.99854565
0.9941871
1.8909399e-05
0.419129
0.00030741582
0.43751043
0.08411756
1.0
9.854292e-06
0.9690378
0.00018759732
2.2122006e-06
0.00017014328
0.9998789
0.98970604
0.9997998
0.99998903
0.99998796
6.3156645e-06
0.99998593
0.9995191
0.90431076
0.0004976013
1.4907273e-05
2.13207e-05
0.50945216
0.99984443
0.43155557
0.01404685
9.907845e-05
6.319676e-05
0.95524126
0.39176512
0.016167467
6.0419396e-05
0.99790144
0.9991658
0.9999989
0.9999994
4.941195e-05
3.1294858e-05
0.99999595
0.9999838
0.44719428
0.9999924
3.427587e-06
0.41356325
0.36925638
0.99999416
0.51195616
1.1274424e-05
0.9984578
0.000106353786
0.77999604
0.9992311
0.00059678085
0.99997854
0.41816399
3.7092177e-05
0.54045784
0.99972457
0.99997616
0.00020853405
0.52254415
5.8273203e-05
0.99999475
3.8459143e-06
1.6442305e-05
0.22499031
0.9999932
0.9999286
0.9999614
3.2788234e-05
8.6944885e-05
5.662663e-05
0.9822406
3.1542884e-05
7.1582537e-07
2.5337795e-05
8.4146595e-06
6.600911e-07
0.9998646
0.5239375
0.0007446127
2.9894458e-05
0.42704704
0.99918836
0.64996165
5.5491087e-06
0.99991095
0.99995816
0.2025614
0.44167185
0.9999989
0.999995
0.00018952395
1.0069667e-05
8.462381e-06
1.7313456e-05
0.9999038
0.48553637
0.99997604
0.89417255
0.7383189
0.9999559
0.9999951
0.99984765
0.9970489
2.71223e-06
0.9999902
0.48006502
0.9981976
4.771986e-05
7.727108e-06
0.52303725
0.9999987
0.5305468
4.0555457e-05
0.99964213
0.0003887843
2.1730655e-05
0.00015399334
0.4348149
0.9966383
5.8469845e-06
7.749032e-06
0.42229483
0.41445646
1.328534e-05
0.9999678
3.228438e-05
6.3645007e-06
6.290913e-07
0.9999685
0.99338734
7.7461145e-06
0.00051711744
0.9999813
0.9955532
0.9962298
2.0287956e-05
0.0020835716
0.99266547
0.99533963
0.48409712
0.00040834703
0.9995167
0.54347897
4.423215e-07
1.0729551e-05
0.000405679
0.43358845
0.9998754
0.9840492
1.43537845e-05
3.8335043e-06
0.00012167363
1.4791265e-05
0.99110174
0.99996483
0.48655143
0.50838214
0.42403767
0.9999522
0.999895
0.9999678
0.43038538
0.9982895
0.43540213
0.9995389
0.9999361
5.67454e-06
8.4022295e-06
0.99879587
5.4784014e-06
0.99988234
1.5520745e-05
1.1030557e-05
0.4424618
4.8736165e-06
0.00017488017
0.9971752
0.9999994
0.99992836
0.479281
9.95178e-05
0.00048747618
1.2517575e-05
0.9995264
0.43052688
0.000109894274
0.0008844441
2.516435e-06
0.9999467
0.49885523
0.9696778
0.4466142
4.320914e-06
6.8591826e-06
7.859817e-06
0.99936634
0.9999893
0.00018703188
0.99660933
0.99992836
0.4231627
0.9999975
0.9974721
0.42470172
0.98468775
9.4457e-06
0.324634
7.98893e-05
0.99999225
0.90218705
6.852036e-06
4.498441e-06
0.9990489
0.9999956
3.3416673e-06
0.8594825
0.00031713457
0.99999857
0.9921834
0.055345256
1.8037055e-05
3.4388272e-06
0.43775943
1.4995676e-05
0.9999137
0.5433439
1.339821e-05
0.99496126
0.99660504
2.1694211e-06
0.9998215
0.00038875316
7.696417e-05
0.44340968
0.43078455
0.99998415
7.1747504e-06
3.0983148e-07
1.6779826e-05
0.9999969
0.99995685
0.41434172
0.4935277
0.9624632
0.99999535
0.9993278
0.43652743
0.42637715
0.9999739
0.00010656027
1.2514148e-07
0.5189788
0.44570518
0.999967
0.000120161
1.8968947e-05
0.9992449
0.9999255
1.8417792e-05
0.42498264
6.939864e-06
0.6250473
0.00010916921
0.98828983
1.0833725e-06
0.99999774
0.4355369
0.44155133
0.53224826
0.0006890817
7.1213613e-06
4.207196e-05
0.5184249
0.04296808
4.2431993e-06
0.9938334
0.99999905
0.98681635
0.44493285
9.536393e-06
0.99943036
0.00013000665
0.99819475
0.42057672
3.410176e-06
0.49015325
3.083356e-05
5.4599222e-06
1.836307e-06
0.42519245
3.18874e-05
0.5241051
0.4245554
0.99899286
0.4350816
0.9995389
0.43063208
9.697252e-05
9.05032e-06
2.9255378e-05
0.00015101601
0.9986634
1.604015e-05
1.5527364e-06
0.4068073
0.9997645
0.9999964
0.43230414
1.9841824e-05
1.2587233e-07
2.2178821e-05
0.9999722
6.566073e-06
0.99998236
0.34168515
0.44235426
0.9999875
6.114129e-05
0.998047
0.99983275
3.019853e-05
0.869566
0.99898094
1.0018344e-05
0.5135125
1.2559534e-05
0.9999862
0.9998173
0.99999905
0.9996338
0.99873275
0.00012547479
1.1954924e-05
0.00014240021
1.9534489e-06
0.00013691919
0.9842504
0.58866054
6.834103e-05
0.03215206
0.0003403792
0.99995005
0.00014289425
2.1477757e-05
0.0002164099
0.26268697
0.5119445
1.2766516e-05
6.3450952e-06
2.160364e-05
0.9953112
5.3089334e-06
0.99999905
0.999699
0.9542894
8.506243e-06
0.8757429
1.7732511e-05
0.40650523
0.4316154
2.091256e-05
0.541098
6.135588e-05
0.69015
1.36157405e-05
0.9994178
0.0022876097
7.907928e-05
0.0006112345
6.2678673e-06
0.99967575
0.99996006
0.9995511
0.47164986
4.9407376e-05
0.990464
0.49250564
0.99988794
1.803549e-05
0.99481755
0.9289683
0.42802125
3.6961471e-06
0.44067425
0.983287
0.9999485
0.00089043623
0.99998116
0.99629825
0.000104667466
0.00030912424
3.9423285e-06
0.99720687
8.537337e-06
0.91238725
0.99994254
1.116799e-05
6.9761336e-06
0.00038880337
0.00055539736
0.53279376
0.9989367
0.9997476
0.9975413
0.4217036
0.5276157
5.5264387e-05
0.9999684
0.9619149
0.9999974
1.6102678e-06
6.9972855e-05
0.43220875
4.9028927e-06
0.99999774
0.9662796
2.578096e-06
0.98868525
4.8110664e-06
3.4594086e-06
0.9999379
0.47864282
0.5180869
0.9997842
1.2980747e-05
0.9979603
0.9998435
0.99991477
0.25730315
7.867084e-06
0.99994314
0.97869974
0.45620728
2.4560852e-05
0.40690118
0.99999666
0.99767596
0.99965334
0.9971933
0.99999833
0.9999268
9.687935e-06
0.00014058451
0.98762494
7.231381e-06
4.1584404e-05
4.2053947e-05
6.079564e-06
6.214305e-05
1.2134768e-05
0.9998549
0.115579315
0.41740838
0.5017086
0.9999658
0.00035482988
1.128572e-05
0.9999398
4.0607934e-05
0.9999864
0.9999956
0.5081498
0.48241314
0.99977535
2.3333816e-05
0.00047338684
0.9999943
0.4301582
2.4038868e-06
0.9995272
3.5244107e-06
0.20696503
9.5217496e-05
6.9066073e-06
0.9892169
3.391068e-06
1.0145865e-05
1.5473452e-05
3.9314793e-05
0.43524128
2.372586e-06
0.00035284014
0.99335045
0.99989724
0.45542926
2.557038e-06
0.99974173
5.431297e-06
8.795311e-06
0.99998593
0.53779393
0.00014793719
0.4755919
0.43045115
0.9992478
1.08603745e-05
0.9999993
0.0008924204
1.7174023e-05
0.44358614
0.00023022514
0.4278307
1.4942029e-05
2.7196453e-05
6.655977e-06
0.9666654
0.4961657
1.9007102e-05
0.9963097
0.0002452093
2.3688448e-05
0.41514575
3.7691113e-06
0.9997986
0.5322346
0.91772753
4.7162943e-05
0.0035795525
0.00037815687
0.99163705
0.00021362361
0.9999629
5.534355e-05
0.00017214556
0.5354676
1.0534745e-05
2.289445e-06
0.9976434
0.9997118
0.47609168
0.9999491
8.772727e-06
6.952297e-05
0.9985812
0.412649
0.955881
1.0048074e-05
0.9999944
0.9999727
0.48581222
0.9999968
0.00066932524
0.9999982
0.98516256
0.99998343
1.5074061e-05
0.0017907806
4.3531463e-06
0.48797554
3.5397712e-05
0.9999995
1.8904351e-05
0.9999225
0.42413834
0.9926984
0.9999981
1.0976378e-05
1.6809006e-05
1.6914735e-05
0.31071335
0.9999845
0.99675107
0.9999993
0.54890037
0.49391082
0.99551636
9.974701e-06
0.42456508
0.3559597
0.8354404
1.6950995e-06
0.9995223
0.86526006
0.9999981
0.9995395
2.084677e-05
0.0005023544
0.99618834
0.9999962
8.592709e-06
0.15932988
0.43259722
0.99999285
5.5410496e-06
0.00013221231
0.99995697
0.99903536
0.076650724
0.9996525
0.99969923
1.49670295e-05
1.8599489e-05
4.4116812e-05
0.9999987
0.9999949
0.43941537
0.9999995
0.5178151
0.99990594
0.9999993
0.99524873
7.742872e-06
0.0002151118
0.99997675
0.00014031665
0.0006276883
1.1806309e-05
0.99864966
7.977258e-06
2.7395745e-05
5.6671684e-06
0.43131948
0.999997
0.43122643
0.9979988
0.00024045435
0.5240492
0.00019601604
0.47721487
6.9466705e-06
5.3697386e-07
6.5309823e-06
1.9507366e-05
0.25469273
0.4341815
0.999243
6.4817773e-06
0.99988925
0.43954572
0.002948619
0.0001305158
0.10462207
0.52263516
0.42583176
0.42396444
3.912405e-05
0.43772146
2.6082196e-06
0.52563184
0.43999603
0.0020868687
0.42831284
0.4212066
0.9999938
1.5592223e-05
0.9999473
0.99979025
0.99205184
0.9704146
5.0297313e-05
0.999923
0.9999839
0.0011634263
2.0182264e-05
0.9999708
0.008933078
0.99847203
0.00021487114
1.7107215e-05
0.5326202
0.999482
0.42585173
0.9999695
4.111042e-05
0.00024883385
5.5627206e-06
0.015057269
0.99997723
0.51965857
0.4446455
0.5405337
0.99997234
1.6589811e-05
0.9999863
0.99995625
0.98637843
0.9957289
0.9688326
0.43036044
1.787849e-05
0.999925
0.43361148
0.999918
0.40801898
0.99996305
0.50711614
0.98171496
0.99999666
0.0001980601
0.5168602
0.99999595
9.330368e-06
0.99985814
2.2050404e-05
3.9639235e-05
4.729585e-05
1.3159058e-05
0.4247394
0.00038760065
0.51798755
0.5126228
0.9999821
7.188489e-06
0.9917583
0.53342414
8.114147e-05
4.7164875e-05
0.9950205
0.9494991
0.43157056
0.98948306
0.9989103
0.9999362
7.161598e-06
0.99998283
2.9117377e-08
0.9991372
0.00026761318
2.540989e-06
0.4450133
0.99954104
5.5816495e-06
0.99998224
0.44471267
0.9988682
0.4298741
3.412861e-05
0.9933587
0.99999833
1.9051262e-06
0.99990046
0.9996902
1.1157994e-05
0.99521685
0.00016268846
5.6733056e-06
0.4295691
0.47691756
0.8559965
0.016328651
0.51690143
0.5149988
0.99439514
0.43522063
0.5225278
1.3264022e-05
0.9675454
0.40863293
0.413499
3.145643e-05
3.384337e-05
0.9999831
0.4264799
0.48310354
8.838724e-06
0.9998739
0.04925063
6.0082025e-06
0.9999732
1.3493612e-05
0.4306742
0.9955456
5.9289734e-05
5.3284766e-06
0.99979347
0.99999714
0.4334414
0.0022043786
0.5336614
5.3872627e-06
0.43357447
0.9999938
0.42862055
0.42541683
1.46111515e-05
6.686155e-05
0.44719848
0.43709844
0.4262414
0.99905163
0.9999497
0.9691088
0.0002882935
0.42570767
0.97797936
3.8176397e-05
7.871281e-05
0.84787047
8.216874e-06
0.99991596
0.99999833
0.9999902
0.9999962
5.635532e-06
3.0071418e-05
0.783974
0.99999094
0.99997437
0.9951067
0.51646477
0.4406994
0.9987167
3.3925156e-05
0.9999821
0.9999751
4.2110456e-05
0.00015461292
3.131886e-05
4.626476e-06
0.998808
0.99330926
0.9976846
8.414892e-05
0.99999857
0.00011406538
0.54062164
9.0034455e-06
0.99959093
0.9991036
0.99969494
0.99999666
0.99998283
1.9031788e-05
0.4417037
6.4708206e-06
0.9921441
0.9996445
0.4977242
1.6672871e-05
0.99997044
0.99999845
0.5344246
6.1361854e-05
0.99969697
6.2444014e-06
0.99952555
0.99077445
0.9999515
2.5862125e-06
0.43563443
0.9999883
0.00043295987
0.00044450132
1.2881463e-05
0.9999912
0.00022114169
0.3529167
0.9989465
0.9862401
0.00024264684
5.2598634e-06
0.9997867
0.9999968
3.100839e-05
0.9999846
0.474034
2.6200414e-06
3.9973744e-05
5.7766997e-06
1.8768189e-05
0.99962616
0.42511272
0.00014908535
0.9979747
0.9992654
1.3684683e-05
8.721408e-06
0.9999267
7.102455e-05
0.9260739
7.4653544e-06
1.983458e-06
0.00057158695
3.7968428e-05
0.99267465
6.161434e-05
1.4974925e-05
0.99942696
2.0949665e-05
0.00012077937
0.49972978
0.0042264187
8.457911e-06
2.0254512e-07
0.4089178
0.42226872
0.9980959
0.99928516
0.99994373
5.877369e-06
0.97458345
4.94499e-06
0.99959403
0.00086644234
0.99999344
0.9998648
0.99989057
0.9997031
4.346368e-06
3.278089e-05
0.4261001
0.92029464
0.4279722
0.879524
0.042302508
0.5380289
0.42801607
0.60485446
0.026449881
0.42692986
0.9453057
0.871014
0.99996793
0.5276094
0.9998211
8.509208e-07
3.1178529e-06
0.9991574
5.2786105e-05
2.3734783e-05
9.304863e-05
0.00032364408
0.99053484
0.9940137
0.99999726
0.99989855
6.595094e-05
0.9999993
0.0009778463
6.341519e-05
4.800397e-06
0.99843997
3.1694795e-05
1.9057014e-05
0.43456343
0.9999695
4.3848922e-05
0.4360928
4.5681263e-06
1.1268824e-05
8.748923e-06
4.024378e-05
3.642524e-06
0.9965023
7.555595e-05
0.99988115
0.0011982181
0.43537498
9.9924e-07
0.99988496
0.017059488
3.734168e-05
0.0003562071
0.9999968
0.99977297
7.291865e-06
1.8489945e-05
7.189339e-06
0.40078476
0.8905539
0.99996305
0.0004607225
0.9991714
0.9940659
0.9999634
2.4712765e-06
0.99987686
2.1261149e-05
0.00082875916
0.020947395
0.9999343
2.3287888e-05
0.43540525
0.9976623
1.9174797e-05
1.09736575e-05
4.0551736e-06
6.534046e-05
0.99998474
0.9999833
3.263318e-06
0.43779248
0.999998
8.341355e-07
0.047137637
0.99699914
6.676231e-06
1.1794466e-06
0.9999981
3.0937254e-06
2.017374e-05
0.99993336
0.42083755
0.99994814
2.4091809e-05
3.5207456e-06
0.00043929424
2.1069651e-08
5.4682077e-06
0.99989164
0.44554967
2.5257892e-05
0.42865717
0.9999944
0.5307056
0.99809104
0.5100414
0.00010169828
2.2861002e-05
0.99864584
1.873482e-05
0.41706216
0.00053956703
0.41729984
0.99963987
0.4313893
1.4845685e-08
0.99999714
0.42146438
0.0005880741
0.028222851
0.99578804
0.9485418
3.115998e-06
0.9987387
1.91015e-05
0.44294947
0.16586967
0.99998593
1.7096436e-05
0.5375436
0.99990106
2.6476426e-05
8.875958e-06
0.99998045
5.901227e-05
0.999959
6.1431994e-05
0.95665836
0.4375202
3.9773313e-05
0.9998692
4.1440803e-06
9.8777955e-06
0.4954041
0.9999944
1.722845e-05
0.00015735942
0.99999595
0.4939475
0.99993205
0.9998809
0.5254937
0.9984365
0.4982719
2.05686e-06
0.99999595
3.2686334e-05
0.42924008
0.00014262307
9.670786e-05
0.9999863
5.7530113e-05
0.99792117
0.5190089
2.4506222e-05
1.1376338e-05
3.4728713e-05
8.8904075e-05
0.99990535
1.6276994e-05
0.99954814
3.377537e-05
0.43210182
0.5073014
0.9979668
0.9999678
0.997866
0.00019148424
0.9863434
4.6954334e-08
0.00019565865
4.702875e-05
0.00021058126
0.00014744006
0.99659723
0.4396052
0.4262695
1.6976492e-06
0.18197933
0.9999367
0.99990594
0.9998565
0.9999701
0.99520266
0.7639631
0.9672538
0.9999039
0.00013834191
0.8588611
0.5268821
9.465502e-06
0.9097998
0.99995434
1.0574968e-05
0.9998828
6.50134e-06
0.5287103
0.9999902
0.99999785
0.53704274
0.5249069
0.9997222
9.821904e-06
1.2036077e-05
0.00023407354
1.28345355e-05
0.4852794
9.974102e-06
1.3180032e-05
0.999992
0.999183
0.9921726
0.4276166
0.42155468
3.237898e-05
0.42255652
0.43303508
0.4696442
1.9342719e-05
0.9982907
0.0024344493
0.9954228
1.921747e-05
0.18534581
0.99999106
0.9999658
0.5123585
5.7024513e-06
0.95244294
0.00046322335
0.7394586
1.6597247e-05
6.9993344e-05
1.2826484e-05
0.43004242
0.9999865
3.0573752e-05
8.1778194e-07
0.5187526
0.9999151
0.5459464
4.2474708e-06
0.99956125
0.9561504
0.999982
1.1344269e-05
9.294019e-06
0.99773115
1.1026413e-05
5.4175795e-05
0.43148234
0.4792004
0.5007238
0.4305496
0.0005870501
0.9994869
0.44944024
6.561704e-06
0.5183586
0.42388493
0.000109535315
1.5413569e-05
0.9999912
0.99979895
6.0295883e-05
5.86235e-06
0.00044713254
0.8294561
0.0043032905
0.9961528
0.4776479
0.5211035
4.4432477e-06
1.0104992e-06
0.99946886
0.99995375
0.99998724
0.56723666
0.0012429027
0.99999404
6.2335607e-06
1.1895642e-07
1.1121184e-05
0.99939156