0.5343268
0.9440961
0.37565193
0.60073996
0.33361384
0.040730357
0.04823744
0.94088936
0.44490212
0.5789465
0.18342264
0.042669702
0.054762606
0.29958057
0.9243536
0.038161397
0.056262534
0.4405827
0.059836116
0.5022314
0.6521358
0.05987475
0.4365955
0.06590102
0.037007585
0.054258645
0.4996862
0.7788901
0.37950447
0.9321447
0.05433846
0.2837853
0.5802916
0.3798186
0.35682565
0.38010862
0.48755977
0.8600035
0.9480749
0.9311452
0.041730862
0.45214245
0.038937993
0.41866943
0.058362126
0.031025976
0.63068765
0.8292865
0.04326606
0.93024737
0.7090679
0.06489194
0.88841736
0.8639137
0.470012
0.0513665
0.61198264
0.056252845
0.06983179
0.040831007
0.6511216
0.8599696
0.6077966
0.40864873
0.693528
0.7869424
0.6594182
0.05915717
0.69550186
0.65466577
0.9017917
0.04107017
0.83164316
0.5170115
0.06705595
0.042096283
0.057927288
0.66343117
0.3885102
0.42269772
0.08614374
0.038239773
0.38477015
0.8726919
0.8830149
0.047617737
0.71939015
0.8176782
0.8082942
0.6054239
0.038890146
0.037105534
0.9137018
0.90666777
0.07422667
0.061298806
0.8313152
0.7834916
0.92905104
0.88809776
0.42897567
0.36927146
0.05462291
0.049861412
0.42464346
0.06570277
0.043683063
0.8319943
0.8087281
0.91231644
0.04657781
0.39544627
0.82426286
0.036911413
0.23965608
0.05492616
0.036783066
0.047520112
0.9235573
0.7007466
0.69039816
0.822141
0.09143416
0.9524096
0.05287506
0.9157537
0.04192991
0.062088344
0.051421
0.78508985
0.7842477
0.7546805
0.056394514
0.7903204
0.040028095
0.038761117
0.6603792
0.9072657
0.38576537
0.048140693
0.88155985
0.053835776
0.8389273
0.054270107
0.74767303
0.056573592
0.038760163
0.30770946
0.11897254
0.07347531
0.9237212
0.8431003
0.38670307
0.059505362
0.079014845
0.4017965
0.94762266
0.054067533
0.051826343
0.8023761
0.89286387
0.89620376
0.531628
0.9134845
0.9169354
0.03982388
0.6983237
0.5906527
0.04126228
0.06605878
0.038011145
0.3570748
0.041583426
0.6138053
0.07598567
0.053889856
0.055349395
0.9393155
0.070848994
0.035946216
0.57404727
0.05543757
0.04863908
0.94114375
0.77868277
0.8562733
0.43032184
0.45962957
0.056698725
0.90295166
0.037158035
0.9545999
0.92988616
0.8974114
0.055530943
0.06165393
0.37361318
0.85657907
0.04885033
0.057289504
0.071457505
0.7960245
0.91558456
0.5533481
0.8531134
0.9372424
0.048262324
0.935672
0.059547137
0.06409157
0.35919422
0.44322708
0.9454878
0.10688711
0.3474596
0.3920874
0.02774077
0.57418513
0.04096285
0.05051479
0.059413686
0.9501903
0.071265906
0.042395823
0.051662832
0.8756705
0.85443443
0.08311175
0.4388143
0.053645473
0.83201796
0.43611422
0.6779006
0.3531911
0.55826545
0.20341933
0.8375596
0.9315604
0.039175242
0.037392423
0.06084845
0.034473058
0.8860478
0.84013975
0.71568817
0.043182194
0.4106635
0.19904347
0.39448357
0.5254484
0.9633531
0.039908282
0.79659766
0.12737028
0.048653953
0.03755766
0.8460219
0.8391053
0.9312188
0.91607744
0.9389813
0.042181063
0.922835
0.85296977
0.6278862
0.08101318
0.040091176
0.05397619
0.6683257
0.92165107
0.37481844
0.57461995
0.058827184
0.07046017
0.70546615
0.38354182
0.55081767
0.040694583
0.8570469
0.8734381
0.9631059
0.94125706
0.099688865
0.053159688
0.8600517
0.8228839
0.41798025
0.93954843
0.040364616
0.27902067
0.6493177
0.89671427
0.5801287
0.036151815
0.8619521
0.054085363
0.73941267
0.89747864
0.041686617
0.9226457
0.33029163
0.038123548
0.70573604
0.8451426
0.9514748
0.039408825
0.5835615
0.0775659
0.89101815
0.046231855
0.06222938
0.7757009
0.9279203
0.823568
0.8710849
0.034011148
0.051501222
0.061376285
0.88111335
0.05906025
0.03771654
0.04993585
0.040450867
0.03280622
0.9469369
0.585055
0.054369573
0.03795592
0.37965026
0.82234764
0.74999714
0.04090635
0.8626799
0.9007795
0.6423802
0.42441946
0.94035393
0.93980825
0.046033055
0.04109957
0.036755435
0.045746777
0.87788194
0.3021391
0.8919004
0.7634782
0.62988883
0.91529685
0.9435637
0.87683666
0.8317967
0.041984193
0.9086597
0.3367379
0.82041675
0.053716097
0.059571378
0.6013944
0.92918915
0.7297338
0.043260634
0.84659445
0.1166859
0.05243731
0.059557825
0.39116484
0.75397843
0.049343795
0.058176965
0.35580474
0.34895056
0.040793862
0.9568039
0.031493314
0.057000373
0.042484708
0.9023909
0.7153717
0.058206152
0.067066565
0.9123719
0.8120017
0.7959208
0.047133774
0.08017092
0.8130442
0.89264435
0.31608328
0.055390097
0.8866114
0.6381055
0.04890793
0.049343653
0.122707695
0.38846353
0.9088095
0.8488323
0.039761048
0.05042498
0.046676643
0.06117079
0.7725936
0.87983775
0.29273912
0.52311146
0.26598316
0.87037534
0.87430686
0.90397435
0.35600787
0.8774561
0.41772965
0.85402876
0.9336772
0.05742202
0.04052825
0.7496638
0.056775786
0.94427544
0.032286216
0.064482816
0.41896212
0.05863503
0.03704694
0.8493834
0.9658752
0.88915545
0.33483276
0.065040894
0.0927248
0.035994116
0.70913124
0.28591156
0.5696336
0.07798301
0.038146593
0.87634164
0.5278639
0.8044342
0.39743567
0.051805504
0.0649945
0.057500113
0.8449912
0.93165606
0.09933958
0.85295045
0.87322825
0.37032977
0.8993136
0.8111343
0.36348715
0.7243883
0.037421472
0.70830506
0.07026241
0.86051106
0.5678072
0.0400591
0.053948015
0.82876676
0.9281329
0.050188363
0.7373483
0.034195323
0.9105891
0.8345283
0.61239475
0.054014258
0.05249091
0.42176163
0.044408165
0.90356356
0.6619692
0.053564385
0.79001534
0.7910605
0.077610455
0.9361388
0.05096608
0.04815716
0.39440438
0.34323385
0.93769
0.0442681
0.0582457
0.03311335
0.92772305
0.8079551
0.3067285
0.493324
0.7147142
0.9307015
0.8877672
0.36753482
0.37839222
0.9068596
0.0400837
0.048132535
0.44387165
0.41769904
0.88492465
0.044691782
0.055570584
0.7590261
0.84404886
0.04574401
0.15926044
0.05324125
0.6555823
0.059674326
0.772299
0.04336421
0.92725354
0.4094399
0.3921927
0.60099435
0.08461475
0.05987556
0.039570935
0.7191259
0.7198703
0.090815
0.83755624
0.9604125
0.75439626
0.44825816
0.0551921
0.8343736
0.066529304
0.7709843
0.37117466
0.093830645
0.3622773
0.056445424
0.055878557
0.022587892
0.38980612
0.04293356
0.53504044
0.37970963
0.8723794
0.3514438
0.9100269
0.3657044
0.05898109
0.0536875
0.08109004
0.05971724
0.8977058
0.07540908
0.06093433
0.33655375
0.8948733
0.9015331
0.39100257
0.03962737
0.093253754
0.03951622
0.898883
0.054030564
0.9176157
0.3649032
0.4116162
0.9204574
0.038459174
0.7559982
0.91534394
0.054165717
0.7666052
0.84368575
0.03295028
0.6093942
0.035054337
0.90923566
0.81439584
0.88427746
0.7560655
0.8697109
0.08439147
0.05256477
0.05070826
0.03999635
0.10643827
0.939467
0.6133548
0.040816214
0.662446
0.059564367
0.9568421
0.104128376
0.05668299
0.12465649
0.45708406
0.55210865
0.026139801
0.056196198
0.05534259
0.9252471
0.052790303
0.9565414
0.921203
0.7801428
0.05237144
0.7762467
0.05789239
0.36508456
0.35771307
0.064056225
0.62542725
0.056762386
0.59298384
0.06209805
0.9053507
0.65775555
0.04662034
0.07430241
0.059388597
0.9030364
0.81963253
0.83449805
0.22860421
0.08319606
0.82298905
0.50122654
0.9076855
0.03862914
0.7490841
0.63033646
0.36990005
0.05315786
0.42566958
0.94393617
0.91311693
0.06392372
0.9533248
0.8758601
0.059046336
0.054993417
0.03874767
0.8443192
0.075451046
0.69817793
0.9147499
0.040471714
0.055948295
0.05099901
0.060350224
0.6139858
0.8392629
0.8641855
0.79709774
0.41876602
0.82538295
0.05672047
0.93583834
0.75064653
0.91902316
0.05101867
0.043491885
0.3646582
0.04218506
0.83455324
0.6361321
0.04764367
0.8665386
0.05984369
0.05628767
0.77451867
0.32350236
0.4932743
0.89019626
0.03817737
0.72045845
0.752705
0.79759896
0.52165776
0.066792525
0.905718
0.8339449
0.6200865
0.075623296
0.7034383
0.8642
0.80561167
0.89147323
0.78484744
0.8985722
0.82663196
0.08686916
0.06982426
0.78898615
0.03789746
0.082872115
0.113833286
0.042513963
0.045830105
0.037737396
0.89394975
0.6049753
0.37571108
0.51046526
0.93146926
0.061268497
0.06235545
0.90553516
0.033768013
0.92496365
0.94451076
0.63858634
0.4483525
0.86932033
0.051228933
0.1047909
0.9187223
0.37549257
0.041564226
0.80018926
0.053094223
0.61261106
0.03311692
0.037907552
0.77213734
0.059376255
0.054836273
0.03702285
0.044952262
0.40841368
0.04761729
0.047844302
0.8240801
0.8432258
0.44404572
0.042988937
0.8322151
0.04259348
0.05668685
0.9324345
0.6064819
0.089896
0.55871236
0.36367092
0.8192787
0.030383678
0.9007756
0.38348496
0.041846283
0.41213956
0.057559226
0.39163455
0.04013505
0.035538673
0.0565234
0.76275676
0.44551957
0.03795768
0.8985046
0.0727751
0.040705886
0.41204378
0.048076212
0.8534897
0.58850485
0.77495456
0.056787897
0.0559131
0.06700525
0.74658895
0.050760064
0.8972697
0.04011084
0.07231402
0.6188081
0.054106213
0.052795466
0.86829543
0.91453373
0.29207832
0.8736833
0.045119062
0.06256338
0.9016084
0.49949077
0.57924384
0.055320553
0.9291294
0.87334317
0.51829
0.9373499
0.06673667
0.95220304
0.72292644
0.9157503
0.055059493
0.12211456
0.04291461
0.34763116
0.056616098
0.9185367
0.03747754
0.91191506
0.36081773
0.77543473
0.92004967
0.053127546
0.043113664
0.04003618
0.65529066
0.88119054
0.76240504
0.94905144
0.70664746
0.6690954
0.7371481
0.042046502
0.31203732
0.6724064
0.75448877
0.06652214
0.8871401
0.52811354
0.94380575
0.8491003
0.063637555
0.04663733
0.8421673
0.9007388
0.03420734
0.6333984
0.3961744
0.82685286
0.038938474
0.06360446
0.9009074
0.8427176
0.4398308
0.8202247
0.8469564
0.04183543
0.050756678
0.08757039
0.9041554
0.92184025
0.17304148
0.9263574
0.5428186
0.88659406
0.9521993
0.8763199
0.04020792
0.049539234
0.9067484
0.06641184
0.046156432
0.03507227
0.84517443
0.052532274
0.067433454
0.039599385
0.34619036
0.9007573
0.36033335
0.7885372
0.038586263
0.5694585
0.051718533
0.30332652
0.0038572592
0.03207318
0.03544134
0.05408345
0.6524241
0.39654806
0.83457285
0.0577658
0.9025341
0.41678417
0.07524025
0.083003655
0.5796075
0.5903705
0.38825706
0.63440645
0.045259386
0.4036691
0.06329973
0.71190566
0.40264454
0.40269643
0.43295962
0.24271557
0.95557415
0.050854955
0.8720707
0.80749494
0.7795512
0.70805657
0.057311837
0.7693698
0.914197
0.6153519
0.05592343
0.8778522
0.5242955
0.9239434
0.39718395
0.03734944
0.5573913
0.8932094
0.32208964
0.89736295
0.038898725
0.044420287
0.069738865
0.48458633
0.9026909
0.5656277
0.43519753
0.70559967
0.8557832
0.074986614
0.9498388
0.91743577
0.7430831
0.81993955
0.8439324
0.34868145
0.066029556
0.8860057
0.3979051
0.87235415
0.37277225
0.8937994
0.60062927
0.7873806
0.9567255
0.09713662
0.53945565
0.88162065
0.05657394
0.8671286
0.03843057
0.0537168
0.06157326
0.04155304
0.3535942
0.04901039
0.6673208
0.49528456
0.92588204
0.06331008
0.7305751
0.7545584
0.053006157
0.057549022
0.9063399
0.8633458
0.31461194
0.8356911
0.92721105
0.8474415
0.058796898
0.9412896
0.043356426
0.9419826
0.05811822
0.053385135
0.4266529
0.8827029
0.05677086
0.9678659
0.41001916
0.8092013
0.33483338
0.032620907
0.6826501
0.9270133
0.0637734
0.9427666
0.8655536
0.053033713
0.83487403
0.060596745
0.044149835
0.37946466
0.26373446
0.63878185
0.6330853
0.65082586
0.47854394
0.74872494
0.40444767
0.678936
0.037782695
0.8029791
0.3347089
0.319094
0.037485257
0.03628905
0.90949094
0.3660056
0.5439273
0.03862119
0.83681977
0.56932986
0.03369507
0.86662424
0.043121047
0.3923873
0.77302
0.083707504
0.05003474
0.792328
0.8998414
0.405358
0.633133
0.67652166
0.039100118
0.40634808
0.9331934
0.34108478
0.36416402
0.040814064
0.053926844
0.41985554
0.417416
0.3948182
0.8126196
0.92524624
0.8333599
0.04406846
0.3695303
0.91448724
0.09037197
0.057467744
0.7264455
0.06755654
0.8639369
0.9455459
0.9303384
0.89637375
0.04050127
0.05382136
0.75655305
0.91970164
0.8820187
0.8414766
0.6149051
0.43312567
0.873838
0.04920936
0.8862838
0.8817183
0.049454175
0.04049937
0.036892433
0.058514286
0.866486
0.7892659
0.6825277
0.09653245
0.92893994
0.056170315
0.59267
0.04924823
0.87827516
0.88776284
0.78216124
0.90566635
0.85977036
0.07369542
0.42137745
0.046000376
0.8215992
0.857388
0.59563184
0.051777344
0.93756646
0.93438315
0.66953534
0.041236613
0.88258886
0.033804584
0.7917214
0.8428523
0.88202375
0.056636102
0.3842327
0.8940819
0.06675782
0.053110532
0.05688609
0.8884215
0.04764294
0.48250505
0.8419213
0.6685286
0.07883845
0.056571785
0.8196989
0.9232187
0.05156438
0.9005251
0.49349588
0.052464593
0.0544339
0.14043355
0.035604358
0.88406116
0.34031063
0.05365741
0.7755648
0.84358674
0.06833493
0.04490179
0.80195916
0.057197597
0.7745415
0.040260885
0.059762854
0.060340267
0.052991737
0.84800875
0.04771851
0.03590561
0.88898695
0.068650864
0.055321015
0.69675845
0.48975128
0.036453847
0.03545916
0.29520226
0.3487042
0.82114273
0.8195502
0.8924483
0.03057843
0.73418826
0.06025425
0.8440152
0.092886746
0.9141278
0.8893582
0.88693
0.75775576
0.036688313
0.04097557
0.36699954
0.74336183
0.35764077
0.732214
0.38820088
0.6514099
0.3679786
0.73060054
0.80110675
0.33158398
0.78287923
0.80269957
0.9250375
0.47995612
0.90282583
0.055308748
0.040173046
0.7829042
0.09262914
0.038931854
0.050363198
0.04307399
0.7610944
0.8090415
0.9563907
0.9028362
0.035400584
0.9555331
0.0720955
0.048455223
0.07610273
0.82003415
0.031202553
0.054525804
0.40461844
0.8702476
0.05951369
0.4257649
0.044010554
0.04670589
0.060377978
0.059839394
0.05396633
0.8758915
0.035566095
0.9425756
0.06371972
0.41766796
0.043444674
0.88046616
0.6371022
0.05641254
0.06767539
0.9055865
0.81295043
0.056601394
0.053403303
0.043952953
0.33573282
0.795148
0.9527793
0.05587597
0.9116992
0.7325625
0.90967005
0.03745731
0.9145532
0.052653085
0.04430775
0.65389335
0.840411
0.03525013
0.453402
0.81692785
0.055619854
0.042683348
0.057181966
0.05145541
0.909842
0.88937706
0.042336557
0.20778707
0.940883
0.039536066
0.6821248
0.8404844
0.058658022
0.03402891
0.9166788
0.059078865
0.047359128
0.8515697
0.39225233
0.91462743
0.053304225
0.055106886
0.060599785
0.07807379
0.07575248
0.84607804
0.45701838
0.03963462
0.3906199
0.9178431
0.7869612
0.81349206
0.487791
0.075005665
0.040331744
0.8649451
0.0394074
0.33644587
0.083653405
0.34425524
0.9117068
0.39913547
0.13535757
0.9055807
0.40801996
0.062422648
0.5352352
0.78345716
0.9029677
0.044794243
0.8760269
0.036250196
0.42637807
0.5783181
0.8928282
0.052549668
0.5880613
0.85786045
0.03945255
0.064394996
0.9103775
0.037868634
0.91841227
0.04471512
0.7341437
0.3345874
0.04059431
0.80929226
0.04659181
0.04052212
0.4765799
0.93277645
0.041347366
0.07769686
0.94868386
0.68898463
0.76150566
0.86305046
0.4499483
0.80327845
0.6027584
0.046992533
0.9286275
0.053104036
0.36982843
0.064354345
0.056417797
0.91477925
0.03873545
0.8115362
0.6169539
0.055687293
0.05228448
0.063409686
0.038614064
0.8559503
0.09575752
0.8947298
0.035340127
0.3932273
0.60814434
0.92024153
0.88820237
0.8600971
0.04622487
0.8043177
0.0370746
0.06361285
0.05215997
0.049137954
0.036131747
0.8230892
0.4198874
0.42866337
0.052298184
0.42785817
0.8695734
0.88419527
0.82514906
0.8734596
0.8876919
0.76546615
0.8484402
0.8728103
0.0438934
0.7773098
0.6458715
0.035909574
0.5638837
0.87099135
0.059846457
0.868387
0.047198467
0.52534646
0.8900255
0.92662424
0.64793664
0.6347538
0.8928196
0.051772382
0.03900279
0.062400617
0.051842667
0.33795664
0.06325117
0.037417892
0.89214486
0.7560248
0.82762307
0.42435113
0.34546474
0.049504634
0.3439053
0.3588379
0.47562847
0.045332126
0.8614941
0.07933043
0.80040175
0.03504291
0.66056305
0.9113856
0.8807067
0.63376117
0.035180245
0.7949346
0.047070805
0.6433267
0.03739262
0.068609305
0.057407927
0.368399
0.9312112
0.036575213
0.035250586
0.552049
0.90632665
0.679171
0.041487835
0.8822816
0.72550285
0.8986591
0.05980612
0.06724451
0.8490407
0.05018643
0.058528997
0.32373098
0.557074
0.52172786
0.3620812
0.04639843
0.90615964
0.68207914
0.041458547
0.48908842
0.37301052
0.061964374
0.056753464
0.89970845
0.76663715
0.055704173
0.04844729
0.05587827
0.9022413
0.090500884
0.74574673
0.32711276
0.76472795
0.045748383
0.043414705
0.85894835
0.91200584
0.8678629
0.7951603
0.39379656
0.9358279
0.052457865
0.052916877
0.051636986
0.8016035