0.99998844
1.0
0.19047792
0.9994752
0.3213574
0.0006062736
0.0003243771
0.9999999
0.1382156
0.9512866
0.0002768982
0.00031085045
0.005535456
0.061356287
0.9999876
0.030166216
0.015955482
0.99992967
0.005805977
0.98717785
0.9171484
0.013568811
0.18203434
0.00027856615
0.0039748703
0.02687152
0.7273913
0.9938304
0.32842278
0.9999721
0.0003141527
0.29749876
0.2199949
0.36439824
0.11122914
0.029404398
0.9976209
0.99998176
0.99999976
0.9999999
0.018597731
0.34111664
0.0006713191
0.100920275
0.0014435097
0.0029967998
0.9996747
0.99943644
0.018914776
0.9999993
0.9999534
0.00038365976
0.99999917
0.99999726
0.80723417
0.01667126
0.99998784
0.04146214
0.023689272
0.040139105
0.999995
0.9999801
0.9999151
0.35641545
0.95007193
0.9364981
0.9999894
0.0004181271
0.7832902
0.99999464
0.99999785
0.01835934
0.98530954
0.23079816
9.16586e-06
0.00047239222
0.0011829203
0.99994147
0.37110975
0.03804717
0.000473042
0.00019974513
0.084391244
0.9998952
0.99999857
0.00037070396
0.99991894
1.0
0.9999989
0.923973
0.00042326332
0.0036855375
0.99999654
0.99996746
3.3993325e-05
0.0055352617
0.9999901
0.998922
1.0
0.999998
0.31628278
0.3148896
0.0012400611
0.0035833898
0.06390357
0.0010982068
0.00020196203
0.9995209
0.9999832
0.99998367
0.0028100517
0.23228478
0.9993166
0.016609121
0.20260848
0.00043087918
0.018908808
0.013368374
0.99995565
0.79642284
0.99999976
0.9998192
0.005137539
0.99999976
0.04508868
0.9999993
0.008580568
0.009898559
0.027299367
0.998442
0.99999523
0.9939797
0.0017519488
0.9765697
0.00020593514
0.0030474132
0.14462797
0.99999917
0.35430545
0.00056762504
0.99981564
0.011763666
0.9919882
0.0052909115
0.99857926
0.0088123
0.00050045794
0.0006664202
0.0011156655
0.0002260989
0.9998202
0.9982539
0.0736302
0.00090461015
0.009712135
0.018399946
1.0
0.00085580436
0.0056719435
0.999607
0.99999297
0.99999905
0.64544356
0.9999466
0.9999988
0.027945727
0.99999785
0.9990695
0.010667809
0.042441476
0.006732546
0.332552
0.028027616
0.3021413
0.015737236
0.00016739796
0.007279788
1.0
0.0054184822
0.013367745
0.34022236
0.0010875154
0.00011259717
0.99999964
0.99240077
0.9995988
0.091579765
0.26842156
0.0044936524
0.99997246
0.0009888691
0.9999999
0.9999982
0.9999999
0.014876517
0.00042094602
0.3195662
0.9999225
0.00012341011
0.00017464305
0.009418629
0.9999964
0.9999999
0.9970139
0.9999747
0.9999999
0.013590375
0.99999905
0.0047650742
0.018290233
0.14246902
0.031682756
0.9999939
0.000483199
0.33130127
0.36691758
0.0047971606
0.14259088
0.0079856105
0.003994977
0.0016549913
0.99999976
0.00449964
0.0002993762
0.006127057
0.9999894
0.999647
0.009820592
0.1066933
0.0011027986
0.99980944
0.13992155
0.34784433
0.3338552
0.9454699
0.23079002
0.9999999
1.0
0.015171006
0.00033449952
0.0022202379
0.00019274285
1.0
0.9998976
0.998437
0.015292232
0.1866712
0.017862536
0.13401054
0.13391522
1.0
0.000492059
0.99005085
0.001815853
0.0030970664
0.0076110037
0.9992473
0.99987197
0.99998736
0.99999607
1.0
0.00048401076
0.99999964
0.9999876
0.85196453
0.0018037597
0.0003363087
0.031646132
0.22622706
0.9999939
0.28604674
0.56356823
0.0038834233
0.0008212348
0.9994611
0.19244416
0.11527883
0.0040407595
0.9966007
0.99886155
0.9999999
0.99999976
3.2977703e-05
0.0034194705
0.9999995
0.9997813
0.028490458
0.99999964
0.0008802241
0.3283364
0.61173767
0.99999833
0.9100803
0.002723665
0.9999144
0.013545815
0.29455066
0.999943
0.007671677
0.999998
0.2849329
0.011089947
0.7375075
0.9998698
1.0
0.009101437
0.99927706
0.010354691
0.9999765
0.025539372
0.04792971
0.26189375
0.99999976
0.99997556
0.99998903
0.01843184
0.031056061
0.0039555742
0.9980379
0.033304017
0.0018191221
0.070762694
0.0009041568
0.0002953066
0.9999989
0.9955901
0.0022562826
0.00026485554
0.35078183
0.9977551
0.85625386
0.00017454218
0.99999535
0.9999995
0.75874245
0.1736444
0.99999774
0.9999999
0.0075401617
0.0002664926
0.00052714365
0.023172794
0.9999993
0.009703224
0.99998796
0.86823267
0.916915
0.9986187
0.9999995
0.9999778
0.9983188
0.00041349462
0.9999975
0.0031416812
0.9997204
0.00039424305
0.042497054
0.9988148
0.9999999
0.9999995
0.002481591
0.9997311
0.0012138088
0.014455038
0.00807829
0.06325007
0.94675124
0.0056199967
0.0011763676
0.34371004
0.25526124
0.011388945
0.9999988
0.00027200728
0.003589613
0.001811973
0.9999001
0.88862693
0.016026817
0.01078647
0.9999989
0.999795
0.98015
0.00024917527
0.00025012236
0.9680245
0.99999654
0.0068121115
0.013262238
0.99994516
0.9999968
0.008559974
0.004189234
0.0078017246
0.27053687
0.99997365
0.99985385
0.0043994216
0.00040423247
0.002500218
0.00056008797
0.9845281
0.9999902
0.004802074
0.94371724
0.089292556
0.99999857
0.9999423
0.9999857
0.18920918
0.9995005
0.013426031
0.99924004
1.0
0.00054958183
0.00028594237
0.9984779
0.0008709954
0.9999999
0.018731993
0.0008933247
0.06972941
0.029872112
0.012037062
0.9992625
1.0
0.9999906
0.00502354
0.01525107
0.016541755
0.0041637565
0.9992849
0.09802062
0.054542117
0.0035621976
0.0006422205
0.99999917
0.92091155
0.96481174
0.058772583
0.00026045722
0.0067987777
0.0001618159
0.9999546
0.99999964
0.0017049244
0.9999838
0.99996424
0.3796486
0.99999905
0.9999571
0.40267697
0.95078677
0.00034754237
0.23762524
0.031898245
0.9999957
0.9993155
0.0041370434
0.00043781282
0.99998736
0.9999999
0.00020981906
0.5079583
0.0066788853
0.99999976
0.9999745
0.36325428
0.0011652013
0.0002562565
0.36230186
0.00020922592
0.9999908
0.9999964
0.022181286
0.99137175
0.99910885
0.020252079
0.9999982
0.009798014
0.010211353
0.09939095
0.17449757
0.99999845
0.035763852
0.020271348
0.00982311
0.9999964
0.9999994
0.2987338
0.72287506
0.8348894
1.0
0.9998903
0.4868794
0.3893551
1.0
0.0046392824
0.018186256
0.88596433
0.031148933
0.9999988
0.0011142907
0.0007098422
0.99865925
0.99999785
0.004173959
0.1262398
0.0008797554
0.17706798
0.0032457723
0.9884072
0.0006352185
0.9999989
0.26975185
0.057997204
0.99999785
0.0047437362
0.00018133162
0.004287638
0.99999976
0.37622795
0.00039604044
0.99942493
1.0
0.9972064
0.16239595
0.00069010165
0.9993538
0.00048006605
0.9938186
0.2458708
3.573509e-05
0.018296191
0.007959781
0.0012604989
0.0002605347
0.37729344
0.00802656
0.9997143
0.23985426
0.99993265
0.26715693
0.99830985
0.02191938
0.006120292
0.00025611997
0.0018697218
0.030339237
0.99981815
0.00035779615
0.035374623
0.18326141
0.9999943
1.0
0.3591961
0.022466602
0.005655262
0.00020659514
0.99998295
0.00050754246
0.99999964
0.13489695
0.14717618
0.99997354
0.00073207414
0.9997341
0.99999917
0.021008313
0.9999746
0.9391941
0.00019353179
0.99309385
0.004790366
1.0
0.99888927
0.9999987
0.9755205
0.99996233
0.0203768
0.0011307875
0.00016849105
0.0023424726
0.0016796426
1.0
0.43977064
0.0008783926
0.6289417
0.0021090494
0.9999974
0.00011218981
0.037800025
0.0008283908
0.07852065
0.9998252
0.0006099272
0.002823182
0.0038588706
0.9999999
0.03371148
1.0
0.9999994
0.99774003
0.030051922
0.9998758
0.0002951912
0.2091162
0.30271143
0.05156044
0.99998915
0.008560544
0.26252967
0.037879642
0.99976903
0.53098726
0.021084335
0.0044020833
0.022448026
0.9999981
0.99999285
0.9999374
0.00051472423
0.001098234
0.99792564
0.61934555
0.99999976
0.00075078104
0.98680264
0.77921426
0.3179854
0.0076454687
0.15396833
0.9999993
1.0
0.0019632743
0.99999917
0.99964845
0.010386148
0.0028263933
0.00045511936
0.9999906
8.932529e-06
0.80649966
0.9999976
0.009015788
0.000854062
0.01692754
0.0012581402
0.999161
0.99266475
0.9999814
0.9984749
0.32316244
0.9999995
0.0081774695
0.99997914
0.9999949
0.9999999
0.032498967
0.0016032533
0.029980205
0.0024716754
0.99997437
0.66447324
0.00036641466
0.99026275
0.00037503184
0.0015071678
0.99996495
0.00024110243
0.9959085
0.9999999
0.012238854
0.9992798
0.9981279
0.9999995
0.24176084
0.014159868
0.9999976
0.9986027
0.28831965
0.0017151721
0.9165534
0.9999982
0.99977607
0.99999833
0.99936754
0.99996614
0.99979657
0.003120443
0.08791215
0.99685174
0.00029754147
0.00029158013
0.0058157784
0.0004986143
0.00055775675
0.009029342
0.9999938
0.6593316
0.25181842
0.9993205
0.99999845
0.014400943
0.0061634313
0.9999999
0.0032597093
0.9999914
1.0
0.9997838
0.65305626
0.99997544
0.017344113
0.00063687674
0.99999976
0.13464043
0.00068631925
0.99998105
0.00084283826
0.33384162
0.005254261
0.00056709326
0.5836035
0.00027971613
0.01872323
0.00235591
0.03393557
0.24229008
0.012539617
0.008955268
0.98948365
0.9999981
0.025308078
0.00040709806
0.999923
0.021874782
0.00031526762
0.99999917
0.9955947
0.0048631323
0.9998424
0.32261208
0.9999676
0.00047406848
1.0
0.1347427
0.0026637882
0.09471659
0.00018619043
0.36625996
0.009034907
0.00073069305
0.00039423516
0.9989974
0.62083316
0.015504987
0.99462295
0.066642426
0.00044933023
0.04937774
0.004907501
0.99966955
0.999962
0.9981117
0.013057764
0.0002676933
0.017276447
0.9847906
0.0054058745
0.9999813
0.0025817242
1.694491e-05
0.9999994
0.00081869075
0.0036573538
0.9998628
0.9999982
0.00019507206
0.99999964
0.00010891862
0.022016862
0.99999154
0.52285033
0.7396482
0.00046418584
0.9999968
0.99999845
0.9943837
0.99999964
0.009562804
0.9999999
0.9423254
0.9999949
0.042500757
0.0058216266
0.00999175
0.010712879
0.017250998
0.99999964
0.001381666
1.0
0.17774169
0.9932147
0.9999994
0.001195343
0.00033435764
0.00023776287
0.31809434
0.9999908
0.9999417
0.9999999
0.99999404
0.9762141
0.97452456
0.00070410693
0.28025663
0.99919325
0.78894717
0.0006511568
0.9999994
0.99993217
1.0
0.99999905
0.00033125115
0.03529946
0.9999784
0.99999976
0.00019582307
0.5456352
0.3662332
0.9999924
0.0010258958
0.0012726833
0.9999999
0.98438257
0.12877804
0.99700147
0.998591
0.0022980277
0.0053834775
0.007939278
0.99999917
1.0
0.2607429
1.0
0.98991853
0.99999976
0.9999999
0.99995315
0.0014225933
0.0035162182
0.99998903
0.00051163253
0.024036992
0.0004153993
0.9974605
0.00026586757
0.0054440005
0.0025786306
0.37196216
0.99999917
0.2855137
0.9999368
0.025394233
0.99963915
0.0043814336
0.00075824035
5.957175e-05
4.864365e-05
0.0007992541
0.006717164
0.55715984
0.3185565
0.9898504
0.008992123
0.99999917
0.18567969
0.008528902
0.02933705
0.31226557
0.9999865
0.12255358
0.586816
0.00016390202
0.05239685
0.0002365403
0.9999999
0.24382715
0.04742823
0.3094867
0.1967123
1.0
0.008423892
0.99997234
0.9998293
0.9997212
0.8628013
0.0066095325
0.99978405
0.9999969
0.58020073
0.0027224724
0.99978155
0.1822697
0.9999994
0.033923887
0.019107202
0.9951198
0.99996924
0.3283137
0.99996936
0.012377733
0.00084643095
0.013629986
0.13508986
0.9999987
0.99904174
0.049973655
0.9999999
0.9998085
0.00081904815
0.99999976
0.9999988
0.9977932
0.99995995
0.9999726
0.3570794
0.0600338
0.99999964
0.29690063
0.9999701
0.21024536
1.0
0.9952673
0.9999186
0.9999995
0.00013928965
0.99967146
0.9999982
0.0003309276
0.9999994
0.00051563175
0.018694649
0.00088095077
0.00059061305
0.33555478
0.001826369
0.99999964
0.8789965
0.9999864
0.007324553
0.9734075
0.9030461
0.016934287
0.0069919894
0.99996686
0.9998281
0.16580352
0.99643123
0.9999988
0.99999845
0.015258005
0.9999769
0.00019964497
0.9997166
0.0043409267
0.03395619
0.09162908
0.99975914
0.0034566233
0.9999987
0.024990914
0.999474
0.3105179
0.00719279
0.98163915
0.9999995
0.03294221
0.99999964
0.9999958
0.004465386
0.9985411
0.01976036
0.027089208
0.37411278
0.0006725326
0.9926238
0.18988508
0.99997985
0.95848686
0.9936401
0.2152969
0.9999962
0.0002808095
0.9932653
0.32039845
0.20368178
0.0065905517
0.012319286
0.99999535
0.34675583
0.9913625
0.0012399477
0.9999598
0.6296829
0.004611432
0.99999416
0.017219085
0.36843923
0.999889
0.012427577
0.00038303464
0.9998233
0.9999995
0.35854936
0.089600146
0.9999999
0.0006257772
0.36332163
0.9999982
0.4756561
0.11146271
0.00019417019
0.0018585809
0.0321672
0.39813504
0.053144243
0.996822
0.99998116
0.9997154
0.00031794133
0.37639168
0.99652606
0.00448759
0.0038083564
0.64903116
0.028100418
0.9999962
0.99999976
0.99999964
0.9999981
0.0034877402
0.011923525
0.99383104
0.99999964
0.999926
0.99987674
0.99610317
0.15968399
1.0
0.006254949
0.99997044
0.99954116
0.013023769
0.0038705713
0.00135719
0.00034489576
0.99841976
0.9999771
0.9798211
0.00035466772
1.0
0.00028229097
0.99989045
0.0047349576
0.99998343
0.9999969
0.9992685
0.9999993
0.9993599
7.423464e-05
0.06404572
0.029931692
0.9998907
0.9913731
0.90998715
0.006655605
1.0
0.99999964
0.9999994
0.005735231
0.99999917
0.0019350593
0.94988704
0.99971646
0.99998176
0.022025531
0.16845217
0.9996138
0.00073325937
0.002037724
0.00033489455
0.9999944
0.004762766
0.3481845
0.99982446
0.99887305
0.01921319
0.00044223553
0.99999285
0.99999976
0.003169472
0.99998474
0.9382515
0.0057225684
0.0002738501
0.0011569908
0.0023787674
0.9999888
0.0784694
0.0050157285
0.9946063
0.9999821
0.00026782783
0.00042268392
0.9997019
0.0005159623
0.7889016
0.019110352
0.010419391
0.0018781224
0.013049543
0.9998859
0.0013423708
0.00062459975
0.9999987
0.009030216
0.0048402366
0.99953866
0.09567803
0.0023396716
0.009993944
0.2880292
0.3613077
0.9999894
0.9999968
0.9986499
0.0006448873
0.965985
0.00027825398
0.99997187
0.027251488
0.9999999
0.9999522
0.9999995
0.9801271
0.028602859
0.036654823
0.33372885
0.98351985
0.35968858
0.77276486
0.0035497656
0.39790758
0.31641796
0.98961455
0.92418617
0.38563398
0.94987273
0.9837924
0.99999964
0.99626935
0.9999907
0.0018579838
0.00030916993
0.98962307
0.008714692
0.0061681475
0.011817642
0.0146067655
0.8896609
0.9999901
1.0
0.9999758
0.008185014
1.0
0.0043149996
0.0113072535
2.7138132e-05
0.9993488
0.0012204779
0.026176255
0.3317146
0.9999989
0.00012540304
0.28140166
0.033461038
0.0008160691
0.003358576
0.0035882897
0.026125325
0.99994063
0.0101052625
0.99999976
0.0006653116
0.35189602
0.011566897
0.99999154
0.2447529
0.0066429623
0.026186801
0.9999974
0.9975305
0.0010518173
0.0045800535
0.000499969
0.32290694
0.99881953
0.9999999
0.010624801
0.9999962
0.99464935
0.9999914
0.0044134646
1.0
0.002276554
0.003977966
0.51900667
0.9999974
0.016234057
0.019315636
0.99808735
0.010433451
0.001753458
0.021277217
0.003491649
0.99999976
0.999926
0.024363996
0.14081213
0.9999994
0.0074536093
0.5280201
0.9999869
0.01364587
0.000118337106
0.999998
0.0008943497
0.0068230014
0.9999325
0.26957595
0.9999993
0.015276227
0.0009725773
0.00051113364
0.0006964234
4.834426e-05
0.99999416
0.026579138
0.029499682
0.3292634
0.99999523
0.9999982
0.9983601
0.91745657
0.00029526604
0.023906125
0.9999926
0.00031823793
0.3608256
0.007460629
0.33173415
0.9999895
0.36467475
0.0007608381
0.9999956
0.1576321
0.0019212589
0.10901476
0.9993561
0.9999716
0.0009211778
0.99889
0.006730224
0.09764952
0.17745864
0.99991703
0.0010293615
0.9999596
0.9999604
0.001076234
0.00012384346
0.99999833
0.0282653
1.0
0.0060304888
0.9335828
0.21388353
0.005851719
0.9995359
0.0012007917
0.0054566087
0.66625273
0.99999857
0.016182126
4.8119437e-05
1.0
0.9999777
0.99898964
0.9999987
0.99584657
0.99993324
0.99996245
0.033213776
0.999995
0.016531805
0.40166876
0.00052942475
0.016263891
1.0
0.0068488843
0.9998375
0.9989936
0.024205936
0.015361749
0.011409811
0.0230568
0.9999285
0.00896327
0.99994755
0.009652537
0.34766793
0.99995923
0.99999344
0.9999819
0.9947056
0.0026665335
0.9969062
0.0005669203
0.05807039
0.012764631
0.0446309
0.00026206285
0.9999881
0.08431253
0.31352952
0.00042083446
0.10819266
0.9997533
0.99999785
0.9999137
0.999966
0.9999974
0.74856883
0.998142
0.9999962
0.0062967697
0.978508
0.99999475
0.00027893102
0.37444443
0.99982494
0.0004786108
0.99982077
0.01842433
0.9995565
0.9999999
0.99999917
0.99999785
0.99999833
0.9998197
0.0006135514
0.0031546436
0.0011068576
0.031568006
0.00794803
1.6590571e-05
0.00038210338
0.99999905
0.9986929
0.9995233
0.3119711
0.36680502
0.0008612486
0.3507348
0.2681672
0.17726597
0.0010359081
0.999882
0.0005911529
0.9999112
0.00038053773
0.24926044
0.99999845
0.9999081
0.9999995
0.00021836278
0.97527236
0.0017902462
0.9983094
0.0005640798
0.0010982497
0.0013555714
0.2761452
0.99999964
0.001116746
0.0011160754
0.9987902
0.9999999
0.99999535
0.0009826388
0.9999875
0.9722755
1.0
0.0006114219
8.917136e-05
0.99995565
0.023829974
0.008796034
0.110697985
0.97840893
0.99988115
0.03711144
0.012042196
0.99999404
0.9973212
0.020258969
0.9982608
0.36216527
4.7180485e-05
0.0003846588
0.99999976
0.9999243
0.00029310808
0.01833461
0.0052041174
0.99960405
0.017831977
0.9952421
0.0006962512
0.9996013
0.00060568243
0.005675317
0.99999607
0.99999964
0.9999975
0.9999999
0.01875583
0.9999969
0.029287256
0.01848309
0.00028035368
0.9999958