0.5427413
0.99999976
0.4191427
0.5497232
0.41903567
5.1845313e-05
8.2749124e-05
0.99999964
0.41895053
0.9726238
0.00017224655
0.00020776657
6.889809e-05
0.41876072
0.9999738
1.247208e-05
3.2679945e-05
0.9947437
0.00018996396
0.5371797
0.9644483
0.00014772727
0.41895297
0.00012028102
2.7414328e-05
0.00030852185
0.53863174
0.99911016
0.4192383
0.99994993
9.343692e-05
0.41900143
0.7189005
0.41913068
0.41862437
0.41911715
0.54165006
0.9959998
0.9999989
0.99998665
6.555966e-05
0.5279185
6.3329004e-05
0.41913077
6.882585e-05
2.6597314e-05
0.5427727
0.7961395
0.00011890765
0.99999464
0.99992144
5.4481938e-05
0.99997616
0.9999771
0.535859
9.698761e-06
0.5405141
1.9314442e-05
3.8923277e-05
3.11777e-05
0.5535589
0.9999826
0.54766065
0.41936478
0.99692094
0.9766137
0.55934703
0.000106641186
0.9310705
0.5434446
0.9999888
1.8486544e-05
0.9642128
0.41312906
7.2866846e-05
0.00033503727
0.00018028205
0.54632455
0.41921
0.41915342
0.00026941905
4.756144e-05
0.41885614
0.99992
0.9999945
3.2855627e-05
0.55448925
0.9999963
0.9999964
0.9981255
0.00016143385
7.412528e-05
0.99998844
0.99688596
2.0391031e-05
0.00013995146
0.9999826
0.97446716
0.9999647
0.99999726
0.41928357
0.41915816
3.268135e-05
3.1952757e-05
0.41905358
0.00015781833
0.00011646679
0.9946515
0.9999144
1.0
4.3407534e-05
0.41921628
0.9882554
4.0161656e-05
0.41870826
0.00020939237
2.670518e-05
3.3711174e-05
0.99998164
0.9876028
0.99999976
0.999992
9.0389614e-05
0.9999994
2.673892e-05
0.9999293
5.0351013e-05
0.000116387295
3.4079112e-05
0.9996731
0.9999957
0.99811906
1.5643966e-05
0.9998281
6.0340626e-05
3.792135e-05
0.7119376
0.9999994
0.41916645
2.185581e-05
0.9999908
6.62889e-05
0.982803
3.885378e-05
0.999931
0.0001260414
0.00013146583
0.41839537
0.0011316076
0.000114510236
0.99999774
0.97208416
0.41907454
0.0003290865
0.00026805006
0.41910803
0.9999987
8.6548906e-05
3.3439654e-05
0.9874221
0.99999857
0.99845386
0.4119479
0.9999962
0.99997103
2.948176e-05
0.5602554
0.5357579
2.264711e-06
5.5438253e-05
5.403035e-05
0.41904905
0.00021769878
0.86755794
9.2688286e-05
0.00036501433
0.00015683917
0.9999995
4.5480374e-05
1.9097e-05
0.9566099
0.00014458405
0.00074012676
0.9999999
0.99821484
0.99992657
0.41909504
0.41895095
7.967894e-05
0.999655
0.000104667066
0.99999166
0.9999989
0.9999796
0.00012497471
0.00012020042
0.41908592
0.9999628
0.004165807
0.00019702941
3.362349e-05
0.9999975
0.9999727
0.9991658
0.9999865
1.0
0.00013012683
0.9999869
0.0001779622
2.0107227e-05
0.41900486
0.41892305
0.9999958
0.00068876916
0.4189994
0.4192197
5.400596e-06
0.71084094
2.7279078e-05
2.2136497e-05
0.0038402795
0.99999905
5.605487e-05
6.882382e-05
2.7277754e-05
0.99999154
0.99247193
0.00022276843
0.41912305
7.186301e-05
0.9999143
0.41896576
0.58631223
0.4193111
0.5323835
0.4189476
0.9999654
0.99999547
1.709914e-05
3.730164e-05
7.373056e-05
0.00022025369
0.9999976
0.9991916
0.9998547
7.946715e-05
0.41883433
0.0126345465
0.41903514
0.40961888
0.99999845
2.6956573e-05
0.98058563
3.9468137e-05
2.6241692e-05
9.418271e-05
0.9997898
0.9983504
0.9999974
0.9999969
0.9999819
1.4438231e-05
0.9999993
0.9999932
0.9289184
0.0003964412
3.9158873e-05
1.43130765e-05
0.5324244
0.9999871
0.4189072
0.40779784
8.923106e-05
0.00017213935
0.99372685
0.41960537
0.1563484
8.385703e-05
0.99997115
0.99935955
0.99999905
0.99999976
8.297844e-05
9.397466e-05
0.99999917
0.9997603
0.41904476
0.99999225
0.00024368225
0.41901198
0.5865355
0.99999845
0.54135984
2.8473782e-05
0.9995689
5.3358355e-05
0.5228212
0.9986191
0.00044199807
0.99915195
0.41921362
4.5620724e-05
0.9864032
0.99986076
0.99999976
4.1361858e-05
0.5463829
0.00013754088
0.9999994
6.415727e-05
2.2911989e-05
0.4268945
0.9990846
0.99990547
0.9999931
1.2539726e-05
7.245409e-05
0.00024567638
0.9985965
8.421925e-05
3.2534976e-05
1.8140196e-05
0.00015859205
2.3058676e-05
0.99999774
0.541012
0.00031802108
8.8403176e-05
0.41926235
0.999318
0.946296
4.8515045e-05
0.9999901
0.9999988
0.47987947
0.41913795
0.9999999
0.99999094
8.74763e-05
5.105588e-05
3.33316e-05
6.59234e-05
0.9999945
0.41852763
0.99999785
0.79354185
0.9822863
0.99987817
0.9999801
0.99992025
0.99776447
0.00017150202
0.9999976
0.4181909
0.9994199
0.00039028807
7.078641e-05
0.54801655
0.9999807
0.55151284
6.9851144e-06
0.9998566
0.0006550792
2.5080395e-05
6.511001e-05
0.41888693
0.99877745
1.7544855e-05
0.00013539084
0.41913357
0.41887066
8.297591e-05
0.99999726
4.193309e-05
0.00012396277
3.313121e-06
0.9999863
0.9919883
6.0545193e-05
0.00015440637
0.9999206
0.99932075
0.99608326
6.3709645e-05
0.0004896655
0.9898935
0.99998915
0.4182414
6.7864676e-05
0.99997365
0.55256253
4.1026567e-05
2.3572213e-05
1.420252e-05
0.4189731
0.99997246
0.99603516
4.002768e-05
8.8098706e-05
9.628954e-05
0.00025463835
0.96834
0.99998355
0.4187303
0.5330277
0.41874325
0.99999917
0.999972
0.9999832
0.41913575
0.9763892
0.40195394
0.99174654
0.99999106
0.00018905253
8.031408e-05
0.9990534
0.00013843256
0.99999774
6.6300345e-06
3.159548e-05
0.41911775
3.7959304e-05
9.0891015e-05
0.9999577
0.9999999
0.9999975
0.41841134
7.44873e-05
0.0001704115
3.473123e-05
0.99991846
0.4187691
0.28574133
0.00018913131
3.1848136e-05
0.9999968
0.53554815
0.98523384
0.41911775
0.00016377016
3.3979744e-05
0.00010464851
0.99998724
0.9999925
9.290075e-05
0.9999511
0.9999136
0.4191526
0.9999987
0.99984014
0.41932935
0.9860307
2.596981e-05
0.6823313
6.569897e-05
0.9999862
0.9211823
9.90825e-05
3.3973523e-05
0.9999876
0.99999964
0.00026024994
0.7089502
5.03562e-05
0.9999999
0.99999154
0.6490149
0.00018237547
3.0079107e-05
0.41926298
3.9647017e-05
0.99998486
0.54957646
5.2274198e-05
0.9998173
0.9987191
2.0992644e-05
0.9999939
0.0001279927
7.826045e-05
0.41913635
0.41916156
0.9999962
5.4774813e-05
8.397599e-06
1.8376195e-05
0.9999988
0.9999937
0.4191396
0.53717774
0.91492563
0.99999833
0.9982399
0.41939858
0.41928098
0.99999964
2.2688444e-05
1.5673144e-05
0.5382315
0.41891438
0.99999917
1.2951724e-05
0.00017847405
0.9968905
0.99998367
9.067969e-05
0.41858327
7.396845e-05
0.8503726
7.43173e-05
0.8418266
1.7286317e-05
0.9999989
0.4190783
0.41888446
0.5485053
4.8042534e-06
0.00030677754
6.1913604e-05
0.54258925
0.55898887
9.915339e-05
0.99993384
0.9999987
0.99762565
0.41911992
0.00036389055
0.99720407
0.00040164546
0.9718912
0.41864058
7.170468e-06
0.41929448
0.00011735486
0.0001354301
4.2465737e-05
0.41921142
4.4822118e-05
0.54864526
0.41877
0.99998426
0.4190038
0.99939144
0.41733405
7.224876e-05
0.00056371646
0.00025152494
4.0442566e-05
0.99994063
4.9532297e-05
7.238234e-05
0.4189378
0.99997985
0.9999809
0.41916046
3.8855298e-05
0.00044748688
0.000116941315
0.99999547
0.0003632218
0.9999993
0.4015227
0.41914517
0.999998
4.333875e-05
0.9994325
0.9999951
5.4950444e-05
0.9984573
0.9998078
0.00014900604
0.5406387
3.247326e-05
0.99999917
0.99991155
0.9999988
0.99967813
0.99915874
0.00020886796
0.00012361398
0.00012010165
6.0539645e-05
7.633368e-05
0.9999949
0.9167111
6.302188e-05
0.14042708
5.9667316e-05
0.9999968
4.357779e-05
5.4615623e-05
3.6669324e-05
0.31078854
0.5413814
4.3101634e-05
3.8883358e-05
3.1865788e-05
0.9996637
4.7363377e-05
0.99999976
0.9999764
0.9972836
1.6954285e-05
0.9962567
0.00024890457
0.41887507
0.41927812
2.3618455e-05
0.5451296
0.00022871944
0.99236566
5.3610776e-05
0.9967243
0.41509482
5.7320754e-05
8.671396e-05
6.7511784e-05
0.9982509
0.99999917
0.99998474
0.41846144
0.00012905535
0.9590828
0.532825
0.99999464
4.5132485e-05
0.99887604
0.8789919
0.41903207
3.4821303e-05
0.41911507
0.99999857
0.9999734
0.0014864616
0.9999994
0.99994075
0.00010120846
6.183495e-05
4.671554e-05
0.9999906
0.00010568624
0.9676521
0.99992836
2.8571158e-05
0.00017092591
7.204848e-05
2.8407467e-05
0.5487359
0.9990871
0.99999475
0.99791783
0.41881716
0.55547
7.3697665e-05
0.9999583
0.99943453
0.99998224
2.8626304e-05
0.000109315355
0.41858485
3.1345873e-05
0.9999758
0.9599702
6.278965e-06
0.9985619
9.584013e-05
7.9498e-05
0.99999917
0.41806674
0.5364413
0.99995327
1.2693772e-05
0.99541533
0.9727625
0.9999989
0.08868915
8.0782775e-05
0.9999927
0.924349
0.56344646
0.00083577604
0.89955765
0.9998344
0.9994443
0.99997747
0.9997652
0.99999607
0.9998982
1.5397261e-05
9.691854e-05
0.99666566
4.030181e-05
2.7080972e-05
0.000111230576
2.3874669e-05
7.6032265e-05
4.27394e-05
0.9998721
0.5431914
0.41882813
0.549623
0.99999785
5.8194735e-05
4.731164e-05
0.9999871
4.340157e-05
0.999959
0.9999993
0.5402094
0.5316578
0.9999552
3.781958e-05
0.00022791939
0.99999976
0.41887808
3.3371547e-05
0.99999535
4.5254623e-05
0.68409514
7.4782656e-05
6.273568e-05
0.9899442
0.00021170077
4.4409117e-05
2.8003118e-05
3.1574786e-05
0.4189848
1.8909073e-05
4.5728175e-05
0.999087
0.9999982
0.4190187
9.2409675e-05
0.99993587
3.276098e-05
0.00011818756
0.9999405
0.55108815
0.00011656368
0.5377959
0.41930515
0.9999461
4.8949893e-05
0.9999994
0.30814463
0.00013234791
0.41914564
3.7313097e-05
0.41902855
3.716905e-05
5.6771914e-05
6.349336e-05
0.9950295
0.52985716
7.4850366e-05
0.9997582
0.00029107742
3.4634486e-05
0.41880992
5.4846783e-05
0.999925
0.5506421
0.9727879
0.00010654585
0.00022152832
8.376775e-05
0.99942636
0.00015450298
0.9999305
8.42754e-05
0.00020770774
0.56035566
9.456681e-05
8.638655e-05
0.9995696
0.9999939
0.4178082
0.9999877
5.642783e-05
0.00011536193
0.99973243
0.98003495
0.9935409
0.00011352424
0.999995
0.99991524
0.53126
0.99999857
5.3188625e-05
0.9998534
0.9998878
0.99999654
1.6200445e-05
0.000571603
4.7286474e-05
0.41840363
7.60087e-05
0.99999726
0.0001344391
0.9999989
0.41912895
0.95242673
0.99999845
4.550753e-05
8.8717585e-05
0.00013645661
0.54258466
0.99972945
0.9991592
0.99999905
0.5624295
0.5511571
0.67742413
0.00037332642
0.4192196
0.99821234
0.91752577
4.49094e-05
0.999948
0.9982644
0.99999964
0.99999225
0.00013573404
0.0001776677
0.99966574
0.99999976
0.00014391144
0.8171014
0.4193037
0.9999995
0.00014123508
7.302489e-05
0.99999785
0.99992096
0.57242274
0.9999286
0.998912
0.00010415352
4.7452348e-05
3.1350566e-05
0.9999999
0.99999976
0.41874433
0.99999475
0.5413409
0.9999933
0.9999999
0.9970319
3.4034034e-05
2.8915794e-05
0.9961242
0.00014259247
7.8140605e-05
2.8698742e-05
0.99998057
0.00044923837
3.6729485e-05
0.00011218264
0.41898456
0.99999
0.41914886
0.99978083
4.4403612e-05
0.54804903
5.1457177e-05
0.41846102
2.32122e-06
3.920962e-05
1.6090326e-05
3.6459372e-05
0.53953177
0.41910756
0.9984125
0.00010758547
0.99993896
0.4192004
0.00025045217
0.00047589626
0.13466439
0.544582
0.41784644
0.98506737
6.161328e-05
0.41897485
7.413892e-05
0.5530548
0.41924343
0.24423538
0.41903758
0.41875878
0.99999774
1.3107756e-05
0.9999962
0.99987984
0.99688727
0.99502087
6.0550155e-05
0.9999995
0.99999595
0.8159858
0.00010871513
0.9999646
0.70792496
0.9999993
0.41804016
3.285484e-05
0.5376652
0.9999896
0.41895017
0.99997497
2.251955e-05
0.00010550338
0.00010226815
0.294652
0.99999654
0.54598516
0.4187765
0.55656046
0.9999864
0.00032823047
0.99999714
0.99999785
0.9999784
0.9999008
0.9978854
0.4191373
3.1202657e-05
0.99999714
0.41909087
0.9999597
0.418982
0.99999356
0.5481021
0.9915936
0.999998
0.00013120697
0.5501755
0.99999547
0.000119539865
0.99999416
4.7447007e-05
4.5206358e-05
0.00020822152
5.8445836e-05
0.41903302
0.00024584297
0.54639226
0.53756934
0.9999864
1.4552315e-05
0.99541724
0.9295133
3.4177043e-05
0.0001258472
0.9999883
0.999987
0.4190599
0.9942116
0.99990034
0.9999914
9.524765e-05
0.99998677
3.646014e-05
0.99992096
0.00013382481
8.202515e-06
0.41914317
0.99907756
0.000119784956
0.9999994
0.4190847
0.9999186
0.4189775
1.8082817e-05
0.99654716
0.99990046
8.64938e-06
0.99999094
0.99994826
6.750947e-05
0.70602787
7.840858e-05
8.58697e-05
0.41923386
0.41828054
0.99093187
0.3291055
0.5471364
0.5370051
0.9982297
0.41901004
0.55559504
0.00018387868
0.99291176
0.41877475
0.41890764
2.326538e-05
2.7013988e-05
1.0
0.41913423
0.54123485
3.0706586e-05
0.99995196
0.4722381
1.2322183e-05
0.9999902
0.00012254504
0.41931495
0.99963045
0.00019137344
9.605258e-05
0.9998957
0.9999994
0.41931936
0.3124487
0.55233943
0.0001771553
0.4193511
0.9999943
0.4192888
0.41877344
4.6064706e-05
0.00022147784
0.41906372
0.41921988
0.41892743
0.99989295
0.9998385
0.99694926
6.198615e-05
0.41911444
0.99941826
4.6722405e-05
4.392547e-05
0.54837936
8.060356e-05
0.9999958
0.9999993
0.9999944
0.99999857
0.00015218779
2.2105147e-05
0.9983858
0.99999607
0.9999747
0.999925
0.53786284
0.41913155
1.0
1.5996613e-05
0.99998283
0.99151176
6.870284e-05
3.303956e-05
5.191403e-05
0.0001353778
0.99994195
0.99961805
0.9971547
2.5084199e-05
0.99999917
9.745746e-05
0.5515881
2.6554106e-05
0.9999398
0.9996811
0.99992836
0.9999989
0.99998987
0.00028142112
0.4190592
9.1782196e-05
0.9999527
0.9970349
0.5505042
4.2221232e-05
0.99999964
0.9999933
0.5627426
1.4352292e-05
0.9999914
1.0441077e-05
0.99999523
0.9943363
0.9999951
3.0469437e-05
0.41903
0.99999046
0.00021258126
0.0008698434
0.0002645671
0.9999943
5.0394196e-05
0.51918215
0.9976283
0.995507
0.00018012535
3.0983236e-05
0.7892786
0.99999964
8.177064e-05
0.99999905
0.54360443
1.6716018e-05
5.8424273e-05
0.0020476358
8.521752e-05
0.9999957
0.4188013
2.4565888e-05
0.99675447
0.9993142
5.547861e-05
9.522667e-05
0.99998116
0.00017937603
0.99906236
3.066044e-05
1.8774921e-05
6.785872e-05
2.1271979e-05
0.99523264
5.2231895e-05
6.759592e-05
0.99969745
2.4665092e-05
8.7208275e-05
0.55371195
0.16064313
1.0663215e-05
2.58732e-06
0.42012236
0.4191522
0.9999857
0.9997807
0.99999535
1.0882436e-05
0.9882731
0.00010601197
0.9999491
7.783272e-05
0.9999994
0.99994934
0.9999733
0.99958354
2.2743858e-05
4.9801987e-05
0.419152
0.9249575
0.4190281
0.81472224
0.2629504
0.3444121
0.41907695
0.97100645
0.53146
0.41910866
0.99763656
0.52440715
0.9999945
0.5425775
0.9997855
5.4804864e-06
3.518025e-05
0.999405
3.2965974e-05
8.243089e-06
0.0001551101
5.3950756e-05
0.9909574
0.99785346
0.99999905
0.99972874
1.8718907e-05
0.9999999
0.0001563694
6.170448e-05
1.5664553e-05
0.9903847
4.5486446e-05
4.1576794e-05
0.41937017
0.9999181
0.00064849376
0.41912088
6.703821e-05
0.00023777966
5.2976422e-05
0.00016030169
1.5733736e-05
0.9998129
1.852219e-05
0.9999893
0.00032895445
0.4191783
2.0647056e-05
0.99988747
0.13078535
0.000106867075
0.00013762774
0.9999999
0.9994325
0.00017184988
9.64259e-05
0.00024753713
0.41880214
0.7940147
0.9999987
0.0001109801
0.9999603
0.9956552
0.9999229
4.2378557e-05
0.9999895
9.0271955e-05
0.00021935189
0.42577767
0.9965024
3.733431e-05
0.39543533
0.9998235
9.269704e-05
1.3154955e-05
5.6366516e-05
4.1820273e-05
0.99999785
0.9999968
5.4678316e-05
0.41895112
0.999998
3.5358036e-05
0.42693314
0.9998622
8.659885e-05
2.8757395e-05
0.9999988
1.5375823e-05
8.681407e-05
0.99992454
0.41889063
0.9999994
3.382956e-05
3.959722e-05
0.00017384854
0.0002886736
5.8704125e-05
0.9999701
0.41868252
4.8511025e-05
0.4190758
0.9999964
0.55831426
0.99846077
0.53678596
2.2026868e-05
6.987623e-05
0.9999988
7.4769465e-05
0.41917127
0.000109976776
0.4193052
0.99952507
0.41921806
0.0028429164
0.9999993
0.41874257
2.4403493e-05
0.32975483
0.99919504
0.9984754
3.1117106e-05
0.9995316
8.987941e-05
0.4190829
0.547277
0.9999795
9.808061e-05
0.5490586
0.9999641
0.00013492393
0.00067808933
0.99999726
1.7900054e-05
0.9999988
5.664856e-05
0.97319907
0.41908357
2.546815e-05
0.99975973
1.4401335e-05
0.000145916
0.5328719
0.99997354
5.6753564e-05
0.0004256303
1.0
0.54314137
0.9999906
0.9999976
0.54727775
0.9984303
0.55045605
5.7907535e-05
0.99999475
5.2318235e-05
0.4194324
0.00022996648
0.00012002599
0.9999999
0.00010093331
0.99813735
0.54652923
8.970508e-05
5.2526597e-05
3.7229926e-05
2.1117758e-05
0.9999869
0.00032581176
0.9996942
3.3164913e-05
0.41921392
0.54764754
0.9998597
0.9999932
0.9872349
3.89865e-05
0.9983334
9.4318375e-06
0.00013819056
1.864819e-05
0.000109940804
0.0001955697
0.9977537
0.4190568
0.41902092
0.00015027709
0.25954208
0.9999497
0.99999785
0.9999516
0.9999839
0.99954754
0.8023423
0.9944067
0.9999933
4.1567873e-05
0.98780966
0.56127405
0.00010665777
0.9437773
0.99999
8.334322e-05
0.9999554
2.771333e-05
0.54827714
0.9999995
0.99999917
0.5487219
0.5575023
0.9999622
0.00033843826
4.593044e-05
8.689466e-05
2.5115603e-05
0.4184631
5.9416576e-05
0.00016166337
0.99999905
0.9929114
0.984649
0.41906682
0.41923344
0.00049602956
0.4190964
0.4191448
0.5196709
3.2440854e-05
0.9952506
7.753885e-05
0.9999925
0.00015051271
0.8860729
0.99999857
0.99988616
0.55714124
2.4299175e-05
0.99853766
2.0945849e-05
0.9954906
0.00024033012
2.8012655e-05
6.45291e-05
0.4190266
0.999997
8.810081e-05
6.3605203e-06
0.54554564
0.99999356
0.55535066
9.978482e-05
0.9970759
0.9976942
0.9999999
7.831218e-05
0.00021414302
0.99998844
2.7971144e-05
0.00014993959
0.41872782
0.5295676
0.53975314
0.41858795
6.800655e-05
0.9999653
0.5191846
7.343446e-05
0.55200624
0.41927695
3.7834983e-05
0.0002750763
0.9999994
0.9998202
6.14457e-05
2.1265023e-05
0.00015208247
0.99380857
0.0002293831
0.999138
0.41829142
0.54771245
8.1953236e-05
7.696653e-06
0.99999404
0.9999988
0.9999912
0.5530073
0.22795725
0.99999845
3.891437e-05
4.5985657e-06
8.165789e-05
0.91304415