0.55211544
1.0
0.41380355
0.54863364
0.4132862
0.00028040554
0.00032263022
1.0
0.41244474
0.98322004
0.0016064101
0.00025191903
0.0002188837
0.3970249
0.9999999
0.00024319459
0.0011684686
0.9975553
0.0001849783
0.43905732
0.9980506
1.2398648e-05
0.41154662
0.0005722263
1.9394845e-05
4.6314723e-05
0.42895967
0.999529
0.4144329
1.0
0.0005218852
0.4127018
0.9619959
0.41381738
0.41309208
0.42055842
0.545359
0.9998857
1.0
0.9999995
4.7126614e-05
0.43540367
2.979754e-05
0.41431323
0.0012184412
1.0109175e-05
0.6416522
0.9933656
7.864834e-06
0.99999976
0.9999931
0.000201119
1.0
1.0
0.43343124
6.7048306e-05
0.54726887
1.0932991e-05
6.691391e-05
8.341447e-05
0.5795781
1.0
0.55002266
0.4133713
0.97129345
0.9031601
0.56072193
0.00031752422
0.8013139
0.55541897
1.0
2.1841975e-05
0.88051707
0.5001116
0.00012556539
7.5570584e-05
0.0002660651
0.5467805
0.4132807
0.42071286
0.010538808
0.00045302158
0.41447067
1.0
1.0
0.00040957276
0.6894743
1.0
1.0
0.8797413
0.00014272102
5.7806843e-05
1.0
0.9999957
1.0183964e-05
0.00039295084
0.9999994
0.99993217
1.0
1.0
0.41315362
0.41432258
0.00021292144
0.00012307882
0.41655856
5.708093e-06
0.00025559182
0.9999988
0.99999964
1.0
0.0005239352
0.41459137
0.99936765
4.4391676e-05
0.4168634
0.0088991495
1.6401556e-05
6.837747e-06
0.9999999
0.9803389
0.9999995
1.0
2.1830188e-05
1.0
5.219364e-06
0.9999999
8.142177e-06
0.00038617515
6.26119e-05
0.99997747
1.0
0.99924755
0.0033044696
0.9999912
4.8180555e-05
0.00030667402
0.12170385
1.0
0.41246572
0.0008007811
1.0
5.570838e-05
0.9999999
0.00044353562
0.99999285
0.0025092952
0.000103677885
0.43048552
0.00014524814
0.0007791593
1.0
0.9943184
0.41640195
0.0027519239
9.1026326e-05
0.42007148
1.0
0.00013064043
0.0003994634
0.9999957
1.0
0.9999943
0.9938605
0.99996185
1.0
7.818826e-06
0.56854147
0.5683292
0.00011869308
6.283895e-06
4.6440902e-05
0.4140415
1.196891e-05
0.60750085
0.00011879477
1.3644716e-05
1.5396277e-05
1.0
7.078359e-06
5.9399696e-05
0.9798109
0.0002376822
6.170471e-05
1.0
0.999954
0.99999964
0.4162705
0.41183433
0.0038680604
1.0
0.0001115872
1.0
1.0
1.0
0.00014945399
0.005473992
0.413879
0.9999969
1.3850473e-07
0.00024080904
9.221882e-05
0.9999999
1.0
0.99998343
0.9999999
1.0
3.557192e-05
1.0
0.00023024093
0.0004028511
0.41549784
0.41856655
1.0
8.211571e-06
0.4134205
0.41377077
0.00014402071
0.7753549
5.6023604e-05
0.00020986948
0.0037564342
1.0
3.2301625e-05
3.3433695e-05
0.00019847146
1.0
0.999997
6.2752675e-05
0.41609776
9.633657e-05
1.0
0.4123693
0.4119803
0.41509625
0.545949
0.41530398
0.99999976
1.0
0.0011741364
0.0004019088
0.00079229526
1.5392372e-05
1.0
0.999877
0.9999194
1.28321235e-05
0.4134674
0.0008466044
0.41525802
0.756314
1.0
0.0011889508
0.9999689
0.048916202
8.72948e-05
1.0034045e-05
0.999997
0.9999913
1.0
0.9999999
1.0
0.0026812062
0.9999999
0.99999213
0.9556212
5.1328134e-05
0.0010577091
0.00023686145
0.20002154
1.0
0.41570097
0.9961402
0.004308954
4.7018115e-05
1.0
0.33746862
0.1935591
6.5950815e-05
0.99999666
0.99999297
1.0
1.0
2.4107414e-05
0.00010889338
1.0
0.9999982
0.4218028
1.0
2.2558628e-05
0.41410702
0.9931899
1.0
0.55320495
0.00033924246
0.9998016
0.00011813033
0.99374855
0.9999695
4.3148146e-05
1.0
0.41402122
7.646445e-05
0.88033855
0.9999988
1.0
8.741626e-06
0.5605406
0.0005306901
1.0
1.1414863e-05
5.264138e-05
0.9995437
0.9999989
0.9999939
1.0
3.7913684e-05
3.5508678e-05
0.0014509362
0.99997556
2.555881e-05
5.053106e-05
0.00028245602
0.00016079968
0.00019748119
0.999998
0.81819195
9.891719e-06
0.0010445188
0.41377965
1.0
0.8365669
0.0047473963
1.0
0.99999535
0.6660109
0.41312024
1.0
1.0
0.00030293444
0.0012144893
0.0004374361
9.798684e-06
0.9999988
0.4283929
0.99999976
0.98508584
0.9896814
1.0
1.0
0.9999999
1.0
0.00022992372
1.0
0.43298063
0.9999995
0.0031129168
2.7343256e-05
0.57668984
1.0
0.98061097
8.459855e-06
0.9999801
0.008900597
0.0006139372
1.8976953e-06
0.4154099
0.9908921
3.574862e-05
9.470795e-05
0.41329724
0.41249043
1.8808576e-05
1.0
2.5134195e-05
9.28376e-05
3.1105803e-05
0.9999999
0.99893636
4.403296e-05
0.0010814304
1.0
1.0
0.999728
1.9250228e-05
8.944113e-07
0.99989796
1.0
0.4253275
0.00027513428
0.9999994
0.5650862
1.0221657e-05
0.00044720504
9.989009e-06
0.4133511
1.0
0.9999454
4.4729375e-05
9.837763e-05
2.0805477e-05
0.00042617213
0.99999976
1.0
0.32208908
0.5303129
0.4065872
0.99999976
1.0
1.0
0.41407353
0.99995625
0.4131629
1.0
1.0
0.00038970323
0.001212652
0.99999213
0.0003063552
1.0
9.7323355e-05
0.0056330366
0.41479248
3.879839e-05
9.395273e-06
1.0
1.0
0.99999976
0.42654648
5.1305036e-05
0.00020387261
7.807484e-05
1.0
0.41366938
0.75727105
0.0030799608
0.00043653615
0.9999999
0.55281764
0.99820304
0.41947332
0.00019731424
0.00021177244
0.00056007464
0.99999666
1.0
1.5748763e-05
0.9999753
0.99999964
0.41338545
1.0
0.9999397
0.4143766
0.99867415
0.00014545493
0.2743178
0.00018527625
1.0
0.9998703
1.2015433e-05
0.0042658397
1.0
1.0
4.4393495e-05
0.99441516
2.2227501e-05
1.0
0.9999678
0.39945993
0.00013066496
9.443559e-05
0.41313046
0.0014454707
1.0
0.5730188
4.920064e-05
0.9999802
0.99998987
0.0010701693
1.0
7.5053715e-05
0.00028826602
0.41632217
0.4139638
1.0
1.3096673e-05
0.00015970392
1.2067879e-05
1.0
1.0
0.41411456
0.4445543
0.9999949
1.0
0.9999994
0.41395086
0.41484454
1.0
0.00014998592
6.765475e-06
0.5374415
0.4226998
0.99999976
0.00015354395
0.0002306516
0.99968314
1.0
0.00013894528
0.41634324
0.00041754116
0.740246
0.00048645822
0.6499212
7.724534e-05
1.0
0.41292545
0.418218
0.5683579
1.0522044e-05
0.00037751012
0.0002659142
0.57083
0.6081414
1.0161533e-05
0.99999917
1.0
0.9994
0.41497752
7.670999e-05
0.9998267
0.0024479215
0.9588094
0.4144579
0.0005183279
0.3515294
5.4973716e-05
0.00019989298
1.6801667e-05
0.41429624
3.8618102e-05
0.54990625
0.41190252
0.999998
0.41276443
1.0
0.4257644
0.0001190018
6.740404e-05
0.03522998
0.0005603846
0.99999905
0.004947455
7.4763055e-05
0.4139079
1.0
1.0
0.41254887
3.5722584e-05
0.17374364
7.1412345e-05
0.999992
4.554704e-05
1.0
0.39332765
0.41663408
0.99999964
0.00019132637
0.9999999
1.0
7.90256e-05
0.9973078
0.9999999
6.473237e-05
0.54531
0.00028287264
1.0
1.0
1.0
1.0
0.9999956
7.202478e-05
0.00015049521
3.526765e-05
0.000106864834
0.0024078842
1.0
0.995804
0.00038366322
0.5295475
0.0017118851
1.0
2.5281124e-05
1.7293967e-05
0.0017466007
0.06935977
0.5531598
4.3246437e-05
2.533427e-05
0.0037424485
1.0
6.64105e-05
1.0
0.9999999
0.99861276
0.0005702907
0.9999999
0.00014400245
0.41349402
0.41405472
4.8989587e-05
0.55850273
0.00044904288
0.9996675
2.1686681e-05
1.0
0.6102285
8.486804e-06
0.0022823242
1.4802526e-05
0.9999906
1.0
0.9999864
0.4247952
0.0028646416
0.9994779
0.457376
1.0
0.0011854351
0.99974304
0.9997105
0.413358
6.0314975e-05
0.41505423
1.0
1.0
0.06828278
1.0
0.9999882
1.3333471e-05
0.00027296355
0.00036690876
0.99998295
5.5478136e-05
0.99409443
1.0
5.6610053e-05
0.00027058052
5.251663e-05
0.00016861466
0.84998703
0.9999484
0.99999654
0.99882
0.4139408
0.99507904
0.00020775945
1.0
0.999984
0.9999999
1.808638e-06
8.498275e-05
0.4180299
0.0005970869
0.9999993
0.985782
3.7456346e-05
0.9969998
0.0034790304
0.00029343943
0.9999914
0.43110636
0.5384855
1.0
3.83359e-05
0.9999895
0.9999999
1.0
0.23998106
6.423931e-06
1.0
0.9989255
0.6005105
0.011305223
0.94514894
0.9999999
0.9998735
0.9999993
0.9999677
1.0
0.9999827
0.04473097
2.033551e-05
0.9999187
0.004447746
0.000117413394
0.0054828483
0.0050276197
0.00019934084
0.00044413746
0.99998915
0.9938046
0.42316556
0.55952704
1.0
0.0009824749
0.00033573512
1.0
5.4906654e-05
0.9999957
1.0
0.56672096
0.44081098
0.99999976
7.402187e-05
0.00013368795
0.9999999
0.4167579
0.000109437395
1.0
0.00051968097
0.6507598
7.535409e-06
0.0001273414
0.999998
0.0004406384
2.1588627e-05
0.0006728131
2.3599789e-05
0.4136672
1.6445254e-05
0.000108294844
0.999223
0.9999999
0.41900083
0.0032519118
0.9998939
2.8499779e-05
0.00062291825
1.0
0.9988061
0.000116126896
0.54637194
0.41409254
1.0
0.000113657465
1.0
0.026591823
0.00017211227
0.41507354
0.0005607896
0.4128669
0.00040010654
0.00032620275
0.00169465
0.9999275
0.44650662
1.7943245e-05
0.9999713
2.906165e-05
0.0054798955
0.41354683
1.154837e-05
0.9999968
0.5583081
0.9999968
5.2536616e-05
5.0757144e-06
0.0002456206
0.99986064
6.796114e-06
0.99999785
4.0419047e-05
0.011211427
0.5641716
0.00018137382
1.0676454e-05
0.99999964
1.0
0.40367073
1.0
0.00055496476
0.0006646512
1.0
0.7780706
0.998611
0.000502569
0.9999999
0.9999987
0.5391894
1.0
0.00033185203
0.99999976
0.9999988
1.0
4.957776e-05
5.0154245e-05
5.9187372e-05
0.42545933
5.4734555e-05
1.0
9.9940036e-05
0.9999989
0.41427574
0.99996674
1.0
0.00049110356
0.00017692859
0.00013200496
0.63326436
1.0
0.99999607
1.0
0.66182184
0.56036735
0.9900759
5.0563453e-05
0.4137527
0.9999987
0.9989484
0.008635564
1.0
0.9999354
1.0
0.99999714
0.00069847755
2.7486683e-05
0.99999285
1.0
5.9512015e-05
0.5898793
0.4133672
1.0
8.183188e-05
0.0001613929
1.0
0.99734914
0.9961402
0.9996619
1.0
0.00017559533
5.6722885e-05
0.0037474192
1.0
1.0
0.41472027
1.0
0.53830093
0.9999999
1.0
0.9999964
0.001660472
0.00014460526
0.9999925
0.0034873958
2.3162858e-05
0.00022953581
0.9999999
5.867452e-05
0.00051340007
6.764041e-05
0.41351217
1.0
0.41352206
1.0
1.7807059e-05
0.56499606
0.00084040116
0.43334982
0.51201826
7.177928e-07
0.0023304194
0.0001773698
0.75933075
0.4132553
0.99999917
4.1629402e-05
1.0
0.41376022
1.1840496e-05
0.001149835
0.64155143
0.56040055
0.41218758
0.8587309
0.00028403552
0.41583967
0.0037993866
0.59214824
0.4141744
0.038117535
0.41206595
0.41749617
1.0
0.0012364651
1.0
1.0
0.9999858
0.97495687
8.672934e-05
0.99998724
0.9999999
0.9656257
6.563272e-05
0.9999939
0.30568334
1.0
0.12563063
1.9756535e-05
0.54738617
1.0
0.41340664
1.0
6.866439e-05
0.0003054121
0.0004196027
0.06624835
1.0
0.54537654
0.41692254
0.9954442
1.0
0.0019242943
1.0
1.0
0.999943
0.9999889
0.9999716
0.4123724
1.4970755e-05
1.0
0.41245568
0.99999964
0.41363725
0.99999976
0.8581652
0.99999976
1.0
0.0017139063
0.57104224
1.0
0.00060162204
0.9999999
0.0008237522
0.00019055336
0.004006225
0.001447107
0.41386646
0.00031802926
0.5766472
0.5348368
1.0
0.00020354029
0.999998
0.9141801
0.00014028241
8.675937e-05
0.9999914
1.0
0.41494322
0.99999976
0.99999905
0.9999999
2.108864e-05
1.0
0.0006572636
0.99999845
0.0001319754
0.00015587501
0.4151914
0.99999094
0.00012996489
1.0
0.41899967
0.9999994
0.4128261
0.00013053048
0.99998796
0.9999999
6.387784e-06
1.0
0.9999862
0.00022230102
0.93903065
0.00039861948
8.985381e-06
0.4143569
0.40007922
0.9996669
0.25515583
0.54817563
0.49905849
0.99181706
0.41421548
0.5467237
0.00018205354
0.9983992
0.4147365
0.42112255
0.00011140146
6.1390645e-05
1.0
0.41320595
0.6451036
0.0004955801
1.0
0.93948203
8.543876e-05
1.0
9.1108e-06
0.41246545
0.9999925
2.1912285e-05
0.00010333293
0.9999999
1.0
0.413065
0.046577893
0.5719035
0.00013107191
0.41322875
1.0
0.41355237
0.41597754
3.551887e-05
0.0018952236
0.41821402
0.41318473
0.4165672
1.0
0.99981326
0.99967146
6.645599e-05
0.41304234
0.9999454
4.2440897e-06
0.0018227076
0.99887043
7.82975e-06
0.9999999
1.0
1.0
1.0
1.9633924e-05
0.0012242572
0.9999125
1.0
1.0
0.999345
0.56750154
0.41537806
1.0
0.00043630588
1.0
1.0
4.7505364e-05
9.7326505e-05
9.181501e-05
0.00076003047
0.9999987
0.9999902
0.99990106
0.00010233684
1.0
0.036317524
0.5622295
0.00015983936
0.99999964
0.9999957
0.9999994
1.0
1.0
2.397609e-06
0.41640487
5.7215384e-06
0.9999982
1.0
0.5401749
0.00016192703
1.0
1.0
0.56604683
2.861832e-06
1.0
0.00026371435
0.9999994
0.99982905
0.9999994
9.9357385e-06
0.41385442
1.0
0.0062787863
0.00017526846
0.00017698765
1.0
8.12305e-05
0.97410154
0.9999628
0.9999646
0.0002105901
0.004071114
0.99997604
1.0
0.00013025221
1.0
0.5384196
6.0295304e-05
0.00032841452
0.0005755449
9.7402546e-05
0.9999993
0.4145738
0.0042582084
0.9999994
0.99999666
0.0007733669
4.3381875e-05
0.99999976
5.969424e-05
0.99995077
1.9391628e-05
4.3598408e-05
7.8960074e-05
0.0007248658
0.9999944
0.0002471624
0.00041221632
0.9999999
1.506666e-05
0.00020851634
0.5526834
0.026138728
0.00012347709
9.3443516e-05
0.41737258
0.41305497
0.99999976
0.99999905
1.0
0.00053345656
0.9999975
0.003415258
0.99999964
0.0065522077
1.0
1.0
1.0
0.99999964
9.757142e-06
1.9955987e-05
0.41399983
0.99727863
0.41392234
0.91895026
0.23903126
0.593939
0.4130791
0.9994307
0.6331546
0.41374186
0.9999474
0.98388135
1.0
0.54768646
1.0
1.418656e-05
0.0012847143
0.9999436
0.00041602683
0.0040406655
4.07275e-05
3.908724e-05
0.99999845
0.9999994
1.0
0.9999999
0.00092295324
1.0
0.0045162626
1.5244679e-05
6.938963e-06
0.99956006
2.9062425e-05
6.1712366e-05
0.41368496
1.0
1.5101775e-05
0.4128403
2.7275231e-05
7.450491e-05
0.0007653386
2.4964374e-05
5.382506e-05
0.99999976
0.0009315344
1.0
0.00035306023
0.41292757
2.7775295e-05
0.9999999
0.95550287
9.369567e-05
0.00025566446
1.0
0.9999937
0.00028486457
8.211579e-05
5.5477707e-05
0.41413411
0.9892539
1.0
2.2821098e-06
0.9999925
0.99959594
0.99999976
1.8020053e-05
1.0
9.7428645e-05
1.50146925e-05
0.087862715
0.99543434
2.2891349e-05
0.41460243
0.9995359
4.152211e-05
0.0015762
9.0422545e-05
0.00013270137
1.0
1.0
2.6505299e-05
0.41755047
1.0
3.0863506e-05
0.40645936
0.9999895
2.8419634e-05
0.00038570125
1.0
0.0012563864
0.00011411172
1.0
0.41338572
1.0
9.265091e-05
0.0012170364
0.004379099
0.04547153
4.395857e-05
0.9999999
0.4267302
1.6256625e-05
0.41519877
1.0
0.99904567
0.9983802
0.5310917
1.8467901e-05
1.842076e-05
0.9999999
2.2015694e-05
0.41330415
0.00032845617
0.41365245
0.99999964
0.41253224
0.39923087
1.0
0.41326168
7.678713e-05
0.073653765
0.9998356
0.9999976
0.0004014795
0.9999695
3.1528358e-05
0.4159467
0.97349936
1.0
0.00021406586
0.5959551
0.99999714
0.00020240003
0.00024681317
1.0
0.00035458588
1.0
3.273403e-05
0.98856914
0.41364262
0.00034834314
0.99997115
0.015220043
1.974561e-05
0.496823
1.0
2.9541705e-05
3.024043e-05
1.0
0.5442242
0.99997556
0.9999995
0.5498242
0.9999999
0.55642796
1.8076507e-05
1.0
0.00012663472
0.41440782
0.0036561463
2.1118685e-05
1.0
5.711189e-05
0.99999666
0.5567721
2.0047679e-05
6.0796e-05
0.00026363943
4.1767264e-05
0.9999999
0.0025287396
1.0
5.6876554e-05
0.41251394
0.55512464
0.9999738
0.99999905
0.99946314
0.00014990228
0.9999223
0.00028867525
2.239337e-05
2.9776224e-06
4.781949e-05
1.1435206e-05
0.99999976
0.4151751
0.4122523
7.1410905e-05
0.07085705
0.99999964
1.0
0.9999993
1.0
1.0
0.99908745
0.9999901
0.99999833
0.00026564256
0.99994195
0.5781202
0.00014633735
0.99368095
1.0
0.0020566336
1.0
8.4204636e-05
0.55022204
1.0
1.0
0.56067777
0.56540596
0.99999297
1.6519934e-05
0.0007503708
0.016876452
0.0017671871
0.42431086
4.2524803e-06
0.00017118198
1.0
1.0
0.99998677
0.41264153
0.41373208
0.00039980744
0.41312048
0.41348627
0.42088667
0.00031913575
0.9972887
0.00024276486
0.99999845
2.3985098e-05
0.8987654
1.0
1.0
0.5679309
0.00019134408
0.99991083
1.9865813e-05
1.0
9.837603e-05
0.00016112275
0.00075247325
0.41438732
1.0
0.00013744281
9.3470604e-05
0.54565746
1.0
0.55880105
0.00013705085
0.9999461
0.99838567
1.0
0.0022097467
0.00204778
0.9999976
2.1811586e-05
0.00012293395
0.4202072
0.4773388
0.5475968
0.41770086
0.00017763027
0.9999993
0.5494253
2.7932014e-05
0.55153704
0.41353253
0.00083594414
0.00017188315
0.9999999
0.9999999
0.040179204
3.0251851e-05
0.00027560687
0.9999862
0.10010901
0.9999912
0.4290003
0.55700034
0.0004839591
6.2907675e-05
0.9999956
1.0
1.0
0.8548475
0.025698014
0.9999999
0.00014504662
2.3403447e-06
0.0072093583
1.0