1.0
1.0
0.0
1.0
0.0
0.0
0.0
1.0
0.0
0.99796176
0.0
0.0
0.0
0.0
1.0
0.0
0.0
4.0928142e-23
0.0
0.9996419
0.9981029
0.0
0.0
0.0
0.0
9.702543e-31
0.03648218
0.99999845
0.0
1.0
0.0
0.0
9.4234736e-08
0.0
0.0
0.0
0.99999905
0.99999905
1.0
1.0
0.0
0.0029471572
0.0
0.0
0.0
0.0
1.0
0.9943051
0.0
1.0
0.99999774
0.0
1.0
0.9999999
0.8873668
0.0
1.0
1.5144364e-29
0.0
0.0
1.0
1.0
1.0
0.0
0.9988017
0.9641742
1.0
0.0
0.9578666
1.0
1.0
0.0
0.9956683
0.79299754
0.0
0.0
0.0
1.0
0.0
0.0
0.0
0.0
0.0
1.0
1.0
0.0
1.0
1.0
1.0
0.9986512
0.0
0.0
1.0
1.0
0.0
0.0
1.0
0.99984705
1.0
1.0
0.0
0.0
0.0
0.0
0.0
0.0
0.0
1.0
1.0
1.0
0.0
0.0
1.0
0.0
0.0
0.0
0.0
6.553332e-39
1.0
0.96583897
0.9874315
1.0
0.0
1.0
0.0
1.0
0.0
0.0
0.0
0.99999547
0.9999999
0.9999833
0.0
1.0
0.0
0.0
0.0032111425
1.0
0.0
0.0
1.0
0.0
0.9973322
0.0
0.9999789
0.0
0.0
0.0
0.0
0.0
1.0
0.9999746
0.0
0.0
0.0
0.0
1.0
0.0
0.0
0.99999976
1.0
1.0
0.78198624
1.0
0.99999785
0.0
1.0
0.9999988
0.0
0.0
0.0
0.0
1.5117846e-32
0.87682694
0.0
0.0
1.2356107e-33
1.0
0.0
0.0
0.9383833
0.0
0.0
1.0
0.9999981
1.0
0.0
0.0
0.0
1.0
0.0
1.0
1.0
1.0
1.6038811e-32
0.0
0.0
0.99997985
0.0
0.0
0.0
0.9999999
1.0
1.0
1.0
1.0
8.039905e-34
1.0
0.0
0.0
0.0
0.0
1.0
0.0
0.0
0.0
0.0
0.5111457
0.0
0.0
0.0
1.0
0.0
0.0
0.0
1.0
1.0
0.0
0.0
0.0
1.0
0.0
0.1498118
0.0
0.9982646
0.0
1.0
1.0
0.0
0.0
0.0
0.0
1.0
0.999995
0.9999012
0.0
0.0
0.0
0.0
1.6877838e-08
1.0
0.0
0.9989483
0.0
0.0
0.0
1.0
0.9996294
1.0
1.0
1.0
0.0
1.0
1.0
0.97738075
0.0
0.0
0.0
0.00031698553
1.0
0.0
0.94043916
0.0
0.0
0.9996991
3.5144106e-12
0.00017661374
0.0
0.99999607
0.99999964
1.0
1.0
0.0
0.0
1.0
1.0
0.0
1.0
0.0
0.0
0.32721463
1.0
0.9913448
0.0
0.9999999
0.0
0.06997111
0.9999999
0.0
1.0
0.0
0.0
0.99825925
1.0
1.0
0.0
1.0
0.0
1.0
0.0
0.0
0.047651973
1.0
1.0
1.0
0.0
0.0
0.0
0.99999785
0.0
0.0
0.0
0.0
0.0
1.0
0.99999976
0.0
0.0
0.0
0.9997105
0.93096083
0.0
1.0
1.0
0.9709328
0.0
1.0
1.0
0.0
0.0
0.0
0.0
1.0
0.0
1.0
0.9988078
0.9970988
1.0
1.0
1.0
0.993375
0.0
1.0
0.0
1.0
0.0
0.0
0.99999964
1.0
1.0
0.0
1.0
0.0
0.0
0.0
0.0
0.999721
0.0
0.0
0.0
0.0
0.0
1.0
0.0
0.0
0.0
1.0
0.9999281
0.0
0.0
1.0
1.0
0.9999819
0.0
0.0
0.9999995
1.0
0.0
0.0
1.0
1.0
0.0
0.0
0.0
0.0
1.0
0.9997559
0.0
0.0
3.2345595e-38
0.0
0.99843174
1.0
0.0
0.99936515
0.0
1.0
1.0
1.0
0.0
0.99928707
0.0
0.99999976
1.0
0.0
0.0
0.9999999
0.0
1.0
0.0
0.0
0.0
0.0
0.0
1.0
1.0
1.0
0.0
0.0
0.0
0.0
1.0
0.0
0.06081574
0.0
0.0
1.0
0.99910384
0.997218
0.0
0.0
0.0
0.0
1.0
1.0
0.0
0.99999976
1.0
0.0
1.0
0.9999951
0.0
0.99780184
0.0
1.8683846e-06
0.0
1.0
0.9984022
0.0
0.0
1.0
1.0
0.0
0.9382455
0.0
1.0
0.99999964
0.00016607522
0.0
0.0
0.0
0.0
1.0
1.0
0.0
0.9999993
0.9996202
0.0
1.0
0.0
0.0
0.0
0.0
1.0
0.0
0.0
0.0
1.0
1.0
0.0
0.9956703
0.99959105
1.0
0.99996257
0.0
0.0
1.0
0.0
0.0
0.99999976
0.0
1.0
0.0
0.0
0.999995
1.0
0.0
0.0
0.0
0.9540189
0.0
0.993616
0.0
1.0
0.0
0.0
1.0
0.0
0.0
0.0
1.0
0.6069606
0.0
0.9999192
1.0
0.9998802
0.0
0.0
0.9999789
0.0
0.9999999
0.0
0.0
0.0
0.0
0.0
0.0
0.0
0.0
1.0
0.0
1.0
0.0
0.9999994
0.0
0.0
0.0
0.0
0.0
0.9999888
0.0
0.0
0.0
1.0
1.0
0.0
0.0
0.0
0.0
1.0
0.0
1.0
1.6976061e-18
0.0
1.0
0.0
1.0
1.0
0.0
0.9998659
0.9993456
0.0
0.99995446
0.0
1.0
0.9999981
1.0
1.0
0.9999987
0.0
0.0
0.0
0.0
1.928442e-36
1.0
0.99897563
0.0
0.99315816
0.0
1.0
0.0
0.0
0.0
1.8606113e-11
0.999998
0.0
0.0
0.0
1.0
0.0
1.0
1.0
0.9994223
0.0
0.9993574
0.0
0.0
0.0
0.0
1.0
0.0
0.9780266
0.0
0.9992884
0.0042434363
0.0
0.0
0.0
1.0
1.0
1.0
0.0
0.0
0.99910563
0.9599884
1.0
0.0
0.99994504
0.995265
0.0
0.0
0.0
1.0
1.0
0.0
1.0
0.9999969
9.510453e-38
0.0
0.0
0.9999989
0.0
0.99939215
1.0
0.0
0.0
0.0
0.0
0.99999964
0.9999999
1.0
0.9999256
0.0
1.0
0.0
1.0
1.0
1.0
0.0
0.0
0.0
0.0
1.0
0.99523664
0.0
0.9999989
0.0
0.0
1.0
0.0
0.9999999
1.0
0.0
0.9999988
0.9999429
1.0
0.00014287952
0.0
1.0
0.9999311
0.00065329915
0.0
0.5671602
1.0
0.9999908
1.0
0.9999783
1.0
1.0
0.0
0.0
0.9995408
0.0
0.0
0.0
0.0
0.0
0.0
1.0
0.99644995
0.0
1.0
1.0
0.0
0.0
1.0
0.0
1.0
1.0
0.99999547
0.002019824
1.0
0.0
0.0
1.0
0.0
0.0
0.9997676
0.0
0.8480484
0.0
0.0
0.977856
0.0
0.0
0.0
0.0
0.0
0.0
0.0
0.9999981
1.0
0.0
0.0
0.9999999
0.0
0.0
1.0
1.0
0.0
0.9999995
0.0
1.0
0.0
1.0
9.385759e-10
0.0
0.0
0.0
0.0
0.0
0.0
0.0
0.9998841
0.15748452
0.0
0.99999845
0.0
0.0
0.0
0.0
1.0
1.0
0.99492764
0.0
0.0
0.0
0.9999304
0.0
1.0
0.0
0.0
1.0
0.0
0.0
0.9999896
1.0
0.0
1.0
0.0
0.0
1.0
0.9947753
0.9999999
0.0
1.0
1.0
0.99998
1.0
0.0
1.0
1.0
1.0
0.0
3.682991e-32
0.0
0.0
0.0
1.0
0.0
1.0
0.0
0.9998913
1.0
0.0
0.0
0.0
0.13410205
1.0
1.0
1.0
1.0
0.9999343
0.99752516
0.0
0.0
0.99134606
0.9966794
0.0
1.0
0.9999995
1.0
1.0
0.0
0.0
0.9999982
1.0
0.0
0.74599355
0.0
1.0
0.0
0.0
1.0
0.9999999
2.2469433e-06
1.0
0.9999919
0.0
0.0
0.0
1.0
1.0
0.0
1.0
1.0
1.0
1.0
0.99999976
0.0
0.0
1.0
0.0
0.0
0.0
0.9998727
0.0
0.0
0.0
0.0
1.0
0.0
0.9999783
0.0
1.0
0.0
0.0
0.0
0.0
0.0
0.0
0.8036961
0.0
0.9997837
0.0
1.0
0.0
0.0
0.0
0.9192586
1.0
0.0
0.9956585
0.0
0.0
0.0
1.0
0.0
0.028514596
0.0
0.0
1.0
0.0
1.0
1.0
0.9998467
0.99885666
0.0
1.0
1.0
0.99667466
0.0
1.0
1.557674e-06
1.0
3.8256433e-18
0.0
1.0
1.0
0.0
1.0
0.0
0.0
0.0
0.07533185
1.0
1.0
0.0
1.0
1.0
0.0
1.0
1.0
0.99869365
0.9999951
0.9999459
0.0
0.0
1.0
0.0
1.0
0.0
1.0
0.999949
1.0
1.0
0.0
1.0
1.0
0.0
1.0
0.0
0.0
0.0
0.0
0.0
0.0
1.0
0.9933996
1.0
0.0
1.0
0.9208617
0.0
0.0
0.9999887
0.9999993
0.0
1.0
0.99999964
1.0
0.0
1.0
0.0
0.9999999
0.0
0.0
0.0
0.9999999
0.0
1.0
0.0
0.9999013
0.0
0.0
0.99999857
1.0
0.0
1.0
1.0
0.0
0.99925095
0.0
0.0
0.0
0.0
0.9997658
5.236111e-05
0.99999976
1.0
0.99894005
0.0
1.0
0.0
0.93094176
0.0
0.0
0.0
0.0
1.0
0.0
0.99332666
0.0
1.0
0.99903226
0.0
1.0
0.0
0.0
0.9999994
0.0
0.0
1.0
1.0
0.0
0.0014805588
1.0
0.0
0.0
1.0
0.0
0.0
0.0
0.0
0.0
0.0
0.0
0.999998
1.0
0.9979444
0.0
0.0
0.99998724
0.0
0.0
0.9179413
0.0
1.0
1.0
1.0
1.0
0.0
0.0
0.9289082
1.0
1.0
0.9999536
0.99998903
0.0
1.0
0.0
1.0
1.0
0.0
0.0
0.0
0.0
0.99998975
1.0
0.9999993
0.0
1.0
0.0
1.0
0.0
1.0
0.9999999
1.0
1.0
0.99999714
0.0
0.0
0.0
0.9999728
0.9999907
0.9955955
0.0
1.0
1.0
1.0
0.0
1.0
0.0
1.0
0.9999895
1.0
0.0
0.0
1.0
0.0
0.0
0.0
1.0
0.0
0.98102105
0.99999833
0.99999166
0.0
0.0
1.0
1.0
0.0
1.0
0.997544
0.0
0.0
0.0
0.0
1.0
0.0
0.0
0.99999356
0.99999964
0.0
0.0
1.0
0.0
0.9999995
0.0
0.0
0.0
0.0
0.9999331
0.0
0.0
1.0
0.0
0.0
0.99912256
1.0970417e-07
0.0
0.0
0.0
0.0
1.0
1.0
1.0
0.0
0.9943744
0.0
1.0
0.0
1.0
0.9999863
1.0
0.9999949
0.0
0.0
0.0
0.991276
0.0
0.9811245
2.829896e-10
0.92229176
0.0
0.9590253
0.9623844
0.0
0.99939585
0.97283214
1.0
1.0
0.99998224
0.0
0.0
0.9999995
0.0
0.0
0.0
0.0
0.97402704
1.0
1.0
0.9999999
0.0
1.0
0.0
0.0
0.0
0.99997294
0.0
0.0
0.0
1.0
0.0
0.0
0.0
0.0
0.0
0.0
0.0
0.9999876
0.0
1.0
0.0
0.0
0.0
1.0
0.9771163
0.0
0.0
1.0
1.0
0.0
0.0
0.0
0.0
0.94535726
1.0
0.0
0.99999976
0.9993217
1.0
0.0
1.0
0.0
0.0
1.8926863e-05
1.0
0.0
0.0
0.9999962
0.0
0.0
0.0
0.0
1.0
1.0
0.0
0.0
1.0
0.0
3.88698e-07
0.99999917
0.0
0.0
1.0
0.0
0.0
1.0
0.0
1.0
0.0
0.0
0.0
0.0
0.0
1.0
0.0
0.0
0.0
1.0
1.0
0.9999906
0.9999999
0.0
0.0
0.9999919
0.0
0.0
0.0
0.0
0.99999595
0.0
0.0
1.0
0.0
0.0
4.7943255e-10
0.99981767
0.9997874
0.0
1.0
0.0
0.0
6.729318e-10
1.0
0.0
1.0
1.0
0.0
0.0
1.0
0.0
1.0
0.0
0.9871537
0.0
0.0
1.0
0.0
0.0
0.92232424
1.0
0.0
0.0
1.0
0.9999176
1.0
1.0
1.0
1.0
1.0
0.0
1.0
0.0
0.0
0.0
0.0
1.0
0.0
1.0
0.99999833
0.0
0.0
0.0
0.0
1.0
0.0
0.9999981
0.0
0.0
1.0
0.9997943
1.0
0.9999987
0.0
0.99998724
0.0
0.0
0.0
0.0
0.0
1.0
0.0
0.0
0.0
1.2682538e-10
1.0
1.0
1.0
1.0
0.9999981
0.98421603
0.9997918
1.0
0.0
0.99784875
1.0
0.0
0.9260505
1.0
0.0
1.0
0.0
1.0
1.0
1.0
1.0
1.0
1.0
0.0
0.0
0.0
0.0
0.0
0.0
0.0
1.0
0.99999726
0.9999981
0.0
0.0
0.0
0.0
0.0
1.4917674e-07
0.0
0.99999785
0.0
1.0
0.0
0.8479653
1.0
1.0
1.0
0.0
0.9999794
0.0
0.90380156
0.0
0.0
0.0
0.0
1.0
0.0
0.0
1.0
1.0
1.0
0.0
0.99999976
0.9964379
1.0
0.0
0.0
1.0
4.427165e-36
0.0
0.0
0.60922915
0.9999999
0.0
0.0
1.0
0.9998801
0.0
1.0
0.0
0.0
0.0
1.0
1.0
0.0
0.0
0.0
0.8661043
0.0
0.9992975
0.0
0.9999994
0.0
0.0
1.0
1.0
1.0
1.0
4.4725453e-05
1.0
0.0
0.0
0.0
1.0