0.52093554
0.99998224
0.43124607
0.5169447
0.4315127
0.0001391703
0.00013922511
0.99989617
0.43138582
0.9696768
0.0021058053
4.9873037e-05
0.00010162906
0.43163
0.99943596
9.7718075e-06
4.7066926e-05
0.9994764
0.0002461521
0.5143991
0.9149348
0.00010393466
0.43182263
0.0003760056
3.9508013e-05
3.688959e-05
0.5076364
0.99848586
0.43361714
0.99958974
0.0003482749
0.43048927
0.44085342
0.4329926
0.43119606
0.42382392
0.51396936
0.9981353
0.9998926
0.9999232
1.3826463e-05
0.41750142
6.586791e-05
0.4304888
0.0002975681
8.875704e-06
0.5242307
0.99023485
5.1493404e-05
0.9999876
0.9995654
8.354534e-05
0.9999666
0.9995603
0.45576578
5.9994363e-05
0.5403861
0.015560512
0.00043032505
1.3745792e-05
0.5366646
0.99995387
0.53311324
0.4311416
0.99191684
0.81260914
0.5260356
5.9377773e-05
0.98590255
0.52868336
0.9998932
1.8797027e-05
0.9469275
0.5494829
0.0015802643
0.00010444344
0.00037215397
0.5416783
0.4314262
0.4273845
0.00018462271
0.000100376325
0.42969966
0.9987791
0.99962497
5.8609367e-05
0.52918476
0.999998
0.9999702
0.99902356
0.00012186265
4.1554635e-05
0.9996984
0.9926306
0.023392009
0.00020344813
0.9994821
0.9926933
0.9996897
0.99995303
0.43160486
0.43228135
0.000174865
0.00017454666
0.42961517
0.0005423382
7.007241e-05
0.9717604
0.9978142
0.9999887
7.0412556e-05
0.43062642
0.9997943
1.3652048e-06
0.42008162
0.0006084296
5.047496e-06
0.0016142665
0.9992273
0.96305656
0.99999475
0.99994075
1.3825275e-05
0.9999703
8.55228e-05
0.99917597
1.781917e-05
2.1022915e-05
4.5201745e-05
0.99543434
0.9979049
0.98045576
9.221452e-05
0.99782515
2.6022914e-05
2.6129346e-05
0.46715075
0.9999889
0.43138418
0.000107589265
0.99997735
7.273383e-05
0.98012125
0.00018551914
0.9994893
0.0001371616
0.00032079488
0.42908573
0.00033246542
0.00037378797
0.9973869
0.98656577
0.42600816
0.0001476204
0.0011980771
0.42436534
0.99941707
0.00043197378
7.503539e-05
0.9998419
0.9999229
0.999099
0.89302653
0.99884737
0.99990094
2.8568544e-05
0.53332067
0.5191922
0.00010013684
0.00020119955
2.7005666e-05
0.4336471
1.7356735e-05
0.5260701
0.0008833063
5.8628822e-05
0.0002776061
0.99999845
3.7124664e-05
9.687732e-06
0.85928303
0.0003276121
5.169321e-05
0.99995625
0.97975105
0.99962974
0.43047637
0.43186447
0.00019473402
0.9993185
0.00013180912
0.99994326
0.9996389
0.99907684
4.059036e-05
6.0005972e-05
0.43138796
0.9983455
7.0359524e-06
0.00039138776
0.00031639254
0.99977034
0.99992204
0.99997807
0.99981254
0.99992645
4.4128046e-05
0.99982685
0.00010382203
6.85784e-05
0.4306354
0.4306542
0.99655175
0.0010564971
0.4313128
0.43220744
2.3060678e-05
0.106814176
4.1315652e-05
0.00014511497
0.004279432
0.99998176
0.00021312945
8.490855e-05
4.8072787e-05
0.99968266
0.99253523
0.0023337977
0.4301866
0.00029013678
0.9996105
0.43138295
0.30011806
0.43144277
0.515239
0.43121183
0.9996985
0.9999809
1.4193705e-05
4.2365584e-05
3.140212e-05
2.9488818e-05
0.999938
0.9984339
0.99713147
0.00014719705
0.4324183
0.005748311
0.4284677
0.10455879
0.9998833
6.626368e-05
0.97945136
0.00056576077
0.00014407729
1.5953286e-05
0.99958974
0.9967828
0.99994886
0.9997595
0.9997379
0.00015236509
0.9998907
0.99942845
0.9151983
0.0011063062
3.393933e-05
9.765439e-05
0.76413774
0.99922776
0.4396033
0.83983165
0.00015036196
0.00036395507
0.91612643
0.39222562
0.097788006
7.261408e-05
0.9996166
0.9972692
0.99974686
0.9999249
0.0068118847
0.0001200522
0.99998486
0.99996614
0.42503425
0.9995685
0.0003173726
0.43205443
0.9821462
0.9999739
0.51647335
4.7455196e-05
0.99801767
0.00023807207
0.54931337
0.9973423
2.1480359e-05
0.9988562
0.43252975
2.8412695e-05
0.6045556
0.9977708
0.99999464
6.724167e-05
0.5398944
0.0001899292
0.9999509
6.718623e-05
0.00025047484
0.57049596
0.9994615
0.99937904
0.99997175
5.5177684e-06
0.00020338353
0.00020705562
0.9965144
7.170543e-05
3.8067803e-05
1.3546618e-05
0.00022371585
8.3386076e-05
0.9994931
0.5302252
9.970578e-05
3.5390593e-05
0.43203324
0.99907255
0.74928224
0.0001319189
0.99411446
0.99998295
0.70870805
0.4316556
0.99993145
0.9999517
6.765796e-05
6.49652e-05
3.8082435e-05
0.00015243367
0.99937797
0.43250105
0.99933904
0.88961834
0.832874
0.9905165
0.9999858
0.9970488
0.99571794
0.000120320256
0.9997056
0.42939308
0.99480575
0.00037074357
5.9714905e-05
0.53134
0.9999373
0.5317827
0.0001933536
0.99958056
0.00013050172
0.00023121813
7.974246e-06
0.43020052
0.982287
0.00015955765
0.00069157773
0.43184325
0.43104434
0.0001091613
0.9999795
2.0586145e-05
0.00035536647
2.6646338e-05
0.9998031
0.8638403
0.00020038245
8.962402e-05
0.99966574
0.9997991
0.89539975
0.0013836081
0.0010540918
0.96686906
0.99983203
0.42375427
0.0010044547
0.99990535
0.5328311
0.00013514204
0.000101300575
0.0003633969
0.43145248
0.99896944
0.99254817
3.071479e-05
5.2446012e-05
0.00022224677
0.00022815443
0.9949064
0.9988763
0.42801055
0.46727517
0.43034863
0.9999819
0.99895096
0.9992865
0.43296117
0.9955183
0.43229082
0.99351865
0.9998987
0.0002943304
0.00014837908
0.9917241
0.00023832345
0.9999864
1.7448463e-05
0.0006394016
0.43013558
7.7812685e-05
1.17839245e-05
0.9948118
0.99998677
0.9997366
0.4316316
0.00033847988
0.0006907561
1.6287568e-05
0.9988617
0.43336043
0.35054854
0.00048340877
6.751687e-05
0.9997725
0.51443094
0.9759962
0.4268456
0.0004553986
3.0423327e-05
0.00020581284
0.9972324
0.999964
0.00014298092
0.9998129
0.9995511
0.43106624
0.9999727
0.99789643
0.43246278
0.8048512
5.7589725e-05
0.22911449
0.00025227282
0.9998987
0.9963787
9.87068e-05
0.00042014924
0.9972186
0.9996729
0.0002495854
0.99214137
2.0961237e-05
0.99998295
0.99984336
0.608576
0.00032101086
3.9777296e-05
0.43123192
0.00010460241
0.99972075
0.530704
0.000108428976
0.99838257
0.99882346
0.00016133951
0.99983835
0.00019218939
4.338531e-05
0.42882895
0.4345845
0.9942306
2.8253819e-05
7.486493e-05
2.8679862e-05
0.9998827
0.9999418
0.43453276
0.5021911
0.8602241
0.9999815
0.99820304
0.4335776
0.4339511
0.999974
1.6654454e-05
1.6533173e-05
0.46492818
0.42385435
0.9999733
3.404666e-05
0.00021494551
0.9910061
0.9999535
4.1636707e-05
0.43030578
0.00037026303
0.87882555
2.0424195e-05
0.98032
0.00010615278
0.99994254
0.43153694
0.4314464
0.5441004
0.040766302
0.00041376904
4.1983065e-05
0.53689843
0.24483594
0.00023805209
0.9993449
0.9998723
0.9831678
0.43336463
0.00039629271
0.9937649
0.00011253341
0.99982494
0.43416727
0.008763603
0.42986995
0.00017902319
0.0003410685
6.1335115e-05
0.43270925
3.8146263e-05
0.52329445
0.4310267
0.99986684
0.43181756
0.9851311
0.4279696
2.0603116e-05
0.00037749484
0.00073608087
5.26909e-05
0.99979955
0.00016260767
1.07708765e-05
0.4327237
0.9998795
0.99997926
0.43135223
2.6892178e-05
0.009846937
1.1510481e-05
0.9996061
0.00020144392
0.9998621
0.3630958
0.42966625
0.99995697
0.000111740745
0.9875238
0.99991393
9.071853e-05
0.9923309
0.95960873
3.4607445e-05
0.5186037
4.199504e-05
0.9999957
0.9971023
0.99995327
0.9867808
0.9989247
0.0005254155
0.00020430928
0.00023974583
2.617224e-05
0.0017656107
0.9999974
0.90149933
0.0001504166
0.70527095
3.9435814e-05
0.9998233
0.0019648485
6.677731e-05
4.8803486e-05
0.23738734
0.5277887
0.000103055434
2.8249106e-05
0.0002803216
0.9999232
1.4728991e-05
0.999998
0.9997377
0.9937816
2.8984372e-05
0.9942702
0.0002248503
0.43253928
0.43151018
0.00019492331
0.5429643
0.0001241729
0.68109727
0.00013484701
0.999671
0.45693818
4.2687057e-05
0.00018163271
0.00017924933
0.99759763
0.99981457
0.99932253
0.4271528
0.000452676
0.95093745
0.45989037
0.99985564
5.552969e-05
0.96368974
0.9759388
0.43113494
5.0424725e-05
0.43106076
0.9990589
0.9999273
0.0052849445
0.9999485
0.99688196
0.0004866927
0.00017669643
7.938482e-05
0.99978524
0.011969464
0.584065
0.999858
3.0115758e-05
0.00044648643
0.00047072791
5.519186e-05
0.5314116
0.9943216
0.99915636
0.996739
0.4318039
0.5406009
1.9124275e-06
0.99030685
0.9994617
0.99984896
8.967925e-05
0.00013308127
0.4309082
9.003425e-05
0.999281
0.943691
2.6380272e-05
0.94687545
0.00070648466
0.00033883066
0.99981374
0.43095368
0.5147931
0.9998765
1.8384872e-05
0.9965829
0.9992106
0.9999821
0.11777494
0.00027622638
0.9998846
0.9881379
0.5041883
0.0009713309
0.7590536
0.99973005
0.99340373
0.99985373
0.99727136
0.9996964
0.9996724
0.0007330424
0.0009004167
0.9734668
0.00018573242
7.240539e-05
0.0022194467
0.00014683887
0.00020219632
1.5458098e-05
0.99935573
0.82762456
0.43155104
0.5165789
0.9970126
0.0022526789
0.00041284398
0.99991465
3.447335e-05
0.99883443
0.9999914
0.5241706
0.46933955
0.99804807
8.374874e-05
0.00043274512
0.99998915
0.4295085
4.7847632e-05
0.99986553
0.00020059329
0.6442073
7.0004057e-06
7.2991956e-05
0.8239605
0.0001421533
8.195917e-05
2.9807317e-05
8.8328015e-05
0.4303885
5.939556e-05
0.00016780979
0.99310476
0.9998128
0.42358184
8.026339e-05
0.9986915
6.510659e-06
0.00025834684
0.99930334
0.52242464
0.0009387629
0.5150058
0.43166882
0.9992192
2.1811065e-05
1.0
0.12420178
4.6733006e-05
0.42957482
0.0010503393
0.43136662
3.0793242e-05
0.00012886045
0.0002655762
0.99420196
0.46068138
3.6337886e-05
0.99374557
0.0006248528
0.00022910791
0.43091056
0.00012136493
0.99609524
0.5406865
0.97005826
0.000116170755
0.00016144785
2.7586157e-05
0.9647834
6.563454e-05
0.9995907
1.20316245e-05
0.0037202307
0.54823333
9.40602e-05
0.00027903132
0.9993129
0.99970716
0.42599088
0.9995382
3.301767e-05
5.246582e-05
0.99885416
0.7105793
0.9889886
0.00040365488
0.99986804
0.999731
0.5128838
0.9996716
0.00061929243
0.9997569
0.99100506
0.99964356
3.3217577e-06
0.0019849942
1.474905e-05
0.4289378
0.00011803045
0.9998628
0.00013739013
0.99988616
0.43204504
0.98480886
0.99998236
0.00014347491
5.4829317e-05
0.00010922054
0.5778633
0.9928786
0.99935454
0.99994636
0.55298257
0.5157591
0.943861
0.00019529408
0.43348575
0.9703696
0.97249705
0.00036060033
0.9984145
0.9994117
0.9999951
0.9998055
0.00018431192
3.0024226e-05
0.9986267
0.9999927
2.4063474e-05
0.7163937
0.43096173
0.9999827
0.00039190112
0.00020574554
0.9998796
0.97619104
0.22071832
0.9979487
0.9988758
0.000248126
0.00011072399
0.21297519
0.9999027
0.9999609
0.43377563
0.9999629
0.51716405
0.99946886
0.99990356
0.9989574
3.171291e-05
0.00018174238
0.99649954
9.429738e-05
6.744075e-05
2.8063698e-05
0.9993573
0.0003317233
8.071432e-05
0.00014255727
0.43256882
0.9998727
0.43098432
0.9987571
1.3565065e-05
0.5348087
0.00032519267
0.43029535
0.115503766
0.0003418905
0.00037052642
0.00011324507
0.7668436
0.43121305
0.9941187
0.00029296422
0.9995604
0.43115053
2.29621e-05
0.00016808427
0.16233012
0.53865266
0.43042916
0.8720262
6.1137565e-05
0.4306879
0.0003436489
0.52795035
0.43119168
0.116408646
0.43144777
0.43179992
0.99998415
0.00010167219
0.99968886
0.9978802
0.99628556
0.97068584
4.258683e-05
0.99924064
0.999853
0.4255289
0.00010590001
0.9997911
0.028388243
0.99997556
0.21589254
9.823581e-06
0.5130735
0.9998697
0.43207565
0.9995633
1.2245907e-05
1.4682543e-05
2.3212944e-05
0.20386846
0.99994624
0.5191783
0.43094942
0.5399321
0.999652
0.0001747225
0.99966574
0.9994998
0.9967114
0.998524
0.9958652
0.43240097
0.00030364457
0.9996147
0.43064824
0.99929345
0.43215334
0.9999682
0.52753085
0.98758847
0.9999883
0.0006706278
0.51593584
0.99999774
0.0002994664
0.9998023
0.0001228284
9.1560854e-05
0.0005846622
5.3600346e-05
0.43178383
1.9881507e-05
0.54037714
0.515659
0.9995277
0.00026753917
0.99315405
0.8969546
8.4448286e-05
0.00016091533
0.99602073
0.99970216
0.43665886
0.98555505
0.9994863
0.99988973
0.00023716834
0.9997696
0.0004651878
0.9980369
1.3220642e-05
4.3771422e-05
0.42908484
0.99863595
0.00026562152
0.99996364
0.42826054
0.99978954
0.432078
9.508369e-06
0.97924507
0.99990344
5.6927183e-05
0.9999876
0.9997553
0.00017765093
0.9838988
9.887682e-06
1.8917226e-05
0.4330297
0.42787144
0.97746575
0.1317846
0.5394093
0.5185756
0.99538726
0.4302007
0.5320864
0.00011397351
0.9938001
0.4335583
0.43096712
1.8571503e-05
1.9680227e-05
0.9999999
0.4316087
0.5119192
4.077674e-05
0.9969823
0.5924374
1.8679499e-05
0.99940383
4.375335e-05
0.43148524
0.9960652
4.443786e-06
0.00012243209
0.9980914
0.999943
0.43123418
0.5075042
0.54846597
0.0003663284
0.4311586
0.99988604
0.43506348
0.42977488
9.276876e-05
0.00045255307
0.42938203
0.43217838
0.42894176
0.99938476
0.9995505
0.99416167
1.9726056e-05
0.43127635
0.9920774
0.00013608811
5.247558e-05
0.92890507
0.00010934215
0.99985933
0.999974
0.99986017
0.9997596
0.00010011813
0.0001176842
0.68875974
0.9992884
0.99848586
0.99110097
0.52033633
0.4309987
0.999995
5.8622056e-05
0.99949825
0.99993813
2.460042e-05
5.875744e-05
4.923641e-05
0.00041452947
0.9997888
0.9997811
0.96504605
3.2218562e-05
0.99996316
0.00040327237
0.5278724
5.199132e-05
0.9994814
0.99934286
0.9889298
0.99849415
0.99788046
0.0007394006
0.4304113
5.667255e-05
0.9993093
0.97615767
0.51277536
0.00015093785
0.99996936
0.9999838
0.54047763
4.360523e-05
0.99930966
2.838713e-05
0.9776798
0.9947641
0.99944323
0.00012971862
0.4321463
0.9995004
0.00017478215
1.7812783e-05
0.00018175555
0.9999231
0.00012848512
0.57963145
0.9971385
0.99694175
6.580061e-05
6.511616e-05
0.99998
0.99999464
3.6088342e-05
0.99994254
0.5051645
0.00012485
0.00013401905
0.0050935824
3.6933777e-06
0.9999291
0.43105456
0.00017683397
0.9947777
0.9987072
0.00039656388
5.011689e-06
0.9999089
0.00014979683
0.97977155
2.5888012e-05
0.00021681222
6.0935934e-05
0.00010233624
0.99069923
0.00012348415
0.00015891963
0.99957114
0.001317203
1.9449577e-05
0.5422635
0.021390988
5.1544055e-05
1.348651e-05
0.4322671
0.4315827
0.999206
0.9999074
0.9998222
4.9887974e-05
0.89302015
0.0006980364
0.99965286
0.002221118
0.99992645
0.9998523
0.9995777
0.9866926
9.672971e-06
7.1238874e-06
0.4320481
0.946382
0.432494
0.60618436
0.29771397
0.6214132
0.43124542
0.98913574
0.5035567
0.43262035
0.7717117
0.92966336
0.9999685
0.5140427
0.9998288
8.10806e-05
0.00012811222
0.99395365
0.00028813275
6.3671745e-05
7.441197e-05
0.00013348376
0.9424229
0.99807715
0.9999932
0.9990615
3.8920047e-05
0.99999845
0.00039947615
0.000120323355
0.0039333217
0.9674814
5.468958e-06
7.568417e-05
0.43119654
0.99794024
4.0107694e-05
0.43140242
6.8160793e-06
7.6993754e-05
0.00047799942
0.00017914613
1.6720243e-05
0.9996598
2.3385945e-05
0.9986325
8.722e-05
0.43162888
8.901261e-06
0.9993969
0.47455972
0.00011611316
3.421066e-05
0.9999368
0.99875546
0.00040843213
0.00013209954
0.0001321042
0.43372467
0.98298705
0.999912
5.510417e-06
0.99974376
0.9913612
0.9996203
9.8906545e-05
0.99996126
0.00016166306
7.608102e-06
0.26730356
0.998317
1.3314551e-05
0.4315228
0.97074527
0.00015817494
9.435806e-06
3.7464884e-05
9.729004e-05
0.9998932
0.9984774
9.220946e-06
0.43129772
0.9998068
9.299277e-06
0.16975975
0.9987363
0.00021546958
6.8828274e-05
0.9998311
0.00081608427
6.6835026e-05
0.99949074
0.43215603
0.99992144
8.556808e-05
0.00028748132
9.434262e-05
0.053892788
0.0004845132
0.99944955
0.42791337
2.4565374e-05
0.4328104
0.99995553
0.55792546
0.97270566
0.5132973
2.137251e-05
2.7110378e-05
0.9996952
3.819544e-05
0.43168703
0.00024592524
0.43284845
0.99947613
0.4313638
0.108284935
0.9998265
0.43139502
0.00012364275
0.14187267
0.9965551
0.9891128
5.488289e-05
0.99570173
6.815594e-05
0.42983577
0.19533741
0.9998815
7.448957e-05
0.5248647
0.99976987
7.220137e-05
0.00015066176
0.99961334
1.2653065e-05
0.99999785
4.0556647e-06
0.806626
0.43310025
8.829121e-05
0.99916625
0.00012214745
5.1198145e-05
0.47545508
0.9997584
4.324705e-05
0.0032751453
0.99990785
0.5362135
0.99978083
0.9999051
0.5135438
0.99617934
0.52870536
1.4205838e-05
0.99995804
5.256739e-05
0.43228027
0.00015362831
2.5370873e-05
0.9999994
3.0330571e-05
0.9949739
0.5174412
0.00012803284
0.00011658958
6.377888e-05
1.7492963e-05
0.99912864
0.002199119
0.9998111
6.547394e-05
0.43143144
0.5144512
0.9995547
0.9996302
0.9745042
0.0002936051
0.99326575
4.4429114e-05
0.00026562662
4.233386e-06
0.00012265833
2.6890124e-05
0.9999918
0.43125588
0.43141463
8.204261e-05
0.09051171
0.99728036
0.9998604
0.9977336
0.9990231
0.9963587
0.75810796
0.991011
0.9998976
4.339793e-05
0.99889046
0.52151954
7.800437e-05
0.19826531
0.99985445
0.00037028737
0.99930966
1.0737832e-05
0.52052385
0.99992716
0.9999838
0.53078175
0.5285201
0.9988248
0.00011645835
8.441343e-05
0.0001276121
4.7139556e-06
0.42772964
0.00013063582
0.00012007955
0.9999224
0.9966929
0.989939
0.4316712
0.4314659
8.971972e-06
0.43155417
0.43112296
0.44150105
5.5013836e-05
0.9989794
7.557577e-05
0.9995863
9.527975e-06
0.9276821
0.9999609
0.9989648
0.52822787
2.1563379e-05
0.9880343
0.00025387303
0.9552651
0.00027009804
4.8032325e-05
0.00014679715
0.4310786
0.9999368
5.8802565e-05
9.4514784e-05
0.5163482
0.9999131
0.5346616
0.00013739211
0.99857926
0.9560667
1.0
0.00037609684
0.000102431346
0.9996786
0.0011930333
0.00010216162
0.43385866
0.43414444
0.51770025
0.4309196
0.00027031856
0.99851173
0.49238178
1.5165781e-05
0.5162507
0.43202052
0.00021937364
0.00027912017
0.9996897
0.9996131
0.0003450931
0.000109618595
0.00093589403
0.9579897
0.004824208
0.9966574
0.42949876
0.5278763
5.5549757e-05
2.4196643e-05
0.999655
0.99991155
0.9997031
0.5475878
0.115517944
0.9998276
1.4168389e-05
0.00021215522
0.00078282907
0.9997714