0.50605124
0.99803704
0.40013433
0.5246229
0.39606062
0.0010890244
0.0021336784
0.9986154
0.39932162
0.76905704
3.9099843e-05
0.004655267
0.00074074103
0.400656
0.99572927
0.00022950342
0.00017122016
0.8261248
0.0038909675
0.50785816
0.74595696
0.00022741083
0.39993143
0.0034020513
0.0002126078
0.0068088276
0.5094106
0.92329633
0.3985575
0.97422314
0.002803757
0.39280644
0.49041796
0.4012115
0.39708745
0.40168682
0.5105334
0.9677519
0.99038905
0.99421364
6.0506347e-05
0.49725735
0.002203765
0.40128535
0.0017509025
0.00012168615
0.511131
0.8252967
0.00022010841
0.99891996
0.96773636
0.002896267
0.9842269
0.8041737
0.5062397
0.00011473659
0.52136165
0.00023435493
0.00043781096
0.00065836293
0.52654594
0.9932848
0.5201683
0.39683217
0.7811635
0.7958905
0.5199308
0.00038352117
0.79349726
0.51796967
0.99045116
0.00010482998
0.9158185
0.2947747
0.0207538
0.0027532082
0.001874057
0.520325
0.39611223
0.40119535
0.0052651884
0.0021072999
0.40064108
0.9890409
0.9765266
0.00089676754
0.51821154
0.9699659
0.97878265
0.9702519
0.001747196
0.00036898744
0.99171
0.9847097
0.0022576766
0.010585724
0.99151796
0.8648982
0.9926964
0.99478394
0.39803287
0.3981818
0.0010423413
0.00044650852
0.40161365
0.00023717918
0.0045916904
0.8259102
0.97945076
0.96972823
0.0032015366
0.39955565
0.924833
0.00030820377
0.39377478
0.0052603707
8.88323e-05
0.00032535114
0.96569455
0.8224427
0.9237543
0.99451584
0.00012696347
0.99927276
9.280707e-05
0.9489192
0.0005219683
0.00050732313
0.00015673034
0.94198465
0.9461028
0.97695506
0.00025078453
0.960439
0.0056106457
0.0006852513
0.6024921
0.99512273
0.39601365
0.009225194
0.9968106
0.00023847348
0.8000309
0.00058316346
0.9262817
0.00066925416
0.0010753291
0.402547
0.00018147554
0.004049702
0.9688542
0.9048591
0.40192258
0.0029111067
0.0052054306
0.40267795
0.9860736
0.0014647312
0.00062098785
0.99583286
0.99766004
0.9920283
0.49472743
0.9936991
0.9641658
9.333896e-05
0.53227746
0.50149804
0.00020272857
0.0002229988
0.00028572217
0.3908292
0.0009521142
0.521066
0.0039733266
0.0053213765
0.0035756936
0.9959847
0.00030750054
0.00019112218
0.66001916
0.0019405576
0.013988689
0.9946189
0.95102704
0.97739863
0.4009873
0.3990015
0.0009519191
0.9609994
0.00074969535
0.9801727
0.99818915
0.7721996
0.002534071
0.0056277
0.39770415
0.9469695
0.022033805
0.004456752
0.000997254
0.9274092
0.98063505
0.9041004
0.9888487
0.9974368
0.0007874288
0.9979372
0.0022002868
0.00064279576
0.39795065
0.40215233
0.9793508
0.0017001113
0.39683247
0.39862087
0.0004080091
0.37814313
0.00025517715
0.00046744366
0.042522963
0.9993999
0.0007801262
0.003003433
0.0006868728
0.9861611
0.9315108
0.008637826
0.4006138
0.0010263812
0.9806306
0.39920944
0.4546809
0.39717773
0.48501208
0.37659276
0.9909322
0.99849796
0.00048858894
0.0017299297
0.000497159
0.006381865
0.99404013
0.93598896
0.79876083
0.0002943029
0.4003599
0.0011109975
0.39974397
0.406702
0.9989203
0.00091365125
0.53549796
0.00063796324
0.00026469928
0.00025511975
0.963722
0.8585436
0.97411525
0.9977189
0.97160465
0.00060572516
0.9958599
0.9802996
0.59270453
0.0059866346
0.0025294565
0.00028947365
0.41480073
0.99132967
0.40083364
0.43500316
0.0010919253
0.00690559
0.7045988
0.40959913
0.35408825
0.00033106268
0.98572785
0.94719887
0.9919658
0.9988181
0.005429474
0.00077403156
0.98518145
0.94971216
0.4020258
0.9878846
0.0007636117
0.39227614
0.7584398
0.99625623
0.5049355
0.00040043602
0.9576123
0.0008601893
0.5074155
0.9853151
0.0018184773
0.9599392
0.39648262
0.0003188228
0.7348615
0.9842429
0.99669844
0.00070709933
0.5166587
0.000384332
0.9929831
0.00021427844
0.0002444343
0.4818765
0.9878392
0.98262656
0.9979231
8.360431e-05
0.00025017103
0.0007727742
0.96687984
0.00021508534
0.0002596061
0.0005780953
0.0014131893
0.00027723817
0.9848173
0.51007843
0.0024684444
0.0036019082
0.3966247
0.98091424
0.8082501
0.006842494
0.94026226
0.99611855
0.63478094
0.3994544
0.99921703
0.98545074
0.0024406442
0.0035495579
0.0016169586
0.0002510757
0.99046576
0.39928868
0.99651223
0.79616386
0.58936214
0.924386
0.98794985
0.9844306
0.67624074
0.0033300235
0.9934981
0.39962187
0.9295832
0.0049467185
0.00022758586
0.51136994
0.99772817
0.54652095
0.00010070008
0.9590616
0.0030966364
0.0005324391
3.2337626e-05
0.40173393
0.9447319
0.00074405345
0.0015866812
0.39578187
0.39572486
0.0003390423
0.99868184
0.001523153
0.0009876894
7.991969e-06
0.9946084
0.87080675
0.00045175786
0.00059782545
0.9974516
0.99288416
0.9564231
0.0023753888
0.0008814205
0.9440063
0.9878225
0.38435262
0.0011357431
0.98550767
0.5227635
6.7038585e-05
0.00063430105
0.0051150294
0.39830714
0.9306929
0.57597345
0.00023049509
0.0032513845
0.0026820719
0.004072239
0.5775818
0.99079216
0.3998634
0.48017448
0.39957672
0.99222505
0.94948125
0.9913168
0.39731538
0.98653805
0.40155506
0.95798707
0.97909695
0.0033518267
0.0034015714
0.91200835
0.0016259592
0.9985391
0.0002940704
0.001995929
0.40131956
0.0003048431
0.00016766424
0.9786699
0.999006
0.9962353
0.40460494
0.0007356994
0.013273445
0.00011844989
0.94588107
0.4002188
0.21661618
0.0041288184
0.0013045818
0.9946077
0.5080107
0.88023907
0.40098554
0.0033014147
0.00016750638
0.0059903874
0.97259706
0.99867344
0.00088681234
0.9945017
0.9970099
0.39191437
0.99702483
0.9140034
0.400155
0.9022582
0.0020376784
0.50113475
0.0005709507
0.99686855
0.78840744
0.00022648142
0.0029123554
0.9484287
0.9966137
0.0045120134
0.9239593
0.00026256204
0.9980882
0.9687894
0.45543548
0.0014968492
0.0010859522
0.39728323
0.00438065
0.9855877
0.5211843
0.00033322413
0.9574328
0.9787667
0.00031309962
0.9881066
0.0010192227
0.0006312639
0.40003616
0.397492
0.9320665
0.00020182323
0.00013846306
0.00011395242
0.99715257
0.98104286
0.39582032
0.5038953
0.52755684
0.98642784
0.95286036
0.39886484
0.39701125
0.9858379
0.0004941132
6.098535e-05
0.4940128
0.40168896
0.99487126
0.0007106307
0.0020029987
0.9409323
0.9917965
0.0006579972
0.38110483
0.0014593377
0.7131484
0.00061458704
0.8673228
0.0011021323
0.99923563
0.39822277
0.40043688
0.5192585
0.005932776
0.006132114
0.00066252344
0.54364145
0.41102228
0.0014227619
0.9917434
0.9984554
0.86148006
0.40299103
0.0024453343
0.9436271
0.0023617742
0.6676572
0.39982405
0.0004476765
0.37460473
0.000579554
0.0016945242
0.0066177403
0.4009897
0.00036636018
0.5120032
0.397491
0.99249744
0.39777732
0.8483005
0.3997048
0.0009960263
0.0050073257
0.0025690983
0.00042545973
0.9934589
0.0061843535
0.00044865697
0.39751473
0.9710183
0.9967706
0.39648452
0.00023272434
0.0027724786
0.0111506265
0.9906075
0.0021058745
0.99491453
0.40568224
0.39968622
0.99686337
0.000845944
0.90281045
0.89874506
0.00023668174
0.80846363
0.76986504
0.0058125732
0.51005125
0.00063616154
0.9981694
0.908308
0.9954419
0.9120765
0.9658896
0.0030875674
0.0011178853
0.0008500512
0.0006254629
0.05107629
0.9912059
0.683622
0.0008913653
0.60313624
0.0011636879
0.9946248
0.0015269492
0.00012034882
0.00021249797
0.4107321
0.513753
0.002393298
0.00035323328
0.0010710581
0.98823464
0.00036821753
0.99898225
0.9980324
0.9613851
0.00024450052
0.6270214
0.003033741
0.39790538
0.39649794
0.00021051803
0.51972586
0.00043180145
0.57600826
0.00027753625
0.9792483
0.51141065
0.00017688895
0.003374413
0.00032779487
0.9797341
0.9887639
0.9807334
0.40047833
0.0010318303
0.78380847
0.5040208
0.9244803
0.0024715378
0.94463307
0.5289618
0.3966469
0.00023309962
0.40037724
0.8101865
0.9877692
0.06441948
0.9949981
0.9806831
0.0005528416
0.001190008
0.001387621
0.97289735
0.0064923256
0.6874487
0.9965875
0.0002583178
0.002098862
0.0008604668
0.0003532311
0.52142686
0.95981866
0.9399944
0.95815986
0.39888373
0.8133881
4.251967e-05
0.9310669
0.90511173
0.99780005
6.903666e-05
0.0010846794
0.40171486
0.00089213345
0.99757665
0.71470374
8.03999e-05
0.9820955
0.0037449973
0.0013688547
0.9565025
0.40391615
0.5061668
0.8952351
0.00019984362
0.93313456
0.98367
0.9788284
0.35691854
0.00037997236
0.99123806
0.849384
0.5004861
0.0027218212
0.8507697
0.9953111
0.93579626
0.95068437
0.8476888
0.99429965
0.98763555
0.004094503
0.0011676847
0.8868576
0.0036952102
4.5816218e-05
0.0016704766
0.0023729121
0.001043391
0.0006130108
0.9914281
0.6531286
0.3997077
0.5119874
0.8977422
0.0018409684
0.0010196641
0.9929092
0.00037056245
0.9957172
0.9979553
0.51425517
0.50146574
0.9812201
0.00019662498
0.0011832421
0.9981493
0.39945403
0.00049415935
0.95859146
0.0013922912
0.3824366
0.0003208701
0.00081127323
0.6515516
0.007696467
0.00018255363
0.0010039757
0.00017716577
0.39852658
0.00012978716
0.0010846923
0.9691719
0.97988784
0.40175027
0.005268398
0.97019786
6.263699e-05
0.004099575
0.99682605
0.54485995
0.0024719588
0.51299375
0.39641196
0.9467189
0.002074857
0.9998827
0.37060064
0.0010315424
0.40105832
0.0020362032
0.39733997
0.0006183473
0.00085822487
0.0036616325
0.85740364
0.49481922
0.00020700943
0.98665965
0.0009397267
0.0027504575
0.40126827
0.00028458657
0.987281
0.51884645
0.51832944
0.00036479745
0.0035177006
0.0004193022
0.94811356
0.00041195232
0.99210197
0.00080127077
0.066500865
0.5307093
0.0016134207
0.0004938476
0.98931444
0.99846435
0.40228286
0.9880322
0.013040501
0.00034114573
0.76708794
0.6342849
0.951401
0.0025489805
0.9968431
0.931793
0.5086388
0.99826825
0.002530968
0.99631774
0.8982024
0.9966107
0.00019073079
0.0018034368
0.00021144681
0.38695955
0.00036179728
0.99549794
0.00077917636
0.9896003
0.39653188
0.83941144
0.9899379
0.0015258357
0.0015596302
0.0023376667
0.54752594
0.9568251
0.9887372
0.9983575
0.54875475
0.5229424
0.8811249
0.0012986246
0.3945638
0.8491711
0.8406895
0.002121832
0.96644086
0.96074736
0.99416554
0.97755164
0.004751239
0.0002942339
0.9406085
0.99942493
0.007627217
0.40482184
0.39621663
0.9910642
0.0009596331
0.0026867827
0.99042726
0.9692087
0.40858254
0.95207566
0.93231565
0.0012745976
0.00040453108
0.019039916
0.99941325
0.9979227
0.3701158
0.99829036
0.5148466
0.98861283
0.99860746
0.8435093
0.0017957585
0.0006440931
0.990703
0.0015466323
0.00069708645
0.0026369672
0.8813425
0.004874076
0.001246195
0.000718703
0.39769736
0.99806887
0.39852583
0.8147827
0.00028102993
0.52141005
0.0017044083
0.4078881
0.023841338
0.007322255
0.00078497897
0.00043869266
0.34843057
0.39715207
0.6620987
0.0006277352
0.9627978
0.39935955
0.00012585093
0.001033113
0.3513296
0.52110857
0.3992942
0.5921455
0.00018275705
0.40138987
0.0042853933
0.5295724
0.39918035
0.32238922
0.39807525
0.38726687
0.9990483
0.00029565225
0.977005
0.9654273
0.834263
0.91462004
0.0013393359
0.9711217
0.9981679
0.54053336
0.0008816389
0.98765314
0.3097567
0.9685921
0.30458376
0.00016397267
0.5095803
0.9958354
0.39622658
0.9970366
8.444176e-05
0.00054486335
0.00029792578
0.37815616
0.9993988
0.51803696
0.40194607
0.66192216
0.9761011
0.0022115759
0.9880713
0.99335325
0.9397656
0.94899565
0.7719228
0.3983769
0.0001329907
0.984142
0.39710504
0.97496253
0.39890066
0.9907476
0.5102121
0.7440789
0.9991289
0.00013213405
0.52102745
0.95655257
0.0036377127
0.9868422
0.00063730264
0.00025619322
0.002637795
0.003638038
0.39763036
0.001982098
0.5163287
0.50613093
0.99462587
0.00049934036
0.88636005
0.7551147
0.00018890713
0.00068986625
0.9045645
0.8935332
0.39381102
0.81101257
0.9909621
0.99071044
0.00043503693
0.99526227
0.001463126
0.995181
0.0005434723
0.0003499263
0.40105563
0.97430813
0.0010710944
0.99806255
0.40233633
0.96546346
0.3970072
0.00044035327
0.8358948
0.99616635
0.00013897814
0.99707556
0.9626403
0.00088248274
0.9405478
0.0002321488
0.00018901307
0.40016446
0.3998064
0.6901528
0.3521329
0.5176082
0.50826347
0.927961
0.3982411
0.5250641
0.0025320204
0.97464436
0.3980167
0.39517418
0.00039140842
0.0001781668
0.99088
0.3963631
0.4567415
0.00088315393
0.9792997
0.40677008
0.00013674513
0.991219
0.00023673274
0.39508078
0.6430081
0.00046709867
0.0021348118
0.96854836
0.99077773
0.39617935
0.28049833
0.52698517
0.00149507
0.39613497
0.9981376
0.39787987
0.39925987
0.0039181253
0.0008617156
0.4018254
0.39870948
0.39969522
0.97968996
0.9916761
0.76849055
0.002759825
0.39481786
0.9607952
9.273815e-05
0.0006320354
0.5238737
0.0002407854
0.98427445
0.99820566
0.9970391
0.9975624
0.00044826177
0.00038723554
0.5225078
0.99475044
0.99373066
0.88819
0.51293004
0.40012592
0.98201275
0.0003533375
0.9957841
0.9778398
0.00046580634
0.00085964525
0.0009547886
0.0031867658
0.9869578
0.83524495
0.96415406
0.002119618
0.9893869
0.009030545
0.5157817
0.00037777712
0.990235
0.974363
0.9791469
0.9702861
0.97195554
0.004572093
0.40146092
0.00016870165
0.96116996
0.8752926
0.5074517
0.00043067816
0.9972676
0.9983646
0.54224586
2.0463985e-05
0.96883553
0.0006394126
0.8749723
0.9528441
0.99483913
0.00020704536
0.39824134
0.9785847
0.0023955433
0.002269353
0.003883792
0.9942245
0.00059066847
0.56129706
0.97754955
0.85532504
0.0008032332
0.007933962
0.995363
0.9576899
0.001192885
0.991299
0.5103116
0.00027381303
0.0021534222
0.0029788043
0.0016676133
0.9828598
0.40021613
0.004662916
0.94483584
0.93741477
0.0026837
0.0040991036
0.976178
0.0017277219
0.8309445
6.6145054e-05
0.00029252435
0.0005206428
0.0004000669
0.8524708
0.0011875718
0.0010772363
0.9359132
0.0036066042
0.0012080497
0.51936954
0.34113756
0.00026770888
0.00066005165
0.38847294
0.39567167
0.9651815
0.94657165
0.9925249
0.0015788769
0.51112324
0.004441322
0.98210573
0.00077981
0.9894219
0.9883469
0.97735256
0.92187244
0.00010217711
0.00013313978
0.39722618
0.9462733
0.3988898
0.7083439
0.495147
0.5326737
0.396696
0.6638814
0.40666777
0.39704087
0.5196132
0.7249015
0.99833715
0.50861484
0.9684824
1.5498055e-05
0.001303582
0.96617746
0.0074549965
0.00048114292
0.0012982115
0.00025085028
0.5216994
0.84454
0.99657
0.8531604
0.00055743865
0.99936694
0.0064463313
0.00023638744
0.00087531336
0.867618
0.0012653201
0.00018352889
0.39730993
0.9737442
0.022057503
0.39849737
0.0002561544
0.001285276
0.0012067334
0.0006619201
0.00011759637
0.99098295
0.00050444773
0.8730136
0.0005163301
0.39764643
0.00010618578
0.97966194
0.45182568
0.00043331517
0.0006126244
0.99715364
0.96380955
0.0019088209
0.0006772846
0.0012752217
0.39963374
0.6840639
0.9989586
0.0005920573
0.979599
0.8606375
0.99209094
0.0002340557
0.9845894
0.0009254783
0.00070861715
0.3618935
0.988219
0.00010021994
0.40091836
0.9668751
0.00041157473
0.0011003164
0.00048303112
0.00087934267
0.97288483
0.99187547
0.00023318076
0.39753413
0.9859692
0.00021057203
0.3477601
0.97770405
0.0004650038
0.002817796
0.97895515
0.0061172354
0.0008517214
0.9966273
0.39833406
0.99614716
0.00022543033
0.0022218355
0.0033357367
0.004701906
0.0018711631
0.9906846
0.40082958
8.6958324e-05
0.40269062
0.99705935
0.78533506
0.9674425
0.50574785
0.0006244855
0.00016154457
0.9081797
0.0034462628
0.3948107
0.0018715693
0.3970302
0.9932458
0.39620662
0.00023489137
0.9967243
0.39887297
0.0005756335
0.40659302
0.9164396
0.9053153
0.00047170848
0.9687047
0.00030570428
0.40118933
0.39815283
0.9937071
0.0022861823
0.51753414
0.9709763
0.0014074423
0.016304435
0.99391454
0.00028963847
0.99892277
0.00043523268
0.70278937
0.3970862
0.00042603622
0.9834727
0.00035222835
0.00038426518
0.5022059
0.98870313
0.00012507163
0.003510057
0.97522175
0.52108
0.9894113
0.97583085
0.50593525
0.9465923
0.53759336
0.00020716185
0.996951
0.00029232193
0.39954233
0.003997099
0.0002719598
0.9990885
0.00033285804
0.9520564
0.514436
0.0002584257
0.00036982435
0.00021698035
8.02399e-05
0.9830161
0.0135866795
0.9906384
0.00017834561
0.39622474
0.5220555
0.9594923
0.9859688
0.9603955
0.000678079
0.7064682
0.00011902779
0.00044115642
4.53706e-05
0.0002565222
0.0022001832
0.99462825
0.40125108
0.39787883
0.0037435598
0.3992928
0.99073225
0.9881952
0.99219465
0.9941203
0.9104301
0.49814224
0.9678963
0.99024767
0.0013084679
0.86101544
0.5260299
0.0021258541
0.61506987
0.9946943
0.0032229025
0.9808812
0.00044883706
0.5135226
0.9950027
0.9985147
0.5221436
0.52399635
0.9892994
0.013017604
0.0010556068
0.0015375606
0.0005136531
0.40014163
0.0008003577
0.0015065345
0.9928784
0.73525506
0.84170777
0.39782602
0.39546603
0.0056313383
0.39543158
0.39896533
0.4983897
0.00084873196
0.94603866
0.0005653471
0.9887045
0.0050020684
0.6585796
0.996766
0.9279298
0.61958075
0.0032627939
0.9642112
0.00019497704
0.51091874
0.0010818853
0.0011793902
0.0015729017
0.39848086
0.9664837
0.00085063576
0.0003922186
0.51365393
0.9946173
0.5497096
0.001547273
0.9744673
0.70858353
0.99867696
0.002843775
0.02514536
0.9835543
0.0002989595
0.0005913382
0.39904958
0.48074841
0.51564425
0.4017994
0.0009047601
0.97601277
0.50397044
0.00033104024
0.51143014
0.39634466
0.0090779485
0.003053279
0.9812044
0.96970546
0.0063491054
0.00015577025
0.004316325
0.575642
0.006250318
0.9714897
0.40281987
0.5264192
0.0044902023
0.00014184025
0.9906482
0.99460185
0.9937435
0.5296169
0.22302967
0.99778
0.0004386772
5.6306617e-05
0.00427763
0.9888536