0.5229715
0.9997265
0.4186307
0.5961463
0.41840607
0.0064694486
0.014888142
0.99977034
0.42060658
0.8768782
0.2187097
0.00777647
0.0062413625
0.39772007
0.99122417
0.0050810757
0.01706519
0.6274066
0.0073362915
0.4887679
0.74734855
0.0061117816
0.42948472
0.0035365901
0.0026877988
0.22644463
0.5000823
0.9263532
0.43077844
0.9908144
0.0026111421
0.4207671
0.8346269
0.42455
0.3926518
0.4069231
0.5198663
0.98590755
0.9960466
0.9992322
0.038455065
0.46262914
0.0062435903
0.41927794
0.0029472946
0.0040766606
0.5523629
0.95066553
0.009157322
0.99010605
0.9772011
0.0132220695
0.99915874
0.9961881
0.48634246
0.056631062
0.5949389
0.04590953
0.016074885
0.038243227
0.73519665
0.99403065
0.57899666
0.42398116
0.87705487
0.93749
0.5709897
0.0027035072
0.86465216
0.5868241
0.9978119
0.01418847
0.944024
0.4805799
0.0009744342
0.0037140485
0.0020816776
0.5745103
0.42307135
0.40474045
0.004936158
0.0033615348
0.41010088
0.98986745
0.998492
0.013176897
0.61037165
0.99735045
0.99924743
0.9820716
0.0064980793
0.012100363
0.99709237
0.9600243
0.0636769
0.011643432
0.9965072
0.97594655
0.99091
0.9980357
0.42253032
0.41534337
0.004793804
0.004077842
0.41499868
0.004007302
0.0013590164
0.9840238
0.9957891
0.95060307
0.0062543214
0.4197135
0.99660325
0.016833333
0.41260216
0.0027450689
0.024158774
0.0063257236
0.9977417
0.81525826
0.9604877
0.99502397
0.006812363
0.9990245
0.038626775
0.99628264
0.02206191
0.030676449
0.008578953
0.97914094
0.9966337
0.98592967
0.029026879
0.98097205
0.00475615
0.006541762
0.2831314
0.9982864
0.42787617
0.01835638
0.99898773
0.011348118
0.9483216
0.0035242722
0.8776704
0.0061274953
0.0019997947
0.24695355
0.26640698
0.0025602619
0.98667777
0.963564
0.41226947
0.010417817
0.010035072
0.4009215
0.99897975
0.0016198024
0.0041316757
0.9847723
0.9969164
0.9821842
0.88230246
0.9972716
0.9947161
0.024987852
0.60461456
0.4843438
0.009835761
0.010059955
0.016277064
0.42076018
0.08986023
0.574345
0.021828577
0.0035089783
0.010723653
0.9994716
0.017510502
0.010578591
0.621578
0.0018555447
0.0018207862
0.9972971
0.9792646
0.99515826
0.41792437
0.43118787
0.008936442
0.92527735
0.006732319
0.9972824
0.9989791
0.9984895
0.06789301
0.03259322
0.42025924
0.99849737
0.00092312036
0.0012530485
0.03471518
0.9892758
0.9970084
0.9926202
0.9971993
0.9989077
0.07228309
0.9992725
0.00467993
0.084160864
0.40922204
0.41680697
0.99568355
0.065403454
0.4202624
0.426594
0.017263725
0.67886984
0.009037666
0.03245929
0.0015305381
0.9994394
0.0141914785
0.0062777596
0.006276727
0.99523145
0.98875064
0.014267508
0.42457524
0.0021865207
0.9908664
0.42052418
0.74092704
0.42023373
0.49044973
0.39975533
0.9954572
0.996858
0.017900864
0.003910051
0.01904053
0.002138937
0.99968827
0.94929785
0.9382474
0.0059223124
0.42828766
0.16432247
0.41319525
0.55181503
0.99009913
0.002535894
0.96985966
0.15900984
0.0067064865
0.0075654965
0.989698
0.8952656
0.97353923
0.99935347
0.99656194
0.0069655497
0.99898785
0.9978713
0.7805777
0.0037179533
0.0038867118
0.005073508
0.7748786
0.99954885
0.4253496
0.7225616
0.008558942
0.005360506
0.9682883
0.4419624
0.6854204
0.013226294
0.99601954
0.97985816
0.99851483
0.99940073
0.0039015182
0.0076861414
0.99838984
0.99295723
0.40465662
0.9960886
0.0031865162
0.41402456
0.44068545
0.99930155
0.5131952
0.005259829
0.99479926
0.0071488074
0.8957511
0.9938414
0.011855181
0.92686117
0.42690343
0.010045955
0.5012082
0.99586284
0.9997644
0.017148638
0.5463967
0.0324015
0.9960801
0.006395413
0.029050576
0.89899004
0.98848444
0.99672526
0.9913641
0.010912931
0.07070521
0.006601819
0.9935242
0.019974306
0.0021129397
0.06009548
0.0022522728
0.0023793424
0.9893596
0.5366966
0.006548177
0.019730335
0.42268968
0.929611
0.7956355
0.0014414514
0.9877116
0.9979594
0.8570696
0.4172198
0.9994992
0.9984376
0.009440169
0.0029624372
0.0040166443
0.0064918236
0.9986726
0.2644853
0.9972638
0.7725842
0.9031498
0.97921777
0.999554
0.99814427
0.9930148
0.0018273836
0.9988335
0.2712287
0.9929945
0.0042787143
0.0071698558
0.5394094
0.9961733
0.6457969
0.0054029757
0.93748266
0.15810151
0.0037594659
0.009700045
0.41177726
0.957365
0.01836853
0.0031266196
0.41983962
0.41959858
0.0049028946
0.9963038
0.007589101
0.0026148106
0.005177627
0.9975942
0.93022084
0.003963492
0.12788025
0.98940104
0.98906016
0.9487572
0.008144272
0.06238476
0.972913
0.9964683
0.3410916
0.0058248397
0.9962048
0.62350464
0.0065213656
0.003689013
0.03870001
0.42672515
0.99869776
0.9962488
0.011389933
0.005863042
0.013850193
0.0010346846
0.9539866
0.9987349
0.27865696
0.44286925
0.39591596
0.99347734
0.9912477
0.99434173
0.42897382
0.9718901
0.42129958
0.9566773
0.99836403
0.0015261394
0.0026560451
0.9855085
0.0018011018
0.99912184
0.0342335
0.005544201
0.41516307
0.004489118
0.008849442
0.9796428
0.9978383
0.9990121
0.30595466
0.011211453
0.043127522
0.022325885
0.9927867
0.4032465
0.3442404
0.011858171
0.003353388
0.9987973
0.44970387
0.9664884
0.4063801
0.0014627143
0.024518251
0.0025175512
0.99755895
0.9992393
0.12471989
0.97891736
0.9818349
0.42731062
0.998401
0.9939281
0.42342776
0.96693456
0.009646819
0.53191733
0.030213729
0.9807128
0.8902678
0.005852856
0.0012181214
0.986547
0.9993735
0.0023926334
0.92641264
0.022715745
0.99720806
0.99614954
0.4427492
0.0063433712
0.020223223
0.42802915
0.008715812
0.99885154
0.6264413
0.010142655
0.96952134
0.97455966
0.13277137
0.99716944
0.014778054
0.022550406
0.41397336
0.42588302
0.9948002
0.007100646
0.0042435653
0.010780977
0.9993156
0.9973355
0.42635947
0.47074556
0.8902336
0.9961046
0.9956552
0.42236745
0.43260905
0.9996369
0.011473339
0.0031199995
0.45781428
0.41495976
0.99567884
0.014829768
0.0052570305
0.9649746
0.99846625
0.0035799658
0.3894454
0.0029737598
0.76276106
0.024145266
0.88876635
0.009670107
0.99905056
0.4242092
0.42440274
0.602392
0.049245205
0.0013925935
0.00885124
0.78353405
0.7875135
0.05221422
0.9939499
0.9995431
0.97244984
0.42259887
0.0031389901
0.9611515
0.005889714
0.99357635
0.4118464
0.12506004
0.42724147
0.012654871
0.0020622225
0.017346364
0.422648
0.0029172197
0.51361114
0.4236811
0.9976907
0.41947737
0.9934136
0.40923285
0.0075006955
0.0027615277
0.0043597175
0.006530962
0.9973672
0.008682796
0.004904249
0.4189746
0.991916
0.99836165
0.42731765
0.011494223
0.013547682
0.0015682941
0.9841166
0.003458036
0.999569
0.43643346
0.41414443
0.99768245
0.005318321
0.99545985
0.9802946
0.008512341
0.9183535
0.97477865
0.0011132605
0.5197368
0.0051353024
0.9990013
0.9296002
0.99952996
0.96220315
0.9976057
0.016880542
0.005583022
0.001551853
0.002678181
0.018266587
0.99774027
0.7864875
0.005415407
0.82656914
0.015348161
0.99381244
0.010353811
0.020178106
0.07244237
0.4593948
0.55256706
0.016589109
0.0095787505
0.001945227
0.9991197
0.009674144
0.9912246
0.9977083
0.9441231
0.013869992
0.95832527
0.0055676512
0.42420095
0.42002174
0.03386403
0.5985034
0.011499582
0.9531857
0.0067269225
0.98745257
0.6141505
0.020325415
0.013472464
0.006174081
0.9853285
0.9985827
0.9969037
0.23482849
0.005807379
0.88890904
0.43858397
0.99720925
0.0037929094
0.9729763
0.8732899
0.42000836
0.009287346
0.42087036
0.993755
0.9993186
0.0038109424
0.9994259
0.9933513
0.028670996
0.022923265
0.0036633415
0.996042
0.0018247789
0.87677485
0.9974366
0.009609997
0.001732378
0.011508193
0.0042447885
0.5613709
0.97741324
0.9829631
0.9617162
0.42983833
0.67638534
0.0134882415
0.99453425
0.9893225
0.98133564
0.009693675
0.006930307
0.4161446
0.0014968392
0.9967601
0.8109293
0.005836026
0.9682568
0.00072399597
0.0016107368
0.98737097
0.20828713
0.50208884
0.99897826
0.03674514
0.9694615
0.9875953
0.99909866
0.50798696
0.008296834
0.9990609
0.95967704
0.77092254
0.003470077
0.8291958
0.9860723
0.9913703
0.9972807
0.99382544
0.99006605
0.98668075
0.119484305
0.14228997
0.97625333
0.0014744427
0.23082703
0.04827953
0.0018740328
0.015942035
0.007493787
0.9925477
0.60050875
0.42485565
0.4978738
0.9987784
0.016929105
0.0019892845
0.99955803
0.012936062
0.9927763
0.99832207
0.5288608
0.46443662
0.99549544
0.007698473
0.012091623
0.99825495
0.41179547
0.0071850307
0.99858403
0.002533319
0.6263133
0.005451588
0.0065716323
0.8238107
0.0013668948
0.0142915975
0.0043601417
0.05388888
0.42275178
0.011944238
0.00910926
0.9363079
0.99903417
0.41003186
0.0008770232
0.99555427
0.011471322
0.002600076
0.99474984
0.5783016
0.008807108
0.56696683
0.42236203
0.9934668
0.00808789
0.999716
0.27095053
0.0035458799
0.41842395
0.107994035
0.42949787
0.001988164
0.0043311524
0.0018699497
0.96759063
0.44152126
0.016968757
0.985045
0.038887773
0.0023718455
0.41289628
0.003635643
0.99329185
0.5871091
0.9890014
0.012728351
0.057572328
0.031266432
0.9829117
0.0064411354
0.9921983
0.002047663
0.0008946357
0.55156094
0.0056412853
0.0040459246
0.9954332
0.9980032
0.22261578
0.99901557
0.0018810547
0.026750678
0.99161303
0.46525162
0.7745911
0.0028312085
0.9959709
0.9926037
0.51621455
0.99974495
0.018607995
0.9927146
0.9509161
0.99678147
0.016603857
0.06126463
0.0060258606
0.31103453
0.012362027
0.9970381
0.008368499
0.9887362
0.42240664
0.95134056
0.9971674
0.0034150176
0.007710193
0.0075863907
0.8694358
0.98408484
0.98332256
0.9986247
0.702184
0.56524295
0.7893676
0.0045738555
0.41001347
0.9513713
0.88420075
0.0043508015
0.99896395
0.9658581
0.9906115
0.99703455
0.0036679737
0.017986458
0.9954845
0.9996338
0.001128503
0.6663308
0.4235727
0.99730444
0.0021946921
0.004379423
0.9989146
0.9800844
0.6219544
0.9604574
0.9873301
0.0019377678
0.009357967
0.19536507
0.9994124
0.9996879
0.40042427
0.99781597
0.54328394
0.9991891
0.9986517
0.97971916
0.016674317
0.0064095943
0.980356
0.00528409
0.034717515
0.016903808
0.78826624
0.002763289
0.0070982324
0.002763729
0.42574403
0.9949293
0.41921136
0.9796194
0.027064871
0.5478877
0.018299581
0.23149443
0.14872663
0.0022178951
0.0015266467
0.005626924
0.6165483
0.42564446
0.9510597
0.0038191061
0.99601895
0.42332286
0.008789464
0.07404789
0.5068457
0.6171618
0.42170143
0.7710092
0.002745394
0.41607392
0.00062327605
0.6715601
0.42216927
0.15307212
0.42804927
0.4022815
0.99950445
0.002505624
0.998609
0.9959074
0.9886861
0.95323336
0.00916133
0.9841001
0.9976088
0.626728
0.0019549094
0.9782175
0.5528421
0.9920936
0.040802605
0.023354555
0.48543948
0.9981457
0.41874725
0.9964914
0.011805542
0.0077438396
0.050505973
0.30963
0.99855834
0.56007236
0.42518955
0.6759892
0.9874122
0.0055949604
0.99563354
0.99849606
0.9792196
0.9869422
0.9885318
0.43468958
0.074618086
0.9987134
0.42367315
0.99294984
0.42396465
0.9961551
0.52994144
0.99543935
0.99692553
0.24064761
0.5477037
0.99209654
0.0026566046
0.9976968
0.0038900455
0.0060166963
0.0064267754
0.0035380996
0.41922608
0.0039110174
0.5890336
0.47227255
0.9975126
0.016643206
0.96821916
0.8238349
0.03447439
0.010774591
0.99796873
0.93897194
0.40997177
0.9762508
0.99558455
0.9986979
0.0052804844
0.9977366
0.002628823
0.9848991
0.021065421
0.01771766
0.41951305
0.99774665
0.0025004894
0.9995833
0.4065224
0.9949628
0.42182013
0.009792168
0.97564733
0.9774924
0.02249836
0.99839896
0.9947009
0.005167871
0.9194705
0.03257902
0.008645232
0.42443216
0.22927245
0.950816
0.529327
0.5439358
0.4941029
0.8616225
0.41875282
0.6057568
0.0064485087
0.84619784
0.4161273
0.41099238
0.012858869
0.010655416
0.9603992
0.4208175
0.4840199
0.0044752113
0.99482274
0.87056684
0.0053446954
0.9989648
0.009156846
0.42847124
0.9829912
0.008145883
0.0052518393
0.99517316
0.9963325
0.42700297
0.3271795
0.5785132
0.001964195
0.42637312
0.99932027
0.42350724
0.41064602
0.00058789755
0.0068618306
0.4107682
0.43172106
0.4157448
0.9491599
0.9908387
0.9749933
0.0035916532
0.42986745
0.98347163
0.03583518
0.021796767
0.7612684
0.011798657
0.99770653
0.9993674
0.99938893
0.99628806
0.0044934885
0.0029870195
0.94370705
0.99923587
0.9953679
0.9789686
0.53520095
0.42160216
0.98673475
0.11648088
0.99119544
0.9977825
0.0037152874
0.026220042
0.007662676
0.0010728411
0.8596709
0.99768114
0.952141
0.09765034
0.99848914
0.0024819132
0.53063715
0.0046224725
0.9954255
0.99797803
0.96487725
0.9968592
0.9887313
0.0028042623
0.4137404
0.010322262
0.9799176
0.9733348
0.48548636
0.005258392
0.9998301
0.9976419
0.59883666
0.014981794
0.99966514
0.012758995
0.99310654
0.9905359
0.9976947
0.006761487
0.41038096
0.9915543
0.023336453
0.0049391245
0.005069023
0.9972082
0.009297048
0.7415245
0.9878918
0.9437409
0.03406653
0.0021205351
0.98897064
0.99552345
0.009111954
0.9955557
0.51893806
0.006004694
0.0042016814
0.06281961
0.010042048
0.9968713
0.41090426
0.043212414
0.95658416
0.98882526
0.008208024
0.001921077
0.9844067
0.009210697
0.95539445
0.012370891
0.007122154
0.015636
0.0040746573
0.99150157
0.0034525078
0.004052203
0.9988287
0.024607712
0.007830964
0.5892954
0.29543716
0.0042197797
0.0130554335
0.41437814
0.42077643
0.9984414
0.9967116
0.99384165
0.01046958
0.9562688
0.00067296857
0.9949709
0.08893948
0.99930465
0.99102086
0.99936897
0.9628522
0.020620562
0.028344112
0.4165214
0.9152144
0.4262155
0.92506295
0.19828579
0.8437775
0.41860157
0.93251526
0.925455
0.4266194
0.946679
0.971972
0.99957806
0.49972436
0.973397
0.002668827
0.0020322565
0.9608449
0.009587196
0.008488967
0.005348111
0.017419007
0.90922064
0.9936051
0.99914443
0.9881925
0.0033377667
0.9984402
0.012459031
0.012702815
0.020608932
0.97075313
0.0024324928
0.008889717
0.42366815
0.9895377
0.0007786642
0.42490977
0.006322694
0.0048939255
0.0014972913
0.0036390475
0.008764188
0.9964791
0.0036116762
0.9972772
0.03903833
0.42860198
0.0064534387
0.9958075
0.8795738
0.010037044
0.033753768
0.9990257
0.9856997
0.001792109
0.008047438
0.0039064577
0.42513913
0.94810206
0.99651945
0.019880421
0.99573624
0.9480647
0.99298006
0.0028234692
0.99774015
0.0082015125
0.0077608186
0.65266
0.90799725
0.01724264
0.42105356
0.9943295
0.010886738
0.002642559
0.003717494
0.02833911
0.9920541
0.9918303
0.0055508725
0.3883402
0.99706095
0.0031965722
0.59317285
0.99148625
0.0052143545
0.0010535953
0.99688846
0.0015763893
0.004044319
0.99097025
0.4224351
0.9995177
0.007983828
0.0022359416
0.007767361
0.0054208958
0.007280888
0.99871516
0.42422178
0.021984292
0.42005607
0.9942297
0.7373959
0.9545027
0.48435962
0.06019468
0.019240107
0.9735702
0.006904397
0.41923437
0.013811423
0.42773634
0.9963716
0.42822462
0.08210789
0.9994168
0.41609573
0.0072558154
0.51230276
0.96553427
0.97540617
0.011163172
0.97633255
0.012865667
0.41847044
0.56520283
0.99434435
0.006122738
0.56700236
0.98139626
0.008575503
0.0010123898
0.99900395
0.005161983
0.9983315
0.002194074
0.97042984
0.42744604
0.021599466
0.9281606
0.014245722
0.005725296
0.44265237
0.9960712
0.014799278
0.010947928
0.99553007
0.57161
0.99084187
0.98997647
0.48954648
0.9972373
0.6824144
0.0078413375
0.992199
0.0072342465
0.4269482
0.0039312597
0.02919883
0.99975806
0.014724711
0.98012125
0.5428668
0.016675318
0.007452883
0.018519811
0.0137669975
0.9968479
0.0030953842
0.99804
0.008816962
0.42761555
0.7859079
0.91568255
0.99618536
0.9709791
0.022174
0.95463514
0.0032865908
0.041162647
0.008228141
0.046695698
0.003245234
0.9967692
0.41839212
0.42715052
0.0024478645
0.5282899
0.99448794
0.9995586
0.99606067
0.9934453
0.9984072
0.9571043
0.9913367
0.9974235
0.008223368
0.9529477
0.9112998
0.006767674
0.51138055
0.99836606
0.0020151283
0.9902554
0.008995872
0.53574044
0.9986284
0.99712783
0.5848536
0.5840095
0.9829144
0.0027938238
0.0013232436
0.007372809
0.00519985
0.2998358
0.004888128
0.006217273
0.9985164
0.9693532
0.9751105
0.42692807
0.4176567
0.00077505596
0.42051342
0.41729182
0.4221657
0.007442136
0.9698695
0.11016174
0.99533975
0.0023940315
0.7265524
0.9991881
0.9928422
0.67027396
0.015625846
0.8964761
0.0045369132
0.96927005
0.007423227
0.086684525
0.0032307259
0.41837385
0.99918324
0.0087506315
0.010410638
0.5437648
0.999283
0.5471507
0.0018146037
0.98243517
0.9743076
0.99975735
0.0021218471
0.0004121487
0.9921747
0.05857556
0.0024124128
0.4092351
0.5457297
0.57881707
0.41708136
0.010272984
0.9981059
0.46271166
0.0051536276
0.524113
0.4229904
0.0019673111
0.0051227007
0.9976031
0.95838404
0.002084199
0.009152167
0.007111341
0.990329
0.049321022
0.94278884
0.29034925
0.5847545
0.0007145293
0.01654737
0.9963726
0.9995689
0.999041
0.68920493
0.16828392
0.99241567
0.007429902
0.006114059
0.0020867316
0.9930034