0.9418411
0.97063094
0.12862736
0.969583
0.1525811
0.018578758
0.029310018
0.98352367
0.20044035
0.53650737
0.19836816
0.022242552
0.03314748
0.16072689
0.9774565
0.028858477
0.07084923
0.4838098
0.037722517
0.8825623
0.91564125
0.06449518
0.2079542
0.031186085
0.02756368
0.08244766
0.87402767
0.890699
0.24857639
0.9763249
0.020969741
0.19311048
0.8376392
0.32813448
0.17611234
0.17161779
0.9608399
0.9426136
0.9911761
0.90634066
0.053791743
0.8393436
0.04441543
0.14041007
0.023880908
0.048362453
0.9619041
0.9052222
0.040380802
0.94945157
0.8283904
0.041180424
0.9315395
0.8807756
0.858357
0.08815406
0.8529505
0.060800966
0.046700288
0.056139257
0.9581265
0.95470226
0.9422051
0.25602642
0.8494211
0.9253837
0.99038273
0.03829642
0.8707243
0.9505575
0.95509446
0.05425685
0.9508348
0.505604
0.019048363
0.025765544
0.02976492
0.9244817
0.24906929
0.15818489
0.028213644
0.016890984
0.10924992
0.95942885
0.9192046
0.03062392
0.95027953
0.9291848
0.7475161
0.5914741
0.022671383
0.030832103
0.9539459
0.98708016
0.0468024
0.05221335
0.84297806
0.82612246
0.99014497
0.9366202
0.19395573
0.16325225
0.027601557
0.028952297
0.124527045
0.059601236
0.018320786
0.93588114
0.89281553
0.9588846
0.0313708
0.20111592
0.93690604
0.063314274
0.16134101
0.023098068
0.05334664
0.06783103
0.96403193
0.863846
0.68000716
0.8698596
0.101818174
0.97531646
0.064302236
0.9401257
0.06492819
0.04695241
0.043930855
0.86399645
0.8721459
0.7612808
0.03480871
0.8552787
0.038811408
0.027321344
0.57026386
0.9598871
0.25396034
0.021764461
0.937731
0.044852942
0.9552436
0.027827177
0.5250122
0.05416111
0.0194268
0.13880827
0.022718975
0.029098907
0.98258024
0.93867815
0.13018629
0.026410133
0.04978759
0.16216454
0.98173714
0.030564163
0.02845897
0.90061295
0.9622434
0.9863776
0.44976106
0.97153723
0.9356394
0.049180422
0.99153066
0.92671984
0.06225289
0.059383377
0.041132327
0.15911359
0.07140363
0.76671845
0.045528647
0.041258473
0.07023927
0.9799129
0.046409488
0.035056967
0.54835784
0.030863069
0.02355538
0.9887348
0.8570569
0.96340495
0.13437602
0.2020389
0.03204763
0.9738859
0.024683405
0.95589113
0.96884346
0.92901266
0.058281206
0.03794984
0.19215426
0.8710283
0.10631368
0.023176523
0.054753058
0.8955372
0.912586
0.8522039
0.9570456
0.9695888
0.068406254
0.97968936
0.038292408
0.08514801
0.13298921
0.14777756
0.99077034
0.022511592
0.20607424
0.24055022
0.040899
0.5285584
0.031284694
0.035247993
0.08223328
0.9491611
0.026622377
0.040632017
0.039966688
0.9745721
0.89452225
0.054628436
0.1682006
0.033339627
0.90089285
0.19526313
0.76193535
0.24717811
0.92323536
0.25607455
0.90718734
0.98777163
0.04222612
0.01777806
0.0414343
0.030918589
0.8962727
0.87839764
0.6660424
0.029266097
0.16947763
0.13477775
0.16915359
0.8377619
0.9930341
0.01885816
0.8593209
0.11617852
0.03300727
0.0496016
0.9256663
0.8366283
0.84871113
0.9571825
0.97535205
0.024499577
0.9447403
0.79523724
0.5680421
0.049805775
0.017958665
0.03306949
0.85380054
0.9440881
0.24808902
0.6631849
0.031441703
0.06350417
0.8973664
0.91377014
0.6475607
0.032618545
0.8830774
0.95772755
0.99064296
0.98136383
0.03891272
0.03614927
0.7916153
0.9302204
0.15487371
0.9843507
0.027391443
0.14232135
0.90380615
0.8247858
0.94979227
0.021469746
0.8860069
0.03360897
0.8530559
0.8931805
0.07134782
0.98924583
0.28356886
0.030189587
0.81632614
0.95764333
0.9748788
0.06991807
0.96149814
0.08325685
0.9537802
0.034142897
0.05549309
0.95242006
0.99068016
0.86372954
0.9386914
0.03751467
0.05764567
0.049142037
0.9541277
0.06259258
0.029204102
0.059529018
0.019655991
0.016615462
0.9838594
0.9362155
0.05100183
0.035876483
0.23867632
0.931096
0.85164803
0.011340203
0.97040224
0.9167555
0.83759904
0.16442591
0.939775
0.9554478
0.033688772
0.015407174
0.019440953
0.03216344
0.90731746
0.14970681
0.9274544
0.884358
0.7735541
0.98802966
0.95049113
0.91662955
0.8244203
0.020395065
0.9553334
0.15189052
0.90174866
0.029155161
0.054321293
0.9794764
0.9728333
0.9787273
0.06908296
0.76106846
0.042118065
0.027448349
0.080441855
0.11539382
0.8952741
0.064116605
0.032682605
0.21861288
0.19112921
0.027849399
0.98617977
0.027940402
0.033114027
0.059959084
0.9250334
0.83289444
0.03584589
0.058867756
0.97779614
0.85074604
0.926129
0.04886794
0.09909895
0.85720575
0.9585024
0.3222099
0.024682555
0.82106197
0.9793915
0.055102322
0.029344212
0.058084816
0.16427168
0.89955956
0.8716301
0.039245375
0.032434184
0.05724977
0.027400719
0.8936491
0.89336103
0.23596413
0.7934789
0.2064234
0.7340824
0.965832
0.97623
0.17316093
0.9563762
0.11589592
0.9772192
0.9545705
0.02664124
0.01391133
0.89481556
0.027394556
0.97240776
0.051734988
0.027645199
0.14037672
0.042358506
0.055669744
0.9307524
0.9948191
0.9399687
0.18760459
0.05776528
0.084861584
0.039030917
0.8733798
0.06821315
0.60780925
0.03363106
0.018841648
0.92668176
0.8859492
0.89023805
0.16049206
0.02454441
0.08478287
0.019405924
0.87602603
0.9655038
0.025956513
0.9263313
0.9604821
0.2204281
0.9409168
0.8302186
0.21417564
0.65422577
0.021248454
0.82091945
0.060604084
0.97427124
0.8870054
0.034796588
0.016418504
0.9824546
0.9822286
0.032324295
0.863321
0.051082138
0.9660433
0.7572845
0.74638784
0.032236256
0.023579804
0.20123969
0.0219609
0.9639509
0.97009295
0.042954102
0.8671429
0.8947411
0.13247423
0.94724935
0.044913188
0.049028095
0.18903418
0.16411361
0.9763625
0.03649252
0.07349974
0.052549858
0.9529841
0.83822644
0.20871082
0.8693895
0.9576926
0.9750567
0.95440924
0.21523388
0.32709682
0.9579069
0.03665436
0.074757725
0.8854199
0.16611502
0.9268246
0.03110053
0.029009815
0.8053807
0.68811435
0.032100994
0.13284671
0.024977794
0.57775414
0.04035516
0.91767687
0.041222848
0.95211065
0.16578217
0.11152221
0.9574784
0.048752334
0.022366283
0.02920889
0.9488653
0.8939859
0.025842324
0.8505021
0.9895587
0.70074195
0.21189216
0.03485785
0.9255241
0.03326259
0.82259697
0.16920942
0.080535285
0.38787177
0.046807956
0.03187807
0.03107851
0.2209256
0.045242608
0.9698131
0.24363612
0.75410485
0.17895001
0.9772321
0.134114
0.046657626
0.0313436
0.03658133
0.044679098
0.90924203
0.028256295
0.05325883
0.18009259
0.93332124
0.98530585
0.2511861
0.03385028
0.17400303
0.025882984
0.96494615
0.036423326
0.9431162
0.8536296
0.18224874
0.9280002
0.02432993
0.91103274
0.94320744
0.040382814
0.8690003
0.9495915
0.021964991
0.92507994
0.021986155
0.9808518
0.94234794
0.890405
0.9377339
0.81226385
0.06212144
0.03079085
0.028037217
0.025239268
0.03916731
0.9586882
0.68607134
0.022435829
0.7619902
0.03293734
0.97438055
0.042064205
0.06244728
0.06757048
0.5816212
0.90901166
0.034732994
0.07120156
0.022115232
0.9678657
0.049541086
0.9868506
0.9888151
0.88292503
0.03803175
0.8999075
0.027697949
0.21428184
0.16381773
0.06635636
0.91181284
0.067853324
0.8943048
0.044483624
0.93273216
0.7591181
0.076047316
0.035589483
0.045408837
0.95408314
0.7866638
0.7318151
0.14022923
0.05351943
0.9363805
0.7413572
0.9366561
0.018125022
0.9038636
0.83119124
0.19193515
0.054386847
0.14327404
0.9626025
0.90787953
0.09534692
0.973112
0.9121092
0.07365237
0.05075486
0.017425396
0.81327003
0.024900123
0.8083956
0.9742819
0.034894396
0.028145414
0.050211087
0.0783527
0.9846464
0.8769487
0.92152286
0.85349315
0.25412604
0.9770973
0.07673117
0.9882889
0.9037693
0.9842427
0.058078315
0.031043414
0.116512924
0.018591654
0.88728005
0.7555628
0.02720385
0.9615192
0.018243944
0.029614503
0.8055587
0.08458165
0.86924326
0.9068584
0.051189203
0.74162346
0.8725366
0.8862989
0.60900044
0.06998098
0.90723443
0.9515484
0.8671098
0.0604165
0.8373591
0.9769909
0.8390318
0.8582416
0.77890563
0.9851715
0.87974447
0.08359031
0.09360873
0.917071
0.012323645
0.12086155
0.082073085
0.013350185
0.031183956
0.029254293
0.9476229
0.78562033
0.20056823
0.9683311
0.98098344
0.07071719
0.026598131
0.88827133
0.033261105
0.98560256
0.9636041
0.95880073
0.7956112
0.90641797
0.038788833
0.04224631
0.9130432
0.15378863
0.028215634
0.7611566
0.025426364
0.76875794
0.046769377
0.025570352
0.9442409
0.026338724
0.05281913
0.020269727
0.05383582
0.20920612
0.05602531
0.06376563
0.9427276
0.8167438
0.17731638
0.014717097
0.7656419
0.0477854
0.021817548
0.95995665
0.9860605
0.03981683
0.8456072
0.20963736
0.9380626
0.02603667
0.9971962
0.6906245
0.026395744
0.15502758
0.080562636
0.27033046
0.02244876
0.019345144
0.018882819
0.8481208
0.7929946
0.035676833
0.93145496
0.06538957
0.015580516
0.12486243
0.044367027
0.89452076
0.9389911
0.84471434
0.04510232
0.08428092
0.058980536
0.9033625
0.063648224
0.94421923
0.030933442
0.021750124
0.98962885
0.033306956
0.048693106
0.8789326
0.98834443
0.14170389
0.8936321
0.022951312
0.07120743
0.9361367
0.64139056
0.82531476
0.0227614
0.96922183
0.9361617
0.8606373
0.9593046
0.032388665
0.9901126
0.94604015
0.98241454
0.06476191
0.039152905
0.030506862
0.20952028
0.045020737
0.9908697
0.024925815
0.9579977
0.1582515
0.88644356
0.9794672
0.025946744
0.025846407
0.02220651
0.81989974
0.9831929
0.88978064
0.98809147
0.9807452
0.83226496
0.9206376
0.027774543
0.2883333
0.7224948
0.8699071
0.040489145
0.9099648
0.42052293
0.9111582
0.8872793
0.024723345
0.053555578
0.8157173
0.96857965
0.022340944
0.7865827
0.20573117
0.92253065
0.02250245
0.04420158
0.9309345
0.93615943
0.7743961
0.94653654
0.87699133
0.023162471
0.040666938
0.55422693
0.96343166
0.962336
0.21572746
0.9808092
0.9547779
0.9193622
0.98365617
0.9266953
0.022045039
0.10195888
0.9737038
0.028802829
0.07823498
0.031260073
0.86041266
0.0332524
0.029008897
0.023732819
0.22940771
0.9817488
0.13818139
0.9113341
0.07460809
0.96339107
0.04248283
0.09005448
0.0027273484
0.028085727
0.014493592
0.034600157
0.86849445
0.23187442
0.9422662
0.038437597
0.9778798
0.1727031
0.11667894
0.12539937
0.5884479
0.8977174
0.15801355
0.8126881
0.034546655
0.10713548
0.017139839
0.9736256
0.20383826
0.71012187
0.2461115
0.27486596
0.98587555
0.026492048
0.9558996
0.9054565
0.849544
0.8849522
0.055139113
0.7588479
0.9494445
0.7973545
0.039938953
0.93036914
0.6623592
0.9449316
0.6527774
0.05151997
0.908394
0.8225394
0.14254014
0.9684834
0.036444504
0.034990344
0.12600079
0.78648025
0.9495554
0.93011236
0.15753862
0.97710514
0.96480864
0.048571873
0.99116194
0.9739895
0.8568295
0.7876939
0.87005883
0.30093256
0.08629292
0.93437403
0.22788413
0.9556153
0.21425623
0.925751
0.9844788
0.8307256
0.9746551
0.15071724
0.98048085
0.918339
0.021833751
0.92374676
0.017443629
0.036066864
0.027368091
0.016323099
0.14848506
0.037906222
0.9486079
0.9176553
0.9587892
0.0489037
0.8338681
0.85433596
0.047585353
0.042535882
0.9017411
0.7679286
0.1802558
0.9136281
0.9372064
0.7136547
0.042496983
0.9768688
0.037050076
0.98655427
0.056800373
0.040965695
0.15816951
0.92891556
0.032833323
0.9907188
0.10671266
0.66413665
0.19882727
0.041120473
0.8504601
0.9856289
0.097517945
0.9638225
0.8665615
0.031751
0.9453269
0.061610345
0.04731624
0.23233852
0.12907717
0.5710716
0.77820486
0.9440322
0.91512793
0.7763513
0.19899298
0.9790452
0.020231444
0.8731582
0.15568781
0.16048048
0.031523764
0.029330803
0.66514444
0.20349751
0.92667747
0.021875791
0.95416856
0.7062117
0.028399162
0.8481614
0.040296067
0.29375508
0.9008065
0.0870095
0.030459795
0.8163505
0.98230195
0.2138452
0.67190814
0.97858125
0.02039554
0.22277248
0.9610864
0.2933301
0.14321986
0.03275317
0.044945132
0.12039768
0.24920271
0.10992357
0.89902747
0.9777281
0.89320976
0.03472755
0.21945207
0.97124577
0.0689798
0.035529416
0.92183167
0.06747104
0.8385219
0.9748395
0.95355195
0.9503045
0.031620342
0.027737798
0.8803627
0.96475005
0.96182483
0.8707568
0.9553554
0.1459966
0.9238356
0.04746839
0.977452
0.9717774
0.05197597
0.06342753
0.030311665
0.021776574
0.87924874
0.892641
0.9154151
0.015089832
0.95418155
0.014402371
0.97277033
0.0315992
0.8577255
0.8906732
0.9581596
0.9784241
0.9523211
0.03254691
0.12252863
0.0455154
0.8445849
0.9753352
0.91885984
0.031814475
0.97133934
0.98035526
0.98776114
0.06306481
0.90249676
0.04449944
0.9387381
0.85860246
0.96899766
0.0461782
0.15545186
0.96685445
0.031959992
0.042581357
0.028791318
0.93043673
0.043461997
0.60812306
0.9209168
0.55367047
0.08855458
0.03138748
0.9158845
0.8599495
0.041474443
0.9446435
0.9003423
0.03327411
0.028132308
0.09290499
0.04345941
0.82241756
0.09616225
0.04447496
0.91759324
0.8753428
0.029254936
0.07907693
0.8845732
0.03915805
0.9259444
0.039189856
0.04584413
0.029947964
0.029577717
0.95281804
0.029643347
0.017299837
0.89313185
0.06091636
0.04665953
0.9701332
0.5652128
0.02832774
0.051994223
0.21968825
0.2008715
0.7268511
0.86951834
0.92752063
0.026944097
0.92135185
0.017452769
0.9203958
0.099213295
0.95772576
0.9324853
0.89819956
0.9512905
0.049273007
0.057801586
0.148091
0.8723066
0.24409765
0.8613558
0.30262855
0.66734916
0.18339856
0.64468795
0.8888561
0.2477009
0.92378104
0.82261217
0.93683857
0.9625679
0.9212872
0.06336912
0.0159616
0.9109237
0.057300463
0.026374172
0.057642005
0.047693234
0.9239021
0.8603105
0.9858699
0.9356298
0.021307528
0.9711459
0.031018883
0.0715967
0.04192295
0.933408
0.035036147
0.04283355
0.24300893
0.98201585
0.04362405
0.17147507
0.040896047
0.03207126
0.024596421
0.052317943
0.05423344
0.87473
0.022742359
0.9593741
0.10923852
0.28482512
0.033024915
0.9170662
0.81828886
0.040459845
0.06093922
0.96804696
0.8541648
0.027898952
0.03931196
0.028499343
0.19570485
0.80334777
0.9868689
0.0837467
0.89492726
0.70721537
0.9528004
0.0251844
0.93585724
0.037533987
0.052344855
0.8276787
0.9467743
0.04008747
0.15091507
0.9106999
0.044006776
0.031822834
0.040360525
0.043262705
0.9524335
0.983444
0.03650564
0.20209907
0.97472954
0.032821324
0.8780433
0.85040265
0.041233618
0.022590613
0.9744101
0.02051474
0.03194074
0.92162967
0.18881573
0.9330889
0.040320367
0.026196739
0.024208149
0.13073349
0.032914754
0.7214943
0.2684255
0.04258552
0.21497235
0.96873426
0.9929806
0.910077
0.9171862
0.020563047
0.041326106
0.8052719
0.039006144
0.17694439
0.047335424
0.32849303
0.96120477
0.2671391
0.15472956
0.92782444
0.16473699
0.054061368
0.8648419
0.8871814
0.9477114
0.03308963
0.96339834
0.030645607
0.1341383
0.8482448
0.942266
0.033370856
0.96152866
0.90565336
0.02468708
0.025739761
0.9449132
0.027570136
0.8984407
0.038757287
0.79522836
0.19077665
0.03557667
0.954749
0.031045789
0.03398794
0.845314
0.96887165
0.037308224
0.040341083
0.97497886
0.8822393
0.85203445
0.9092937
0.96643794
0.9067098
0.93823236
0.040025797
0.9790172
0.04000079
0.22732697
0.026275065
0.08634074
0.98439515
0.03305258
0.8900143
0.9825211
0.052341174
0.037216153
0.06311161
0.03690648
0.9128718
0.13302897
0.93400997
0.026755217
0.25465086
0.91994774
0.88429594
0.91631496
0.93198293
0.048831828
0.89129514
0.029058868
0.0730619
0.06098176
0.087679304
0.037111398
0.94921386
0.118037865
0.20213872
0.034298006
0.6208553
0.9260868
0.8338449
0.9035911
0.96880865
0.9169022
0.90967715
0.8364178
0.8189825
0.035736695
0.8209957
0.9611983
0.020685354
0.8453922
0.8673085
0.019298632
0.94042015
0.046282347
0.97400904
0.9582219
0.96022135
0.9670834
0.97853106
0.962238
0.03467527
0.01864829
0.024773652
0.03743581
0.22188328
0.037258983
0.020656249
0.9103073
0.9458071
0.8814828
0.24986409
0.16648366
0.08900719
0.20376688
0.13326114
0.71257186
0.022456273
0.91245973
0.15532488
0.63376766
0.03503956
0.6072037
0.96336335
0.9739904
0.9845313
0.029011408
0.8663805
0.0587862
0.86033547
0.021718184
0.036662493
0.025392726
0.18218839
0.9567699
0.025028447
0.03324688
0.97036964
0.9128689
0.98539114
0.022747768
0.91854143
0.8717979
0.9961618
0.019818088
0.016928509
0.96581084
0.10451603
0.038519587
0.16866297
0.6837292
0.92580867
0.11553956
0.032358672
0.907657
0.9006532
0.034070674
0.9831413
0.2516023
0.03691806
0.028242704
0.9433375
0.91409475
0.01452475
0.040426593
0.031214517
0.9120503
0.059786797
0.8106512
0.2336296
0.9777224
0.02800556
0.032786943
0.9099983
0.95956296
0.85331017
0.97233206
0.6778078
0.97935987
0.041704737
0.08403645
0.022970643
0.948122