0.5222067
0.9982772
0.4435837
0.52899766
0.43980867
0.0016314308
0.0017686927
0.9987865
0.43861416
0.8246932
0.008445611
0.0018558573
0.0011735098
0.43949917
0.99610066
0.0008940387
0.0015294746
0.9420327
0.0045760702
0.48126584
0.8279163
0.0022234546
0.43809766
0.0015365471
0.00037712452
0.008270499
0.48091412
0.9725302
0.44371942
0.9950598
0.0011538722
0.39361462
0.5005635
0.4341772
0.44359985
0.42793784
0.4975681
0.9660642
0.99694604
0.9966522
0.0007047555
0.46950477
0.0021273487
0.439093
0.0013995429
0.000557887
0.46232104
0.88196176
0.00080742396
0.9969278
0.98253113
0.0012628705
0.9813048
0.98886967
0.48788002
0.00034875816
0.4892976
0.0016964403
0.0012310246
0.006781666
0.54923856
0.9927003
0.5318043
0.44166058
0.9254266
0.83238137
0.5976442
0.00086168275
0.9203453
0.5331864
0.9946025
0.0008885687
0.9491295
0.5160274
0.0025922847
0.0016779827
0.0015291856
0.5377907
0.4437523
0.42676425
0.0015384789
0.0015001699
0.4338252
0.99004513
0.9892971
0.0010059222
0.48604253
0.96647036
0.986389
0.9441637
0.0010525661
0.00079179107
0.99346703
0.986679
0.0012859857
0.0113345105
0.9860778
0.9280039
0.9983034
0.99603915
0.43806392
0.44006053
0.0011397918
0.00066364795
0.43383577
0.0048268004
0.0016305256
0.9374713
0.98304325
0.9961637
0.004060458
0.44160366
0.95538086
0.0017743431
0.42107436
0.002993583
0.0009984871
0.0020813558
0.99224514
0.8712692
0.97716534
0.9946144
0.003085804
0.99452376
0.00066910556
0.9906131
0.001975774
0.002029449
0.0010803873
0.971368
0.9879181
0.9342998
0.0003754624
0.9776039
0.0025732277
0.0010813412
0.4727184
0.9974529
0.43991482
0.003063168
0.99622464
0.00072332047
0.79690415
0.0010686584
0.93792754
0.0026030156
0.001257864
0.41863528
0.0038734695
0.0055477964
0.9852335
0.90586513
0.43833143
0.0015657874
0.003700962
0.4285488
0.9975363
0.0007260373
0.00087512034
0.99470204
0.99759287
0.995352
0.6840304
0.9616345
0.9922097
0.0006653217
0.64035875
0.460656
0.00031425784
0.0006227455
0.00086673466
0.41980374
0.009949628
0.55968386
0.00342492
0.0041891327
0.003541965
0.99761105
0.00063840486
0.0007435997
0.57500654
0.0012897195
0.0036313187
0.99879044
0.9626346
0.9956327
0.43418437
0.4412182
0.0015409632
0.98665607
0.0006960986
0.9959636
0.99629223
0.988373
0.008473492
0.0007104669
0.4372558
0.9880166
0.02616779
0.0010524607
0.0034430674
0.98201436
0.9921977
0.9563872
0.9882693
0.99856204
0.0033169577
0.99672204
0.004021372
0.0011407753
0.4267389
0.4316729
0.9958852
0.002206192
0.4424103
0.43448302
0.0008030224
0.4929306
0.00044848336
0.0013542062
0.013352923
0.9986462
0.0014049688
0.0021625925
0.0014008143
0.9952107
0.96667886
0.0038613419
0.43837485
0.00082608644
0.9862911
0.43901697
0.60578233
0.43597415
0.46232104
0.38332304
0.98650324
0.9989887
0.0018722847
0.0014876428
0.00063950097
0.0025278463
0.9896857
0.9623926
0.92928046
0.000808829
0.43688864
0.25227654
0.42860284
0.4538627
0.9987991
0.0011285605
0.83348775
0.004715421
0.0004417651
0.0019579793
0.98778534
0.919253
0.98627394
0.9930568
0.995074
0.0009014322
0.9971022
0.98854417
0.63677305
0.007244781
0.0022247836
0.00085427804
0.46071678
0.99560696
0.43411234
0.5740546
0.0017148285
0.0024548138
0.9470653
0.46232104
0.48171958
0.00070574717
0.98639154
0.97429
0.99883133
0.99852777
0.0015215911
0.00090703793
0.99624807
0.9749341
0.4293181
0.9962115
0.00061588676
0.4445683
0.78548473
0.9971967
0.47335857
0.0007312336
0.9574751
0.0021208872
0.5580737
0.9787748
0.0037517566
0.99028754
0.4423969
0.0011425503
0.751968
0.9836373
0.99733824
0.0023073987
0.5499238
0.0017496838
0.99365634
0.0008334578
0.00075095776
0.47576395
0.99684155
0.9850766
0.9877061
0.0010777325
0.00090614776
0.0014650284
0.9758546
0.0008609363
0.00040199194
0.0053682206
0.0015636435
0.00031911078
0.9981077
0.46232104
0.0066375276
0.0033277944
0.43939447
0.9552415
0.70914006
0.0029345024
0.9768687
0.9967325
0.7328362
0.43411463
0.99883443
0.99493563
0.003007431
0.002165459
0.0015559471
0.0007774016
0.98636496
0.41910043
0.9938352
0.92842907
0.7094359
0.9702726
0.9920427
0.99048483
0.9264905
0.0018574047
0.9951379
0.42100754
0.95249987
0.0021924118
0.0013235462
0.48925143
0.9987305
0.48690695
0.0017995429
0.98542756
0.0046971836
0.0012496249
0.004771514
0.43788576
0.94087267
0.0005337684
0.0012115829
0.4408262
0.44364068
0.00091006176
0.9968804
0.0020756007
0.0011410487
0.00080650626
0.99674726
0.87286144
0.00097648054
0.0010806327
0.99068177
0.9824755
0.9336822
0.01002109
0.009391597
0.95305574
0.98212254
0.41865614
0.00224569
0.9923505
0.5635999
0.00014672788
0.001434249
0.020036288
0.43970743
0.9908688
0.9588588
0.00048456702
0.0012786898
0.0027797045
0.0035116
0.8773481
0.992343
0.41328713
0.5013283
0.4294105
0.9953702
0.9854199
0.99497485
0.43530366
0.9620689
0.43615076
0.93307495
0.9955344
0.0015415421
0.0019567432
0.96097296
0.0010898171
0.9953055
0.0009910148
0.0014342524
0.43557888
0.0009407229
0.0018209136
0.93158585
0.9988826
0.9948279
0.4165607
0.0010946243
0.0047669625
0.00072121184
0.98689204
0.44016075
0.45877334
0.003105874
0.0009494708
0.9950448
0.5004059
0.93538755
0.4279689
0.0011746712
0.00053863006
0.0015671522
0.9879901
0.99567974
0.0033476842
0.9904873
0.98659873
0.44561842
0.9960735
0.9748463
0.44668522
0.8644563
0.0015508094
0.46144328
0.001331743
0.9880676
0.66844726
0.00055644754
0.0020562313
0.9639102
0.99812514
0.0009765476
0.8644124
0.0018728292
0.9971263
0.9871709
0.5455221
0.0008434127
0.0009871573
0.44133458
0.0022285655
0.9964104
0.5610718
0.00093530654
0.96952033
0.9703002
0.0010837147
0.99439114
0.0016407742
0.0009502849
0.43211305
0.43599004
0.99438184
0.001045985
0.00016154209
0.00068028294
0.99743915
0.9940321
0.4464001
0.47200242
0.66775316
0.995193
0.9850756
0.43316448
0.44103393
0.99463576
0.0009864155
0.00024231392
0.4890213
0.43197313
0.9972372
0.003791744
0.0010781562
0.92724425
0.9932106
0.0015297245
0.3916163
0.0008080486
0.8384677
0.00074537017
0.84486073
0.00047901907
0.99779344
0.4383083
0.42887056
0.54750776
0.052549303
0.001566621
0.001490155
0.5299195
0.61924803
0.0022008324
0.98582363
0.99745077
0.9291219
0.44709885
0.0011962577
0.9311074
0.0018702238
0.9313145
0.44580096
0.0041592903
0.409309
0.0010090936
0.0012539267
0.0029034326
0.4483792
0.0026580263
0.5519768
0.44043413
0.99483585
0.42312956
0.96190155
0.43326956
0.0039781756
0.001254033
0.0026421717
0.0021185412
0.98516047
0.0024206708
0.0016106649
0.4497198
0.98299
0.99848264
0.43920177
0.0009944537
0.30633536
0.004916488
0.99702734
0.00090202154
0.9966564
0.46230218
0.43124682
0.997677
0.001539688
0.95419395
0.9898295
0.001001637
0.9521464
0.90227515
0.0029534972
0.46232104
0.0012250429
0.9988182
0.9617313
0.9978683
0.97376335
0.9688185
0.004163078
0.0007884086
0.007701982
0.0010424207
0.018428195
0.98831356
0.7269261
0.0016827672
0.74629515
0.001506695
0.9917521
0.0010310536
0.00064360123
0.0010438066
0.4688163
0.5119116
0.0013635026
0.00081762543
0.0018684247
0.9874264
0.0011203992
0.99867165
0.99586797
0.9460649
0.0007703527
0.8397444
0.001186831
0.44521034
0.43563226
0.00087795954
0.55455834
0.0014836638
0.5894288
0.0010302984
0.96218014
0.6860956
0.0010932179
0.0026744695
0.00071311166
0.977414
0.9845584
0.9818394
0.4156909
0.0032488592
0.941184
0.46893445
0.9918542
0.0024358996
0.94957936
0.82973826
0.43809107
0.00042956538
0.43631536
0.9766888
0.99247086
0.017761163
0.99806243
0.989953
0.008532047
0.0025061974
0.0010196869
0.98271817
0.0025823272
0.7015444
0.99017835
0.0005085151
0.0012962698
0.0014072707
0.004418242
0.4958344
0.97293586
0.9904281
0.93885034
0.44215924
0.51532763
0.0005487797
0.98938155
0.9006846
0.9983046
0.00027012712
0.001115571
0.430475
0.0012955503
0.9916009
0.7790632
0.0008426853
0.917981
0.0019867935
0.001093957
0.99373615
0.42631027
0.5017828
0.99353045
0.00073086476
0.9464154
0.97236323
0.9908544
0.505358
0.0005169831
0.99629444
0.9239664
0.47634313
0.003057337
0.8346
0.99491787
0.94103193
0.99159485
0.9596982
0.99398863
0.9745516
0.0032246234
0.001409865
0.9224015
0.0026021802
0.0008322159
0.0042150617
0.0017097171
0.0015133382
0.0014948059
0.98996603
0.80230784
0.44362614
0.5227038
0.99506617
0.0033179196
0.0014099845
0.994437
0.0010009997
0.99722975
0.9959149
0.46896967
0.4747029
0.9836271
0.0009826097
0.0008698269
0.99860877
0.43184322
0.00059026864
0.99146116
0.0006819106
0.5168147
0.0019320265
0.0008050984
0.7440584
0.0018648241
0.000483518
0.0012849786
0.0007567097
0.43851528
0.0004123303
0.0022302268
0.9121794
0.98655266
0.4291879
0.0031595358
0.9709327
0.0003258214
0.0012447265
0.9950459
0.49340248
0.0027286834
0.472394
0.43581152
0.9800695
0.0013668466
0.9987552
0.4660948
0.00203795
0.4369551
0.0010144047
0.44461975
0.0017681876
0.0015572611
0.0015474572
0.87076694
0.4930241
0.00067531364
0.97316337
0.0044137347
0.0027689121
0.44506526
0.00049815205
0.9863186
0.5326837
0.83736295
0.0008291917
0.0014313216
0.0022548886
0.9677067
0.003348895
0.99030286
0.0033736017
0.007752532
0.71021557
0.0009686208
0.00046759762
0.9868652
0.9946189
0.4257047
0.98959875
0.003402593
0.0018803691
0.9706842
0.78633946
0.8854843
0.0010457768
0.9959001
0.9929382
0.48701957
0.99693716
0.0043155835
0.99885464
0.94596505
0.9957982
0.0015992146
0.007497356
0.0008590467
0.41676688
0.0009348134
0.9951332
0.0008934217
0.99817336
0.44428715
0.93447125
0.99757344
0.0013207858
0.0013249202
0.0016028183
0.70268285
0.9869593
0.94831914
0.99923754
0.6857059
0.4833367
0.79821956
0.0014188247
0.4413091
0.936691
0.9315974
0.0019760788
0.9815832
0.9091683
0.9958919
0.9913492
0.0018502683
0.0075213374
0.97141314
0.9986797
0.0033200476
0.6014838
0.44175428
0.9925844
0.0011265449
0.003849943
0.99639493
0.9512018
0.45793593
0.98471874
0.96553147
0.001624118
0.00086423923
0.39365262
0.9967452
0.9935917
0.34320295
0.99830294
0.5082799
0.9915589
0.99890554
0.93998104
0.0012476115
0.009531651
0.98488486
0.0015533543
0.0055037565
0.0013729484
0.90918034
0.0011842732
0.0018599675
0.001201223
0.43173698
0.99774927
0.44512582
0.93404627
0.0031709913
0.557716
0.0032392377
0.42044207
0.10605841
0.006498886
0.000942189
0.0010793066
0.6467375
0.4384711
0.90798753
0.0010263338
0.9950995
0.43870145
0.005919074
0.0084483465
0.50641954
0.4849748
0.44389412
0.656245
0.00084468623
0.4358594
0.0017570993
0.54863685
0.44141564
0.47303143
0.4432998
0.42997912
0.9973859
0.0013037453
0.99310005
0.9858423
0.94712514
0.84299225
0.0012305276
0.9812137
0.9969699
0.77108496
0.0025372994
0.98986524
0.49955478
0.99274737
0.46580392
0.0010264027
0.5077547
0.9917665
0.43644336
0.99409443
0.00062891014
0.00107811
0.0021082617
0.47570643
0.9963278
0.48971522
0.43720415
0.5909249
0.9886643
0.0010871415
0.99399066
0.9972314
0.95216763
0.95696515
0.9597395
0.433116
0.0005633155
0.99408275
0.43853623
0.9903204
0.44898757
0.99390876
0.47047326
0.8476207
0.99723345
0.004318424
0.54676354
0.9959078
0.0011898527
0.9926878
0.0010857447
0.0012311009
0.0023730271
0.002413757
0.4430197
0.0034152593
0.52624565
0.5073567
0.9961617
0.00069944613
0.952266
0.69853806
0.0006519843
0.0010209555
0.98955685
0.9401938
0.4441614
0.95376766
0.99097013
0.9923172
0.0008680736
0.99824995
0.00026096255
0.99204093
0.00077035924
0.00068873836
0.4369374
0.9816774
0.0012829877
0.9989489
0.43030414
0.98342794
0.42715758
0.0021267282
0.9230077
0.9941128
0.00045570277
0.9983747
0.9811668
0.0010717451
0.9044175
0.0022310386
0.0008427198
0.44601676
0.41033226
0.7982591
0.50074726
0.5557276
0.5078499
0.9259098
0.4358016
0.6046623
0.0014099341
0.90995306
0.44647798
0.4351829
0.00133223
0.0010758184
0.9922868
0.4383143
0.4530353
0.00094754406
0.99380857
0.5011525
0.00046512435
0.99293655
0.00088387966
0.4387175
0.8711613
0.0010202136
0.0009987334
0.98463213
0.9980956
0.44074458
0.47157705
0.65602744
0.0012343093
0.44029364
0.9961777
0.4432393
0.43315047
0.0028918404
0.0019313148
0.42913786
0.43898526
0.43980148
0.9648009
0.9835865
0.94814324
0.009214193
0.44294885
0.9821692
0.0019903516
0.0012875501
0.53967714
0.0005165568
0.99154437
0.9984005
0.9975236
0.99789196
0.00069583225
0.0014810602
0.81051195
0.9965364
0.9948833
0.9625823
0.46682033
0.4357073
0.973956
0.0005094509
0.99518967
0.9850289
0.003455017
0.001649059
0.0012778164
0.001356748
0.9799361
0.958238
0.92390466
0.003215303
0.99408734
0.0038820712
0.5788687
0.0007803445
0.99196094
0.9869251
0.98050183
0.99675936
0.98062104
0.0071404525
0.4329912
0.00075553916
0.9779743
0.9341278
0.502179
0.0010730783
0.99832684
0.99910295
0.5948408
0.0024139085
0.9926093
0.0008606406
0.90415233
0.95508707
0.99261135
0.00056590023
0.42521524
0.98996735
0.0015872779
0.0026732655
0.0011096812
0.9938917
0.001267373
0.64128816
0.98310596
0.92383426
0.0020626355
0.0063856095
0.99448425
0.99222356
0.0010266996
0.9969584
0.4687826
0.0006016106
0.0031819255
0.08011593
0.0021227712
0.9940778
0.43527624
0.004173091
0.9506334
0.9751589
0.0012237512
0.0060649337
0.99315107
0.0023641337
0.93366253
0.0003207441
0.00036143427
0.0027249607
0.001696836
0.95041704
0.002932967
0.0013016887
0.98988277
0.0009260367
0.005312966
0.5215275
0.4791427
0.0005801694
0.0003687912
0.43646437
0.4388786
0.9840794
0.96099806
0.9895475
0.0014296841
0.7126511
0.001970046
0.98383844
0.0076144477
0.99226975
0.99221134
0.9883636
0.9555303
0.000678355
0.0013613163
0.4421997
0.821979
0.43696555
0.82111484
0.548579
0.6636899
0.43531677
0.8966287
0.53654474
0.43210432
0.6085797
0.8692112
0.99724174
0.5188451
0.9457252
0.00037455148
0.0009177689
0.9495296
0.0019651654
0.0009942406
0.0044246484
0.0010992556
0.6883152
0.9008955
0.9987935
0.9668975
0.0013769345
0.9982889
0.0056708273
0.0010069176
0.001436551
0.9157086
0.0034589563
0.0008237789
0.44115973
0.9809083
0.0025314074
0.43989748
0.001400781
0.0018767436
0.0016486108
0.0024986
0.0004215777
0.9900372
0.0014728099
0.99128765
0.0010971376
0.44244885
0.00049195794
0.9855317
0.6820398
0.0007226187
0.0032797202
0.9978808
0.9767156
0.0013979131
0.0007453457
0.0013200181
0.44644973
0.84843
0.99624795
0.0054701795
0.99471825
0.92875296
0.9943311
0.00044838036
0.99105597
0.0009792704
0.005008718
0.54974496
0.98283523
0.00081112905
0.43302214
0.9778962
0.00065240136
0.0029312898
0.0014265323
0.000970583
0.9954417
0.99318886
0.001031944
0.39318582
0.99133354
0.00042637164
0.5177099
0.98963064
0.0009727228
0.0014148226
0.99634105
0.0017489
0.0017225894
0.9829239
0.44207174
0.99722326
0.0009502754
0.0012901617
0.0020207595
0.1830399
0.0009888037
0.9866899
0.43133077
0.0007120964
0.4458137
0.9920853
0.5145694
0.9122663
0.5030707
0.003039063
0.00077327766
0.9907815
0.0019261478
0.4414473
0.0021317382
0.44780454
0.9877796
0.44027707
0.3915408
0.99718946
0.43934447
0.01257784
0.45434657
0.97094
0.9598242
0.0005418471
0.988927
0.0006828119
0.43548214
0.47134003
0.9908002
0.0011190685
0.6216496
0.983946
0.0012199816
0.0031532524
0.99505335
0.0013581734
0.997035
0.0025445772
0.77240026
0.43675303
0.0012281986
0.9855622
0.00043288726
0.00087089837
0.48889706
0.9947331
0.0004558307
0.0012416585
0.999303
0.5242464
0.9915353
0.992251
0.54650897
0.9679672
0.5141067
0.0009889808
0.9915712
0.0011908767
0.44486436
0.0022831864
0.002429194
0.9981981
0.0009159593
0.9832412
0.52698046
0.00062788965
0.0008663739
0.00088819664
0.0009778711
0.9925046
0.020198144
0.9887834
0.00083209056
0.43892995
0.49561635
0.98809963
0.9938617
0.94806147
0.0021118503
0.908205
0.00016146296
0.0016235366
0.002624818
0.0025473346
0.0043500643
0.99792296
0.43691653
0.445647
0.0012526226
0.45752397
0.9851981
0.9932724
0.97976196
0.98886055
0.9657998
0.5780132
0.94236284
0.99357235
0.0022692375
0.927255
0.54562926
0.0014745978
0.73209286
0.99601436
0.0014870535
0.9897272
0.0012461565
0.54018724
0.9978023
0.99793625
0.57292134
0.56282634
0.98904735
0.0036374573
0.0020140258
0.0016854632
0.0025866134
0.41650653
0.004455618
0.0010896444
0.9929421
0.93543065
0.9450772
0.44299957
0.44204015
0.0007394119
0.43819958
0.44372195
0.45725968
0.0011871143
0.9606527
0.0010707858
0.98668706
0.0031401645
0.67952067
0.9949851
0.98174596
0.5686449
0.0013557334
0.90678966
0.0054275864
0.8595128
0.000930383
0.00199593
0.0011244216
0.43789402
0.9959858
0.0012040507
0.000335786
0.54170215
0.995739
0.64383686
0.0012376587
0.9787781
0.8453075
0.9975926
0.0014581984
0.007294169
0.99513596
0.0072452514
0.0031345768
0.43276516
0.46558708
0.4913144
0.4319799
0.0018444222
0.9863907
0.48841956
0.001325944
0.5301442
0.44102028
0.00057316385
0.0010375615
0.9957426
0.9785985
0.00283984
0.0007108651
0.0040140375
0.95406026
0.012278675
0.9396798
0.41127715
0.57299817
0.00466975
0.00022216265
0.993085
0.99674916
0.9947865
0.51613456
0.42494482
0.997437
0.0012952893
8.624802e-05
0.0017112822
0.9955106