0.46775085
0.9952317
0.4493571
0.48383826
0.45404693
0.002000246
0.0023997792
0.9978254
0.45278302
0.8241333
0.0016727007
0.001091201
0.0047379
0.45184314
0.985039
0.0011991428
0.00044838656
0.89597166
0.002746125
0.46944413
0.8046222
0.012941884
0.4542394
0.013839542
0.0007431216
0.010452624
0.47234318
0.9545023
0.45218414
0.98938155
0.0054685227
0.4398688
0.4625827
0.44174933
0.45022744
0.44167742
0.47324476
0.8076992
0.99630934
0.99328035
0.00097363984
0.461366
0.0075275903
0.4488745
0.007009027
0.00036475225
0.5009936
0.5354877
0.0010746
0.9860762
0.93992573
0.0037832374
0.96365434
0.977521
0.47024655
0.000113925045
0.46921882
0.0019005084
0.008895555
0.0017579282
0.5142363
0.99140996
0.4766198
0.4474875
0.8736891
0.5038062
0.4870363
0.001695641
0.7161853
0.47047833
0.9916732
0.0010078936
0.6654385
0.31001335
0.1320168
0.0015270473
0.008142173
0.47513634
0.45157894
0.43862075
0.008810722
0.0013892612
0.44667408
0.990049
0.9876517
0.0011913889
0.5026785
0.87161213
0.99001944
0.9525976
0.0009676468
0.0011435596
0.98554
0.91989774
0.07976598
0.010279774
0.9671386
0.77817124
0.9962022
0.99663675
0.45057058
0.43684173
0.004496209
0.00292626
0.4468973
0.024552694
0.0016621563
0.9571275
0.94588333
0.99176604
0.0019148536
0.44585308
0.92021066
0.0014422642
0.42877075
0.005308163
0.00090588484
0.00050981285
0.9855159
0.6481385
0.99756646
0.99722064
0.007766112
0.9922558
0.0016675576
0.93421066
0.005812818
0.0027384472
0.0029780623
0.94432765
0.97630036
0.7728618
0.0016497044
0.9753636
0.0033485976
0.0012430726
0.48738152
0.9977738
0.45348474
0.0018609689
0.9941082
0.0027560452
0.9282507
0.0047546946
0.5902579
0.0022924163
0.00302773
0.4490098
0.00049804454
0.0149950925
0.94890064
0.9160192
0.44273984
0.002679
0.010078867
0.44030598
0.9990361
0.0037545057
0.0025663467
0.9848113
0.9968983
0.97608507
0.46812317
0.9465518
0.9604376
0.0006681981
0.49120528
0.4790652
0.0017591855
0.002126204
0.0009002339
0.44926083
0.010449671
0.33806598
0.008974476
0.011255254
0.03574682
0.95040435
0.00044923235
0.0008326807
0.28736976
0.0048375614
0.0055735684
0.99689543
0.95055115
0.9906997
0.44817787
0.4544587
0.0024476084
0.9905618
0.0008792748
0.98859453
0.9837339
0.9952915
0.010124484
0.005276629
0.44109708
0.9872384
0.0075988756
0.008244924
0.003599527
0.9683044
0.9912348
0.9930432
0.981059
0.9989962
0.009919096
0.99334645
0.0033858726
0.00087743776
0.44629177
0.4393884
0.9886951
0.00077251205
0.44272566
0.44687247
0.0009473979
0.35651636
0.0009760118
0.002278798
0.012444929
0.9966665
0.0018011943
0.00799588
0.0037039767
0.99729985
0.97766614
0.007530615
0.44864753
0.0049014525
0.99385166
0.45288134
0.3987739
0.40982828
0.46329862
0.43159205
0.9711738
0.9979578
0.003615642
0.00094407605
0.0012054025
0.004341799
0.9816713
0.8204454
0.68069124
0.0018113176
0.45376503
3.0451047e-05
0.4398303
0.36378
0.9993352
0.0013219662
0.6373893
0.011156757
0.0023281656
0.003555393
0.9793353
0.57154924
0.90610826
0.9904855
0.99483216
0.0014440329
0.9951929
0.9647968
0.42519602
0.045526646
0.0011746242
0.0034886834
0.4664643
0.99411005
0.44558626
0.4659526
0.002974792
0.02519224
0.90274364
0.43883985
0.31888014
0.0014571318
0.9514912
0.9350011
0.9977527
0.99771935
0.08388774
0.0031358746
0.99386966
0.9757329
0.43761268
0.9956721
0.0013422768
0.45084152
0.5608769
0.9973314
0.46907535
0.0015756838
0.9438571
0.0016817125
0.42797998
0.9345909
0.0042468025
0.98429465
0.43882167
0.0014843477
0.750304
0.9620716
0.9566435
0.0021746983
0.47675493
0.0018562329
0.99518555
0.00080888404
0.004476766
0.6472539
0.9861878
0.98165834
0.96603584
0.0012709341
0.0018823642
0.0018110065
0.960815
0.0021213677
0.0009068107
0.00071989925
0.003193321
0.00060705096
0.97092843
0.5093641
0.014918313
0.0045117326
0.43849072
0.88305885
0.45171055
0.0017342485
0.9916204
0.9834473
0.44248968
0.45155814
0.9985475
0.9851244
0.00196943
0.0013410936
0.0010290953
0.0015619367
0.9659435
0.44260034
0.9801221
0.76437587
0.4542511
0.98072743
0.98005384
0.991544
0.99195343
0.0018717856
0.9968876
0.44825047
0.97322595
0.0034229723
0.003256106
0.498385
0.99264586
0.53184557
0.0010326924
0.983752
0.0083007505
0.004819696
0.0057116942
0.44118413
0.74297726
0.0015999525
0.0037024072
0.4429109
0.4516316
0.0019867388
0.9729893
0.00085781683
0.005169013
7.087462e-05
0.99287695
0.76540047
0.00400718
0.0033112406
0.9808819
0.981254
0.7807092
0.011761293
0.26405662
0.97216
0.96366173
0.34329817
0.0033365628
0.9823584
0.48307672
0.00023982767
0.0049631516
0.5014384
0.45478365
0.9805623
0.8225911
0.00072097644
0.0025722452
0.012190136
0.026873227
0.8105374
0.99541533
0.43425554
0.45823923
0.44375384
0.99743134
0.9649221
0.98910356
0.44706467
0.8162651
0.44305974
0.96957815
0.9883986
0.00735553
0.0016352665
0.96790546
0.006043124
0.98625886
0.0011425089
0.0101521285
0.44881898
0.0028716784
0.0033005078
0.89735717
0.99554956
0.98816085
0.4531934
0.004215578
0.0060736695
0.00082807086
0.9933327
0.4454789
0.32893348
0.0043655895
0.0008123175
0.9925875
0.4674764
0.8264799
0.44123575
0.0076074246
0.0007859763
0.005642706
0.9728062
0.9884875
0.00052603387
0.95687115
0.9555478
0.45647946
0.9950895
0.9013328
0.44706514
0.8997239
0.0009989142
0.44874775
0.008171086
0.9524061
0.50823677
0.0013432525
0.0075460123
0.9720605
0.9955758
0.0043188133
0.7216749
0.0007805219
0.99387676
0.9642434
0.43270823
0.0034201543
0.00036899396
0.45264152
0.0016718283
0.9964832
0.49408072
0.002647069
0.90849787
0.8384363
0.00013760988
0.97664815
0.0018996495
0.00085978577
0.4468774
0.44500378
0.99562305
0.001367275
0.000619394
0.00035227468
0.9959441
0.9816172
0.4444039
0.4674115
0.85795265
0.99532205
0.9234855
0.43893892
0.45111403
0.9658107
0.0008870866
0.00017119829
0.46955696
0.43695092
0.9906563
0.0013194393
0.0044497545
0.9495824
0.99439865
0.00205707
0.41585797
0.003985167
0.5670413
0.0013527934
0.61207616
0.0024458251
0.9978734
0.45394975
0.44288552
0.47509867
0.8688098
0.011036063
0.0016550077
0.48662025
0.5107111
0.0003152415
0.96653974
0.99841917
0.7156267
0.4488914
0.00563801
0.86754906
0.0047492054
0.84624183
0.44541156
0.008058092
0.35002816
0.003079927
0.0042934134
0.00059373135
0.44686666
0.01487136
0.47389367
0.45338956
0.9939328
0.4465199
0.9873476
0.43521485
0.0076507344
0.006248524
0.00880981
0.0072629666
0.96865773
0.0064759958
0.0015283703
0.44783324
0.97610086
0.99395496
0.45261145
0.0011175404
5.170343e-06
0.003633398
0.9830015
0.003383225
0.99447775
0.44304502
0.44668078
0.99517906
0.0021667494
0.9747201
0.94626683
0.0035688505
0.8902427
0.96733433
0.0044305692
0.47096917
0.0014026426
0.99762625
0.97489107
0.99932694
0.9543368
0.97484
0.0049125706
0.0033884174
0.010051756
0.0010921994
0.036116023
0.81672287
0.8918169
0.002615875
0.45137385
0.0031862177
0.9140494
0.060866892
0.0019466607
0.048157368
0.4054488
0.47041026
0.0011798037
0.0003512316
0.009070664
0.87246865
0.0013233318
0.99623007
0.9910925
0.73748505
0.002798456
0.52999336
0.005002738
0.44828418
0.44265953
0.0049101287
0.49626866
0.000988896
0.4157675
0.0034989666
0.94024056
0.39643705
0.0017885307
0.004231712
0.0023902012
0.92765903
0.99870884
0.9841775
0.44360933
0.03306227
0.7513682
0.45629373
0.9720371
0.0014379278
0.9149973
0.52337307
0.44571283
0.0013486102
0.45079482
0.89170057
0.99267596
0.03407591
0.98918825
0.97152406
0.017609619
0.0022858146
0.000957626
0.96492594
0.083941855
0.44454393
0.9594439
0.0009137423
0.006798314
0.0021775132
0.002391582
0.52817976
0.9587521
0.9864471
0.86248803
0.45108488
0.53748554
0.0003416323
0.9923874
0.80088294
0.9797094
0.00047219163
0.0017508625
0.4390406
0.0022583876
0.96701807
0.7485609
0.00041445694
0.6263986
0.011456423
0.0038231343
0.99252796
0.45022252
0.46826422
0.9749503
0.0010778203
0.85375714
0.89129364
0.9841263
0.40612784
0.0012008551
0.99560285
0.8632473
0.50389546
0.0073194443
0.54932904
0.9916962
0.77247334
0.9606856
0.8552539
0.99116385
0.9689904
0.0008839571
0.010715386
0.88285273
0.0019970054
0.0115081705
0.0030883865
0.0014059666
0.0025925941
0.0011148577
0.9586175
0.73305756
0.45118043
0.4705631
0.99673885
0.0013740623
0.0037893632
0.99307054
0.0013004843
0.9857761
0.9918882
0.47118992
0.45833123
0.9470311
0.0037086606
0.075923175
0.9984251
0.44416618
0.00045596066
0.996088
0.0030265283
0.34021893
0.0029258733
0.00082024623
0.717949
0.0060938094
0.0016510276
0.0013255709
0.0015683643
0.4529135
0.0012725585
0.0014806272
0.7639398
0.99129957
0.440078
0.002558654
0.95325947
0.00039878464
0.005152063
0.98339856
0.58227694
0.0070342678
0.46911108
0.44150624
0.98904467
0.0007595718
0.9259015
0.24665259
0.0027025342
0.44817597
0.0509788
0.45271274
0.002759166
0.0024560378
0.0060014394
0.8818628
0.46001044
0.0007804415
0.93022984
0.012944925
0.0024660656
0.44795653
0.00059863314
0.9796975
0.48730683
0.8361466
0.0029778387
0.22244337
0.00276788
0.9102331
0.0114326
0.96501267
0.0065077743
0.37417513
0.50804186
0.0032655057
0.001978082
0.96752477
0.9911293
0.44597638
0.9867014
0.0041887886
0.0011323484
0.9340042
0.6228828
0.6113929
0.0050235135
0.9802839
0.964182
0.4725562
0.9973003
0.0027774307
0.9808157
0.9500117
0.966344
0.0014344231
0.0021227933
0.0011957757
0.44363448
0.003349936
0.9991084
0.001091253
0.9939861
0.4431473
0.81264883
0.9936022
0.0052364464
0.0011333816
0.0014234437
0.39988038
0.99180037
0.9379922
0.9974292
0.5710688
0.51254517
0.73622847
0.0018673892
0.43661377
0.76640254
0.8587474
0.00059402006
0.9843104
0.7071303
0.9759463
0.9632456
0.006660685
0.0117287105
0.95417994
0.99869627
0.0037604033
0.34175843
0.4519623
0.9949706
0.001628704
0.0039970363
0.98766243
0.76133066
0.5597793
0.9381
0.9477969
0.0021551216
0.003138674
0.000108909895
0.9974368
0.99712306
0.43349108
0.9971468
0.47493416
0.9839192
0.9932
0.9486353
0.0011797048
0.0019365675
0.98462105
0.005459689
0.0023017358
0.0010421487
0.7613145
0.0050475355
0.0031449462
0.0018455682
0.44046924
0.9953798
0.4507144
0.8051485
0.0008652391
0.47276986
0.002829026
0.45089406
0.0013601558
0.005741777
0.0018615555
0.004521069
0.43338326
0.4530905
0.8184133
0.003860097
0.9957462
0.4502604
0.009774849
0.00037597888
0.40084097
0.4752131
0.4533279
0.7290985
0.0014630988
0.44628036
0.010865875
0.5040388
0.44753808
0.2723683
0.45412314
0.4463964
0.99639493
0.0063675065
0.9948369
0.9934487
0.8730498
0.6631898
0.0019846947
0.99104005
0.9835368
0.62148976
0.016213471
0.97417325
0.39430675
0.9841007
0.3764791
0.0007610995
0.46968016
0.98997307
0.44926655
0.95837265
0.0012894234
0.0010075403
8.801952e-05
0.3125856
0.98341864
0.47717333
0.44248903
0.5137516
0.9892452
0.0032606763
0.99451905
0.98999095
0.9098883
0.87454087
0.5977963
0.45109153
0.0030136455
0.98557764
0.4536597
0.98318106
0.4489556
0.9782843
0.5080904
0.69307935
0.99351877
0.010695635
0.4769024
0.99563295
0.005294607
0.9808091
0.002265432
0.0046744957
0.003107191
0.0012889378
0.44266266
0.0098976195
0.46518353
0.47135305
0.99054915
0.004538994
0.98162913
0.49853316
0.0023453461
0.0035442528
0.9235702
0.81395376
0.4412822
0.98512244
0.92090625
0.98929465
0.0029433528
0.9951969
0.0012656992
0.8799445
0.0016547178
0.0017431695
0.4483769
0.9744007
0.005308893
0.99304223
0.442399
0.99031866
0.45010978
0.000654486
0.9698915
0.9756739
0.0013494419
0.9638801
0.98346287
0.0035772098
0.5986981
0.0018497717
0.0007671498
0.4399957
0.44683963
0.71849227
0.42311683
0.47565544
0.4776413
0.5787086
0.45211983
0.49946198
0.0013143546
0.6066682
0.4474897
0.44699907
0.0014012007
0.0013534668
0.9942584
0.4456006
0.44677338
0.0009196741
0.9953897
0.4222801
0.00089790084
0.99554425
0.0012917953
0.44946355
0.9235216
0.0040429556
0.0031823127
0.9948959
0.9975395
0.45220938
0.3985447
0.52942675
0.0021614272
0.4506415
0.99191767
0.43488505
0.44590816
0.03799632
0.0014317544
0.44252586
0.4543295
0.44135907
0.95265865
0.9108349
0.7358286
0.0074842996
0.45560518
0.88441104
0.0032663315
0.0023868596
0.602414
0.0019487928
0.9917393
0.99540627
0.99518234
0.99365366
0.0011792161
0.0067328196
0.619688
0.99409914
0.99154705
0.89978236
0.47536004
0.45040473
0.9994055
0.0012080537
0.9848594
0.9934882
0.011832424
0.0013147853
0.0012752023
0.009603758
0.8325692
0.9415965
0.929126
0.00032367554
0.9985745
0.005066044
0.48460028
0.002725138
0.9904822
0.9532596
0.9610123
0.99870026
0.9863615
0.018032663
0.4472376
0.0008095692
0.92370117
0.9796667
0.4703361
0.004416883
0.9960278
0.9975242
0.4975891
0.0018639242
0.98903733
0.00066993886
0.9550629
0.910423
0.97772163
0.0023977777
0.44105113
0.98249865
0.0048546474
0.006105824
0.0036312065
0.99135053
0.002177384
0.79861814
0.8915552
0.798802
0.0007917877
0.012234595
0.91387165
0.99154526
0.002266495
0.9927753
0.4724325
0.002162075
0.0047259713
1.25045935e-05
0.0026101612
0.9892047
0.4505718
0.0019734963
0.94514596
0.9065459
0.007946143
0.0010867465
0.99226075
0.004406543
0.9376777
0.00064312544
0.0040970407
0.002918925
0.007006727
0.7430435
0.01357111
0.0020079557
0.97002023
0.009989666
0.008226176
0.48955208
0.38181823
0.0007171718
0.0005495418
0.4460046
0.44968754
0.98436695
0.943166
0.9825769
0.0010954943
0.9336724
0.01235988
0.9626025
0.0036288195
0.9953316
0.9598579
0.993178
0.9537783
0.0004679588
0.0009356822
0.44489872
0.5640785
0.45167825
0.6013558
0.4731522
0.39280358
0.44795507
0.50282824
0.47047552
0.442784
0.67890674
0.66045326
0.993447
0.47820085
0.9584658
0.0005356863
0.0011813027
0.90691084
0.0037432506
0.0022205284
0.022539115
0.0030811233
0.8295601
0.9508168
0.99552
0.94681513
0.002505375
0.9943621
0.006712028
0.0022522404
0.017789578
0.84665954
0.0034858054
0.0028298935
0.44708735
0.9843801
0.08036266
0.45395952
0.0010860225
0.001963181
0.005498453
0.017476054
0.0013320443
0.9771722
0.002400752
0.9767393
0.037332732
0.45109758
0.00056181866
0.9777143
0.44420797
0.0028792445
0.0027259989
0.99751806
0.9822733
0.007616149
0.0022641206
0.0018985865
0.44428697
0.4927796
0.97301006
0.008053462
0.9462578
0.7611674
0.9834172
0.0014517633
0.9738356
0.0038299737
0.004011838
0.43014818
0.8309828
0.00089769723
0.44412726
0.8700395
0.002301831
0.004044828
0.0031811013
0.0019214774
0.9847781
0.99289316
0.0010007299
0.43817565
0.9780849
0.0005664223
0.44170138
0.9781597
0.0038931356
0.002533748
0.9976198
0.013576114
0.0017516945
0.976304
0.45331585
0.99726593
0.003931923
0.004508341
0.004068319
2.3600549e-06
0.11717228
0.9915195
0.35956782
0.00091204135
0.44928244
0.9899698
0.54456806
0.7912569
0.4720484
0.00034624603
0.0007912499
0.9554971
0.0023794193
0.45223704
0.0019451298
0.4421226
0.9291387
0.45251992
3.963368e-07
0.9983146
0.45131102
0.0018349978
0.32407865
0.6513131
0.8553867
0.0007472802
0.94814473
0.0008609105
0.44864383
0.54655755
0.98338324
0.0031083599
0.5000543
0.9619296
0.0011894011
0.020293728
0.99412835
0.0016866776
0.99226683
0.004412951
0.91076267
0.4517337
0.0020428104
0.9717889
0.001398555
0.0012134706
0.4622173
0.9893907
0.00084856135
0.06546983
0.9889536
0.4993023
0.97959274
0.9502099
0.47472918
0.9761198
0.48687991
0.0008190957
0.99101615
0.0035252485
0.44643447
0.006056081
0.0023200025
0.9878748
0.0011594744
0.9813643
0.47801027
0.0020269512
0.0026340992
0.0009247349
0.0016314759
0.9916549
0.00066755933
0.98087436
0.0016377721
0.45250353
0.4908088
0.77090067
0.9851745
0.8394565
0.0027486663
0.6251514
0.00015818262
0.0070147337
0.004500586
0.0025469312
0.005080584
0.9800433
0.44889045
0.45503873
0.0034127787
0.2948562
0.98615414
0.99569535
0.96319646
0.973461
0.91836274
0.5068916
0.89784324
0.99031126
0.0016309423
0.6870456
0.5352812
0.0012120855
0.4998424
0.99725854
0.0073149526
0.9863686
0.001820995
0.4765081
0.99589634
0.99700004
0.480836
0.5027036
0.95662826
0.008729761
0.0034412176
0.0038886522
0.0024176284
0.40396488
0.12834302
0.0013873541
0.995871
0.97962475
0.8834652
0.4535888
0.44687435
0.0095775835
0.44596913
0.45015955
0.4516938
0.0012103319
0.79014117
0.018524904
0.96923995
0.0026891718
0.4823635
0.9887705
0.9853033
0.48747817
0.0009217507
0.85066205
0.003418554
0.9211865
0.001312127
0.000992859
0.0044793067
0.4377116
0.99075925
0.0014779915
0.0003140021
0.48644015
0.99159324
0.49378538
0.0017994728
0.87230235
0.83414406
0.87521183
0.0077728536
0.015968636
0.9864092
0.0007871692
0.019948525
0.44631052
0.46098086
0.47840774
0.44021958
0.003802935
0.9681312
0.48823616
0.0013809825
0.47720417
0.43666533
0.080228575
0.004099945
0.99744
0.9657006
0.0043017217
0.002540572
0.0044118576
0.913167
0.0064702146
0.8271386
0.44449624
0.48985878
0.013061143
0.00041157275
0.96280664
0.9953335
0.9959842
0.5007102
0.31357607
0.98810774
0.0017149011
0.0004211724
0.0033170572
0.99782276