0.5318974
1.0
0.39900246
0.52987105
0.41041332
0.0002483449
0.00071571243
1.0
0.40755022
0.83986604
0.031308968
0.000107086904
6.847751e-05
0.41024125
1.0
8.543893e-06
4.2125877e-05
1.0
1.1542105e-05
0.4488452
0.6684646
5.649782e-05
0.40991694
0.00049493974
4.5190536e-05
0.00022221901
0.46247151
0.9996604
0.41022167
0.99999976
0.0002729607
0.41023943
0.5258068
0.40843186
0.4085498
0.38649458
0.53035706
0.9999521
1.0
1.0
0.000101558144
0.41374603
0.00062819396
0.39204738
0.00019834867
0.00038198027
0.5402765
0.9999249
3.702242e-05
1.0
0.9999999
0.0008227273
0.9999999
1.0
0.47341186
0.00013022167
0.5348665
4.8149683e-05
6.2198844e-05
8.550258e-05
0.5409101
1.0
0.53412825
0.40666264
0.99146277
0.9942251
0.5398019
0.00018748683
0.57924044
0.5398156
1.0
6.933183e-05
0.9987562
0.35700512
0.0009096789
8.828709e-05
0.00017525142
0.5365633
0.40935802
0.3902153
0.00011403895
0.00024512442
0.39889467
1.0
1.0
0.00062245503
0.54307836
0.99999917
0.9999999
0.9999893
0.00016500658
0.00011697232
1.0
0.99999917
0.010703443
0.0001303239
1.0
0.999635
1.0
1.0
0.40225443
0.40556005
0.00022267351
6.467085e-05
0.389779
0.00043589622
0.00011243645
0.9965243
0.99999917
0.9999999
3.5021516e-05
0.3981087
0.99993896
2.685563e-05
0.40924677
3.237018e-05
2.9282986e-05
0.00026309607
1.0
0.5512904
1.0
1.0
0.006432093
1.0
4.739871e-05
1.0
9.32044e-05
7.192896e-05
1.5669006e-05
0.9998523
1.0
0.9999969
0.00021783209
0.9999994
0.00058256096
6.5450906e-05
0.66947424
1.0
0.4095026
7.371355e-05
1.0
5.2903826e-05
0.9999763
5.0368304e-05
0.99933666
1.7617873e-05
0.00024303791
0.36480585
0.004048266
0.00052002363
0.9999999
0.99968946
0.39300856
7.1206974e-05
1.2207603e-05
0.38807008
1.0
0.0001614865
2.0625192e-05
0.9999851
1.0
0.9999999
0.6697608
0.99980074
0.9999999
3.212664e-05
0.54265475
0.5336753
7.808355e-05
7.748656e-06
7.1462884e-05
0.41016462
0.0002092816
0.40157187
5.5925975e-05
0.0019399797
8.725502e-05
1.0
0.0002799098
2.7003838e-05
0.78683037
8.4146035e-05
0.00031443377
1.0
0.9995555
0.99999857
0.39159986
0.40974793
2.50274e-05
0.99999785
0.00015327508
1.0
1.0
0.99999976
0.00015504504
0.00013603478
0.4081546
0.9999994
0.0066849934
0.0005020471
0.00043470028
1.0
1.0
0.9999995
0.9999999
1.0
9.3739014e-05
1.0
2.4030316e-05
0.00014609894
0.3977248
0.39950386
1.0
0.0052107717
0.40955296
0.40835467
0.00010210416
0.42553768
8.333369e-05
0.00023249366
0.0014212487
1.0
0.00013573548
0.0013424079
5.4171094e-05
0.9999995
0.9999362
9.404165e-06
0.39705554
0.0001802054
1.0
0.40725386
0.49549714
0.40342778
0.5332927
0.40964136
1.0
1.0
1.4467326e-05
9.612303e-05
0.00013001471
0.000308108
1.0
0.9999919
0.9852866
4.190267e-05
0.41058114
0.009170905
0.3969086
0.4241823
1.0
0.0002036956
0.9901973
0.011110067
0.00012611113
8.132801e-05
0.9999932
0.99996734
0.9999987
1.0
1.0
0.0004496051
1.0
0.9999999
0.43184412
0.00026843447
0.00010363025
7.4088703e-06
0.48723137
0.9999999
0.40922946
0.25625953
3.1950563e-05
0.00087693543
0.9998066
0.41555008
0.36965156
0.00022985645
1.0
0.99997044
1.0
1.0
0.0016538278
9.07624e-05
1.0
0.99998724
0.387957
1.0
0.00027626613
0.41018078
0.49498525
1.0
0.534204
6.4061285e-05
0.9999988
6.6344996e-06
0.5440503
0.9999999
6.01904e-05
0.9999957
0.4082328
4.0580257e-05
0.9894406
0.9999994
1.0
0.0005005381
0.53696764
0.000367331
1.0
1.1067869e-05
3.601367e-05
0.6632407
1.0
0.99999964
1.0
1.972139e-05
0.00016871322
3.3466073e-05
0.99999976
2.5648224e-05
0.00013304662
0.00010799187
0.000111671616
0.00031556626
1.0
0.5351957
0.00027575457
0.00069521286
0.40759715
0.9999857
0.9962334
9.384545e-05
1.0
1.0
0.7698813
0.39749703
1.0
1.0
2.5225709e-05
0.0001214894
8.3968895e-05
3.0052099e-05
1.0
0.3827551
1.0
0.74827224
0.6720187
0.99999654
1.0
0.9999994
0.9998841
6.4414926e-05
1.0
0.37911797
0.99994934
5.6813453e-05
9.4834195e-06
0.536605
1.0
0.54583144
4.6157755e-05
0.9999466
0.0006902359
1.3837781e-05
0.0001306423
0.3945454
0.9998356
0.00012215711
0.0001525967
0.40942502
0.4103823
4.1429084e-05
1.0
0.00043941944
6.252258e-05
0.0006507402
1.0
0.9992906
2.2869595e-05
0.00027546711
1.0
0.9914888
0.9997793
0.00017961203
0.0016135359
0.99975246
1.0
0.39655933
7.479429e-06
1.0
0.5411746
0.00038077775
4.0428953e-05
0.9999844
0.4055741
1.0
0.99999
0.00013821376
0.0001257058
0.00024118059
0.0003525105
0.996894
1.0
0.3801075
0.4920354
0.40466297
1.0
0.99999774
1.0
0.40975678
0.9999795
0.40756345
0.9969416
0.99999976
0.00014501122
0.00012941938
0.99943155
0.00014496836
1.0
6.480642e-05
0.00037033894
0.39200068
1.0222359e-05
5.75136e-05
0.99998784
1.0
1.0
0.39007297
4.1525833e-05
8.3788276e-05
8.466203e-05
0.9999225
0.3973321
0.37203762
5.9498114e-05
6.587815e-05
1.0
0.5328306
0.99799514
0.38736218
0.00029241477
0.00021439881
0.00035505573
0.9999962
1.0
0.0007399568
1.0
1.0
0.4100812
1.0
0.99998915
0.40808406
0.9994629
0.00017849803
0.4698798
9.005778e-05
1.0
0.96584
0.00014064967
0.00014452836
0.9999685
1.0
0.00032650147
0.9995408
0.00026357837
1.0
1.0
0.5573257
0.000283281
0.0008428784
0.4071979
0.0002735169
1.0
0.54305017
1.952553e-05
0.9999987
0.99998426
6.910061e-05
1.0
5.0500807e-05
3.1871044e-05
0.39272168
0.4080208
1.0
1.7049153e-05
3.4399e-05
7.571752e-05
1.0
0.9999999
0.40891942
0.42994186
0.9722012
1.0
0.99999845
0.40591928
0.41082662
1.0
0.00023957307
3.688058e-05
0.49462265
0.3927829
1.0
0.00026613005
0.00030350566
0.9999336
0.9999999
3.8158232e-05
0.40869844
0.0002114962
0.4614901
9.0331974e-05
0.9718949
0.0005281659
1.0
0.40234137
0.39965835
0.5428667
0.99675226
0.00047034043
5.3325395e-05
0.54720306
0.40746945
0.0012384617
1.0
1.0
0.99919134
0.40507933
0.0003096224
0.9999769
0.00012480465
0.9999362
0.41065457
0.03212683
0.40375137
0.00010674659
7.7002784e-05
0.007977923
0.40750164
3.7505313e-05
0.5344138
0.40988657
1.0
0.4053327
0.9999796
0.39728943
0.00010722526
0.0005597392
2.0812782e-05
2.0392432e-05
1.0
0.00056302187
4.636971e-06
0.4091022
0.9999999
1.0
0.40911776
2.3108538e-05
0.0019606058
0.00016499369
1.0
0.00035588446
1.0
0.41368434
0.39283523
1.0
0.00013225355
0.9999789
1.0
2.5545065e-05
0.99999344
0.99999845
0.00016044175
0.52903044
2.3798926e-05
1.0
1.0
1.0
0.99986625
0.9999906
5.0850945e-06
0.00021986195
0.0003198482
2.7905813e-05
0.00015158112
1.0
0.32670352
0.0002877432
0.96094096
0.0001437126
1.0
0.0011085686
2.1548949e-05
0.0008543216
0.4449901
0.53528416
0.0011407873
0.00016191129
4.9936385e-05
1.0
5.439793e-06
1.0
1.0
0.9999969
8.20257e-06
0.9992403
0.00064426404
0.40928313
0.39913434
3.9011942e-05
0.53649217
2.4715315e-05
0.45370215
9.4650595e-06
0.9999976
0.6286364
0.000111036
0.00013671046
1.921276e-05
0.9999993
0.99999547
0.99999976
0.38700092
0.00017683617
0.99944335
0.43065357
1.0
6.4792395e-05
0.99995875
0.93049586
0.4098383
9.100272e-05
0.39364153
1.0
1.0
0.0048353374
1.0
1.0
9.521078e-05
0.00014187435
0.000103549835
1.0
0.0023223436
0.9155664
1.0
7.069729e-05
0.0001658924
6.0722065e-05
0.002577168
0.54011434
0.9999858
1.0
0.99993837
0.41027302
0.5627598
0.00027980548
1.0
0.9999049
1.0
4.926717e-05
0.00010182453
0.40335116
2.8301252e-05
1.0
0.692337
0.00047125385
0.9999999
0.000118346805
4.8141555e-05
1.0
0.38255733
0.5290499
1.0
6.315984e-05
0.99990237
0.9946103
0.9999999
0.37885928
4.119212e-05
1.0
0.99999917
0.53522164
2.5392923e-05
0.99799275
0.9999976
0.9999938
0.9999999
0.999995
1.0
1.0
5.329799e-05
3.2464188e-05
0.9988055
9.1643575e-05
0.0024833633
0.0001929111
7.261948e-05
0.0005980814
1.9993706e-05
1.0
0.4022652
0.40997365
0.5309183
1.0
8.294743e-05
1.4648544e-05
1.0
9.650695e-05
0.9999999
1.0
0.53751564
0.4559597
0.99999964
2.6603404e-05
4.435939e-05
1.0
0.39956605
0.0003490745
1.0
0.00016703522
0.35879368
7.785752e-05
0.0001967255
0.9833151
9.0995694e-05
4.286712e-05
4.0322262e-05
7.477168e-05
0.40527144
4.0831957e-05
8.62384e-05
0.9999969
0.9999999
0.38764054
2.648251e-05
0.9999999
2.287967e-05
0.00022064317
1.0
0.5413392
3.378394e-05
0.52704525
0.40385306
0.9999995
0.00014101723
1.0
0.38087276
4.933445e-05
0.39167973
0.00084900536
0.4099693
1.4641672e-05
0.00019397424
0.00019281326
0.9980065
0.4988926
3.8908434e-05
1.0
9.4002735e-06
0.00010376749
0.40807417
5.8160225e-05
0.9999976
0.5359006
0.94125926
5.860518e-05
0.00078104524
9.91706e-05
0.9983273
0.00019182434
1.0
8.829702e-05
0.003023678
0.536468
0.00021316783
0.00010549222
1.0
1.0
0.3893719
1.0
0.00031323158
1.6391034e-05
0.99999475
0.79713523
0.61560905
0.00026573148
1.0
0.9999999
0.5110208
1.0
6.7248795e-05
1.0
0.99998355
1.0
1.4062488e-05
0.0010283162
2.7922717e-05
0.39299446
4.4249537e-05
1.0
0.00012927594
1.0
0.40780398
0.99472046
1.0
0.000121149395
0.0002645807
0.00031575642
0.44604138
0.99998796
0.99999416
1.0
0.54193294
0.5149444
0.9714584
0.00018978743
0.4084713
0.99993646
0.852501
0.0003682349
0.99999976
0.9998902
1.0
0.9999999
0.00042884794
6.0571874e-05
0.99999964
1.0
0.00013324557
0.35327506
0.40615928
1.0
9.561457e-05
0.000107634005
1.0
0.99895895
0.40712836
0.99998987
0.99999785
2.4153416e-05
8.1394035e-05
0.011151804
1.0
1.0
0.40723833
1.0
0.5214243
1.0
1.0
0.99999857
3.4913242e-05
0.000237018
0.9999999
9.63566e-05
0.00011029016
0.00023130921
0.9333937
0.0003893898
6.1023053e-05
4.625867e-05
0.40934902
1.0
0.40287915
0.99972075
0.00014014376
0.53881794
5.009139e-05
0.36125574
0.49450693
0.04299646
9.164157e-05
6.201335e-05
0.37496126
0.40680405
0.9994221
3.6505993e-05
0.9999993
0.39556688
0.008744276
0.0027106174
0.37831822
0.53588
0.4102045
0.40432194
0.00032283546
0.3931962
0.0001994937
0.54271317
0.3980287
0.371004
0.41003078
0.4101939
1.0
2.3947136e-05
1.0
0.9999925
0.9999691
0.99873585
2.3985853e-05
1.0
1.0
0.3543915
0.000114931514
1.0
0.4131307
1.0
0.3362524
3.0357367e-05
0.5319427
1.0
0.40838364
1.0
4.6731002e-05
0.00024795643
5.7337384e-05
0.3851575
1.0
0.53109884
0.40375277
0.5433874
0.9999976
4.964764e-05
1.0
1.0
0.999908
1.0
0.99999845
0.40961775
5.6960147e-05
1.0
0.40680623
0.9999994
0.4090409
1.0
0.5365098
0.9900579
1.0
0.03458246
0.5352386
0.9999974
0.00024299065
1.0
0.00024540012
2.4027177e-05
5.2560517e-05
5.8973448e-05
0.40872213
6.2554966e-05
0.54294145
0.52806586
1.0
0.00019308702
0.98438084
0.86379725
0.00016956622
0.00011452312
1.0
0.97953886
0.4093925
0.99695456
1.0
1.0
2.3643559e-05
1.0
0.002906076
1.0
0.00014419138
6.6938715e-06
0.39336494
0.9999869
5.3249525e-05
1.0
0.3844335
0.9999995
0.40960473
7.499948e-05
0.99376196
1.0
2.7666747e-05
1.0
0.99999976
5.886984e-05
0.9959543
3.79267e-05
2.22666e-05
0.4074136
0.36590815
0.73454034
0.37703583
0.5409178
0.48530975
0.99926704
0.40358105
0.5358518
0.00020672145
0.99880815
0.41060945
0.41076908
5.560631e-05
3.1491698e-05
0.99999976
0.40974942
0.46760687
6.1687766e-05
0.9999989
0.36425847
5.387805e-05
1.0
4.4310258e-05
0.40975028
0.9999907
0.00034224807
0.00031453182
0.9999931
1.0
0.40629765
0.36905697
0.5467319
0.00013028762
0.40578714
1.0
0.4099295
0.40211692
0.007857372
3.2652097e-05
0.3854458
0.40972212
0.4041675
0.99999964
0.9999999
0.99996626
0.00047626297
0.4100949
0.9999994
0.00021651183
6.786014e-05
0.80653715
4.020473e-05
1.0
1.0
1.0
1.0
8.371185e-05
2.1840538e-05
0.9999901
1.0
0.9999999
1.0
0.53765535
0.3942651
1.0
8.031055e-05
1.0
0.99999964
3.4903187e-05
0.00011257238
8.962753e-05
0.00025350103
0.99999833
0.99885964
0.99991715
0.0009917808
1.0
7.680954e-05
0.5371096
3.894073e-05
0.9999987
1.0
0.9999993
1.0
1.0
0.0012943458
0.38997376
2.5092666e-05
1.0
0.9939249
0.41184124
4.7044356e-05
1.0
1.0
0.5424591
7.83151e-05
1.0
0.00015529302
0.9540964
0.9999964
1.0
2.3431372e-05
0.40151817
0.9999999
0.00038084167
7.2136136e-05
0.00031541556
1.0
0.00011392363
0.3708445
0.99999356
0.9974136
0.00045357857
0.00029021341
0.9999857
1.0
6.151377e-05
1.0
0.48852947
6.393282e-05
0.000534988
0.09601456
4.7606405e-05
1.0
0.3981641
4.5791363e-05
0.999017
0.999998
0.0008788585
0.009240588
0.9999995
0.0010128369
0.99998355
3.546113e-05
9.2100185e-05
0.0004835095
2.2614158e-05
0.99983263
0.00026378274
0.00015955065
0.99999976
9.9616154e-05
0.0001224412
0.52649546
0.36620802
3.2942688e-05
4.99622e-05
0.41115972
0.41013277
0.9999925
0.9999994
1.0
0.00012996687
0.9853484
0.00014017824
0.9999994
0.021256993
1.0
0.99999976
0.9999999
0.999992
1.7106888e-05
1.859777e-05
0.4085509
0.9999863
0.4098106
0.7008164
0.34530297
0.59918964
0.40928224
0.9989668
0.3477323
0.40862283
0.8697229
0.9973686
1.0
0.52553356
0.9999999
6.314141e-05
0.00021524516
0.99999094
4.2968866e-05
6.6972454e-05
4.5784116e-05
9.8663884e-05
0.979291
0.99991655
1.0
1.0
2.7186104e-05
1.0
0.00035325822
0.00010483618
0.0030306056
0.99417096
0.000110283945
1.8754788e-05
0.40404823
0.99999905
0.0033873615
0.40341166
1.17831605e-05
0.00013431162
2.5244213e-05
0.00018919878
1.6980435e-05
1.0
2.4078925e-05
0.99999976
3.428101e-05
0.40952992
1.7681768e-05
0.9999999
0.39705792
8.5385815e-05
0.00013900916
1.0
0.999997
0.00015690514
7.5764685e-05
0.00025565518
0.4114761
0.9997521
1.0
0.00019696969
1.0
0.9994978
1.0
7.816103e-05
1.0
0.00017321002
0.00038549266
0.36822683
0.9999782
2.5228836e-05
0.40683976
0.99999595
6.150837e-05
0.00011088649
1.006838e-05
8.81345e-05
1.0
1.0
1.5169701e-05
0.40714177
1.0
2.5777104e-05
0.37181816
0.9999993
4.1181243e-05
0.000705569
1.0
0.000102796716
1.1495145e-05
0.9999999
0.4100734
1.0
3.6460628e-05
0.00014043176
0.00019180513
0.07021226
0.00062312547
0.9999999
0.3843499
2.415406e-05
0.4078714
1.0
0.56309485
0.9999938
0.4907753
0.0013842453
2.6520218e-05
1.0
0.00070381176
0.41025296
0.00036909262
0.40917113
0.9999999
0.4098133
0.18553017
1.0
0.40988162
0.00012680255
0.42698327
0.9994679
0.9999999
0.00039118182
0.999984
6.247908e-05
0.3912646
0.42603195
0.9999999
0.00010633879
0.53404015
0.9999964
0.0001014154
0.00062389264
1.0
1.01985415e-05
1.0
5.9452854e-05
0.99554527
0.40936276
9.249616e-05
0.9999888
0.0001349727
5.629191e-05
0.52794135
0.9999999
5.1119507e-05
0.0004038027
1.0
0.5437451
1.0
1.0
0.514025
0.999824
0.5316737
1.4306759e-05
1.0
2.5374477e-05
0.4085367
5.5000928e-05
0.000119178265
1.0
7.0605325e-05
0.99995303
0.53254336
3.1641583e-05
2.0485015e-05
2.3733492e-05
2.3705263e-05
0.9999994
0.000104316925
1.0
4.1769057e-05
0.40866494
0.5331409
0.9999999
1.0
0.99997437
0.00018535365
0.9958444
0.0011180057
3.80469e-05
3.481038e-05
0.0001396193
0.0005390905
1.0
0.39441112
0.41002864
7.8523284e-05
0.39267096
1.0
0.9999999
0.99999976
1.0
0.9999994
0.962719
0.99999654
1.0
2.8120947e-05
0.99292034
0.53910476
0.0001923122
0.35597152
0.9999999
0.00024345581
0.9999989
1.18481885e-05
0.5328556
1.0
1.0
0.54212224
0.5416782
1.0
0.00015112953
2.17028e-05
0.00010420508
7.3292686e-06
0.38402885
0.007394879
0.00024492003
1.0
0.9999871
0.999406
0.40981948
0.40907392
0.0016985864
0.4098212
0.4008967
0.40123415
0.00019898875
0.99998033
0.0002970766
0.9999994
0.00014921576
0.9363436
1.0
0.9999989
0.54048514
0.00024020228
0.99998033
9.296021e-05
0.99117213
0.0003746654
0.00083314575
0.00012785752
0.40438956
1.0
0.00015778372
0.00084876514
0.5284679
1.0
0.5362537
4.8549526e-05
0.99999666
0.9684155
1.0
0.00024134897
0.00030361157
1.0
0.0009732572
5.1581083e-05
0.40995166
0.45808238
0.53117067
0.402612
5.0281295e-05
1.0
0.5295669
1.7219285e-05
0.5295231
0.4087604
0.000101377205
0.00045964666
1.0
0.9999796
7.8848185e-05
2.0680342e-05
1.3246717e-05
0.9999994
0.015507541
0.9997509
0.3720641
0.54029214
0.00010720839
0.00018071024
1.0
1.0
1.0
0.55998224
0.3699521
1.0
6.0902707e-06
7.3810974e-05
3.8313785e-05
0.9999722