0.57857937
0.99965036
0.38569155
0.57019466
0.38261446
0.00013327341
6.5137836e-05
0.9989766
0.38229722
0.6457696
1.4281825e-09
0.00022574369
0.00022287425
0.3129917
0.9959877
0.0003451571
5.024774e-05
0.9915138
0.00032138906
0.53445137
0.6435734
5.191695e-05
0.38220108
0.00034178884
0.0004924695
3.209954e-05
0.52937984
0.9340049
0.3878242
0.99440247
0.00045203677
0.36760366
0.57629037
0.38475913
0.33376968
0.37528038
0.5578187
0.99187183
0.99854183
0.99859315
6.358474e-05
0.5206507
6.806565e-05
0.38365734
0.00046329884
0.000109294306
0.5357051
0.8904257
0.00035103125
0.99995935
0.9836944
0.000104525236
0.9860124
0.9986333
0.54306996
2.101502e-05
0.5298626
0.0001447406
7.559891e-05
2.0483081e-05
0.6006665
0.981114
0.5718094
0.3874984
0.85899407
0.60035855
0.6292053
0.00030928786
0.68058723
0.5806101
0.99134994
1.8899374e-05
0.77593493
0.39354026
2.464552e-07
0.0004632092
0.00069810427
0.5631057
0.3877441
0.3780225
0.0013837874
0.00018253553
0.38245714
0.9713917
0.99515045
7.677542e-05
0.5513947
0.9992478
0.998804
0.9916551
0.0002739295
0.000107463755
0.9909133
0.9208629
2.5595964e-08
0.00034290832
0.9883956
0.8116335
0.9984609
0.9980866
0.38568157
0.38796702
9.5868e-05
0.00024794223
0.38140646
3.78057e-06
0.0006671943
0.92843026
0.99355185
0.9956577
5.3299013e-05
0.38643953
0.9976234
9.826448e-06
0.38500512
0.002085199
2.7291753e-05
0.00020792194
0.9984963
0.77954566
0.9860241
0.99985087
1.9260035e-05
0.99991274
4.8331305e-05
0.9988814
1.724137e-05
0.00010572556
0.00021924148
0.96626216
0.9902166
0.7753511
0.00021554416
0.97148144
7.371973e-05
0.00015209886
0.66330045
0.99923456
0.38556138
6.8971553e-06
0.9998822
0.00015075976
0.9865601
0.00035755459
0.9591033
0.003500207
0.000427746
0.014835956
9.41295e-06
1.7981822e-05
0.9718578
0.9021478
0.3851929
0.00040005392
0.00038302934
0.37627986
0.99956566
0.0012023625
0.0006560448
0.86298704
0.99806005
0.9855114
0.7513351
0.9985
0.9990441
4.7723726e-05
0.6425863
0.5168865
0.000161664
0.0014128595
8.683634e-05
0.3823124
2.7100272e-05
0.5325086
2.2547529e-05
6.814242e-05
2.8068062e-05
0.99921536
5.6047866e-05
0.00013407963
0.5662897
0.001318462
0.000104680745
0.99937445
0.80227596
0.991871
0.38160044
0.38238698
0.001755225
0.9988569
0.00028778845
0.9999634
0.9889719
0.9959281
6.0784638e-05
7.5735574e-05
0.38664967
0.9787835
1.4156507e-08
0.0008401389
4.3458767e-05
0.9775378
0.9972555
0.99928766
0.97803056
0.9995333
2.4420626e-05
0.996018
0.00015923315
0.0001446079
0.37864456
0.37897155
0.99301344
1.3251998e-05
0.38698545
0.38420942
9.281725e-05
0.56683433
0.00011647923
4.259605e-05
5.4335356e-05
0.999785
5.2806343e-05
7.192526e-05
0.00012767648
0.9949462
0.94770586
0.00043880954
0.3814211
0.0006256773
0.9745334
0.3826582
0.5116655
0.387553
0.50892305
0.3316501
0.99780244
0.99940217
6.8261295e-07
0.0001613146
0.0004280911
6.850023e-05
0.9948487
0.982932
0.7487953
0.00040112753
0.38185573
0.0017522449
0.38210455
0.5108188
0.9999633
0.00019897509
0.821599
2.715146e-12
0.00013424824
6.535772e-05
0.94687897
0.9560224
0.99442106
0.96860784
0.99922633
0.00013309802
0.9992575
0.9702336
0.54122
3.024014e-05
0.00013231536
0.00042821188
0.56432617
0.9950375
0.38027388
0.9745232
0.0012835297
8.3177525e-05
0.91235906
0.50969887
0.5105559
7.178767e-05
0.9965857
0.87969595
0.99970955
0.99586284
6.413577e-08
0.00022341571
0.99685174
0.99969935
0.3771
0.9994467
0.00042676157
0.3810846
0.8073269
0.99679404
0.53891
0.0002898929
0.9745122
0.00048920687
0.645196
0.9803137
0.00038384594
0.9982566
0.38954622
0.00013916698
0.9408047
0.9759932
0.9992143
2.3969435e-05
0.575406
0.0003014021
0.9995309
0.0011212502
5.3533942e-05
0.6035827
0.9866043
0.9365785
0.9953555
3.958151e-05
4.8662998e-05
0.0021426182
0.8807083
0.0002073759
0.00027682984
2.403476e-05
0.00056645984
0.00013737599
0.99788433
0.5261385
3.01612e-05
5.9955767e-07
0.38762537
0.9915985
0.5878783
0.00047707945
0.9977781
0.9994068
0.6481418
0.38385049
0.9978853
0.9987
0.00014931227
0.00025636033
0.00012513224
0.00049573556
0.9873104
0.0152164055
0.9917635
0.76719594
0.6261211
0.9591068
0.99738437
0.97836167
0.9738055
0.001097307
0.9940864
0.005135899
0.92014223
0.0014506225
0.00072000147
0.54991895
0.99924195
0.58395976
1.0729157e-06
0.9990969
1.6382814e-05
0.000436439
2.0886212e-06
0.38417715
0.67957014
5.870642e-05
0.00078762695
0.38750595
0.38285446
0.0004095786
0.9989888
0.000109897206
0.0008771727
4.09807e-05
0.98795915
0.5606904
0.00062106067
0.00015502154
0.99947244
0.9870445
0.6353783
2.5173135e-09
2.1674247e-09
0.80864865
0.9932191
0.005724737
0.0008466492
0.9907165
0.6114926
0.00012789277
0.0001839527
0.0013436467
0.38304278
0.99318576
0.9635004
6.315014e-05
0.00016872803
1.8431463e-05
0.00026783012
0.8902006
0.9863419
0.009297056
0.5207842
0.16665365
0.9998338
0.9907368
0.98933035
0.3873044
0.9818928
0.37842238
0.9774185
0.9990381
0.00095345225
0.0006119524
0.8708369
0.00081399817
0.99966764
6.507966e-05
0.00042143287
0.3813878
0.0008969705
7.573196e-05
0.9761094
0.9999554
0.9969618
0.008407692
8.308969e-05
2.489004e-05
5.3952863e-05
0.96980625
0.3717855
0.5776769
0.00043058395
0.0005297503
0.9970668
0.58070797
0.84871197
0.37786514
0.0008138966
0.00034152583
0.00026539093
0.98193616
0.9995721
7.174134e-06
0.9941088
0.9980958
0.38453174
0.99727327
0.9503139
0.38579282
0.7068889
8.4460364e-05
0.7438895
5.650467e-05
0.99679464
0.8441571
0.00019054556
0.00037845294
0.9862001
0.99944717
0.0005679606
0.9592098
4.4061315e-05
0.9998776
0.99616337
0.67586774
0.0004627745
2.906043e-05
0.38589114
9.897277e-05
0.9865241
0.58819604
0.00032187844
0.93152064
0.9869667
0.00046337437
0.997951
9.5047944e-05
0.00062885147
0.37979725
0.3886494
0.9997445
0.0004274888
0.014771238
4.3403685e-05
0.9941964
0.993767
0.3893836
0.51734245
0.74267614
0.99949884
0.99757963
0.38502058
0.39745557
0.9997218
0.000407074
0.00040808786
0.5237056
0.37815848
0.9989956
4.5670175e-05
0.00028516154
0.874889
0.9956115
0.00027162762
0.26280305
0.00059100974
0.52273977
0.00028209752
0.7289481
0.0001408722
0.9995906
0.38420916
0.38036612
0.62068397
0.00023342101
0.00082475715
0.00014996003
0.6715309
0.5740028
2.779437e-05
0.99700254
0.99994016
0.76872385
0.3847139
0.000671061
0.8698488
0.0005462158
0.98783547
0.38048887
1.33863765e-08
0.0016984409
0.00025407257
0.0012832523
5.70233e-05
0.38557237
0.00019070368
0.5785992
0.3852696
0.99755764
0.3784884
0.9564367
0.37745968
3.0389721e-05
0.00060351467
0.005528347
0.00015981894
0.9983594
0.0002101414
0.0039198976
0.38709524
0.9989579
0.9989819
0.3850183
0.00017786381
0.0017086187
0.00017359445
0.9984273
0.00040979224
0.9984787
0.50039166
0.38018322
0.99758196
5.3046188e-05
0.950744
0.9986299
0.00025745036
0.98736984
0.88478905
0.00022401445
0.51138246
0.00031697407
0.9998454
0.9925696
0.99812406
0.8642698
0.9465127
0.00066250324
0.00026583334
6.2202353e-06
0.0011708697
4.8026272e-06
0.99980766
0.75644416
0.00016889206
0.59077376
0.00013579204
0.999395
2.379807e-08
0.00010382817
1.4699254e-08
0.52721995
0.56173605
7.5073185e-05
7.962873e-05
0.0005015059
0.99031395
0.0012038914
0.99999905
0.99544346
0.941152
1.8602008e-05
0.94818974
0.00026411444
0.38707814
0.38704035
3.3682605e-05
0.5556199
0.0024995666
0.9353034
0.0008060176
0.99845076
0.6051395
7.425956e-05
0.00021258977
0.0007738907
0.9921681
0.9984633
0.9854606
0.007500965
2.345429e-05
0.9314524
0.49258244
0.9988814
0.00020311843
0.872302
0.91319436
0.3853538
8.748456e-05
0.3831413
0.99690694
0.9959462
3.6889836e-05
0.99991167
0.9868232
3.412675e-06
4.661488e-05
0.00048845157
0.9980227
1.217184e-07
0.6116146
0.9985909
0.00012129945
0.0009902366
6.21466e-05
4.5979878e-09
0.57857037
0.8776395
0.996664
0.90668833
0.38304803
0.81792337
0.00083725865
0.994334
0.98821765
0.9998111
0.00019299795
7.106167e-05
0.37823164
0.00064882636
0.9726752
0.65596056
5.6949507e-06
0.781893
0.0017510926
0.0015509592
0.999121
0.010223158
0.5300551
0.99738425
2.6844491e-05
0.89765745
0.93462217
0.9992805
0.47235027
0.00032857736
0.99836653
0.93314594
0.6234685
0.005382331
0.69146067
0.9823852
0.85928637
0.9960659
0.9452599
0.9932273
0.9364551
2.3980334e-07
3.0434614e-05
0.9312548
0.00043991965
8.952526e-09
0.0006750237
0.00053435325
6.7431036e-05
0.00030294654
0.98877907
0.59969044
0.38109463
0.57400817
0.9984775
4.5106666e-05
0.0021852634
0.99396473
4.0575498e-05
0.9866316
0.99994814
0.5535208
0.52570826
0.9813037
0.0001712971
5.979799e-08
0.99979764
0.3814215
0.00011319595
0.998611
0.00055389915
0.5459833
5.179041e-05
0.00013709124
0.7289196
0.0013892394
0.00010405654
0.00027706116
3.5727695e-05
0.38308695
4.589572e-05
1.2155896e-05
0.8828309
0.9964438
0.3780882
0.00179357
0.9304722
0.00012901746
0.0005970676
0.99975425
0.5629707
0.00011874686
0.5333364
0.38606894
0.9929939
0.0001351012
1.0
0.5002832
0.0003005742
0.3826371
7.946368e-09
0.38709253
0.0006523687
0.00016768408
0.00045343977
0.9154084
0.5308068
0.0002103577
0.9536261
0.000305602
0.00039877172
0.38514537
0.000101790836
0.95250374
0.60404575
0.83468604
0.00025948806
5.3012026e-09
0.00010006649
0.85964
6.370029e-05
0.9627594
5.5071625e-05
1.8594221e-08
0.67485696
0.00015273396
0.00055509835
0.99628866
0.99415344
0.0038627745
0.9939586
0.00032878228
0.0015591461
0.9910357
0.93020475
0.85424143
0.0006089967
0.9913489
0.99813986
0.554839
0.99576074
3.9282713e-05
0.9971674
0.8964629
0.9975948
0.00013778478
8.9261e-06
0.0006751846
0.003348529
0.00022221287
0.9992719
0.00033996248
0.9998765
0.3883009
0.8723815
0.98709595
0.0002017509
0.0001582905
0.00018151637
0.5464854
0.99767023
0.9665477
0.9986791
0.71145153
0.3499143
0.6677081
0.00038774125
0.39188284
0.93146914
0.7198934
0.00011844108
0.9947484
0.9902103
0.9967788
0.99337715
0.0003963273
4.687307e-05
0.9692095
0.9984004
0.00021090859
0.5607195
0.38753217
0.983148
0.0012629908
6.926839e-05
0.99870133
0.8890398
0.55325353
0.9909174
0.983595
0.0009982702
7.8256264e-05
0.0005278297
0.9981639
0.99876094
0.11659697
0.99953115
0.5411944
0.9965216
0.9994572
0.9901967
2.181069e-05
1.6521386e-07
0.9601445
0.0003816385
2.3604403e-05
0.00013421701
0.95427513
0.00075742434
0.00014120976
0.0008424083
0.3837194
0.9945528
0.38544065
0.914761
2.8483504e-05
0.59252656
4.9999995e-05
0.02175604
1.2327677e-17
4.8774968e-05
0.0004996734
0.0001757005
0.5935251
0.38449505
0.91387814
0.0008719063
0.9894359
0.3843349
3.463997e-05
0.00029160822
0.42578906
0.5489284
0.38248566
0.77206206
9.641895e-06
0.38165998
0.0011945718
0.6573058
0.38634712
0.45265
0.38639086
0.33505413
0.9999411
0.00023418562
0.99254096
0.96797276
0.9585711
0.6060242
0.00016660734
0.99500304
0.9983271
0.5998745
0.00010304678
0.9534857
0.50727427
0.99833846
0.56450516
5.5092423e-05
0.5249421
0.997771
0.38359103
0.9978169
4.575029e-05
0.00020548067
0.00014443838
0.5203782
0.9996929
0.5419008
0.38018468
0.6774505
0.99378765
0.0041635605
0.99884367
0.999009
0.9929744
0.9726935
0.9776494
0.38292697
2.224544e-05
0.9977404
0.38402814
0.99485105
0.38685447
0.99849856
0.5590391
0.96741474
0.99988973
8.5380805e-09
0.5664121
0.9971616
0.0005960944
0.99800414
0.00022813355
0.00026464
0.0010455262
0.00037913257
0.38733134
0.00027796233
0.6266179
0.5538087
0.98947936
9.275867e-05
0.91876906
0.6251196
3.459659e-05
0.00026304866
0.9881953
0.9649022
0.38981324
0.89317465
0.9969049
0.9834584
0.0008690311
0.98364997
8.170837e-05
0.9900851
0.00033758092
1.6456377e-05
0.3823996
0.902677
0.00089718297
0.99992883
0.37906834
0.998329
0.37773138
0.00013498827
0.8112962
0.98445815
8.5816166e-05
0.99968874
0.98600566
0.00039944114
0.79489017
0.00030327943
0.00042423545
0.3870278
0.0073263077
0.6613186
0.53587604
0.65168065
0.5228087
0.83490884
0.38196775
0.61122435
0.00021596815
0.9511126
0.38361073
0.3791813
5.012039e-05
9.07104e-05
0.9995819
0.38624427
0.53723955
0.00029700948
0.9863517
0.7150576
6.97383e-05
0.9883385
0.00027790613
0.387541
0.98182654
8.187043e-07
0.0001534232
0.9814167
0.9992465
0.38736343
0.5256558
0.7275213
0.0009909383
0.38737088
0.9969189
0.3844323
0.3804527
1.2500376e-06
0.0027348825
0.3788457
0.38443944
0.38586295
0.9980165
0.9979527
0.9633532
9.1715e-05
0.38397586
0.9500094
1.5797128e-06
0.0006449027
0.85846156
0.00017899895
0.99576366
0.99882907
0.9987953
0.99970573
0.00044378985
0.0003233563
0.843553
0.9921611
0.9708182
0.9752398
0.5515846
0.38259324
0.9972825
0.00012920778
0.98500156
0.999879
0.00026819578
2.8891943e-06
4.5762947e-05
0.0009901155
0.99407226
0.9978125
0.6594294
9.419325e-06
0.9999254
0.00059270347
0.56799936
0.00018149232
0.9917217
0.98243046
0.96105886
0.9995987
0.995572
1.718596e-06
0.3809569
0.0004560452
0.9907781
0.98185194
0.3679863
0.00023233236
0.9995974
0.99880815
0.6832411
1.1182335e-06
0.99529713
7.307135e-05
0.9109974
0.94691914
0.98199445
0.0002882168
0.37280402
0.9855284
0.00015432967
0.00027052918
0.00043572378
0.9903971
1.852712e-05
0.6110757
0.9750019
0.80868995
0.0005160474
0.00039335166
0.96247214
0.9978301
0.00014632032
0.99847895
0.51799536
8.866616e-05
0.0001661948
3.043125e-05
8.289545e-06
0.9966724
0.3810749
1.7805993e-06
0.93443334
0.9719567
0.00018764134
2.1559869e-07
0.9862351
0.00012274877
0.88169104
8.240218e-05
0.0001985663
2.6274498e-05
0.0001721505
0.92079496
6.574961e-05
0.00032852098
0.99486536
7.05568e-05
4.123921e-05
0.53093463
0.48461837
5.169513e-05
0.00020997896
0.38056952
0.3850928
0.9850729
0.9901641
0.99563795
0.00017804571
0.8666815
0.0017250123
0.9941857
0.0020531367
0.996833
0.9987312
0.99306643
0.9065728
8.870346e-05
5.364509e-05
0.38748455
0.7026599
0.3817402
0.55669963
0.0009787831
0.5072591
0.38407287
0.8592271
0.9438372
0.38488293
0.85254896
0.6965637
0.99970406
0.5403345
0.9997271
9.569073e-05
0.00042066342
0.77190584
0.00021889913
0.0001221951
0.00016146018
1.9220623e-05
0.82165116
0.96954364
0.9999012
0.9603579
0.00028176073
0.99998164
0.00017911282
4.16215e-05
1.8546086e-08
0.7725951
7.918983e-05
0.00025978984
0.3870919
0.974881
1.0274641e-08
0.3845491
0.00069902564
0.0003030673
0.0015225657
5.9190254e-05
0.0001413581
0.997451
0.00025192215
0.9993104
9.712501e-09
0.38750002
0.0009249428
0.98024625
0.57018566
0.00028380542
0.00017802908
0.99877626
0.9320172
0.0008275936
0.00040808943
0.000285929
0.3847493
0.76069224
0.99898535
3.486403e-05
0.9935307
0.83068955
0.9969382
0.00027919203
0.9977431
0.00013101443
5.9608174e-05
0.71354496
0.97599685
5.7940953e-05
0.37928164
0.947365
0.00032489488
0.00037748352
0.0011045024
1.334132e-06
0.99634844
0.999073
0.00073455326
0.2602578
0.9964541
0.00083846814
0.9287484
0.9882762
0.00052957184
0.001866514
0.9962598
0.0003017123
0.0005233046
0.99331456
0.3845359
0.99829
0.00013821691
0.00067079306
0.00016201552
8.118257e-05
1.3067996e-07
0.9851461
0.37587374
8.639866e-05
0.38287768
0.99986196
0.7224585
0.85625875
0.5167954
4.298928e-06
0.00015609738
0.98846066
8.944242e-05
0.38398406
8.520428e-05
0.39071903
0.99732155
0.38633907
2.1541427e-05
0.9986864
0.38350785
1.1251568e-06
0.5176318
0.92522734
0.99581355
0.00011991159
0.943103
0.00030169505
0.38252547
0.53950447
0.9972543
0.00015323402
0.6144385
0.9786684
0.00024062362
0.00025019798
0.99454236
0.00028832178
0.99997735
8.239464e-05
0.58554614
0.38758102
6.189312e-05
0.9381072
0.0014232112
0.0004168768
0.5447924
0.9973212
0.00013265872
8.944167e-08
0.99990916
0.6551162
0.9886728
0.9985844
0.5442094
0.9900636
0.63857245
0.0007035489
0.99978477
0.00027739498
0.38619357
0.0007697972
4.265788e-05
0.9999596
0.00014512894
0.9553744
0.59603804
0.000273556
0.00038430127
0.0004643084
5.1296283e-05
0.99014866
0.00021673575
0.9990669
0.00013651713
0.38632697
0.5372151
0.9994698
0.99260384
0.80775934
2.5588148e-05
0.91584617
5.1028037e-05
3.253057e-05
2.672818e-06
4.617268e-06
4.470349e-05
0.9962991
0.38252723
0.38566035
0.00034677403
0.4255144
0.9512068
0.99331725
0.9359119
0.94194275
0.99783933
0.6077117
0.9864073
0.9929737
7.615214e-05
0.5208469
0.5752778
9.888316e-05
0.5240431
0.995285
0.00060778274
0.98712534
0.00022459896
0.562122
0.9999056
0.9995958
0.60031873
0.6421038
0.98814195
4.1772724e-05
0.0006607667
0.00055102585
0.0012155471
0.011799902
5.313005e-09
0.00020161206
0.9983809
0.97939134
0.89632356
0.38659734
0.38713726
3.0939084e-06
0.3860937
0.38524804
0.44750226
0.00010942091
0.9849858
3.3984364e-09
0.98234737
7.9193305e-05
0.8064249
0.99945694
0.9793423
0.6312837
0.000111624446
0.9898991
1.2330318e-06
0.929356
0.00031069046
3.1080715e-05
0.00042839893
0.38671875
0.9989041
0.00010066302
4.4664288e-05
0.5430301
0.9981294
0.66766274
0.000681884
0.96596956
0.777224
0.99998665
0.00058713293
0.00035912756
0.9693831
0.0020716705
0.00022978194
0.37660822
0.5067954
0.57577777
0.3796487
9.993528e-05
0.99032545
0.5880903
0.0005024921
0.5736515
0.38803032
7.167155e-08
0.0004439045
0.9988187
0.9617085
0.0006358099
0.00011372511
0.00031277828
0.99263155
0.0008939059
0.97614163
0.006846355
0.6837347
0.00083590864
5.960601e-05
0.9952087
0.9987915
0.9906517
0.5854985
0.3940471
0.9998306
0.0010422842
0.00034283704
0.0035211975
0.99163485