0.5461508
0.9999254
0.41108125
0.5497482
0.41007602
0.00031639106
0.00028093375
0.99990225
0.40926322
0.797339
0.09786511
0.00019712938
0.0007553351
0.4097231
0.9920855
0.00015700646
5.4608434e-05
0.99153465
0.000376007
0.5432814
0.93252283
0.0007242126
0.40904915
0.0035285368
0.0004378164
0.0004389947
0.54469746
0.91719496
0.4090512
0.9988059
0.0012783586
0.41290843
0.8859305
0.41327497
0.4108803
0.41226313
0.5486771
0.97692436
0.99992704
0.9998783
6.694225e-05
0.54222906
0.001511679
0.41215658
0.0016409226
0.0008598571
0.5508288
0.96899956
0.00022890136
0.9999666
0.99856204
0.0008510618
0.9977381
0.9991385
0.5496077
0.0001050863
0.5472743
0.0012694128
0.0014384106
7.0462534e-05
0.5508949
0.9989772
0.54838127
0.41280717
0.5505911
0.82052046
0.55287963
0.00042212865
0.53879684
0.54597116
0.99890447
0.00016501619
0.5480017
0.23404841
0.021120844
0.0007405144
0.0040230895
0.55408037
0.4108057
0.40936604
0.0003067533
0.00030679832
0.4098936
0.9983444
0.99965143
0.00042197978
0.5510785
0.9999746
0.9990068
0.99358624
0.00042744435
0.00014649608
0.99954
0.97145927
0.09039539
0.00015234096
0.99969006
0.942051
0.9996873
0.9998807
0.4111545
0.41257083
0.0008582085
0.000910043
0.40960148
0.00076223176
0.0005489303
0.9760966
0.9987914
0.9981475
9.833552e-05
0.41205373
0.9943943
0.00033535413
0.41149142
0.00045440538
6.050577e-05
0.0031569744
0.99976283
0.699655
0.99976
0.99981314
5.0742223e-05
0.9999949
0.00035347752
0.99861443
0.00022518562
3.4706398e-05
0.00048944476
0.98875755
0.9984913
0.9845398
2.9611798e-05
0.99856
0.0007741101
0.00016672144
0.14171739
0.99993753
0.41051364
0.00010258833
0.9999902
0.00043739108
0.96961164
0.0010708674
0.25472054
0.00015161927
0.001437244
0.42929
1.228951e-05
0.0004474438
0.9979103
0.96472424
0.4131152
6.695259e-05
0.0028300122
0.4110247
0.99994814
0.0051798923
0.000630863
0.6324861
0.99995375
0.98788726
0.4285381
0.9991702
0.99638605
0.00018574872
0.5536662
0.5478322
0.0030395442
0.0014800322
0.00016973639
0.4127726
0.00024536223
0.3838463
0.0007251443
0.0024515407
0.0013722001
0.99999464
0.0004015781
0.00010490097
0.5787768
0.0037712066
0.00046071457
0.999894
0.97036654
0.9978751
0.40980667
0.40900925
8.7762724e-05
0.9980782
0.00041524155
0.999889
0.99985087
0.99956614
0.00045473402
0.00079620513
0.4103093
0.9950053
0.0009034657
0.0035946683
8.1916274e-05
0.9996637
0.99883693
0.9994117
0.9949361
0.9999691
0.00028391017
0.99972516
0.00041398505
5.2535914e-05
0.40999442
0.40928113
0.9986547
0.00021985044
0.4102939
0.4108317
0.00023989605
0.3405177
0.00029881418
0.0003002483
0.00032453766
0.9999633
0.00030700548
0.0022902742
0.0007383839
0.99982136
0.9481237
0.004790752
0.411976
0.005355912
0.99722016
0.40910122
0.32189983
0.41093343
0.54758865
0.41302338
0.99899215
0.9999708
0.0015306284
0.00014331574
5.283798e-05
0.0010492497
0.9997949
0.9958878
0.92571276
0.00032228467
0.40966508
3.022264e-05
0.41250688
0.3797798
0.9999926
0.00034592085
0.7895615
0.017161204
0.0011928345
0.00034064296
0.99527115
0.96639854
0.99916196
0.99869627
0.9998067
0.0005160096
0.99971956
0.99982077
0.39700156
0.0049812673
0.00011351103
0.0010469108
0.3903903
0.9961324
0.41156265
0.384019
8.325696e-05
0.0056423764
0.9592055
0.54368025
0.23596963
0.00021969766
0.9997912
0.9854482
0.9998018
0.9999703
0.047577858
0.0005005858
0.9990339
0.9976011
0.4093282
0.99938715
0.0016299682
0.41129276
0.120591834
0.99993646
0.5495768
0.00019058897
0.99743736
0.00075123477
0.55192065
0.9811788
0.00016044802
0.9967944
0.40925297
0.00014257549
0.5546047
0.99133897
0.9999956
0.0009863611
0.55236715
0.00012277007
0.9999529
0.00027367732
0.0007631003
0.54275686
0.9913328
0.99199826
0.9987337
6.940552e-05
0.00040288502
0.00020544462
0.9829571
0.00083540543
0.0007244301
8.577657e-05
0.0008468997
0.0002554001
0.99958557
0.5487799
0.0010830386
0.00068713306
0.41056418
0.99076533
0.70335555
0.00023147423
0.99959904
0.99995923
0.6167334
0.41015488
0.9999598
0.9998566
0.00011176962
0.00018555576
0.00013401188
0.00032261977
0.99988997
0.4286791
0.9998847
0.54584444
0.77165186
0.97410756
0.99993074
0.99670464
0.99845374
0.00092837337
0.9997923
0.42885342
0.98161584
0.0004079385
0.00067287014
0.55265814
0.9988164
0.5876746
6.4681764e-05
0.98219866
8.3910134e-05
0.0014043727
8.521549e-05
0.41328242
0.89052486
0.00057201774
0.0045859595
0.41030282
0.40969574
0.0003354112
0.99998105
0.0005097793
0.0027191173
7.367181e-05
0.9995165
0.93005234
0.0011969815
3.2178e-05
0.99970835
0.4188928
0.9852905
0.00019969657
0.009847281
0.9820795
0.99950397
0.4293518
0.0013104541
0.99984634
0.5503901
0.0036924286
0.0007335634
0.0006376171
0.40944955
0.99962485
0.9705823
0.00021859421
0.00055582763
0.00059137004
0.0028318858
0.8252642
0.9986902
0.4276575
0.5462268
0.41286397
0.99993896
0.9991979
0.999605
0.4092008
0.9746156
0.409186
0.9972269
0.9945417
0.002839593
0.00040073195
0.9545105
0.0023885781
0.999992
0.0002369387
0.0034376432
0.4112096
0.0008803571
0.00028792184
0.9953629
0.99999535
0.99983597
0.4264022
0.0010962522
0.00030034248
7.032592e-05
0.9987453
0.40934983
0.36654404
8.846508e-05
0.00032413378
0.99995935
0.5520776
0.67671907
0.40950203
0.0035361634
9.290863e-05
0.0007535126
0.99829525
0.9999219
0.00019629454
0.99987507
0.9998424
0.4105381
0.9998474
0.9729119
0.4127929
0.776298
0.00047271923
0.32180992
0.0013378793
0.9999094
0.95876795
0.0006089369
0.0016462902
0.9994954
0.9999107
0.0025530255
0.6251783
0.00041142016
0.9999447
0.9997712
0.22140507
0.001490974
0.00020223412
0.4129042
0.00013051654
0.9987066
0.5513689
0.00096058304
0.9970118
0.9990318
3.8093516e-05
0.9999026
0.00029704117
0.000114354305
0.41047612
0.40933186
0.9990551
0.00018120355
0.012682426
0.00057345483
0.9996599
0.9992124
0.40955797
0.5443018
0.63331217
0.9998727
0.99778193
0.4127351
0.40990335
0.99991846
0.00010424066
0.0010069726
0.5462955
0.4099491
0.9998585
0.00034253648
0.00075630314
0.92724365
0.99915516
0.0004713698
0.41208604
0.0019292525
0.15246628
1.8210965e-05
0.94402236
0.0017776163
0.99997425
0.4095768
0.4125529
0.54834545
9.312684e-05
0.0033189573
0.00023207132
0.5449123
0.3412433
0.0002098765
0.99961346
0.9999951
0.96960235
0.41099724
0.003034354
0.96124643
0.00021417509
0.9951315
0.41016427
0.054189805
0.42441377
0.0014244968
0.003973838
0.00043976158
0.41168228
0.0021098654
0.5492918
0.40923217
0.999765
0.40986013
0.95439607
0.41149774
0.00017069951
0.0034884263
0.0010057617
0.001515738
0.99980325
0.0007636917
0.00048232463
0.41015586
0.9994392
0.9996598
0.41100562
0.0001780194
1.870911e-05
0.0010746425
0.99963975
0.0017355037
0.99970907
0.5397661
0.40955135
0.9996203
0.00018990709
0.99023235
0.99070376
0.0006802068
0.99662054
0.9736854
0.0014902083
0.54772365
0.00015788952
0.9999709
0.9934256
0.99992764
0.97466075
0.9587231
0.002786124
0.0007759188
0.00029048554
0.00034485006
0.0002650008
0.99998915
0.7646287
0.00049923395
0.62574327
2.3683908e-05
0.998326
0.04514966
0.0006012875
0.11529896
0.31080243
0.54470104
0.00070442376
0.0024571868
0.001689146
0.9950022
0.00041439215
0.9999802
0.99982375
0.99864763
0.00090157986
0.98953867
0.0011056899
0.40999097
0.411832
0.00073242583
0.5681044
0.000109601875
0.99263155
0.00085577095
0.99967885
0.3883312
0.001560257
3.353607e-05
0.0011464527
0.991772
0.9999318
0.9991998
0.42789397
0.0001713451
0.89707905
0.5443261
0.9993892
0.00016198154
0.893611
0.5461994
0.41008207
0.0009705163
0.40987203
0.9997358
0.99950564
0.0011698077
0.99996686
0.99903595
9.904037e-05
0.00017154406
0.00034320346
0.9998348
0.035991535
0.54463345
0.9995809
0.00028626912
0.0041615325
0.0005063535
0.00087017135
0.5524297
0.9929516
0.9954839
0.91832584
0.41001788
0.88265383
0.0005831723
0.9971933
0.9898531
0.99926907
0.0006592573
0.0003853422
0.40991077
0.00047494596
0.9996786
0.7190381
0.0001388126
0.94596803
0.00598266
0.0042128144
0.9992446
0.4291493
0.54515857
0.99924517
8.018131e-05
0.9866194
0.79948664
0.9998549
0.3519099
0.005099678
0.99934465
0.9780505
0.543772
0.002906789
0.9646887
0.99979717
0.9950223
0.99962986
0.9963201
0.9998318
0.9936515
0.0008789368
0.0011238653
0.7985192
0.00030201967
0.06208768
0.00048400383
0.00033544636
0.00039329877
0.00013152463
0.999348
0.3515585
0.40943947
0.55103004
0.99937123
0.00047913028
0.0036602623
0.9994968
9.465721e-05
0.996792
0.9999945
0.55345374
0.5437798
0.99840015
0.0005217825
0.05832105
0.9999852
0.41007984
0.0004742852
0.9996922
0.0012477991
0.34614155
0.00032282007
0.00038972552
0.8931002
0.0022356194
0.000678494
0.00012719419
0.00022426686
0.40949827
0.00062919763
0.00013155461
0.9767016
0.9996625
0.41117093
0.000547646
0.998145
0.00010955423
0.0014354767
0.9998932
0.5532171
0.0020314076
0.5458587
0.41055414
0.9981336
0.0003710266
1.0
0.16950269
0.00043899426
0.4119228
0.026502984
0.41022065
0.00024567192
0.00027274035
0.00095714076
0.9328298
0.5464623
0.00015255173
0.99788994
0.0017008747
0.00048463352
0.4093585
0.0018289891
0.995624
0.54890877
0.95625484
0.00064611336
0.011181774
4.316848e-05
0.96922314
0.0021067816
0.9982504
0.00021161843
0.018179353
0.547123
0.0007206306
0.003002975
0.99721897
0.99997544
0.4289177
0.9996753
0.0011851975
5.9188445e-05
0.9984084
0.73989326
0.96087843
0.0019962233
0.99979144
0.994955
0.54484195
0.9997681
0.0003281169
0.9842221
0.9958103
0.99986446
0.0002194705
0.00016660527
0.00015818187
0.42680803
0.00088173634
0.99999833
0.00040906918
0.99999213
0.4091109
0.9299142
0.99963236
0.0006970389
0.00058761856
0.0005871805
0.5412814
0.99103373
0.99462694
0.99949384
0.5802218
0.41709068
0.8333141
0.0013837221
0.4101424
0.7135584
0.8721986
0.00042024057
0.999081
0.94211215
0.9807114
0.9989642
0.002434549
0.00016279847
0.9970306
0.99996734
0.0011301575
0.5410609
0.4124012
0.9996631
0.0016946016
0.0015115357
0.9998264
0.9971892
0.4545025
0.9792362
0.99681646
0.0009840614
0.0004701622
0.0027089498
0.9999789
0.99995875
0.40960068
0.99996114
0.54790545
0.9994099
0.9998254
0.9914044
0.00019541442
3.388836e-05
0.98470336
0.00011543213
0.00053384696
0.00023190278
0.92935467
0.0037725505
0.0007403881
0.0007313263
0.4104275
0.9999274
0.41029218
0.99409217
0.00037976142
0.5481644
0.00013658732
0.4288602
0.046646617
0.0013166029
0.0006992679
0.0008083909
0.33334064
0.41014913
0.9575437
0.0018675216
0.9976046
0.4111038
6.735212e-05
1.6999618e-05
0.32316688
0.5449854
0.41085446
0.67485696
3.152881e-05
0.40922886
0.003136462
0.5473701
0.41144136
0.21055003
0.4089131
0.41317916
0.9999896
0.0009834629
0.9993413
0.9962715
0.9720491
0.6046341
0.0003265463
0.99967945
0.99983335
0.7462469
0.00092005194
0.99673826
0.29419598
0.99943596
0.35274392
9.527599e-05
0.5472877
0.9995578
0.41021276
0.9998447
0.000118702716
0.00018063893
3.8552826e-05
0.3571814
0.99997246
0.5484756
0.40960187
0.54832506
0.99973506
0.0005118635
0.99995804
0.99971217
0.9966202
0.99969935
0.996436
0.40972707
0.001060211
0.999624
0.40989703
0.9748131
0.40929782
0.9990158
0.55168486
0.9689765
0.9998851
0.06303097
0.54887897
0.996414
0.0015691791
0.9996501
0.00034607787
0.00079681235
0.0003537376
0.00015830167
0.41049892
0.0004295957
0.5469039
0.5506299
0.99976474
0.0018182625
0.97934407
0.30091244
0.0003646742
0.0010337121
0.9995976
0.9198481
0.4108511
0.95434535
0.99983406
0.99962103
0.0013832215
0.99964154
0.01782827
0.99966896
0.00033027833
0.0008074697
0.41158926
0.9473378
0.0022139857
0.999987
0.40927574
0.9926681
0.40950805
0.0004180133
0.9290532
0.99506676
0.0014715266
0.9888061
0.9887087
0.0012324443
0.9619992
3.6359066e-05
0.00018145528
0.41186118
0.42913893
0.7888103
0.2956681
0.5450194
0.5464642
0.9762768
0.40944698
0.54836863
0.0002774344
0.65583825
0.4113491
0.4113085
0.00012499093
9.085367e-05
0.95737404
0.4102031
0.5520839
0.00021923083
0.99845994
0.5287906
0.00011027301
0.99930525
0.00022101816
0.41187647
0.9872529
0.014699263
0.00074882107
0.9977233
0.99989164
0.4117594
0.24760213
0.5466772
0.001761478
0.4128593
0.99987173
0.41277096
0.4096841
0.010969086
0.0005338455
0.40967894
0.41053614
0.40877163
0.99895585
0.9702191
0.9821942
0.0010539985
0.41092598
0.98886514
0.00048446518
1.148156e-05
0.9260981
0.0010939655
0.99918646
0.99994266
0.9998673
0.9995814
0.00051576004
0.0012471195
0.93536586
0.9993191
0.99902403
0.9995227
0.554225
0.40994108
0.9998846
1.70362e-05
0.9998609
0.99993074
0.0029079802
0.0002790321
0.00016324835
0.0035097818
0.9950323
0.87145865
0.9764875
3.9689123e-05
0.99996305
0.000120615245
0.54888636
0.0003507991
0.99932504
0.9982151
0.9936753
0.9999082
0.99963176
0.000345116
0.40954128
0.00024054629
0.99971455
0.9757622
0.4320596
0.00073531526
0.9999647
0.99971443
0.55100393
0.000110582594
0.9997209
0.00027009827
0.99967384
0.983482
0.998879
0.0014003342
0.40998396
0.99859506
6.1028346e-05
0.00031285465
0.0011806273
0.9997869
0.00041266865
0.5756414
0.9749219
0.9442237
5.238803e-05
0.004739272
0.41712007
0.99923027
0.0002901257
0.9997633
0.546662
0.00088206114
0.0033195803
0.000324212
0.0005310962
0.9999579
0.40976608
5.9541137e-05
0.9921813
0.99635303
0.0023215672
0.0033308084
0.99536115
0.0046489853
0.9709574
0.00014787316
0.002688718
0.00066930166
0.0012768364
0.8374925
0.00084976485
0.00033263947
0.99692315
0.0019385038
0.00022994741
0.538268
0.19347031
0.00017375608
0.00086317916
0.41281682
0.41073143
0.99705064
0.99611217
0.9999069
0.00023002262
0.87094873
0.0055752755
0.9991517
0.00013750272
0.9993166
0.99909437
0.9983069
0.9890026
0.000103094746
7.952264e-05
0.41212484
0.878698
0.40960896
0.692899
0.28874436
0.36762673
0.41008386
0.8451104
0.55651
0.41069838
0.71873736
0.48861232
0.99994385
0.5487296
0.99993014
0.00013158974
0.0005209175
0.98336375
0.0020473562
0.00024801245
0.0032390114
0.00024685508
0.8018631
0.98238474
0.99998355
0.99057174
0.00019304467
0.9999925
3.375187e-05
0.0019936753
0.031799845
0.9665858
0.00054991327
0.00063505507
0.41277498
0.99929357
0.00049574004
0.40969935
0.000109725785
0.0011184238
0.003923781
0.0015514076
0.0006031877
0.99876356
0.00016834988
0.9974021
0.029912794
0.41021588
0.00013893111
0.9983047
0.33822456
0.0006704125
3.771337e-05
0.99994934
0.99258256
0.0032039192
0.00071327545
0.0013933682
0.41208917
0.7703689
0.99998486
0.0003962691
0.9988122
0.954931
0.99633646
0.00042147125
0.99992216
0.00084162486
0.00071679126
0.47973716
0.981323
6.438797e-05
0.40910327
0.9966174
0.00090193126
0.0011297389
0.0008080744
0.0005011205
0.99966145
0.9998491
0.00014238826
0.41067016
0.99977845
0.00024572416
0.4566527
0.9964479
0.0017285197
0.00027660848
0.9997936
0.0017017816
0.000314059
0.999295
0.40975773
0.999966
0.0006699041
0.002188792
6.0181854e-05
0.00015123865
0.05085714
0.9985073
0.41280058
0.00011184927
0.4102031
0.9999813
0.6515211
0.99545056
0.5463746
6.701181e-05
0.00012893874
0.9991586
0.001144033
0.41022494
5.3041837e-05
0.4091275
0.9983902
0.4110865
0.0042061866
0.99995196
0.41018772
4.3440166e-05
0.36082834
0.9715998
0.99488896
0.000482521
0.97431076
0.00022441978
0.40979627
0.55716836
0.9995633
0.0004212178
0.5473662
0.997051
0.00022085471
0.0023558922
0.9996809
0.00015776056
0.99999166
0.0001741686
0.3723181
0.40935525
0.00020314768
0.9853967
0.00015062989
0.00033741054
0.5506124
0.9998529
0.0001829436
0.07164605
0.9995435
0.54502684
0.9954852
0.9998472
0.5448991
0.98198926
0.5490028
0.00018678897
0.999954
0.00054886675
0.41279408
0.0001363999
0.001228749
0.9999974
0.00011137449
0.9693366
0.5529834
0.00082450843
0.00080119254
0.000108082124
0.000120938865
0.99807584
0.0003872867
0.99958605
0.0001624087
0.41055048
0.5482031
0.9996358
0.9959551
0.8285105
0.00019828911
0.88613516
0.0017818019
0.0011012544
2.376572e-05
0.00096690306
0.0008492132
0.9322081
0.40962505
0.40919968
0.000806339
0.32840198
0.997829
0.9984675
0.9965063
0.99861526
0.9992435
0.5407436
0.9971724
0.9993641
0.00012422299
0.38542926
0.551819
0.0001658168
0.38205698
0.9998479
0.0014108327
0.99916935
0.00032053562
0.5489728
0.9999014
0.99991417
0.54779196
0.5504545
0.99943966
0.00023405725
0.00036158314
9.5388255e-05
0.00035335068
0.42875677
0.0055838265
0.00028149947
0.9999305
0.957696
0.9502847
0.4088711
0.41132113
0.00931858
0.4102443
0.4103525
0.54224724
0.00025508108
0.9936614
0.028251564
0.9998653
0.0005408301
0.28058815
0.9998925
0.98759264
0.55184215
0.00021514214
0.9968899
8.8681976e-05
0.92352635
0.0007822109
0.00012794303
0.00075962645
0.41060865
0.9999012
0.00016335423
0.0028138408
0.5490332
0.99990165
0.5489453
0.0008336476
0.9899211
0.6011892
1.0
0.0014543716
0.002498416
0.9987721
0.0010612322
0.00096162874
0.41299933
0.53880113
0.5461028
0.40959275
0.00036196428
0.99988055
0.54391235
0.00016154473
0.55102366
0.41042438
0.024518223
0.0014864029
0.99966824
0.99410325
0.00010018841
0.0005992357
0.00072440004
0.95720124
0.00021764069
0.95738584
0.42871946
0.5497708
0.0067310277
0.00046605352
0.9999423
0.9998154
0.9994825
0.59344095
0.026067477
0.99951386
0.00037913708
0.0048136343
0.00062055566
0.93270373