0.4861276
0.99998987
0.4190659
0.53260654
0.41900903
4.1730476e-05
0.00015616705
0.9999981
0.41905263
0.52016664
0.0016718538
4.2401192e-05
3.2945514e-05
0.40764022
0.99976104
2.3312286e-05
2.4585122e-06
0.9999206
5.916098e-06
0.43954098
0.8878975
3.0639778e-05
0.41889113
0.0001194847
1.4264186e-05
0.00053342583
0.4795608
0.93303055
0.42009836
0.9985776
3.726456e-05
0.41907164
0.5211158
0.41883135
0.4188105
0.41997486
0.45227683
0.99953914
0.99998593
0.9999957
4.6390003e-05
0.42551836
3.9010753e-05
0.41967607
6.8721114e-05
4.5139328e-05
0.4336056
0.9959288
1.5953105e-05
0.9999795
0.9999107
0.000145266
0.9885993
0.99994564
0.49980837
6.698431e-06
0.5185721
4.5263685e-05
9.925745e-05
3.180895e-05
0.54066813
0.99237096
0.52818346
0.41898844
0.84419036
0.7508092
0.54491967
0.0007226036
0.6873025
0.5362291
0.9942684
2.4580277e-05
0.91537726
0.66026866
0.0014147931
3.993617e-05
4.9285027e-05
0.5265255
0.41931358
0.41932592
0.0004513517
5.8712467e-05
0.41918588
0.99907124
0.9996749
0.00025659436
0.5204995
0.9503528
0.9997439
0.99891627
4.029124e-05
2.303149e-05
0.9992131
0.9930078
9.930365e-05
6.767863e-06
0.9998338
0.91163605
0.9999927
0.9996737
0.4190727
0.41913897
5.3776264e-05
2.8956829e-05
0.41938686
0.00020976785
4.2924024e-05
0.94287795
0.99976844
0.9998534
1.0509098e-05
0.41952306
0.9999689
4.7197764e-06
0.41887408
0.0008386432
1.9189743e-05
2.9133686e-05
0.99925655
0.61485183
0.99999654
0.999974
3.3593013e-05
0.9999546
5.2946325e-05
0.9998192
2.3959996e-05
8.666072e-05
3.4491106e-05
0.98399067
0.99993896
0.99059314
0.00016524403
0.9952348
4.345848e-05
3.0348478e-05
0.41329756
0.9997695
0.41909438
7.08482e-05
0.9999976
2.469317e-05
0.9198762
5.2752184e-05
0.98647934
6.462887e-05
4.8975475e-05
0.41778958
0.007209406
0.000121265446
0.9973506
0.99690336
0.42020375
0.00018945007
8.698549e-06
0.4196377
0.9993555
4.005208e-05
2.9320065e-05
0.9993585
0.99993265
0.9997787
0.9852469
0.99999416
0.99985075
2.7238555e-05
0.54327375
0.42147386
3.1980897e-05
2.567289e-05
2.7911698e-05
0.41926965
0.00032648465
0.4965355
2.9109744e-05
7.581116e-05
0.00025384207
0.9988158
0.00038819472
1.671323e-05
0.5948963
3.0738345e-05
8.439475e-05
0.9999138
0.96618897
0.99958843
0.41940188
0.41907376
0.00021058366
0.9995239
3.066603e-05
0.9999857
0.9998603
0.99991405
5.3550328e-05
0.0001537627
0.4189343
0.9998097
0.0015389925
5.331609e-05
0.00032471094
0.9999486
0.9997973
0.9999492
0.9981621
0.999997
0.00021811329
0.99996233
1.1286032e-05
6.6995e-05
0.41923872
0.4197442
0.9996195
0.0016534628
0.41901678
0.41967514
1.9884881e-05
0.35967514
4.1410836e-05
0.00012257847
4.6682258e-06
0.99998176
8.4714535e-05
6.668199e-05
6.419019e-05
0.9991535
0.984674
1.03644215e-05
0.4201085
4.7601323e-05
0.9956559
0.41903338
0.5281452
0.4194341
0.4258125
0.41809183
0.9998412
0.999961
2.452604e-06
2.9395966e-05
0.00013219328
1.9287661e-05
0.99922156
0.986974
0.97597176
1.3823536e-05
0.41900486
0.07732724
0.41944626
0.41427442
0.9999685
8.084096e-05
0.9338081
7.2443713e-06
6.750979e-05
1.1034187e-05
0.9837208
0.9936226
0.99977154
0.99985445
0.9999919
0.00032044487
0.99999285
0.9999306
0.42059562
2.6318157e-05
4.724532e-05
5.602227e-05
0.4195107
0.99996483
0.41877377
0.95029926
0.00024644422
7.091789e-05
0.44467467
0.42174223
0.41812244
3.9192986e-05
0.99971384
0.9557588
0.9999738
0.9999447
0.00066636724
2.695169e-05
0.9999354
0.99994373
0.41949224
0.9988589
4.3540487e-05
0.4190095
0.8843703
0.99993765
0.43309548
2.85583e-05
0.999764
5.166153e-06
0.5299096
0.9989028
2.030226e-05
0.9997634
0.41971546
1.8390308e-05
0.8854563
0.99935156
0.99985445
0.00021319833
0.5443326
7.542796e-05
0.99928766
1.345922e-05
8.18528e-05
0.48665497
0.9998604
0.971331
0.9993498
1.1992686e-05
0.0001364492
0.00013306871
0.998505
3.990172e-05
6.1125145e-05
4.532502e-05
2.910897e-05
3.9979805e-05
0.99997854
0.42159674
8.8216904e-05
5.670385e-05
0.4189585
0.98688936
0.7955039
4.2962478e-05
0.9998087
0.99999416
0.9806055
0.41911107
0.99998724
0.99982786
9.850778e-06
4.3612006e-05
2.753107e-05
1.6057598e-05
0.99981886
0.4160533
0.9998895
0.92224675
0.52978057
0.9691235
0.9996363
0.99745053
0.9815692
2.9730103e-05
0.9990188
0.41659093
0.944934
0.0005819003
2.8902534e-05
0.44145778
0.9997819
0.5628958
1.096532e-05
0.9967038
0.0010709051
6.8188834e-05
3.821734e-05
0.41969955
0.96671283
1.6323114e-05
4.2381867e-05
0.41904068
0.41859302
1.22322745e-05
0.99980336
5.4847147e-05
2.512921e-05
3.71615e-05
0.99958056
0.87525886
2.2156139e-05
6.211302e-05
0.9999256
0.99868673
0.95996654
0.0001469854
0.00040507843
0.97850716
0.9984554
0.41780344
6.0875122e-06
0.99960643
0.53274703
0.0005273806
4.2315274e-05
0.047014404
0.4190971
0.9995906
0.9997689
4.2156178e-05
2.7312475e-05
9.812766e-05
5.052007e-05
0.9862314
0.99914837
0.41517717
0.42441455
0.41008577
0.99994755
0.9994222
0.9995746
0.4195756
0.9961796
0.4193041
0.91764504
0.9999691
3.30274e-05
4.2298932e-05
0.8893864
3.6226476e-05
0.9999734
3.1804066e-05
0.0006340674
0.41946277
3.4678473e-05
1.2473352e-05
0.9826774
0.9999969
0.99999046
0.41748476
1.6953929e-05
0.00031295308
3.010255e-05
0.9897008
0.41879734
0.5257048
0.00011767388
2.12227e-05
0.99999094
0.52499837
0.83484834
0.4194324
3.681733e-05
3.089625e-05
4.6177393e-05
0.999871
0.9999546
0.0005927088
0.99997747
0.99948776
0.4192109
0.99960953
0.9976139
0.41880572
0.97330207
3.0097843e-05
0.4213145
0.00015976591
0.9985298
0.8327114
2.853214e-05
8.9551664e-05
0.99746275
0.99996734
3.9736842e-05
0.99229175
2.4983285e-05
0.9999821
0.99997306
0.5303227
3.5918903e-05
0.00019838139
0.4190149
0.00010155001
0.9999459
0.53906465
3.6838122e-05
0.98740965
0.9965575
7.074652e-05
0.9997209
2.3051902e-05
1.7475772e-05
0.41933626
0.4208413
0.99972326
1.5084803e-05
0.0011602206
1.979346e-05
0.99984276
0.99993026
0.41953236
0.44041744
0.6358065
0.9999715
0.99894303
0.41920453
0.41921267
0.99931455
5.053203e-06
0.00019394114
0.47165433
0.4194645
0.9999672
7.812109e-05
3.7584618e-05
0.9549645
0.9995654
1.6746286e-05
0.41850907
4.193225e-05
0.9766916
2.6176209e-05
0.9705831
4.544989e-05
0.99995244
0.41906983
0.4210477
0.5369423
0.025583057
5.4423934e-05
2.8744673e-05
0.5653169
0.5297957
0.0007738686
0.9998323
0.9999927
0.981246
0.41924936
4.34207e-05
0.9892328
0.0010994284
0.9998356
0.4190278
0.00020994573
0.41403082
4.946494e-05
3.0343905e-05
0.00010219991
0.41883653
7.982867e-06
0.5238898
0.41879985
0.9999914
0.41904125
0.98539585
0.41914287
1.4647774e-05
6.2685685e-05
0.0053146626
0.00010873078
0.99991214
0.00029457072
1.5821004e-05
0.4194181
0.99993944
0.99975103
0.41911137
2.2798084e-05
7.863763e-05
1.7852186e-05
0.9996737
3.21454e-05
0.9999957
0.42220318
0.4192457
0.99977046
2.4305038e-05
0.98903406
0.9998634
3.2927957e-05
0.9992473
0.88812405
1.1112904e-05
0.42709425
1.2382035e-05
0.99986625
0.9946397
0.999689
0.9293735
0.99346995
8.295334e-06
3.2656702e-05
0.00028157435
1.0814342e-05
1.3375244e-05
0.9964168
0.59071684
8.254012e-05
0.9670305
4.2618278e-05
0.99994314
0.00038355662
3.100218e-05
0.0001384694
0.41946542
0.52781266
6.432003e-05
0.00025872252
9.7828495e-05
0.9988158
2.9404853e-05
0.9999964
0.99999607
0.99828535
3.1962725e-05
0.7800977
6.2862215e-05
0.41916704
0.41912487
8.442887e-05
0.52402997
1.7794802e-05
0.5415735
2.3662033e-05
0.99703634
0.67076886
2.3719824e-05
1.4036282e-05
2.0329868e-05
0.99924767
0.9999199
0.9998574
0.41961393
0.00049658684
0.9831966
0.42352548
0.99996567
2.8151939e-05
0.9729154
0.8815558
0.41881666
9.748487e-05
0.41926193
0.9999782
0.999629
8.903931e-05
0.99998796
0.9998864
8.906079e-05
8.477392e-05
2.8969258e-05
0.9997876
0.0018321439
0.6639677
0.9996959
4.7494723e-05
3.7582973e-05
3.5059446e-05
0.002160039
0.48078963
0.9889665
0.9990779
0.9072778
0.41868475
0.6093145
0.000382575
0.9986388
0.9993463
0.99998677
5.0942563e-05
2.0592863e-05
0.4194687
2.246254e-05
0.9996892
0.57127553
0.00053151295
0.98344386
0.00010203019
3.0426982e-05
0.9998023
0.41701058
0.48998958
0.9998344
3.228903e-05
0.984068
0.9345847
0.99977404
0.42281315
5.1829495e-05
0.99934393
0.9985911
0.42996868
0.001691684
0.9224924
0.9995685
0.9867776
0.9998741
0.9994276
0.9943178
0.9907933
9.1586e-05
0.00047459998
0.96557415
4.0288436e-05
0.00029101584
0.00014933021
5.2165586e-05
0.00012259763
1.9122917e-05
0.99987483
0.42900652
0.4188575
0.49183327
0.999992
1.125205e-05
5.1412644e-05
0.9999871
2.0991263e-05
0.9998417
0.99999404
0.5328386
0.45015308
0.9970355
2.8003918e-05
0.00044647048
0.9999919
0.41921663
0.00012020615
0.99984634
3.9433256e-05
0.42277744
7.6157166e-06
5.7890084e-05
0.6385839
2.6096675e-05
2.9242074e-05
1.8505347e-05
6.6446744e-05
0.41904882
3.9358536e-05
3.6063007e-06
0.97558254
0.9995185
0.41949615
2.7284961e-05
0.99001044
4.2181593e-05
3.92437e-05
0.99993026
0.4920232
1.3383806e-05
0.4485783
0.41914704
0.99971133
2.4942481e-05
0.9955876
0.4167995
2.3274453e-05
0.41962427
6.75907e-05
0.41931462
1.1482009e-05
3.305289e-05
4.4076613e-05
0.9124342
0.45786256
1.8763232e-05
0.9967962
2.3090606e-05
0.00010842691
0.4193031
2.0526219e-05
0.99725384
0.5326986
0.58793133
2.705356e-05
0.00023295697
3.391115e-05
0.9936708
2.9061068e-05
0.9931711
1.2375672e-05
0.0019723142
0.5310217
5.297738e-05
3.0752948e-05
0.9997012
0.9999939
0.41738036
0.99974734
2.9808001e-05
6.819371e-05
0.9997845
0.8705705
0.7203945
4.547838e-05
0.9996449
0.99997485
0.43348807
0.99999475
1.13943515e-05
0.9985638
0.7935656
0.9990841
2.570366e-05
0.00047269627
9.225318e-06
0.4096351
3.2132342e-05
0.99977857
2.6723243e-05
0.99999905
0.41980788
0.9340372
0.99947304
3.7155653e-05
0.00015325916
9.834696e-05
0.78376275
0.9992268
0.99912995
0.9999907
0.5627036
0.60058564
0.9387084
5.6923873e-05
0.4197501
0.7535568
0.87431735
6.230011e-05
0.99965894
0.9953881
0.99906605
0.9999304
0.00012475242
1.9170355e-05
0.9961771
0.9999869
1.0382583e-05
0.4656354
0.41899326
0.99978775
3.156094e-05
5.2965104e-05
0.9999509
0.99797827
0.41486695
0.99926525
0.9947218
1.1773051e-05
2.7159518e-05
0.02281208
0.99998474
0.999985
0.41804078
0.999977
0.5301863
0.99988306
0.9999728
0.999463
2.5720332e-05
1.9008378e-06
0.999665
0.00039971215
0.00013963235
4.6587505e-05
0.980739
5.861954e-05
5.8401987e-05
1.4325928e-05
0.4194898
0.9999782
0.41905427
0.578293
0.00014060797
0.5401338
3.534132e-05
0.417491
0.00014689208
0.000830422
5.870564e-05
5.5462107e-05
0.4594717
0.4190846
0.95414984
2.1976133e-05
0.99137384
0.41927594
6.0287424e-05
0.00040705185
0.4181351
0.5302777
0.4188803
0.4867573
0.00040669154
0.41924667
0.00013728472
0.5732352
0.41931602
0.42134982
0.41892412
0.4183839
0.99996924
7.5331416e-05
0.99981993
0.98944587
0.99262017
0.9321529
1.74299e-05
0.9990664
0.99996114
0.52219564
3.4914974e-05
0.99801314
0.42565337
0.96284413
0.52216583
2.4102746e-05
0.51330435
0.9998097
0.41914156
0.99969006
2.3486295e-05
0.00013195639
7.236493e-06
0.4186741
0.99998236
0.52620655
0.41996846
0.54081345
0.9986091
0.0003909168
0.999987
0.9999502
0.99890184
0.99938166
0.9921244
0.41946307
8.0147904e-05
0.99983144
0.41902712
0.9994393
0.41903803
0.999964
0.4221165
0.97530603
0.9999008
0.00054801465
0.5223743
0.9998498
4.1574134e-05
0.9997751
7.444306e-05
4.2965756e-05
0.0004955759
2.666693e-05
0.41900143
3.155787e-05
0.5352517
0.5232013
0.9997681
0.0002700496
0.92017514
0.53290385
0.00012785668
4.346938e-05
0.9999213
0.9966323
0.42031145
0.9067241
0.99992514
0.9996563
1.9670564e-05
0.9997446
0.0012546477
0.9942456
2.553335e-05
2.3779234e-05
0.41973713
0.9977937
2.2467724e-05
0.99999654
0.41947007
0.9974956
0.41908085
1.529104e-05
0.8244413
0.9996269
2.9184463e-05
0.9985103
0.9968129
3.5214987e-05
0.9902029
5.658145e-05
1.8364546e-05
0.41898343
0.41743422
0.6938405
0.45438123
0.5477658
0.46209013
0.9949064
0.41898984
0.535672
4.192757e-05
0.9933915
0.418853
0.4191625
2.0583338e-05
1.3340848e-05
0.9998579
0.41893685
0.45012525
3.0338813e-05
0.9959668
0.9136049
2.1237158e-05
0.99947625
1.6418067e-05
0.41910696
0.9997545
0.0011979447
4.3399876e-05
0.99630284
0.99984443
0.41903725
0.41993877
0.57109416
3.84564e-05
0.41899514
0.99996805
0.41856474
0.41908523
0.0033959553
0.00046407498
0.41942888
0.41935876
0.41991305
0.9951794
0.9998535
0.9942162
4.5882898e-05
0.4192068
0.9930189
0.0005322103
1.1807469e-05
0.86501485
4.753564e-05
0.99938035
0.9999701
0.99998164
0.999949
1.7118558e-05
8.338432e-05
0.98130727
0.99987864
0.99863833
0.99888545
0.5236349
0.4193181
0.9999647
5.5605888e-06
0.9996885
0.9999944
1.4092091e-05
2.412418e-05
1.9071722e-05
5.1535702e-05
0.9943159
0.9999039
0.98927605
0.0010759209
0.9999951
0.001608409
0.5295558
2.2091977e-05
0.9999002
0.99993956
0.99734133
0.9996468
0.99677557
0.00083833875
0.41934082
1.9539055e-05
0.9992901
0.5606127
0.49498898
3.5683668e-05
0.99999833
0.9999472
0.55640453
4.766737e-05
0.99998415
1.832845e-05
0.9885472
0.9994611
0.99986863
3.5983427e-05
0.41895807
0.9977355
0.0024590304
3.3105887e-05
4.2164058e-05
0.9988254
2.7352069e-05
0.4318688
0.99946874
0.91881526
5.939794e-05
1.7104769e-05
0.9914859
0.999871
2.4198465e-05
0.99995387
0.42400876
5.5552144e-05
0.00023118331
0.000533602
5.3429326e-06
0.9998447
0.41913173
1.51271715e-05
0.96820605
0.99641657
0.00026753152
0.00091664074
0.99871254
0.00039135604
0.7849407
2.971185e-05
0.00020483261
0.00024266812
7.507447e-05
0.9949641
6.35437e-05
2.606387e-05
0.99998355
0.00022717459
2.4133224e-05
0.5308418
0.45113388
6.17107e-06
4.5229903e-05
0.41935256
0.41903684
0.99992144
0.98714554
0.99804026
2.269892e-05
0.46063635
0.00010855301
0.99866104
0.0002737253
0.99972695
0.9992482
0.9990415
0.94232327
1.9299254e-05
3.9367318e-05
0.41894907
0.991499
0.41889513
0.7733521
0.42301536
0.5274004
0.4189232
0.96491385
0.84207755
0.4193742
0.547974
0.98015976
0.9999864
0.52402246
0.9973283
0.00014803582
7.346716e-05
0.97780025
3.7004593e-05
6.760617e-05
1.1871703e-05
3.5271587e-05
0.5065464
0.96825063
0.9999976
0.9926744
2.1999052e-05
0.9999981
4.2216685e-05
9.7373755e-05
6.1925646e-05
0.9769358
5.8923088e-06
3.803083e-05
0.4189564
0.99931765
0.034038253
0.41906834
1.4341264e-05
9.071308e-05
5.3761905e-05
5.9862177e-05
6.6595945e-05
0.99987185
2.0771024e-05
0.9997787
0.0017923999
0.419155
6.988799e-06
0.9957379
0.909164
3.394619e-05
4.884325e-05
0.9999883
0.9935114
3.5977624e-05
2.7492344e-05
9.2382266e-05
0.41866106
0.9473886
0.99998736
4.91552e-05
0.99993265
0.9560729
0.99902534
1.2166773e-05
0.99998677
4.359205e-05
3.6267193e-05
0.9338162
0.99131924
1.52671e-05
0.41930377
0.99974805
2.7058592e-05
1.867248e-05
2.4147083e-05
1.4846124e-05
0.9999697
0.99674714
1.2528144e-05
0.41148135
0.99769825
1.8945626e-05
0.6783838
0.99988747
2.7509837e-05
0.00047044732
0.9988856
0.00017516839
5.764697e-06
0.9996338
0.41892222
0.9999924
4.371381e-05
0.00016332681
0.0005505657
0.00095509423
0.0009485535
0.9998603
0.4190997
2.6719039e-05
0.41884512
0.99984336
0.5509486
0.99589986
0.51371694
0.0009526073
2.5356285e-05
0.9998704
4.780043e-05
0.41911447
4.3476386e-05
0.41946137
0.9995771
0.41911262
0.28087574
0.9999434
0.41905585
2.2200913e-05
0.4158157
0.99857724
0.9965148
0.00022567871
0.9917983
1.690156e-05
0.41937616
0.4196862
0.99685764
3.219556e-05
0.5281041
0.9917966
2.83548e-05
5.3663156e-05
0.9995988
2.171203e-05
0.99997056
1.3022581e-05
0.76843166
0.41995388
4.5769753e-05
0.9870798
0.0003940873
1.417101e-05
0.45359275
0.99932814
2.9008015e-05
0.00050042436
0.99999833
0.5415687
0.9990196
0.99985147
0.52332765
0.99979454
0.5237481
1.6856346e-05
0.999816
3.284109e-05
0.4188456
0.00040101056
7.828657e-05
0.99946684
1.9370575e-05
0.9072406
0.53088033
2.359864e-05
2.5972387e-05
5.523425e-05
1.8664416e-05
0.9964355
4.359781e-06
0.9998946
1.2341328e-05
0.4190826
0.5300935
0.99978536
0.9982602
0.9841613
5.9457216e-05
0.9884482
0.00089256285
7.7820405e-05
1.566996e-05
0.00011819467
4.7758786e-05
0.9993969
0.41931346
0.41892835
1.8461316e-05
0.41620234
0.9984407
0.99996483
0.9938991
0.9956429
0.9997191
0.80447
0.99936444
0.9989912
8.526223e-06
0.9973834
0.5761942
3.391393e-05
0.5388195
0.9998374
6.730916e-05
0.99714476
2.2378426e-05
0.52776796
0.99999917
0.99994767
0.5322085
0.5418896
0.99646384
5.291725e-05
1.5578978e-05
0.0012242554
3.693007e-05
0.41329002
0.0011465023
4.190974e-05
0.9999411
0.9977884
0.93969655
0.41887814
0.41887638
0.029956244
0.41912076
0.4190622
0.42144305
7.2157185e-05
0.99933475
0.0005138911
0.9999589
1.8164397e-05
0.52620363
0.9997912
0.99660337
0.6264983
4.5111054e-05
0.97118294
3.591503e-05
0.42299822
5.3018826e-05
0.00032241928
3.9635528e-05
0.41898704
0.99982566
2.9169129e-05
2.825972e-05
0.5296988
0.99999595
0.5299574
1.7099452e-05
0.9994759
0.88823974
0.9864594
7.213345e-05
3.6799254e-05
0.9998739
0.0018627465
2.9509409e-05
0.41847703
0.4496464
0.43729874
0.41943502
1.0924841e-05
0.9998111
0.45444295
1.2214114e-05
0.5275591
0.41893798
0.0036724969
4.824064e-05
0.9999459
0.99246806
0.0016834706
2.4235673e-05
5.4249344e-06
0.99448544
0.000387271
0.99670345
0.41744387
0.54708576
2.3809207e-05
0.00023749303
0.9999815
0.99998903
0.99965465
0.5644683
0.41848963
0.99989235
2.544834e-05
0.00028210346
0.0013873924
0.9986142