0.44915286
0.91398287
0.3715242
0.46146578
0.40428722
0.048663676
0.052934613
0.88252294
0.41688213
0.79001385
0.20412344
0.056509174
0.059159815
0.37774673
0.8533568
0.05557461
0.047986913
0.77911186
0.030468903
0.44809237
0.70097315
0.06849218
0.3885596
0.04203428
0.03915222
0.06367008
0.4541142
0.82905525
0.3377453
0.8792629
0.048004042
0.3946945
0.7068721
0.39724225
0.36681497
0.33843666
0.4570718
0.7915467
0.9060573
0.8809121
0.047174543
0.42880502
0.05361917
0.37296024
0.05091335
0.045119822
0.4622978
0.7401298
0.053948637
0.881852
0.7873513
0.05804101
0.9197411
0.8544297
0.45686063
0.05190051
0.457905
0.032798935
0.054602686
0.06532346
0.4680434
0.88366395
0.46531016
0.3869157
0.78631496
0.7679174
0.4676019
0.0441101
0.7385496
0.46488047
0.90824693
0.048983887
0.7593192
0.42690325
0.121213295
0.044759702
0.045826163
0.46556655
0.40800917
0.37836972
0.0526602
0.04603613
0.3969462
0.83070624
0.86876345
0.05335891
0.46816936
0.93236226
0.8554247
0.7081094
0.04678508
0.058951195
0.8920969
0.82718277
0.10100999
0.037230376
0.82959473
0.7808639
0.8750757
0.8687583
0.38778684
0.38314584
0.059048038
0.054647192
0.38418916
0.06778979
0.042107422
0.79260457
0.80805266
0.9047421
0.03846308
0.3854141
0.7779453
0.0972137
0.40662414
0.04055019
0.07705706
0.030140532
0.8855502
0.7130671
0.8211048
0.8423455
0.06497202
0.90711075
0.058234468
0.85168904
0.06146163
0.06621928
0.06826654
0.79534966
0.8106337
0.79379153
0.039844777
0.84684676
0.052095685
0.05489099
0.44216755
0.893039
0.40751585
0.0812028
0.8732199
0.071248844
0.7837204
0.054150816
0.7810523
0.049991805
0.034134258
0.4048001
0.075128116
0.058248878
0.8853431
0.79272085
0.36010763
0.05310469
0.032426238
0.3562402
0.92099917
0.037782956
0.05295554
0.8570702
0.8646036
0.8352698
0.4319439
0.87605816
0.8463092
0.065407895
0.46938318
0.45627645
0.05180629
0.050070852
0.059709053
0.34281254
0.060644437
0.5608122
0.048292376
0.05720364
0.043761544
0.96252674
0.053306535
0.058396865
0.4179165
0.042670842
0.054529402
0.9090824
0.775951
0.8482301
0.3805348
0.39453694
0.049860023
0.87156975
0.04803556
0.8951325
0.91020477
0.85687304
0.04995293
0.068737306
0.40828687
0.8315023
0.11464581
0.038754914
0.034731172
0.837298
0.85830957
0.8435502
0.87065446
0.8855369
0.046958003
0.8764086
0.035162345
0.04071468
0.3660883
0.3798864
0.8999517
0.0392583
0.42394233
0.37504977
0.061129566
0.4413064
0.048157707
0.057670597
0.06667222
0.9088682
0.042782955
0.049181536
0.07032215
0.8492319
0.80096346
0.029719695
0.3660559
0.041003674
0.8383097
0.42004758
0.4405966
0.37214732
0.4516941
0.38986614
0.80810934
0.8936042
0.08795307
0.049586933
0.04488954
0.046150763
0.91970193
0.79835635
0.7901474
0.043775175
0.38623962
0.024981696
0.35795557
0.42166504
0.9169508
0.04650827
0.8013154
0.31979948
0.047672033
0.062053327
0.86802953
0.82590425
0.8758461
0.88339114
0.87529093
0.043202993
0.87469566
0.8439273
0.75556684
0.038316414
0.04818579
0.049826156
0.44431743
0.8540301
0.38077566
0.52590245
0.052347213
0.044536866
0.79627246
0.4329421
0.44124633
0.05756338
0.8478831
0.858079
0.91091096
0.918836
0.11599069
0.06948005
0.8783903
0.7984302
0.376709
0.90572757
0.03614519
0.3609159
0.45655498
0.90374744
0.46281525
0.039594185
0.80587286
0.030148933
0.553615
0.8230073
0.06639414
0.86062014
0.3647308
0.056553375
0.7173569
0.8184505
0.9568087
0.06726507
0.46094748
0.029608289
0.9057747
0.050737817
0.06700632
0.46385828
0.86184126
0.87193674
0.8697193
0.06639988
0.06906498
0.044892136
0.82614106
0.072808705
0.039449442
0.10526228
0.039084647
0.034152128
0.8930778
0.46192765
0.039012328
0.06268817
0.39045256
0.80678463
0.45324516
0.03881838
0.8231053
0.889724
0.63797206
0.38762656
0.9001476
0.8919044
0.041750256
0.04729375
0.055633117
0.04624068
0.87778807
0.4069909
0.8700019
0.7330191
0.69567984
0.86368537
0.9195968
0.8759518
0.81564397
0.037176635
0.8887513
0.40918657
0.8272851
0.04342898
0.06383835
0.46264607
0.87670374
0.46781614
0.046850853
0.82584476
0.07741304
0.047283266
0.07797891
0.37176618
0.77903134
0.04671268
0.038513802
0.4136177
0.33613715
0.04506114
0.91702086
0.046656806
0.047080338
0.038973678
0.8638774
0.7246669
0.0478742
0.042174283
0.83463895
0.8547412
0.7675269
0.09156136
0.1974941
0.8119217
0.9203754
0.4229415
0.028401854
0.8949417
0.46962917
0.037000053
0.060820427
0.23103456
0.41190094
0.9071225
0.8087145
0.05814504
0.05922592
0.04566892
0.053263012
0.72769934
0.88006455
0.40768805
0.42834258
0.39340428
0.86173785
0.88119256
0.872154
0.35222712
0.7910733
0.36321396
0.8204346
0.868061
0.045405865
0.04097277
0.83401126
0.043363802
0.916896
0.0739815
0.041488785
0.37700248
0.054147813
0.06318048
0.82989067
0.919361
0.855092
0.399514
0.045334972
0.057675272
0.05011319
0.83736277
0.38785654
0.42101604
0.037130356
0.044793252
0.8529697
0.46074665
0.81013715
0.36864877
0.038355112
0.033460405
0.055151533
0.8296641
0.8910048
0.061347026
0.8611482
0.8376216
0.38932243
0.90687215
0.835348
0.36990017
0.73156697
0.04605979
0.43636185
0.0706862
0.87526035
0.77313477
0.04393226
0.041721556
0.8524948
0.9001954
0.04525533
0.6866516
0.063169315
0.877385
0.8672295
0.4281164
0.056623027
0.058882505
0.39175028
0.05005872
0.86758703
0.4673354
0.061398614
0.85105973
0.79249614
0.044493504
0.9167293
0.036147326
0.049804658
0.37581238
0.35572812
0.88806635
0.05713689
0.041951865
0.03964572
0.89829314
0.8288109
0.37619555
0.4536517
0.74889195
0.9024208
0.829674
0.31850082
0.34018958
0.9360491
0.04606488
0.043134943
0.46639633
0.39576533
0.8862676
0.053183775
0.06486078
0.792123
0.84758455
0.043022536
0.40170917
0.047498368
0.63272464
0.04546993
0.7280358
0.04911836
0.8895316
0.40675712
0.32640433
0.46533757
0.18981647
0.041382145
0.054014042
0.4580551
0.46065164
0.048673328
0.81271875
0.90515965
0.74257666
0.37334692
0.04935402
0.8151229
0.04403539
0.75469375
0.41044313
0.1345627
0.40647405
0.06515666
0.04273739
0.054458313
0.3740845
0.05975014
0.46290892
0.4074978
0.8761552
0.381113
0.83518165
0.3846674
0.049743686
0.044059772
0.06323148
0.061088342
0.86648333
0.056778774
0.06886054
0.38676608
0.84882945
0.9319093
0.4068989
0.06018725
0.044698924
0.04995884
0.8584303
0.043899976
0.8677483
0.41796443
0.38529825
0.8771145
0.035957843
0.8226227
0.88007164
0.062421672
0.77510786
0.8355645
0.045008134
0.4619991
0.050252106
0.9308911
0.81791145
0.9019394
0.8500679
0.8462541
0.039700873
0.06327008
0.048654404
0.041776184
0.0484157
0.9461051
0.6457821
0.046589404
0.45035535
0.04914888
0.8811475
0.14331996
0.07168069
0.21255459
0.40421966
0.46197796
0.052890416
0.06223138
0.04849114
0.9343356
0.07456147
0.9120045
0.8691916
0.785944
0.07071618
0.8489568
0.0569304
0.37896737
0.35256398
0.07376927
0.46662182
0.038673144
0.72069097
0.05261314
0.8302843
0.43188262
0.06994022
0.036951195
0.049828153
0.8148609
0.854161
0.82580173
0.38289043
0.05874459
0.7818649
0.44675347
0.88718385
0.051557597
0.7674464
0.71838665
0.41896737
0.07031874
0.393187
0.8592099
0.88187635
0.07327885
0.90192646
0.85215855
0.054141037
0.043395154
0.04053774
0.8801169
0.11850374
0.68995416
0.8740984
0.050454423
0.04203115
0.045877524
0.12334235
0.46739265
0.8134692
0.856123
0.7829441
0.41288155
0.44936088
0.070869654
0.88428855
0.7503913
0.84832865
0.045096204
0.038218953
0.39411664
0.036788758
0.877143
0.7417962
0.05534109
0.75826675
0.032170024
0.039978135
0.85156953
0.40735888
0.46460342
0.90139645
0.0707226
0.74824035
0.8257449
0.8768034
0.44699708
0.04352948
0.8873796
0.75052065
0.66132826
0.055068277
0.69773835
0.8669998
0.8113695
0.863088
0.8381646
0.89283764
0.8679354
0.06973498
0.062036946
0.74782765
0.037269324
0.17892912
0.034669854
0.036609977
0.051153004
0.058646064
0.8438223
0.44325912
0.34606245
0.4660802
0.89803773
0.02945765
0.03840224
0.8722421
0.06394085
0.87550706
0.8888215
0.4615967
0.43847623
0.83984727
0.06368357
0.21865515
0.8825566
0.39736173
0.051804367
0.84107685
0.052108094
0.6069932
0.063321844
0.049353104
0.7428981
0.046518788
0.06716661
0.050088674
0.07104153
0.42241424
0.06874998
0.044807497
0.75802314
0.873851
0.36298895
0.034708392
0.85346425
0.064830974
0.048254475
0.868007
0.46957353
0.036855847
0.45212588
0.36813924
0.8096334
0.054735452
0.98612034
0.42118564
0.047102503
0.37160775
0.17023255
0.41998973
0.045910858
0.048434764
0.05066989
0.73202485
0.43967423
0.05911807
0.85349864
0.048365008
0.03543899
0.3824624
0.030434124
0.82221556
0.46630755
0.7810062
0.06849855
0.19468434
0.0567288
0.7665489
0.066295445
0.87721205
0.055163637
0.20201735
0.4559249
0.0694038
0.0476259
0.81459296
0.8726204
0.3927887
0.8665199
0.044220027
0.05685991
0.8388773
0.71072066
0.49751568
0.045904227
0.9003105
0.8492001
0.45764574
0.8725525
0.040009458
0.88537896
0.8176883
0.89076126
0.07871063
0.05098436
0.04134121
0.4117932
0.064057656
0.88502485
0.04832335
0.9082442
0.3607415
0.74136835
0.91941327
0.06047049
0.048776146
0.044624485
0.4348995
0.860877
0.85309356
0.904208
0.46762162
0.46623084
0.7047943
0.03883452
0.35990888
0.7389962
0.726481
0.041463807
0.8497427
0.23182464
0.892758
0.85463035
0.04807965
0.057230122
0.85547256
0.900936
0.046188824
0.509795
0.38476077
0.8756028
0.032508332
0.054586858
0.8811143
0.8164055
0.4131836
0.8107007
0.82645714
0.033478685
0.071624674
0.09128515
0.85916513
0.9074737
0.39597192
0.8945152
0.46463573
0.86639476
0.91627413
0.8233867
0.060295217
0.09774538
0.83320534
0.040582955
0.061299972
0.05478726
0.790031
0.04330086
0.063353084
0.039284695
0.4088768
0.8769154
0.37466025
0.87315464
0.0554786
0.4663864
0.041486897
0.39883724
0.18015274
0.11190796
0.031945363
0.061482273
0.44196877
0.4095306
0.8233967
0.049490303
0.88776964
0.37990403
0.07690021
0.035957012
0.42961907
0.46414912
0.39549264
0.6283757
0.07142415
0.39704266
0.03449356
0.4562164
0.38365132
0.40521157
0.40941486
0.4062169
0.9354031
0.051242594
0.85100687
0.8496941
0.7450826
0.7436548
0.06380027
0.8156504
0.8740781
0.43963948
0.06382576
0.8634646
0.44229165
0.945625
0.43426296
0.07436288
0.46457058
0.8583186
0.40423056
0.8414693
0.053227376
0.05705168
0.056102872
0.4163634
0.86941427
0.46274433
0.4046925
0.6634911
0.8712077
0.04406368
0.89849144
0.88127166
0.8011941
0.8084362
0.84274083
0.39064997
0.07322304
0.8821205
0.41560957
0.8421334
0.3864262
0.8483843
0.4616669
0.81656355
0.91171324
0.20807895
0.46613556
0.89049894
0.047589146
0.8745174
0.03499969
0.05934962
0.0429043
0.050586168
0.40908137
0.05539485
0.4678565
0.46159184
0.88632876
0.057392925
0.7799686
0.740672
0.054777164
0.0673186
0.85765177
0.79445416
0.31937984
0.7854282
0.87467873
0.8739343
0.049175475
0.9013151
0.07880801
0.8560807
0.057984523
0.072767965
0.3711954
0.8403777
0.04987074
0.91741794
0.3716432
0.8520787
0.3976227
0.05624351
0.79499483
0.8904116
0.052989718
0.88701206
0.85323936
0.05705197
0.7474657
0.067189395
0.061714426
0.35870788
0.39564463
0.734232
0.44130388
0.4566384
0.4620896
0.757675
0.41670644
0.46171072
0.05049301
0.74094677
0.37804103
0.40736094
0.06008285
0.059789196
0.887259
0.40940893
0.4573037
0.049594317
0.84108937
0.49489892
0.053338464
0.87598634
0.055040494
0.40166372
0.7722647
0.16110311
0.061215773
0.8248405
0.8811986
0.39399788
0.41349867
0.45589468
0.03200784
0.3907375
0.8787173
0.3429623
0.41468474
0.063134395
0.038281754
0.36783132
0.3834187
0.36179563
0.82703924
0.8240611
0.78257537
0.049186822
0.3989461
0.8520651
0.0771576
0.03976627
0.5956553
0.059410658
0.86671466
0.9148375
0.8856121
0.864036
0.044547923
0.050962884
0.7396549
0.89465433
0.8569291
0.8229854
0.46629927
0.3868296
0.8518785
0.050000273
0.8620521
0.84226817
0.064986505
0.050601512
0.050721455
0.038920704
0.81510997
0.8149411
0.73904586
0.06120427
0.87670106
0.0468453
0.4662692
0.062710814
0.8365826
0.8340212
0.7936832
0.8777989
0.84643006
0.07101161
0.38380364
0.056314167
0.8488596
0.83754694
0.46256122
0.060967322
0.9159091
0.89703476
0.4666777
0.07041958
0.8623158
0.04911285
0.83870465
0.77305835
0.8513781
0.050596967
0.3823779
0.880969
0.05217952
0.05395272
0.055003256
0.88576096
0.040563095
0.4665393
0.8018382
0.74037987
0.037276786
0.05462742
0.87428737
0.90083706
0.07585605
0.86375934
0.45564258
0.057953194
0.049200203
0.044707093
0.07553353
0.8895639
0.39847007
0.050112452
0.7698502
0.8046116
0.04346998
0.12153264
0.855672
0.057178006
0.81284904
0.058595587
0.04858679
0.052016515
0.052447014
0.8097507
0.046769273
0.044278953
0.84449255
0.07712229
0.05307154
0.46601942
0.42652497
0.033306565
0.07939028
0.397847
0.40613854
0.81000453
0.86535
0.88286483
0.053320978
0.8027146
0.031498276
0.855578
0.05893349
0.9045095
0.84778816
0.869783
0.82484716
0.069323584
0.06962516
0.38744846
0.6961176
0.4073933
0.7157187
0.57043546
0.5047671
0.4127619
0.744466
0.64632815
0.39514747
0.7914314
0.6876265
0.8771723
0.4640364
0.86996007
0.04284458
0.038814966
0.81467396
0.036056288
0.048043825
0.05305635
0.04726632
0.7735668
0.8347747
0.9024705
0.89032006
0.046429627
0.90707797
0.038141716
0.049671024
0.13068815
0.80263376
0.05493328
0.062442534
0.385329
0.86146307
0.18822265
0.4055293
0.06717944
0.04270342
0.037409358
0.06432671
0.06551679
0.8314457
0.04896898
0.885253
0.25728637
0.4177974
0.040982906
0.86704963
0.42619804
0.0644227
0.056700993
0.85680366
0.84438485
0.04556568
0.0660684
0.040089093
0.39527872
0.7630033
0.89626986
0.10195844
0.86316127
0.74438614
0.8382345
0.039603278
0.8638386
0.06569349
0.06340234
0.45090386
0.8295274
0.07009258
0.38789263
0.81352603
0.064674616
0.04865115
0.059569664
0.039434448
0.88627726
0.8615992
0.059078906
0.35294113
0.92842996
0.046722602
0.6513884
0.81311107
0.050707612
0.09227611
0.8999009
0.055370256
0.03489158
0.82542115
0.40387577
0.8737943
0.062449407
0.06249474
0.052096147
0.032329425
0.12638555
0.8253303
0.41478014
0.065591015
0.375971
0.87325025
0.46746045
0.8008887
0.45934802
0.057991765
0.064597584
0.8535061
0.062096592
0.39718625
0.04142313
0.3622683
0.84314865
0.40541583
0.17136954
0.88780344
0.41924718
0.056814067
0.42129767
0.79518867
0.8206383
0.053336848
0.8279639
0.05411319
0.3874652
0.7043732
0.86896724
0.07360638
0.45372492
0.8611702
0.055658814
0.05414886
0.88524294
0.056785204
0.89745903
0.05934892
0.797632
0.38679436
0.05743628
0.8331997
0.039869048
0.045793857
0.4389301
0.87617886
0.05911917
0.16178903
0.89043504
0.45567372
0.8464493
0.88472784
0.46742672
0.78857666
0.46304303
0.059689216
0.880175
0.06586605
0.34511095
0.03811347
0.08512849
0.9532799
0.06193464
0.8109421
0.466718
0.065742694
0.060064018
0.047742646
0.06011496
0.8560352
0.044674665
0.84106624
0.052144527
0.4068473
0.46375385
0.8615961
0.8793116
0.78576857
0.048373044
0.73755133
0.05438926
0.056174807
0.07309019
0.060728673
0.05065313
0.88426113
0.3929898
0.398889
0.056929838
0.43092746
0.8186577
0.86266625
0.8569702
0.85675526
0.8616297
0.73245037
0.7834891
0.8694026
0.04199714
0.8340067
0.4679454
0.053998522
0.4610176
0.86695546
0.04879536
0.840566
0.07575889
0.46821263
0.8479349
0.8971942
0.46473452
0.46754107
0.8635966
0.07297678
0.03988701
0.043793444
0.073461786
0.4095457
0.18974946
0.051572673
0.87142545
0.78914946
0.78676206
0.40741512
0.38615003
0.08237818
0.41540718
0.37702322
0.43639618
0.053736724
0.79235643
0.23453781
0.8287054
0.05635247
0.52720815
0.8856852
0.8556598
0.46499574
0.05217629
0.77356
0.04983483
0.73740584
0.0414503
0.06845447
0.059491076
0.40828702
0.91894585
0.058421098
0.037518285
0.46284252
0.8599641
0.45815575
0.03430993
0.79814637
0.750562
0.9823599
0.049867895
0.047042746
0.84081227
0.05492708
0.05926028
0.37050542
0.46069413
0.45434588
0.40089154
0.03554945
0.890293
0.4515972
0.060518138
0.46729255
0.394645
0.16233759
0.054133467
0.86635107
0.8304827
0.047377307
0.061125875
0.026074832
0.79282695
0.056424562
0.7540094
0.40513146
0.45798063
0.055979323
0.04918243
0.8601225
0.88622063
0.87905425
0.46454155
0.42240286
0.8843082
0.07023902
0.038309824
0.037344173
0.852327