0.58130527
0.99968934
0.43011963
0.61679107
0.43060192
9.2524824e-05
0.0001979776
0.99895203
0.43087173
0.8396968
0.05083797
5.1132185e-05
2.11239e-05
0.4360211
0.9962574
1.5664895e-05
4.0396313e-05
0.92806643
1.739727e-05
0.5549851
0.95652634
5.8782778e-05
0.43058178
1.3079922e-05
5.227404e-06
0.00072733883
0.53969777
0.9486033
0.4354627
0.9431096
8.317356e-06
0.43113077
0.46130183
0.4313206
0.4308451
0.3095218
0.5529266
0.98442763
0.9970085
0.99634475
7.963356e-06
0.40561035
0.00033157755
0.41370347
2.5979396e-05
2.3969958e-05
0.6026595
0.9446949
1.5660236e-05
0.9796673
0.99662614
2.8104594e-05
0.9991767
0.99958414
0.55184317
1.3630162e-05
0.5791892
1.5104555e-05
2.133382e-05
3.846524e-05
0.63089895
0.9990107
0.60675967
0.43034852
0.9529849
0.7792623
0.6134514
0.0001524466
0.9808703
0.60002154
0.9994892
4.0314033e-05
0.9863544
0.21935356
0.0015624885
7.792214e-06
8.138832e-06
0.59107095
0.43024698
0.41854066
3.7300535e-05
4.7394235e-05
0.43060538
0.9849268
0.9997166
7.09304e-05
0.58344275
0.99938047
0.99967396
0.99615026
1.6830372e-05
4.3831613e-05
0.99872524
0.94999254
0.012458891
0.0020436223
0.9991117
0.9296477
0.99794286
0.9998487
0.43069997
0.4307423
4.31101e-05
7.652278e-06
0.41638207
0.00023249988
1.1817889e-05
0.978336
0.99904567
0.9997664
0.00010678803
0.42636245
0.9994904
9.957571e-05
0.4309227
2.570013e-05
3.5137564e-05
0.00027286157
0.9988469
0.911004
0.9993686
0.99894327
0.008414526
0.99983096
2.1129885e-05
0.99996734
0.00014412141
0.00056295615
1.0519506e-05
0.9715587
0.9982529
0.98593706
0.00014274157
0.9759486
0.00021302074
4.4032204e-05
0.5930044
0.99982435
0.43060648
0.00044321676
0.999708
1.2619613e-05
0.97141784
1.3628393e-05
0.9916477
0.00014928721
1.3431294e-05
0.3876164
0.0087183295
0.00022903955
0.99540126
0.9946719
0.4044185
0.0002643006
3.706889e-06
0.32031766
0.99970704
1.0769774e-06
3.5237722e-06
0.6088079
0.99849176
0.99825627
0.62202954
0.9844663
0.99617416
2.2191432e-05
0.6556085
0.59388524
1.2654574e-05
7.2660305e-07
3.0402707e-05
0.43065235
0.00010993746
0.1001074
7.187117e-05
0.00053962774
0.00012218764
0.9998914
0.00010989889
1.38581445e-05
0.16675258
1.7277314e-06
0.00025150744
0.99956244
0.9410486
0.99410915
0.4215071
0.43057993
0.000114423136
0.94161636
1.8351817e-05
0.99021286
0.9990902
0.99812883
0.00023368288
0.0011652019
0.43063354
0.99312407
2.424296e-06
2.753964e-06
0.0016573729
0.9990484
0.99981934
0.9984388
0.9989563
0.99981755
7.867303e-05
0.99578625
4.7816295e-05
0.0026826703
0.42894772
0.43085396
0.9842795
0.00020230161
0.4305719
0.43061855
6.276123e-05
0.036556542
3.421882e-05
0.00013563041
0.0047594197
0.9995901
2.6706553e-05
0.00048460858
3.052909e-05
0.99891067
0.9884008
1.2524098e-06
0.42469046
2.9393307e-06
0.9972378
0.43082088
0.04308844
0.43083188
0.5697744
0.4336152
0.9998958
0.9998698
0.00036491815
2.3531447e-05
0.00033263312
0.00016722662
0.9999373
0.9803587
0.9840912
1.3182231e-05
0.4308979
1.8326562e-05
0.43071488
0.16205445
0.99058527
8.976078e-05
0.9103515
0.22526406
4.8418688e-06
0.00012332977
0.9954894
0.86066514
0.9945241
0.9993274
0.9964324
0.00013870912
0.9979978
0.9894866
0.5057115
0.0005188994
4.022893e-05
3.5815954e-06
0.89459276
0.9918426
0.43345502
0.5709338
0.0001666922
0.0002072073
0.9004409
0.3646302
0.017066797
6.837441e-05
0.9971227
0.99272645
0.99749136
0.9998716
0.0013792509
1.6297636e-05
0.9995851
0.99939775
0.4091387
0.98971504
7.792764e-06
0.4305808
0.8972228
0.9991372
0.53072166
9.284355e-06
0.9996351
3.7610723e-06
0.44672993
0.9937827
0.0006526066
0.8896727
0.43064833
3.3372085e-05
0.34668404
0.995288
0.9996438
0.00019014282
0.5938644
0.00034596687
0.9997936
4.5713073e-06
1.2791109e-05
0.4304856
0.998744
0.99848443
0.9972012
2.2859891e-05
6.8914116e-05
0.0001885839
0.92212915
1.3978428e-05
1.8134453e-05
8.653405e-05
1.9842693e-05
7.3171304e-06
0.9955499
0.5773458
0.002078806
0.027987596
0.43072358
0.9772085
0.92097723
3.9539034e-05
0.9980247
0.9995067
0.7228348
0.43072924
0.99910456
0.9986456
6.7048815e-05
3.9399165e-05
4.3123095e-05
1.0630844e-05
0.99866545
0.41366753
0.99888057
0.45644757
0.2751323
0.89184797
0.99963677
0.99813026
0.99359554
4.0087552e-06
0.9998957
0.42972612
0.99750876
3.3280747e-05
6.02909e-06
0.61039054
0.99990916
0.64720494
0.00019183951
0.79370236
0.025111252
5.3139224e-06
0.00019092383
0.42977372
0.9818963
9.363832e-06
1.1296305e-06
0.4306139
0.43056485
1.528139e-05
0.9994116
9.689147e-05
4.3465257e-06
2.184883e-05
0.99421763
0.9022285
4.71548e-06
0.0006204821
0.98030543
0.6730533
0.7941175
0.0024631768
0.044425167
0.87352145
0.9977448
0.42186308
2.3749112e-06
0.9948441
0.6282925
1.9020628e-05
2.3929259e-05
0.00030730476
0.43070567
0.9984933
0.97816944
4.868941e-05
7.1746135e-06
0.00043481676
0.00012404828
0.84665877
0.9980276
0.37139666
0.54266787
0.43965423
0.9694286
0.95041114
0.9937856
0.4308222
0.9635487
0.43059358
0.95838434
0.9999697
4.545325e-06
2.179038e-05
0.97921133
4.6529713e-06
0.9989932
4.188385e-05
3.7579674e-05
0.4078573
4.2638467e-06
8.9779365e-05
0.9748014
0.9991327
0.9981495
0.4317519
1.693228e-05
0.00011546736
8.4961e-06
0.9957431
0.42924166
0.11187843
0.00030448032
1.0186751e-05
0.99955016
0.54481167
0.9677911
0.40058646
1.9210463e-06
0.0005409499
2.1140952e-05
0.99517834
0.9989102
0.00024643532
0.9822665
0.98358613
0.43060055
0.9998149
0.99853635
0.43084788
0.82242763
8.5369946e-05
0.5585787
6.718713e-05
0.9993148
0.99004304
1.3804565e-05
1.9254214e-05
0.97972167
0.9997508
1.515537e-06
0.96944326
0.00024454878
0.99953854
0.9932296
0.022110227
7.630126e-06
0.00020729542
0.4306316
9.651053e-05
0.9987105
0.6124273
8.190884e-06
0.9723938
0.9582753
4.6687397e-05
0.99837226
6.839625e-05
0.000281265
0.4009453
0.4306137
0.9861855
1.3544525e-05
1.3611548e-05
1.7620696e-05
0.9986609
0.99653983
0.43068108
0.5089182
0.87988156
0.9999168
0.99596393
0.43089542
0.4521486
0.99998367
0.00010170827
4.2222684e-05
0.52537334
0.4266198
0.9995435
0.0007237842
1.8974737e-05
0.98492163
0.9994593
1.8979768e-05
0.43272635
6.100734e-06
0.12510905
0.00024562157
0.97404623
1.05050185e-05
0.9996983
0.43029332
0.42731375
0.6241625
3.374103e-06
5.214861e-06
3.9186183e-05
0.68808305
0.008866803
8.0832164e-05
0.9966202
0.99869895
0.9110413
0.43058854
5.643551e-06
0.97312397
0.00011972273
0.99776137
0.43102047
0.040112935
0.42718634
1.6664828e-05
1.4985477e-06
1.0956853e-05
0.43097305
5.0765648e-05
0.5954596
0.43061268
0.97531873
0.43076327
0.7757807
0.4314504
0.00026115746
3.199211e-06
7.26413e-05
3.5356825e-05
0.9966011
0.00010053457
1.935899e-06
0.4308264
0.999368
0.99988234
0.43057838
1.8365596e-05
1.5330143e-05
0.00014860563
0.997733
3.4075265e-06
0.9989874
0.27658272
0.41374722
0.99435776
5.66235e-05
0.99638075
0.999561
1.032554e-05
0.99265254
0.9698805
8.976789e-05
0.5929626
1.711188e-05
0.99972314
0.99271613
0.9999505
0.91184485
0.9733622
1.7623337e-06
1.2374386e-05
0.0007424605
6.4627416e-06
0.0006741921
0.9990569
0.018847065
0.00020561865
0.8219331
0.00022711178
0.9972199
0.0016213553
1.1958983e-05
0.041251846
0.28160197
0.6067769
4.3300992e-05
0.00013239449
2.484363e-05
0.9983767
4.787153e-06
0.9958572
0.9947299
0.9490463
6.6067514e-05
0.9169954
1.5746045e-05
0.43124333
0.4309272
2.3511573e-05
0.5943278
7.2791765e-05
0.4974801
3.316554e-06
0.97112167
0.36350816
6.113844e-05
0.00032369714
2.5681845e-06
0.9900309
0.9995276
0.9768176
0.4274747
0.0021477493
0.88981766
0.47824192
0.9998783
5.2325617e-05
0.9473253
0.61182284
0.4305985
2.7940192e-05
0.42375508
0.99835557
0.9996431
0.019329222
0.99745697
0.98812205
0.0007904484
0.00014128385
8.662877e-06
0.99193734
0.0018394811
0.93585676
0.9964462
3.390019e-05
3.3967838e-06
0.000286795
0.0028117076
0.614422
0.9244418
0.9989347
0.99898475
0.43124336
0.71332526
0.008707585
0.9817915
0.99977714
0.9993311
5.0481117e-06
5.0504514e-05
0.4308743
1.2101671e-05
0.9939023
0.44109938
0.00029198267
0.8407547
1.9961417e-06
1.1210193e-06
0.9679281
0.42555282
0.5537452
0.9989459
3.7018217e-05
0.94696295
0.88564277
0.9999181
0.038428493
1.1498395e-06
0.9997234
0.97517675
0.81932384
4.6494788e-05
0.702498
0.999856
0.99085695
0.9995852
0.9979232
0.9912142
0.9980191
0.001434682
1.9796216e-05
0.8752442
4.140799e-05
0.14013846
0.00031772893
2.2538932e-05
0.00013494464
1.8209386e-05
0.99639446
0.17739816
0.4305911
0.5633362
0.9990484
4.803755e-05
9.282586e-07
0.99884474
6.8094865e-05
0.9981675
0.9988392
0.62126297
0.49334595
0.9973578
1.1212984e-05
0.0045044655
0.99345183
0.43075424
4.0436702e-05
0.99881434
6.477081e-06
0.118921384
8.096578e-05
2.739611e-05
0.61600715
1.9318877e-06
1.175509e-05
2.3456705e-05
4.5717494e-05
0.4301591
1.4488064e-05
0.0006885834
0.97242844
0.9997428
0.365356
7.5507965e-06
0.9925759
3.534718e-05
5.8663436e-06
0.99711037
0.57031715
4.2358897e-06
0.56236345
0.4308364
0.99779594
4.6716923e-05
0.9999732
0.003228454
2.9382652e-05
0.40532544
0.3024915
0.430655
1.5511585e-05
8.9818146e-05
1.4658674e-05
0.99631786
0.52602106
1.8416686e-05
0.9171055
4.265315e-06
8.012429e-05
0.4307875
3.9182423e-06
0.987323
0.6067219
0.8873949
1.1910884e-05
0.3140666
0.00076913426
0.9663317
0.00011604664
0.9989165
0.0001577016
0.37785295
0.6704178
3.4041208e-05
1.8184754e-06
0.98550504
0.99156004
0.43252283
0.9994992
0.000111638925
0.00026256003
0.98740745
0.44956762
0.012489559
6.003443e-06
0.9980617
0.99991596
0.5832003
0.99914813
8.462459e-05
0.9998598
0.9866217
0.9990545
1.128924e-05
0.00025202593
3.302931e-06
0.41652456
1.382397e-05
0.9981793
1.9184801e-05
0.99813783
0.43058708
0.9047141
0.9998265
3.4437795e-05
3.5330904e-05
2.500135e-05
0.48058957
0.9639216
0.99567044
0.99967074
0.66046166
0.5647746
0.9560187
8.981894e-06
0.4306544
0.91530883
0.7504641
1.5897413e-05
0.9989503
0.9992866
0.9999908
0.9998006
2.7237436e-05
0.000105126484
0.9942016
0.9996872
7.701945e-05
0.07602873
0.43007082
0.9996656
2.9378064e-06
0.00028173844
0.99914765
0.9753701
0.10574124
0.99041325
0.9940427
5.4875313e-06
2.0887166e-05
0.00010519809
0.99920267
0.99993825
0.43113604
0.99989593
0.54511154
0.9998153
0.9993224
0.98949265
0.00025395802
0.0062648603
0.992886
0.00012579154
0.0002204638
6.9414724e-05
0.96640813
1.3862012e-06
2.3552822e-05
8.128507e-06
0.43111044
0.99729353
0.43004063
0.9893121
0.00012227902
0.6142584
9.5741845e-05
0.3882775
0.018167024
1.8079954e-05
1.6558435e-05
2.1902737e-05
0.09251817
0.43066195
0.9804718
4.2756556e-06
0.99968743
0.42254797
0.001828197
0.0004569451
0.041877188
0.59763473
0.4307396
0.016640302
0.0015572358
0.4272992
6.739684e-06
0.651076
0.42630425
0.55604106
0.43060264
0.43342745
0.99998367
1.6330589e-05
0.9992674
0.9972192
0.94301164
0.97860044
2.7176904e-05
0.9947143
0.99880445
0.055644117
8.3022445e-05
0.9983005
0.008638754
0.99970824
0.35323456
2.9633917e-05
0.5519209
0.9907849
0.4306906
0.9947832
2.2123306e-05
0.0006748228
0.00013402032
0.0035576425
0.9985159
0.5777954
0.43083033
0.63510615
0.9924367
8.293475e-06
0.99576676
0.9949852
0.9861574
0.9739974
0.98843306
0.43056706
2.1940932e-05
0.9982589
0.4302355
0.9936149
0.43107086
0.99994206
0.59494096
0.9782825
0.99972683
0.30636907
0.5693776
0.9992473
6.2146732e-06
0.999438
3.3537923e-05
1.1746696e-05
5.760593e-05
3.102241e-05
0.4306275
0.0014212399
0.59860015
0.55215687
0.99639976
3.328757e-05
0.9696576
0.6693775
0.00010369381
1.691096e-05
0.99733907
0.9968035
0.4305343
0.9854871
0.99339914
0.99499714
2.9517807e-06
0.9948813
0.00011556374
0.98282146
0.00027068195
3.2316722e-05
0.4154956
0.9784849
5.598431e-06
0.9980471
0.40631098
0.99034834
0.43075025
4.7166137e-05
0.9515355
0.99102426
7.5468583e-06
0.999931
0.9999502
9.543252e-06
0.98482496
0.00047038568
1.701282e-05
0.43092224
0.41900685
0.40250495
0.020979721
0.64596945
0.53059244
0.9621592
0.42905173
0.65295905
2.6709511e-05
0.9742298
0.43069872
0.43112147
4.059214e-05
3.0469582e-05
0.99989974
0.43063
0.50517
2.152496e-05
0.9976019
0.59187174
3.2255823e-05
0.998601
2.0912657e-05
0.43039304
0.99077445
0.00023202863
1.7196968e-05
0.99715245
0.9995259
0.43023404
0.22231871
0.6750188
3.883793e-06
0.43023413
0.99707747
0.43095013
0.43085432
0.00015582403
2.0313337e-05
0.41318735
0.43060485
0.43077108
0.9926085
0.99949837
0.99541146
0.0014516962
0.43057233
0.9148112
9.0135785e-05
4.7667647e-05
0.8086113
8.508214e-06
0.99884295
0.9993838
0.9986964
0.99954623
1.2617988e-05
1.4552913e-05
0.9646868
0.99973434
0.9911876
0.98303705
0.6083418
0.42609572
0.9999882
7.587089e-05
0.986893
0.9992053
5.838267e-05
0.002231786
7.2465904e-05
4.351117e-06
0.92032087
0.99861443
0.9386495
0.0006594264
0.9999343
0.00013210243
0.6005089
1.5708983e-05
0.9900759
0.9937257
0.94182706
0.9988011
0.99755377
0.0012259352
0.4157759
1.0873027e-05
0.98527795
0.96033347
0.5664966
1.4361835e-05
0.9995092
0.9981001
0.6722733
3.4967554e-05
0.999655
6.660407e-05
0.9601474
0.99124664
0.99701405
3.9282995e-06
0.43108577
0.9980696
0.0008706843
0.0020343862
6.98277e-06
0.99901843
0.00015472397
0.02529912
0.9965618
0.8085835
0.00077940436
0.00013218005
0.6860643
0.9997495
2.892291e-05
0.9994742
0.53198826
1.0314429e-05
0.00012672314
0.00013555879
0.0002061247
0.9979634
0.4307667
0.00082423585
0.974964
0.99287546
4.0352228e-05
0.0005466708
0.9978362
0.00013040421
0.9292179
1.9894345e-05
6.752049e-06
0.0015905133
1.6623306e-05
0.93959665
0.0003055953
3.3206405e-05
0.99544984
2.687846e-05
0.00027608313
0.60306513
0.012831285
9.162207e-06
7.3431656e-05
0.4308943
0.43059832
0.9832601
0.99970824
0.9976888
6.311576e-05
0.99202275
2.0386087e-06
0.9993777
0.006546542
0.99986744
0.9969844
0.9998172
0.95659137
1.5318099e-05
3.606082e-05
0.43068781
0.8635002
0.43126088
0.14612025
0.4227358
0.34345353
0.43063593
0.9164248
0.60181564
0.43071187
0.9695864
0.72096294
0.9987388
0.54481703
0.99814844
0.00010468114
2.2483158e-05
0.9492949
6.7806736e-06
4.8983184e-05
9.326956e-05
0.00010562982
0.9231605
0.99845064
0.99993205
0.9949942
3.003995e-05
0.99976414
0.000231208
3.3117918e-05
0.0028766582
0.9395353
0.000106254556
9.139317e-06
0.42895544
0.9965677
0.025869714
0.43007955
1.5207884e-05
1.1666438e-05
1.902381e-06
9.00169e-05
1.2970797e-05
0.9907541
3.2340497e-05
0.9910467
0.3097427
0.43059292
1.4018259e-06
0.99799013
0.012041985
8.134253e-06
0.00070627703
0.99933165
0.9837652
6.7916953e-06
1.0372766e-05
1.215374e-05
0.4308771
0.82434255
0.9963768
0.00010662949
0.99914813
0.8091649
0.9992447
1.085233e-05
0.99672806
2.5076733e-05
0.00037444918
0.5659429
0.99947566
2.9235633e-05
0.43068457
0.9962697
8.41307e-06
0.00022751013
5.4748025e-06
0.00038465988
0.99988425
0.9950701
9.358145e-06
0.44282508
0.99962497
1.025776e-05
0.5430958
0.9965635
6.2499657e-06
0.000614764
0.9995072
2.206368e-05
8.270318e-06
0.9881109
0.4309802
0.99878997
1.4751597e-05
2.0875117e-05
0.0006262706
1.5019476e-05
0.026749816
0.99386084
0.4300236
2.6586715e-05
0.4312415
0.9990821
0.6943271
0.9842002
0.5047024
0.00075898896
2.2929104e-05
0.99605584
9.21644e-05
0.43056202
0.0013214244
0.43081704
0.98283684
0.4305854
0.03191398
0.999689
0.43071505
0.00029462943
0.18248647
0.99436116
0.9630086
4.137452e-05
0.96751785
1.6025915e-05
0.4191773
0.09746023
0.99909794
3.3617078e-05
0.6026342
0.99188447
4.2960797e-05
9.219632e-05
0.9997379
2.0443644e-05
0.9990676
0.00011050543
0.8893993
0.43075946
5.148059e-05
0.9899328
0.00014398419
1.2599891e-05
0.53791374
0.9885544
2.386299e-05
0.01028617
0.99462515
0.6613944
0.9937749
0.9925175
0.54210794
0.9979215
0.6254553
1.0443607e-05
0.9766069
1.28414895e-05
0.43099478
8.110341e-05
7.448744e-05
0.99987125
3.5410914e-05
0.99854726
0.6000741
8.817222e-06
6.941856e-06
0.0002438775
3.524896e-05
0.99825853
7.135999e-05
0.9966709
2.8810757e-05
0.43063474
0.5872517
0.86436796
0.99149686
0.90905
0.00013980687
0.9937953
8.70588e-05
2.5162688e-05
0.00014700796
0.0003183144
0.0006527061
0.6526747
0.42787763
0.43056604
4.93981e-06
0.019478293
0.9934835
0.9962568
0.9970674
0.99529725
0.9613749
0.8347333
0.97924906
0.999342
6.4574466e-05
0.6200918
0.6180076
4.4191383e-05
0.0764196
0.9986487
1.576236e-05
0.9966987
9.445682e-06
0.5757666
0.9993362
0.9997117
0.6318405
0.64884186
0.9990087
0.00048006471
1.7001727e-05
0.00024537276
7.151865e-06
0.3827406
0.2331845
2.7783877e-05
0.99979
0.9651926
0.9373164
0.4306444
0.43062332
0.0024842834
0.4305748
0.43031403
0.40667725
0.00010335471
0.9898106
0.24073203
0.97168523
0.00012033563
0.22812016
0.9993542
0.99028754
0.65899587
6.980024e-05
0.8275303
0.0003204782
0.977702
1.4741879e-05
0.0004064687
1.7830032e-05
0.430648
0.9971528
6.988583e-05
2.0102127e-05
0.54428434
0.99904007
0.65088737
7.1028585e-06
0.9940281
0.9053271
0.99995697
1.8341862e-05
7.697357e-05
0.9933634
0.00019652939
6.2381085e-05
0.43210098
0.52153736
0.5978982
0.4308384
6.6413544e-05
0.9958384
0.55316615
1.7119864e-05
0.5695154
0.4306935
0.12377953
7.626168e-06
0.99708205
0.994497
0.00015285985
7.640626e-06
1.5356114e-05
0.9807427
0.0023681836
0.997079
0.41987076
0.6451717
5.1039136e-05
3.8579416e-05
0.99673945
0.99910766
0.9993358
0.6571553
0.09703882
0.9862562
4.6366085e-06
1.4558524e-06
6.3819384e-06
0.48790765