0.5427742
0.99893254
0.43490645
0.54279155
0.43468642
0.0007324765
0.0006238543
0.99840385
0.4343488
0.9092232
0.0011492426
0.0012437524
0.0011975283
0.42647126
0.9970798
0.0007261089
0.002490052
0.4110157
0.00079862494
0.5412132
0.98043275
0.00092587655
0.43427536
0.0011163348
0.00015186278
0.00090207526
0.54060495
0.9559955
0.4362621
0.9854532
0.0010863179
0.43233392
0.30118883
0.43469337
0.43450764
0.43172035
0.54232883
0.9989843
0.9998336
0.99890757
0.00037848833
0.5404233
0.00045171005
0.43576697
0.0009717613
3.8287486e-05
0.5430856
0.96590906
0.000369364
0.9992501
0.9461247
0.001019029
0.9913489
0.99804425
0.5416104
0.00058286585
0.5425148
9.426681e-05
0.0004983178
0.00073686236
0.5450983
0.99374044
0.5438527
0.43464938
0.9332688
0.7128055
0.5450559
0.00034542274
0.95737296
0.54323626
0.9944959
0.00013998963
0.9872531
0.14060147
0.02294624
0.0005711897
0.00068791176
0.54386914
0.43512556
0.42883062
0.0028651294
0.0007293118
0.4306992
0.98691595
0.99915135
0.00054766407
0.5417515
0.999741
0.9997422
0.9363779
0.00062044687
0.0004921706
0.9963701
0.9645933
0.0019802717
0.004721158
0.99905294
0.89817077
0.9901456
0.9995283
0.4345785
0.43491066
0.000613593
0.000434412
0.43111262
0.0004077519
0.0007240536
0.96854097
0.99816847
0.99938357
0.00073074637
0.4349145
0.99600756
0.0010047341
0.4251677
0.0011414923
0.00041217092
3.0246401e-05
0.9988944
0.91138834
0.96053326
0.9977951
0.0009498395
0.99994755
0.00013209689
0.9999027
0.0004162494
0.0009928576
0.00068379845
0.9835269
0.99159545
0.9560362
0.00071777834
0.9958047
0.00052075
0.0006645236
0.43550727
0.99971503
0.4345971
0.0029376335
0.99983394
0.0007144868
0.9742498
0.0007195206
0.9925809
0.0008901423
0.00032803806
0.42794216
0.010841998
0.0014505023
0.98964673
0.9923558
0.4346691
0.0011442123
0.00092264294
0.42931634
0.99975365
0.00033157784
0.0006316939
0.9713079
0.99864894
0.99681985
0.8406942
0.9967944
0.9966599
0.00018409571
0.545465
0.54204977
3.5176192e-05
0.0006533854
0.0003543041
0.4334431
0.0007539669
0.30575067
0.00066848315
0.00093796675
0.00027485008
0.99961674
0.0006478118
0.00039762852
0.30878684
0.0005036862
0.0013613261
0.9981741
0.9671381
0.9849664
0.43268037
0.4343748
0.0007738796
0.9637472
0.000398011
0.99852234
0.9979068
0.99745065
0.0006686453
0.0016925224
0.43474525
0.99032927
0.0005657282
0.0010362255
0.0006053861
0.98747385
0.99925846
0.99948114
0.9933215
0.99986243
0.00037647903
0.9912985
0.0005632358
0.0012417578
0.4330196
0.4299707
0.99829775
0.0024290022
0.43398488
0.4345618
0.00022438556
0.2579805
0.00028924661
0.00065744563
0.039739005
0.99992394
0.0021535535
0.0005289771
0.00064343965
0.99771106
0.94441324
0.0012392275
0.43605867
0.0002696007
0.9926866
0.43445867
0.3222191
0.43455294
0.5411797
0.42140806
0.99986386
0.9999511
0.0014203847
0.00073643343
0.0013447251
0.00039299767
0.9995178
0.97547126
0.9843464
0.00036417373
0.43420604
0.03813929
0.43383706
0.31883422
0.9998363
0.0005573255
0.9275065
0.011252988
0.00024497535
0.0005851001
0.9887233
0.91992235
0.9996469
0.9979169
0.9994918
0.0003315712
0.9986462
0.9991799
0.490952
0.00054199324
0.0011278738
0.00054431363
0.41244796
0.9974809
0.4381524
0.6767272
0.0009503695
0.00063131115
0.9858009
0.4230986
0.32021913
0.0004096948
0.9959116
0.9466644
0.9989706
0.9992803
0.010999125
0.00083331764
0.99919075
0.9961492
0.42817634
0.9975447
0.0002457347
0.43466872
0.81079817
0.99966633
0.54150236
0.00049648224
0.99814236
0.00038493556
0.3484372
0.98796976
0.00096998253
0.9945116
0.434907
0.00075117784
0.7178817
0.99237293
0.99983656
0.00027885605
0.5426196
0.00085537357
0.9995784
0.00033463538
0.00033986024
0.48348227
0.9955497
0.99776685
0.99886984
0.00047752485
0.0004000453
0.0004908207
0.9921996
0.00052911777
0.00010824189
0.00134075
0.00051585905
0.00024947122
0.96652144
0.54129225
0.00041710853
0.00063004164
0.43468902
0.9746839
0.79845345
0.0018286112
0.99135536
0.9998306
0.88065493
0.4343015
0.9997342
0.9985183
0.0008877914
0.001287357
0.00072394003
0.0002943666
0.998243
0.432086
0.9993667
0.74649864
0.8514767
0.89657277
0.9992773
0.9971636
0.98717564
0.00047287045
0.99899095
0.42943108
0.979868
0.0010289311
0.0005119121
0.5425758
0.99982613
0.5444265
6.9892565e-05
0.9926543
0.009136121
0.0006089111
0.00031704054
0.43329054
0.9712701
0.00026443644
0.0005452379
0.4347575
0.4345021
0.0003847875
0.999816
0.00026592688
0.0005193083
1.4187656e-05
0.9961682
0.7944493
0.00051794515
0.004268812
0.99763155
0.954506
0.87740594
0.0011206623
0.0051862183
0.9547539
0.99709916
0.4285923
0.0009078169
0.9990345
0.5439178
7.483081e-05
0.00078874116
0.0091412505
0.4346417
0.9944037
0.9838303
0.0002571155
0.0008246888
0.00031103246
0.001877503
0.88966525
0.998009
0.43224058
0.53681594
0.43125507
0.9993525
0.9962179
0.990207
0.43490294
0.9902711
0.43109906
0.99318224
0.9998418
0.0008467924
0.0011036121
0.9773472
0.0007255227
0.9996631
0.00029383608
0.0005682706
0.43406168
0.0004277515
0.00051742065
0.98943514
0.99901175
0.99926
0.4281127
0.0003650707
0.0019478321
0.00031714726
0.9979488
0.43335223
0.12098702
0.0011287589
0.00044099515
0.9983872
0.5418089
0.9371112
0.43072876
0.0006948155
0.0009115912
0.0018894551
0.99847096
0.99939513
0.0018302805
0.9993753
0.99633956
0.4344293
0.9991498
0.99180084
0.4408105
0.95179456
0.0005377334
0.19990754
0.0006642387
0.9993032
0.91618806
0.00022209594
0.0008817947
0.9961228
0.9991991
0.0008757572
0.8113622
0.00023459927
0.9998468
0.99915385
0.3279471
0.0007774764
0.0006070712
0.43468335
0.00095438334
0.96356875
0.5438457
0.000555571
0.9906364
0.99582124
0.001983119
0.99919826
0.00045833847
0.0003113511
0.43390733
0.4347567
0.9979133
0.00038485302
4.4665267e-05
3.45559e-05
0.99886656
0.99775887
0.43490547
0.5410562
0.633672
0.99989223
0.975933
0.43430868
0.44107205
0.9999269
0.0004087149
7.579352e-05
0.5417178
0.42810544
0.9995691
0.000453688
0.0011044109
0.9925591
0.9995378
0.0003180311
0.40884987
0.00059135456
0.2644152
0.0018146668
0.9631423
0.0002923668
0.99988925
0.43475237
0.43451098
0.5435565
0.002001214
0.0015458653
0.0006523463
0.54624563
0.528433
0.0013374303
0.99628097
0.99981266
0.95946604
0.43623614
0.00081667467
0.98573536
0.0014953092
0.99470335
0.4331711
0.00038691013
0.4265858
0.0006273788
0.00048406725
0.0003416155
0.44042203
0.0007346943
0.54343027
0.4329834
0.9990164
0.43283907
0.9287358
0.42556384
0.0007516325
0.0012143991
0.00048677108
0.00075560686
0.99855703
0.0018998609
0.0007554405
0.43486884
0.9974833
0.9997892
0.43447357
0.0004588532
0.013170717
0.0010736325
0.97644037
0.0011845479
0.99910045
0.40518326
0.43370286
0.9979882
0.00041079076
0.80362034
0.9980398
0.0008911131
0.9237129
0.9201794
0.0007671162
0.54143345
0.0007321788
0.99980456
0.9951284
0.99983776
0.8672599
0.98607683
0.0010936772
0.00079081755
0.0006461756
0.00035196182
0.0014613373
0.9998988
0.90136284
0.0005734095
0.44302368
0.0026642352
0.9996762
0.013553152
0.00043601214
0.03457685
0.13771021
0.54216
0.00035682737
8.876667e-05
0.00102621
0.9796102
0.00056718703
0.9988902
0.99983513
0.99646425
0.0011331281
0.9728847
0.0014965715
0.43444163
0.4346896
0.0003023954
0.54285157
0.001167147
0.6284288
0.0005336183
0.9974189
0.37006593
0.00020425026
0.0019081769
0.00042158153
0.9954781
0.99977905
0.9983175
0.42750376
0.0008950231
0.5562607
0.5206334
0.9994165
0.0010793415
0.9734244
0.7917103
0.43417332
0.0002703598
0.43418297
0.86924344
0.99830127
0.13782793
0.99975103
0.99651635
0.00038924042
0.00067874294
0.00055997964
0.9975522
0.011468013
0.76217765
0.9971438
0.00027048896
0.00060051295
0.00030996266
0.0046870336
0.5427128
0.96984303
0.93129694
0.9818989
0.43453816
0.54715115
0.00015962841
0.98318094
0.99984705
0.99436533
9.33833e-05
0.0003675997
0.42726567
0.0007193345
0.99696976
0.9005105
0.00010230707
0.9706617
0.000780224
0.00040061242
0.9970657
0.42442474
0.54161453
0.9979134
0.00034108217
0.9514123
0.9311757
0.999703
0.33902857
0.00016489303
0.99937963
0.8848207
0.2449525
0.00046943896
0.9723049
0.9997117
0.9781691
0.9997117
0.99760085
0.99177355
0.9925609
0.0003375843
0.00024364414
0.9287841
0.001391924
0.0054005417
0.0018181967
0.0011949491
0.00049854943
0.00067073107
0.9989141
0.4050625
0.43447146
0.54342186
0.9996413
0.0029684263
0.0005951424
0.9989748
0.00046840083
0.9977392
0.99991286
0.5428284
0.5408702
0.9946613
0.0008618761
0.013222348
0.999808
0.432432
0.00026979973
0.99749374
0.00058986736
0.38792953
0.0005855846
0.00037440332
0.617155
0.0010826394
0.00042303783
0.0009178384
0.0003682653
0.43389723
0.00019651497
0.0009795704
0.9911658
0.9996413
0.42920995
0.0009799411
0.9969689
0.0002624489
0.0013077067
0.9995603
0.5427083
0.0014846284
0.5418725
0.4346254
0.99263316
0.00041592456
0.99999976
0.17312457
0.000663822
0.43544447
0.019837806
0.43417108
0.0008764526
0.0005136115
0.0013366241
0.9679852
0.54101014
0.00041567523
0.9918277
0.00091655256
0.0010146493
0.4339036
8.337605e-05
0.99403775
0.5435909
0.8329137
0.0008308324
0.07091553
0.0005942837
0.9872793
0.00041586408
0.9944383
0.0012215275
0.05987871
0.5850117
0.00076997944
0.00023751115
0.9972223
0.99968505
0.41101906
0.9987845
0.0013809056
0.0007059812
0.98644155
0.5592508
0.8530799
0.00092476653
0.99710494
0.9958473
0.5418348
0.99915874
0.0013821686
0.99950624
0.98582053
0.9944991
0.00051802467
0.0025498983
0.0004871085
0.43334797
0.00073954335
0.9998977
0.0004439212
0.99693286
0.43502888
0.8794366
0.95284235
0.00092742784
0.0006578546
0.0006896174
0.3478709
0.99041104
0.99683017
0.9994253
0.54574674
0.54031885
0.96551526
0.0004201801
0.43471426
0.9828707
0.9106065
0.00072199164
0.99759895
0.26869577
0.9999527
0.99942684
0.0014715259
0.00089665776
0.9882448
0.999286
0.0007969665
0.509706
0.43467358
0.8896259
0.00028754355
0.00039771022
0.9982712
0.9914472
0.39386812
0.97964406
0.9709203
0.000317758
0.0005301145
0.0010316677
0.99927884
0.9998722
0.4299399
0.9999579
0.5425012
0.9990067
0.9986759
0.992601
0.0010744485
0.0024690256
0.99854916
0.0021970721
0.00023876401
0.00051455526
0.98825306
0.0010263822
0.0016458647
0.00034419086
0.4346288
0.9995072
0.4346334
0.97884995
0.0001285508
0.54275197
0.00051288545
0.42777762
0.0003785114
0.0003991138
0.0003560901
0.00072702876
0.43132678
0.4345703
0.9274343
0.0004737884
0.996135
0.43513766
0.0010264785
0.006333671
0.37334812
0.54320145
0.43300423
0.8508662
0.0002521925
0.43099132
0.0010196903
0.5448116
0.43488315
0.054857444
0.4344567
0.43371662
0.99988425
0.0006909331
0.9708681
0.9961359
0.9465171
0.95740145
0.0007399945
0.98278135
0.9989392
0.8319557
0.0010245157
0.99538016
0.35600704
0.99947447
0.54121244
0.00035982975
0.5421277
0.99954
0.43412524
0.9887355
0.0003300174
0.0004761592
0.0024027103
0.16086307
0.9998503
0.5430349
0.42953566
0.5443093
0.99706656
0.00143242
0.9998518
0.9946837
0.9878352
0.9987679
0.987033
0.4332683
0.0002345277
0.99650466
0.43455222
0.98744875
0.43490592
0.99994504
0.54243505
0.96776795
0.99990404
0.0027609172
0.5431308
0.99947137
0.0012441576
0.9989189
0.0005737361
0.0010171245
0.0014439698
0.0014127425
0.43493053
0.0013634987
0.5431351
0.541898
0.9913873
0.00020069144
0.98823345
0.5653991
0.00032322473
0.00080855197
0.99646914
0.9987122
0.43403643
0.9727519
0.9994221
0.9987668
0.00045952597
0.9956037
0.0002711916
0.9951951
0.001023607
0.0005376188
0.43494293
0.9884946
0.00059564516
0.99596703
0.4286309
0.9923259
0.43297723
0.00018790345
0.9779398
0.9986921
0.0001018965
0.9998758
0.99925953
0.00062457717
0.96702796
0.0008584371
0.0003152821
0.43600202
0.4256633
0.90495366
0.3561618
0.5427152
0.5417418
0.96869
0.43397507
0.54458314
0.00072515046
0.83611274
0.4348281
0.4295525
0.00059500936
0.0007817698
0.9999871
0.43483922
0.54195184
0.00048518146
0.99849164
0.7811651
0.0002954874
0.9988937
0.00042377345
0.43466204
0.9902683
0.009496391
0.0007694022
0.99798006
0.9983541
0.43474874
0.14675334
0.5456751
0.0003328612
0.43473065
0.99719256
0.44785652
0.43021193
0.0071160328
0.00055605575
0.42915237
0.4342323
0.43227413
0.981671
0.9974808
0.9903376
0.0008304774
0.43446866
0.9839708
0.00024557312
0.0020854552
0.39328814
0.0004196427
0.9989403
0.99823844
0.9983255
0.99963737
0.00031651024
0.00088037935
0.75260305
0.981143
0.9959676
0.97310704
0.54229164
0.4344522
0.9413877
0.0020708789
0.98921365
0.9990231
0.00084720843
0.00017353652
0.00032661695
0.00088390656
0.9932407
0.99838305
0.9804882
0.0019879984
0.9999281
0.0035154917
0.5438347
0.00084252347
0.9992054
0.9938304
0.9804059
0.9997098
0.99828327
0.0017265469
0.43114415
0.00026936972
0.9977556
0.9461522
0.538348
0.00074758823
0.99950397
0.9998248
0.5455917
7.359183e-05
0.9955949
0.00012788923
0.92398757
0.9869484
0.9944232
0.00024454924
0.42998594
0.99154776
0.0013963811
0.0014024642
0.0015600015
0.99656135
0.00022762817
0.83523935
0.9940402
0.9569267
0.0025868127
0.0008943735
0.921228
0.99866116
0.0010854929
0.9990773
0.54137963
0.00030468794
0.0006981598
0.0022043525
0.0012384375
0.99964154
0.43180057
0.0009202847
0.97855526
0.98148227
0.0011454348
0.0015624379
0.99775225
0.0006338744
0.95731485
0.00021309571
0.00019346371
0.0010133432
0.00080094516
0.9158123
0.0009707009
0.00054246234
0.9959752
0.0017456746
0.0010952642
0.5407738
0.27159485
0.00010564302
0.00037704888
0.43035227
0.4348719
0.9976005
0.99909043
0.99877197
0.00034963686
0.853801
0.000899332
0.9980282
0.0010388205
0.97274935
0.9968541
0.9982497
0.9828166
0.00021012417
0.00045996398
0.43488845
0.96930337
0.4353916
0.73007464
0.40449753
0.32358173
0.4343919
0.96949023
0.8047178
0.4345667
0.5761206
0.7308378
0.9997967
0.5425781
0.9983327
2.5415695e-05
0.00056670065
0.96204907
0.0003690467
0.0004759364
0.000598351
0.00024613686
0.7556285
0.9898865
0.9950799
0.9694072
0.001251653
0.99998
0.0014512098
0.00010112
0.001647129
0.99020946
0.00063163915
0.00067915773
0.4346586
0.9986376
0.016692027
0.4348674
0.00053553114
0.00045307275
0.0005535421
0.00077185687
0.00028176935
0.99866295
0.0013855834
0.9944898
0.035573136
0.4347779
0.000340622
0.989136
0.58055824
0.0008104673
0.0009841167
0.9992823
0.9831544
0.00072544353
0.00066321425
0.00041740466
0.43258587
0.8333857
0.9989299
0.0029499386
0.9996866
0.947211
0.9982193
0.00020296857
0.9995345
0.00067277584
0.000720232
0.70453066
0.9981109
0.0004248269
0.4304386
0.99445087
0.00059789413
0.00067092734
0.0006266566
0.00034056747
0.9994294
0.9954495
0.0004361007
0.41667154
0.99885774
0.00025133867
0.5507148
0.9962919
0.0004464477
0.0005503065
0.9980603
0.0024876702
0.0003775427
0.99817765
0.43474707
0.9992624
0.00076194317
0.000386397
0.0025510786
0.00041347215
0.0076925787
0.9985251
0.42742026
0.00032981168
0.43655306
0.9997409
0.5477117
0.99034405
0.541572
0.00076554617
0.0003914986
0.99898916
0.00037751175
0.43481982
0.00038052863
0.4407199
0.9965636
0.43466845
3.0127969e-05
0.99976724
0.43328843
0.00030359277
0.2546786
0.99110913
0.8292215
0.0003035447
0.9741703
0.00040558827
0.4325499
0.3226138
0.9980934
0.00096289435
0.54781914
0.9980324
0.0007016914
0.0028669992
0.9989581
0.0009657214
0.99985826
0.0011776631
0.9371522
0.434754
0.00047818286
0.98878795
0.00013789874
0.0003639705
0.541628
0.9963296
0.00031224202
0.005233842
0.99268806
0.5429162
0.9953601
0.9964941
0.54289216
0.9991265
0.5438083
0.00041070854
0.9982944
0.0010887312
0.4348668
0.0019397064
0.0003784901
0.9999925
0.0007240646
0.9962149
0.54333377
0.0005690807
0.00064677844
0.00020850918
0.00047159923
0.9982704
0.006784451
0.9984244
0.00050416624
0.43462732
0.543065
0.9960681
0.99746025
0.84556097
0.00038293697
0.93932444
8.710098e-05
0.00030205338
0.00044638215
0.0001102338
0.00039365122
0.96559674
0.4328357
0.43448803
0.0008140408
0.2992796
0.98910964
0.99917275
0.9914812
0.98539597
0.9988626
0.67074466
0.9935368
0.99927217
0.000502973
0.92764217
0.5448773
0.0005921205
0.3959635
0.9988097
0.0013809641
0.99350184
0.00056479045
0.5433097
0.9984419
0.99981683
0.54388326
0.5443709
0.9989868
0.0032672645
0.0009099689
0.0016823626
0.0013783074
0.4338598
0.01229529
0.0005964652
0.99975914
0.9908161
0.8866101
0.43442258
0.43491217
0.007663492
0.4346993
0.43455932
0.50360996
0.0007398528
0.9870543
0.06572704
0.9991122
0.0005142316
0.5212427
0.99744487
0.9901489
0.5447401
0.0004384349
0.98697656
0.00014138992
0.964664
0.0004094447
0.0011793324
0.0010657182
0.43448207
0.99809843
0.0005571632
7.077926e-05
0.5428046
0.9996753
0.54410625
0.00029728794
0.9951579
0.9438285
0.99999607
0.0013335656
0.0040050247
0.99101675
6.41232e-05
0.0018128692
0.43036687
0.5403275
0.54213375
0.42755723
0.00046394387
0.9988136
0.54222035
0.0005048133
0.5434327
0.43470758
0.0708509
0.0013459098
0.999091
0.9981468
0.0026442385
0.00043849615
0.0006584765
0.9064844
0.001926598
0.99420893
0.4209992
0.5433778
0.00076529745
0.00012298954
0.99954456
0.9988887
0.99928385
0.5445231
0.060508247
0.9790557
0.00073824206
2.7239203e-05
0.0008173886
0.98756254