0.5443393
0.9980405
0.42921707
0.60578877
0.43854728
0.0022801429
0.009080875
0.9985268
0.43985432
0.91088164
0.07030532
0.0031436083
0.002715471
0.38693398
0.9895818
0.0014794313
0.0051090275
0.9903045
0.00045428085
0.50466526
0.74006957
0.002159139
0.4395014
0.0021110526
0.00026493942
0.004930936
0.47985873
0.9279828
0.43971792
0.94451714
0.00090287544
0.43859902
0.71288586
0.41971824
0.4504437
0.43582028
0.52361685
0.9974832
0.9978248
0.9990633
0.0010872413
0.4441896
0.0037845657
0.4360398
0.001607808
0.00028698565
0.53957766
0.97339994
0.00069038256
0.9929733
0.99675167
0.0041632364
0.98716474
0.9972493
0.49697617
0.0025742864
0.56280094
0.00119284
0.002552456
0.0028183789
0.59054977
0.9939095
0.5440762
0.40070984
0.91156614
0.7216516
0.55835766
0.00046563498
0.96798986
0.56905806
0.9947477
0.0008652927
0.97626585
0.41612145
0.018283153
0.00069495913
0.000766173
0.5784596
0.41338754
0.4371705
0.0013582445
0.0023313554
0.43893036
0.97887874
0.9983315
0.004689127
0.54213774
0.9859201
0.9993299
0.9689951
0.001179639
0.0020338441
0.99698085
0.9360709
0.064638816
0.0040334202
0.99799985
0.9295429
0.9955996
0.9992132
0.42779902
0.42361513
0.001801816
0.00079383806
0.43732795
0.0016911952
0.0008668065
0.9341176
0.99573934
0.90944356
0.0017891336
0.41239575
0.97408956
0.0056026783
0.44010493
0.00065793924
0.002871449
0.0016749207
0.9979862
0.82025653
0.99499834
0.9791877
0.0015227296
0.99831223
0.001428237
0.99979156
0.002557644
0.002437812
0.0020907153
0.95453334
0.99239796
0.9593517
0.0016512501
0.99434775
0.0057482733
0.002735547
0.75117624
0.9989312
0.43790495
0.0055179205
0.9956261
0.0019268374
0.8555262
0.0013811811
0.98205477
0.0013466913
0.00054818264
0.4389257
0.021819446
0.0038804396
0.9818418
0.96159524
0.4319818
0.0011413231
0.00035729172
0.43677655
0.99860066
0.00027124357
0.00088608346
0.9584069
0.9961456
0.99854434
0.41754094
0.63818485
0.9787411
0.0016388413
0.62931955
0.5162674
0.0010626733
0.00040845448
0.0021499535
0.43642774
0.0020419473
0.535603
0.0018378866
0.004991649
0.00077656267
0.99605644
0.0017280714
0.0017837937
0.66009444
0.00040078716
0.0044037574
0.9971041
0.93123513
0.9581336
0.43717435
0.43982536
0.0013008998
0.95146656
0.00095644384
0.9953216
0.9968881
0.9935383
0.003330163
0.0063221725
0.43768263
0.9926116
0.0028647003
0.0006317036
0.0043276027
0.9966948
0.99960643
0.95511895
0.9923794
0.99913627
0.001802672
0.99338734
0.0009231028
0.0022117451
0.43751216
0.43874282
0.9843358
0.012429063
0.43586522
0.43853933
0.0024912911
0.4768343
0.0015935199
0.006814031
0.00013155988
0.9989122
0.0013577471
0.005318351
0.003567428
0.99267983
0.9712738
0.00023523
0.43683222
0.00041872362
0.9927087
0.43950862
0.69169587
0.40512347
0.49646568
0.39113235
0.9998313
0.99910706
0.008034191
0.0017976639
0.0018129773
0.002050526
0.9989772
0.98724073
0.94725114
0.000581523
0.44027093
0.013624552
0.4375459
0.4602434
0.985262
0.001950838
0.84103125
0.047094423
0.00071402156
0.0016935767
0.989571
0.97347575
0.97627103
0.9975211
0.99858224
0.0032570905
0.9984012
0.99495345
0.60530967
0.0019503698
0.0030606221
0.0012420387
0.5226981
0.99545825
0.439377
0.3060276
0.0016364214
0.003856882
0.57917565
0.4441896
0.49264887
0.0025611205
0.99108386
0.966812
0.99593216
0.9987645
0.041878656
0.0018814291
0.99892175
0.9754843
0.43731174
0.967128
0.00036281705
0.43028286
0.73301613
0.9990978
0.52572405
0.0010114512
0.998095
0.0002528457
0.5200932
0.9956071
0.0022656335
0.96591485
0.43285754
0.0026254095
0.54005843
0.9846795
0.9972349
0.0007042529
0.5469858
0.0016097794
0.9978648
0.00039292686
0.0038559113
0.5740166
0.9977285
0.99511564
0.99049497
0.0022080557
0.008336843
0.0008142426
0.9887855
0.0023861807
0.0004266499
0.0063942014
0.00072615116
0.00035037193
0.99786085
0.5393368
0.0027226033
0.015459081
0.42365775
0.98065144
0.9104705
0.002320199
0.98587334
0.9992021
0.752099
0.43716618
0.9983082
0.99420494
0.0014677934
0.0028040225
0.0022479114
0.00051701
0.99643314
0.4396911
0.99733055
0.5670993
0.7242445
0.9301008
0.9987978
0.992151
0.98308486
0.0005093813
0.9982274
0.44183147
0.9800853
0.0005719202
0.0012058853
0.5648104
0.9992549
0.5944195
0.00027942343
0.87102515
0.024673833
0.0010404285
0.0026331337
0.43770295
0.9511394
0.001042104
0.00035535105
0.42807382
0.42808565
0.0006411481
0.99873346
0.0012055277
0.00050372095
0.00016998113
0.99253994
0.8059326
0.00061844074
0.0076694917
0.974224
0.82701993
0.8364816
0.005657987
0.009638326
0.9233062
0.99508375
0.43911055
0.00024143574
0.99797326
0.6043478
0.0004215134
0.0020414928
0.0002966959
0.43839785
0.99678373
0.95982134
0.0019628138
0.0012273636
0.0021909883
0.0021263093
0.8632473
0.9950665
0.43872023
0.5161557
0.37738687
0.9941999
0.98944306
0.9852432
0.43884972
0.9762024
0.43983164
0.9624947
0.99984694
0.000649514
0.0017333579
0.9561777
0.0005526195
0.9989599
0.0035315272
0.0028779318
0.43648404
0.00078404485
0.0015446616
0.9909801
0.999091
0.99756014
0.44404098
0.00071851676
0.0051959422
0.0011740191
0.99430144
0.43912214
0.540312
0.0020787804
0.000872087
0.9989581
0.49428463
0.9055416
0.43633723
0.00043727315
0.0013187502
0.002277737
0.99445444
0.995921
0.011641055
0.9977738
0.96239245
0.42828175
0.9990565
0.99408686
0.41439125
0.8325271
0.0023694828
0.53378624
0.009989756
0.97801274
0.94987476
0.00056968903
0.00091802917
0.98499864
0.9952389
0.0004347834
0.9050123
0.0024751402
0.99716777
0.99869967
0.8245519
0.0009648518
0.0035031573
0.42885256
0.0072440268
0.9921772
0.60207665
0.001700121
0.98671
0.9704563
0.0036920023
0.9989177
0.0007129812
0.001351054
0.43632248
0.43971497
0.96470237
0.00083883625
0.00094913575
0.0003964089
0.9959947
0.9957491
0.42175156
0.45769987
0.8251738
0.999516
0.96660465
0.39092523
0.43578136
0.9984861
0.0018516815
0.00023039686
0.493377
0.43846515
0.9986211
0.0038857388
0.0017330939
0.983043
0.9994455
0.0008859074
0.4393397
0.0006309433
0.67065036
0.0017226179
0.9421355
0.0010956717
0.99559
0.4378253
0.43818918
0.55580074
0.0030167
0.00096833205
0.0027869164
0.6371601
0.6077119
0.004626871
0.99440324
0.99422085
0.92476755
0.4369909
0.00066492177
0.9393651
0.0013258505
0.9764455
0.4441896
0.061294083
0.4392186
0.0021387008
0.00038209624
0.0051902374
0.43064544
0.0014315207
0.53699857
0.43999192
0.9982352
0.43817458
0.9120813
0.43953484
0.0040330524
0.00070700835
0.001518404
0.004173166
0.9962165
0.0090992665
0.0010690409
0.43826246
0.99633825
0.9952186
0.43799967
0.0019947288
0.040486142
0.0039307517
0.99133706
0.0006544798
0.9987638
0.4441896
0.4364999
0.99394387
0.001416742
0.94079965
0.9889286
0.0020918387
0.99355644
0.9429155
0.0017874704
0.48741663
0.001483591
0.9950787
0.96915454
0.99974555
0.9484525
0.9823116
0.00038734075
0.0013067649
0.0021175323
0.00041246868
0.0020303677
0.99655366
0.7694819
0.0027371696
0.7335345
0.002870435
0.9994392
0.03513523
0.0019277886
0.051064976
0.5095818
0.5507101
0.003291269
0.00089104264
0.0016125223
0.9980406
0.0018780929
0.9930488
0.99778086
0.9839166
0.0053018825
0.7570398
0.001876715
0.4407362
0.41934243
0.0054086386
0.60613173
0.00084024493
0.4921735
0.0007394644
0.97087145
0.7385398
0.0014868793
0.0027501816
0.0005105576
0.99676824
0.9932168
0.9898308
0.42853838
0.0020289682
0.75762534
0.4441896
0.9988954
0.002751869
0.8611131
0.626054
0.4383198
0.001967918
0.4372088
0.9988949
0.9992933
0.00024742246
0.9986268
0.99579996
0.0026267923
0.0051776194
0.00088425406
0.99774337
0.033829086
0.8671843
0.98355585
0.0019325964
0.0004935471
0.000775186
0.00073894695
0.60955656
0.94693017
0.9876217
0.98971903
0.44020528
0.65647554
0.0029767358
0.9696205
0.9995185
0.9975299
0.0002989404
0.0009874227
0.43989596
0.00059591804
0.9876286
0.81397784
0.0007792892
0.94428694
0.00044965264
0.0003120819
0.982644
0.4408528
0.5161894
0.99870706
0.003930274
0.9752338
0.74606454
0.99866605
0.46191773
0.00034496892
0.9989981
0.96242255
0.7044121
0.0008104248
0.92073
0.99749064
0.97831047
0.99967766
0.98979175
0.9847801
0.9928311
0.066912524
0.0023351703
0.73157406
0.0017775908
0.019893441
0.0037357325
0.0013609831
0.0062424485
0.002029425
0.99711525
0.7427897
0.43335703
0.53131056
0.996736
0.0016220455
0.00033479588
0.9993222
0.0024646502
0.99562716
0.9975745
0.55693436
0.45656732
0.98630583
0.0019447189
0.023988977
0.99834144
0.438276
0.0012056436
0.98459333
0.00071619276
0.52429175
0.0016101097
0.0013126257
0.73339635
0.00068834366
0.0014432232
0.0018484305
0.005232064
0.43785796
0.001233345
0.0024845542
0.97326803
0.9982741
0.4375672
0.00071456813
0.99029994
0.0014769089
0.0010500876
0.9917983
0.5494945
0.00059840205
0.52537304
0.42975667
0.9954112
0.0019040502
0.9985246
0.4214338
0.0014101523
0.43579602
0.005375657
0.43838915
0.00090761884
0.0018492796
0.0013267467
0.9906123
0.47808373
0.0013146664
0.99231166
0.0009187795
0.0021697867
0.44005683
0.00012901511
0.9791322
0.5441273
0.8050795
0.0019504228
0.0032994696
0.0026453426
0.9401733
0.002049337
0.9961345
0.0022884782
0.0052923523
0.682892
0.0021761328
0.0002888228
0.98858625
0.99790096
0.42453608
0.9977927
0.005972733
0.0020223968
0.9919429
0.544073
0.71955776
0.0007845583
0.9964162
0.99506927
0.535621
0.9986314
0.0019258225
0.998705
0.9687806
0.9726281
0.003322344
0.0069043674
0.0004278445
0.44178107
0.002295256
0.9970632
0.0010685567
0.99963856
0.43769643
0.86958265
0.99606043
0.002020019
0.002447691
0.0020241896
0.7220995
0.87602174
0.98894787
0.9984864
0.6349485
0.51947427
0.8661898
0.00068881444
0.41839966
0.6119215
0.8565383
0.002980738
0.9969778
0.9998104
0.9998821
0.99937147
0.0025223622
0.0021661238
0.99296325
0.9991616
0.0019237661
0.64321655
0.4080317
0.9955882
0.0002873254
0.0031116651
0.9978738
0.7575835
0.48181
0.8660716
0.9794668
0.00028501125
0.0017238549
0.1595993
0.99737537
0.99922264
0.43793926
0.9994771
0.5372318
0.9975535
0.9960997
0.9970253
0.0050521353
0.0005882039
0.9934729
0.0013738974
0.0034118756
0.0050695036
0.6513762
0.0005267833
0.0025218367
0.00043990265
0.4396694
0.9968573
0.43033054
0.89088607
0.001999966
0.55660856
0.0023928178
0.44013295
0.07077949
0.00024613028
0.00066724105
0.002150194
0.5615636
0.43767118
0.9630289
0.0005093074
0.9921848
0.4329107
0.0014775384
0.0037956382
0.46157396
0.53913385
0.4401947
0.79644
0.0003241193
0.43794838
0.00078028126
0.6356478
0.414225
0.47202247
0.43940786
0.40553358
0.9982083
0.0015751041
0.9925552
0.9915917
0.9332771
0.90121853
0.0018601888
0.98999816
0.9976255
0.90086955
0.0017669912
0.99198604
0.41204196
0.9932201
0.055865023
0.002746896
0.52683985
0.9932775
0.43830726
0.97310907
0.0019526054
0.001585393
0.0089156
0.50028956
0.99774206
0.5189662
0.44016212
0.6160457
0.9863762
0.0005875715
0.9978897
0.9909991
0.856656
0.9934756
0.9966413
0.437777
0.004807943
0.9961351
0.4377625
0.9686707
0.44008407
0.9999039
0.55023223
0.9551128
0.9996245
0.102207154
0.53722864
0.92061895
0.0009936175
0.99827766
0.001530955
0.0023102842
0.00078362133
0.0025703877
0.43560266
0.0028681362
0.55863744
0.50806904
0.9954384
0.0031374418
0.97410446
0.833581
0.0074853124
0.002258741
0.9979633
0.96874064
0.40613005
0.96736497
0.99919134
0.99628204
0.00048757493
0.9946524
0.00026848132
0.98855317
0.0030773953
0.003932459
0.4364706
0.9826356
0.00061715447
0.99609476
0.4371721
0.950884
0.43833306
0.0012617878
0.950157
0.99121135
0.0007685822
0.99983394
0.9996357
0.0013498585
0.9692554
0.0027001745
0.0007935
0.41106272
0.44015667
0.866441
0.49556217
0.62377155
0.51396406
0.9678958
0.43766004
0.6391747
0.0019506401
0.9793748
0.43614048
0.44031748
0.0026937516
0.0022384631
0.9551331
0.43758863
0.44409886
0.0015126806
0.992134
0.27990118
0.0013063139
0.99701583
0.00085415225
0.42143604
0.9451502
0.00860355
0.0013796581
0.9952918
0.99382895
0.4196404
0.5455945
0.6908718
0.00037514325
0.41268685
0.9970445
0.42504305
0.43865407
0.022332432
0.00053895847
0.43733945
0.43574256
0.43807414
0.9562017
0.9964647
0.9963741
0.004658582
0.43572277
0.97848296
0.0029758008
0.0014443115
0.79910654
0.0009245556
0.99702674
0.99820364
0.99742764
0.99683845
0.00049944647
0.0018571005
0.9361281
0.9960653
0.98479146
0.98085713
0.552805
0.43718725
0.99780756
0.0017700368
0.97923046
0.9516924
0.0020772794
0.0025103241
0.0015624677
0.0006051629
0.9341776
0.99440753
0.92915875
0.017556762
0.9990326
0.0017497644
0.5774747
0.0018258067
0.99632263
0.99682343
0.89813733
0.99567115
0.97498024
0.0030743903
0.4372355
0.00056697894
0.9944127
0.7149028
0.52393544
0.0015694945
0.9985353
0.99858
0.6189619
0.0011895644
0.996619
0.0014942288
0.61522627
0.98774487
0.9938564
0.0006769919
0.43887016
0.98951054
0.0032853913
0.0025782455
0.0012321327
0.9965037
0.001240718
0.5894425
0.9938128
0.9366373
0.0021727227
0.0034711342
0.9693526
0.98973244
0.0031215884
0.99806565
0.4441896
0.0009542802
0.0018872137
0.09032853
0.0053403573
0.998461
0.43897066
0.0066028386
0.9541184
0.990211
0.0033658496
0.011551713
0.99111265
0.002467692
0.95898443
0.0009924949
0.001328388
0.007236712
0.0020264024
0.86932564
0.004661325
0.0013312078
0.9947179
0.0026042627
0.006009341
0.5612482
0.42286867
0.0002898871
0.0007879663
0.44006252
0.43774852
0.990466
0.9992217
0.99517125
0.0029783822
0.8741332
0.0004861736
0.99613637
0.014252594
0.99320894
0.98886395
0.99855536
0.9648559
0.001306707
0.002265532
0.42780563
0.9614984
0.4392923
0.5895891
0.4267552
0.6266519
0.43791524
0.9655926
0.81661355
0.43656796
0.6475907
0.9035213
0.99809164
0.52010256
0.99744713
8.000008e-05
0.001169986
0.94084334
0.00078373076
0.0025573093
0.0017035404
0.0017533387
0.8164545
0.99373454
0.99937123
0.98975116
0.0019101569
0.99898416
0.002458303
0.0012195198
0.011138099
0.89209384
0.0019234912
0.0018473276
0.4007397
0.96758795
0.0005218345
0.43779823
0.0012253124
0.0011193751
0.00038245524
0.0022479477
0.002093953
0.99443465
0.002264504
0.99070483
0.0017119078
0.4345698
0.00023925943
0.9940376
0.5225814
0.0016571088
0.0025386272
0.9980458
0.98043203
0.00062437064
0.001381085
0.0008868787
0.4375857
0.97113657
0.9956423
0.0027911416
0.9994885
0.8890307
0.9971245
0.00034981608
0.9982174
0.002079358
0.0046982495
0.556951
0.9965463
0.0017684628
0.44002792
0.9817785
0.0012300238
0.0031796729
0.0010887173
0.0015694436
0.99730635
0.95981234
0.0008339027
0.3232818
0.9925021
0.00047790393
0.11806452
0.99915934
0.00073247263
0.00020043156
0.99840444
0.0011447618
0.0003553021
0.98308796
0.44022435
0.99873275
0.002342047
0.0010767078
0.0025341925
0.027121192
0.019433932
0.9949503
0.43884507
0.0015759082
0.43530428
0.9946538
0.67989874
0.96803534
0.49332088
0.015366071
0.0017106575
0.996172
0.0017359193
0.43382424
0.0013483635
0.40279534
0.9826606
0.4374849
0.25583646
0.9988776
0.43968132
0.0017833138
0.44551256
0.9858812
0.98449683
0.0023989633
0.94160897
0.001024749
0.43725902
0.5280418
0.9889535
0.002439471
0.61025006
0.98479676
0.0020412712
0.0030793797
0.9979735
0.00193641
0.99887055
0.0026804858
0.9081002
0.43919322
0.0042721373
0.97269386
0.0012144853
0.00056462036
0.48719153
0.9761704
0.0014589276
0.023120278
0.9963043
0.80595845
0.9640813
0.9902654
0.54687876
0.99349374
0.5884145
0.0008195829
0.9830635
0.0027619372
0.4082716
0.0010830908
0.005834974
0.9950063
0.0024234867
0.9957178
0.54958457
0.0013040482
0.0012709723
0.0010975228
0.00224959
0.9917697
0.0030463317
0.989188
0.0014252967
0.43670222
0.55714834
0.9863323
0.9895643
0.9217586
0.0044169207
0.9563159
0.00035994675
0.0011550566
0.0022532428
0.0028745637
0.0025893643
0.9963865
0.43788904
0.43973553
0.00065930065
0.41168216
0.98082316
0.9980184
0.98841035
0.9761587
0.99545974
0.62072337
0.96314704
0.9981869
0.0012930188
0.9394181
0.6084276
0.0021022703
0.49287903
0.998326
0.0013663924
0.9897149
0.0024539044
0.55725926
0.9966564
0.9992873
0.6120816
0.60131633
0.99424136
0.0018595054
0.00081414013
0.0023563057
0.0035195898
0.43856296
0.0029449987
0.0016959484
0.99818736
0.9691769
0.95406675
0.43890294
0.41554204
0.005382239
0.43650445
0.43180808
0.4441896
0.0027040204
0.9869602
0.0030366366
0.9946003
0.00241316
0.54904646
0.9924918
0.98524
0.63466173
0.005535296
0.93144566
0.0011995843
0.59091747
0.0009479604
0.015342209
0.0017400226
0.43728828
0.9959092
0.002173096
0.00038038538
0.53650045
0.9991861
0.629734
0.00035497063
0.99605644
0.7295864
0.99368083
0.0014641142
0.002920896
0.9987029
0.0025373525
0.0022710024
0.4441896
0.49238524
0.5450668
0.4397013
0.0009948338
0.9980965
0.54455936
0.0010694758
0.5283394
0.41860098
0.0019857462
0.001155027
0.9937914
0.98714334
0.0015612275
0.0012113145
0.00038228373
0.7759618
0.0125936745
0.9808216
0.43983138
0.61165553
0.0012520686
0.0012585944
0.99785846
0.99640876
0.9981774
0.6149709
0.41590324
0.966373
0.0022207366
0.00013155535
0.00036478718
0.91073203