0.5664754
0.9999926
0.4329541
0.54799485
0.4325059
0.007647415
0.00902042
0.9999963
0.4331529
0.98736376
0.018751321
0.004795659
0.0065604537
0.4334261
0.9999993
0.003157527
0.0017741667
0.99995613
0.010522184
0.52625
0.9970028
0.009397973
0.4327852
0.03580204
0.0056595486
0.023343865
0.5209305
0.99864525
0.4322998
0.99960786
0.011546629
0.43298683
0.5991049
0.43373233
0.43207696
0.4335637
0.541753
0.99999666
0.9999943
0.9999932
0.002253054
0.40152812
0.019785678
0.43350196
0.011515013
0.0078086928
0.547699
0.99862564
0.003606705
0.99999857
0.9996278
0.014168883
0.99983597
0.999863
0.52994186
0.0023739473
0.5695513
0.0873243
0.027011894
0.0039182873
0.5694751
0.99996865
0.56672674
0.43307927
0.9998611
0.97708976
0.5725587
0.06400527
0.99985456
0.565095
0.99996173
0.0029247676
0.99997807
0.6012523
0.029858353
0.008327682
0.019314561
0.571777
0.43293378
0.43327725
0.014075143
0.0074931486
0.4337776
0.9999186
0.99996305
0.009480066
0.5573898
0.99993
0.9999976
0.9999535
0.005419063
0.0032044447
0.99998236
0.9999678
0.051574256
0.0067876265
0.9999733
0.9882548
0.9999999
0.9999981
0.43307462
0.4335074
0.011436029
0.0059767086
0.43368375
0.06091749
0.009842149
0.99852824
0.99993575
0.9999844
0.008816183
0.43371183
1.0
0.0029999928
0.433647
0.043834172
0.00212373
0.030772576
0.99982363
0.9955701
0.9999889
0.9999974
0.026893187
0.99998975
0.0073971646
0.9999987
0.01320988
0.0057142996
0.0028475432
0.9988275
0.99990153
0.996357
0.01067087
0.99695337
0.01584858
0.0057800687
0.5104795
0.99999607
0.43290195
0.0076687406
0.9999994
0.0027395904
0.98669237
0.006374298
0.9993337
0.009114326
0.013330653
0.35822347
0.038424645
0.05151698
0.99978524
0.9999956
0.43334076
0.01032402
0.011333698
0.43332702
0.9999994
0.015558176
0.0066635567
0.99880564
0.9999894
1.0
0.7515114
0.9999956
0.99992335
0.0028866231
0.5937942
0.5482999
0.008144064
0.0045537227
0.0044277897
0.43257466
0.006940248
0.85672486
0.010172711
0.039892737
0.016877204
0.9999912
0.011249216
0.0033204546
0.7136566
0.017466068
0.009239938
0.99999917
0.9953809
0.99996996
0.43389857
0.43266734
0.007616375
0.9999405
0.0044117635
0.99997187
0.999979
0.99995446
0.023448365
0.015806733
0.43375978
0.9998337
0.0066631436
0.020175235
0.03942081
0.9996786
0.9999962
0.99999976
0.9999671
0.99999845
0.014115645
0.9999461
0.01759804
0.0023117606
0.43364045
0.4337228
0.99995875
0.039715074
0.4333008
0.43282288
0.006431039
0.25145477
0.0043749614
0.021335885
0.018277809
0.9999914
0.012546172
0.02576837
0.008046779
0.9999908
0.99890506
0.01269457
0.43337855
0.020648949
0.99994636
0.4331941
0.49738377
0.43376574
0.5263235
0.43328688
0.9999995
1.0
0.0032894427
0.0054091467
0.009045903
0.009651271
0.9999919
0.9999323
0.9996569
0.0047177915
0.43214065
0.016708229
0.43379012
0.27348158
0.99999917
0.007669499
0.9148173
0.19275744
0.00953297
0.0058545796
0.9998116
0.99226874
0.9997372
0.99998236
0.99999726
0.018348219
0.99999714
0.9999678
0.9398356
0.0570602
0.006570266
0.0041880785
0.43010738
0.99982554
0.43290293
0.9663657
0.0071090655
0.043300893
0.9682823
0.37604612
0.31438318
0.0039259996
0.9999703
0.99963176
0.99999917
0.9999987
0.037045043
0.004903986
0.999995
1.0
0.43327725
0.9999734
0.007797145
0.43235657
0.94096994
0.99999404
0.53251606
0.0058046896
0.9999994
0.0072169728
0.6622396
0.99993277
0.005650995
0.9999975
0.43269154
0.003584316
0.9859309
0.9999291
0.9999894
0.0076758275
0.5572474
0.008386233
0.9999621
0.004951093
0.007126076
0.67848915
1.0
0.99990726
0.9999709
0.002280326
0.011551418
0.011408283
0.9975134
0.0030997146
0.009641239
0.0022720268
0.00979731
0.0047953604
0.9999964
0.5469384
0.031661924
0.022259954
0.43333328
0.99871373
0.9761016
0.008589626
0.99991345
1.0
0.9821943
0.43347517
0.99999225
0.9999802
0.00531405
0.0063384958
0.004934395
0.00438787
0.9999484
0.387108
0.999972
0.88233757
0.96715987
0.99960166
0.9999865
0.99975127
0.9990965
0.012195081
0.9999893
0.38669297
0.9988844
0.040524587
0.005024682
0.56480205
1.0
0.570666
0.011245255
0.9993025
0.06473048
0.0067940685
0.022161128
0.43377912
0.99981755
0.0068175495
0.021127203
0.4332948
0.43256387
0.0051173354
0.9999951
0.0116876485
0.012661414
0.0069949827
0.9998728
0.9818371
0.007543106
0.012376007
0.9999784
0.9978529
0.98312575
0.030611232
0.11078173
0.993985
0.9993119
0.38071817
0.011651577
0.9997451
0.579223
0.005560409
0.007372463
0.009574752
0.43310785
0.9998196
0.99971086
0.003985666
0.008166732
0.025380297
0.020762593
0.9935104
0.999795
0.37235302
0.50242895
0.43352953
0.9999783
0.9998053
0.99992836
0.43304467
0.99979776
0.43379697
0.9996007
0.9999999
0.018071653
0.007888341
0.9975581
0.015413085
0.99991703
0.0060596555
0.038507782
0.4337009
0.005048297
0.0049979384
0.9964101
0.99999964
0.99997556
0.40732914
0.0052865543
0.012889028
0.004191216
0.9999335
0.4332189
0.36257526
0.01544683
0.005834318
0.9999927
0.54688704
0.99904674
0.43327725
0.02110749
0.0051710955
0.010356968
0.99990904
0.99995935
0.017945182
0.99997747
0.99976856
0.43242502
0.99999666
0.9999746
0.4332883
0.9675312
0.010747982
0.42103842
0.013302667
0.99998677
0.99956006
0.0069281943
0.017387124
0.999972
0.9999951
0.01595302
0.9992231
0.006747856
0.9999969
0.9999418
0.40301216
0.00819453
0.009877071
0.4328798
0.010020201
0.9999572
0.56963927
0.0049929656
0.99558794
0.9988374
0.0023683468
0.9997843
0.0042980695
0.0061595566
0.43380255
0.43257293
0.99996173
0.0037586102
0.0076600625
0.006027517
0.9999647
0.99997675
0.43260494
0.51141113
0.98096246
0.99999976
0.9999862
0.4325011
0.43234938
0.9999969
0.0091774585
0.0019371354
0.5461761
0.43327725
0.9999994
0.022398269
0.007339157
0.9994006
0.9999893
0.013653284
0.40501925
0.010731797
0.8589806
0.0041817613
0.9991824
0.010626601
0.9999902
0.4333551
0.43331397
0.57154185
0.01283178
0.019204808
0.0077676806
0.581334
0.5336999
0.030982846
0.9997646
0.9999808
0.9931364
0.43358642
0.014446447
0.9997428
0.048429225
0.9999993
0.4325021
0.03274087
0.42330372
0.0071576904
0.017480567
0.0049970234
0.43329653
0.008120729
0.56025136
0.4332708
0.999938
0.43332
0.9950368
0.4337705
0.019105561
0.017420687
0.017042818
0.009472242
0.9999522
0.026873365
0.0059246765
0.43263176
0.999997
0.99999833
0.43290925
0.0030671123
0.00047462984
0.010329186
0.999998
0.012547509
0.99999106
0.36981347
0.4336141
0.9999529
0.009955228
0.99967146
0.9999294
0.0034084336
0.99998
0.99946505
0.009053553
0.52403307
0.0049095107
0.99999535
0.99989974
0.9999989
0.9959627
0.9986039
0.0091217235
0.0066147535
0.046492495
0.007508435
0.13425304
0.99983513
0.91803205
0.009244907
0.9642491
0.0073882807
0.99999964
0.027252639
0.002305848
0.18870562
0.33313638
0.5542167
0.0064946325
0.008941749
0.009210136
0.9998685
0.0038140048
1.0
0.99999964
0.9951487
0.0023559413
0.94656676
0.01097066
0.43272737
0.43290383
0.008622454
0.57748103
0.008626567
0.95470923
0.005093469
0.99748045
0.98641413
0.0074880873
0.008536211
0.0057968684
0.99998
0.999998
0.999871
0.3680663
0.031180855
0.99708074
0.41777766
0.99999654
0.006506658
0.9979114
0.8568052
0.43361548
0.005158086
0.43388543
0.9989612
0.9999933
0.040487967
0.9998988
0.9996445
0.027887695
0.0130591765
0.0063787936
0.999721
0.021708475
0.9755318
0.9999068
0.0046728565
0.018156787
0.0026200537
0.024727948
0.5733749
0.9962931
0.99999607
0.99998
0.4322131
0.56639117
0.005060493
0.9998858
0.99999976
1.0
0.0035404186
0.0062008044
0.43384668
0.012828851
0.99949884
0.97350705
0.0120256925
0.9994429
0.032868408
0.016587118
0.9999751
0.36519334
0.5437066
0.99951255
0.0049069584
0.9977138
0.9991473
0.99999344
0.3373049
0.009040365
0.99999285
0.99985385
0.65690553
0.037374344
0.94781667
0.9999999
0.9985796
0.9999994
0.9999403
0.99994206
0.99996626
0.010256775
0.004757272
0.9745994
0.009585516
0.07729427
0.027404487
0.010518083
0.00996563
0.006458467
0.99999464
0.935787
0.43281725
0.5504697
0.99999154
0.010107791
0.015359045
0.9999882
0.0035438167
0.99999964
0.9999809
0.5494496
0.49476233
0.99980897
0.0033444134
0.029990535
0.9999976
0.43387637
0.0073850537
0.9999361
0.0089290505
0.93296486
0.005169874
0.006095392
0.9909603
0.018443506
0.0028084032
0.005062608
0.0056486754
0.43376166
0.0042530396
0.0042977347
0.999962
0.99998856
0.43327725
0.020612318
0.9997545
0.0010985396
0.011689044
0.9999888
0.55652225
0.017529994
0.53322226
0.43328735
0.9998367
0.0048611066
1.0
0.075235434
0.012637639
0.433693
0.053095724
0.4328048
0.007993411
0.006007661
0.010680871
0.9999633
0.42822233
0.0019223603
0.99900144
0.0054961485
0.018930905
0.43336472
0.007476638
0.9991872
0.56937385
0.9867893
0.003152437
0.17505163
0.004592198
0.99795216
0.02159997
0.99999225
0.009522107
0.1741987
0.9252644
0.008106166
0.008917931
0.99961567
0.99993753
0.3818551
0.9999671
0.016599076
0.0035544964
0.99985695
0.76870894
0.9985002
0.012291977
0.9999927
1.0
0.53198874
0.9999889
0.011423492
1.0
0.9969548
0.9999721
0.0026273408
0.08802381
0.004868704
0.41310897
0.004127785
0.9999988
0.0044301045
0.9999995
0.43386292
0.9898907
0.9999962
0.008364294
0.008429111
0.008368455
0.96084243
0.9997627
0.9999708
1.0
0.588137
0.53853124
0.99933076
0.010587563
0.43280682
0.957631
0.9838141
0.006869179
0.9999255
0.9999981
1.0
0.99999857
0.01759955
0.005029886
0.99985254
0.99999785
0.008472559
0.8900088
0.43287864
0.99999285
0.011186056
0.02576755
0.99998534
0.9997825
0.1400365
0.9999993
0.9993356
0.011099804
0.0048756143
0.014715251
0.99998295
0.99999774
0.4308064
1.0
0.5457886
0.99999464
0.9999994
0.9999373
0.006562977
0.0072864834
0.9999987
0.034978617
0.013448561
0.0058909543
0.99665534
0.017627388
0.008381321
0.008261297
0.43268913
0.99999905
0.432947
0.9987484
0.010201969
0.5567532
0.014535763
0.3650047
0.9494001
0.0042806324
0.011737828
0.0058309236
0.87395644
0.43327877
0.99982077
0.0095600905
0.99999654
0.4334122
0.023172917
0.0017313887
0.43936455
0.56005955
0.4326776
0.9687655
0.029187588
0.43366402
0.031352572
0.5799561
0.4335179
0.36084008
0.43283612
0.432443
0.99999964
0.005427322
0.99997747
0.9998554
0.9951326
0.9995421
0.0057881684
0.99999416
0.99999607
0.79862696
0.012675073
0.9999924
0.31354293
0.9998616
0.20544215
0.0034403591
0.55436605
0.99982005
0.43300548
0.9998049
0.0027942117
0.027757056
0.0015940527
0.24573882
0.9999831
0.5503275
0.43378133
0.5886278
0.99986386
0.019339338
0.99999106
0.9999248
0.9989442
0.99846953
0.99828964
0.43289572
0.008408667
0.9999509
0.43347964
0.99996436
0.43253982
1.0
0.5517409
0.9980287
0.99999714
0.04548986
0.5451627
0.9999999
0.012013717
0.9999871
0.009156522
0.003988283
0.04300639
0.0059741596
0.4331215
0.016869942
0.5759866
0.5406808
0.9998975
0.016689476
0.9991794
0.9820055
0.011755736
0.0055126636
0.9996587
0.99994457
0.43357062
0.9995415
0.99989355
0.9999764
0.0075587723
0.9999832
0.0042202463
0.9999281
0.01694152
0.0035010087
0.43363014
0.9995092
0.012714613
0.99999785
0.43355426
0.9999472
0.4329437
0.008961618
0.9964987
0.9999995
0.0062849806
1.0
0.99999976
0.008287435
0.9998056
0.002753665
0.003443493
0.43348703
0.34401706
0.98685974
0.20319566
0.5648469
0.5409665
0.99948454
0.43380755
0.5820859
0.0053144377
0.999731
0.4321309
0.4330145
0.007030079
0.0025459307
0.9999721
0.4332613
0.45646238
0.0057228724
0.999987
0.86821985
0.0031611777
0.99992585
0.0035679939
0.43307585
0.99994075
0.0035437255
0.009504095
0.99991584
0.9999962
0.43299425
0.21202543
0.869485
0.01196903
0.43303525
0.9999429
0.43274426
0.43388268
0.024439542
0.03414267
0.43357134
0.43255004
0.4335855
0.99409556
1.0
0.9995455
0.044926744
0.43251044
0.99602205
0.0205971
0.004225825
0.97887564
0.004641108
0.99997246
0.9999945
0.9999608
0.9999993
0.0051857014
0.005734217
0.97602886
0.99998546
0.9999238
0.9997974
0.5514253
0.4337296
0.9999006
0.008090136
0.9999074
1.0
0.00942888
0.012002696
0.005362281
0.021305898
0.998387
0.99999976
0.9996568
0.014575961
0.99999976
0.01824192
0.5697627
0.0044950116
0.9999548
0.99988735
0.99959797
0.99999774
0.9999511
0.055137385
0.43371245
0.0033614966
0.99491817
0.9948479
0.5143632
0.0048938952
0.9999949
0.9999994
0.58609605
0.009763791
0.99996185
0.0061639133
0.99917775
0.9997317
0.99995923
0.0066100867
0.43376693
0.99989474
0.032130565
0.013231721
0.009443647
0.99996436
0.007477604
0.82341504
0.9999776
0.9967129
0.0021297755
0.022400968
0.9996276
0.9999913
0.005164354
0.9999825
0.4753818
0.006151047
0.041961603
0.011818767
0.005455038
0.9999286
0.4331105
0.010386192
0.9994574
0.9997464
0.027195761
0.007833855
0.9999925
0.032518666
0.97528607
0.0013348401
0.0128451055
0.020992808
0.0071881977
0.99833846
0.026862275
0.0058678747
0.9999933
0.010975379
0.020538433
0.56819034
0.15459684
0.0051244777
0.0049156346
0.43239397
0.43269274
0.9998022
0.9999964
0.99975663
0.007892178
0.9934423
0.034615904
0.99996305
0.013572264
0.999992
0.9999474
0.99993944
0.9997992
0.0022257217
0.0020626727
0.4328335
0.9918825
0.43287203
0.81510854
0.27325192
0.8069467
0.4335308
0.9771304
0.98028445
0.43258345
0.9144704
0.982141
0.9999778
0.5559856
0.99999404
0.010822746
0.008016376
0.9988887
0.015058929
0.013108274
0.012439533
0.004325041
0.995688
0.9999677
1.0
0.9999609
0.005389987
0.999998
0.009213104
0.009748949
0.009808177
0.99855787
0.009428471
0.0028481416
0.43317786
0.9999856
0.03014868
0.43330675
0.0040545207
0.013173314
0.018828452
0.018015703
0.002589511
0.9999014
0.0048589758
0.9999403
0.029791566
0.4332595
0.0037065768
0.9998299
0.45089036
0.0038276315
0.0030182665
0.99999356
0.9992951
0.016197652
0.0048118737
0.012310679
0.43231177
0.9461228
0.99994826
0.012223985
0.9999933
0.99293834
0.9999981
0.0054837195
0.9999945
0.00806842
0.0136997895
0.3433385
0.99999976
0.0015217774
0.43393338
0.99991727
0.003585955
0.015931984
0.0065666907
0.008524786
0.99999964
0.999826
0.0039491374
0.43362412
0.99998987
0.004092827
0.49237877
0.9999746
0.009744867
0.017671196
0.99999845
0.011407552
0.0075620594
0.9996762
0.4326575
0.9999896
0.0042645135
0.011424261
0.018159477
0.0017577541
0.075804144
0.9998485
0.43353
0.0013270393
0.43344873
0.9999479
0.5691301
0.9997073
0.5261757
0.024352418
0.0016770533
0.9997627
0.019466324
0.43252143
0.006981234
0.43323427
0.9998392
0.43286073
0.0030647279
0.99998677
0.4332156
0.03387855
0.23736344
0.9999075
0.9843888
0.007964029
0.999546
0.0028121714
0.43372923
0.17346264
0.99989855
0.0065521644
0.5662722
0.99991727
0.004235821
0.017133102
0.9999801
0.0037540225
0.9999989
0.006972863
0.9979215
0.4332238
0.012148635
0.99998593
0.015470618
0.004801561
0.5269738
0.999889
0.0015313997
0.020387929
0.99999964
0.5638989
0.99999523
0.999964
0.5572955
0.999998
0.55940497
0.005409919
0.99984694
0.0037504968
0.43303704
0.025925245
0.013246859
0.999997
0.002343585
0.9999901
0.56523055
0.0025397
0.004259454
0.00502735
0.002177789
0.9998895
0.0060914042
0.9999888
0.0027221423
0.43313918
0.54288185
0.9997795
0.99991465
0.99871707
0.0125070615
0.99956065
0.0036243433
0.0038668627
0.006819661
0.006391918
0.017862627
0.99855894
0.4336138
0.43273813
0.010102373
0.1825909
0.9997961
0.9999709
0.9992718
0.9997838
0.9978667
0.9536334
0.99974746
0.9999913
0.005770433
0.95842993
0.5565302
0.0053085303
0.8440103
0.999954
0.011497338
0.9999137
0.0055206604
0.5616403
0.9999995
0.9999981
0.57328457
0.57498896
0.9999802
0.007688099
0.011761504
0.021993753
0.0046464177
0.4048928
0.07797207
0.0049109324
0.9999845
0.9996259
0.9932034
0.43291223
0.43258923
0.011425931
0.43305907
0.43299502
0.34876597
0.007831646
0.99999654
0.029934412
0.99989974
0.0077199657
0.66880846
0.9999628
0.9998944
0.5700055
0.005890538
0.98041886
0.024153665
0.96903205
0.00573868
0.012540892
0.007593904
0.43358997
0.99997044
0.0043500806
0.008076487
0.5440231
0.9999932
0.7003386
0.009919654
0.9999702
0.9922206
0.9999943
0.011126225
0.028950641
0.9999944
0.103273965
0.0092733735
0.4330678
0.47551018
0.53976405
0.43374896
0.0038623214
0.9979225
0.5407685
0.004983064
0.5539984
0.43315572
0.019904714
0.009710934
0.9999944
0.999984
0.015879827
0.0039229873
0.011945111
0.9950582
0.021656474
0.99974805
0.34969166
0.5721124
0.015759379
0.006882092
0.99998903
0.9999814
0.9999709
0.58684415
0.109895
0.999979
0.004057695
0.0020254576
0.049773484
0.9991167