0.5651472
0.9999461
0.40547618
0.55350447
0.4064172
9.392817e-05
8.530622e-05
0.99978286
0.4029409
0.5980968
0.34213766
4.9507267e-05
0.00017933054
0.39829215
0.9715926
0.00041806494
0.004497133
0.37756595
0.00022452831
0.54394346
0.6718194
0.00021892086
0.40399453
9.9627745e-05
0.00015862154
0.0003633096
0.5446478
0.98546535
0.4089611
0.9993468
0.00012078778
0.40672237
0.7823199
0.40803155
0.40570092
0.3501366
0.5542919
0.7453669
0.99881697
0.99989367
0.00023247617
0.22778817
8.0438476e-05
0.39961913
0.00016403303
0.0004886469
0.6062312
0.7643551
0.0002271551
0.9924061
0.9880855
5.0230014e-05
0.9999043
0.9959906
0.5471304
0.0012193577
0.56520087
0.00030997448
0.00022116867
0.00016728116
0.58711547
0.99679667
0.566193
0.40563673
0.826933
0.90886384
0.5752798
0.0007666982
0.8275707
0.5962178
0.99965274
0.00028927144
0.92333305
0.053767756
0.3434356
7.337558e-05
0.00020263232
0.56795037
0.4063038
0.32566896
0.00043937925
6.424169e-05
0.4019903
0.99077344
0.99915373
9.553847e-05
0.5838347
0.99998534
0.99317217
0.9607301
8.442848e-05
0.00010269335
0.9982017
0.9324284
0.34091866
0.00066909887
0.9988293
0.9393128
0.97331816
0.9980533
0.40597898
0.40555534
8.344971e-05
0.00013086834
0.37660292
0.00017326785
6.007182e-05
0.8899548
0.9820327
0.99873644
0.000107647036
0.40553766
0.9918104
0.000105133404
0.4061963
0.00043578589
0.00013417556
0.004159555
0.9899368
0.84766376
0.99503064
0.99706227
0.0009703809
0.9999716
0.00029820454
0.9915624
8.59408e-05
0.00032980382
0.00017236025
0.98193157
0.9987999
0.98790574
0.00065086765
0.9779253
2.5250378e-05
8.721975e-05
0.052350566
0.9998313
0.4056292
7.154307e-05
0.99790275
0.0001660174
0.9678101
0.00020014378
0.6077994
0.0006422407
0.00013687754
0.38290173
0.002831439
3.463029e-05
0.99855644
0.8342775
0.39506266
0.00023731853
0.0006310257
0.30984578
0.9993411
0.0002012339
0.00014646284
0.996608
0.99839586
0.8686717
0.07354061
0.8001193
0.9990553
0.00021557377
0.58637303
0.5871118
0.00045304943
0.0007297505
0.000102260936
0.404873
0.0001902939
0.33479854
0.00024927198
0.000126539
0.00022807569
0.9999994
0.00037042118
0.00013668151
0.058528762
0.00018083316
5.8158672e-05
0.999884
0.9877884
0.9987669
0.38996416
0.4052388
0.00047822343
0.97685605
9.877139e-05
0.99989784
0.9996797
0.99958557
0.0002158539
0.00015524712
0.40618703
0.9991059
0.01949414
0.00017453817
0.0010713801
0.99653304
0.99818295
0.9978859
0.9982268
0.999969
0.00018705202
0.99945134
0.00016119958
0.0018354984
0.4024773
0.3169933
0.9969854
0.0010892671
0.4062304
0.4057715
9.0146095e-05
0.046912633
0.00030315717
9.81959e-05
0.0012915462
0.99962735
0.00036531375
8.057605e-05
7.5765834e-05
0.9961785
0.97657055
0.00089155475
0.4009082
0.00014761127
0.9946337
0.4028989
0.65746284
0.40379047
0.58273166
0.40672326
0.99244726
0.9934772
0.000565318
4.3609718e-05
0.0008266612
4.3151766e-05
0.999853
0.98016834
0.83624166
0.00044512865
0.4057923
0.27248564
0.40386155
0.2757375
0.99774444
9.535143e-05
0.8347445
0.35590506
0.00013909017
0.00015907321
0.99727863
0.8943073
0.9503365
0.9995468
0.99920315
0.00014998192
0.99973005
0.9997161
0.22059998
0.0003809991
4.5757184e-05
0.0005029778
0.53731304
0.9996213
0.40836734
0.07207074
0.00044999868
0.000112400645
0.6576079
0.17077516
0.13034625
0.00020472132
0.9942806
0.99180436
0.9998331
0.99960166
0.34211004
0.00010671443
0.9992704
0.99357975
0.3003871
0.99956065
0.00016652759
0.4065678
0.24409471
0.99979585
0.56227756
0.0001789643
0.9924839
0.00034673588
0.58732617
0.9941498
0.00019806407
0.9854946
0.40613863
0.00016999443
0.3722934
0.9905759
0.9999995
0.0013651391
0.55939704
0.00101923
0.9982838
0.00037806062
0.0001758386
0.6706901
0.9544879
0.9956572
0.9952675
0.000116929165
0.0003451885
0.0003904148
0.9928706
0.0001826513
0.00017108228
0.0002878845
0.00014874597
0.00014499201
0.99418676
0.58423597
0.00019995513
0.0005246906
0.405536
0.96912944
0.587854
6.106572e-05
0.9958727
0.99964833
0.55751187
0.40260792
0.99988925
0.9997719
0.00012537661
5.1805975e-05
3.8134625e-05
0.00050938537
0.99929905
0.39258534
0.9995609
0.8497689
0.33327407
0.9954699
0.9999393
0.9958448
0.9957247
9.0524096e-05
0.99861777
0.38844788
0.97180194
0.00034573194
0.00035126208
0.5866715
0.9889353
0.63032866
0.00073244644
0.97393227
0.00028032748
0.00043689687
0.00048451693
0.3991306
0.9651159
0.00012551608
0.00026269452
0.4060844
0.40547457
0.00034164696
0.9967632
8.994431e-05
0.00028195235
0.0029757838
0.9992471
0.898612
0.00052123243
0.0018392999
0.9743785
0.95657563
0.95935494
0.00031904902
0.33672854
0.98223025
0.99692875
0.38198584
0.00093237305
0.9981816
0.595906
0.0023979568
9.602931e-05
0.0002907992
0.40526152
0.9997137
0.99815756
0.0002110335
3.6895428e-05
0.00010659188
0.00013170649
0.99159074
0.99862516
0.38510916
0.5217619
0.39985076
0.99886984
0.9981668
0.9964373
0.4074192
0.9012373
0.3550912
0.91110694
0.99587375
0.00013951283
7.9466015e-05
0.98151886
0.00017195116
0.99830294
0.00013673
0.00017089218
0.39078072
0.0004249567
0.00019925607
0.95814794
0.9996977
0.99968445
0.38652977
0.00021621188
0.00015551691
8.117134e-05
0.985195
0.40308583
0.052204378
0.0004916876
6.11037e-05
0.9991148
0.5537599
0.91782296
0.3540256
0.00015176869
0.0014651107
9.732288e-05
0.9982387
0.99900454
0.00024170708
0.9771453
0.9972229
0.4064436
0.9991147
0.98613304
0.40777436
0.96664155
5.259717e-05
0.243741
0.0002244838
0.9851332
0.9875618
0.00016516101
0.00013682678
0.80215394
0.99837637
0.00011323211
0.9084702
0.00046822408
0.999782
0.9970522
0.33630717
0.00013920588
6.4371576e-05
0.4061751
4.8303245e-05
0.99945563
0.59039205
0.00022644494
0.9721068
0.96097857
0.0035222047
0.9968549
0.00023601156
0.00029874808
0.39117768
0.4060972
0.99761343
0.00035236386
0.0061091147
0.00052630424
0.99962795
0.99919623
0.40689194
0.46373028
0.8973997
0.999683
0.991736
0.4053364
0.4092081
0.9999825
0.0014450048
0.0012998235
0.5460091
0.31787875
0.99969316
0.00016278235
0.000116680225
0.9159555
0.9981579
0.0001214103
0.4050916
0.00013261219
0.64583474
0.00058180076
0.8983626
6.153184e-05
0.9990429
0.40514436
0.39201292
0.5957183
0.00029764246
0.00017697887
0.00011336889
0.6582891
0.62624246
0.00018871701
0.9962553
0.9997341
0.94933707
0.40566683
0.000170749
0.9102319
0.00038656336
0.99742043
0.40491864
0.3318363
0.37814906
0.00014097178
0.00019056172
5.1356776e-05
0.40786132
0.0001967572
0.5610183
0.40395185
0.9993261
0.40610543
0.9962308
0.39280027
9.478267e-05
0.00018890784
0.000259667
0.00046868625
0.99634105
8.534382e-05
0.0002825721
0.40645817
0.9987948
0.99997616
0.40577647
0.00023441727
0.18112981
3.0227397e-05
0.99629587
0.0002154708
0.9997608
0.17122072
0.39613444
0.9997613
0.00011542333
0.9303535
0.9982339
0.0002647447
0.74457765
0.99612564
5.2304764e-05
0.58018476
0.00012018161
0.9999894
0.9979407
0.99927264
0.9809503
0.99585634
0.00053230365
0.00011245682
7.81155e-05
0.00010765269
0.00021373547
0.999962
0.62128186
0.0001374917
0.32925048
0.0005514086
0.9549954
0.34983605
0.0001892309
0.35441113
0.17222548
0.5587643
8.165104e-05
0.0010379921
0.00027211232
0.9969645
0.0001300007
0.9976659
0.9638049
0.94171745
0.0003102243
0.9963343
0.0001417167
0.4057682
0.40499276
0.0002075551
0.5655019
0.00092996156
0.55931276
0.0006843552
0.9984611
0.13086413
0.00040175443
0.00064342923
0.0005185431
0.92446566
0.9857495
0.9993723
0.3911997
0.00015670942
0.8697795
0.35081083
0.9990055
4.8151844e-05
0.9685366
0.6172423
0.40604717
0.00018921123
0.4006983
0.99187124
0.99897623
0.003092594
0.99980706
0.9934355
0.00020122834
0.00010656789
8.133165e-05
0.9941837
0.34308589
0.6482371
0.99679583
0.00029963747
0.00020323021
0.0003449865
0.22178502
0.58310765
0.9963535
0.9882258
0.91770846
0.40614578
0.88611054
0.0029771081
0.9983241
0.8878947
0.9803972
0.00054285023
0.00014460058
0.3698127
0.0002601991
0.99925834
0.91340995
0.00027830864
0.83789074
0.0002886681
0.00023114936
0.99501
0.38968843
0.5626098
0.99738616
8.195886e-05
0.95689386
0.9887659
0.9997813
0.12969097
0.0002877654
0.99854136
0.90756774
0.5805926
0.00034685276
0.80417365
0.9771308
0.9871858
0.9895014
0.9876751
0.9991611
0.9930609
0.00041652386
0.0003053297
0.9527818
8.150339e-05
0.35078192
0.0014397819
9.896221e-05
9.289871e-05
0.00014283416
0.99370533
0.21372062
0.40478933
0.56045735
0.9990816
0.0030010883
0.0007074063
0.9997012
7.437629e-05
0.9949634
0.9998758
0.6121704
0.31083044
0.99921584
0.0002039597
0.35478348
0.99980384
0.4033784
0.00010352624
0.99442977
9.609417e-05
0.19334058
8.4420266e-05
7.600457e-05
0.97622186
9.824479e-05
0.00017757165
8.008625e-05
0.00021022616
0.40489528
0.00013314142
0.0006688869
0.8667332
0.9992023
0.2897423
0.0001228381
0.99908817
0.00031368702
0.00011072399
0.9951768
0.5850799
0.00044245986
0.54680294
0.4053013
0.9982864
3.526967e-05
1.0
0.069439456
0.00011414643
0.3966293
0.36157194
0.40604556
0.00042812008
0.00010119891
0.000102218626
0.8443121
0.5403169
0.00015239486
0.98111826
0.0006955214
0.00012499784
0.4027166
0.00029265182
0.99653995
0.5650364
0.8335531
0.00018383049
0.3789572
0.00043213152
0.97903776
0.00025834143
0.99709654
9.408209e-05
0.34499833
0.55607516
7.609558e-05
0.00015421066
0.9969773
0.9923849
0.38460687
0.9977679
3.4890276e-05
0.0004871752
0.9970373
0.15963666
0.8315458
0.00013792832
0.99911827
0.9941618
0.5679481
0.99979204
0.00021393794
0.960142
0.8610186
0.99802184
0.0001678354
0.00076426147
0.00021995022
0.3846157
0.00021332684
0.99786
0.00010660408
0.9951324
0.40549585
0.86188334
0.99810576
8.09864e-05
8.639364e-05
8.312043e-05
0.5759029
0.9714227
0.99421966
0.99751437
0.5879168
0.60493946
0.574855
0.00011312181
0.40613264
0.92933714
0.9708464
0.0011227946
0.993721
0.86868095
0.9910972
0.99455947
0.00014458873
0.0003285999
0.9971787
0.9999155
4.0260667e-05
0.23882191
0.4061939
0.9990095
0.00020520481
0.00013000045
0.9996749
0.89930624
0.25954401
0.9732371
0.99711967
0.00020725808
0.00010232688
0.081689164
0.9993486
0.99962306
0.40496406
0.99154764
0.55641234
0.99634546
0.9996487
0.98615754
8.547234e-05
0.0050554224
0.85317266
0.00046937948
0.00082534243
3.1456642e-05
0.45897585
0.00016017501
0.00011435735
0.00017232739
0.40674442
0.9959096
0.40646747
0.9993093
0.00073977455
0.56580126
9.979528e-05
0.39102656
0.007992553
0.00012413123
0.00016574978
0.00014736768
0.29502618
0.40541738
0.99640924
0.00036572927
0.9925208
0.4046926
0.0007995169
0.0047532436
0.08972417
0.5743265
0.4015331
0.41435406
0.0003333455
0.37497193
0.0001990734
0.604445
0.40550116
0.11936786
0.40565604
0.4067497
0.9999386
0.00027426425
0.99846774
0.99346775
0.9564967
0.9220802
7.5317126e-05
0.99391866
0.9992424
0.30758864
0.00010212188
0.9988231
0.13762406
0.99987876
0.18596864
0.0001223399
0.5588463
0.99925345
0.40626824
0.9978308
0.0002513758
0.0006115466
0.002417526
0.13368247
0.9994106
0.5547509
0.3678981
0.81711346
0.9961504
0.0005328989
0.99835134
0.9977525
0.79169136
0.98439807
0.8683232
0.40507144
0.00032802994
0.9981166
0.40538624
0.99419606
0.4061743
0.99274796
0.5789755
0.8661338
0.9988412
0.35119534
0.56168556
0.9958126
0.00011983054
0.9967033
0.00018299698
0.00031130898
0.00027158772
4.8327158e-05
0.40648362
0.00024691768
0.62045157
0.5495824
0.99957997
0.00015291409
0.979477
0.5671593
0.00055137445
0.00015800759
0.99579215
0.6120988
0.40393415
0.92742866
0.992084
0.9994617
0.0004895161
0.99928004
0.0007507145
0.98079
0.00067846035
0.00020816155
0.39713863
0.9981335
0.00021914013
0.9991555
0.30138797
0.9973036
0.40639803
0.00027520303
0.97683334
0.9356273
0.00045658348
0.9606172
0.98516834
0.00013431265
0.8948219
0.00044258262
0.0001670964
0.40689182
0.38990453
0.40049472
0.2156914
0.56924903
0.5448948
0.94663674
0.4038486
0.56367964
7.402286e-05
0.8228001
0.406483
0.40585834
7.7401586e-05
0.00013370428
0.5735461
0.40618968
0.5433788
6.8212175e-05
0.9925436
0.4142502
0.00012372389
0.9990061
0.00020725689
0.40564516
0.991366
0.0028407194
5.911754e-05
0.99428576
0.99753654
0.40611795
0.06957801
0.5820481
0.00017405274
0.4059881
0.9997874
0.4067115
0.40252545
0.00086131296
0.0006237892
0.31515703
0.40624073
0.40179852
0.98606503
0.9444548
0.9071363
0.0001078908
0.406174
0.98206884
0.0007052009
0.0011121188
0.6158368
0.00025878468
0.9991666
0.9997272
0.99955267
0.9977785
0.00012829952
0.00039965293
0.9551413
0.99805164
0.9982785
0.9859159
0.59147745
0.4004666
0.9992107
0.0004868676
0.9967179
0.9983919
0.00020919002
0.00052916846
5.7637084e-05
0.00019290521
0.9363594
0.95038176
0.970041
0.00026549544
0.9995204
0.00025309337
0.5694682
0.00011166863
0.9965467
0.9992507
0.9148068
0.996232
0.99881184
0.00016518668
0.37355417
0.00030394463
0.98806655
0.93844944
0.5694479
0.00015000966
0.999987
0.99507636
0.5813174
0.00073787104
0.9996151
0.00010009368
0.7312516
0.9912725
0.99805766
0.00031791042
0.40488255
0.9993249
0.00026445006
0.00023049903
0.00011376405
0.9990772
0.0001909697
0.22756153
0.97399116
0.857843
0.0015943783
4.944202e-05
0.9786557
0.999808
6.822148e-05
0.99969566
0.46580806
0.000119057404
0.00015481605
0.041992296
4.7628342e-05
0.99884593
0.40255737
0.00014237904
0.9586541
0.9889937
0.00012929813
0.026602484
0.99779737
0.0002581026
0.96376395
0.00029470667
0.00023535025
0.0004386145
0.0003493936
0.9961494
0.00012948888
0.000103688755
0.99725527
0.0001835905
7.818719e-05
0.5965844
0.03815606
0.00012059041
0.0011720117
0.40594777
0.40612885
0.99696237
0.97436947
0.998393
3.167035e-05
0.87676924
0.00028481596
0.99327564
0.0025114575
0.99776757
0.9980755
0.99713266
0.97927
0.00013044363
0.00012513844
0.40601337
0.918469
0.40744966
0.890409
0.40625444
0.49692142
0.406064
0.9621232
0.36421937
0.40610456
0.8408655
0.95998234
0.9997286
0.5577492
0.99605894
0.0015858753
0.00010780698
0.969659
0.00040457118
0.00018693061
0.00018901557
0.0002519243
0.9568311
0.97591954
0.9984175
0.99878234
0.00030468823
0.99991965
0.00043843617
0.0004713581
0.33455426
0.8574654
4.1494248e-05
0.00025535142
0.40549806
0.9421932
0.0081027355
0.40557748
0.00021974587
7.7450386e-05
0.00052404386
0.00012689024
0.00027434793
0.9988325
0.00029399584
0.9989231
0.37396762
0.4061161
0.00019490882
0.99646986
0.23062281
0.00017585923
0.0004741071
0.99981815
0.9960586
0.00019538535
0.0001128486
9.889636e-05
0.4057008
0.82015246
0.9949155
0.0006136374
0.9971185
0.9299188
0.99049777
0.00020427754
0.9996018
9.903839e-05
0.00032489674
0.37175307
0.8364231
0.00010740485
0.35829213
0.9924193
0.00017004224
0.000117517
0.00027949832
0.0004568345
0.9967878
0.99703753
0.00020910986
0.4057163
0.9998288
0.00017237569
0.27291387
0.9631648
0.00038066687
0.0007362422
0.99957734
0.00021222219
0.00016334302
0.98408633
0.4063926
0.99985194
0.00019049323
5.241202e-05
0.00022698862
0.0609331
0.34310657
0.9991241
0.3880659
0.00019193393
0.4079047
0.99921584
0.76915634
0.94658744
0.53862596
0.00045839392
0.00016959095
0.99008876
7.596233e-05
0.4063571
0.00030165163
0.4072974
0.99756086
0.4058591
0.32216862
0.9995821
0.40518582
0.00026160278
0.17146587
0.96941614
0.9691984
0.0001432913
0.9915632
0.00012589786
0.39252582
0.38829914
0.9987546
5.4303655e-05
0.5502935
0.99340314
7.400599e-05
0.0001243281
0.99972945
0.00040809836
0.9998492
0.00012442026
0.9562941
0.4077633
9.612487e-05
0.98118114
0.00034590188
0.00012641719
0.5471058
0.9993569
0.00025335437
0.35248682
0.99989545
0.5658028
0.99923575
0.9997297
0.54989725
0.96937984
0.5616252
0.0002771264
0.99815255
0.00019276822
0.4070527
0.00050126814
0.00039198014
0.99999976
0.0001200444
0.9701404
0.5630091
0.0002277265
0.00021381598
0.00052350666
0.00023690096
0.9979005
0.0028282593
0.9988036
0.00019703523
0.40568173
0.55899435
0.9014474
0.9981609
0.96657515
9.437294e-05
0.981337
0.000728563
0.00027086344
0.00012965617
0.001250584
8.3436105e-05
0.9859546
0.3936883
0.40622765
4.966033e-05
0.106652126
0.99476045
0.9997149
0.9949151
0.99570835
0.9981913
0.90686965
0.9790636
0.99910104
0.00010980963
0.86731094
0.5688583
4.8080816e-05
0.2550918
0.99859136
0.00015390923
0.9952011
8.394535e-05
0.5656168
0.9994486
0.9992756
0.58664
0.57659364
0.97436994
8.042789e-05
0.00031418624
0.00056345726
0.00028833828
0.3834499
0.35765538
9.1572816e-05
0.9997868
0.9938899
0.9623343
0.4054928
0.4060029
0.0038741378
0.40617508
0.40625098
0.15502053
8.2228864e-05
0.9787386
0.3709746
0.9987594
2.4838135e-05
0.048882324
0.999401
0.9990742
0.5863316
2.8535596e-05
0.82087636
0.00030050144
0.6860622
0.0001447729
5.0179264e-05
0.000109633125
0.40581867
0.99995065
6.619061e-05
0.0004869997
0.5476727
0.99956423
0.5660251
0.00010418362
0.97058356
0.92035544
1.0
0.0001587665
8.481881e-05
0.98629737
0.0008813474
0.00035470558
0.4066337
0.5521077
0.57483524
0.36948815
0.00031538762
0.99760264
0.40598732
0.00020159534
0.5544231
0.40557525
0.37071982
0.00014901358
0.99797744
0.92577845
0.00022736982
0.0001581336
0.00042556578
0.97144914
0.002206297
0.9335784
0.37707177
0.5654246
4.4862318e-05
0.00042078856
0.9982157
0.9999428
0.9993395
0.8953462
0.021110825
0.9993882
0.00017873495
0.0012896747
0.00029966005
0.98940384