0.52093637
0.99981564
0.4204085
0.5307433
0.42008692
0.0007483021
0.0008443487
0.9997811
0.42072582
0.63087
0.027454382
0.0005647288
0.0013952072
0.42233574
0.99790275
0.000978972
0.0052380417
0.99539834
0.0015204767
0.5163702
0.88052106
0.0014604937
0.42025346
0.0015004884
0.00022627942
0.0018034882
0.50863004
0.8178507
0.42355874
0.9958663
0.0009254131
0.42009532
0.7237701
0.4202563
0.42235214
0.41946235
0.51541734
0.9987804
0.9999534
0.9991567
0.0018766238
0.5162063
0.0010724702
0.42063087
0.0015319394
0.00025702457
0.52835774
0.95304775
0.00015710216
0.9997625
0.9980116
0.0011380006
0.9941964
0.99786645
0.5095691
0.0009979792
0.5196515
0.0014722603
0.0021279359
0.0010817678
0.5206538
0.9947464
0.5150046
0.41996124
0.78261805
0.80028284
0.5190128
0.0008112063
0.6422242
0.52195615
0.99804187
0.00045131406
0.89413124
0.22589251
0.002290208
0.00032082945
0.0009438
0.5190833
0.41981038
0.41885883
0.0019061338
0.00057890674
0.42090854
0.99179286
0.9986871
0.0007092718
0.5219751
0.99953556
0.99862444
0.9719105
0.0003429302
0.00039555202
0.99817705
0.9814006
0.0014367965
0.002964501
0.99836916
0.9067295
0.9997652
0.99942267
0.42012736
0.4202838
0.0014966882
0.0006883243
0.41965795
0.005933935
0.00042946773
0.97928166
0.9969404
0.9964491
0.0018745039
0.4195281
0.9937452
0.00035429478
0.4199139
0.0010888169
0.00036750687
0.07034564
0.9979247
0.49054947
0.9992256
0.99735296
0.003719911
0.9998938
0.00036552624
0.9991339
0.0006830834
0.00069760816
0.000920346
0.9271846
0.99908113
0.961832
0.0013901012
0.97850287
0.0011683177
0.0005675639
0.29921627
0.99964166
0.4196031
0.0006808274
0.99934703
0.0007823581
0.98236185
0.0011965317
0.9584081
0.00064508984
0.0003113808
0.42364526
0.0034589812
0.0041692345
0.99669135
0.9695873
0.42032063
0.00096884416
0.0020726358
0.41958338
0.9998294
0.00034268852
0.0011066905
0.9954236
0.9994529
0.9990349
0.7991634
0.9934447
0.99707925
0.0002592628
0.528263
0.51373637
0.0022221992
0.00024532457
0.00034812203
0.4203873
0.00091283413
0.52878785
0.003716781
0.00450875
0.0016034654
0.9998932
0.0005807797
0.0004916265
0.6405577
0.00046942508
0.0016884577
0.9997665
0.9354063
0.97258747
0.41965142
0.42020312
0.0008045811
0.998917
0.00027990123
0.99984777
0.99909854
0.99957675
0.0032766978
0.0015563989
0.42003918
0.9830602
0.0006074518
0.00065213995
0.00793457
0.99852955
0.99917126
0.9561684
0.9937571
0.9999759
0.0017205159
0.9989656
0.00238861
0.0008008437
0.4201607
0.41951078
0.9987908
0.0009580457
0.4192528
0.4198813
0.0004708381
0.21341361
0.0005273432
0.0010052425
4.5816916e-05
0.9990415
0.00090515794
0.0014568841
0.0016150299
0.9975262
0.98250824
0.002497937
0.4204944
0.0005202963
0.9958604
0.42040676
0.5248942
0.41953328
0.49890032
0.42205134
0.99959487
0.9998393
0.00063274987
0.000508374
0.0009634831
0.001314443
0.9993249
0.9751246
0.82572824
0.0002639123
0.42045927
0.060699277
0.42149273
0.48848122
0.99996305
0.00071831443
0.9040806
0.010928072
0.0014962045
0.0006794562
0.9580142
0.98307323
0.9943408
0.99906474
0.99994195
0.00079214276
0.9994419
0.995589
0.36227962
0.012213724
0.0010344904
0.001462621
0.5237766
0.99459285
0.42148378
0.8177895
0.0009666332
0.0032267054
0.9438767
0.5138383
0.33467844
0.0006294508
0.9891412
0.9468704
0.9998733
0.9996823
0.003525247
0.0008350803
0.99868935
0.9950295
0.41877294
0.99932134
0.00018665455
0.421061
0.6270932
0.99897826
0.5121771
0.0010222183
0.9967284
0.0010043225
0.73089314
0.99512213
0.0005515061
0.9991053
0.4190303
0.00056846644
0.6058134
0.989817
0.9999379
0.012411376
0.5200291
0.0021032768
0.99672985
0.00018295652
0.001839171
0.7729222
0.99925524
0.9801964
0.9753709
0.0005000882
0.0007022517
0.00055272854
0.9752147
0.0007823481
0.0002953477
0.0008724473
0.0003706941
0.00042186957
0.9994324
0.5133337
0.0045775003
0.0040083798
0.4197941
0.98613656
0.71975046
0.0010315055
0.99980265
0.999731
0.92892385
0.42044127
0.9996131
0.99945277
0.0011862484
0.00073526514
0.00047276047
0.00024927602
0.9978264
0.42329726
0.9991654
0.48030514
0.7083809
0.9860701
0.9995863
0.9929724
0.9895371
0.00034338544
0.99924135
0.423349
0.988851
0.0009919839
0.00055818644
0.5168195
0.99940026
0.6729756
0.0004973403
0.8981304
0.0052846665
0.0015204158
0.0017290718
0.42188704
0.895834
0.00071670825
0.00040344865
0.41929597
0.42143312
0.00027773716
0.9996499
0.0007504116
0.00053456903
0.015170037
0.9947241
0.88080287
0.0005584746
0.0014120195
0.99768806
0.9968304
0.9298706
0.00046071527
0.0013077939
0.9127886
0.99777323
0.42460153
0.0012488557
0.99657345
0.5226109
0.0004267209
0.0014584506
0.04479744
0.4195571
0.9966774
0.9896332
0.00036668306
0.0007149561
0.0014851282
0.00266586
0.9563107
0.9965874
0.42304248
0.5155388
0.4212625
0.9957812
0.9987563
0.9971533
0.42005605
0.95844686
0.41985726
0.9490285
0.9994972
0.00078015187
0.0006006019
0.9480193
0.00088050344
0.99975425
0.00062274194
0.0023825124
0.42051423
0.0005607276
0.0005586122
0.9831844
0.9999795
0.9988682
0.42372537
0.0012345521
0.006600409
0.0011361414
0.9926076
0.42062098
0.14632182
0.002934473
0.0003153885
0.9997613
0.51850504
0.7488737
0.41859215
0.0005866178
0.0007805754
0.0014297637
0.99407274
0.99863726
0.0017958567
0.9996711
0.986931
0.42050844
0.99920744
0.9857534
0.4217484
0.8514981
0.0006299939
0.59896284
0.0030253544
0.9928381
0.98575205
0.00025914563
0.0014779232
0.99828005
0.99963534
0.00043288703
0.9196336
0.00082963187
0.9998504
0.99766564
0.5259397
0.0007311235
0.0004593674
0.41966265
0.0008819044
0.9948561
0.5239252
0.0008703007
0.9595992
0.9718317
0.0008572429
0.99913436
0.0009432084
0.00040145332
0.4195386
0.4195404
0.9996811
0.0002830256
0.00078105455
0.0006564329
0.9981856
0.99849343
0.41908056
0.51557946
0.83397454
0.99995697
0.9746177
0.42159846
0.4222461
0.99985063
0.0005232088
0.00022551244
0.5142715
0.41894484
0.99953544
0.0021445132
0.0010604352
0.959082
0.9978834
0.0006155593
0.42084578
0.000701425
0.3940778
0.0007821569
0.8958005
0.0005644291
0.998026
0.41962326
0.4214035
0.5228028
0.00991293
0.0010342839
0.00062145625
0.533601
0.63033974
0.00069398666
0.9963276
0.99992836
0.88398945
0.4211581
0.0006715719
0.96746784
0.0017113057
0.98148996
0.42183393
0.0025728436
0.4224552
0.0010567518
0.0004342789
0.00046880465
0.42151055
0.0017416973
0.5161803
0.42021313
0.9985819
0.42004678
0.96782225
0.41840684
0.0018773092
0.0006913807
0.0012926925
0.0039207707
0.9980775
0.0028586576
0.0005103289
0.42022857
0.99856097
0.99982786
0.4194218
0.00051354757
0.1636257
0.0015956768
0.99823964
0.00055716484
0.9995629
0.51321733
0.41860354
0.9961642
0.0016413664
0.9943837
0.9977875
0.0010291704
0.9938877
0.969923
0.0011254449
0.50906515
0.0005029148
0.9998405
0.9983991
0.999416
0.8435475
0.9218162
0.0016523083
0.00082466874
0.0048512304
0.0003701979
0.022242708
0.99993086
0.76332796
0.0009778474
0.70767486
0.0016194037
0.99890673
0.0036584486
0.00067035115
0.010153696
0.484109
0.5253718
0.0003475139
0.002261068
0.0020656332
0.9984534
0.00061423244
0.99988806
0.9996681
0.99287957
0.00084562885
0.97551423
0.0011868305
0.41965804
0.4205123
0.0019815548
0.5244495
0.00034060449
0.62709504
0.00049118616
0.994966
0.4672316
0.0011598117
0.0028771944
0.00034512847
0.99619776
0.9975973
0.99195975
0.42234045
0.002895046
0.9375548
0.51285726
0.9996357
0.00074391445
0.89030683
0.83970773
0.42012095
0.00081564544
0.4194199
0.9999269
0.99887294
0.00020565846
0.99967825
0.99751496
0.0017218761
0.0019557478
0.0004226974
0.9951959
0.0033721349
0.7256411
0.9912651
0.0005310501
0.00062928826
0.0003626777
0.002221307
0.5251947
0.9358537
0.99596405
0.935259
0.4209829
0.83958626
0.0012753821
0.99920493
0.99935585
0.9994997
0.00014786173
0.0007071954
0.4212403
0.0007363878
0.9826366
0.5248214
0.0012208173
0.9310093
0.00087547017
0.0004118571
0.9952223
0.42333943
0.51463586
0.99866176
0.00032866446
0.9725802
0.9888981
0.9991941
0.25125733
0.0003973805
0.99703634
0.9820316
0.7651615
0.0007555975
0.8633481
0.9975648
0.9724883
0.99818265
0.9859271
0.9972308
0.986297
0.0040821275
0.0022550132
0.71216387
0.0008732162
0.003255772
0.0053149173
0.0008578733
0.000712702
0.0006177324
0.998998
0.32793453
0.4210597
0.51373816
0.99987185
0.0018760132
0.000746598
0.99907756
0.0004569257
0.998662
0.99988925
0.55281323
0.51222664
0.99744946
0.0009888111
0.003758105
0.99963474
0.420443
0.00033674744
0.9876726
0.00065053743
0.4194041
0.0005253079
0.00035726972
0.78737473
0.0007223808
0.0005940127
0.0007033917
0.00049637887
0.41910902
0.0005573863
0.0003544443
0.9694825
0.99429494
0.41849217
0.0007540546
0.97921616
0.00030488148
0.0009244018
0.9989687
0.5140888
0.0012776933
0.51467544
0.41992268
0.9984162
0.0003717145
1.0
0.2297318
0.0005732742
0.4204639
0.001851307
0.41947922
0.000780395
0.0007863663
0.0012826029
0.9792086
0.5055745
0.00023292033
0.98694336
0.0015527244
0.0010889273
0.42100695
0.0005376045
0.98554033
0.5171719
0.94132465
0.0007764184
0.008730494
0.0008101094
0.94950294
0.0022733577
0.99348253
0.0010755822
0.014979275
0.5229835
0.0010973174
0.00024499802
0.99372065
0.9996705
0.4234726
0.99885964
0.001762586
0.00052015274
0.9974611
0.23689228
0.7400188
0.0008136973
0.99885523
0.9981828
0.51503485
0.99977773
0.0027578545
0.99739206
0.9618448
0.9948714
0.0013759584
0.026089227
0.00067296246
0.4243623
0.0010207123
0.9997379
0.00029739257
0.99994385
0.41886568
0.9130584
0.998782
0.0014599353
0.0005145486
0.0005042975
0.6417877
0.9985141
0.998256
0.9998658
0.5238211
0.48561868
0.8824322
0.00032418047
0.41996375
0.9632624
0.51510817
0.008181055
0.998616
0.99770504
0.9996989
0.99849474
0.0017016091
0.0010892292
0.9881336
0.99990356
0.0011182481
0.5200643
0.42013335
0.99809855
0.00023266331
0.00553359
0.9994318
0.9250566
0.3685828
0.9236782
0.98754126
0.00042942024
0.0009109558
0.011852702
0.99965787
0.9999057
0.4204505
0.99979347
0.5145112
0.9985886
0.9997117
0.99790347
0.00033820196
0.00038462362
0.9974727
0.0016172542
0.0062454124
0.00045003748
0.94389325
0.0005276318
0.0016478426
0.00026293207
0.41962305
0.9996588
0.42035303
0.9657345
0.0064788642
0.5284382
0.0024583486
0.42270663
0.0004518812
0.0004175448
0.0006692796
0.0014131604
0.53097653
0.4193372
0.9692956
0.00046990148
0.99660975
0.42017904
0.0016830418
0.002256607
0.23316202
0.5160751
0.42014197
0.7257845
0.0005947089
0.41953075
0.0010890601
0.5397606
0.4196702
0.20259655
0.42025015
0.4221634
0.99998
0.001758612
0.998075
0.9895914
0.9011504
0.81379503
0.0011035926
0.9989641
0.9993048
0.6765274
0.0017658662
0.99682766
0.40972948
0.9992279
0.3229343
0.00031864992
0.5137918
0.9876858
0.4203135
0.9882924
0.001227173
0.0007751313
0.003497331
0.27053243
0.9992731
0.51427156
0.4198135
0.588918
0.9928207
0.0009845486
0.9999503
0.99934465
0.9892993
0.995411
0.9850367
0.41916746
0.0011423081
0.99814713
0.41945463
0.991819
0.41977403
0.999788
0.52262664
0.9919735
0.9995017
0.00673607
0.51465946
0.9945787
0.0009182286
0.99837
0.0013732361
0.0013586126
0.0011202807
0.0007687734
0.41979954
0.0013892103
0.5278647
0.5097566
0.9982663
0.00236783
0.93499136
0.58872706
0.0017870229
0.0010736443
0.998684
0.9528994
0.41920486
0.97070205
0.9993255
0.9935917
0.0003716647
0.99319834
0.0006613932
0.98919815
0.00090080453
0.00066967047
0.42065716
0.94541717
0.00059454737
0.99942744
0.41945213
0.96282244
0.41968197
0.0004467282
0.9397169
0.9976584
0.00072669453
0.9929287
0.9965743
0.00094655465
0.94595563
0.00064697326
0.00015770715
0.42170575
0.4229807
0.7679582
0.34232676
0.546928
0.51507026
0.9737717
0.41912913
0.52536714
0.0004814606
0.9624373
0.4216565
0.4195005
0.0005567335
0.00051956874
0.995565
0.4198974
0.5181258
0.00045544287
0.9907178
0.9031975
0.0003845697
0.99718237
0.00017863457
0.41938025
0.99841464
0.0011719085
0.00082501693
0.99368346
0.9993845
0.4197643
0.22052911
0.58627737
0.00025810508
0.419742
0.9990978
0.4216693
0.42029822
0.0008464972
0.0005736043
0.4192138
0.41929582
0.41980982
0.9861135
0.9909894
0.9812331
0.0055927536
0.4202457
0.96327597
0.0033920247
0.0013399706
0.9329955
0.0004102568
0.9936505
0.99972564
0.99966407
0.9996356
0.00017360074
0.0019834512
0.9759937
0.9994585
0.9901669
0.99188083
0.55059856
0.41977453
0.9999291
0.00031809535
0.99500656
0.9707352
0.002295293
0.012002763
0.00055149826
0.00081434025
0.9937843
0.9951385
0.92086756
0.0034154349
0.99991894
0.002519886
0.5157373
0.0009040931
0.9975331
0.994468
0.95783854
0.9992489
0.9960223
0.0039073764
0.41955715
0.00013843099
0.9948049
0.8828321
0.49122167
0.001097123
0.9999013
0.99958426
0.53465146
0.0010093855
0.9992848
0.0005910596
0.943781
0.9847525
0.9964143
0.00046899327
0.42083827
0.9927858
0.0015943433
0.0013768551
0.00086933095
0.9987274
0.0012433289
0.71038246
0.9947115
0.8576971
0.0011723043
0.006395368
0.98425967
0.99677926
0.00094778964
0.99923134
0.51439995
0.0008153423
0.003087268
0.04389409
0.0005207135
0.998218
0.42019817
0.0027964727
0.95325524
0.98673254
0.0015378315
0.0019564591
0.9857869
0.0027552603
0.9138444
0.00025440613
0.0010216035
0.0030137629
0.0023125317
0.9529035
0.0016716215
0.00052277686
0.99843234
0.0015763028
0.0024393466
0.5289637
0.19945008
0.00052686967
0.00058479875
0.4202828
0.4197876
0.98763204
0.9961605
0.99171937
0.00040920122
0.95201015
0.0008852822
0.99247664
0.006537576
0.9990125
0.9939699
0.9988433
0.98108506
0.00019074677
0.00038860828
0.4207231
0.9482338
0.42074624
0.7281495
0.43132353
0.60360616
0.4202117
0.8410552
0.856005
0.41931805
0.7456126
0.8350907
0.9992176
0.5154157
0.9986411
0.0001389731
0.00044819168
0.9057289
0.006602751
0.0013843403
0.0026903423
0.0009631862
0.8690197
0.9942667
0.9998549
0.99596643
0.0010449308
0.99995685
0.0064712814
0.0038144665
0.0008971586
0.9005614
0.00090759987
0.00089711323
0.41978836
0.9981193
0.0041735684
0.41938418
0.00032975074
0.000462546
0.00084591814
0.0022031835
0.00086324255
0.99629885
0.0011237373
0.9994056
0.0015552457
0.41899344
0.0004107751
0.995231
0.46434003
0.0010111473
0.00088094064
0.9996859
0.9709901
0.0007674723
0.00061136245
0.00036891483
0.4215495
0.82817084
0.99936575
0.0016555152
0.9969421
0.74104965
0.99821556
0.00023743008
0.9996805
0.0011938438
0.0018553865
0.90432
0.99219346
0.00029166022
0.42001322
0.98664874
0.00059104606
0.0021844078
0.0006645521
0.0016725446
0.99941766
0.9958996
0.00032561956
0.42427847
0.9991805
0.00029964006
0.8899626
0.9974794
0.000596112
0.0013557457
0.99941516
0.0022832365
0.00064990163
0.95907235
0.42173862
0.9994711
0.0012610244
0.0010975244
0.0018498043
0.19738875
0.0020799767
0.9931899
0.42097533
0.0002864253
0.42167652
0.9995503
0.7960266
0.9758497
0.51306117
0.0030368303
0.0002738548
0.99646425
0.0012090039
0.42031357
0.0022532041
0.41928726
0.9820726
0.41939774
0.27969065
0.999383
0.42160672
0.0076181744
0.47658482
0.9789732
0.9961521
0.0005279537
0.93342143
0.00023731038
0.4196476
0.52396035
0.9927497
0.0010173401
0.51654136
0.9827642
0.00043355918
0.0028343187
0.9992424
0.0010607733
0.99972874
0.00089454785
0.6296295
0.4192024
0.00061057287
0.9870799
0.0016082757
0.00022704249
0.51424706
0.9987062
0.000324671
0.0015321209
0.99992657
0.5453393
0.98735344
0.997815
0.5153503
0.9980825
0.51489496
0.00028738458
0.9979365
0.0010796655
0.42172408
0.002107351
0.0017580278
0.9999857
0.00036666854
0.97317487
0.5236356
0.0005135963
0.00071742956
0.00048023497
0.00067928946
0.9919761
0.00150761
0.9909791
0.00047627158
0.41942695
0.5156839
0.99640346
0.9932903
0.93077624
0.0011835982
0.9499904
0.00034543642
0.0015896072
0.00060447515
0.025248574
0.002341306
0.99754673
0.42000714
0.42072514
0.0005314699
0.29490188
0.9944496
0.99615186
0.9928751
0.99459934
0.998696
0.8564821
0.9908318
0.9929497
0.0010112769
0.9953538
0.5239567
0.00054218236
0.70764357
0.9974891
0.0014155403
0.9947955
0.00072114065
0.5159341
0.9999546
0.99968886
0.52279186
0.5308141
0.99364483
0.00084751286
0.000753639
0.0019526576
0.002183267
0.42431083
0.0043471283
0.00046518559
0.9993917
0.99600875
0.9494171
0.42022648
0.42051435
0.0016070795
0.4196358
0.42036116
0.5110028
0.0006756915
0.99021226
0.0021204825
0.9967968
0.00092930574
0.29362908
0.99680436
0.99750286
0.53795266
0.00048053928
0.94832
0.0034497755
0.92276984
0.00031296592
0.000977518
0.001171216
0.41974354
0.9996408
0.00052042026
0.0005652221
0.5143121
0.9997074
0.5271063
0.00029662377
0.99628985
0.48015338
0.9999988
0.0015051916
0.004644821
0.9988921
0.0016532643
0.0019042188
0.42223772
0.5134269
0.51629364
0.42116967
0.0011293235
0.9984675
0.5293298
0.00033243565
0.5164906
0.41963488
0.0014192875
0.0008717572
0.9983657
0.96129805
0.002199101
0.00072508754
0.0017886688
0.98350406
0.008800142
0.9899596
0.42282522
0.5343577
0.0021526099
0.00047212388
0.99943787
0.9997594
0.9975381
0.7154073
0.2524159
0.99606293
0.0008309575
0.00031914515
0.0006838141
0.9921244