0.546504
0.99979514
0.42330244
0.54347706
0.42330244
0.0005718643
0.0021192902
0.99984944
0.42330244
0.82668716
0.10695547
0.00068201363
0.001428158
0.4332826
0.9992471
0.00039449966
0.007989457
0.19409372
0.0032663483
0.51598763
0.79004765
0.008268872
0.42330244
0.010823481
0.00029842215
0.08085387
0.5081164
0.9280992
0.42330244
0.9938571
0.0009057347
0.42330244
0.9309966
0.42452246
0.42329684
0.4213159
0.52644265
0.995871
0.99984837
0.99922097
0.0010553327
0.51788086
0.0062810984
0.4231067
0.0010024097
0.00026483988
0.5258106
0.9389268
0.0005934332
0.9998061
0.99889225
0.0039424305
0.99950945
0.99936634
0.5170845
0.003702506
0.5367147
0.0018027794
0.011424465
0.007575918
0.5534967
0.99864846
0.5359726
0.42330244
0.81244624
0.59131753
0.55520856
0.0019598429
0.6539172
0.5589791
0.99907434
0.000407851
0.9285547
0.26853162
0.0010431489
0.0013484887
0.0025763933
0.53787214
0.42330244
0.4217512
0.001138076
0.0007091769
0.42375726
0.99716645
0.9986749
0.0014565276
0.53173876
0.99997807
0.9995639
0.9987901
0.0004128129
0.00045228263
0.9983298
0.98216325
0.001781857
0.49941835
0.99940217
0.90560246
0.9994254
0.99981755
0.42330244
0.42330244
0.0011781108
0.00045137067
0.42501095
0.025247207
0.0011287568
0.84096396
0.992504
0.9983937
0.0011924647
0.42330244
0.9974208
0.001807542
0.42572775
0.0027781732
0.0006684284
0.03406257
0.9965843
0.587595
0.972549
0.9998859
0.98759997
0.99998784
0.0011695381
0.998841
0.0038273113
0.0048200367
0.00097476476
0.95036125
0.9997737
0.98158264
0.004056753
0.9928063
0.008288717
0.00055473973
0.90347236
0.99993765
0.42330244
0.0009938953
0.9999815
0.0009473487
0.9844938
0.00070811086
0.99537295
0.003740428
0.0011267087
0.423078
0.012311706
0.022711394
0.99856335
0.9788695
0.42305967
0.0012391844
0.0046665356
0.42041796
0.9998167
0.00125306
0.00068891264
0.99655616
0.9996873
0.9995134
0.7658933
0.99928135
0.99914706
0.0004782011
0.5656274
0.5140764
0.00086322235
0.0025255303
0.0006824027
0.42330244
0.046181347
0.49156687
0.00450972
0.014077903
0.012317141
0.99999464
0.0006175878
0.00050859724
0.53043574
0.0018900224
0.008127491
0.999818
0.9374211
0.99532676
0.42458943
0.42330244
0.0012641118
0.9751335
0.0002704575
0.9998147
0.9992323
0.9992785
0.044950973
0.003118176
0.42330244
0.99511355
0.00014542151
0.0021729255
0.08400589
0.99918216
0.9997793
0.99983704
0.99703884
0.99998057
0.012761578
0.9995161
0.0033917348
0.033416115
0.42425683
0.42308834
0.99766386
0.0045811823
0.42330244
0.42330244
0.000769697
0.29110917
0.00031709555
0.0029378387
0.003099601
0.99992764
0.0010113487
0.009958609
0.002200512
0.998953
0.9546164
0.006460343
0.42330244
0.001609617
0.99851197
0.42330244
0.5190177
0.42330244
0.5200799
0.4257188
0.99982435
0.99998474
0.002084002
0.00052869954
0.0018329683
0.0049812957
0.9999577
0.9841781
0.93713295
0.00064224954
0.42330244
0.99624145
0.42310858
0.55306894
0.999509
0.0004506458
0.92799026
0.052310146
0.00083472667
0.0014965087
0.99101853
0.9955445
0.9969145
0.99921846
0.99987066
0.0020545372
0.9989176
0.9981902
0.50626814
0.032672394
0.0008631977
0.0010126097
0.51263
0.9970943
0.45444807
0.48817012
0.0013760442
0.024947653
0.9840516
0.50954115
0.5066344
0.0005782957
0.99895954
0.9719648
0.99980074
0.9998616
0.0032070593
0.0010124004
0.9999802
0.99915254
0.42088628
0.99675447
0.0006423291
0.42330244
0.7465603
0.999902
0.51901835
0.00040966176
0.9984106
0.002075899
0.519538
0.9973239
0.015930697
0.99749494
0.42330244
0.0005404928
0.465376
0.9918126
0.9999863
0.00083991274
0.53700197
0.04791376
0.9998393
0.0006842434
0.0034115952
0.6313062
0.9995258
0.9964252
0.99978405
0.0004780001
0.0026172579
0.0029626484
0.99005985
0.0013267815
0.00039876753
0.0017563633
0.0011024778
0.00014811671
0.9959378
0.5233352
0.013445657
0.007817191
0.42330244
0.99796367
0.65011275
0.00052711903
0.99870527
0.9998846
0.9024273
0.42330244
0.99987996
0.9997826
0.00075909635
0.000680781
0.00052220887
0.0006505396
0.9987186
0.42330244
0.99912816
0.4819957
0.555683
0.97544914
0.99991465
0.99287206
0.9887494
0.001214443
0.9993135
0.42330244
0.95931673
0.0024646022
0.001955106
0.52805305
0.99983525
0.55474526
0.0063569588
0.870348
0.07142023
0.00083869876
0.18248005
0.42298543
0.9603834
0.0011269957
0.001813294
0.42330244
0.42330244
0.0006255351
0.99996376
0.0007979825
0.0015694429
0.112435445
0.9984767
0.80504936
0.0014891755
0.01527711
0.9995859
0.9990005
0.82293576
0.008014719
0.056930065
0.9531801
0.9994235
0.42330244
0.0027719843
0.9995086
0.56425065
0.00047759863
0.0011663685
0.013058102
0.42330244
0.9995165
0.9876522
0.00048544357
0.0014078491
0.006391279
0.009343921
0.9839274
0.9979073
0.42330244
0.51876026
0.42422327
0.99759066
0.9978815
0.9965984
0.42330244
0.99394846
0.4195544
0.9798457
0.9995314
0.0023546438
0.0005990666
0.9213126
0.0020734398
0.99995995
0.0010370654
0.0045754365
0.42307875
0.0014140084
0.0012855338
0.9978891
0.9999846
0.9992107
0.42330244
0.00089207647
0.014332382
0.00096731866
0.9946155
0.42388827
0.06852588
0.0023432204
0.0002564122
0.9996891
0.5204201
0.87822616
0.42422444
0.0021197915
0.010630843
0.0013991225
0.9903362
0.9998035
0.0011290482
0.99965477
0.9976254
0.42330244
0.999833
0.9901244
0.42330244
0.8886803
0.00055291434
0.55152005
0.0072434917
0.99917537
0.98952687
0.00061353535
0.00072532916
0.99936193
0.9981458
0.0022695044
0.98932564
0.001196607
0.9998684
0.9990188
0.47258186
0.00086053275
0.0005597115
0.42330244
0.0023055377
0.99895895
0.55864
0.001124818
0.9901838
0.98896456
0.21313848
0.9991258
0.0008310993
0.001556688
0.42315194
0.42330244
0.98768216
0.0006951112
0.000804693
0.00024389724
0.9990777
0.999928
0.42330244
0.51564443
0.83660215
0.99999297
0.9851858
0.42330244
0.42330244
0.99995124
0.0011805429
8.895249e-05
0.5220857
0.42420542
0.999605
0.0012296231
0.0012488877
0.9758045
0.9997347
0.001161583
0.42488128
0.00061153434
0.5830225
0.001843212
0.93012816
0.0010816859
0.9998518
0.42330244
0.42149845
0.5527233
0.16809547
0.0030947973
0.0008260395
0.58906484
0.52325785
0.002195042
0.99939203
0.99994326
0.93478155
0.42327628
0.0026044287
0.958974
0.0038402355
0.99834824
0.42304876
0.0045250496
0.42330244
0.0014939749
0.0018076643
0.00047727686
0.42330244
0.005006632
0.53542703
0.42330244
0.9995529
0.42330244
0.9511791
0.4110699
0.009904729
0.0031075028
0.0022654245
0.003765494
0.9998592
0.007135475
0.002062556
0.42330244
0.99965847
0.99992394
0.42330244
0.0004388583
0.94966525
0.0052972897
0.9973086
0.0031114642
0.9994997
0.49744293
0.42374262
0.99930274
0.0010218429
0.9841061
0.999461
0.0010483795
0.95772564
0.9685546
0.0032458324
0.5179524
0.00030958137
0.99995816
0.9968093
0.9999409
0.93732595
0.97221214
0.0057293284
0.0008677664
0.012151451
0.00058488845
0.90150046
0.9999957
0.6550871
0.00083170686
0.630366
0.003099753
0.9999714
0.0019460262
0.000995387
0.019316314
0.44069308
0.5463704
0.00056116603
0.0006891454
0.0008237283
0.99950874
0.00088768057
0.9999589
0.9998079
0.9863131
0.00088509236
0.99720603
0.0016656542
0.42330244
0.42330244
0.00419686
0.5388458
0.004015563
0.9112216
0.0022598
0.997979
0.5166081
0.0016461696
0.004804962
0.0015349123
0.99446505
0.99961025
0.9930676
0.4237561
0.27178437
0.6223075
0.4983847
0.9999515
0.00064829754
0.9505771
0.9163253
0.42330244
0.0010057191
0.42353633
0.9965191
0.99946874
0.031630706
0.9999442
0.9972548
0.26223922
0.0035414195
0.00037058332
0.99761957
0.0012687704
0.8031791
0.9990225
0.0004552482
0.0020251907
0.00032107695
0.12678617
0.5285521
0.97032815
0.985284
0.9824144
0.42330244
0.732801
0.0011893541
0.9943837
0.9988028
0.9999125
0.000255442
0.00046293618
0.42302826
0.0006033165
0.9988864
0.608094
0.0006769958
0.9795594
0.0020615954
0.001463289
0.9820341
0.42330244
0.52966416
0.9999399
0.0013869393
0.98368245
0.9980515
0.9998474
0.39051986
0.0010838185
0.99863726
0.96153915
0.68050134
0.00635027
0.9114461
0.9997359
0.97515905
0.9996735
0.9961211
0.99712366
0.9979949
0.007521872
0.0025897794
0.873264
0.00050611945
0.0053863917
0.72800845
0.0003718387
0.0017531543
0.0005581588
0.9982299
0.5508808
0.42330244
0.534915
0.9996172
0.026968617
0.0024162394
0.9994646
0.0006768129
0.99914277
0.9999578
0.51440936
0.51269454
0.9956904
0.0009952395
0.002771461
0.999764
0.4230583
0.0003072989
0.9960282
0.00050953956
0.4864992
0.0017727847
0.00040120576
0.93210554
0.0026343174
0.0007789162
0.00038117525
0.0013385739
0.42325416
0.0008591584
0.0009719988
0.99257237
0.998456
0.42065656
0.0010848612
0.9946684
0.00016310987
0.0010148562
0.99884486
0.53650683
0.0030115286
0.5163102
0.42330244
0.9989778
0.0005219909
1.0
0.13755347
0.0013989339
0.42308348
0.014140052
0.42330244
0.00087524875
0.0005492362
0.0009465223
0.9846309
0.5074886
0.0002975389
0.9957838
0.008498087
0.00089730346
0.4232212
0.00043288537
0.986597
0.5372977
0.9610342
0.0010103635
0.03541973
0.009329252
0.90546197
0.010290583
0.9979944
0.0029364312
0.08086296
0.5390947
0.0014272021
0.0009127302
0.9974775
0.9996774
0.42308605
0.99897766
0.008577364
0.0021214504
0.997621
0.3291736
0.9352103
0.000828334
0.99917006
0.9958877
0.5225857
0.9995957
0.0028021564
0.9994931
0.97625864
0.9966376
0.0025951033
0.010005048
0.0007765882
0.42330244
0.0013329396
0.9997427
0.00034217632
0.99992764
0.4237144
0.85736805
0.9985623
0.0012750705
0.00079356844
0.0008579836
0.5115572
0.9728318
0.9991316
0.99983525
0.5646704
0.5288627
0.88800144
0.0015539918
0.42330244
0.9940446
0.49092314
0.0022468923
0.99522614
0.9997979
0.9999826
0.9988424
0.0021956668
0.015838448
0.99403
0.9999821
0.003165338
0.52329105
0.42330244
0.9997205
0.0009628233
0.0033070713
0.9991222
0.9978866
0.5344114
0.9491753
0.9956779
0.00081052445
0.00115413
0.5003787
0.999864
0.999913
0.42372382
0.999977
0.5295549
0.9990074
0.99940753
0.9974458
0.000577459
0.008233072
0.99910295
0.003471129
0.0042466107
0.0010049916
0.8618866
0.0031193397
0.0008916414
0.0007497325
0.42330244
0.9997054
0.42330244
0.99486464
0.0027858776
0.551608
0.0030491073
0.4257078
3.1275675e-05
0.0006726602
0.00028975337
0.0011717092
0.47788125
0.42330244
0.99631613
0.0016523264
0.9966388
0.42330244
0.98646414
0.87445986
0.28587964
0.5415116
0.42330244
0.54649156
0.0024330136
0.42426637
0.001953283
0.5554056
0.42330244
0.20217972
0.42330244
0.42304924
0.99999654
0.0008314664
0.9983834
0.99290574
0.92739975
0.939072
0.0012850864
0.99854785
0.9994629
0.6557201
0.0060961577
0.999009
0.33173373
0.99992263
0.25088814
0.00083849253
0.5298481
0.9988556
0.42330244
0.9989485
0.0005878023
0.0015410454
0.020106342
0.2935277
0.99989843
0.5277437
0.42330244
0.5953223
0.99434835
0.0037671758
0.9997962
0.9953815
0.9954091
0.9950075
0.962862
0.42330244
0.0034909123
0.9933181
0.42330244
0.9807792
0.42330244
0.9999441
0.5255844
0.9843054
0.9999645
0.022520743
0.5363582
0.99727815
0.0009824529
0.99680734
0.000675991
0.0010806734
0.0027823031
0.0005689321
0.42330244
0.014991579
0.56302136
0.5238945
0.9987161
0.003749018
0.95992196
0.58107454
0.0022915374
0.0013699261
0.98866946
0.9765768
0.42330244
0.9306716
0.9990202
0.99931514
0.0017656485
0.99927515
0.0011738457
0.9975266
0.004783051
0.00094119937
0.42310002
0.98640615
0.0016201779
0.9997578
0.41396552
0.98227304
0.42330244
0.0005441575
0.88091236
0.999313
0.0012895634
0.99998844
0.99863213
0.000966339
0.9582162
0.004240361
0.0005102224
0.42330244
0.42380843
0.8479592
0.50104535
0.5447366
0.5184028
0.97345835
0.42329317
0.5481927
0.00056325615
0.9896597
0.42330244
0.4242309
0.0007552789
0.00040118664
0.9998559
0.42330244
0.52318525
0.0003563457
0.99691135
0.67142045
0.00023573406
0.9988906
0.0006039336
0.42330244
0.9966852
0.00031499605
0.0014261071
0.995388
0.99891603
0.42330244
0.09141317
0.55262095
0.0010638989
0.42330244
0.9996574
0.42330244
0.42320168
0.0008252851
0.004007974
0.41735214
0.42330244
0.424014
0.995871
0.9996476
0.97682196
0.00766306
0.42330244
0.9786143
0.007687804
0.0022042969
0.674295
0.0012484697
0.99754024
0.9997763
0.9994789
0.99925965
0.0005356937
0.001073654
0.9771503
0.9974597
0.995144
0.9724187
0.5199862
0.42317978
0.99955016
0.0041965987
0.9972984
0.9996605
0.0077257245
0.0012780349
0.0006533904
0.0021268476
0.9976157
0.991353
0.98307365
0.0011530124
0.9999268
0.0006996168
0.5398797
0.0007617181
0.9974853
0.99461305
0.9729934
0.99917275
0.99557847
0.015217412
0.42464435
0.00055743736
0.9955167
0.72757477
0.5262521
0.000864387
0.99985754
0.99991417
0.5631154
0.0046087713
0.99911314
0.00078874757
0.995417
0.9833649
0.99764913
0.0013578914
0.42305693
0.9968832
0.005416234
0.01111732
0.001146064
0.99928135
0.00080125825
0.53790945
0.9914653
0.9596906
0.017326389
0.014401654
0.9923936
0.99988747
0.0015279904
0.9997528
0.5104711
0.00049612246
0.002848456
0.33955398
0.0029548232
0.99932396
0.4230612
0.0031239663
0.9789357
0.9890618
0.004436553
0.00017248158
0.9980572
0.0045454344
0.9514142
0.00014382598
0.0036043155
0.0018965327
0.0013367777
0.89531106
0.011012184
0.00043506784
0.998156
0.0038629747
0.014572345
0.552544
0.13744543
0.0002065467
0.0003185515
0.42332247
0.42330244
0.99214184
0.9991208
0.9993187
0.0009117163
0.9784192
0.0021093164
0.99433607
0.68863493
0.99544686
0.99924004
0.9974256
0.97708726
0.0003809482
0.0006297973
0.42330244
0.96678
0.42330244
0.5269606
0.33129576
0.57404226
0.42330244
0.926275
0.8192658
0.42330244
0.7965651
0.8253898
0.9998534
0.53188556
0.9998217
0.007687153
0.00035098105
0.9638781
0.009509465
0.001565092
0.0076546813
0.00067955174
0.96314734
0.99606293
0.99996567
0.9992065
0.00046183716
0.999992
0.0058847163
0.0014304993
0.0002317158
0.8058257
0.0027271633
0.00089009653
0.42330244
0.9866627
0.00042721786
0.42330244
0.0007610267
0.0021667266
0.0021635394
0.010256073
0.0007567548
0.9989618
0.0004948548
0.99760205
0.008889419
0.42330244
0.0005410851
0.9941163
0.48147678
0.0010237258
0.00821064
0.99983335
0.9919619
0.0020265547
0.0007542612
0.0016564219
0.42330244
0.8545783
0.9999573
0.008210894
0.99946684
0.9035945
0.99865294
0.0002961307
0.9999081
0.0015024171
0.0052690185
0.5970645
0.9984517
0.00035637236
0.42194268
0.9839244
0.0007004704
0.005192441
0.0015108731
0.0007593369
0.99933666
0.992458
0.000646134
0.4310744
0.999553
0.00034332403
0.5594298
0.9973558
0.0018623946
0.00046478558
0.9998938
0.0010323352
0.00096298615
0.99921787
0.42330244
0.9997756
0.0012400735
0.0007386935
0.0022903646
0.16856378
0.0050765797
0.99815124
0.41477013
0.00029921555
0.42313123
0.9998883
0.8836961
0.9728204
0.5133508
0.00111793
0.00033550765
0.99620605
0.0024454924
0.42330244
0.0056179077
0.4242344
0.9974941
0.42330244
0.76350373
0.9996518
0.42330244
0.20918107
0.4842427
0.9739595
0.99684757
0.0006911574
0.96466476
0.00025419905
0.4248306
0.5582912
0.9988972
0.0015129636
0.5262903
0.99302775
0.0004870967
0.010696301
0.9993518
0.0005050631
0.99997735
0.0026582286
0.86988777
0.42330244
0.001975649
0.9900913
0.002206515
0.00060127093
0.51740783
0.99802506
0.00023346396
0.0009219654
0.9997774
0.5757396
0.9970599
0.99766636
0.5262021
0.9959365
0.56599075
0.0008010154
0.9994024
0.0011946822
0.42330244
0.002556907
0.0064389473
0.99999785
0.00044454346
0.9960478
0.55555606
0.0008422775
0.00077281136
0.0014289103
0.00043401337
0.9935022
0.016546773
0.9993468
0.00031150907
0.42330244
0.52899945
0.9931191
0.99165547
0.94089156
0.003017384
0.98462003
0.00017016567
0.0015230704
0.01373365
0.0006573933
0.006060655
0.9990571
0.42489454
0.42330244
0.0019508629
0.42409176
0.9959544
0.99866414
0.99195707
0.9914186
0.99890983
0.8470725
0.9979844
0.9988483
0.0007067894
0.9946379
0.54555166
0.0006481508
0.27517766
0.9996099
0.0009570012
0.9957359
0.0015198897
0.54155725
0.9999678
0.9999629
0.55744255
0.55258816
0.9969309
0.0055352566
0.0008232398
0.0018752143
0.001870319
0.42330244
0.0019267714
0.00045445887
0.99995196
0.99426186
0.8878822
0.42330244
0.42330244
0.0012306389
0.42330244
0.42330244
0.46051824
0.0005049745
0.985531
0.037716642
0.9968566
0.0039275386
0.73610365
0.99945754
0.99840516
0.5707737
0.0011330767
0.98628646
0.00969585
0.9908568
0.00041336694
0.0026193298
0.0009432561
0.42330244
0.99986744
0.00059492944
0.0002360361
0.52570176
0.9995307
0.55256844
0.00077734084
0.9928617
0.8610095
1.0
0.00092755334
0.006006015
0.9992329
0.0030964925
0.0062158294
0.42304292
0.5123284
0.5251411
0.42301947
0.0006590686
0.9991673
0.54190737
0.0006874793
0.5413598
0.42330244
0.0008227257
0.001103691
0.99563426
0.99751854
0.0006345483
0.0008144823
0.003552043
0.86811227
0.556762
0.9966517
0.42330244
0.6015463
0.0047740103
0.00045674414
0.99851173
0.9995726
0.99942493
0.58741635
0.27246478
0.99751747
0.0009639119
0.00032892905
0.001843504
0.9870597