0.49955836
0.99784243
0.44988534
0.50688094
0.4571041
0.0030899518
0.0039698463
0.996332
0.47145545
0.7597086
0.009573341
0.002747251
0.0046506934
0.44532734
0.99142575
0.0039679725
0.015591256
0.6891059
0.008552382
0.48744932
0.6888167
0.0042004846
0.48293456
0.0043872786
0.0017744302
0.03513154
0.47436172
0.9756495
0.45831424
0.9946911
0.0024586539
0.4184785
0.7041703
0.43488446
0.46965423
0.429725
0.49288142
0.8337517
0.98807317
0.9865649
0.009253659
0.47864866
0.0036672421
0.450789
0.0041035134
0.0020536927
0.5305818
0.7094334
0.0029058657
0.9771169
0.8365276
0.004635127
0.99460465
0.9718147
0.48760816
0.0082744695
0.49517715
0.0115779955
0.005850998
0.020170974
0.60049397
0.99729174
0.52818626
0.4462541
0.9589007
0.8884779
0.56368357
0.0038437925
0.66256666
0.48774123
0.9932041
0.003366139
0.7169894
0.44524267
0.0034996166
0.0022046682
0.0035381047
0.4957164
0.43743205
0.42669684
0.006265575
0.002307032
0.42010897
0.9875382
0.9523817
0.0030471787
0.53829104
0.9032057
0.96482295
0.8287282
0.0019696848
0.002698752
0.9888249
0.95977235
0.0036783656
0.011973446
0.968507
0.95710564
0.97206277
0.98667693
0.44590333
0.4465414
0.0028608835
0.0020160319
0.43011296
0.0023288324
0.002021929
0.8187431
0.9702811
0.99428743
0.007767457
0.45034584
0.91070247
0.0035603093
0.440292
0.0053911093
0.0034964602
0.007923381
0.9591633
0.7371222
0.7268952
0.97582203
0.0066221305
0.99559385
0.004969125
0.88044554
0.0074434285
0.00930228
0.0030103077
0.9550503
0.98128307
0.97247744
0.0075398404
0.8857472
0.003423963
0.0043384274
0.3264988
0.9965835
0.46372914
0.004273233
0.979498
0.0025290656
0.9590023
0.0030685822
0.9029263
0.007090585
0.0021222208
0.2679336
0.10866164
0.0028591226
0.99283445
0.8226222
0.42282996
0.0055348473
0.0091147395
0.42049786
0.9954325
0.0019564405
0.0036116298
0.9109707
0.9914654
0.8948788
0.43436077
0.91215014
0.99509513
0.003930127
0.6117117
0.5165281
0.0027850987
0.004151638
0.0043381783
0.43048927
0.01990684
0.7598714
0.017455818
0.0053804703
0.008603924
0.9931583
0.015138326
0.0041153487
0.511372
0.0026321823
0.0026140283
0.99829847
0.95995235
0.99061906
0.44117907
0.47269365
0.006090079
0.95675385
0.0017770512
0.9936783
0.99356866
0.9726557
0.03659059
0.007980867
0.44559246
0.97465104
0.0021729027
0.0023090313
0.02353605
0.92612153
0.96927243
0.95881057
0.9956247
0.99768627
0.019665517
0.99351573
0.010148234
0.0060454276
0.41843176
0.4524671
0.9892018
0.04891448
0.45312583
0.46351585
0.004155198
0.31295666
0.0029925671
0.007931744
0.0056580356
0.9946944
0.015792415
0.0039037939
0.004057986
0.97584814
0.96762764
0.010547269
0.45534402
0.002298765
0.9893181
0.46912447
0.5692297
0.44877806
0.49962822
0.40895873
0.8922928
0.97617674
0.005278103
0.0023608687
0.008282013
0.0021973366
0.9953548
0.88826823
0.9363196
0.0032549333
0.48639515
0.21703276
0.4290356
0.50807774
0.99163413
0.0024864587
0.8848719
0.027650801
0.0027021875
0.0045576557
0.985581
0.9566334
0.9641648
0.99423295
0.99255884
0.003146271
0.98942626
0.9730794
0.7786572
0.021522578
0.0040818136
0.0031462784
0.4762397
0.993662
0.46438244
0.55076265
0.0066850474
0.010438804
0.7424066
0.4704831
0.4723694
0.0026345267
0.9864073
0.9634212
0.99756575
0.99491864
0.005661148
0.0025843128
0.996267
0.91540045
0.4213184
0.9916477
0.0017053968
0.46286127
0.7145464
0.9920293
0.5070718
0.0046131527
0.8717279
0.0061409115
0.8133632
0.98267835
0.0064353365
0.95761305
0.4510948
0.0045984145
0.8512347
0.98734146
0.9820264
0.014241726
0.50337195
0.015591462
0.9929664
0.0034371398
0.0041063162
0.7443898
0.93619347
0.99348986
0.98882294
0.0028644088
0.009629686
0.0048680273
0.9503818
0.0042038984
0.0016210119
0.01584699
0.0025527657
0.0010720718
0.9631134
0.50293726
0.013873952
0.0032851133
0.45355174
0.98945194
0.6955209
0.003457254
0.9616933
0.9843189
0.527094
0.44816005
0.9959877
0.9966671
0.0070589874
0.0033543492
0.0023632352
0.0033706771
0.9833672
0.30263925
0.97758543
0.850052
0.67944497
0.990321
0.99857426
0.9862897
0.94683063
0.0024577838
0.98672163
0.30348665
0.93802476
0.0045888666
0.0038867062
0.55284804
0.98831683
0.5583901
0.0023459096
0.95988643
0.024286283
0.0039736396
0.005127916
0.41812584
0.9735034
0.0051554395
0.003745561
0.45010254
0.4820331
0.003045516
0.98657817
0.0022046336
0.0029838572
0.0025750212
0.992924
0.9195787
0.003340726
0.02942727
0.9785407
0.92712176
0.909501
0.002590856
0.012121437
0.92884076
0.95953983
0.29971474
0.009373456
0.98651695
0.66566974
0.002347352
0.0031828755
0.078508936
0.45362285
0.99070287
0.9658102
0.0025393593
0.0021628973
0.012787696
0.0033738825
0.96844345
0.9903565
0.27307224
0.47775242
0.45231968
0.9833452
0.977433
0.98303413
0.44773123
0.97424424
0.47753075
0.9346424
0.9694071
0.0028237337
0.002967608
0.97664195
0.0029742871
0.9920729
0.007659098
0.0050157593
0.44652092
0.0028168447
0.0047495887
0.96424186
0.9962788
0.9864775
0.29131794
0.004111743
0.0153824845
0.005210156
0.9346914
0.44443676
0.20615424
0.013457579
0.002033277
0.96839285
0.50835633
0.95464796
0.42718136
0.0022283578
0.008707025
0.0029308717
0.97800297
0.99366874
0.024233526
0.9315572
0.9511137
0.45967847
0.997065
0.9853403
0.4516687
0.93432695
0.004298592
0.5705672
0.0063171624
0.9821276
0.5973997
0.002306424
0.0034752337
0.88627285
0.99693155
0.001680364
0.9040875
0.0074333916
0.9960967
0.9703176
0.43474984
0.0024305983
0.0034883737
0.44485757
0.004100712
0.9853655
0.52597266
0.004034882
0.94726324
0.94838494
0.01365819
0.98507786
0.007247371
0.005595993
0.44415534
0.44660407
0.9862651
0.003543852
0.0012371235
0.004491507
0.9966389
0.99157226
0.45373797
0.48979104
0.8626366
0.99828136
0.9847061
0.47089458
0.46324596
0.9887444
0.007477845
0.0012185373
0.50082785
0.42269614
0.991715
0.0069012004
0.002357152
0.9451243
0.98177767
0.004977294
0.40912887
0.0023972748
0.863746
0.008211569
0.75571084
0.0019271236
0.9915684
0.44840488
0.440894
0.51241314
0.18455204
0.0030020315
0.0060264627
0.5506765
0.45471847
0.021324957
0.9631909
0.9973277
0.8996826
0.4413655
0.0024360616
0.9387433
0.007272562
0.7847008
0.47770685
0.004152056
0.3179307
0.0040051467
0.0027592017
0.0013264214
0.455243
0.0057382258
0.5194105
0.47592238
0.98382694
0.43444118
0.977085
0.45575696
0.008677216
0.0024186277
0.0049603595
0.007932784
0.98202735
0.008679543
0.0051966696
0.45008865
0.9796937
0.9975454
0.46431366
0.0042151473
0.031402424
0.0035832163
0.9756856
0.0026367228
0.99291635
0.45742413
0.43929005
0.99119776
0.004412396
0.9180042
0.9952337
0.0035235689
0.7279451
0.96449906
0.0019825932
0.50170445
0.0037100806
0.99167365
0.98718494
0.9932633
0.98190343
0.9784201
0.008357414
0.002022883
0.0019091199
0.0027364774
0.018102527
0.93929964
0.3568987
0.0036659269
0.5362291
0.011662405
0.9670313
0.0043141083
0.0029920507
0.010345031
0.54291433
0.52039427
0.0019040131
0.0061645764
0.004216697
0.98051214
0.0043883496
0.9922339
0.9367965
0.81430566
0.0022233275
0.89334035
0.0027961177
0.46056482
0.45501727
0.0048355996
0.50248617
0.008014803
0.75604254
0.003792884
0.9844493
0.5445911
0.006844435
0.013306347
0.0031439012
0.93780947
0.9357683
0.9600252
0.28976855
0.0039092605
0.86788595
0.48241377
0.98889774
0.0038634096
0.97198844
0.937583
0.44409952
0.0020756698
0.44122213
0.8038228
0.98648083
0.014341418
0.9967493
0.96895975
0.008487353
0.0104585355
0.0024447145
0.97622126
0.004865697
0.74169856
0.98678106
0.0034986143
0.0027093582
0.0037458278
0.0060099848
0.54470825
0.95453984
0.9774559
0.95764345
0.4718394
0.52904063
0.0048555117
0.99510765
0.58802545
0.9563959
0.0025771887
0.0035637212
0.43736836
0.0038961917
0.9935003
0.66995484
0.0013857544
0.91965944
0.00352936
0.0026602156
0.96578383
0.29179278
0.49060968
0.98267674
0.0042114886
0.9369861
0.81571186
0.9882902
0.42790195
0.003681399
0.9886513
0.6743969
0.55859244
0.004882094
0.38112092
0.9506195
0.9488869
0.90501475
0.9244079
0.9945991
0.9904021
0.0053685284
0.007965661
0.94046414
0.0032617021
0.0036136638
0.03077553
0.0037249739
0.00361893
0.006192063
0.96279407
0.54852676
0.48112717
0.53122795
0.9827535
0.01585265
0.003702541
0.9935275
0.0027378884
0.98244053
0.99707866
0.53451884
0.4951218
0.960809
0.0030487422
0.0029902945
0.9872444
0.43046233
0.0022742806
0.97451496
0.0020630124
0.73468024
0.0035671312
0.0018836681
0.8841744
0.00277537
0.002371118
0.003958781
0.005720613
0.44879237
0.0017336417
0.009710076
0.7808468
0.9699953
0.42021066
0.0034155776
0.9741028
0.0016292684
0.0027901807
0.9800499
0.5666841
0.015848998
0.49423388
0.4581204
0.9781902
0.0023409175
0.98162377
0.18995412
0.004402332
0.44919994
0.0053803273
0.46099383
0.0042774
0.0024375618
0.0029005818
0.7997986
0.477897
0.0030923428
0.948479
0.008932132
0.0052664797
0.43867543
0.0025791542
0.9818864
0.51382494
0.85068774
0.003316578
0.010483377
0.008834624
0.9502883
0.0065662987
0.9892201
0.0030218961
0.0120848175
0.5301668
0.0022527261
0.0015868738
0.9824767
0.9620312
0.2924818
0.98718655
0.0036510762
0.00796799
0.96887726
0.72121763
0.6208143
0.0026961826
0.99169064
0.8424598
0.49405116
0.99297273
0.028442765
0.97841555
0.8373651
0.9950171
0.0056214463
0.1437207
0.0048269834
0.27698937
0.003971355
0.98618394
0.0021808655
0.91535014
0.44415122
0.92510116
0.996576
0.0028168128
0.0030290298
0.0024946516
0.81354654
0.9748755
0.95156235
0.9977063
0.59582597
0.4574478
0.8016697
0.0026758309
0.4380346
0.6609084
0.76300436
0.0073270607
0.92800945
0.58365256
0.98987013
0.9794223
0.0051316884
0.020560993
0.9657906
0.997666
0.0020538021
0.59508634
0.43788946
0.99455416
0.0024948926
0.0069538504
0.9931171
0.9196966
0.3660409
0.97644335
0.9858986
0.0034925465
0.0021636279
0.027533393
0.99517965
0.9956571
0.3784155
0.9591319
0.51254123
0.9893421
0.9978725
0.9705439
0.0019267236
0.003864239
0.9572485
0.008072859
0.019197311
0.0035022383
0.8426281
0.0023092995
0.0060307463
0.002645852
0.45890093
0.9794372
0.44491258
0.94141245
0.008970517
0.5375242
0.0108728055
0.25987074
0.011274899
0.010806638
0.002435846
0.0031156808
0.6626946
0.4588159
0.9612487
0.0030849017
0.9777033
0.4549782
0.009099584
0.019685775
0.42302918
0.49919057
0.4850363
0.45651683
0.0012018998
0.44213566
0.0034536202
0.5648405
0.45219365
0.32382053
0.47319612
0.44707474
0.987399
0.0027958998
0.99287474
0.98309416
0.9470825
0.9576841
0.0050890413
0.93115926
0.99183136
0.18554302
0.0026043504
0.9876457
0.41935313
0.96442187
0.45669976
0.0054253964
0.5036435
0.9767295
0.43804964
0.99062514
0.0032806653
0.0035106007
0.015971707
0.3818932
0.98543686
0.50845736
0.45074877
0.6403012
0.97394717
0.0057435795
0.98137534
0.99394846
0.8569921
0.87604105
0.8663948
0.48466998
0.0043427674
0.99431336
0.4546814
0.9892336
0.45516297
0.9100179
0.5204198
0.70637786
0.9941473
0.009114227
0.5322652
0.9511068
0.0027778759
0.9886904
0.0039599976
0.0037436238
0.009845923
0.003875087
0.44772983
0.0065931687
0.50170577
0.50353223
0.99007404
0.0036578858
0.8613291
0.7116496
0.0062048077
0.0035212645
0.9256644
0.86713487
0.44708174
0.9217047
0.9619778
0.9912539
0.003259999
0.99118584
0.001995457
0.9677376
0.00863243
0.002079669
0.45134142
0.98605597
0.0030478914
0.9954522
0.42109773
0.9874692
0.44453517
0.0067125084
0.90536267
0.9838997
0.002722695
0.97321653
0.9824746
0.0036200802
0.83962417
0.0071422416
0.0031517344
0.45950451
0.26676676
0.76934916
0.40725005
0.5069731
0.4935511
0.8899464
0.4522226
0.5298284
0.001910216
0.930108
0.4748466
0.47869527
0.005328613
0.0033914493
0.96266675
0.44999173
0.5098923
0.0029454469
0.9644536
0.52941036
0.0015358216
0.9906019
0.0029823114
0.44467336
0.9445246
0.0025606733
0.0018515051
0.9607335
0.99608636
0.44234997
0.24011356
0.5334936
0.0024267526
0.44110617
0.991525
0.46663594
0.42945588
0.0029920721
0.006913067
0.43087685
0.44824108
0.43343952
0.9718821
0.96024585
0.7971883
0.005360417
0.463378
0.94396794
0.0043692654
0.012742309
0.7764318
0.0034947891
0.9769473
0.9975253
0.9952775
0.9871169
0.0019506615
0.0036110003
0.73746
0.9936533
0.9893825
0.85448766
0.56015533
0.4460625
0.95137894
0.010096327
0.98467827
0.9800575
0.0073987655
0.007927344
0.002350747
0.0029312742
0.9400055
0.86994225
0.9357758
0.022837862
0.9807436
0.0071936822
0.5404592
0.0026439782
0.97751653
0.9627863
0.9817456
0.99037206
0.9772652
0.0024800815
0.4335316
0.0030486612
0.93528754
0.97271585
0.42006132
0.002865602
0.9926029
0.98866886
0.53628296
0.0022474227
0.9711987
0.0031982532
0.8941037
0.9332938
0.990595
0.0028524976
0.4330713
0.9918057
0.010114463
0.0072865
0.0025082163
0.9959992
0.0048601544
0.33808476
0.9664936
0.80855775
0.013747964
0.0051239454
0.9777535
0.9959228
0.0044394727
0.99593747
0.4965216
0.0020309174
0.005161697
0.11491438
0.002164979
0.98780197
0.4366278
0.009281017
0.8946772
0.9535072
0.0049602417
0.00944003
0.9876676
0.0047488855
0.84336656
0.001314697
0.0018833688
0.010006567
0.0047153966
0.9364282
0.0028613666
0.0023540694
0.96949166
0.005103795
0.007996146
0.50571126
0.13309102
0.0021644353
0.004824877
0.48820075
0.45764664
0.9817116
0.92658013
0.9876902
0.0032468955
0.9299578
0.0035698866
0.96909773
0.026469091
0.99449366
0.99101794
0.975636
0.97920734
0.0038174107
0.005852898
0.45251626
0.7318828
0.46219927
0.7807965
0.21012178
0.77890146
0.44289348
0.7657909
0.5207207
0.45593077
0.8764171
0.88161814
0.99361235
0.50944006
0.9351585
0.0011974924
0.0021898514
0.9616723
0.007545888
0.0045016417
0.010912077
0.0050797793
0.8878927
0.88789713
0.9707501
0.9915752
0.0046382984
0.99820936
0.018769851
0.0068243328
0.0021185703
0.90211743
0.0028746896
0.003007191
0.44683197
0.95526665
0.003466313
0.4467366
0.004561279
0.003546682
0.00358205
0.0033332424
0.0018906838
0.98402435
0.004969889
0.9881058
0.0043780967
0.44381106
0.0032250432
0.9848914
0.55222994
0.0029854337
0.009019734
0.9933316
0.9786064
0.0029235373
0.0025422485
0.0025309501
0.47958514
0.83263946
0.9856733
0.017771466
0.961268
0.8908781
0.98345757
0.001698893
0.98950386
0.0028506292
0.008890415
0.46932378
0.9408216
0.0023689126
0.47804597
0.96360177
0.0025276248
0.0042396965
0.0036601613
0.0049692807
0.9550897
0.99479043
0.0038388588
0.39437905
0.99583673
0.0022902645
0.50847036
0.9145157
0.0035530662
0.003311453
0.9969394
0.005279673
0.0047887657
0.9787323
0.4738466
0.9817576
0.0031779064
0.0019774118
0.00909257
0.015991122
0.002509338
0.9847135
0.43012777
0.0027013521
0.45087117
0.99310017
0.6605423
0.87015635
0.48918507
0.023659768
0.0032158608
0.9589391
0.003283902
0.46009415
0.00554141
0.45460933
0.9675456
0.46036974
0.016045054
0.98468715
0.45932567
0.012381172
0.44614047
0.9353806
0.8385604
0.002330435
0.97123826
0.0025562088
0.4329766
0.6847153
0.99553204
0.0027663275
0.51449007
0.9606247
0.0026296396
0.003075864
0.98302966
0.005228874
0.9876417
0.0036685592
0.9483965
0.43989962
0.005473574
0.9815382
0.004141277
0.0025154026
0.49601996
0.99386394
0.0019328735
0.0035614038
0.99247277
0.51163554
0.98762614
0.97943634
0.5250022
0.86562693
0.51502913
0.004624553
0.9921461
0.003918883
0.4669887
0.008408556
0.013186827
0.99332434
0.0035872872
0.8831319
0.5386712
0.0031143911
0.003395489
0.004936959
0.0034369978
0.99125624
0.01565034
0.9720338
0.00278047
0.45537162
0.50477666
0.9220781
0.990418
0.965217
0.0064833285
0.95011103
0.00094768766
0.0054287165
0.002447174
0.015381387
0.0026695516
0.9788327
0.4447176
0.47327778
0.0016571134
0.2906358
0.98635954
0.9954248
0.98781407
0.9923745
0.87018096
0.8793631
0.8480636
0.9856791
0.005384363
0.70551366
0.5593665
0.0017602402
0.7415527
0.9749572
0.0034978595
0.97428733
0.00507138
0.5338226
0.98613226
0.9925649
0.51530284
0.5417367
0.9684381
0.0034550943
0.003764827
0.010650863
0.0063076545
0.28778422
0.002516822
0.001750056
0.99546933
0.9769264
0.9098598
0.4687293
0.44692242
0.008083638
0.45512742
0.44058675
0.47567493
0.003825474
0.87479883
0.01094142
0.9567928
0.0025932847
0.61048
0.99755895
0.9926714
0.5266932
0.0030806228
0.71258044
0.004363018
0.5348688
0.002126192
0.010567416
0.002906424
0.43713817
0.99134797
0.0023253707
0.0027180612
0.5128988
0.98378664
0.54968905
0.0024336134
0.9450958
0.9137497
0.98685944
0.0035440589
0.0043192483
0.81695324
0.010756453
0.0044909017
0.44529888
0.48317495
0.5001232
0.43431678
0.008442249
0.9597043
0.5087557
0.003796064
0.53779525
0.4565191
0.005842389
0.0024792124
0.97960734
0.9340671
0.0058005517
0.0026247555
0.010420226
0.9343105
0.045779377
0.9616831
0.29316956
0.51482975
0.0021722605
0.0027973054
0.9657498
0.99102086
0.9927914
0.51764226
0.19461107
0.9939758
0.0047244527
0.0007050675
0.003724335
0.9327549