0.99999213
1.0
1.9547095e-09
0.99999976
1.7170562e-07
3.020292e-09
4.85799e-09
1.0
7.9128554e-08
0.97856176
3.4087543e-07
3.5402084e-10
1.3177778e-09
7.756071e-06
1.0
3.6941499e-09
4.920057e-09
0.8660096
1.0798797e-06
0.99963427
0.9976998
7.9999324e-08
5.244163e-08
9.388123e-10
4.3331982e-09
9.962827e-06
0.98803604
0.9998456
0.000115964234
0.9999999
1.554229e-10
6.687439e-07
0.013532709
2.1503352e-05
1.2638546e-07
2.6882767e-09
0.99994147
0.99999225
1.0
0.9999974
2.343906e-05
0.2657979
7.562545e-09
1.540274e-09
3.0282046e-10
5.9681744e-09
0.9999999
0.99928683
1.7225501e-08
0.99999976
0.99990153
2.2470905e-09
0.99999857
0.9999968
0.9905351
9.264711e-09
0.9999999
6.903887e-06
1.4069613e-08
3.7357129e-06
0.9999999
0.9999993
0.99999964
1.5839156e-07
0.9928878
0.7234998
1.0
1.0129039e-07
0.47911072
0.99999857
0.99999905
8.7067565e-06
0.99572915
0.24948382
4.1161555e-10
3.5289904e-10
5.158475e-10
1.0
3.1307636e-08
2.9072083e-09
9.024584e-09
1.1073311e-09
9.107168e-09
1.0
0.99999785
6.305885e-09
0.9999993
1.0
0.99999905
0.99804807
5.423592e-10
7.458859e-09
0.9999964
0.9999999
3.669627e-09
5.8989713e-06
0.99999225
0.99895144
1.0
0.9999999
3.0190208e-08
3.7143163e-08
2.3703064e-09
8.8420976e-10
1.2955697e-09
4.3943334e-08
2.7154748e-10
0.9998367
0.9999939
1.0
2.526563e-07
4.286875e-09
0.99998665
2.946729e-08
1.0811384e-07
1.1408077e-08
8.411471e-08
1.2792183e-05
0.9999788
0.93438506
0.9999999
0.99999964
0.00058485055
0.9999987
6.6948286e-07
0.99999845
4.1384186e-07
8.398388e-07
3.3160918e-09
0.99994195
0.9999943
0.99974674
3.8382382e-07
0.9999869
1.9595885e-09
3.328569e-09
0.46297464
1.0
3.105391e-07
2.604674e-08
0.9999994
6.9749606e-09
0.9994923
5.7918587e-10
0.9997677
1.6877425e-07
1.1257778e-09
5.646201e-09
1.9358492e-06
5.4151914e-09
0.9999999
0.9913254
8.9340474e-10
5.1205816e-08
9.1884243e-07
1.3380244e-09
1.0
3.1765227e-10
3.1529093e-10
0.999509
1.0
1.0
0.7135317
1.0
0.99999094
5.104911e-08
1.0
0.9999976
2.1600428e-08
4.454024e-09
8.108786e-09
6.544522e-07
9.3582355e-05
0.5200321
2.5095517e-06
2.0181592e-09
1.9343452e-06
1.0
3.6051003e-06
9.748934e-09
0.8645443
1.9079059e-10
1.2752648e-09
1.0
0.99988604
0.9999999
2.1986948e-09
1.0286566e-07
6.106924e-08
0.99999225
1.264841e-09
0.99999726
0.99999964
0.9999999
1.8274445e-06
1.1519831e-08
8.4695564e-08
0.9999609
3.6966433e-10
1.7231892e-10
2.3472792e-05
0.99999297
0.9999989
0.9998567
0.99999964
1.0
3.2501614e-06
1.0
6.704374e-07
1.0404033e-05
3.4329407e-08
5.919008e-09
0.9999999
2.587012e-05
2.9070384e-07
3.2977582e-07
7.870436e-09
0.23509109
1.8284169e-08
5.8410205e-08
3.0904952e-09
0.99999976
3.3374502e-06
7.4142217e-09
3.6121905e-09
1.0
0.999972
2.832667e-06
3.8138075e-09
9.618568e-10
0.9999989
6.5367814e-08
0.1561423
2.1220505e-06
0.99976856
1.3851209e-05
0.9999999
1.0
8.343288e-09
7.107047e-10
4.6685852e-07
2.0466042e-09
0.9999999
0.9998412
0.999689
8.95982e-09
1.349558e-07
0.00021666137
2.8025152e-08
0.038170885
1.0
2.4169227e-09
0.9989711
1.3911362e-05
3.0727034e-09
7.468016e-08
0.99999845
0.9999018
0.999987
0.9999999
0.9999999
1.0162513e-08
0.99999964
0.9999949
0.9734674
1.3305881e-06
8.137569e-10
6.357303e-10
0.016328238
0.9999995
3.621922e-05
0.99392784
7.9141536e-08
1.0747975e-07
0.99989307
0.0031342637
0.4932479
2.2302002e-08
0.9997539
0.9996977
1.0
1.0
8.690071e-09
1.6750478e-09
0.9999999
0.9999924
1.6105397e-09
1.0
1.923799e-09
3.9944066e-08
0.9380862
0.9999999
0.9999589
1.5552618e-09
0.99975806
2.7665074e-06
0.8409814
0.99989724
9.266594e-07
0.9999999
3.0351812e-06
6.457457e-09
0.9386251
0.99999833
1.0
6.871963e-06
0.9999982
5.825881e-05
1.0
4.7600497e-09
1.2117157e-08
0.79680836
1.0
0.99998534
1.0
2.5687765e-08
3.428504e-08
1.4075188e-07
0.999992
1.2126244e-08
8.413697e-09
8.262884e-06
7.2911877e-10
1.9772342e-09
0.99999964
0.99999905
3.1315827e-07
5.730458e-09
1.7700464e-06
0.99999
0.876519
1.0967033e-10
0.9999994
0.9999975
0.90944237
1.39088545e-08
1.0
0.9999976
1.6133852e-07
3.6393252e-10
1.1022087e-09
9.982675e-09
0.9999943
2.2847176e-07
0.9999957
0.935865
0.9981535
1.0
0.9999963
0.99999857
0.9999827
1.6547523e-10
1.0
1.14022406e-07
0.9999608
1.5172803e-08
5.6190204e-09
0.9999994
1.0
1.0
9.760892e-06
0.9999957
9.861473e-07
2.691482e-10
9.181066e-07
2.9905356e-09
0.99860626
1.7503663e-07
6.437064e-10
6.336439e-07
4.594036e-08
5.1887716e-09
0.9999999
1.048822e-09
5.512344e-10
1.3581557e-07
0.99999976
0.999311
1.3767245e-09
6.175864e-07
1.0
0.99999976
0.9993135
4.6549192e-07
3.5837309e-06
0.9999145
0.99999976
5.3240245e-07
2.69896e-07
0.99999857
0.99999976
1.3230218e-08
1.0223847e-09
1.7524873e-06
1.6983433e-08
0.99999547
0.99987066
2.4878828e-08
4.5221868e-10
2.022069e-06
1.3458309e-09
0.9995995
0.9999994
1.0123753e-06
0.981104
9.049103e-06
0.9999999
0.99999964
1.0
1.6152711e-06
0.99987674
4.926386e-09
0.9999999
0.9999994
1.9687547e-10
1.6932344e-10
0.99984455
3.1889918e-10
0.9999995
7.769949e-09
9.83289e-10
2.625557e-09
2.8205214e-09
1.9163532e-07
0.9999995
1.0
0.9999989
4.0678863e-08
6.8555323e-07
6.6401462e-06
9.157421e-09
0.9999994
6.157178e-09
0.00044531477
1.8425818e-06
3.3981623e-10
0.99999845
0.99529076
0.98344594
2.1726814e-09
1.5441826e-10
8.960539e-06
2.2793131e-10
0.9999918
0.99999964
8.632377e-07
0.99999726
0.99999785
1.181121e-07
0.9999993
0.99995756
8.483498e-05
0.9978946
3.2862089e-09
0.0214919
1.6374887e-08
0.99999976
0.99991333
1.0764116e-08
1.2656899e-10
1.0
1.0
2.2021183e-10
0.9932273
1.8052962e-08
0.9999999
0.9999962
0.6710281
5.1801263e-10
2.4880533e-08
1.7879705e-08
2.0147055e-09
1.0
1.0
1.8479234e-09
0.9999813
0.99991465
1.5437925e-08
0.9999969
3.1151571e-06
7.90397e-07
8.050979e-09
1.5620265e-06
0.99999964
1.2913564e-08
1.46785215e-08
2.2296182e-07
1.0
0.9999995
1.983685e-06
0.98831695
0.9996195
1.0
0.999765
0.0006217302
0.0029540744
1.0
2.5415946e-07
4.1672422e-07
0.9999125
2.8541987e-09
0.9999989
2.0277485e-08
5.4312943e-10
0.99991703
0.99999905
3.1493904e-08
1.985557e-08
2.2172107e-10
0.36714268
5.545859e-07
0.98375595
2.72037e-09
1.0
9.476895e-09
1.45084265e-08
0.9999989
1.01808655e-05
1.586314e-10
3.0846061e-09
0.9999993
0.0696568
7.083377e-07
0.9999465
1.0
0.99953246
1.4196435e-07
5.911615e-10
0.9997075
7.6200166e-08
0.9999461
5.3495535e-07
2.4503743e-10
5.3990694e-05
3.2464123e-09
2.3115933e-10
1.426772e-09
1.4296406e-05
4.173345e-09
0.99999833
1.3336914e-07
0.9999974
2.672581e-07
0.9999999
1.9954043e-09
1.9091822e-06
2.575058e-10
8.1719165e-09
2.5860993e-09
0.9999262
1.8137096e-09
1.2020012e-09
4.542049e-06
0.9999949
1.0
2.6650446e-07
7.906772e-09
5.776898e-10
6.876336e-10
0.99999917
4.4486306e-10
0.9999995
0.00062021805
4.8716577e-09
0.9999999
3.7923957e-08
0.9999958
0.999998
2.3312847e-09
0.99980277
0.9999982
8.152483e-10
0.9999422
8.102953e-10
1.0
0.99999857
1.0
0.99999964
0.9998555
9.505806e-07
8.722198e-10
1.2843706e-08
7.8818335e-10
1.2578808e-05
1.0
0.99557483
3.1241112e-09
0.42622286
2.717276e-07
0.9999994
1.175206e-08
3.802348e-08
2.6345586e-07
0.006799988
0.9999957
3.9236214e-09
5.715566e-07
1.9925545e-10
0.99999976
9.499276e-10
1.0
1.0
0.99948895
4.5224824e-09
0.9999943
4.2715692e-10
4.418389e-06
1.0353136e-07
2.9533913e-08
1.0
2.5580596e-07
0.9941141
3.0109566e-09
0.99883324
0.5479874
2.0342798e-08
6.904019e-06
2.7556095e-09
0.9999939
1.0
0.9999908
7.695764e-08
6.952947e-07
0.9921346
0.97384024
0.99999917
6.007149e-10
0.99996805
0.99445623
2.2366076e-07
1.3157165e-08
2.3487448e-09
0.999995
0.9999995
4.341256e-09
0.9999982
0.99996054
4.240831e-05
3.7305327e-07
2.6847757e-10
0.9999958
2.5110936e-09
0.997389
0.9999975
1.7484552e-08
2.3972394e-10
2.7306987e-06
1.328831e-08
1.0
0.9999877
0.9999933
0.9992048
9.788902e-07
0.99999905
2.4889612e-06
1.0
0.9999988
1.0
9.790474e-08
1.1505903e-07
1.9350093e-08
2.0824011e-09
1.0
0.9863983
1.4130492e-07
0.9998852
5.5603664e-11
1.7267986e-10
0.99999976
1.7256536e-09
0.99981576
0.99999857
1.9846786e-08
0.99994123
0.9999962
0.9999993
0.02016095
4.6506194e-08
0.9999987
0.9987362
0.008884715
1.1687324e-08
0.9004576
1.0
0.9997837
0.9999995
0.9999863
1.0
0.99994504
7.367902e-08
3.1674852e-05
0.9995912
1.650711e-10
1.0567285e-07
3.8874237e-05
4.0328094e-10
7.240773e-09
1.9257225e-09
0.9999932
0.87770337
6.110162e-08
0.9999999
0.9999994
3.943686e-06
1.6293215e-10
0.9999976
1.1448927e-08
1.0
0.9999994
0.9999981
0.8813642
0.9999759
2.5129094e-09
3.5331946e-09
1.0
2.627838e-08
1.17651355e-08
0.99998975
2.8984862e-10
0.9702693
1.8849752e-08
2.6825504e-09
0.99992657
7.196967e-11
1.94139e-08
8.016269e-10
6.248979e-08
1.5586272e-08
1.7782538e-08
8.638306e-07
0.9995608
0.99999917
5.187327e-09
1.1142139e-10
0.9999778
6.89463e-07
1.010286e-10
0.99999917
1.0
6.6021886e-07
0.99997914
9.3685765e-07
0.9999968
1.001702e-09
1.0
0.00032228592
1.9969844e-09
2.3063669e-09
4.7228742e-08
2.1832116e-07
1.6684252e-09
1.5266967e-09
1.3750967e-10
0.99991477
0.3471133
1.2155027e-08
0.9998417
3.2083924e-06
6.765585e-10
6.7332525e-07
3.826561e-07
0.99999475
0.9999999
0.9992169
4.3051887e-09
8.014518e-08
1.0110274e-05
0.9999542
1.2187155e-08
0.99997807
9.067062e-09
1.7195859e-08
1.0
1.7201656e-09
3.5598329e-09
0.9999783
1.0
1.0011825e-09
0.99999535
8.5187674e-10
3.2702138e-07
0.9999933
0.59702915
0.9891075
1.322236e-10
0.99999917
0.9998343
0.999808
1.0
1.9795274e-05
1.0
0.99970466
0.99999905
9.076807e-08
9.812065e-05
9.036916e-09
7.58857e-07
3.9036534e-09
1.0
1.0994391e-09
1.0
5.534156e-07
0.99642736
1.0
6.7503747e-10
1.5790125e-09
8.564287e-10
0.7665322
0.99999976
0.9999933
1.0
1.0
0.9999033
0.99034834
1.0608877e-09
4.666877e-06
0.9995003
0.98701364
3.4598488e-10
0.9999963
0.99994576
1.0
0.9999957
2.7362923e-10
5.8487635e-06
0.99995935
1.0
6.9672584e-10
0.86286706
1.492501e-08
1.0
4.5446857e-10
1.3793567e-07
0.9999989
0.9999949
0.22614305
0.9999391
0.99999607
2.630389e-09
5.408193e-09
2.1657192e-08
1.0
1.0
4.6928153e-07
1.0
0.9999982
0.99999917
1.0
0.99999654
1.2478087e-09
2.3309436e-08
0.9999999
2.1447877e-07
3.708947e-06
1.7174937e-09
0.99930644
1.7432888e-10
2.4218372e-09
8.892396e-10
8.9039423e-07
1.0
2.4323132e-09
0.99998856
6.9392217e-06
0.99999845
8.8632015e-07
3.1473713e-09
6.2619363e-12
1.3309661e-09
5.5568494e-10
1.9874582e-09
0.27116194
6.0801455e-08
0.9997471
1.0522284e-09
1.0
5.785005e-09
0.00016761325
0.00084414275
0.47112697
0.999998
1.1642708e-07
0.94458413
2.1909331e-07
1.825562e-09
1.6790036e-10
1.0
5.8945604e-09
0.00076595956
8.1292444e-07
1.4959966e-05
1.0
5.6742033e-10
0.9999999
0.99999964
0.99989045
0.9976127
2.0764965e-08
0.9999989
0.99999917
0.6064528
6.132226e-09
0.99999726
0.15160131
1.0
3.1359987e-06
2.0806397e-08
0.9999938
0.99998593
1.9325111e-07
0.99999964
5.769801e-08
5.168249e-08
6.0253287e-09
0.06999657
0.9999995
0.99999607
5.318592e-09
1.0
1.0
1.34213e-08
1.0
0.9999999
0.99998426
0.99999523
0.9999821
8.760978e-07
9.9684655e-08
0.99999833
4.518863e-08
0.9999969
6.4267683e-06
0.99999976
0.9999995
0.99999034
1.0
2.031181e-09
1.0
0.9999994
1.1047294e-10
0.9999969
1.5134469e-09
1.3464445e-09
2.747904e-07
2.2367498e-10
4.156918e-08
1.6707288e-07
0.99999964
0.9169877
0.9999994
3.517214e-08
0.9999888
0.704804
1.0735211e-07
2.8695153e-09
0.9999769
0.99990976
9.894021e-06
0.99997544
0.9999945
0.99999917
1.4641438e-09
1.0
5.9998667e-10
0.99999094
8.431469e-08
6.2615517e-09
3.054956e-09
0.999977
5.5194244e-10
0.9999999
8.157865e-10
0.9997749
8.757344e-07
3.0747085e-09
0.99978834
1.0
8.079401e-07
1.0
0.99999535
5.998768e-10
0.99695253
1.3407798e-06
2.1665372e-08
5.815668e-05
5.292083e-08
0.9998141
0.0020392488
0.9999821
0.9999963
0.9715148
1.6333463e-08
1.0
5.832799e-10
0.9952305
1.180907e-07
4.0803357e-07
1.3027836e-08
1.0744998e-08
1.0
3.4085008e-07
0.9999827
1.0230576e-09
1.0
0.969763
1.2507807e-08
0.9999994
1.9596005e-08
1.1601803e-06
0.99999547
8.848564e-09
9.612039e-10
0.9999993
1.0
2.0402444e-08
0.011642658
1.0
3.5763548e-10
2.2723311e-08
0.99999964
0.062438585
3.5368913e-08
1.9867759e-09
2.818108e-08
2.710643e-09
6.0032725e-08
1.3957825e-07
0.99996436
0.99999225
0.9996101
2.3441127e-09
1.3894407e-07
0.99994195
8.052263e-07
3.0456115e-07
0.9833543
1.4218642e-07
0.999997
0.9999999
0.9999995
0.9999999
3.4971706e-09
4.729982e-10
0.98995775
0.9999999
1.0
0.9999192
0.9999963
2.9596212e-09
1.0
2.8563136e-07
1.0
0.9999987
5.029523e-09
1.3851294e-06
3.704079e-08
1.6099094e-10
0.9993894
0.9999968
0.99999666
7.200388e-07
0.99999964
9.425321e-09
1.0
1.3386675e-09
0.99999523
0.9999732
0.9999999
1.0
0.9999982
9.676023e-08
1.5076242e-09
2.5954105e-08
0.9999789
0.99999535
0.9471038
1.1245481e-09
1.0
1.0
1.0
2.6736464e-07
0.9999989
7.994136e-08
0.9999981
0.99944633
0.9999999
8.447982e-09
1.0752655e-06
1.0
8.9272085e-08
1.5355013e-07
2.0091592e-10
0.99999833
2.2813917e-06
0.9353821
0.9999316
0.9999558
0.0003612984
8.2956786e-10
0.99991846
1.0
1.6066002e-09
0.9999999
0.99961555
5.2567586e-09
1.162724e-09
5.520788e-08
2.6007956e-09
0.9999987
1.17500205e-08
5.165069e-06
0.9994665
0.9998878
1.6487798e-09
4.1753412e-10
0.9999999
2.2817808e-09
0.99972385
3.3366283e-07
1.0316447e-08
7.8554415e-08
8.207637e-10
0.9995852
2.4973057e-08
7.2179207e-10
0.99998033
6.139332e-08
2.346754e-07
0.99889696
0.0011502765
2.5999915e-07
2.4975199e-08
3.9944484e-06
1.3961716e-06
0.9999863
0.999997
0.99999976
2.0455233e-09
0.9978223
5.077054e-11
0.99996054
0.00029359976
0.99999976
0.99997914
0.9999995
0.9999989
2.0312442e-08
1.0384616e-06
5.258797e-08
0.9916956
6.586293e-06
0.74035275
0.0004934319
0.86340195
2.035942e-07
0.9965244
0.8940068
2.0346115e-06
0.9996393
0.8835281
0.99999917
0.9999924
0.9999963
4.4258775e-07
7.00851e-10
0.99979323
2.5204745e-06
7.185494e-09
6.9406056e-08
3.146916e-06
0.9986985
0.99999416
1.0
0.9999964
1.1014836e-09
0.99999976
7.2981265e-06
5.5630215e-07
1.1154245e-09
0.99989915
3.6353172e-09
3.7685486e-09
5.4135825e-08
1.0
6.5781684e-08
6.964499e-09
1.17022925e-08
1.2570366e-09
1.5677612e-10
2.0075833e-08
2.2325452e-08
0.9999734
1.3526505e-09
0.99999976
3.8712056e-07
4.153478e-08
6.248118e-09
0.9999887
0.9687241
2.7513818e-09
1.4926776e-05
1.0
0.9999968
3.606502e-10
1.5031938e-09
1.5219459e-09
2.958632e-06
0.99739504
0.9999999
8.556512e-07
0.9999988
0.9992619
0.99999785
6.1353616e-09
0.99999726
2.8188756e-09
1.1665743e-08
0.10796616
0.99999785
5.4016702e-08
9.384296e-09
0.9999447
3.6130723e-09
6.3876318e-09
1.4581852e-09
7.824473e-06
0.9999907
1.0
8.085327e-09
6.0004888e-05
0.9999987
6.3990457e-09
0.7932012
0.9999838
2.2354287e-09
1.457324e-08
1.0
1.7863333e-09
1.2778443e-07
0.9999999
1.5146151e-06
0.9999999
3.8718126e-09
3.7513204e-10
9.5636786e-08
5.070732e-12
1.3828783e-08
0.9999974
6.3343913e-10
2.1177875e-07
5.9828903e-06
0.9999988
1.0
0.99972266
0.9999826
4.23956e-08
3.7838557e-08
0.9999603
7.240962e-10
8.9502737e-07
4.206558e-05
0.00017992605
0.99996483
2.9962214e-07
1.4075061e-12
1.0
8.2737536e-08
1.2979917e-05
0.0010406733
0.9973436
0.99887687
5.316472e-09
0.9999988
3.4519538e-09
1.4955552e-09
0.007862644
0.9999987
9.2566166e-10
1.0
0.9999976
1.028179e-09
6.6571887e-10
0.99999964
2.661177e-09
0.99999976
2.1741872e-08
0.9220041
4.4029167e-07
1.1453229e-08
0.9999944
6.609484e-08
5.5355787e-09
0.9635224
0.9999994
1.0821781e-07
1.662488e-09
0.9999999
0.9999931
0.99999917
0.9999969
1.0
0.99998856
0.9999999
1.3620647e-08
1.0
1.8365772e-09
0.0026550777
1.0775336e-07
3.5099625e-08
1.0
8.598729e-09
0.99993587
0.9999925
7.2917334e-09
1.1409551e-09
1.9684865e-06
5.4322943e-08
0.9999975
2.9363164e-08
0.99995875
5.8490115e-09
1.7208627e-07
0.9999999
0.999801
0.9999989
0.999619
3.7013288e-07
0.9999093
3.3989158e-09
6.1951164e-06
7.075336e-07
2.0944832e-05
1.7525379e-09
0.99999774
1.8942081e-09
1.390248e-07
3.864079e-10
0.0012696201
0.99999964
0.99999845
0.9999732
0.9999999
0.9997286
0.97062343
0.9998989
0.9999969
3.050242e-07
0.99916756
1.0
1.1465529e-09
0.8976061
1.0
1.2367475e-10
0.9999913
1.7626215e-09
0.9999995
0.9999999
1.0
0.99999976
1.0
0.99999595
3.7125666e-08
6.961706e-10
9.836257e-08
5.2949645e-10
5.8448603e-07
8.170638e-09
9.816737e-10
0.99999905
0.9999974
0.9997695
1.0910179e-06
1.6961039e-07
4.4232692e-08
1.0916549e-06
2.29568e-09
0.06411028
8.187705e-09
0.9998715
8.293523e-06
0.9999931
1.2746373e-09
0.4493215
0.99999905
0.9999999
1.0
1.2159612e-09
0.9997073
3.6965946e-06
0.9988416
7.733529e-10
6.5273746e-08
3.5241068e-10
2.4506669e-08
0.9999994
2.736033e-09
7.1394034e-08
1.0
0.99999845
1.0
1.3994427e-09
0.99994147
0.9978375
1.0
1.4719777e-10
3.422901e-10
0.9999999
6.8567297e-06
4.534419e-09
3.646956e-06
0.925964
0.9999807
1.6766275e-08
8.574115e-07
0.99999845
0.99987006
5.836542e-09
0.99999917
7.191788e-06
4.3734676e-07
2.633691e-10
1.0
1.0
1.4289925e-08
3.9446393e-09
1.5672086e-06
0.99950945
0.00027994715
0.99986076
6.3546883e-09
0.9999924
3.4448946e-10
4.6115066e-08
0.9999963
1.0
0.99999976
1.0
0.0005207798
0.9999999
6.998518e-10
1.2013485e-08
6.3154175e-09
1.0