0.5509814
0.9992274
0.37084988
0.5595857
0.39861315
0.00043762737
0.0003208588
0.99953663
0.41349113
0.8700491
0.008312826
8.882696e-05
0.00069952715
0.44689268
0.9979221
0.00051481085
0.00072675897
0.88594985
0.00035811914
0.50538975
0.91401196
0.0017489276
0.40763482
0.00047327226
0.00024658407
0.0056486027
0.47847903
0.9834027
0.3894843
0.9985373
0.00036448162
0.4150932
0.6190158
0.395738
0.4240409
0.38995218
0.55581623
0.95139784
0.9996778
0.99880314
0.00082077837
0.4551541
0.00071585877
0.375732
0.0008504623
0.0007010554
0.64855313
0.88557833
0.00052986166
0.9979773
0.95614606
0.00018010045
0.9870875
0.99780804
0.45710874
0.0001643847
0.5487879
0.006158322
0.0012668021
0.0016065004
0.60778344
0.994812
0.5728296
0.38956687
0.9725726
0.8778049
0.6374877
0.00018371099
0.8661599
0.57303596
0.99658704
0.000668616
0.9488303
0.13747199
0.0028716705
0.00012681501
0.0008566297
0.59866637
0.3819718
0.3870149
8.102317e-05
0.0001880949
0.37476742
0.9966254
0.9976526
0.00015052206
0.61150557
0.9787532
0.99623007
0.95199925
0.00015361042
0.00044199848
0.9970638
0.9811555
0.007737281
0.00028908535
0.99539113
0.90882367
0.9980907
0.99837303
0.39611244
0.3834753
0.0006895527
0.00047505734
0.37197664
0.012223674
9.488287e-05
0.9782833
0.9916882
0.9994711
0.0002976487
0.38180965
0.901635
0.00075285044
0.43218243
0.00013520803
0.0008232433
0.0031339538
0.9986265
0.8877079
0.9860512
0.9944232
0.0032461998
0.9996088
0.0006370792
0.9987625
0.0009908911
0.00018924424
0.0006040962
0.9895901
0.99511826
0.9659543
0.00016998826
0.9943889
0.00019606597
0.00029061295
0.263332
0.99956197
0.40644127
8.4562074e-05
0.9958091
0.00063471135
0.9650977
0.00075531314
0.9373112
0.00023902846
0.00057572895
0.3991624
0.00059365184
0.0020490277
0.9973774
0.9507496
0.35377267
6.5576045e-05
0.0007209912
0.37239492
0.99950266
0.00035340912
0.00030217724
0.993407
0.99862623
0.9831192
0.6043564
0.9767467
0.99488765
0.00079990405
0.6898038
0.5761798
0.00084508676
0.0005812886
0.00037413626
0.40251023
0.0072449525
0.403862
0.001302305
0.0020401322
0.0017364499
0.99679345
0.0004659216
0.0003928411
0.49333632
0.00040624826
0.00020524043
0.9996977
0.97068083
0.99565566
0.38297766
0.4102963
0.000117593
0.9956826
0.00021069271
0.9981185
0.9983473
0.9973781
0.0031713408
8.1170874e-05
0.39576837
0.99584925
0.00045601022
0.0003250055
0.00084730855
0.9791115
0.9972792
0.95915383
0.99165994
0.9997911
0.0025772525
0.99879336
0.0006936626
0.00031356682
0.39459342
0.3869226
0.9992055
0.00070721493
0.39421335
0.41407162
0.0004395049
0.26517433
0.000671179
0.00078767573
0.00058573054
0.9988123
0.0008529039
0.00078525726
0.00063977035
0.99800557
0.9882437
0.0008476845
0.39324522
0.0005569299
0.9968527
0.40947956
0.19601493
0.3929894
0.53373533
0.4509462
0.9949905
0.9993636
0.0052522803
0.00010261973
8.961334e-05
0.00022433636
0.996209
0.969131
0.94745904
0.00096338673
0.4252677
0.004784945
0.3995411
0.19826147
0.99990916
0.0002997612
0.91952586
0.16683015
0.000529322
0.0014714873
0.9935674
0.95883197
0.9952956
0.998408
0.9986526
0.00054738694
0.99929166
0.99767286
0.42313114
0.007056575
0.00014982097
0.00067895034
0.4083537
0.9986426
0.41631636
0.712878
0.000112124886
0.0009923219
0.9435656
0.42567325
0.1350167
0.00084015896
0.9924044
0.98683524
0.99965703
0.99959165
0.0074415966
0.0004784229
0.99865556
0.98132205
0.37466726
0.999388
0.00030092147
0.37612534
0.55216223
0.999348
0.58331233
0.00044419867
0.9854034
0.00062178884
0.60229397
0.9910075
0.0002808684
0.9975877
0.3764985
0.0006193273
0.8488193
0.98862505
0.9963348
0.0028675266
0.57783467
0.0007345673
0.9981121
0.00048331296
0.0009002137
0.6247729
0.9951852
0.9939115
0.9924023
0.00069503067
0.0010802489
0.00011844334
0.9939383
0.00073896034
0.0002956816
0.0019657603
0.0005029605
0.00013317673
0.9990108
0.5691441
0.0034572294
0.002587929
0.40058362
0.9830368
0.7068056
0.0001979136
0.9971476
0.9982572
0.8103537
0.38364577
0.9995413
0.99905807
0.00027219485
0.00014580807
0.00012351925
0.0009572538
0.99508023
0.5233027
0.9970891
0.82952875
0.7226469
0.99070215
0.9989905
0.99392724
0.9866175
0.00016020924
0.99877447
0.51097864
0.98454696
8.379995e-05
0.0005985909
0.6515157
0.99841034
0.76056516
0.0020311978
0.9933082
0.0007369606
0.00093604915
0.010076855
0.36835596
0.9731704
0.00017878965
0.0005749574
0.3941021
0.39860523
0.0007860374
0.99808645
0.00040348578
0.00075441465
0.0021348922
0.99819297
0.90602314
0.00086683297
0.0003162617
0.99585307
0.98026836
0.9509989
0.0025116655
0.028528126
0.98353106
0.99555176
0.45858473
0.001565174
0.9989656
0.6274318
0.0004011396
0.00063531415
0.002023947
0.39049205
0.9876024
0.974683
0.00041028493
0.00010830022
0.0010517997
0.0009977468
0.9366759
0.9966659
0.47610158
0.48080164
0.44834095
0.9992988
0.9958203
0.9976464
0.37219003
0.9542734
0.37345353
0.9930676
0.99846953
0.00040535812
0.00019599493
0.97977793
0.00046479175
0.9980198
0.0007501481
0.0015422155
0.38399035
0.00059790723
0.001862783
0.9875208
0.999428
0.99839956
0.5156999
0.0005502976
0.0006231647
0.0002607989
0.9924231
0.36022788
0.15921292
0.00014393614
9.892192e-05
0.99752575
0.51140904
0.966624
0.38645548
0.00038930873
0.00030089795
0.0003027961
0.9962752
0.9945832
0.00074661896
0.9976942
0.98707205
0.39263767
0.9978223
0.98897856
0.40525624
0.856834
0.0002615781
0.3892038
0.0014817428
0.9899421
0.6281542
0.00045704946
0.0008525508
0.99425405
0.9989973
0.00015412834
0.6911667
0.004180249
0.9996991
0.997891
0.39426908
0.00040743485
0.00010853905
0.40057716
0.00021274651
0.99846375
0.61317503
0.0006738288
0.99302095
0.9359365
0.00011865291
0.99901843
0.00036535677
0.00010883836
0.39536142
0.36284283
0.9986494
0.00065332156
0.00040082503
0.0012985534
0.9989998
0.99779224
0.3566476
0.4710861
0.76110744
0.99899596
0.9645973
0.41672486
0.38196814
0.99657273
0.00061442953
0.00028291254
0.52011997
0.3732455
0.99904925
0.0027924068
0.00041860566
0.9861529
0.99744946
0.0004008432
0.41222426
0.0004141033
0.51181346
8.390806e-05
0.8443946
0.00016351491
0.9985886
0.3902256
0.39393494
0.6029142
0.0034479203
0.00045500023
0.0004416329
0.6034218
0.5425631
0.00020227095
0.98345554
0.9993729
0.8931446
0.3791423
0.00044639685
0.9824218
0.00013883179
0.9820955
0.44166353
0.0036939129
0.5508876
0.0008545935
0.00040963778
0.00010676044
0.40618575
0.0016134453
0.5747338
0.4043152
0.99934083
0.41339743
0.9911142
0.40212867
0.0006375767
0.00032361507
0.00013620703
0.0019069088
0.9928421
0.00061810046
0.00021068448
0.36568996
0.9950658
0.9968098
0.41157648
0.00061574735
0.0011064486
0.00016960617
0.9977983
0.00023310052
0.99919444
0.37506527
0.3955505
0.9990791
0.0004941501
0.99018246
0.99829906
0.0007788575
0.9392478
0.9936674
0.00025358977
0.5515379
0.0002805486
0.99779475
0.9972582
0.9993112
0.9514
0.984062
0.0005566473
0.00038538774
0.0053123157
0.00016667852
0.0021007343
0.98897725
0.7131184
0.000794381
0.3170135
0.00016592689
0.99589443
0.012267143
0.0007291256
0.041612092
0.2761286
0.55394673
0.00023360288
0.0006812915
0.0011117524
0.99178207
0.0002165678
0.9993357
0.9967943
0.9777584
0.0008710797
0.9672773
0.00040016643
0.38114986
0.3927235
0.0012818659
0.605059
0.00016708794
0.4555971
0.0007820533
0.9961892
0.33282098
0.0039705834
0.000177452
0.0007144497
0.9746694
0.99656004
0.9968076
0.35942072
0.0011514901
0.9087644
0.46323183
0.99930036
0.00019825678
0.9806794
0.7730565
0.39866588
0.00041253198
0.37876073
0.7947754
0.9975756
0.00219407
0.9995436
0.99868804
0.0030193499
0.0005108392
0.00012994208
0.9969463
0.0050841453
0.6959974
0.9837964
0.00062497193
0.000597478
0.0007774383
0.00038390723
0.718754
0.98304915
0.99614173
0.9669124
0.42762262
0.77794534
0.00078738114
0.99586016
0.9451644
0.9922341
0.00059653545
0.0003186894
0.37578034
0.0005329202
0.9925518
0.84401256
0.0013745211
0.97831136
0.0007482568
0.00041642558
0.99577564
0.4534427
0.53670514
0.9978765
0.00032304387
0.94195527
0.97657096
0.9974234
0.22025163
0.00051680795
0.9983333
0.95020205
0.5563809
0.0001707179
0.8939359
0.99337834
0.96577024
0.9964252
0.9934854
0.9992956
0.99131846
0.0009457159
0.0020543505
0.967561
0.0002949394
0.010248205
0.0017636031
0.00023770418
0.00040921645
0.0002929723
0.9933295
0.5348586
0.38755
0.5826904
0.9995683
0.0020685843
0.00085878314
0.9979826
0.00046881897
0.9973706
0.99961346
0.6604992
0.44939613
0.9905094
0.0007721662
0.008018606
0.99977976
0.39688525
0.00014264142
0.99203885
0.00023264534
0.4488971
0.00069121236
0.00017929685
0.9413536
0.00016011989
0.0005911635
0.00020531325
0.00087736757
0.40012577
0.0004566044
0.0012743433
0.97372323
0.9978148
0.34919453
0.00023295697
0.99208707
0.0003079444
0.0002634206
0.99415034
0.67387325
0.0008701862
0.53289384
0.40381998
0.99203956
0.00011542311
0.9958209
0.085771136
0.000435006
0.382083
0.004020454
0.4016392
0.00060874334
0.0004956923
0.00036067943
0.9253666
0.43799508
0.00045521458
0.99611074
0.0012706551
0.0008410588
0.36990833
0.000327017
0.993356
0.5944594
0.86588794
0.00074998796
0.025151135
0.00026387608
0.9831282
0.0065290285
0.9944812
0.000569187
0.05518642
0.68546385
0.00034181
0.0003839532
0.98850584
0.9982023
0.5220345
0.99553585
0.00017660412
0.00015588214
0.9772978
0.670964
0.9105238
0.00040626488
0.9976781
0.98706806
0.5551563
0.9993968
0.0012883977
0.9977308
0.9839691
0.9950588
0.0002943251
0.013337485
0.0004140048
0.5326238
0.00092667085
0.9998369
0.00027240254
0.99889106
0.35622305
0.92416215
0.9979336
0.0004958173
0.00018480483
0.00022781141
0.38346416
0.99591064
0.9854673
0.9992416
0.68822044
0.7744113
0.85349184
0.00028613952
0.3595392
0.91165006
0.8732222
0.00040864784
0.9944612
0.92865133
0.99861705
0.995605
0.0005528569
0.0027477122
0.9940399
0.99917006
0.00017129774
0.4527386
0.38414866
0.99649066
0.00039821918
0.0014770095
0.9986274
0.97056353
0.16493027
0.97871953
0.9941356
0.00046824396
0.00070745155
0.0008037784
0.9992317
0.9986241
0.40120965
0.998862
0.5137053
0.99563783
0.99940836
0.9818402
0.00022602003
0.010257957
0.9909504
0.00018924894
0.010489932
9.948848e-05
0.94565046
0.00022983846
0.00040467162
0.00042326897
0.40826783
0.99835
0.36749685
0.9348277
0.0050688665
0.5909737
0.0006809533
0.4115559
0.033402354
0.00041704552
0.0007084345
0.00086156285
0.47695965
0.40616113
0.9797014
0.00082239305
0.9953241
0.39129737
0.0039877263
0.0006395845
0.21836862
0.5552997
0.39570564
0.7796598
0.00026664409
0.37299725
0.00058070465
0.67140687
0.38821676
0.030150063
0.41437045
0.45600307
0.9979918
0.0009262877
0.99721754
0.9934634
0.93869275
0.84477496
0.0001612042
0.98857015
0.9980896
0.60788995
0.0008393427
0.9985543
0.25834978
0.9982406
0.26595756
0.0006032725
0.52306825
0.99336
0.39429078
0.99478745
0.0010979484
0.00023138046
0.00015406354
0.096353605
0.9964798
0.51341325
0.36815095
0.63979846
0.9969606
7.574381e-05
0.99969625
0.9982614
0.98110354
0.99444723
0.9879352
0.4099329
0.0013023218
0.9965138
0.40472105
0.9968845
0.38128462
0.99623626
0.67120105
0.9295928
0.9994198
0.026822584
0.5821449
0.9985576
0.00030466705
0.9963856
0.00056765025
0.0008077245
0.00011950966
0.0001315624
0.38331005
0.0003664395
0.5982328
0.50965923
0.9981212
0.0006864154
0.9751238
0.7027452
0.0015699218
0.0008845916
0.9977374
0.983547
0.34941667
0.98346484
0.9967435
0.99834216
0.000803776
0.99868196
0.00014149363
0.99121815
0.00038505375
0.00072615524
0.3830637
0.9938975
0.0006283512
0.9991233
0.36921743
0.9948614
0.41631052
0.0011651692
0.9619446
0.99648476
0.0004546352
0.9982768
0.99040097
0.0005603947
0.8308297
0.00020046404
0.00041006578
0.40259507
0.42531887
0.76366776
0.3250039
0.580939
0.5025872
0.92361706
0.4045813
0.6477796
0.0001649896
0.84433794
0.3904792
0.45363268
0.00043406387
0.00049513084
0.99721706
0.40063655
0.5014307
0.00015234402
0.99627066
0.6074376
0.00034238532
0.9975988
0.00055995985
0.39843246
0.98939204
0.00013710183
0.0002363996
0.99416393
0.9993506
0.3898903
0.22252135
0.66753227
0.00037568546
0.389463
0.9985977
0.41413376
0.3963287
0.00024291952
0.00013670172
0.3796933
0.4055823
0.35157123
0.9917705
0.95787233
0.9802099
0.0037547126
0.39991206
0.9921135
0.0075545167
0.00015748851
0.59981036
0.0005692334
0.9984505
0.999126
0.99875
0.9990357
0.00028176824
0.00093047874
0.9512425
0.9978619
0.9969098
0.9912981
0.67098933
0.38629997
0.9873768
0.00015006517
0.9966299
0.94554645
0.0015021702
0.0018158883
0.00023763596
0.00053169334
0.9906308
0.97965884
0.9621
0.00040946167
0.9994223
0.00013390688
0.60491526
0.00031790862
0.9958282
0.99190277
0.98637086
0.9991678
0.9990239
0.0017990335
0.37615186
0.0005780672
0.99661785
0.9906879
0.68433464
0.0007134703
0.9991491
0.9992101
0.67014295
0.009250909
0.9969516
0.00014129719
0.9530406
0.9773547
0.9966338
0.0007209899
0.42512783
0.99819213
0.00014306411
0.00022315621
0.00020995774
0.9981193
0.0005688892
0.5952244
0.9846201
0.86301166
0.00042884672
0.000916801
0.9923056
0.9973454
0.00023792549
0.9988206
0.5011923
0.00050694874
0.0020029263
0.00020914375
0.00021256121
0.9994677
0.38138738
0.00047925932
0.9663743
0.9819049
0.00059679674
0.0001081382
0.9983051
0.0020825537
0.98258936
0.0005007705
0.00046418296
0.006407524
0.0012089291
0.9605509
0.0016279806
0.00034213605
0.99404657
0.00045442398
0.0006438301
0.7024609
0.023371158
0.0001873151
0.0004611412
0.48612276
0.40983582
0.99518377
0.97247136
0.9987011
0.00019203569
0.9385231
0.0006993012
0.9924098
0.0035088246
0.99663204
0.9938824
0.9958865
0.987815
0.0004291199
0.00075585244
0.3847225
0.895216
0.41928995
0.8039392
0.57700145
0.2572602
0.40275833
0.935983
0.5819339
0.4010128
0.8037732
0.72932476
0.9974595
0.5373705
0.9980252
0.00037467844
0.00020050017
0.98221225
0.0008933541
0.000945035
0.0017907881
0.001505236
0.9494332
0.9788936
0.9967257
0.99301106
0.0006695202
0.99983823
0.00015229042
0.0023442463
0.0019196687
0.9430395
0.00044620413
0.00066350005
0.39007095
0.99361104
0.00026824028
0.39246988
0.0004122285
0.00023094141
0.0010154035
0.0015879129
0.00040012522
0.99028707
0.00060678145
0.996385
0.0038684555
0.3968722
0.0002598436
0.9938035
0.2587177
0.00058372115
0.00022027825
0.9995797
0.99506027
0.0006795967
0.0003826033
0.0002594089
0.44299397
0.78519446
0.9988752
0.0078027574
0.9988393
0.89280325
0.9968876
0.00043983557
0.9980889
0.000753289
0.0047616223
0.5398313
0.9503574
0.00051802123
0.3975419
0.9936288
0.0005839279
0.0010637124
0.00043294046
0.00066070684
0.99856853
0.99749786
0.00038412728
0.4505549
0.9987356
0.00018750397
0.5342982
0.9827389
0.00090806826
0.00025820304
0.9991781
0.0004330926
0.00030047452
0.9891326
0.42621186
0.9992112
0.0009023362
0.00040114627
0.00014565466
0.00015931245
0.0041107177
0.9961396
0.3218685
0.0007220037
0.40369797
0.9992551
0.78434014
0.9758262
0.48940882
0.0009530049
0.00058105955
0.9986993
0.00067074253
0.3968085
0.00010151855
0.37262872
0.9801703
0.4087423
2.4896592e-05
0.9992393
0.41087708
0.0031955405
0.2598433
0.97296745
0.9685118
0.00012116291
0.9891228
0.00034459174
0.3732956
0.45049027
0.99814093
0.000245347
0.6648154
0.9945867
0.00018789645
0.0004796949
0.9984396
0.0005982584
0.99894685
0.00047780832
0.9248646
0.36557767
0.0004967097
0.98504525
0.00019959055
0.00027327656
0.44453713
0.99916875
0.0005853633
0.0036520478
0.9987109
0.54813504
0.99601644
0.997139
0.5515818
0.98349726
0.5715293
0.00041469466
0.9989091
0.00056929496
0.41490602
0.00013962196
0.0031685038
0.99647444
0.00044162682
0.9859131
0.5550447
0.0006901487
0.0005930411
0.000117575735
0.0012222304
0.99678
0.00038689462
0.978513
0.00074376346
0.40326875
0.5569136
0.9917297
0.997682
0.9804465
0.0006498242
0.95576054
0.000118206735
0.0014679688
0.0017069092
0.022065548
0.0014636159
0.99712104
0.37576807
0.40515488
9.9703684e-05
0.17836933
0.9971353
0.9987795
0.9893981
0.99621296
0.99438196
0.7102689
0.92227
0.998588
0.00026920388
0.93968076
0.63469964
0.00015423303
0.61306715
0.9978204
0.0005161822
0.99504083
0.0002604612
0.5841261
0.9981799
0.9995859
0.6107649
0.67095876
0.9963552
0.00018371659
0.00067122123
0.00018445415
0.00019665404
0.45372865
0.061177913
0.00021816154
0.9988549
0.983868
0.9538013
0.4080972
0.38219574
3.3928485e-05
0.4014286
0.36574355
0.44173414
0.00030432155
0.9462251
0.0034283574
0.9961028
0.00013222631
0.3445745
0.99626726
0.9968131
0.6817202
7.57852e-05
0.9561067
0.0032590542
0.87544787
0.00032100262
0.00022220587
0.00036129166
0.38557798
0.9983298
0.00029135117
0.00023859697
0.52798754
0.998304
0.64461094
0.00022985051
0.9778204
0.9312347
0.9954529
0.0005784288
0.0006095527
0.9953365
0.0023168372
0.0013631566
0.42728245
0.45776618
0.5811843
0.37276566
0.000645389
0.99836403
0.47258016
0.00042836214
0.56998307
0.40006998
0.00083944155
0.00031419104
0.99906534
0.9887694
0.00011455785
0.00071822415
0.0005595712
0.8492156
0.0035997273
0.9565597
0.39505753
0.56524533
0.00036138913
0.00034242857
0.9964349
0.9983271
0.99826294
0.74343336
0.17718585
0.9975563
0.00021271853
0.0001813375
9.055181e-05
0.99744713