0.53550243
0.99972993
0.4469944
0.55755526
0.43967783
0.0008439224
0.0018074
0.99961793
0.42399362
0.57452315
0.058746967
0.0011841683
0.0015320947
0.42572147
0.99975306
0.0008001008
0.001944408
0.7819483
0.0013273509
0.5151787
0.8697524
0.0010230581
0.40181497
0.0016493918
0.00019023313
0.0019604026
0.50465435
0.9873405
0.4518207
0.98925346
0.0012721234
0.41528437
0.52312446
0.33410516
0.39440033
0.43965474
0.5080187
0.99648345
0.99985087
0.9986821
0.001444808
0.42136768
0.00035841015
0.45235184
0.0013794762
2.2432185e-05
0.5475137
0.95395225
0.00079135504
0.99945635
0.99808013
0.0013193607
0.9986966
0.99934965
0.50072056
0.0002704704
0.5440558
0.000319375
0.0019999032
0.0015171603
0.5578003
0.9986551
0.5581789
0.43611366
0.9181262
0.777238
0.5422768
0.00022879378
0.7492547
0.5336084
0.9983303
0.0003211875
0.91597587
0.17082022
0.041423112
0.0007961399
0.0012834802
0.5492595
0.4317282
0.44670466
0.0029007213
0.00056510925
0.45172566
0.9962287
0.997232
0.00049514906
0.5538813
0.999406
0.9985815
0.97814494
0.0008811325
0.0007290748
0.99902105
0.9988673
0.015445588
0.0017256488
0.9979863
0.95906335
0.9997172
0.9995671
0.43831396
0.45382342
0.00071202073
0.0006604509
0.44966328
0.0010377181
0.00039600662
0.97969705
0.9972799
0.9977901
0.000995892
0.44542438
0.9937262
0.00034614105
0.40442923
0.0025230988
0.0005946853
0.00012200729
0.9975593
0.86819774
0.939559
0.9979386
0.0014603232
0.9990169
0.00076917897
0.99967635
0.00049312646
0.0009998655
0.0013671557
0.9824537
0.9958742
0.97591966
0.00080862007
0.9928751
0.00032595874
0.0005248179
0.2393808
0.9990434
0.4173603
0.00062949455
0.99904305
0.0011505466
0.9773168
0.0010239391
0.92144644
0.0015573255
0.00061839033
0.44614607
0.0061471425
0.0011778713
0.999059
0.97796005
0.43533984
0.0019830377
0.0018082331
0.44195667
0.99992275
0.0005383501
0.0011537139
0.96148294
0.99921393
0.99981934
0.58034676
0.999569
0.99894017
0.0006331547
0.62021345
0.5322121
4.3126507e-05
0.0015077831
0.00066867523
0.43749145
0.0020624392
0.46186376
0.0016539838
0.00040404045
0.0003451563
0.99990404
0.00038591865
0.0005708484
0.5260668
0.0010118864
0.000869613
0.9997389
0.96539825
0.99437994
0.45200047
0.41498816
0.0012715686
0.9899951
0.0006396183
0.9995442
0.9988856
0.9938652
0.0014987654
0.0012645177
0.45845622
0.9946457
0.049092162
0.0008496815
0.0014044999
0.99685705
0.99953353
0.99650085
0.99855846
0.99973804
0.0010256945
0.99937844
0.0011062851
0.00052533165
0.45991698
0.43094367
0.9983475
0.0012614923
0.43548667
0.4499317
0.0001888286
0.11361204
0.00042805093
0.0011146044
7.929744e-05
0.99965036
0.001183114
0.00045033684
0.0007464126
0.9981775
0.99101746
0.0018943524
0.4507699
0.00053821027
0.9963864
0.42180192
0.29236254
0.45436347
0.5106756
0.40347072
0.99993277
0.9999647
0.00072196545
0.0004636755
0.00088152086
0.00027176543
0.9993513
0.99189746
0.9435664
0.00096625753
0.41455805
0.022415664
0.453355
0.37165412
0.99983525
0.0002603882
0.9040699
0.23941195
0.00051568355
0.00035451018
0.9945543
0.99380106
0.9941076
0.99927896
0.9998566
0.00026578872
0.9991779
0.99596304
0.4279133
0.0006809342
0.0006764199
0.0011872522
0.65178794
0.9986117
0.44233745
0.34189168
0.0013839831
0.0007619268
0.69742197
0.44780186
0.058632374
0.00073813304
0.99580824
0.98531914
0.99982446
0.9995772
0.02155571
0.001246961
0.99895525
0.9971336
0.44480652
0.9984382
0.00043641048
0.4399418
0.8109195
0.998858
0.507822
0.00094575825
0.9965334
0.000585826
0.56603116
0.9982875
0.0015837266
0.9990945
0.45596606
0.0010670181
0.90976894
0.99752074
0.99974173
0.00031763018
0.53016305
0.0016055395
0.99854636
0.00080137275
0.0016057198
0.44979304
0.99990046
0.99798656
0.9989619
0.00064934196
0.0021985047
0.0009535899
0.9952527
0.0017980592
7.375813e-05
0.001486948
0.00075801456
0.00016776484
0.9990318
0.547909
0.0005218919
0.00011594388
0.44813874
0.9967236
0.9009829
0.0007330749
0.9982772
0.99954945
0.7074422
0.44305816
0.999302
0.99872226
0.0016411961
0.00066321075
0.00036550168
0.00096044125
0.9975114
0.45488802
0.9981179
0.8184656
0.7474177
0.98829854
0.99889827
0.99519855
0.9222002
0.000659083
0.99840564
0.45422375
0.98583555
0.0025437002
0.0015381721
0.62856275
0.99997497
0.59875834
0.00023816992
0.9952266
0.0057264958
0.0014554447
0.0012605428
0.4518062
0.97577465
0.00034175755
0.0011186587
0.4413362
0.40303317
0.00089972245
0.999869
0.0003013274
0.0011968458
0.0001047071
0.99814725
0.911731
0.0011765648
0.0061377985
0.99795735
0.9859913
0.9352924
0.0033685665
0.16932942
0.9396009
0.9981343
0.46203956
0.0011855012
0.9982797
0.5416123
5.1848227e-05
0.00083271123
0.017684072
0.4371263
0.99838185
0.9898788
0.00031029203
0.0009554888
0.00053680723
0.0008891158
0.9358954
0.9950759
0.45551938
0.50001377
0.43399706
0.9994165
0.99827456
0.99752635
0.45172563
0.99415165
0.41400883
0.995871
0.9998766
0.0010813541
0.00093202083
0.9749885
0.0010894908
0.9996723
0.00048595885
0.0012617115
0.4595305
0.00096268166
0.00042891194
0.99866295
0.9999424
0.9979923
0.4461323
0.0009533065
0.0036540574
0.0010172016
0.98717505
0.44203
0.032781392
0.002389792
0.0003703728
0.99929786
0.4976593
0.9367757
0.450426
0.0010382675
0.00055461127
0.0012730178
0.99454665
0.9992091
0.002444496
0.99925953
0.99552613
0.41947198
0.9995516
0.9954573
0.4584739
0.8835154
0.0003675873
0.5546196
0.0023772302
0.99714893
0.98743665
0.00047246518
0.00090821274
0.99958104
0.9991347
0.0009395924
0.9723078
0.00031858002
0.999676
0.9979291
0.32252887
0.0015919935
0.00035081932
0.43944764
0.001239482
0.998963
0.5433448
0.0016669536
0.9884135
0.98020554
0.0008897683
0.99882644
0.0014938753
0.0003202836
0.45319086
0.44246617
0.9984238
0.00096370437
8.708745e-05
5.41063e-05
0.99876094
0.9975872
0.45349103
0.48457786
0.921063
0.9999554
0.9885462
0.4323303
0.45226133
0.99987996
0.00075881317
0.00011503414
0.49943107
0.44488928
0.9993874
0.0003385935
0.0014421941
0.99169683
0.9991874
0.00048322498
0.3530468
0.0010532832
0.37158874
0.0014992608
0.94577724
0.00021167293
0.998273
0.4428255
0.43289897
0.54377323
0.067142546
0.0014355731
0.0008922274
0.680895
0.35914546
0.00087824446
0.99204904
0.9996524
0.9448124
0.45157233
0.00135435
0.98598653
0.002373438
0.9899295
0.41570634
0.01802829
0.4616757
0.0017605451
0.0010234817
0.0009285631
0.46483588
0.00043685437
0.52518487
0.3979874
0.99897146
0.44489494
0.98074913
0.42030877
0.00085298956
0.0016033837
0.0016339306
0.0016741833
0.997086
0.0018896573
0.0014177407
0.454983
0.9995851
0.99990904
0.42194325
0.0010193149
0.0024776491
0.00025093043
0.99880445
0.0012547098
0.99937624
0.42715594
0.45465186
0.99932444
0.0008303219
0.989705
0.99944717
0.0017217515
0.9802445
0.96313167
0.00021662789
0.55470943
0.0007451451
0.99953794
0.99594986
0.99916804
0.98056084
0.9928964
0.0014972142
0.0010742561
0.0008268877
0.00051138125
0.0017192937
0.9994831
0.39611286
0.00089452654
0.337445
0.0029112203
0.99996006
0.021420443
0.0013216346
0.08390356
0.49814126
0.5292491
0.0007320176
6.26008e-05
0.0012048498
0.9988626
0.0013008862
0.99947053
0.9998528
0.984368
0.0006872067
0.98965925
0.0018812724
0.44884184
0.4533037
0.001517429
0.5530686
0.0018093196
0.9091438
0.0016734838
0.98018026
0.588358
0.00039229565
0.0026892524
0.001175714
0.99944574
0.9986444
0.9956085
0.44760078
0.0021930514
0.93441117
0.47338733
0.99985826
0.0006519656
0.9428161
0.9461424
0.451835
0.0003007858
0.45600453
0.9838487
0.9993968
9.752997e-05
0.9993438
0.99432915
0.0022677255
0.0019092698
0.00063969695
0.9963031
0.03593512
0.96656156
0.99750984
0.0003926333
0.0011269356
0.000609659
0.011535623
0.62722397
0.9776723
0.99701726
0.99507576
0.41277578
0.7005806
9.349342e-05
0.99641114
0.99461824
0.99978846
0.00026757567
0.0008229233
0.43145683
0.0005073775
0.9961935
0.4950328
0.00014886644
0.9967193
0.0010373386
0.0007931401
0.99516547
0.4435354
0.507848
0.9987539
0.00068891625
0.9749367
0.92170495
0.9991473
0.084686935
0.00045745808
0.99910897
0.9682694
0.6781274
0.0017172988
0.8431616
0.99977
0.982347
0.99920696
0.9823762
0.9948059
0.99776995
0.0008048648
0.0016047591
0.9797341
0.00073932414
0.02013561
0.0016468749
0.00053922797
0.0016562215
0.00076004205
0.9992317
0.57106537
0.39081496
0.5317755
0.99908483
0.0008744073
0.001077381
0.99935657
0.0006716765
0.9994517
0.9979601
0.57389194
0.4723978
0.9964619
0.001413272
0.017004015
0.99978155
0.46189612
0.00017500379
0.99583375
0.00058772723
0.3048936
0.00024416693
0.00042141878
0.8016869
0.00096187985
0.00083737035
0.0006718372
0.001295264
0.43739355
0.00035603056
0.00051074696
0.99567837
0.9952821
0.4306512
0.0005925179
0.99330807
0.00027057462
0.0014018165
0.9981907
0.5191338
0.0017619972
0.50116646
0.45679942
0.9992112
0.00028916914
0.99999917
0.1149886
0.00082387816
0.45685217
0.0135247605
0.41672826
0.00093030767
0.00077003014
0.0010789848
0.98534554
0.48780984
0.0009573669
0.9946995
0.0022863431
0.0010363775
0.4696627
8.7262684e-05
0.99387854
0.54074055
0.8568888
0.0016899945
0.011800197
0.00079166616
0.9642719
0.00034864063
0.999268
0.0006277586
0.15690537
0.87913966
0.0007123302
0.0004252886
0.99421096
0.9996037
0.41763157
0.99824655
0.000260828
0.0012016217
0.99734575
0.71445316
0.8286232
0.0014574821
0.99949574
0.9970343
0.5009864
0.9995209
0.0028638656
0.99998105
0.98847884
0.9957645
0.0006682417
0.0021568062
0.0010798161
0.45559618
0.0017648687
0.9972115
0.0009746306
0.9987846
0.47154415
0.9641761
0.9993709
0.00090511877
0.0007636182
0.0012517662
0.46305284
0.9964959
0.9983872
0.9999443
0.6205817
0.5126734
0.9479993
0.0008776706
0.4183254
0.9506339
0.75384444
0.0007955215
0.99714166
0.95650584
0.99997914
0.99912876
0.0019091361
0.0025534483
0.98866373
0.99978775
0.00021366923
0.4068883
0.437189
0.99931216
0.0006201492
0.0005576937
0.9992405
0.99681705
0.43251342
0.99131143
0.9931564
0.00065545575
0.0009636254
0.016400702
0.99954444
0.99981886
0.41441464
0.9999374
0.50863314
0.99928457
0.99971515
0.9996555
0.00040933857
0.00019290502
0.9995759
0.0018801768
0.00051009137
0.0005367067
0.8886172
0.0014287687
0.0013235051
0.0006553503
0.42778826
0.99966264
0.44346407
0.9917359
0.0003729172
0.5530624
0.0018073819
0.44941273
0.6388182
0.0004015639
0.00045008704
0.0010182268
0.6034964
0.42668524
0.98285186
0.0012782003
0.99906594
0.4486082
0.0032518809
0.0035886085
0.18006016
0.5460376
0.40903327
0.43669525
0.00032655156
0.44778496
0.00057785405
0.62830573
0.44444358
0.019028964
0.4094481
0.41664505
0.99993694
0.00075554167
0.9988305
0.9912314
0.97019124
0.96985865
0.0010784155
0.9940533
0.9996469
0.11695717
0.0006444683
0.9987686
0.1751791
0.99958247
0.00835092
0.0006546579
0.49780595
0.9974559
0.45080784
0.997931
0.00061297364
0.00023106477
0.0021862523
0.3079601
0.9994523
0.51493526
0.4287767
0.6367057
0.9964682
0.0020381643
0.99977857
0.9981785
0.99213165
0.994729
0.982203
0.3951506
0.0014693429
0.99777895
0.42787433
0.99797994
0.45661622
0.9998988
0.5436687
0.97207785
0.9999713
0.07551303
0.5352872
0.9977406
0.0014482656
0.9988433
0.0010013579
0.001657972
0.0018814746
0.0007878964
0.45438662
0.0006012463
0.56540036
0.49738577
0.99748635
0.0004526954
0.9370885
0.5700597
0.001212593
0.0016636709
0.99198735
0.9597542
0.45845792
0.9784837
0.9994019
0.99819404
0.0013899939
0.9989355
7.924257e-06
0.9987639
0.00056093314
0.00051580375
0.4525041
0.9950971
0.0011325863
0.9992169
0.4372448
0.99391174
0.43268263
0.00020277282
0.91128194
0.9998523
0.0002635889
0.99989414
0.99929535
0.0013452473
0.9844582
0.0009936218
0.0006760664
0.45472595
0.43683603
0.7512897
0.05758618
0.57914877
0.49950868
0.9512043
0.43923223
0.67952067
0.0010792536
0.98369133
0.42572725
0.41210604
0.00065439654
0.0009285392
0.99842525
0.45015898
0.48383135
0.00041858933
0.99745506
0.35596207
0.00021183201
0.9960498
0.0008279462
0.42432103
0.9934049
0.00379982
0.00084627944
0.9913454
0.9993667
0.43685883
0.04624539
0.7042263
0.0006852174
0.43643963
0.9992632
0.45133948
0.4550075
0.006430768
0.0019862375
0.43471462
0.42474705
0.4633906
0.9851215
0.9997348
0.9854438
0.00020879268
0.4181167
0.98870057
0.0018587267
0.0033460269
0.8532288
0.0008028284
0.9967347
0.99956256
0.99884427
0.9997602
0.00048015988
0.0012272286
0.93765575
0.99915624
0.99705553
0.98192984
0.57139933
0.45323777
0.99755543
0.0017180535
0.99769527
0.99725765
0.00052573445
0.00011774527
0.00048555533
0.0009806999
0.99178773
0.99311864
0.97751355
0.0019841734
0.9997179
0.0027341465
0.5464094
0.0006563246
0.9986527
0.99332255
0.990427
0.9997633
0.9900838
0.0021684987
0.45105776
0.0007575932
0.9933902
0.92647475
0.5215297
0.0011760752
0.99937963
0.9999237
0.62179977
0.0012832528
0.9987525
9.0178684e-05
0.992702
0.99231404
0.9981184
0.0006535411
0.44947088
0.9974107
0.0043269247
0.0006513579
0.0018184062
0.9988967
0.00053768547
0.16191731
0.9969619
0.92000085
0.0014783893
0.00024801315
0.97544265
0.9990701
0.0011228995
0.9991906
0.46781182
0.00043122354
0.0008382138
0.0014078028
0.00023379698
0.99903274
0.45535684
0.0015587683
0.9877543
0.99340534
0.0019579914
0.0018895064
0.99688834
0.0011953954
0.9484782
0.00034212347
0.00026815207
0.0013848606
0.0014062545
0.97053164
0.0006609496
0.0008558566
0.9957237
0.001968835
0.0010315792
0.5469033
0.022883965
0.00012761551
8.7908884e-05
0.39204782
0.43553418
0.99579287
0.9971413
0.9910039
0.00028910217
0.95347875
0.001071201
0.99668944
0.0035233127
0.99931073
0.9990145
0.99746394
0.9876182
0.0005068018
0.0009175005
0.45432422
0.98536754
0.43412215
0.580636
0.38474
0.43873426
0.4551509
0.82987535
0.48474526
0.4209567
0.91074854
0.8531339
0.99926716
0.49760982
0.9997495
0.00012181072
0.00032155393
0.97915226
0.0002925977
0.0006021429
0.0005083682
0.0008085835
0.9270396
0.99720395
0.99969673
0.99701595
0.0010149006
0.99965036
0.0052974983
0.00015616317
0.010658397
0.9731915
0.00018308825
0.0013967023
0.4386837
0.9965072
0.012685818
0.4433354
0.000939823
0.00078268215
0.001077727
0.0007388026
0.0003216959
0.9961372
0.001036177
0.99870896
0.010042053
0.4352883
0.0006306118
0.9967338
0.23155327
0.0014392313
0.0011797032
0.999637
0.98976046
0.0011441561
0.0011246798
0.00063499453
0.39416504
0.90310234
0.9996761
0.000996461
0.99972934
0.9544608
0.99979764
0.00032507707
0.9996062
0.0012141567
0.0003065378
0.15423754
0.9997445
0.0006976078
0.42492786
0.9758637
0.0012593978
0.00015022566
0.0010789422
0.0005422413
0.9988104
0.99694234
0.00082157995
0.38859248
0.9985562
0.00019812865
0.4093024
0.998963
0.0012336493
0.00018068543
0.9996475
0.00066249375
0.00067743246
0.997241
0.4250961
0.9995036
0.0011769308
0.00050315546
0.0025326768
0.00063398643
0.029805362
0.9972843
0.41669297
0.0008809893
0.4620571
0.99755573
0.7123237
0.98914844
0.49029195
0.0008673113
0.0009360536
0.99580127
0.00030991685
0.43399686
0.0007895744
0.46337932
0.99580055
0.42320818
0.027314179
0.9984432
0.44216552
0.0019712904
0.31630018
0.98177093
0.9824411
0.00020421657
0.9934635
0.0009229378
0.4547865
0.34159604
0.9981178
0.0009657439
0.65647465
0.99792236
0.0010376484
0.001168473
0.9987808
0.0011563848
0.9996617
0.00056956307
0.7664119
0.42673275
0.0010147585
0.9977259
0.00018040276
0.0006522596
0.4838137
0.9950335
0.0005994639
0.020165564
0.9994147
0.58606905
0.9956007
0.9961739
0.500635
0.9945155
0.6004616
0.0008243698
0.9977374
0.0015943326
0.45157936
0.0024450214
0.0011207627
0.9999535
0.0010402595
0.9909685
0.5273375
0.001768776
0.001497818
0.00034543872
0.00095263094
0.99624217
0.00055032934
0.99616635
0.0009764908
0.42463756
0.5254927
0.9637974
0.99797803
0.9892169
0.0015782508
0.992593
8.965993e-06
0.0011943419
0.0010187334
0.00064136746
0.00022641342
0.9923449
0.4484422
0.4174306
0.00060659583
0.28409937
0.9956898
0.9992798
0.9939585
0.9970816
0.9578485
0.81254065
0.98212874
0.9989329
0.0008620256
0.898735
0.5840329
0.0007890185
0.55039924
0.9972204
0.0013983971
0.9954651
0.0009223533
0.51169574
0.99982977
0.99996066
0.59093666
0.55549526
0.99961483
0.0008024425
0.0007859306
0.0018757106
0.001225846
0.45719507
0.052674495
0.00086011924
0.9989586
0.9942561
0.9636116
0.4089616
0.44844267
0.0034818703
0.4367878
0.44231844
0.44773075
0.00043976723
0.9921942
0.0137193315
0.99508935
0.00022538088
0.2522689
0.9990551
0.9976221
0.60237
0.00043283237
0.977271
0.0012278494
0.7169619
0.0011467454
0.0015278858
0.001013489
0.4624605
0.9988562
0.0007860632
2.440121e-05
0.509054
0.9995803
0.8155363
0.0004333412
0.99891996
0.88843006
0.99999774
0.0013702706
0.0005649889
0.99939024
0.00253718
0.0014192543
0.42034945
0.4453388
0.5194703
0.43441296
0.0014438253
0.995074
0.5019847
0.0008980386
0.5014305
0.44251874
0.019331489
0.0018754926
0.9993949
0.9968272
0.0017339711
0.000980203
0.0015986124
0.96589226
0.006904737
0.9917502
0.44051898
0.5420314
0.00020787258
8.807141e-05
0.9976974
0.99892825
0.9980532
0.69515795
0.08996924
0.99709356
0.001303598
2.7466034e-05
0.0010441273
0.9813007