0.58184606
0.9999732
0.4284897
0.5699303
0.42873594
0.00025991024
0.0007360475
0.9999845
0.4288884
0.8635977
0.23156157
0.00031193285
0.00019922834
0.42758617
0.99995923
0.0001558508
0.00013747087
0.99690884
0.00031448744
0.55860305
0.92466265
0.00019480311
0.42894545
0.0005860969
0.00011173605
0.00035040802
0.55694306
0.9737369
0.42911163
0.99924976
0.00020223278
0.4277426
0.60596025
0.4281082
0.42816815
0.42639107
0.56214374
0.99868983
0.99999905
0.9999635
0.00010781871
0.5552569
0.00089842937
0.42793256
0.00024217418
6.733106e-05
0.5941653
0.896428
0.00016270956
0.999984
0.99878484
0.00034089474
0.99833626
0.9997819
0.5627833
6.706768e-05
0.58628386
0.00016675546
0.0008441866
0.00011528406
0.5875879
0.9998062
0.57680273
0.4288821
0.9273004
0.76063997
0.58527726
0.00097586773
0.95556206
0.5852087
0.9987024
6.280218e-05
0.99353105
0.065421015
0.023041664
0.00039168165
0.00037373306
0.57632244
0.42863
0.4255093
0.0007783352
0.00021125696
0.42691478
0.9992931
0.99968016
0.00046182767
0.5766337
0.9924712
0.9998714
0.6200913
0.0002772107
0.00015572527
0.99920803
0.99171
0.019529404
0.00051979616
0.9998621
0.94301844
0.99994874
0.99989736
0.4291531
0.4287557
0.00018047882
0.00011857329
0.42616752
0.00038336194
0.00023422895
0.9086398
0.9997365
0.9999938
0.0001673638
0.42887264
0.9913769
5.7532252e-05
0.42687944
0.0029811077
0.000109413806
3.7794016e-05
0.9978787
0.84715366
0.9994174
0.99985886
0.00027541825
0.9999145
0.00025184097
0.9999789
0.0001694059
0.00039044136
0.000119996796
0.97816044
0.9980994
0.996554
0.0005954411
0.9864742
0.00068019156
0.00013340806
0.07596386
0.9999633
0.42913076
0.00030682815
0.9998696
0.00012366821
0.9849326
0.00017311296
0.98625135
0.00056200643
0.00043087773
0.42769554
0.0014664354
0.00060003233
0.9999404
0.9867563
0.42729706
0.0013255783
0.0006043991
0.4254777
0.9999567
0.00017608757
0.00013774194
0.84081846
0.99988043
0.9998233
0.41976932
0.88133407
0.99863607
0.00014785229
0.6063678
0.5849692
7.201297e-05
0.00012299458
0.00022277333
0.42951033
0.00010176851
0.12626351
0.00039560083
0.00021258896
0.00029744048
0.998145
0.00016724656
0.000117691045
0.21276657
0.0002637933
0.00063501205
0.99999857
0.93607163
0.9991196
0.42704242
0.42948577
0.00053626666
0.99861073
0.00020488868
0.9998172
0.9998654
0.99464995
0.0003017871
0.00037641893
0.42844322
0.99797374
0.00017343859
0.00024571127
0.0011810457
0.99913484
0.99996865
0.92546654
0.9997086
0.99998975
0.00019975714
0.9998336
0.0004230417
6.3037085e-05
0.42738867
0.42551795
0.99993706
0.001358209
0.42873102
0.42946362
0.00014970616
0.06663906
0.00013266152
0.0004805642
0.00038713185
0.9997838
0.0003269129
0.0009180274
0.00016460179
0.99958795
0.98484355
0.00083672395
0.4280546
0.0002587035
0.9993013
0.42892325
0.37479556
0.42818376
0.57880163
0.42528066
0.9999896
0.999995
0.00013953878
0.00012764934
0.00053064455
0.0003318517
0.9999485
0.99782914
0.9905787
0.00023419812
0.42959753
0.0053196987
0.4272809
0.58457685
0.99995565
0.00010224563
0.93106014
0.07192612
0.0001324676
0.00011561456
0.9982174
0.9614897
0.9991579
0.99993694
0.99972326
0.00030151822
0.99995863
0.9997353
0.2552886
0.00022580934
0.00015716943
0.00020285539
0.5466597
0.99887127
0.4265646
0.9587159
0.0005354857
0.00055908633
0.91192067
0.5634443
0.076564334
0.00020981846
0.9997712
0.9827943
0.9999821
0.9999844
0.05252361
0.00015588422
0.99960464
0.99912745
0.4250723
0.998171
0.00032714516
0.42835754
0.38986745
0.99987483
0.56792676
0.00015784948
0.99992716
0.00020366278
0.63975257
0.9997274
0.00021040664
0.9998056
0.4288566
0.00017302828
0.8967051
0.9992017
0.999303
6.869622e-05
0.56786937
0.0004527151
0.99998796
0.000117205556
0.00045975886
0.6167353
0.99989104
0.99854326
0.99994695
9.750411e-05
0.0007315877
0.0012469699
0.9965894
0.00017038372
8.4522966e-05
0.00014780859
0.00036096305
7.149737e-05
0.99989283
0.5684661
0.00014657965
0.00010958954
0.42863846
0.9857598
0.960584
0.00021955422
0.99898964
0.99998796
0.9483784
0.4277209
0.9999584
0.99939644
0.00015015693
0.00016160682
0.000110242305
0.0001876757
0.9998859
0.42751214
0.9997031
0.37159774
0.89183336
0.999106
0.9995925
0.9968669
0.9750507
0.00031091864
0.999846
0.42633885
0.98998964
0.0032292076
0.00017102437
0.6007367
0.99999034
0.6106017
0.00012631151
0.9754902
0.004564645
0.00024008988
0.0002089042
0.42731345
0.9950244
0.00012093611
0.0003155804
0.42851812
0.4290395
0.00025129723
0.9999527
0.00019300015
0.00026391936
7.51925e-06
0.9990207
0.9492683
0.00023114649
0.00095507334
0.99993384
0.8445895
0.9097404
6.241023e-05
0.021989994
0.9360201
0.9950353
0.42985332
0.00039844436
0.9992661
0.57818234
6.012007e-05
0.00016640412
0.0005166479
0.4282192
0.99961424
0.98892385
0.00012320328
0.00023121505
0.00057519856
0.00041609368
0.97428507
0.998774
0.4296299
0.53568816
0.42618635
0.99990225
0.9996375
0.9985709
0.42837477
0.9875365
0.42481887
0.9855216
0.99999046
0.00027561054
0.00023050871
0.9728601
0.0002646203
0.99997485
0.00020266787
0.00058871874
0.4275196
0.00016512102
9.296607e-05
0.9994024
0.99999595
0.99980384
0.42907244
0.000219652
0.0006258356
0.00019035523
0.9988424
0.42533636
0.03903984
0.0012689208
0.00011316757
0.9999541
0.5749058
0.9363268
0.426345
0.00025040464
0.0001297509
0.00022774909
0.99889475
0.99988556
0.0004914016
0.99994934
0.9989219
0.42875785
0.99995005
0.9997906
0.4294495
0.94026434
0.00018997681
0.5904785
0.00062742154
0.99986494
0.9711395
0.00027436076
0.0002733662
0.99972206
0.9999696
0.00023232326
0.9683412
0.00015731082
0.99991643
0.999866
0.4078377
0.00024571878
0.0001571931
0.42918
0.00049104105
0.99975437
0.58187234
0.00020559355
0.9887376
0.9636333
9.7471675e-05
0.99916196
0.00022762797
0.00021874766
0.4276528
0.4294445
0.9995821
0.00013200131
2.7407503e-05
3.572555e-05
0.9998485
0.9969982
0.42899677
0.55680716
0.94190335
0.9999926
0.9939421
0.42958423
0.43128923
0.9997675
6.451052e-05
1.3601284e-05
0.5619823
0.4251058
0.99994254
0.00011265012
0.00023463082
0.9938047
0.99978346
0.00022486616
0.42430303
0.00019098664
0.115957335
0.00035162142
0.86710924
0.00015351364
0.9999256
0.42812887
0.42718393
0.5826108
0.0038752218
0.00036231763
0.00025745624
0.60992026
0.33675027
0.0006394744
0.99991417
0.9999902
0.98165476
0.42902634
0.00031852082
0.9955539
0.0042870254
0.96263576
0.4289204
0.06318797
0.43007576
0.00024132158
0.0002642895
7.7468045e-05
0.4292394
0.00012802577
0.57162964
0.42963502
0.999926
0.42767328
0.994083
0.4239442
0.0003620956
0.0003168852
0.00062702433
0.00029853795
0.9999398
0.00040826222
0.0001140022
0.429072
0.9963264
0.9997037
0.42924297
0.00016713304
0.0019607637
0.00031042311
0.9998597
0.00023626554
0.9999523
0.54709667
0.42751575
0.9998692
0.00018751864
0.9955571
0.99994063
0.00016492527
0.99973375
0.99771154
0.00031204618
0.5718544
0.00013459919
0.9995142
0.99972814
0.99991477
0.9936713
0.98285115
0.00047574137
0.00018244034
0.00036559577
0.00015598116
0.00052810373
0.99942017
0.19639155
0.0002990818
0.935146
0.0006990633
0.99977964
0.07420359
0.00013058861
0.11254099
0.43114632
0.5759654
0.00019528533
5.3126325e-05
0.00025378205
0.9989371
9.913685e-05
0.99999726
0.99996614
0.9695842
0.00014867635
0.9856037
0.0002783118
0.42961022
0.42853248
0.00040518714
0.5776992
0.0008345545
0.5815686
0.00018950553
0.97728705
0.5975212
9.985297e-05
0.00077132415
0.00019722001
0.9983429
0.99902654
0.9993443
0.4235794
0.0010083152
0.8028073
0.4409594
0.9999783
0.0001518014
0.9862298
0.72648495
0.4287437
7.939686e-05
0.4274248
0.999959
0.99993527
0.0022413256
0.9999074
0.99954057
0.0007330435
0.00080475555
0.00014792547
0.9996307
0.0323835
0.92095065
0.9993592
0.00014136336
0.00029811304
0.00014066765
0.002817185
0.6129389
0.9736366
0.9994336
0.99842536
0.4294016
0.6530031
4.8052025e-05
0.9998609
0.99991906
0.99999523
7.9188845e-05
0.00019123354
0.42554083
0.00023295631
0.9954953
0.8009487
6.904851e-05
0.9976775
0.00039903677
0.00023669214
0.99900335
0.4173669
0.5645932
0.99501294
0.00028697608
0.9808446
0.82581127
0.999335
0.09268918
0.00021579422
0.9992811
0.9948748
0.6466903
0.0014659327
0.73987
0.9997534
0.99713945
0.9997296
0.99851793
0.99979955
0.99943656
0.00026658308
0.00037549852
0.8806204
0.00021661012
0.024694461
0.0017309164
0.00017285069
0.00068226905
0.00017534586
0.999252
0.15396579
0.428912
0.5815181
0.9999926
0.00077388954
0.00038993347
0.9999579
0.00016337853
0.99988484
0.9992549
0.595449
0.54328066
0.9986596
0.0001444344
0.09360928
0.9999827
0.42719442
0.00011633759
0.99896336
0.00013138448
0.095175296
9.918422e-05
0.00018118955
0.91432536
0.0002615155
0.00010222536
0.000109023356
0.0003647135
0.42850992
8.1017606e-05
0.0001470921
0.9929885
0.9997254
0.42544314
0.00030189648
0.9993038
5.010004e-05
0.00022087723
0.9999026
0.61170137
0.0005058631
0.5588121
0.4286067
0.99944514
0.0002362261
0.99991333
0.14195801
0.00033092604
0.42778242
0.017955385
0.42899165
0.00023486874
0.0002224626
0.00020715574
0.9952468
0.5548264
0.00014748926
0.99772793
0.0002760513
0.0003528718
0.4280572
9.337235e-05
0.9946584
0.5773636
0.7236466
0.00016308374
0.0059212623
0.00033398267
0.9832032
0.00016249421
0.99942243
0.00016113934
0.042054858
0.59921
0.00018876579
0.00016537217
0.9996815
0.99996793
0.41711617
0.9998362
0.0005611738
0.00026604277
0.9948644
0.35361272
0.43206483
0.00021575388
0.99981564
0.9999231
0.5667321
0.9999577
0.0004535846
0.99995553
0.9875744
0.9998952
5.9385082e-05
0.00038810348
0.00016333057
0.42959777
0.00019779192
0.99992967
0.00029360535
0.99999547
0.4285061
0.68836755
0.999824
0.00017552885
0.00034650406
0.0004636167
0.80807626
0.9994357
0.99906474
0.9999933
0.61247385
0.5816097
0.83070797
0.00055227964
0.42859247
0.9260772
0.73442936
0.00025545468
0.99957234
0.9994235
0.9999994
0.99989843
0.00031184216
0.00012647989
0.9994062
0.9999933
0.0002854167
0.14488253
0.42849618
0.9999232
0.00039744418
0.00017296181
0.99982435
0.95298463
0.450224
0.9973648
0.9961104
0.0003549637
0.00015194637
0.001569907
0.9999925
0.9999943
0.42872465
0.9999753
0.56677526
0.9999732
0.99998844
0.9986853
0.00017988318
0.00015527525
0.9995454
0.0018801276
0.00022971032
0.00034201
0.9321242
0.00028760495
0.00013774102
0.00029101584
0.42893347
0.9999511
0.4281996
0.93186224
6.1319966e-05
0.57352144
0.00062183157
0.4244782
0.020905195
6.18786e-05
0.00019865074
0.0001679148
0.25356138
0.42915356
0.99753016
0.00025503073
0.99754024
0.42864138
0.0004052223
0.00024204676
0.061633404
0.5814035
0.42809018
0.2094689
0.000816874
0.42576778
0.00025834932
0.6036204
0.42906988
0.045629624
0.4296545
0.42748436
0.9999355
0.00015615141
0.9998443
0.997106
0.9857093
0.99228
0.00012262921
0.9999031
0.9999114
0.16451931
0.00018966063
0.9999471
0.17137383
0.9986595
0.2536727
0.0001740831
0.5675432
0.9990885
0.42797226
0.9997514
0.00012387488
0.00050057843
0.00010391741
0.08414214
0.999923
0.5687977
0.42587915
0.6096413
0.99991345
0.0010357102
0.9999939
0.99904686
0.95392334
0.99797076
0.99819463
0.42970222
0.00037104622
0.9994968
0.42911202
0.99951756
0.42919806
0.99999094
0.59065163
0.9988102
0.99994135
0.17186283
0.5693557
0.99966156
0.00022191538
0.99948835
0.0002729352
0.00017913639
0.0023953666
0.00015772987
0.428681
0.000568172
0.60089225
0.56385046
0.9989526
0.00028802207
0.9649049
0.1273784
0.00048768046
0.00021264229
0.9995759
0.9903446
0.42928234
0.9407855
0.99931
0.9996854
0.00024236937
0.99962354
3.4567336e-05
0.99934334
0.00016349493
0.000163721
0.42768943
0.99244505
0.00023700783
0.9999907
0.4245015
0.99737155
0.42844462
0.00012929653
0.96298826
0.9999529
8.361931e-05
0.9999951
0.9999784
0.0001934058
0.9187218
0.00018420475
0.00011478946
0.42963588
0.42035434
0.7565933
0.2000781
0.5889092
0.5597122
0.996405
0.4283237
0.5833422
0.00031920237
0.9870568
0.42859027
0.42793384
0.00014070453
0.00011740836
0.9969319
0.42872208
0.56868184
0.00011078429
0.99873096
0.8573045
6.126059e-05
0.99917835
0.00017112063
0.42874515
0.9983341
0.0008120076
0.00021223555
0.9961527
0.99994504
0.4287935
0.037301254
0.6295147
0.000401759
0.4286929
0.999813
0.42941394
0.4270154
0.0024840909
0.004031434
0.42487586
0.42912933
0.42624256
0.9978377
0.9998952
0.99140173
0.00019315109
0.4290203
0.98890334
0.0001627634
0.0004617674
0.83203757
0.00014247301
0.99915624
0.9999511
0.9995766
0.99997747
0.00021513211
0.00020851157
0.98893917
0.9997315
0.99899226
0.9998097
0.6089544
0.42750642
0.9999788
0.0002328879
0.9994252
0.99851733
0.00014637545
7.703943e-05
0.00016482212
0.00028109638
0.99974746
0.99971586
0.9967687
0.0004711456
0.99919003
0.0012092043
0.5793637
9.719963e-05
0.9992699
0.9987507
0.9983255
0.99991643
0.99959403
0.00028408424
0.4261548
0.00012401032
0.989705
0.94047743
0.56314594
0.00016592562
0.9998642
0.99997365
0.5926216
0.00024647478
0.9999137
8.0485974e-05
0.8832066
0.9992878
0.9998005
0.00016928141
0.42697027
0.9998827
0.0041447673
0.00059348723
0.00027262466
0.9998149
0.00017418306
0.14373228
0.99817204
0.9630726
0.00020389575
0.00052014727
0.8276155
0.99977607
0.00015453289
0.99995553
0.5476624
9.534434e-05
0.0001482019
0.0004709312
0.00017943777
0.9996339
0.42672795
0.0005337201
0.9524501
0.9969003
0.0004288312
0.0007638646
0.99995553
0.00028976
0.9734036
7.661371e-05
0.00020598501
0.0003133684
0.00024999861
0.9078127
0.0006736427
0.00022585758
0.9996395
0.001247662
0.00048246118
0.58191884
0.10543168
4.8127695e-05
7.790126e-05
0.4284398
0.42876658
0.9984773
0.9997936
0.9998097
0.00022890682
0.91759044
0.00039973806
0.9969573
0.002075816
0.9998747
0.9963744
0.9996902
0.9937482
0.000110561195
0.000107687185
0.4289829
0.98993367
0.4289647
0.30697802
0.40293753
0.8279758
0.4284552
0.95630056
0.7642188
0.42872122
0.87034905
0.87184906
0.9999615
0.5680342
0.99982077
0.00021103772
0.0001248112
0.9898212
0.00038768267
0.00039859972
0.00022981502
0.00019807898
0.9259983
0.99893576
0.9999789
0.9996226
0.00019651365
0.9999293
0.0011051307
9.827046e-05
0.018006714
0.89914894
0.00016605714
0.00014148162
0.4289623
0.99905413
0.00097014196
0.42844155
0.000115134986
0.0006656931
0.0003967811
0.00030149694
6.8612346e-05
0.99990296
0.00018001959
0.99925333
0.026248908
0.42910668
8.820916e-05
0.9968579
0.22424479
0.00017045975
0.0002724033
0.9999945
0.99741423
0.00029837148
0.00013947493
0.00052977784
0.42916822
0.9506494
0.9999826
0.00015623482
0.99977165
0.9286191
0.99992216
0.00015787056
0.998698
0.00022622808
0.00022508044
0.44444618
0.99986017
0.000102510094
0.42563418
0.998623
0.00014592128
0.0002806845
0.00015408383
0.00025268734
0.9999664
0.99989295
0.00012075403
0.42234462
0.99974364
7.859977e-05
0.7208083
0.9995443
0.00026141427
3.9285824e-05
0.99998605
0.00037437672
0.00017719483
0.9986008
0.42957482
0.99995685
0.00016290625
0.00018622895
0.001983283
0.016053412
0.02052931
0.9996563
0.42679968
0.00011814993
0.42836258
0.9994087
0.82480717
0.98924154
0.55963224
0.0001617195
0.00013928939
0.99828905
0.00015838683
0.42854556
0.00044084844
0.42875698
0.99818486
0.42909947
0.38711998
0.9997987
0.4288231
0.00030667902
0.57516277
0.9967674
0.99708873
0.00025598274
0.99398285
0.00019383428
0.42690387
0.5649597
0.9989548
0.00019706869
0.58261305
0.99814653
0.00022418881
0.00044640343
0.9996476
0.00018805008
0.99999833
0.00011255638
0.31681094
0.42899457
0.00044382134
0.99893755
0.0003880038
0.00019668048
0.56156045
0.9956455
0.00012719443
0.030270226
0.9999901
0.59130365
0.9999156
0.9998154
0.5711915
0.99944514
0.56694126
0.00012211403
0.99998355
0.00013433442
0.42978388
0.0017250412
0.00021278203
0.9998235
0.00014285445
0.99752134
0.5777365
0.00016520417
0.00016186343
0.00034359616
0.0001434786
0.998684
0.0003200324
0.99951255
0.00016910331
0.42907786
0.5731415
0.9990246
0.9981528
0.9596057
0.0006356276
0.99124134
1.6803813e-05
0.00022487924
0.00013807084
9.2283044e-05
0.00031487143
0.9950433
0.42698774
0.4295281
0.00024499194
0.4240237
0.99916446
0.9997967
0.9980233
0.9994936
0.9957119
0.702847
0.9992022
0.9998041
0.00012232274
0.90978825
0.5856828
0.00028573768
0.67211175
0.9992981
0.00024952213
0.9961934
0.00010538182
0.5687045
0.9999355
0.9999542
0.58785385
0.5931298
0.99954766
0.0006564839
0.00027906933
0.0014446629
9.4382485e-05
0.42952302
0.01649269
0.00025792155
0.9996772
0.99913245
0.84946156
0.42964363
0.4282524
0.00092732004
0.42857766
0.42805183
0.4272373
0.00013071782
0.9985251
0.029516397
0.9982963
0.00040168472
0.09204412
0.9999269
0.9998629
0.5881138
0.0003774981
0.9827335
0.00054168905
0.82979095
0.00043030412
0.000527057
0.00014935897
0.4280386
0.99903035
0.00021522566
4.1118572e-05
0.5675354
0.99996936
0.597577
0.00022188682
0.9989385
0.8916196
0.9996443
0.00024864296
0.00025815726
0.99993944
9.7238095e-05
0.00020081126
0.4272737
0.5589597
0.5718785
0.42568135
0.00020851397
0.99862206
0.580794
0.00014962809
0.5684297
0.4286658
0.0102136955
0.0002710776
0.99983525
0.9995221
0.00087791024
0.0001388065
0.00042593796
0.9961688
0.0064939526
0.9993425
0.42929253
0.5811511
0.0003289488
8.90647e-05
0.99903667
0.9997601
0.9995403
0.6132151
0.03352987
0.99991465
9.884394e-05
1.2451402e-05
0.0019385972
0.815366