0.49049786
0.99937683
0.383895
0.51961595
0.41214776
0.0011549069
0.0023988797
0.99903035
0.4271227
0.54694253
0.005310467
0.00074735034
0.0024526312
0.43035713
0.9968142
0.0005083554
0.003799672
0.98505473
0.0038794924
0.47433376
0.9444873
0.008022012
0.4277646
0.0041553536
0.00070099864
0.019069662
0.47712243
0.95995677
0.42628288
0.9920108
0.0016313602
0.40353608
0.19257249
0.4084122
0.42033273
0.3866739
0.501164
0.99312615
0.99793017
0.9992155
0.0021442948
0.45052582
0.004386662
0.38072774
0.0019468359
0.00050545635
0.5384314
0.9177141
0.0019055796
0.99915254
0.99197996
0.002217283
0.9984402
0.9798631
0.4866548
0.004116778
0.48517427
0.0045929262
0.005116311
0.0026602761
0.5665556
0.9962333
0.54071504
0.4014842
0.8761717
0.92199403
0.5979934
0.0017209648
0.70290816
0.54120445
0.99854666
0.0029869939
0.84764624
0.47461182
0.00078049017
0.0013670309
0.0035655724
0.5266334
0.41420904
0.41596383
0.0016265234
0.00067786704
0.39340767
0.99709487
0.9983429
0.0012122807
0.5277331
0.9992231
0.9942268
0.98701406
0.0010583714
0.0014641804
0.9967828
0.9885451
0.001047002
0.007916458
0.997595
0.9517793
0.998403
0.9986565
0.40773562
0.38830763
0.0017623594
0.001538287
0.398474
0.008402407
0.0006383461
0.97897446
0.9957476
0.99920565
0.0017425688
0.3851891
0.9896237
0.0017065955
0.39900136
0.0017981782
0.0013996423
0.0060886825
0.99446726
0.74735177
0.99884605
0.9985678
0.0075788624
0.9996841
0.0034576086
0.99110085
0.0057858913
0.0019724108
0.001959716
0.9562406
0.99713385
0.9856426
0.0015921998
0.9765945
0.0018435804
0.0006969884
0.35008657
0.99765897
0.42915043
0.0010053709
0.9996152
0.0030529522
0.9820187
0.001637673
0.94886523
0.0016755356
0.001884043
0.25181532
0.043011367
0.0030124495
0.9887587
0.951364
0.35028365
0.0013429136
0.008947096
0.37693325
0.9977087
0.0021925443
0.0010060646
0.9235153
0.9990132
0.9948467
0.8562904
0.98760206
0.9940942
0.0016059123
0.6271669
0.53298557
0.0018119024
0.0018146416
0.0011536288
0.41069356
0.015598862
0.358907
0.0077823256
0.0059989365
0.019200534
0.9998728
0.0039160475
0.0007041392
0.54596025
0.0024798256
0.001983977
0.9965917
0.9789411
0.9809849
0.4119578
0.42115718
0.0010998312
0.99286497
0.0011091612
0.9993476
0.9991642
0.994896
0.008098165
0.0019235939
0.41186437
0.98824614
0.00043589892
0.0024682684
0.0055963006
0.99611074
0.9957534
0.9938611
0.99295336
0.99945015
0.009672769
0.9990845
0.0037724446
0.0067743664
0.41694778
0.43140268
0.9922914
0.028121803
0.4048871
0.4246589
0.0010481012
0.4547273
0.0011621846
0.0026424997
0.0040372186
0.99874157
0.0020405448
0.005200378
0.0015880443
0.99788123
0.98727906
0.008366781
0.40324596
0.0025822609
0.99649686
0.42504078
0.43171564
0.39644778
0.46141943
0.4174289
0.99606055
0.9993905
0.0030847432
0.0003987335
0.0016751407
0.0020968055
0.9994056
0.9817269
0.8968921
0.0019758418
0.42918628
0.09012296
0.3961524
0.06495803
0.9988513
0.0006071149
0.82650954
0.012311352
0.0014058655
0.0045857616
0.9811674
0.90407836
0.99781346
0.9989857
0.99823546
0.0010217616
0.99853575
0.9960634
0.42403612
0.017289657
0.00042790076
0.0010719524
0.09748836
0.9924325
0.4389015
0.95511687
0.0010627006
0.013851814
0.68948257
0.32833093
0.1849102
0.0024356933
0.99642783
0.9838616
0.99724174
0.99956244
0.0015999327
0.0024707126
0.99076533
0.99674654
0.40566763
0.9943071
0.0021904537
0.37957314
0.84894973
0.9979236
0.48965728
0.00077135535
0.99386346
0.0023387724
0.5270796
0.9931323
0.0030537145
0.98601043
0.39061686
0.0011936397
0.9630109
0.9876599
0.9999343
0.0043107257
0.52701604
0.0062121246
0.9937059
0.0011196358
0.0040422506
0.4061989
0.9971008
0.9895411
0.9925202
0.0009882142
0.0043420256
0.0017941156
0.98475015
0.0037993777
0.0006532777
0.0019222652
0.0017657863
0.00043228766
0.9986129
0.4880112
0.009114757
0.0037198279
0.40943927
0.97300625
0.77767867
0.00037564515
0.99806505
0.9986871
0.9148533
0.40309915
0.9994702
0.99756587
0.0019364164
0.00047207825
0.00041444885
0.0018113927
0.9986266
0.3184524
0.99907625
0.8825245
0.74580055
0.9596611
0.9978389
0.99282336
0.96361345
0.0008826059
0.99904305
0.28905758
0.99049276
0.0025061285
0.0024659424
0.5102391
0.99688196
0.6687635
0.0058679692
0.99073774
0.009896531
0.0012784365
0.0053762617
0.36710188
0.95252275
0.0038109114
0.0026015243
0.40990305
0.40162507
0.0019051154
0.9990771
0.0007975317
0.0030668324
0.0006674162
0.99650997
0.9538665
0.0024989482
0.0032207633
0.99868304
0.7612286
0.97144675
0.004295752
0.0019383896
0.9486975
0.9986426
0.31838566
0.0015870044
0.9946038
0.57295215
0.0011191624
0.001446646
0.008197795
0.42313188
0.99408036
0.98505116
0.0011963397
0.0010961483
0.011115926
0.004368672
0.8997942
0.9965771
0.31761113
0.46248528
0.44466543
0.99729013
0.9897885
0.9966601
0.41139704
0.9898544
0.39453384
0.8569154
0.9939173
0.0024228687
0.0006723076
0.9706161
0.0024144251
0.9994099
0.0014950943
0.0030323984
0.3922847
0.0018966348
0.0050294637
0.9167088
0.99957925
0.9978834
0.34649256
0.0062308926
0.010828322
0.0009509669
0.9710261
0.36789477
0.43319604
0.0029615164
0.00044435708
0.9992914
0.5264701
0.8651813
0.41042575
0.0027422702
0.0022879883
0.001389706
0.98982424
0.99939203
0.014192487
0.99851185
0.9979564
0.41371387
0.9982431
0.9818309
0.41669548
0.96045214
0.00079667685
0.13393642
0.0061641266
0.99642295
0.95644
0.0018798314
0.0010918436
0.96435225
0.99852246
0.0028170298
0.94694006
0.001991302
0.99844307
0.9975878
0.24184772
0.002720834
0.0006840791
0.42163292
0.00090808165
0.9966132
0.5698534
0.0024339189
0.96827346
0.9897984
0.006440006
0.99770844
0.004899244
0.0012270544
0.40521798
0.39481363
0.9961403
0.0013315039
0.00078096933
0.0009691119
0.99835736
0.99361503
0.3880369
0.47745746
0.60432905
0.99801624
0.9866328
0.40265784
0.44240656
0.99968433
0.0006793769
0.00044065982
0.49467066
0.40600094
0.9976223
0.001151642
0.0024314057
0.98064077
0.99255615
0.001462449
0.3481721
0.0016744934
0.720382
0.0014982005
0.92637765
0.0017662637
0.9990982
0.42371517
0.40968
0.53248996
0.0072832555
0.0030408895
0.0009674476
0.67526424
0.48445055
0.0044973847
0.9983677
0.99931765
0.95923173
0.37519652
0.004322256
0.97384316
0.0029489526
0.96156824
0.40760845
0.0011297776
0.4040524
0.0041971887
0.002457902
0.00057331
0.41477424
0.0034009991
0.5250971
0.4137774
0.99712914
0.43183947
0.94560045
0.42254362
0.0042716363
0.004376432
0.0013424073
0.0023106523
0.99789435
0.001991572
0.0011209719
0.37901235
0.9935656
0.99956626
0.43256626
0.0010668854
0.02387919
0.0008595932
0.99615854
0.0036253522
0.9987465
0.29351875
0.4233336
0.99764663
0.0017120797
0.9979371
0.991299
0.0024736112
0.99070686
0.9431339
0.0011535656
0.5006567
0.0006202388
0.9997917
0.99161494
0.9983575
0.8089578
0.9773506
0.006278123
0.0022154471
0.0018689121
0.0006737816
0.010651235
0.9997019
0.4201183
0.0016682675
0.9102634
0.0013719132
0.98574984
0.0011804467
0.0037813596
0.0018958442
0.076022565
0.5036052
0.002176983
0.0024234336
0.0013592611
0.99927217
0.000953118
0.99962604
0.998657
0.9829959
0.0017998677
0.9290076
0.0028649836
0.39829606
0.3879831
0.0042850613
0.5260367
0.0022520828
0.6066056
0.0022992962
0.9959539
0.5427462
0.004552944
0.002741913
0.0026143466
0.9860465
0.9953661
0.994987
0.24992932
0.0037824989
0.9804181
0.48280665
0.9950466
0.0005376734
0.9725385
0.77468485
0.4076777
0.0017687271
0.40692768
0.99966455
0.99675614
0.005289537
0.99876773
0.9952055
0.015471302
0.004530627
0.0005483731
0.9966537
0.0013126695
0.29544047
0.99793375
0.0010432911
0.0031248755
0.005909374
0.0067675067
0.5482572
0.97411454
0.9952632
0.9440035
0.41757095
0.8715387
0.0005599086
0.9922408
0.9803494
0.99909866
0.0010725479
0.0029676245
0.4035244
0.0006528896
0.9950647
0.5691688
0.0007038859
0.9769856
0.0016174444
0.0017619242
0.9945399
0.22702357
0.49387458
0.98836935
0.0014164775
0.9616044
0.6138896
0.99876344
0.1640953
0.00333849
0.98903894
0.9903866
0.23211434
0.003038095
0.6673034
0.99365073
0.9900109
0.9791413
0.96997786
0.99196905
0.9892647
0.0081775775
0.014098434
0.90975434
0.0005018299
0.0016418837
0.02602391
0.00041871643
0.002798077
0.0005410436
0.9967918
0.51987225
0.40018302
0.5660637
0.996801
0.011871504
0.0014009217
0.9985348
0.001344546
0.9933581
0.99962294
0.5268595
0.46280947
0.9982742
0.002280399
0.0007428104
0.9988681
0.41728577
0.00075761887
0.9981104
0.0010516273
0.35015613
0.0023874
0.0008718291
0.5567244
0.0014161578
0.0029192232
0.00050689315
0.0029359956
0.4202759
0.0019202242
0.005251378
0.9700485
0.99356234
0.37628964
0.00041105502
0.9883774
0.0007324639
0.0014360402
0.99915767
0.55412143
0.004334847
0.48822343
0.41031814
0.9933634
0.0006376028
0.9999987
0.0860567
0.0012540569
0.3858561
0.0009573761
0.42321497
0.00076663535
0.0012713876
0.0011706505
0.9320492
0.44771025
0.0015035928
0.99474347
0.008907627
0.00077807414
0.38869742
0.002274471
0.9935324
0.5364413
0.777283
0.0035580294
0.0014194564
0.0026411114
0.9627916
0.010144906
0.99447626
0.0018061558
0.0004499466
0.5519932
0.0018823283
0.002571269
0.9980108
0.9988356
0.27698982
0.9983866
0.0012302569
0.001472519
0.98435044
0.8105047
0.79529065
0.0018516401
0.997721
0.99715155
0.4920082
0.9996798
0.004493525
0.9873125
0.95008874
0.99655724
0.0010600787
0.0329113
0.0010748187
0.30906528
0.0034558268
0.99660033
0.0013702327
0.99960345
0.38790113
0.96231216
0.9971083
0.001605252
0.0010504508
0.0013575894
0.663386
0.9852385
0.9973049
0.99788
0.6028176
0.51778257
0.9142593
0.0023110327
0.35912138
0.8832518
0.85125405
0.0018295096
0.99702746
0.9063933
0.994317
0.99207824
0.0022327174
0.0060387724
0.9892212
0.99980026
0.0009318952
0.4220547
0.40923968
0.99810433
0.001587702
0.0023699654
0.9985746
0.9471009
0.06563457
0.97469574
0.9773347
0.0015175209
0.0029715155
0.11407649
0.9997601
0.9995907
0.325058
0.9987947
0.5112934
0.9971897
0.9991198
0.97131383
0.00075074635
0.0076705045
0.99427795
0.0019536857
0.006749975
0.0009744039
0.96800107
0.0038732118
0.0012008855
0.001452638
0.42226732
0.9986842
0.40308943
0.98640186
0.0037309367
0.5404293
0.003908087
0.24685289
0.07476712
0.00031168523
0.000610668
0.0022077952
0.5579608
0.43391618
0.8767576
0.0030952885
0.9951584
0.4006876
0.0083114775
0.015723754
0.34351644
0.5272998
0.405859
0.31816456
0.0006462846
0.40114462
0.0012473121
0.6208326
0.39294448
0.097363345
0.42259508
0.42749622
0.99996114
0.0010540882
0.9975745
0.990767
0.98004925
0.95279056
0.0019690122
0.9978346
0.9983181
0.36761037
0.0038733538
0.99589455
0.46163476
0.9994004
0.31172743
0.0010716307
0.50721246
0.9972651
0.40634802
0.9971986
0.0014853672
0.00065432605
0.003213949
0.35946053
0.999496
0.5097221
0.40898108
0.8136267
0.97631377
0.0025550164
0.99793386
0.996906
0.96819645
0.9883378
0.98054254
0.44247448
0.0058970028
0.9956131
0.42657176
0.9919916
0.39641532
0.99502546
0.5216069
0.9948265
0.99666226
0.0033162944
0.61962706
0.9873875
0.0015690282
0.9944878
0.0011260835
0.0020220196
0.001881131
0.00042859276
0.39937156
0.0018566066
0.5809564
0.5144051
0.99855274
0.003989348
0.91244817
0.64651865
0.0036659895
0.0040497654
0.99736917
0.9401466
0.35371014
0.963368
0.99608225
0.9950766
0.002972451
0.99540675
0.0010887738
0.9933721
0.0017965005
0.0016329492
0.3902885
0.980373
0.0028153344
0.999416
0.38786247
0.9906736
0.42920482
0.00048629037
0.9049324
0.9963188
0.0027801674
0.9734265
0.98051476
0.0019603372
0.9358488
0.0015188769
0.0012772682
0.3928143
0.26912525
0.7604123
0.12511264
0.5290248
0.4895303
0.9470423
0.42637315
0.5521445
0.0010887297
0.9512388
0.39058995
0.44268107
0.00091748254
0.0010193086
0.999696
0.41573933
0.5597662
0.0004934116
0.9930761
0.94588387
0.00063294714
0.9971892
0.0020289382
0.4193322
0.98755115
0.00078393874
0.0016844148
0.99153477
0.9975357
0.41795793
0.23207557
0.6219955
0.0016336294
0.41618407
0.9992999
0.403613
0.41598257
0.0014313257
0.0025814837
0.40425348
0.43159318
0.37954473
0.99033946
0.98602086
0.9474955
0.0016761873
0.4240414
0.95075333
0.01841992
0.0013719022
0.7004168
0.0045332126
0.98819286
0.999151
0.99926955
0.999106
0.0016495184
0.0012719478
0.9481493
0.9992237
0.99603003
0.9969357
0.52366
0.41708326
0.999759
0.0017085269
0.99706024
0.99877125
0.0037465328
0.004860553
0.001275099
0.0023016755
0.99655426
0.9844563
0.9768742
0.0042256243
0.9991098
0.0005050773
0.60293776
0.0012560628
0.9936526
0.99570197
0.98698795
0.9945663
0.99170285
0.0044492055
0.40175655
0.0017093794
0.99349856
0.8055399
0.4929029
0.002099527
0.99960214
0.9979232
0.6045762
0.0035642225
0.99945325
0.0012475259
0.84573513
0.9920433
0.9939016
0.0024124128
0.4343145
0.977798
0.0024643033
0.002058678
0.002064017
0.99808717
0.0047047115
0.20096798
0.9881193
0.87007177
0.00679813
0.0028619366
0.772453
0.9902852
0.0016142027
0.9959943
0.49198955
0.0014402309
0.0014267252
0.021691889
0.0014557365
0.9931431
0.40473652
0.0050383722
0.97347957
0.98888105
0.0033253725
0.0007497157
0.98355746
0.004385871
0.9260132
0.0012860284
0.0023622124
0.004249846
0.0015622408
0.9848077
0.0036041117
0.0010241625
0.9967069
0.007452788
0.0038695473
0.5493552
0.24397631
0.000895358
0.0006258377
0.44410294
0.42300105
0.98579353
0.98350126
0.9887122
0.0007775375
0.7592777
0.0016107284
0.98896044
0.006455084
0.9991405
0.99035335
0.99778795
0.9428023
0.0008797688
0.001666783
0.39216095
0.9477988
0.43444604
0.8125942
0.08965538
0.57511646
0.41430396
0.8391945
0.9248102
0.42365748
0.7575862
0.900979
0.9996118
0.5195058
0.99205667
0.0011933839
0.00054174947
0.97249615
0.008683544
0.0010842445
0.006728596
0.005597174
0.73029673
0.9846126
0.99972254
0.9760633
0.0006890518
0.99969196
0.0027745848
0.004618836
0.00054152106
0.92732316
0.0011464073
0.0021636041
0.399163
0.99385333
0.0010671655
0.42482156
0.0008782792
0.0016646746
0.0016211801
0.0064158808
0.0010885803
0.9984195
0.0006480174
0.9941462
0.0011266002
0.42350116
0.00062455214
0.9938577
0.7321391
0.0030207355
0.0026279169
0.9990408
0.98188925
0.0031397466
0.00219488
0.0019499813
0.4196812
0.86158794
0.99947125
0.004352826
0.98674136
0.9411393
0.9954834
0.0012443294
0.99785334
0.0034130465
0.003457967
0.72855204
0.9647006
0.0014134498
0.42328158
0.9906873
0.0029490844
0.0015588476
0.001829116
0.0065598227
0.99817204
0.9918994
0.0008959075
0.417824
0.99659723
0.0004897054
0.92174774
0.99100226
0.0033371605
0.0001228223
0.99407744
0.0014900685
0.0019083341
0.99360985
0.42676216
0.9988212
0.0024451471
0.0011459505
0.0011554715
0.0066667264
0.0008993869
0.99669766
0.38322568
0.0018621163
0.41423154
0.99839145
0.7204299
0.985479
0.48836565
0.009736279
0.0014927988
0.98955566
0.0013743856
0.40191087
0.004026031
0.402714
0.9973713
0.42883447
0.019780781
0.99846566
0.41593233
0.006211471
0.042784546
0.97273797
0.995184
0.0009677818
0.95519257
0.0013959163
0.3981988
0.10708413
0.9869142
0.0015601655
0.54896057
0.98381674
0.001012947
0.004425896
0.99954164
0.00063730025
0.99979657
0.0015292561
0.76411253
0.39403906
0.0017263094
0.98828286
0.00052844133
0.0016431035
0.4635169
0.9963381
0.0016539855
0.0007334687
0.99822754
0.64263564
0.99125767
0.99794334
0.5378239
0.9962704
0.5768913
0.0009471095
0.9927584
0.0019696502
0.40041888
0.0020930574
0.003375175
0.9999387
0.0015514252
0.95740515
0.5399005
0.0035407667
0.002072197
0.0016689433
0.0017009774
0.9911413
0.014636919
0.997718
0.0013935162
0.4267805
0.55100584
0.99754435
0.9948002
0.9827465
0.0047208555
0.82448983
0.00051315466
0.01131049
0.003125814
0.011418414
0.0024143392
0.9418035
0.40938258
0.41591278
0.0014802994
0.047333382
0.99811757
0.99272233
0.99683136
0.9978607
0.9965289
0.746094
0.9974074
0.9887434
0.0018251741
0.70563114
0.61869544
0.0008538447
0.67934406
0.99587137
0.0015504691
0.9957034
0.001047929
0.54414874
0.99926275
0.99611723
0.55386716
0.5850827
0.991662
0.0028234504
0.000808124
0.0011510651
0.0005565783
0.30700517
0.0003148399
0.0011692329
0.9979882
0.97780126
0.96638584
0.42047483
0.39814222
0.00289909
0.41259855
0.4019401
0.46656114
0.0008272703
0.98044443
0.0026827967
0.99531317
0.0010978136
0.6705006
0.9982849
0.9828316
0.6291137
0.0007649132
0.95927244
0.0066311103
0.5869019
0.001930746
0.002177039
0.0014093226
0.40329722
0.99799573
0.0012000335
0.0017335718
0.52287
0.9990914
0.5598098
0.0011891928
0.9906944
0.8398972
0.9999893
0.001641432
0.0015410248
0.9934504
0.004979703
0.0052102357
0.42915022
0.4733159
0.5081132
0.402747
0.0035871204
0.99853337
0.70708865
0.0011245388
0.5360312
0.410074
0.00076760765
0.002639352
0.9978508
0.96497804
0.00042244626
0.0021169512
0.004745033
0.9953745
0.006593312
0.99535584
0.3079009
0.58023435
0.0015423461
0.0009953282
0.9976648
0.99918383
0.9975176
0.69857574
0.05688018
0.9987789
0.00085994304
0.0008512731
0.0013848236
0.82046396