0.50817597
0.99981934
0.4146953
0.46371275
0.4167551
0.0047527384
0.0052851355
0.9996568
0.40884197
0.68324536
0.30526593
0.010223814
0.0038800784
0.39598772
0.9987663
0.005762161
0.012315754
0.81619674
0.004299529
0.4382195
0.96023786
0.010149494
0.41713446
0.0044492437
0.003400789
0.027354278
0.43145895
0.9557891
0.42055577
0.99626863
0.0054628435
0.41836473
0.63377625
0.41311717
0.4041124
0.40441826
0.46450824
0.99332047
0.990293
0.99757785
0.0030052972
0.4186919
0.0098052975
0.41222066
0.003621104
0.012542174
0.51628816
0.96056575
0.004049654
0.9983736
0.88136435
0.0062458836
0.99836224
0.9224048
0.42621788
0.0048828516
0.46290904
0.0033323553
0.0022440956
0.004684263
0.5403682
0.9978181
0.49726477
0.4182824
0.9640901
0.9373084
0.5617805
0.01229247
0.9250434
0.505181
0.99905485
0.0027501907
0.90081555
0.36744842
0.40227872
0.007860949
0.0051383944
0.47670737
0.4193034
0.4017371
0.0043661487
0.005890122
0.41112074
0.9979746
0.9945884
0.0039949524
0.48273817
0.9999409
0.9851362
0.7202759
0.0051711616
0.0038079747
0.9970989
0.9843837
0.32294416
0.010240025
0.99096656
0.9676674
0.9994174
0.998013
0.41573402
0.4197853
0.004178421
0.0026848873
0.40676773
0.020823007
0.00827202
0.98730683
0.9960049
0.99984384
0.0034945137
0.41613853
0.99787164
0.0187302
0.41570342
0.0067026694
0.0039402735
0.009993515
0.99431205
0.8401588
0.89958733
0.9963846
0.012147313
0.9989599
0.003274632
0.99586475
0.006512838
0.004098952
0.002330026
0.95746344
0.99163073
0.9759578
0.002751373
0.9170247
0.018775722
0.004147293
0.37052444
0.99565554
0.41646725
0.0049221604
0.9979948
0.0032011594
0.9325611
0.0026434623
0.93143636
0.013462118
0.0038921377
0.41030887
0.06006611
0.014020655
0.8832151
0.988801
0.4142876
0.003977182
0.0029324356
0.40229103
0.9898751
0.0028922902
0.0031309593
0.52252835
0.999113
0.9935603
0.5223519
0.9897362
0.9979023
0.00298102
0.6122099
0.49200213
0.0017086806
0.0047749616
0.0038325747
0.41868597
0.025274042
0.8056522
0.0028742985
0.04392837
0.007908164
0.9999857
0.013395843
0.0035057599
0.28962198
0.004325337
0.03652155
0.9930171
0.94490546
0.9899329
0.40823147
0.41742572
0.0047976733
0.9871963
0.003851167
0.9967018
0.99819285
0.986829
0.012178542
0.0011809135
0.41959426
0.9760887
0.035643972
0.006364976
0.00383492
0.9334659
0.9967784
0.98647887
0.9982685
0.9990675
0.006435995
0.9984503
0.0046083275
0.0031515155
0.4075508
0.4082057
0.98186815
0.016852489
0.4203817
0.4202471
0.002703515
0.36401513
0.002527542
0.0024967205
0.020198178
0.997917
0.006332722
0.010540429
0.0034483005
0.99649733
0.99192953
0.0022958773
0.41423786
0.003298725
0.9963594
0.40887576
0.650768
0.42001858
0.46698752
0.40431017
0.9929947
0.9976586
0.0061992
0.0059837443
0.0076223426
0.020190917
0.99885046
0.98016846
0.9396372
0.0035833165
0.42045942
0.0062360265
0.4128335
0.48679742
0.9986877
0.0038333759
0.5604103
0.369516
0.0024208897
0.011511214
0.9595786
0.9387581
0.9952864
0.996214
0.99774545
0.0020612383
0.9989987
0.97318745
0.60773665
0.012230481
0.0060028248
0.0031425252
0.469195
0.99619555
0.4153374
0.6253962
0.0047333
0.01080013
0.52044624
0.4331126
0.41570476
0.0033829631
0.9905357
0.98994523
0.9977011
0.99764556
0.40235093
0.0043083974
0.9895928
0.9965947
0.40272778
0.99808925
0.002998021
0.4174244
0.897472
0.992785
0.4811351
0.0030193846
0.99084234
0.0028178268
0.64897823
0.9957105
0.007367653
0.98274267
0.41836
0.0034196996
0.7853491
0.997148
0.99998593
0.017268257
0.47311765
0.007895625
0.98767775
0.0053105396
0.0014856324
0.59098077
0.99386483
0.9766634
0.99253696
0.0030197275
0.0026179003
0.01010582
0.95377874
0.0025930132
0.0032651317
0.0054468666
0.004838829
0.0028605436
0.9962656
0.47117576
0.0185652
0.0053423154
0.41928494
0.9893366
0.809755
0.005800989
0.9874796
0.9993529
0.90955466
0.41045627
0.99776626
0.9983853
0.003671738
0.0064145224
0.005446696
0.003575918
0.9945299
0.41502047
0.9970945
0.9084309
0.83269006
0.8643498
0.9950777
0.98814374
0.81223446
0.0058496143
0.99688727
0.41239414
0.9850212
0.007251036
0.0050943894
0.52016634
0.9986272
0.60455275
0.01328144
0.9647876
0.0056997403
0.0026064224
0.020581903
0.41378212
0.98986816
0.0032260567
0.0030371177
0.41994777
0.4140656
0.0037636647
0.9978504
0.009168912
0.00388013
0.012811917
0.9921177
0.95531666
0.0038563653
0.006842666
0.9983517
0.45980328
0.97674143
0.0041141626
0.4030987
0.9611802
0.98689586
0.41325304
0.0034165676
0.97729367
0.5376175
0.0031160836
0.0030981384
0.07186313
0.41235748
0.9353649
0.97253245
0.0035615475
0.007601757
0.0058751865
0.016867831
0.9258903
0.9893345
0.41374302
0.43005076
0.38173044
0.99642783
0.94334024
0.997308
0.41527882
0.9928657
0.40929326
0.8656004
0.99965775
0.0063036475
0.005632385
0.94283336
0.00557438
0.9973284
0.0035260948
0.0019690953
0.40813926
0.0046046018
0.011769205
0.7268275
0.9986571
0.99828786
0.41515872
0.0024309834
0.004727898
0.003767806
0.95576805
0.41185805
0.48409483
0.003606758
0.0039909966
0.997134
0.46679944
0.9647097
0.40404937
0.0055292672
0.013913261
0.007874233
0.987927
0.99925536
0.010932336
0.9962787
0.9934034
0.41652444
0.99907386
0.99738866
0.41955695
0.7024467
0.005624246
0.6073243
0.0018859404
0.99747425
0.9967114
0.0033730294
0.0035534527
0.6666763
0.99975604
0.0064857556
0.9155953
0.009297127
0.99902606
0.995612
0.53914905
0.0043042162
0.011766942
0.41755188
0.004979578
0.98598
0.5078904
0.0025363257
0.88504845
0.98242605
0.0018362873
0.99662554
0.002713216
0.0026365607
0.40727332
0.41896716
0.9941409
0.0059841466
0.008311301
0.0062094727
0.9964245
0.993451
0.40407595
0.42909342
0.60356754
0.9986268
0.9954906
0.41812542
0.42075497
0.9999703
0.0061821905
0.010190872
0.43529233
0.40575123
0.99960726
0.008794334
0.005974129
0.94573647
0.9878654
0.0045310766
0.39933878
0.003473439
0.6586552
0.0069516515
0.9622664
0.002978916
0.99755967
0.41283813
0.4151871
0.54468364
0.081681035
0.008437624
0.004000291
0.5313349
0.78016067
0.021883966
0.98942137
0.9989796
0.809812
0.41479367
0.006451534
0.9941209
0.008111159
0.9779831
0.41636342
0.2594451
0.41497874
0.0031535432
0.0041101775
0.0018978104
0.41978702
0.009359794
0.51501757
0.4165669
0.9958165
0.41361913
0.7928409
0.39723727
0.006507888
0.007049108
0.0019086755
0.0029083302
0.99283123
0.004697545
0.009904043
0.41067955
0.98186964
0.9999821
0.41593906
0.003236494
0.0008627788
0.026454026
0.99812216
0.0075568617
0.99896586
0.42833558
0.4077832
0.990186
0.003557781
0.96154743
0.9885633
0.0025354861
0.9900075
0.7533673
0.018377533
0.4634862
0.00372711
0.99998236
0.9847084
0.99369085
0.69400895
0.9375985
0.0031381606
0.004698359
0.027544126
0.0057594357
0.009065873
0.9999645
0.57070124
0.0036296146
0.6488968
0.0051168813
0.98507744
0.39993584
0.0024490873
0.41285646
0.4170054
0.47914812
0.0021231268
0.0072160508
0.0028528285
0.99345535
0.0036618276
0.9997507
0.99429953
0.9825378
0.0017026544
0.9948314
0.0076027606
0.4114766
0.4161774
0.0017540023
0.47100496
0.017314466
0.49386847
0.004971575
0.99433905
0.6690039
0.007629711
0.0049188496
0.0038106726
0.9962811
0.9646395
0.95050126
0.40927932
0.0036654654
0.9884658
0.42217955
0.98638797
0.005148743
0.96823376
0.84782964
0.41798642
0.003519956
0.41029486
0.8945858
0.9951084
0.012749731
0.9953229
0.9977937
0.009911798
0.0042405925
0.0044280794
0.99385685
0.3926738
0.5482595
0.99764615
0.0030461461
0.0046706838
0.0030171028
0.03109936
0.5174785
0.94494665
0.9986084
0.98371476
0.42283508
0.797937
0.0119640855
0.97905904
0.9744814
0.9988373
0.0031532866
0.0038445045
0.41002393
0.0058042184
0.98464125
0.7385779
0.008781212
0.9284772
0.0046338467
0.0037276454
0.99520135
0.40976608
0.45137906
0.9543531
0.0030144663
0.95221245
0.512422
0.9993787
0.37231302
0.0019885341
0.9946616
0.9813634
0.49713847
0.0033414217
0.7688377
0.9939884
0.9676051
0.9788448
0.9680891
0.9795995
0.9951109
0.0014524844
0.001845301
0.9067773
0.0044332035
0.3937657
0.0052330694
0.004310517
0.0038408958
0.0046863467
0.9974113
0.5714498
0.4165236
0.5745691
0.9908853
0.0031407005
0.0038543565
0.9965423
0.0046553663
0.99851245
0.9995509
0.5117213
0.42365322
0.996992
0.002580909
0.41803843
0.99707925
0.41205287
0.004524648
0.97328204
0.003936753
0.70147675
0.01403595
0.0046847607
0.6418309
0.008636348
0.002686426
0.0042871498
0.002244798
0.4122175
0.0030683721
0.007509668
0.9400811
0.98726976
0.40887734
0.007775771
0.95641327
0.004061057
0.00617764
0.9991405
0.5133006
0.0031432272
0.44204664
0.41619784
0.9507403
0.0067318436
1.0
0.3239102
0.0060343803
0.41063944
0.309848
0.41839704
0.0076168906
0.0037659307
0.0054349923
0.9251596
0.4198674
0.0028042265
0.9905889
0.0034438511
0.00348901
0.40724406
0.0019031025
0.9791199
0.496623
0.7147946
0.003134219
0.3838373
0.003989452
0.9739992
0.022506338
0.99360657
0.013795481
0.3677274
0.5140707
0.0058544963
0.0027653147
0.98691595
0.99719584
0.41039097
0.9970049
0.01282457
0.0073114247
0.9668332
0.59939855
0.67089504
0.004550881
0.99760205
0.9988084
0.4390747
0.9989643
0.0030716544
0.9962561
0.904268
0.9992549
0.0034879392
0.030826515
0.0061188247
0.4151437
0.002763218
0.9945201
0.0037880912
0.99957746
0.41190013
0.97963697
0.99703
0.004392261
0.005702686
0.0060690115
0.8863166
0.97820604
0.9979437
0.9997732
0.57907206
0.41926575
0.97566706
0.0048952117
0.41834167
0.52526385
0.8813681
0.0075576995
0.99212945
0.9192675
0.998698
0.9987502
0.0063650575
0.015482853
0.9907895
0.9997534
0.021561738
0.77606267
0.41787994
0.9958895
0.0030340957
0.0062884837
0.9991897
0.76456136
0.46669546
0.99576485
0.9531699
0.0035131304
0.003590167
0.0017865645
0.9992034
0.999464
0.42992267
0.9988728
0.47646666
0.9976367
0.99972886
0.9747079
0.0024612725
0.014857198
0.9965618
0.007958527
0.012503928
0.0048984
0.99109346
0.005834183
0.0041891485
0.0041698483
0.42322898
0.9990569
0.4164007
0.99622273
0.011067535
0.493774
0.0024530024
0.4138637
0.0002533761
0.014576344
0.0023239397
0.0027815094
0.82921267
0.41453457
0.86504936
0.0034752057
0.9964773
0.41317022
0.00724802
0.0075962553
0.36419234
0.47733837
0.41166294
0.818148
0.004732482
0.4073264
0.005694797
0.62740564
0.41566917
0.36305627
0.4168957
0.40243357
0.99998355
0.0022351663
0.99850094
0.97650325
0.9260952
0.9435945
0.005323942
0.9824667
0.9992428
0.4680467
0.012912527
0.9973815
0.32240638
0.9993026
0.32994086
0.004440508
0.46237496
0.95929635
0.41562992
0.99816245
0.002534511
0.0041842004
0.01451554
0.7527235
0.99831724
0.47181752
0.41406503
0.8262185
0.93392026
0.0055143186
0.98726624
0.9995216
0.9748172
0.9419311
0.9603594
0.41757786
0.0018661923
0.9988689
0.41371498
0.9987895
0.4136641
0.99840707
0.5085799
0.95397204
0.99763787
0.34297177
0.48589018
0.99721485
0.005820486
0.99858737
0.00354465
0.0024786934
0.008898136
0.006458096
0.4200308
0.007852749
0.5437751
0.4394404
0.99808276
0.0015814309
0.92905825
0.7419451
0.0020168342
0.0033554079
0.99711907
0.98289365
0.4147737
0.9897339
0.9932603
0.9801293
0.0035858473
0.9900503
0.004013828
0.99486685
0.0047690105
0.0015532019
0.4112962
0.9741328
0.0045042834
0.99952304
0.40329242
0.96427566
0.4155285
0.009543859
0.88661766
0.99629176
0.0026309844
0.9972602
0.9984712
0.0032411737
0.9793546
0.0060735545
0.005234897
0.42062458
0.4103496
0.6551827
0.56331784
0.5030743
0.44497952
0.9884813
0.4104347
0.5029098
0.007276205
0.97375274
0.41966507
0.41366798
0.0038508922
0.00305923
0.9964317
0.4189415
0.48388806
0.00417255
0.97577816
0.8131385
0.002730798
0.9895726
0.004164241
0.41833746
0.9866693
0.27643603
0.00667015
0.9772818
0.9994654
0.41727167
0.40168455
0.5620695
0.0036839743
0.41753745
0.9979449
0.42096162
0.41097966
0.08707067
0.007771401
0.40489793
0.42027584
0.40629315
0.95646214
0.9961202
0.9751821
0.029419187
0.41577986
0.9703378
0.006771229
0.008806383
0.8417909
0.0037003749
0.9881151
0.9996793
0.99948823
0.9995813
0.0040184683
0.0026356294
0.6671015
0.9991736
0.9861178
0.9909384
0.509201
0.41043988
0.93663293
0.002267635
0.997209
0.997532
0.010769759
0.0044475077
0.004895154
0.00573791
0.9914716
0.9822844
0.94632
0.021036481
0.9984193
0.0039345026
0.5045507
0.0038712753
0.98941433
0.98441076
0.99723417
0.98896295
0.98429996
0.04654021
0.40638724
0.0042159543
0.97693217
0.8197175
0.42759436
0.0027989738
0.999895
0.99330914
0.5837302
0.006712849
0.99803716
0.002989467
0.52990794
0.9768028
0.9968727
0.0033324363
0.40995213
0.89451826
0.0028464983
0.011305634
0.0076461276
0.9976266
0.0033564316
0.35136405
0.9976261
0.7512355
0.01289849
0.01012881
0.551543
0.98861945
0.006869546
0.98988545
0.4265926
0.0025408873
0.007091508
0.0297101
0.018168218
0.98940676
0.41125312
0.0019354019
0.9879523
0.9851656
0.0033837508
0.09219955
0.9953041
0.00990871
0.7595352
0.002396463
0.0019234237
0.006946992
0.0023521082
0.9955805
0.005537286
0.0040600123
0.9952435
0.001949469
0.007916413
0.48069596
0.39748216
0.0022959395
0.006917294
0.41408554
0.41830254
0.97288686
0.9834387
0.956844
0.0029598735
0.62617135
0.005009331
0.9965215
0.0037528477
0.9989347
0.9957586
0.99679774
0.9152122
0.0034089114
0.0040276796
0.4190069
0.9270592
0.41755968
0.81759346
0.41736025
0.62428516
0.4161337
0.850151
0.68691176
0.42162266
0.52139664
0.88807505
0.99783725
0.47517368
0.97345144
0.0076240306
0.0037443747
0.9886413
0.0021235046
0.0017727576
0.008351161
0.0025644652
0.59891057
0.9872039
0.9990626
0.96417004
0.0038549518
0.9998635
0.0041432227
0.0055264076
0.30683577
0.9375625
0.01608049
0.0023299616
0.41703892
0.99747145
0.057573996
0.41438812
0.00936484
0.0063112685
0.0038653642
0.012174488
0.0033335008
0.9866159
0.0042490414
0.9896724
0.41690347
0.4185501
0.006801621
0.99520254
0.53791183
0.003370682
0.0049885972
0.9991351
0.97845066
0.0052775997
0.0037439298
0.0051242174
0.42080542
0.82263774
0.99621636
0.07114003
0.9923537
0.8317826
0.9978428
0.003073001
0.9960685
0.0043172636
0.04034961
0.7706771
0.99505687
0.002954329
0.40993664
0.9975975
0.0027876042
0.009340907
0.0054871873
0.001526199
0.99898916
0.99128014
0.007807212
0.3830095
0.99527514
0.0064707478
0.8683994
0.98688716
0.0035419432
0.0036410466
0.9557991
0.0027732525
0.0038460663
0.9899794
0.4157974
0.99221885
0.0025289922
0.0027583595
0.003488448
0.0030349353
0.40543896
0.9376607
0.3879799
0.0025557664
0.41593158
0.9983108
0.5808085
0.98694044
0.43979788
0.024772596
0.0027448498
0.9791916
0.011369622
0.4186396
0.003257117
0.41935134
0.9887814
0.4172596
0.00054706144
0.9936068
0.41258478
0.009455872
0.47205478
0.9956726
0.9405238
0.0023877148
0.97011435
0.0030478537
0.4085304
0.49244398
0.98517054
0.0064959126
0.5144527
0.9655348
0.0058809575
0.034178663
0.99802667
0.0053006653
0.9994916
0.017337685
0.8028474
0.395449
0.00227264
0.9966394
0.0010090003
0.004484089
0.42615175
0.9963928
0.0023612832
0.40332228
0.99910957
0.477187
0.9822165
0.9988543
0.47187066
0.99408495
0.4940945
0.0078949565
0.9896269
0.0031056628
0.41882253
0.009130162
0.008650821
0.99999905
0.004011225
0.9211426
0.5003394
0.0024736843
0.0025313173
0.0044919807
0.0025722305
0.9918081
0.012154101
0.99042296
0.002299376
0.41659307
0.46705937
0.99728596
0.99148774
0.9903329
0.003545666
0.9157845
0.0018463237
0.0022896118
0.0138397245
0.0063312314
0.032135177
0.5607798
0.40958193
0.4167739
0.011437441
0.44235063
0.99684405
0.9932273
0.99462634
0.9955297
0.9741556
0.6123302
0.8659459
0.9891127
0.0030167329
0.46461087
0.51631457
0.007674215
0.8274444
0.9909973
0.004893705
0.9961832
0.0035859428
0.4913882
0.99770147
0.99139494
0.50775933
0.5781957
0.98453134
0.029676337
0.0054482413
0.0044802893
0.0053977612
0.4141134
0.31988198
0.005940886
0.99109566
0.9611029
0.9815015
0.41657552
0.41859752
0.16807754
0.41910258
0.41595975
0.41633537
0.0048428285
0.9923685
0.40118423
0.9802582
0.029507605
0.35068482
0.9992673
0.9492388
0.564595
0.005594841
0.9526635
0.008699603
0.5148442
0.0037882978
0.008111243
0.0045784824
0.41960177
0.9939235
0.0054242387
0.0018200679
0.47427338
0.99763834
0.51031893
0.0040385243
0.9948138
0.8362274
1.0
0.004526433
0.024682103
0.9324164
0.007653714
0.010717256
0.40923154
0.42343688
0.45775932
0.40996793
0.002112403
0.98949045
0.44946665
0.006439576
0.49579754
0.42056483
0.40269384
0.0064080064
0.9950753
0.9378686
0.003817427
0.0021223936
0.0029795903
0.91573113
0.0028975937
0.98708653
0.40844065
0.5088314
0.014150478
0.0017584036
0.99798775
0.99972194
0.99014026
0.5647501
0.34343886
0.99909747
0.0040291813
0.0018453713
0.0057177413
0.512316