0.58624697
0.58624697
0.42165166
0.58624697
0.40247408
0.35300887
0.35078448
0.58624697
0.3945196
0.48244196
0.33169276
0.3617621
0.36225572
0.39915755
0.58624697
0.36453474
0.34823492
0.57396317
0.39713493
0.58624697
0.58624697
0.34543926
0.3786193
0.37266198
0.38515806
0.3388634
0.58624697
0.58624697
0.42707074
0.58624697
0.36788738
0.39094025
0.58624697
0.39934483
0.39280477
0.42940137
0.58624697
0.58624697
0.58624697
0.58624697
0.36211866
0.48971817
0.3308938
0.42669263
0.36670518
0.35620603
0.58624697
0.58624697
0.38520443
0.58624697
0.58624697
0.3553458
0.58624697
0.58624697
0.58624697
0.3409363
0.46524504
0.36428753
0.37248906
0.3531199
0.58624697
0.58624697
0.58624697
0.42110226
0.58624697
0.58624697
0.58624697
0.39402097
0.58624697
0.49573714
0.58624697
0.34929898
0.58624697
0.49958894
0.34372228
0.3886266
0.38240772
0.58624697
0.40734714
0.41356987
0.37568426
0.3524187
0.4112377
0.58624697
0.500025
0.352222
0.58624697
0.58624697
0.58624697
0.58624697
0.37549755
0.3582133
0.58624697
0.58624697
0.32372442
0.33455008
0.4998044
0.4997883
0.58624697
0.52849984
0.424923
0.42742148
0.3489577
0.36492383
0.41657305
0.34718537
0.37784725
0.49782813
0.5760341
0.58624697
0.35502982
0.42475414
0.58624697
0.32144484
0.38282302
0.39684957
0.34803978
0.35678306
0.58624697
0.58624697
0.46711498
0.58624697
0.370131
0.58624697
0.37376478
0.58624697
0.32981324
0.35763678
0.35544637
0.58624697
0.58624697
0.49338496
0.36666074
0.58624697
0.32169768
0.3621421
0.58624697
0.58624697
0.39945105
0.34287825
0.58624697
0.35405678
0.58624697
0.36432275
0.58624697
0.38575932
0.38561374
0.3644135
0.35747224
0.3317032
0.58624697
0.58624697
0.4258335
0.36628008
0.399248
0.4234037
0.58624697
0.3924675
0.37396356
0.46711498
0.58624697
0.58624697
0.5204623
0.58624697
0.58624697
0.37033746
0.58624697
0.58624697
0.31075874
0.3929495
0.37038022
0.4258987
0.33674437
0.49652046
0.35141483
0.34221503
0.33440354
0.58624697
0.37382135
0.36544636
0.47182643
0.389463
0.3468
0.58624697
0.58624697
0.58624697
0.42101952
0.39262173
0.37948623
0.58624697
0.37415624
0.58624697
0.58624697
0.58624697
0.34053665
0.3293109
0.41737905
0.58624697
0.31151888
0.3837566
0.3677731
0.58624697
0.49405727
0.58624697
0.58624697
0.58624697
0.33700112
0.58624697
0.3921268
0.3279471
0.4233534
0.4039581
0.58624697
0.38935962
0.3989121
0.43200055
0.3312023
0.58624697
0.36714423
0.36315924
0.31203967
0.58624697
0.3947241
0.33251292
0.34944183
0.58624697
0.49573484
0.40650955
0.43120435
0.38812688
0.5516551
0.39191768
0.45458388
0.426762
0.58624697
0.393316
0.58624697
0.58624697
0.3154028
0.35172403
0.38122046
0.33232716
0.5009361
0.5592208
0.58624697
0.39088878
0.38251194
0.39679524
0.43096334
0.58624697
0.58624697
0.34559387
0.58624697
0.374061
0.3660204
0.3357054
0.58624697
0.58624697
0.58624697
0.58624697
0.58624697
0.34619954
0.58624697
0.58624697
0.49927774
0.35905588
0.34840178
0.37250486
0.58624697
0.58624697
0.39361846
0.58624697
0.37252212
0.33922806
0.58624697
0.58624697
0.48150447
0.35730293
0.58624697
0.58624697
0.58624697
0.58624697
0.33961445
0.35474643
0.5409471
0.58624697
0.4158681
0.58624697
0.3946518
0.3978135
0.58624697
0.5257173
0.58624697
0.3751496
0.58624697
0.40103328
0.58624697
0.58624697
0.33121017
0.58624697
0.42450863
0.3653846
0.55211645
0.58624697
0.58624697
0.3297417
0.58624697
0.38591543
0.58624697
0.39484462
0.35921177
0.58624697
0.58624697
0.58624697
0.58624697
0.34529495
0.37925783
0.38943362
0.58624697
0.36731854
0.37119016
0.347688
0.3811657
0.35679784
0.58624697
0.58624697
0.35481665
0.32333305
0.42090285
0.58624697
0.58624697
0.35227832
0.58624697
0.58624697
0.58624697
0.41987842
0.58624697
0.58624697
0.36993736
0.35264552
0.3444101
0.39270195
0.505604
0.37099093
0.58624697
0.58624697
0.44934684
0.58624697
0.58624697
0.58624697
0.58624697
0.3920902
0.4930562
0.36441374
0.4949728
0.39847648
0.37426594
0.58624697
0.58624697
0.58624697
0.35196987
0.58624697
0.33369273
0.3761868
0.3517031
0.42570207
0.58624697
0.33624122
0.3975436
0.40503442
0.37442484
0.38682157
0.58624697
0.36285815
0.38538608
0.3494259
0.58624697
0.48915026
0.38347185
0.38800886
0.58624697
0.46518496
0.58624697
0.32070282
0.32006854
0.58624697
0.58624697
0.36289358
0.40757778
0.58624697
0.58624697
0.36588785
0.34870264
0.33812076
0.398137
0.58624697
0.58624697
0.35807276
0.3615408
0.33137682
0.34574762
0.58624697
0.58624697
0.36794734
0.58624697
0.39967638
0.58624697
0.58624697
0.58624697
0.4203375
0.58624697
0.3713724
0.58624697
0.58624697
0.38109067
0.36762518
0.58624697
0.38143831
0.58624697
0.33927566
0.3689192
0.4246154
0.37892574
0.33626136
0.58624697
0.58624697
0.58624697
0.36178738
0.37061656
0.3587636
0.3657483
0.49305087
0.39939925
0.58624697
0.38466385
0.3727377
0.58624697
0.58624697
0.58624697
0.420311
0.38434964
0.37644735
0.35084903
0.58624697
0.58624697
0.3651257
0.58624697
0.58624697
0.39872807
0.58624697
0.5620305
0.43185
0.5784162
0.34699523
0.58624697
0.3563909
0.58624697
0.58624697
0.3857568
0.35771558
0.58624697
0.58624697
0.38588208
0.58624697
0.3550795
0.58624697
0.58624697
0.4717596
0.37513685
0.34102425
0.42347825
0.34482956
0.58624697
0.5647359
0.3734064
0.58624697
0.58624697
0.35242462
0.58624697
0.3782112
0.35778773
0.4226178
0.4327126
0.58624697
0.38119346
0.34323364
0.35452333
0.58624697
0.48975468
0.41735867
0.58624697
0.58624697
0.58624697
0.58624697
0.44058773
0.41744485
0.58624697
0.35898444
0.35783193
0.4926608
0.4103985
0.58624697
0.3503475
0.35510722
0.58624697
0.5329056
0.3854567
0.36371523
0.3786339
0.5401511
0.3690721
0.58624697
0.33200213
0.58624697
0.40818387
0.4358355
0.57189393
0.32841548
0.37947035
0.37421754
0.58624697
0.49431986
0.3810582
0.58624697
0.58624697
0.53224933
0.43045327
0.3826427
0.58624697
0.3942058
0.58624697
0.402086
0.3134157
0.37159976
0.37258783
0.39102757
0.31658185
0.43227524
0.32582596
0.58624697
0.3801055
0.58624697
0.4105509
0.58624697
0.40225807
0.34698057
0.38654017
0.3731252
0.35556403
0.58624697
0.35422406
0.3798148
0.3960941
0.58624697
0.58624697
0.40318537
0.3720609
0.34785867
0.3284265
0.58624697
0.38714048
0.58624697
0.5638516
0.4190092
0.58624697
0.3530434
0.5692306
0.58624697
0.363521
0.58624697
0.58624697
0.3300792
0.58624697
0.36970773
0.58624697
0.58624697
0.54734397
0.58624697
0.58624697
0.4001096
0.3588927
0.3486356
0.38846505
0.33249468
0.58624697
0.45179462
0.359242
0.58624697
0.36017272
0.58624697
0.3374003
0.36236542
0.33775267
0.58624697
0.58624697
0.33146447
0.34321448
0.3606198
0.58624697
0.36829266
0.58624697
0.58624697
0.58624697
0.34051546
0.58624697
0.36378485
0.39301404
0.4320352
0.35100934
0.4887876
0.39956796
0.5731047
0.38561943
0.58624697
0.58624697
0.35185403
0.37064868
0.38864556
0.58624697
0.58624697
0.58624697
0.37348184
0.33957186
0.58624697
0.47387248
0.58624697
0.351958
0.58624697
0.58624697
0.40723202
0.3503744
0.4189556
0.58624697
0.5013329
0.31306508
0.58624697
0.58624697
0.35067877
0.36748126
0.37607053
0.58624697
0.3422167
0.58624697
0.58624697
0.36849982
0.38615218
0.3627
0.3359473
0.58624697
0.58624697
0.58624697
0.58624697
0.39523944
0.58624697
0.34531617
0.58624697
0.58624697
0.58624697
0.38745964
0.36267692
0.3908209
0.38349256
0.5390234
0.48935035
0.34108368
0.58624697
0.38798404
0.3921577
0.58624697
0.35614786
0.49747106
0.58624697
0.35237435
0.4548658
0.58624697
0.48891625
0.48588228
0.3986181
0.58624697
0.58624697
0.58624697
0.38861516
0.58624697
0.58624697
0.49997687
0.58624697
0.58624697
0.58624697
0.58624697
0.3272924
0.3560132
0.58624697
0.35492283
0.32107544
0.38330096
0.36483
0.35686466
0.37624115
0.58624697
0.58624697
0.366686
0.58624697
0.58624697
0.3831348
0.39461878
0.58624697
0.34815025
0.58624697
0.58624697
0.58624697
0.48926997
0.58624697
0.3563356
0.3340358
0.58624697
0.41537625
0.3585218
0.58624697
0.37087545
0.49533948
0.3289732
0.36377856
0.58624697
0.38333258
0.3631026
0.36026913
0.36696592
0.39759162
0.35176805
0.34146622
0.58624697
0.493782
0.42580315
0.3816996
0.5343668
0.3513514
0.37498406
0.58624697
0.58624697
0.3997875
0.58624697
0.4286255
0.58624697
0.3414246
0.58624697
0.4968712
0.37938434
0.4266361
0.3236372
0.39627165
0.37713468
0.35009298
0.35789704
0.4969113
0.4922497
0.37512156
0.58624697
0.3911759
0.36822215
0.39845142
0.3868303
0.58624697
0.58624697
0.50006646
0.36398172
0.34506586
0.3611281
0.58624697
0.34085074
0.58624697
0.34061337
0.31721812
0.58624697
0.3497665
0.38826326
0.58624697
0.58624697
0.35730883
0.49156052
0.3253927
0.3782916
0.58624697
0.58624697
0.559121
0.37867355
0.58624697
0.58624697
0.58624697
0.58624697
0.37338647
0.58624697
0.4894947
0.58624697
0.3479729
0.358465
0.38726473
0.35633636
0.3674343
0.58624697
0.3780933
0.58624697
0.4219592
0.5017289
0.58624697
0.34845805
0.37197798
0.37425494
0.50826377
0.58624697
0.58624697
0.58624697
0.58624697
0.46711498
0.58624697
0.39486122
0.42489824
0.49151957
0.58624697
0.35718036
0.494511
0.58624697
0.58624697
0.58624697
0.3754812
0.35511562
0.492722
0.58624697
0.32894403
0.49379143
0.41903868
0.58624697
0.400717
0.35564026
0.58624697
0.58624697
0.58624697
0.58624697
0.58624697
0.39751747
0.34677407
0.32300758
0.58624697
0.58624697
0.36147067
0.58624697
0.58624697
0.57366455
0.58624697
0.58624697
0.359037
0.30132097
0.58624697
0.38544437
0.35901257
0.3325734
0.48909035
0.39108768
0.3635733
0.39229167
0.40971947
0.58624697
0.41166395
0.49968418
0.34527478
0.58624697
0.36940274
0.36640033
0.31906512
0.31154165
0.37082326
0.35457382
0.5431582
0.40243435
0.58624697
0.38617694
0.58624697
0.4253993
0.36912718
0.37386402
0.4979737
0.58624697
0.37111673
0.44419506
0.346078
0.40752876
0.3787828
0.58624697
0.42526037
0.58418363
0.3973855
0.3989305
0.58624697
0.3503929
0.58624697
0.58624697
0.50154406
0.58624697
0.36339656
0.58624697
0.58624697
0.5547968
0.33842942
0.58624697
0.44251564
0.58624697
0.49470747
0.36244586
0.49439025
0.58624697
0.40657517
0.58624697
0.35180226
0.34956852
0.35477737
0.5030372
0.58624697
0.58624697
0.39620134
0.58624697
0.58624697
0.3978
0.58624697
0.58624697
0.5182507
0.58624697
0.58624697
0.3937075
0.35870704
0.58624697
0.39887187
0.58624697
0.4013331
0.58624697
0.58624697
0.50017524
0.58624697
0.32575685
0.58624697
0.58624697
0.37569976
0.5504492
0.3647508
0.3608333
0.4007065
0.3577542
0.41348273
0.33587444
0.49475402
0.58624697
0.58624697
0.3478779
0.5045474
0.58624697
0.3565088
0.3649039
0.58624697
0.58624697
0.42972583
0.48642492
0.58624697
0.5061521
0.38932398
0.58624697
0.30367604
0.58624697
0.35409263
0.3521399
0.4276618
0.58624697
0.38111404
0.58624697
0.4152213
0.58624697
0.4021268
0.3690374
0.50974584
0.58624697
0.35181275
0.58624697
0.58624697
0.37332904
0.58624697
0.35844487
0.37899697
0.43634918
0.3673311
0.4632106
0.4994527
0.58624697
0.51120996
0.58624697
0.39969364
0.58624697
0.36106583
0.58624697
0.39394554
0.40358797
0.36097386
0.35539606
0.58624697
0.4115329
0.58624697
0.36514354
0.58624697
0.49898237
0.34633717
0.50951314
0.3811978
0.40500852
0.58624697
0.341985
0.35568148
0.5065815
0.58624697
0.41631305
0.58624697
0.58624697
0.39758027
0.41861302
0.58624697
0.43808544
0.39900762
0.35020193
0.40752152
0.42097592
0.4182399
0.4130583
0.58624697
0.58624697
0.58624697
0.3407928
0.39996544
0.58624697
0.36385515
0.37931365
0.58624697
0.3818403
0.58624697
0.58624697
0.58624697
0.58624697
0.38771304
0.35961083
0.58624697
0.58624697
0.58624697
0.58624697
0.58624697
0.42204374
0.58624697
0.35676453
0.58624697
0.58624697
0.3311748
0.33163747
0.34878978
0.38133287
0.58624697
0.58624697
0.58624697
0.33203587
0.58624697
0.35774302
0.58624697
0.35227594
0.58624697
0.58624697
0.58624697
0.58624697
0.58624697
0.34212303
0.41574302
0.38788489
0.48985183
0.58624697
0.4727019
0.3569785
0.58624697
0.58624697
0.58624697
0.36023697
0.58624697
0.31921005
0.58624697
0.58624697
0.58624697
0.38174978
0.41174117
0.58624697
0.36862573
0.34076872
0.37367767
0.58624697
0.34900567
0.44729048
0.58624697
0.46413875
0.37732664
0.31556398
0.46711498
0.58624697
0.3535416
0.58624697
0.58624697
0.3569671
0.3726523
0.3860589
0.32280096
0.58624697
0.4030863
0.3329238
0.58624697
0.49643037
0.36701527
0.32999215
0.58624697
0.3792732
0.58624697
0.35719094
0.36348292
0.36947888
0.3588353
0.58624697
0.34233904
0.361145
0.58624697
0.35883793
0.34613535
0.58624697
0.5727847
0.35150585
0.3112983
0.40519974
0.40888274
0.58624697
0.48981026
0.58624697
0.33113402
0.58624697
0.38737708
0.54992723
0.3652125
0.58624697
0.58624697
0.4937447
0.58624697
0.36808935
0.36172947
0.42290005
0.58624697
0.40235308
0.58624697
0.41846383
0.45762697
0.40886983
0.58624697
0.58624697
0.4113442
0.58624697
0.58232343
0.58624697
0.5306357
0.58624697
0.38007563
0.3637767
0.58624697
0.36864746
0.35520184
0.33689997
0.3593081
0.58624697
0.48966637
0.58624697
0.58624697
0.3605632
0.58624697
0.37151933
0.33778375
0.31787586
0.58624697
0.3230722
0.36441243
0.42290008
0.58624697
0.33134338
0.4133
0.37373492
0.39391536
0.39100933
0.34617057
0.3505354
0.58624697
0.35761315
0.58624697
0.33659843
0.40717247
0.38851625
0.49008492
0.4897044
0.36323678
0.3630098
0.58624697
0.58624697
0.3803055
0.36675733
0.3923478
0.39927837
0.5798602
0.58624697
0.33474636
0.58624697
0.58624697
0.58624697
0.3780111
0.58624697
0.35568827
0.34778675
0.58624697
0.58624697
0.3519358
0.37910312
0.58624697
0.37008506
0.32528183
0.37283733
0.3436861
0.58624697
0.58624697
0.37781805
0.38662946
0.58624697
0.37894905
0.58624697
0.58624697
0.3849885
0.3165505
0.58624697
0.34996986
0.39342946
0.58624697
0.4024
0.58624697
0.35553563
0.3578578
0.3584795
0.35587588
0.3380014
0.58624697
0.3931945
0.36322173
0.41958916
0.58624697
0.58624697
0.58624697
0.58474016
0.33999214
0.36987454
0.58624697
0.34857288
0.40360063
0.35513148
0.4188771
0.58624697
0.40452328
0.31715402
0.58624697
0.39668465
0.35068852
0.58624697
0.58624697
0.58624697
0.35574394
0.58624697
0.3788736
0.418816
0.5367205
0.58624697
0.3475255
0.58624697
0.58624697
0.3641515
0.34677443
0.58624697
0.3635455
0.58624697
0.34197816
0.58624697
0.4094797
0.36231473
0.58624697
0.3376232
0.38558328
0.48919523
0.58624697
0.36354616
0.33094895
0.58624697
0.58624697
0.58624697
0.58624697
0.58624697
0.58624697
0.58624697
0.38784206
0.58624697
0.35832116
0.43745723
0.38817564
0.36767423
0.58624697
0.3610599
0.58624697
0.58624697
0.3732521
0.37197575
0.37952906
0.352988
0.58624697
0.35792434
0.58624697
0.3624025
0.40208247
0.58624697
0.58624697
0.58624697
0.58624697
0.35915858
0.58624697
0.32144654
0.36411157
0.33672637
0.3457451
0.3420517
0.52562267
0.41573346
0.39785936
0.3671434
0.55923903
0.58624697
0.58624697
0.49293962
0.58624697
0.58624697
0.58624697
0.58624697
0.58624697
0.3631798
0.46711498
0.58624697
0.34857297
0.4930538
0.55012655
0.364424
0.58624697
0.35632193
0.58624697
0.58624697
0.58624697
0.58624697
0.58624697
0.58624697
0.33564273
0.3772204
0.3802124
0.35367656
0.368106
0.32657835
0.35796654
0.58624697
0.58624697
0.4953629
0.3958236
0.41693968
0.3670864
0.40103555
0.41249475
0.58624697
0.35283232
0.58624697
0.33822134
0.5833336
0.3287909
0.5634949
0.58624697
0.58624697
0.58624697
0.3269876
0.58624697
0.3592102
0.58624697
0.3838974
0.34601957
0.35872188
0.41759798
0.58624697
0.3500868
0.32156622
0.58624697
0.58624697
0.58624697
0.3908787
0.58624697
0.58624697
0.58624697
0.36262447
0.3375232
0.58624697
0.35307378
0.3473693
0.42729136
0.58624697
0.58624697
0.38880464
0.3696734
0.50459117
0.58624697
0.37540674
0.58624697
0.41723388
0.3428414
0.3738796
0.58624697
0.58624697
0.3560109
0.36109754
0.399155
0.58624697
0.371698
0.58624697
0.36412206
0.58624697
0.32349026
0.3495614
0.58624697
0.58624697
0.5116655
0.58624697
0.48319703
0.58624697
0.36587614
0.35279053
0.4045646
0.5169843