0.5517874
0.9999949
0.37805125
0.9652991
0.37844786
0.0016135513
0.004326832
0.99999535
0.37823388
0.8302437
0.005846883
0.0039885202
0.0006733416
0.3757615
0.9999263
0.00080745324
0.00022547308
0.5023765
0.011736074
0.46424273
0.85918826
0.00014186784
0.37863627
0.0083682295
0.0029887054
0.0030530018
0.3769789
0.9961314
0.37877226
0.99989426
0.001652826
0.37618238
0.5075093
0.36709532
0.3726094
0.3752284
0.51120716
0.9998324
0.9999993
0.99998116
0.0002867297
0.45074528
0.0013498256
0.37718192
0.0014337403
0.0005727712
0.66950047
0.9948283
0.00594786
0.9999969
0.9399014
0.004040886
0.9995503
0.999946
0.42215154
0.00074015214
0.5461429
0.002720491
0.0013746703
0.0011227599
0.97346455
0.99984217
0.9206066
0.37737206
0.97976995
0.817241
0.67923987
0.0009197483
0.9486802
0.5648679
0.9989367
0.00032268622
0.97938055
0.2922237
3.2040574e-05
0.01797029
0.0035325007
0.7681545
0.37741378
0.37366116
0.0069882823
0.001812243
0.37819013
0.99887854
0.999627
0.002190258
0.9901715
0.9589433
0.99993396
0.99563366
0.003687026
0.0012191974
0.9998567
0.9994516
1.9918778e-05
0.0038460519
0.9998299
0.9527631
0.99999595
0.9997416
0.37732685
0.37741035
0.0004998373
0.00065452064
0.37690845
0.00012267505
0.006166718
0.84925777
0.99963725
0.9998349
0.0029868362
0.37696117
0.9999192
0.0003072482
0.37121835
0.031018663
0.00039214944
0.00013397215
0.9996419
0.7508862
0.56226605
0.9999689
0.00022242736
0.9999994
0.0034398835
0.9999733
0.0005194615
0.0014587457
0.0002889999
0.9921663
0.99640334
0.9922085
0.0006702308
0.99852645
0.0040786495
0.0021784005
0.64438206
0.99997663
0.37745404
0.0025553508
0.99999964
0.0002798052
0.9929617
0.00069501053
0.9985108
0.0052683908
0.0063369367
0.043012645
0.00062232214
0.0014069825
0.99995923
0.99121034
0.37572423
0.006645912
0.005385326
0.37466684
0.9999989
0.0051003313
0.0014417232
0.99998045
0.9999279
0.99993765
0.77349085
0.9895363
0.99976
0.0015475935
0.9495882
0.5297001
4.772136e-05
0.0087700635
0.0031523698
0.37712383
0.001337259
0.49496865
0.000530485
0.0009789277
0.00031797346
0.9998491
0.0009521881
0.0010281041
0.33232
0.0099633485
0.0035469062
0.99999607
0.99338925
0.99981815
0.3771829
0.3784831
0.0038935444
0.9952873
0.00258816
0.99999714
0.9999833
0.9984865
0.0021375378
0.0034241176
0.37782902
0.99862885
1.8798411e-06
0.0030770793
0.003053057
0.97912943
0.99993443
0.9996276
0.9995598
0.9999963
0.0010453191
0.9999894
0.007102361
0.00041036925
0.3774641
0.37692448
0.99998736
0.0029997632
0.37795362
0.37749052
0.0012051947
0.16311389
0.0005362779
0.0043976423
0.002954382
0.9999995
0.008901951
0.0020714565
0.00053544715
0.99681
0.98020613
0.012132777
0.37700766
0.0033972336
0.9954513
0.37828454
0.49901882
0.3771656
0.50924903
0.36048993
0.9999968
0.99999857
0.00010550168
0.0019027756
0.0015675619
0.002186525
0.99995005
0.9954816
0.9690564
0.005124927
0.37886724
0.17031658
0.37720045
0.44275463
0.9999999
0.0010977188
0.9815128
0.00050609634
0.00035362854
0.00023022098
0.99861073
0.9958259
0.9999428
0.9999758
0.99999535
0.0013176334
0.999982
0.9997677
0.5652118
0.0005044256
0.0025389644
0.0004365189
0.38430643
0.9999734
0.378727
0.57196015
0.0034032448
0.0015123097
0.97738034
0.42649248
0.45321456
0.00061616744
0.99982256
0.9722716
0.9999976
0.9999809
2.6812664e-05
0.00075935974
0.9999337
0.9999783
0.37424636
0.9999647
0.0061385543
0.3777946
0.80083734
0.9999702
0.5334495
0.0017533295
0.9996917
0.007230436
0.51698273
0.9995407
0.00012379445
0.99991035
0.37729776
0.0011811744
0.59310067
0.9993767
0.99986243
0.0007116158
0.8624071
0.0012155385
0.99999166
0.02313384
0.0003562428
0.5340019
0.9999846
0.9998996
0.99997854
0.00026116867
0.009863627
0.0069975206
0.99932075
0.00071166933
0.00097181543
0.0006702876
0.006761743
0.000571371
0.99994516
0.5705097
0.0016567073
0.0001914501
0.377626
0.9982168
0.6965019
0.006736545
0.9994516
0.99999857
0.82582366
0.3772827
0.9999975
0.9999784
0.005197939
0.0032554052
0.0019673344
0.006790163
0.99989915
0.017964192
0.9999285
0.918244
0.52267796
0.9997025
0.9999951
0.999851
0.95827097
0.030635716
0.9992053
0.009404021
0.9471733
0.022237906
0.00087353203
0.54798824
0.99999464
0.99385494
0.00067488285
0.9994746
0.000920489
0.0012263014
0.000115822
0.37750936
0.9128224
0.00092122686
0.01463082
0.37780178
0.37716275
0.00472738
0.9999994
0.002755972
0.004083667
8.893378e-06
0.9999329
0.89527774
0.0012691807
0.0062597916
0.9999839
0.99996066
0.9602232
3.1268755e-05
2.2691645e-06
0.9711494
0.99991
0.20575483
0.045754544
0.99996984
0.88993716
0.00049874
0.0005178983
0.006242197
0.37818712
0.99996555
0.9784944
0.0008566905
0.0030608054
0.0010503404
0.0007362296
0.88615704
0.99990404
0.021227544
0.42376882
0.37528738
0.9999958
0.9999765
0.99944526
0.37793446
0.99939036
0.3782277
0.99898094
0.9999683
0.00481567
0.005171049
0.9950696
0.002613975
0.99999976
0.0018914309
0.003815587
0.37704787
0.0008193889
0.00025219322
0.9999434
0.99999964
0.999902
0.0064822636
0.0008426644
0.0024474128
0.0013555391
0.98201746
0.3783475
0.20867969
0.0055599473
0.0033942016
0.99998546
0.46936718
0.93570507
0.3752346
0.0056519248
0.00030514057
0.0015704982
0.999696
0.99999857
0.002481455
0.9999925
0.99991095
0.3772704
0.9999651
0.99086034
0.37805745
0.9849443
0.0020287056
0.49230272
0.00047517076
0.9999435
0.70547545
0.0040121125
0.0019373068
0.99998915
0.9999863
0.0073913904
0.9917155
0.0006367417
0.99999285
0.99988794
0.49873623
0.0019414268
0.00071126386
0.37755063
0.00654515
0.9998196
0.62222385
0.0008280945
0.9990613
0.9985727
0.0017286933
0.9999875
0.0022162853
0.001458222
0.37649363
0.377315
0.99993956
0.0034684762
1.1613466e-05
0.00047720384
0.9999931
0.9995592
0.37792984
0.42377234
0.82225955
0.9999987
0.99937135
0.3797235
0.37784272
0.9996424
3.666411e-05
0.00015391377
0.4829152
0.374615
0.9999398
0.0010169302
0.0011886904
0.9989631
0.9999616
0.0060665463
0.08861723
0.001904343
0.88138294
0.001165968
0.9634363
0.0009474805
0.99999857
0.37793496
0.38014022
0.59163505
0.03220017
0.0034699994
0.004929958
0.9991779
0.506949
0.004648937
0.9988708
0.9999999
0.98068917
0.37728837
0.003701458
0.99403
0.010773285
0.99946874
0.37807617
0.00016859037
0.34956792
0.0015334835
0.011039674
1.8340286e-05
0.37845993
0.000113491864
0.53908783
0.377446
0.9999789
0.37811527
0.9999082
0.37550956
0.0012167443
0.0056202444
0.009494154
0.00021543549
0.999982
0.005888821
0.0032405236
0.37833446
0.99992883
0.9999057
0.37755063
0.0016228148
0.2940551
0.004778312
0.99972564
0.004647589
0.9999795
0.44990015
0.37655818
0.99998176
0.0010264976
0.98735577
0.9998801
0.00037651422
0.9587167
0.97496665
0.002143291
0.52395177
0.003611968
0.9960496
0.99651945
0.9999703
0.9991768
0.9996456
0.0094319545
0.0010077731
0.0005383385
0.011319618
0.0009151729
0.99992836
0.50177485
0.0016516274
0.569052
0.0019710427
0.99999714
2.0831207e-05
0.00028437775
9.569e-05
0.45544982
0.57856315
0.00020608815
7.554522e-05
0.0009056773
0.9999902
0.001651195
0.9999999
0.99999964
0.9961731
8.771996e-05
0.7319954
0.0014625284
0.37829828
0.3772013
0.00022531212
0.71911114
0.009789417
0.60552764
0.001482095
0.99906915
0.5134775
0.00020933808
0.0027402993
0.0023039817
0.9999672
0.9998271
0.9997025
0.0025668899
0.0004696256
0.80551755
0.44105297
0.9999856
0.0040267464
0.98975044
0.6474836
0.3779686
0.00026449468
0.377341
0.6492822
0.9999349
0.010785599
0.99999905
0.9990969
0.0007361808
0.00678351
0.003610633
0.9998809
6.94328e-05
0.5449644
0.9999896
0.0007024361
0.005127744
0.0017641094
0.013078618
0.8750595
0.99398065
0.99188703
0.9703419
0.37869734
0.9996309
4.9076367e-05
0.99997234
0.99934095
0.99996483
0.0034651041
0.0011869395
0.378273
0.00687886
0.9999814
0.6275254
0.00013007337
0.9936587
0.010550356
0.010996413
0.9994748
0.004478114
0.5054698
0.99995995
0.0024100386
0.9745918
0.9999509
0.9982247
0.36498043
0.0049593407
0.9999416
0.98777384
0.50309116
0.022874095
0.74963784
0.9999423
0.9874062
0.999995
0.9984207
0.999979
0.99831843
0.0007013902
0.0004524761
0.9905496
0.0055751144
3.066892e-05
0.0008326735
0.004901934
0.0048067477
0.007096889
0.99997425
0.838586
0.37771124
0.5273824
0.9999851
0.066471
0.017558176
0.9999777
0.0007807643
0.9999336
0.99999523
0.8125304
0.42037228
0.9989936
0.0002735002
1.4623322e-05
0.9999994
0.37820062
0.0009052865
0.9983637
0.0011583688
0.50163907
0.000242835
0.0017970164
0.74908465
0.012027914
0.00029326126
0.0024359296
0.0033388424
0.37794784
0.00020845393
0.0021720561
0.9981285
0.9996773
0.37524247
0.02804883
0.99837273
0.0002891559
0.0027705755
0.9999943
0.9818663
0.005819027
0.50067747
0.37741604
0.99969506
0.0026374224
0.9999914
0.43051982
0.009444927
0.37685716
2.4603589e-05
0.37749806
0.004778142
0.0011803539
0.001758109
0.9064926
0.421461
0.0024165509
0.99834144
0.0025712263
0.007424145
0.37748563
0.0009667884
0.9996413
0.72937363
0.63092655
0.00061953807
2.1595606e-05
0.0012600932
0.9929119
0.00015285955
0.9998178
0.0006883538
1.9173344e-06
0.9714551
0.0009250367
0.0025526297
0.999824
0.9999964
0.0018903195
0.999931
0.0075746453
0.0033360017
0.9994972
0.34997782
0.8000009
0.0024621333
0.99997747
0.9998031
0.50853163
0.99999535
0.0040878425
0.9999938
0.83416164
0.9998523
0.00027102436
0.002710469
0.004840607
0.0016973441
0.0005528956
0.99999607
0.0041606613
0.99999225
0.3774665
0.9531296
0.99990654
0.00077544973
0.0034265218
0.0045654355
0.4998234
0.99993753
0.99904174
0.9999987
0.9851894
0.98877317
0.948183
0.01728862
0.37635624
0.7922814
0.9256308
0.0026117743
0.99956554
0.99915564
0.99999964
0.9998306
0.0029940342
0.0010495005
0.98548234
0.99999356
0.0028561144
0.4983783
0.37749654
0.99957293
0.03883582
0.0010756314
0.9999492
0.99856395
0.43793038
0.9983126
0.9976325
0.02377984
0.00030087185
0.23372434
0.999995
0.9999994
0.29431677
0.9999962
0.55931973
0.99994123
0.99999845
0.9991473
0.0017916366
0.0025722391
0.99991953
0.006470282
0.0017589804
0.0050626807
0.9716045
0.01112367
0.0013821779
0.01615072
0.37772495
0.9999925
0.37802073
0.62772304
0.0007400735
0.587554
0.00976256
0.0070459982
0.00044501264
3.3506083e-05
0.0027770372
0.0003482877
0.50604314
0.3775979
0.9316025
0.003414927
0.99450195
0.37738788
2.9746692e-05
0.0034463676
0.32618314
0.6868459
0.37849066
0.53130823
0.00038012094
0.3771768
0.0033414376
0.9942814
0.37721312
0.34168825
0.37754884
0.37670442
0.9999944
0.00029667324
0.99946815
0.99888927
0.97656053
0.94121766
0.0018664579
0.993602
0.9999778
0.5155621
0.00024190581
0.9992849
0.4541577
0.9976053
0.48508748
0.0017961097
0.51434326
0.9999752
0.37817055
0.9997979
0.00015730121
0.0012129401
0.002475691
0.5020809
0.99999785
0.6513686
0.37619376
0.8318217
0.99991155
0.0070548574
0.99999905
0.9999033
0.95115167
0.99983156
0.9979005
0.37820733
0.00045719455
0.99985874
0.37769535
0.99967563
0.37828353
0.9999944
0.5486678
0.9609069
0.9999994
0.00038052464
0.6582828
0.9999882
0.0025805556
0.9998301
0.0013243172
0.00037488082
0.017714854
0.0056386455
0.3780916
0.0018094246
0.61821806
0.4381522
0.99980646
0.0004130335
0.91304654
0.88417506
0.0005340979
0.0009135777
0.9985386
0.99142104
0.3774686
0.5856017
0.99999475
0.99991834
0.0038006972
0.9999702
7.6462995e-05
0.99970394
0.00054947316
0.00015769499
0.37695003
0.9997571
0.0033459316
0.9999995
0.37529233
0.9996376
0.3783291
0.0025074196
0.93386286
0.9999933
0.00020289968
0.9999963
0.99825245
0.0017480912
0.9943772
0.0011496488
0.0046523004
0.37783727
0.012235389
0.8212485
0.45420945
0.982183
0.50051945
0.98780614
0.37794697
0.9965436
0.0026278368
0.99545574
0.37791622
0.37831256
0.0017458118
0.00059759105
0.9999913
0.37794474
0.52634615
0.0023423713
0.9995833
0.51995224
0.00029708253
0.9998869
0.004139838
0.3770088
0.96315676
0.0025341553
0.0012693736
0.99872476
0.9998462
0.37743503
0.27790427
0.97793114
0.025019769
0.37731633
0.999985
0.3819995
0.37845922
0.034344558
0.03784576
0.37583297
0.37790895
0.37575108
0.9905883
0.9999908
0.9836203
0.001179797
0.37745848
0.99830306
0.00013158045
0.001538681
0.52645713
0.00074249017
0.9996886
0.99999595
0.9999893
0.99998975
0.00598164
0.0004403623
0.5493724
0.9999571
0.99989927
0.9889191
0.8163689
0.37742293
0.6157543
0.0013656
0.99964666
0.99999666
0.00020414747
0.00029551107
0.0012825339
0.0032654528
0.9995425
0.9998247
0.9784902
0.0006642504
0.99999607
0.013974312
0.58786273
0.00041614225
0.9999701
0.99955326
0.989247
0.9999815
0.9973207
0.0023835285
0.3768063
0.008302926
0.9995265
0.9965005
0.9472623
0.00047460856
0.9999807
0.99999964
0.985789
0.00014777237
0.9996339
0.0008593807
0.99569064
0.9985207
0.99974686
0.0005984802
0.37731624
0.9999372
0.0141234165
0.001999766
0.002405051
0.99990463
0.0006799832
0.509053
0.99835074
0.9313901
0.0011911842
0.0018578635
0.9999958
0.9999223
0.0012930952
0.9999653
0.40474477
0.00028379838
0.0019347812
0.3525731
0.00069702
0.99998367
0.3785918
0.0014311471
0.93601984
0.99761677
0.0035665531
0.012635188
0.9993787
0.002016426
0.9705182
0.00029663
0.00041431788
0.0009641875
0.0004047345
0.89725506
0.00091111846
0.0021639697
0.99983406
0.00397094
0.002112001
0.99867
0.22175644
0.00047006385
0.00017979469
0.3781224
0.37808573
0.99965966
0.9985246
0.999966
0.0045560207
0.7615423
0.010248752
0.9968976
0.0016656368
0.9999505
0.9994474
0.99951303
0.9948251
0.0020733164
0.0010259579
0.3778508
0.9821551
0.37892053
0.84075916
0.51147753
0.496763
0.37808132
0.83942777
0.65582997
0.3779198
0.7988992
0.86913747
0.99999857
0.5252455
0.99911076
0.00014237604
0.0015650063
0.96203095
0.00045986407
0.0029946107
0.0002863464
0.0005969868
0.65926194
0.96367127
0.9999975
0.9979067
0.0016141852
0.9999995
0.005679452
0.00012422288
1.28656e-05
0.9978728
0.0006891973
0.00031120333
0.37733674
0.99989367
0.0011260766
0.3779745
0.0037672336
0.02242058
0.010478016
0.00026048877
8.7004526e-05
0.99987304
0.001413663
0.9998969
2.0223863e-05
0.37738267
0.004381024
0.99904555
0.4770724
0.0005702605
0.0017268592
0.99997103
0.99692637
0.003213613
0.0012476821
0.010467367
0.3785271
0.9256724
0.99999976
0.00067402894
0.9999844
0.9791622
0.999889
0.0014407871
0.9999907
0.0007203714
0.00046311074
0.6140701
0.999967
0.00045185428
0.3774969
0.98350406
0.00087679125
0.0009535367
0.0011023869
0.00025697312
0.9998946
0.99990416
0.0037492926
0.33635375
0.9999814
0.0018334386
0.5471188
0.9998888
0.001668343
2.6255462e-05
0.99997973
0.0017431256
0.008168374
0.99991035
0.37876278
0.9999945
0.000216414
0.0015795729
0.0072992807
0.37738523
1.2259743e-05
0.99995685
0.37658557
0.0007128579
0.37858734
0.99997115
0.99993896
0.9951567
0.46736473
0.0006041244
0.0016305496
0.9995982
0.0013239193
0.37781572
0.0010079992
0.37812883
0.9999672
0.37744746
0.48666266
0.9999739
0.3787146
0.00093477825
0.40695763
0.9781004
0.9820998
0.0017137963
0.99769247
0.0044349968
0.3770727
0.52586645
0.9999572
0.0012469824
0.84986836
0.9998554
0.0032732936
0.0019424806
0.9997578
0.00114832
0.99999917
0.0004711854
0.97411364
0.37486738
0.00668519
0.9988471
0.00046316528
0.0071312496
0.49393985
0.9999666
0.0005730333
1.5704534e-05
0.9999726
0.98891234
0.9997863
0.9995408
0.5248758
0.99916506
0.9902085
0.007980097
0.99999595
0.00046414693
0.37733912
0.010594224
0.0005830917
0.9980719
0.0013340699
0.9988024
0.5309628
0.00086620176
0.0009020014
0.0009982974
0.00025436972
0.99979883
0.032525595
0.99998105
0.0006049157
0.3773806
0.8971117
0.99936455
0.9999471
0.9896841
0.0046852124
0.9213587
9.164795e-05
0.00048415147
9.964485e-05
0.0008615153
0.0010909786
0.9999994
0.37763095
0.3778727
0.0034240722
0.36588982
0.99903345
0.99997234
0.99908936
0.99976367
0.9998549
0.54759127
0.9980019
0.9999236
0.0024432673
0.9998394
0.9812076
0.0019760374
0.65185046
0.9995327
0.0018268054
0.99661154
0.0010201582
0.55322397
0.9999987
0.9999988
0.80582917
0.9334406
0.999876
0.004150684
0.0064859674
0.0061161313
0.0009104724
0.040124703
2.900165e-06
0.0019178687
0.9999739
0.9968917
0.89435756
0.37733796
0.3776559
0.006818518
0.37774438
0.3780175
0.3767452
0.0015076416
0.9995509
5.0051138e-05
0.99984443
0.0032285245
0.18626696
0.9999808
0.9998517
0.98347306
0.0043293945
0.99529654
0.0008441443
0.6203127
0.0044722804
0.0030944073
0.0012359575
0.37777445
0.9999455
0.0016417532
0.00019760644
0.67795575
0.9999974
0.98198605
0.00945648
0.9998846
0.96293277
0.98461133
0.0016991388
0.003305035
0.99961036
6.0071186e-05
0.00024908167
0.37592295
0.46155342
0.53262466
0.3784035
0.0018545259
0.9999429
0.5180012
0.004242137
0.52213717
0.3776849
3.6516267e-06
0.0019104587
0.9999944
0.9993217
0.008183242
0.0002649788
0.01029686
0.61661553
0.0058201253
0.9983354
0.24113499
0.98267233
0.0011424322
0.0004282615
0.9999664
0.9998987
0.9999682
0.99067676
0.123180255
0.9999546
0.0012462741
0.00011984048
0.022314552
0.99998057