1.0
1.0
6.6432447e-15
1.0
4.2867084e-14
1.089271e-18
2.389802e-18
1.0
3.406707e-15
0.9967199
3.6137953e-17
8.442248e-20
1.4118025e-16
4.093458e-10
1.0
2.2842984e-12
4.782843e-18
0.9999958
1.9257939e-07
0.9998281
0.9999665
8.2037384e-14
7.697812e-10
2.5088431e-17
3.3969613e-15
0.004924006
0.91567826
0.9999982
5.9648286e-09
1.0
1.520964e-18
8.80424e-12
0.018415364
7.686836e-07
2.8946536e-09
5.1156703e-16
1.0
1.0
1.0
1.0
1.0686206e-10
0.13473314
8.5656323e-16
3.4662473e-15
9.628238e-18
5.543484e-16
1.0
0.9923881
3.9263086e-13
1.0
0.9999994
8.013454e-18
1.0
0.99996555
0.95015967
9.721688e-14
1.0
0.0064607686
2.183041e-13
1.579902e-08
1.0
1.0
1.0
1.595503e-09
0.99997497
0.9810377
1.0
7.146756e-17
0.9704021
1.0
1.0
2.787511e-10
0.99982065
0.99777645
4.2395317e-14
1.3565974e-18
2.137871e-17
1.0
2.900553e-11
3.507959e-17
2.4468837e-19
4.5130906e-20
1.3655649e-17
1.0
1.0
4.714264e-18
1.0
1.0
0.9999995
0.99932885
5.5455476e-19
2.3071407e-17
1.0
1.0
2.1228916e-11
2.0898498e-09
1.0
0.9994548
1.0
1.0
7.1923755e-13
2.2328346e-12
7.686058e-18
6.014546e-17
2.4397852e-16
2.716854e-13
2.2238373e-19
0.99998987
1.0
1.0
1.1693863e-11
4.6528075e-13
0.9999999
1.150755e-09
1.4991241e-14
3.660814e-19
5.791816e-13
2.2802236e-05
0.99993086
0.8306088
0.99999857
1.0
0.00015061823
1.0
3.0153533e-09
0.99999547
6.756355e-09
5.773799e-15
8.0204084e-15
0.99981385
0.9999635
0.99994016
1.2099314e-14
0.9996338
5.108274e-18
2.8790372e-17
0.95506585
1.0
2.4051202e-11
7.7586993e-19
1.0
1.0898298e-15
1.0
1.00953946e-16
0.9994985
2.593413e-14
1.7862024e-18
7.081392e-14
1.2958563e-09
5.451934e-19
1.0
0.99999666
2.2134572e-15
1.6912385e-19
9.3850406e-07
5.243259e-17
1.0
9.9936646e-17
1.6773948e-16
0.9998325
1.0
1.0
0.97738135
1.0
1.0
3.876231e-13
1.0
0.99999964
4.8642645e-10
1.3266341e-10
1.4833483e-16
1.564749e-11
8.803602e-06
0.71230716
2.029996e-09
2.1210132e-19
3.0593952e-08
1.0
7.3741756e-11
1.5796109e-14
0.9989077
5.4214112e-17
4.894556e-22
1.0
0.9997558
1.0
6.084541e-16
1.9018303e-11
9.8443956e-17
1.0
3.2954206e-18
1.0
1.0
0.9999987
8.532152e-05
2.9982768e-15
7.0482025e-14
0.9997055
1.086841e-14
2.8131693e-18
5.4376487e-10
0.99999976
1.0
1.0
1.0
1.0
5.579042e-06
1.0
6.4653405e-10
1.4937563e-06
2.3129667e-16
1.996011e-15
1.0
3.4344486e-11
4.9546836e-13
1.5107496e-10
9.22822e-13
0.2787039
3.2054736e-15
4.895115e-15
3.004016e-09
1.0
5.298887e-13
7.590955e-17
3.5510973e-17
1.0
0.9999974
0.0002700746
3.366427e-15
5.1847237e-17
1.0
2.251713e-15
0.9549736
3.9153756e-09
0.99169403
1.0709877e-06
1.0
1.0
5.4061942e-08
8.3545306e-20
7.757231e-16
2.189811e-19
1.0
0.9999914
0.9998871
1.728318e-13
1.12576004e-10
1.9967913e-19
1.9999885e-16
0.062388834
1.0
4.210084e-19
0.9978521
1.1139729e-08
6.5062275e-17
1.001095e-12
0.9999999
0.9999908
0.9999989
1.0
1.0
7.726306e-17
1.0
1.0
0.893718
1.1845057e-10
1.4163368e-19
1.4548874e-13
0.6189722
1.0
4.5186107e-06
0.9999815
5.3527546e-17
7.2487485e-12
0.9997683
0.04094299
0.015633468
3.9257168e-17
0.99998593
0.9999995
1.0
1.0
1.7872643e-12
2.4950801e-17
0.9999951
1.0
3.580465e-17
1.0
1.3082658e-17
2.290025e-13
0.9999081
1.0
1.0
1.095101e-16
0.9999982
1.6300386e-07
0.71577746
0.9999945
1.4435365e-11
1.0
2.6651782e-14
2.309265e-15
1.0
1.0
1.0
3.9354786e-09
0.99952114
6.151661e-09
1.0
8.936663e-12
1.690348e-12
0.99955696
1.0
0.9999188
1.0
3.490997e-14
2.3989797e-12
1.6371323e-16
0.99998844
1.1172298e-13
5.9441794e-17
2.6577767e-05
6.3350057e-18
3.9741854e-19
1.0
0.9999988
1.5465457e-11
2.5304937e-13
7.719083e-11
1.0
0.36983606
1.2053998e-19
1.0
1.0
0.9769722
1.2753313e-15
1.0
1.0
1.6531465e-10
1.1240406e-19
1.8347578e-19
1.5997117e-12
1.0
8.2300533e-10
0.99999964
0.9996062
0.99995387
1.0
1.0
0.9999994
0.99943775
3.5116257e-18
1.0
4.488657e-13
0.99998915
1.5828189e-19
1.6733847e-12
1.0
1.0
1.0
1.224382e-08
1.0
2.4028057e-10
3.2121567e-15
7.629358e-05
2.2003221e-17
0.99999905
2.204103e-09
5.3663534e-16
7.12372e-12
6.288801e-10
2.963336e-14
1.0
2.841868e-20
2.4515685e-16
4.5263935e-08
1.0
0.9997651
2.5114656e-14
1.4703264e-12
1.0
0.99999976
0.99999666
2.2181699e-05
9.672232e-10
0.99999714
1.0
9.347353e-13
1.5749377e-08
0.99984527
1.0
1.5195203e-10
1.5653233e-17
8.181375e-06
2.4584344e-15
0.99999607
0.99999976
5.8209864e-17
1.8418616e-19
2.5692604e-09
2.9844175e-19
0.99998724
1.0
2.276768e-09
0.99401927
9.906873e-10
1.0
1.0
1.0
3.020889e-14
1.0
1.9887193e-14
1.0
1.0
8.002151e-18
4.7569125e-19
0.999961
1.7279158e-17
1.0
1.14866235e-10
3.0271213e-16
6.612699e-16
3.5716528e-13
2.8964343e-11
1.0
1.0
1.0
2.0602733e-09
4.89034e-10
4.0622e-07
2.9167216e-17
1.0
3.1539343e-16
0.069099754
3.594079e-14
4.1440566e-18
1.0
0.9930611
0.9988457
3.1541024e-16
4.6965835e-18
2.5120277e-09
1.9041235e-19
1.0
1.0
1.2673886e-13
0.99999917
1.0
5.0272446e-11
1.0
1.0
0.00018966298
0.9921164
8.038436e-18
0.9374699
1.1126476e-12
1.0
0.99999857
2.642791e-16
1.2385082e-18
1.0
1.0
1.8533863e-18
0.99999404
1.903837e-15
1.0
0.99999845
0.61515075
1.1472308e-17
1.8198627e-18
2.0587026e-12
1.7227615e-18
1.0
1.0
1.3914251e-14
0.9988212
0.99999976
1.582678e-14
0.9999522
1.4917868e-08
5.565602e-13
8.388526e-16
1.25381756e-14
1.0
6.360426e-12
1.6556347e-08
8.622957e-12
1.0
0.99999833
2.2443263e-14
0.5091264
1.0
1.0
0.9999995
0.03709402
5.4851904e-07
1.0
1.0274252e-11
3.7393857e-09
0.9999999
7.728307e-18
1.0
1.8703477e-17
1.998545e-18
0.99998844
1.0
4.328644e-14
1.9699548e-12
1.2999728e-17
0.032438643
8.2692237e-16
0.9997702
2.8883133e-15
1.0
3.2139094e-15
1.6723165e-15
1.0
1.1096511e-08
1.5397617e-18
5.640216e-17
1.0
0.047169637
3.8538937e-13
0.9999999
1.0
0.9997484
1.2898672e-08
1.1338434e-17
0.9999999
3.1119455e-19
0.9450119
1.489162e-09
1.5537242e-15
4.1684283e-09
3.9709635e-16
9.389468e-17
3.166772e-17
5.837763e-06
2.0779731e-13
1.0
9.775266e-12
0.99999976
7.384185e-14
1.0
3.1235326e-17
7.830015e-11
3.6629113e-18
2.56532e-19
1.3866299e-14
0.9999976
4.2095106e-17
5.020181e-12
2.8020683e-14
1.0
1.0
1.313944e-11
1.0678571e-13
7.2109844e-29
2.4205548e-19
1.0
1.7507066e-17
1.0
1.0899034e-05
2.4394608e-15
1.0
9.740257e-16
0.9998777
0.9999962
6.039313e-15
0.9999999
1.0
1.1391966e-19
0.99990857
3.15592e-16
1.0
1.0
1.0
1.0
0.9998841
1.8201672e-06
5.4688922e-18
9.143412e-19
3.7451466e-16
5.6963895e-10
1.0
0.9995647
1.0028216e-18
0.9998379
1.6298293e-16
1.0
4.2639212e-12
5.375766e-13
1.606814e-10
0.72238594
0.9998841
8.836148e-17
2.4220081e-09
4.89737e-17
1.0
1.7969574e-13
1.0
1.0
0.9997614
3.026934e-14
0.9999927
1.0205661e-18
4.3606306e-14
7.982937e-12
2.3420321e-11
1.0
3.742487e-14
0.030177576
4.3740714e-12
1.0
0.5987461
9.627639e-13
2.2385102e-12
3.2245596e-13
1.0
1.0
1.0
8.416674e-15
3.021212e-14
0.99989974
0.9998838
0.99998605
6.545129e-19
0.99999976
0.99999225
2.793413e-14
3.7347033e-16
1.8119337e-15
1.0
1.0
1.0219626e-07
1.0
0.999997
1.7136662e-08
6.855219e-12
2.1820654e-18
0.9999943
2.9792027e-15
0.9947206
1.0
3.916626e-15
2.4435938e-17
1.2877746e-09
2.3467507e-14
1.0
0.9999943
0.99999976
0.9948118
5.610533e-11
1.0
1.1072388e-08
1.0
1.0
1.0
2.586399e-10
2.0944585e-13
7.016202e-17
1.0897507e-15
1.0
0.984992
5.076061e-13
0.9999702
1.9747198e-17
2.8695216e-16
1.0
5.9099733e-16
0.999998
0.9999813
1.2779772e-13
0.99999785
0.9999125
1.0
0.8951643
4.404573e-11
0.9999999
0.99999416
0.478639
5.3328365e-19
0.9880988
1.0
0.99996924
0.99999976
0.9999639
1.0
0.9999994
1.3467995e-12
2.020712e-06
0.99999845
3.2306692e-19
1.023165e-09
4.889848e-09
3.3151534e-18
1.133424e-17
2.857431e-15
1.0
0.90403885
6.1141726e-08
1.0
1.0
5.85791e-09
1.1976797e-14
1.0
8.171973e-18
1.0
1.0
0.9999987
0.16165231
1.0
1.364353e-15
2.1282848e-10
1.0
2.1420749e-17
1.2814838e-18
0.9997143
8.990679e-18
0.20529841
3.1754743e-14
3.0310687e-19
0.9999982
2.7824002e-18
2.693125e-14
2.8334615e-17
8.04251e-12
1.7257766e-15
1.6653265e-15
3.200472e-10
0.99996495
1.0
2.662706e-16
8.611656e-18
0.9999987
5.80322e-12
2.719491e-18
1.0
1.0
2.663029e-10
1.0
1.7492199e-11
1.0
5.354628e-19
1.0
0.0028352528
4.4370984e-17
2.4714763e-15
7.6080635e-12
2.1322942e-11
1.24168025e-14
5.266788e-19
9.277555e-19
0.9997863
0.07552837
5.6293688e-14
0.99997973
1.3447278e-06
5.037965e-19
1.4975836e-18
2.0070298e-10
0.99999154
1.0
0.9969201
2.291705e-15
7.8795787e-10
4.2285125e-12
0.9999995
9.9389e-13
0.9999994
1.7891971e-17
8.630711e-15
1.0
1.3271955e-18
1.2715325e-15
1.0
1.0
2.7591182e-16
1.0
1.1396673e-17
3.5700726e-13
1.0
0.9999895
0.9947318
5.7365116e-18
1.0
0.9999956
1.0
1.0
1.3428897e-09
1.0
0.9999207
1.0
1.596512e-11
3.111628e-07
2.3016075e-13
1.6003184e-09
4.0864346e-15
1.0
7.414004e-18
1.0
7.644216e-18
0.9996748
1.0
2.4632086e-18
1.5891958e-19
8.380226e-20
0.98712444
1.0
1.0
1.0
1.0
0.9999864
0.9999995
4.507297e-18
4.479705e-12
0.9998124
0.99886996
1.485043e-21
1.0
1.0
1.0
1.0
1.5294527e-18
1.1330034e-08
0.9999999
1.0
1.4595858e-19
0.44383276
3.201435e-11
1.0
8.6457606e-17
2.2608277e-15
1.0
0.9988053
0.040155496
1.0
0.99999964
1.4091459e-14
5.572804e-17
3.1762797e-18
1.0
1.0
6.52716e-09
1.0
1.0
1.0
1.0
1.0
1.5810291e-16
1.7826073e-08
1.0
7.8120715e-18
9.3653965e-09
1.0397953e-16
0.99999976
5.896366e-18
1.8831492e-16
2.3577853e-16
5.9591256e-11
1.0
2.428719e-14
1.0
5.790715e-08
0.9999238
9.00697e-10
2.4763546e-12
1.0
1.0534538e-12
4.1150866e-18
7.230448e-17
0.40634596
3.106345e-13
0.9999882
3.27149e-15
1.0
2.1586935e-14
0.0010256754
5.4041768e-11
0.99745744
1.0
3.917119e-15
0.99957365
2.9673728e-15
9.266494e-17
6.0433137e-18
1.0
4.1980132e-13
0.008720675
1.9664981e-11
2.4899435e-07
1.0
1.4383686e-16
1.0
0.9999999
0.99998796
0.99998355
8.51175e-14
1.0
1.0
0.98759836
9.5836434e-18
1.0
0.66495687
1.0
0.0008105696
6.8803104e-14
1.0
1.0
2.4418537e-15
1.0
2.0540881e-14
7.5258263e-16
4.3430167e-18
0.43414533
1.0
1.0
1.3383266e-15
1.0
1.0
5.007293e-18
1.0
1.0
0.99724674
0.9999809
0.99968874
1.0052099e-05
5.41927e-10
1.0
1.1665313e-13
1.0
1.169699e-14
1.0
1.0
0.99999976
1.0
1.3093006e-15
1.0
0.9999999
3.042237e-18
1.0
8.5185014e-19
2.0365592e-15
2.2245099e-17
1.0400243e-18
5.6494617e-14
7.648165e-15
1.0
0.38571867
1.0
1.4473343e-13
0.9999635
0.9529678
2.4887178e-12
1.8385651e-16
0.99949837
0.9999994
5.2063846e-14
0.9999988
0.99999964
1.0
5.0679906e-14
1.0
7.311055e-15
1.0
1.0513115e-13
7.526523e-14
1.3877802e-15
0.9999999
1.329533e-16
1.0
7.973512e-17
0.9999993
1.7409478e-12
9.7719604e-17
0.99988914
1.0
9.2435604e-10
1.0
0.9999999
6.183044e-17
0.9999609
1.3592382e-12
1.6111271e-12
8.722724e-05
1.2332035e-12
0.999998
0.0022520036
0.9999765
0.9999999
0.99987507
2.3441101e-15
1.0
7.614261e-20
0.99998343
3.2843368e-12
2.5929644e-13
1.3691908e-16
3.202992e-15
1.0
5.9391706e-13
1.0
6.553077e-18
1.0
0.9998995
7.9159e-17
1.0
1.6660811e-13
1.6906375e-09
0.9999999
2.7955173e-11
3.0966812e-19
0.9999995
1.0
9.400872e-12
0.06650244
1.0
1.8849954e-17
3.1772786e-11
1.0
0.03804338
4.9450503e-18
1.1760741e-15
2.5020189e-17
3.0096084e-16
5.1147815e-09
9.398628e-20
1.0
1.0
0.9969183
1.5374131e-19
1.4980631e-11
0.9999882
2.1622006e-10
7.4398504e-16
0.99993515
2.488357e-12
1.0
1.0
1.0
1.0
3.9765418e-16
6.4087333e-16
0.9432911
1.0
1.0
0.9999999
0.9999999
2.161259e-15
1.0
3.6456317e-11
1.0
1.0
1.0542498e-12
1.1854334e-08
1.9756024e-16
5.2763022e-18
0.99997675
0.99999607
1.0
2.6409306e-13
1.0
6.098727e-20
1.0
8.155316e-17
1.0
0.9999999
1.0
1.0
1.0
7.992214e-16
2.553471e-16
5.6781272e-12
0.99825627
1.0
0.22816141
7.9349464e-17
1.0
1.0
1.0
6.0730727e-09
1.0
3.8367278e-11
0.9999981
0.99999976
1.0
1.7120772e-13
3.628692e-14
1.0
7.5937314e-18
1.1857821e-15
1.2925104e-18
1.0
5.1937364e-11
0.98917425
0.99999905
0.9999999
1.2592955e-08
2.4637387e-15
0.9998597
0.9999987
1.6994277e-17
1.0
0.9999994
1.6455096e-16
1.07078046e-19
2.2320121e-20
5.5104482e-15
0.9999728
1.1972485e-17
1.4881938e-06
0.99999654
0.9999958
7.435392e-17
3.4706195e-19
1.0
7.4953017e-19
0.9998863
3.4712128e-13
5.3651917e-14
9.848378e-17
5.94552e-16
0.9999999
3.380194e-16
9.50177e-19
0.9999999
3.1599194e-16
1.2058319e-12
0.87231034
2.3076891e-05
2.203406e-12
1.1804566e-11
1.8490056e-09
9.950609e-12
1.0
0.99999785
1.0
9.294218e-16
0.9923988
1.3178378e-17
0.9999943
7.443186e-07
1.0
1.0
1.0
1.0
4.399891e-13
2.7208305e-10
9.934201e-13
0.9984584
8.1656326e-10
0.81787354
1.1237476e-05
0.99242485
1.6244215e-14
0.9982083
0.99978
2.5082851e-08
0.74524826
0.99918944
1.0
1.0
1.0
1.8685562e-11
6.11499e-19
1.0
2.312452e-05
2.8231407e-14
2.185023e-10
2.0160913e-11
0.99869126
0.9999999
1.0
0.9999994
1.3539111e-15
1.0
6.2398166e-13
1.113806e-10
5.784483e-14
0.9999974
3.3087244e-17
3.0123565e-14
3.1172706e-10
1.0
4.7076744e-12
6.1392177e-15
4.1033427e-12
2.0462436e-18
1.0304297e-15
1.4570679e-16
7.117492e-14
1.0
3.3732786e-15
1.0
3.3367992e-10
1.0026964e-12
6.751085e-13
0.9999993
0.9905996
2.2934793e-16
1.3291787e-11
1.0
0.9999995
1.7716743e-17
8.992742e-17
1.0922961e-18
5.931134e-09
0.9632511
1.0
6.006519e-07
0.9999931
0.99388313
1.0
6.7798254e-16
1.0
1.673706e-17
1.1612916e-14
0.9341335
1.0
2.97228e-14
2.0351042e-14
1.0
2.0033799e-15
3.4944763e-13
4.1699842e-14
1.0358883e-07
1.0
1.0
1.3187488e-12
3.4130085e-08
1.0
9.466014e-14
0.9995522
0.99999976
9.177291e-15
7.418447e-14
1.0
5.377716e-20
6.269935e-11
1.0
5.1969816e-13
1.0
7.799186e-16
2.9057687e-19
5.059208e-19
3.3580244e-31
4.37727e-11
0.99999976
6.24232e-23
2.136148e-12
2.3912236e-07
1.0
1.0
0.9999995
0.99999976
4.1947159e-13
3.6755738e-13
0.9960801
3.5780444e-19
8.407541e-12
2.9099122e-11
1.2366272e-10
1.0
7.0561765e-11
1.02028815e-36
1.0
2.243343e-17
6.28819e-10
0.14510734
0.99980885
0.9999994
8.087653e-17
1.0
1.7220283e-15
5.600362e-16
0.0055634286
1.0
1.0165486e-18
1.0
1.0
1.5908524e-18
1.0340024e-20
1.0
5.874973e-13
1.0
1.5958877e-15
0.99789834
4.3167875e-14
6.692386e-15
1.0
7.9785753e-14
3.691096e-15
0.6713762
1.0
1.03246696e-13
3.761175e-12
1.0
0.99991965
1.0
1.0
1.0
0.9999993
1.0
7.738627e-12
1.0
1.1629446e-15
0.049113397
8.459956e-18
9.338349e-14
1.0
4.9883094e-16
0.9999989
0.99998915
8.569514e-14
3.7206418e-15
6.6093794e-13
3.3926654e-13
0.9999994
3.9538607e-12
1.0
1.2694437e-15
1.504902e-11
1.0
0.99999964
0.9999999
0.9999995
4.0461552e-13
0.9998115
9.510814e-16
1.0431625e-08
2.1367084e-10
4.0650625e-06
2.1762279e-20
0.9999937
5.654221e-16
3.41985e-12
4.1918954e-19
0.02326715
1.0
1.0
0.9999943
1.0
0.99999785
0.993064
0.9999993
0.9999999
7.6628995e-11
0.99225205
1.0
1.6935164e-20
0.9753293
1.0
1.9227007e-18
1.0
1.5123631e-15
1.0
1.0
1.0
1.0
1.0
0.9999949
1.0631241e-20
3.2878275e-16
4.340996e-18
1.6722607e-13
1.0992373e-10
6.6121213e-15
1.5575427e-19
0.9999987
1.0
0.9999701
2.1577582e-11
7.601323e-11
3.103409e-12
2.184525e-12
1.3270362e-14
0.0003548752
3.3161778e-18
0.9999999
4.011995e-10
0.9999999
1.438586e-19
0.57305646
1.0
1.0
1.0
1.6804298e-17
0.99999833
5.810508e-12
0.99063253
2.054127e-18
6.1188495e-16
6.130034e-18
2.2843047e-14
1.0
4.902468e-19
2.6563732e-10
1.0
1.0
1.0
3.01784e-16
1.0
0.99997115
1.0
2.3961644e-18
1.781118e-20
1.0
3.0275905e-07
4.9087444e-16
3.3028796e-13
0.9988331
1.0
8.932158e-17
1.0546878e-09
0.99998736
0.9991602
1.9074301e-13
1.0
1.286839e-09
2.920431e-12
2.0471024e-18
1.0
1.0
1.1121027e-19
3.5058755e-15
3.2055192e-07
0.99999785
5.3253242e-08
0.99999905
4.144871e-14
1.0
1.1840491e-18
1.7795386e-13
1.0
1.0
1.0
1.0
0.40342107
1.0
6.1746384e-14
2.4696132e-09
7.537019e-19
0.99999845