0.534031
0.99998903
0.44042224
0.5339891
0.43957105
0.00036984516
0.0003027127
0.99998546
0.44040003
0.31873828
0.00627511
0.00045431918
0.0003814557
0.43908316
0.99988115
0.00016403977
0.0009853434
0.99999714
0.0018863147
0.5252745
0.90307516
4.6932688e-05
0.439801
0.0009741812
0.0005508783
0.0002245405
0.5243448
0.9886125
0.44019604
0.99996924
0.00052923727
0.43759364
0.9789073
0.4386379
0.43851492
0.43864217
0.52824587
0.999828
0.99999774
0.99998355
0.00037895225
0.49579304
9.17653e-05
0.43971762
0.0005595024
0.00075941364
0.5362131
0.96967345
0.00022533642
0.99999905
0.99993217
0.00075538334
0.99941564
0.99996126
0.5244038
0.0006766794
0.5284022
0.00092824554
0.0011410052
0.00024627935
0.53264385
0.9992679
0.53054386
0.43960595
0.92042947
0.75056225
0.5399806
0.002711895
0.9740942
0.53506655
0.9994116
0.00014548226
0.9975696
0.07774924
0.0037124644
0.0008151306
0.0007004167
0.5304954
0.43945444
0.4373043
0.0010302042
0.00048415264
0.43990037
0.99886286
0.9998795
0.0004196219
0.52935904
0.99982977
0.9999677
0.99437064
0.000503989
0.0001797892
0.9996518
0.99882644
0.0023239674
0.0009689965
0.9998166
0.7685765
0.99998903
0.9999546
0.43989727
0.44012526
0.0003664517
0.0003725718
0.43952027
0.00038467787
0.00066888815
0.9914683
0.9995664
0.9998363
0.0011735383
0.4401518
0.99646497
9.909375e-06
0.43877184
0.0015952939
8.809896e-05
0.037746526
0.9999138
0.9312233
0.9999906
0.99991393
0.0014333887
0.99999964
0.00045387095
0.99999416
6.6764835e-05
0.00043553257
0.00013772053
0.9844444
0.9998841
0.966367
0.0013919955
0.9986534
0.00041780417
0.0004920205
0.91659534
0.9999987
0.43972015
0.00031170782
0.99978596
0.00011144609
0.99924636
0.00035224413
0.99759847
0.0010187891
0.0005529689
0.4344818
0.013286471
0.000758201
0.99986315
0.9756437
0.43934032
0.00045338317
0.0019850337
0.43552658
0.9999995
0.0012995364
0.0009771632
0.99126536
0.9999552
0.99995756
0.15121643
0.99991536
0.9999312
0.00023262227
0.5461368
0.5291249
0.00022727187
0.0007797747
0.0005583551
0.43913046
3.787628e-05
0.2803106
0.0006470547
0.00050495216
0.0001114598
0.9998914
0.0011167056
0.0003913387
0.1827747
0.0011693777
0.00028624048
0.999998
0.96717083
0.99889106
0.4396605
0.4392015
0.00079271244
0.9999995
0.0003615604
0.99999964
0.99989533
0.99997306
0.00032959544
0.000160572
0.4403065
0.9989262
0.00070401706
0.0009115895
0.0037218838
0.99951124
0.99997425
0.9982242
0.9993703
0.99999905
0.00016803044
0.99996805
0.0029865366
0.00050198036
0.43975794
0.43937254
0.9999814
0.010831908
0.4395005
0.43982112
0.00022221712
0.15989499
0.00024144472
0.0011205171
0.00065344275
0.99996614
0.0014974873
0.00014923014
0.000478256
0.9998915
0.9900103
0.004032428
0.43983832
0.001198967
0.99807537
0.44044745
0.2508391
0.44004792
0.52799773
0.43577027
0.9999933
0.9999976
6.347271e-07
0.00053259113
0.00084689603
0.00017911317
0.999835
0.99945205
0.98048043
0.00018320893
0.43943217
0.37269887
0.43952426
0.58643
1.0
0.0004320718
0.9974329
1.4605523e-05
0.0010993272
1.6116986e-05
0.9958717
0.9974995
0.99977976
0.9999318
0.9999963
0.0005310797
0.99998736
0.9996829
0.21984044
0.0014349027
0.0008003101
0.0003697949
0.86768883
0.9997552
0.4382156
0.9853736
0.0006522469
0.00042079177
0.99762934
0.5233283
0.3120141
0.00012360066
0.99842346
0.9896053
0.9999993
0.99999297
0.002237209
0.00020218514
0.9999242
0.9997845
0.43827638
0.9999958
0.00046878387
0.43967792
0.91343766
0.99986744
0.5291776
0.0008929677
0.9995123
0.0010159482
0.9086349
0.9990951
0.00012552267
0.9999988
0.43985346
0.00022117373
0.8828594
0.9989599
0.9999771
0.0007680324
0.53425574
0.004591919
0.99993575
0.00040176956
0.00043298546
0.96421635
0.99996734
0.99631613
0.9995672
7.289291e-05
0.00084065297
0.00089434715
0.9984811
0.00021068128
0.000573881
4.488063e-05
0.00038998178
0.0004940663
0.9999975
0.5307326
0.0006162837
1.8328361e-05
0.44007224
0.9992582
0.97476846
0.0005717812
0.9999471
0.9999827
0.97902817
0.44011214
0.9999795
0.9999883
0.00081916444
0.0005937011
0.00038417726
0.00019013465
0.99973816
0.43625534
0.9998665
0.27097413
0.7552052
0.9998223
0.99999833
0.9985253
0.99951506
0.0011087761
0.99991024
0.43565542
0.9940157
0.0012264305
0.00022857726
0.5396774
0.999995
0.5784741
0.0018498342
0.9998344
0.0008628507
0.00061039365
0.00034649466
0.43935028
0.96279097
0.000707318
0.002309194
0.4397207
0.4388756
0.00019923708
0.99997365
0.0011190264
0.00055474846
0.0077775335
0.9995053
0.70375586
0.0003222171
0.0016757421
0.99997807
0.9898976
0.9542951
2.4324445e-05
0.0007391273
0.8774868
0.999819
0.43511248
0.0010923502
0.9995454
0.53624964
0.0008481478
0.00030167607
0.020190695
0.43997106
0.99990666
0.99958605
0.0002957983
0.0008378936
0.00010024824
0.0001550038
0.99903995
0.999052
0.4353336
0.52532494
0.43882135
0.9999981
0.9999703
0.9995492
0.43940178
0.9961985
0.43954408
0.9998934
0.9999932
0.0007921624
0.00061161595
0.966937
0.0008107906
0.99997675
0.00031676076
0.0012766168
0.43942788
0.00028507106
1.403248e-05
0.999897
0.99999976
0.9998185
0.434412
0.0005876606
0.004112901
0.0017578612
0.9986413
0.4341357
0.14240322
0.0019916508
0.00055526313
0.9999509
0.5283837
0.7950697
0.43873695
0.0009719802
0.0013422269
0.0004173251
0.9993185
0.99994504
0.00445594
0.99997926
0.999813
0.44024733
0.99983
0.99594384
0.43946812
0.5867845
0.0006170798
0.8552962
0.0005245176
0.99957246
0.9873198
0.00047305078
0.00062056456
0.999995
0.99994385
0.0010565359
0.988321
0.00035260647
0.9999974
0.9999223
0.68324393
0.0005145638
0.0010669047
0.4398864
0.00046064568
0.9998876
0.5358439
0.000412269
0.99489045
0.993004
0.0044547655
0.9998944
0.00050443906
0.000476559
0.4393732
0.4387698
0.9999987
0.00015229623
0.0006245459
0.0006104745
0.9998746
0.99987125
0.43994427
0.5219075
0.98722816
0.9999951
0.997364
0.43906617
0.44007748
0.9999256
0.0009210352
0.00014015926
0.52479154
0.43962625
0.99996996
0.0020798154
0.00025493567
0.9832444
0.9998529
0.0015660147
0.36739516
0.0007979277
0.08328819
0.0006679689
0.92926294
0.0002959413
0.99995923
0.4399505
0.43917263
0.53551626
0.023485359
0.0006801228
0.0009189524
0.5532506
0.6266488
0.009452845
0.9995907
0.9999994
0.95157784
0.44075954
0.00052398763
0.95563555
0.0013783356
0.9930775
0.43816447
0.009265662
0.43536854
0.000449215
0.0013378953
0.0002106899
0.43943018
3.2416792e-05
0.5335445
0.4398138
0.9999299
0.43981045
0.99986815
0.43974528
0.00047096153
0.00082658563
0.0011037467
0.00047320998
0.99951553
0.0014434424
0.0009251283
0.4393727
0.9999603
0.99990654
0.43951824
0.00019598035
0.20995224
0.0004065518
0.9999548
0.0010159938
0.9999567
0.5186894
0.43962514
0.9999764
0.0010125716
0.9994393
0.99998116
0.0001884313
0.9999366
0.9987941
0.00013686606
0.5291555
0.0003875454
0.9999875
0.99994004
0.99996257
0.9951303
0.988622
0.002891908
0.0002634251
0.0005658932
0.0009777155
0.004155723
0.9999492
0.2721402
0.000406527
0.9749655
0.00092056446
0.9999913
0.001562571
0.00013764716
0.0021228206
0.4432664
0.53388095
0.00014215086
0.004521288
0.0004952479
0.9999789
0.00053039327
1.0
0.9999896
0.980102
2.305949e-05
0.9971433
0.00042833172
0.43898618
0.4402361
0.00033234057
0.5298379
0.0014253088
0.99559754
0.00032846307
0.9999474
0.93595123
0.0002590293
0.0019627765
0.00039377148
0.99955183
0.9999609
0.99983346
0.43328798
0.000728732
0.9830573
0.44234017
0.99999285
0.00048958755
0.9104738
0.99237835
0.44005933
0.00040250306
0.43999395
0.99999905
0.9999316
0.0040782057
0.9999982
0.9987393
0.00046387973
0.0016250112
0.0007254104
0.9998716
0.0035344635
0.9783598
0.9995852
0.0003773619
0.0007720955
9.6652e-05
0.0040030587
0.5785164
0.97195184
0.9998567
0.9960448
0.43810657
0.9503599
0.0003131438
0.99996626
0.9999912
0.99999964
0.00039058135
0.0004793128
0.43867463
0.00064885477
0.9932715
0.24154371
0.0022762767
0.9979923
0.0016043604
0.0016939105
0.9999776
0.43400884
0.5255343
0.99995804
0.00047324086
0.955537
0.99840146
0.999826
0.2040983
0.0021283773
0.999866
0.9945596
0.9187853
0.0017600936
0.8372771
0.9997614
0.986868
0.99993646
0.9983725
0.9999949
0.9952201
0.00013794923
0.00042067023
0.9548613
0.0004956165
0.001834294
0.11505249
0.0006866895
0.00033697512
0.0009926202
0.9995134
0.38094616
0.438378
0.5337154
0.9999956
0.0049283206
0.0014489526
0.9999225
0.00019405749
0.99987936
0.99999857
0.5420825
0.52404034
0.99885464
0.00015305003
0.0006189405
0.99999905
0.43984714
0.0006241906
0.9995704
0.0006936656
0.41927284
2.8536357e-05
0.0004509496
0.99470043
0.001329044
0.00019362295
0.00046875014
0.0002584974
0.44031262
0.00031570706
0.0002363187
0.9921503
0.9997247
0.438752
0.0014416244
0.99601537
5.2708692e-05
0.0007452118
0.9999622
0.69901216
0.0026946997
0.5265442
0.440432
0.99997425
0.00028605768
1.0
0.30059576
0.00091034005
0.4395815
0.0018386828
0.43927455
0.00038959624
0.00024061304
0.0004328134
0.9992594
0.5026636
0.00018820325
0.9976051
0.0006192257
0.0010659132
0.4383355
0.0007056984
0.9981097
0.53024673
0.9900637
0.0001677087
0.0026700394
0.00060293794
0.9873095
9.4835465e-05
0.9994197
0.00013237403
0.00710193
0.5511915
0.00032002173
0.0007419438
0.9993661
0.99995446
0.43362188
0.99967647
0.00047950883
0.00032247647
0.999894
0.592494
0.88861734
0.0008112411
0.9998041
0.9999745
0.520883
0.99998975
0.0015638034
0.99998915
0.9946905
0.99957365
0.00039168954
0.006415553
0.000787532
0.43474162
0.0002502106
0.99999964
0.00036484667
0.9999999
0.43976513
0.87870127
0.9997985
0.00028869451
0.0006444025
0.00060991937
0.3319849
0.9999974
0.9982211
0.99999046
0.5594756
0.5256786
0.9023765
0.0009021226
0.43970695
0.99137187
0.79175824
0.0017149551
0.99986565
0.9999362
0.9999951
0.9998097
0.0010382482
4.8100806e-05
0.99696475
0.9999958
0.00017731704
0.5515039
0.43951887
0.99989676
0.0011134922
0.0030058844
0.9998752
0.99874383
0.80557966
0.99881953
0.99966264
0.00086259743
0.00013645363
0.032601994
0.9999945
0.9999882
0.25806096
0.9999956
0.52889955
0.99995065
0.99999464
0.9999269
0.00010252545
0.00071799173
0.9993236
0.0016641802
0.00069999794
0.00028531492
0.951509
0.0012717382
0.00078079593
0.00057952333
0.43874615
0.99993825
0.43981466
0.9771375
0.00040272682
0.53727573
0.0020518973
0.43491828
9.805223e-11
0.0009888173
0.00075388106
0.00022851779
0.5608543
0.43973333
0.9993055
0.00046192852
0.9997285
0.44017348
0.00091575255
0.0041411296
0.22293045
0.52954656
0.43949747
0.702234
0.0010419774
0.43974844
0.001134778
0.538984
0.440343
0.25183555
0.4395501
0.43800935
0.999998
0.00029149678
0.99985707
0.9987814
0.98141474
0.9725398
0.0009585859
0.99987924
0.9999442
0.9144979
7.427423e-05
0.9991053
0.59087175
0.99991953
0.26854274
0.00036634362
0.5268055
0.9996531
0.43989083
0.9998362
0.0001255199
0.0010291782
0.003854838
0.25220358
0.9999677
0.52830875
0.43951496
0.54007304
0.99980694
0.0025533389
0.99999833
0.9997551
0.998041
0.99976724
0.99927014
0.43913925
0.00039537367
0.99928975
0.4397319
0.99980456
0.43917152
0.9999926
0.5344271
0.9890343
0.9999989
0.008702569
0.5327352
0.9999472
0.0007430369
0.99965656
0.0007803593
0.00020951759
0.0035289545
0.00057663675
0.4400008
0.00040515742
0.5348539
0.52840394
0.99966407
0.0010463762
0.9849259
0.3978903
0.00047248567
0.00024324606
0.99975497
0.999332
0.43942112
0.9857164
0.99992085
0.99932873
0.0004821093
0.99988115
0.0010593936
0.9997632
0.0011397939
7.267663e-05
0.43968722
0.9972088
0.0005456224
0.99999523
0.43849438
0.99671316
0.43926305
0.0012744732
0.960615
0.9997477
0.0010113684
0.999997
0.99953496
0.0006841834
0.97996324
0.00020062255
0.00021396464
0.43929994
0.4344658
0.7415363
0.35420543
0.53638166
0.5252204
0.9699972
0.43969128
0.5381736
0.00036124155
0.9969593
0.43840408
0.43981227
0.00059999747
0.00011222735
0.9999343
0.43995732
0.52969325
0.0005523465
0.9997149
0.46100372
0.00013755885
0.99931777
0.00018341378
0.43998677
0.99970883
0.00019102488
0.00045487777
0.99876475
0.9999225
0.4396597
0.25164306
0.8027234
0.0009916272
0.43966198
0.9999578
0.43862334
0.43975517
0.000861553
0.0024917782
0.43898365
0.43928126
0.4393331
0.9998416
0.9998344
0.9987362
0.0010605241
0.4399317
0.9973889
0.0025559352
0.0014972171
0.9906281
0.00030709826
0.9996728
0.99994993
0.9998989
0.9999919
0.000394254
0.00035591927
0.99864143
0.9999236
0.9995074
0.9989986
0.5367391
0.43997902
0.99998796
0.0018584721
0.99961144
0.9994766
6.166554e-05
0.00021928537
0.0004158821
0.0008053596
0.9990735
0.9998254
0.99290425
0.0051374123
0.9999989
0.0011737535
0.5344253
0.0002804839
0.9995739
0.9991986
0.9966614
0.99999595
0.9999088
0.0011957666
0.43939814
0.0002216407
0.99903226
0.9997992
0.44198343
0.00020763943
0.9999802
0.9999844
0.5388586
0.0005855221
0.9999542
0.00028836826
0.99982893
0.9976915
0.9996624
0.00041743534
0.44007316
0.99991
0.0007173024
0.00033159746
0.0006114554
0.9996147
0.00044638896
0.2602585
0.9987184
0.84429544
0.0014170483
0.00060273055
0.96490854
0.99998546
0.00042886307
0.9999845
0.52336675
0.00036008438
0.004257307
0.31952837
2.7202548e-05
0.99973696
0.4400283
0.00029385823
0.99302226
0.9976113
0.0008578173
0.0015859485
0.9994135
0.0030108602
0.9865385
4.6599947e-05
0.00068806426
0.0019175047
0.00042153773
0.98238754
0.00018151256
0.00032267114
0.99967194
0.0015589494
0.00088789675
0.5275906
0.1385047
0.00050253473
0.0006822994
0.43902385
0.43958816
0.9989039
0.9998117
0.999979
0.00028936964
0.9965076
0.0015478154
0.99930024
0.0024269694
0.9999877
0.9998093
0.9996661
0.9987072
0.0002814721
0.00014486998
0.44006938
0.98044926
0.43899646
0.17236018
0.37214607
0.23319526
0.44016516
0.9390745
0.96393114
0.43878788
0.98617923
0.7844231
0.9999764
0.5303625
0.9999999
0.0013157391
0.00055787055
0.9821004
0.010465002
0.00083479355
8.329269e-05
0.00020695318
0.99651647
0.9991812
0.9999969
0.999482
0.0003030387
0.99999964
0.0028026802
0.0006597212
0.0015803771
0.9474175
0.00012682505
0.00017818769
0.4398411
0.9983399
0.00029379633
0.43994287
0.00022990335
0.0012903166
0.0012958446
8.86534e-05
0.00020456756
0.9997278
0.0002973639
0.99999464
0.0005304653
0.43977186
0.0008596682
0.9978079
0.35698333
0.00022580892
0.00047215115
0.9999701
0.9852969
0.0005436847
0.00032597364
0.0008731746
0.43874216
0.9209338
0.9999912
0.00032089243
0.9999721
0.8849088
0.99991906
0.00018029564
0.9999926
0.0002694044
0.00020224761
0.86824876
0.999881
5.6262816e-05
0.43925992
0.99521023
0.00025058351
0.00027773555
0.00040143856
9.872742e-05
0.99987435
0.99994195
0.00028892307
0.43516576
0.9999869
0.0005034661
0.7783039
0.9998228
0.0004454313
0.0006678951
0.9999975
0.0017842624
0.0009926287
0.99944764
0.43935975
0.99994636
0.00018857527
0.00043314067
0.000880227
0.049191494
0.0038126442
0.99976236
0.43956733
5.7479825e-05
0.43950754
0.9999926
0.9175608
0.99187213
0.5221312
0.0064403205
0.00011372631
0.99991345
0.0010397785
0.43967542
0.0007183258
0.43980715
0.9994748
0.43963584
0.23947346
0.9999548
0.440167
0.0036450604
0.5319611
0.9958354
0.99998
0.00041449763
0.99608094
0.0002797604
0.43977067
0.79416233
0.99996424
0.00031623908
0.53694755
0.997787
0.0003155861
0.0002368332
0.9999449
0.00019004023
0.99999905
0.00010490968
0.14424004
0.43926367
0.0009778986
0.99912685
0.0011758058
0.00042146578
0.52668095
0.99998856
5.9038895e-05
0.0006735942
0.9999993
0.5345475
0.99966323
0.9998752
0.53179467
0.99987733
0.53016555
0.00045828582
0.99999356
0.00021545171
0.43951228
0.0014297385
0.0016286916
0.9999974
0.00013202612
0.9985556
0.539266
0.00022414734
0.00036340658
0.0005533179
5.4520813e-05
0.99870276
0.0077578826
0.99944
0.000102362894
0.43954706
0.52741826
0.9999254
0.9998023
0.9774799
0.0010266169
0.9992487
0.00025186522
0.00032280618
8.057966e-05
4.2995387e-05
0.00029603668
0.99816775
0.43994117
0.43942246
0.00067317614
0.32355607
0.9987521
0.99977607
0.9975495
0.99937505
0.9999932
0.9757337
0.9997235
0.99976677
0.0007604511
0.9967514
0.54856634
0.00031970275
0.28456217
0.9998592
0.0004924682
0.99864346
0.0007003088
0.5331986
0.9999993
0.99999654
0.5373067
0.5365105
0.99978834
0.00035359646
0.0005226058
0.0012828569
0.000608458
0.4353167
0.005133782
0.00028344712
0.9999809
0.99965703
0.92409366
0.43944603
0.4392816
0.0017165247
0.43952036
0.43985018
0.4349738
0.0005478823
0.9991448
0.0008988613
0.99900323
0.00027630618
0.22192517
0.9998888
0.99997354
0.5392644
0.00033097903
0.9922814
0.0024400672
0.99712783
0.00047528584
0.0011417842
0.00036472722
0.44011325
0.999987
0.0002153174
0.0003089133
0.5286332
0.9999654
0.53938925
0.00083502225
0.9990497
0.870169
0.99999964
0.00044463502
0.0005896664
0.99989367
0.00096754485
6.288218e-05
0.4394893
0.44315946
0.5254424
0.43831027
0.00029367759
0.99984694
0.53112984
0.0002456991
0.5340586
0.43964714
0.0006008994
0.00052352337
0.999997
0.99801767
0.00095338095
0.00022865445
0.0013065272
0.99977964
0.0077909203
0.99893934
0.4335588
0.53501964
0.00011823739
0.0004949308
0.999534
0.99993837
0.99961424
0.5728593
0.23890723
0.9999938
0.0005075916
0.0005872247
0.0019980227
0.99171