0.47060993
0.99855155
0.42661282
0.51741916
0.421055
0.00071495917
0.00056206825
0.999445
0.43121007
0.65171075
0.32632884
0.0012046903
0.0024184955
0.4234545
0.9990368
0.00089515577
0.003145072
0.83143675
0.001522352
0.45685798
0.9722697
0.004846463
0.4348667
0.00068936974
0.0006001419
0.0008632179
0.46308583
0.98135996
0.45554185
0.9985909
0.0014498623
0.43390948
0.7414981
0.45479608
0.39792186
0.4058402
0.46578333
0.9946912
0.99994683
0.9996569
0.0006783883
0.44106397
0.00053367985
0.4252138
0.0016992349
0.000111414636
0.5688325
0.9464408
0.0021645958
0.99994135
0.9869622
0.00031589737
0.99491185
0.9958282
0.4653337
0.00030587835
0.47449335
0.00036297913
0.0011567738
0.0013913567
0.48701888
0.99802136
0.47512612
0.44356644
0.9565642
0.9447052
0.5026906
0.0003431279
0.9570883
0.4895362
0.9929115
0.0007047141
0.9936899
0.29250002
0.12533201
0.0012280376
0.0024346183
0.47698438
0.43230933
0.409474
0.001382222
0.00049693557
0.4090816
0.99429893
0.9969351
0.0003932403
0.48468488
0.9951975
0.98542064
0.9926644
0.0011752885
0.0010965745
0.9955426
0.99563533
0.04212177
0.0013182516
0.9988136
0.9712541
0.9999393
0.99662316
0.4438668
0.43136916
0.00090986665
0.001606586
0.41875002
0.0009137975
0.0010390334
0.9518752
0.9956943
0.9997547
0.00037104214
0.44147858
0.9973117
0.00050776335
0.41209137
0.0011746186
0.0007465026
0.0012213368
0.98027533
0.8522171
0.8850832
0.9995072
0.00088888756
0.9999502
0.00083516544
0.99832016
0.00045167582
0.0010667939
0.0034012333
0.8842376
0.9971288
0.99177366
0.00010519849
0.9320769
0.00027853402
0.00063958415
0.33687925
0.99911255
0.4322255
0.0004556287
0.9998597
0.0037065065
0.9925845
0.0022300505
0.9115165
0.0032616914
0.0009549159
0.4086376
0.0032587086
0.00054400216
0.9993231
0.99501246
0.42256072
0.0010344569
0.0025917522
0.40039673
0.9997625
0.0021247782
0.0013064749
0.99065536
0.99842227
0.9999416
0.42435127
0.99895656
0.9993679
0.0006096378
0.64000916
0.5566646
0.00015148878
0.0036702242
0.00055653905
0.42449966
0.0058016414
0.42012328
0.0017319056
0.0020219388
0.0020769313
0.9997693
0.0020662348
0.0005134756
0.34994897
0.0018262925
0.0024952225
0.99986064
0.9602175
0.991156
0.42338952
0.4422881
0.0011181362
0.9997099
0.0012662677
0.9999341
0.99898726
0.9985096
0.00045517943
0.00016180618
0.42905706
0.97154355
0.06885623
0.002341148
0.00010198962
0.99300355
0.9989662
0.999094
0.99520314
0.9999242
0.0004919108
0.99770916
0.0007737506
0.0014424681
0.42340344
0.40347323
0.9993623
0.004673872
0.4303639
0.444963
6.602979e-05
0.2590531
0.0007395356
0.00021112205
0.0032477477
0.9999149
0.0022101684
0.0005881789
0.00096589205
0.9928853
0.96612304
0.0027650187
0.42536548
0.0013121127
0.9893924
0.4344144
0.72832465
0.44466156
0.4682012
0.42141932
0.9985802
0.99994695
0.0004054756
0.0004121843
0.0005327279
0.0005265069
0.9989961
0.9915775
0.9107801
0.0022786453
0.41680196
0.007783946
0.42534947
0.44650155
0.9999765
0.00049007474
0.74935395
0.3705218
0.0005247369
0.0014519797
0.98030305
0.968116
0.99418086
0.99918014
0.9999238
0.00015630663
0.9991792
0.99779546
0.5612795
0.00206479
0.0003134162
0.002041899
0.45934388
0.9908716
0.42969707
0.40840083
0.001107139
0.001006752
0.7941939
0.3468212
0.29787073
0.0010817472
0.99340916
0.9839191
0.9999157
0.9992322
0.23778279
0.003121112
0.9978648
0.99867105
0.40502825
0.9979704
0.0019090017
0.33760974
0.869713
0.9969797
0.48005304
0.00049968075
0.9974112
0.002245453
0.5953141
0.997454
0.0042150957
0.99995255
0.44580606
0.0015364469
0.83048654
0.9917571
0.99975365
0.0011259259
0.49098757
0.0013518108
0.9999418
0.001632141
0.001562121
0.7884488
0.99994004
0.99000263
0.9991543
0.0007253468
0.0008657549
0.0024166924
0.970065
0.004612831
0.00045955463
0.0013351414
0.0014411529
0.00046335493
0.999589
0.5106543
0.0009779168
0.00034353443
0.44159284
0.99873966
0.79884577
0.00040736047
0.9994134
0.9999198
0.8084613
0.43252134
0.9994282
0.99951386
0.0012688803
0.00050686754
0.00049894856
0.002296902
0.9983518
0.45685798
0.99847025
0.898508
0.5192654
0.9981007
0.9995129
0.98637307
0.97390705
0.0007791296
0.99627244
0.41810387
0.9702848
0.0017669254
0.0054410137
0.6767893
0.99939334
0.84333944
0.00012562671
0.9903566
0.0008178405
0.0015827761
0.00035409117
0.4142684
0.98009175
0.00015900361
0.0020121157
0.43174356
0.4390949
0.0021738694
0.9999304
0.00011140911
0.002321344
6.131857e-05
0.9939195
0.92550814
0.003115336
0.0008924442
0.99874663
0.95138866
0.96011674
0.00029432704
0.258676
0.90335464
0.98767763
0.45400968
0.0018065958
0.99217224
0.50584805
0.00035505253
0.0011983876
0.025708793
0.44326475
0.9978034
0.98965853
0.00050332985
0.0005543985
0.0004782355
0.004953842
0.9699277
0.99064857
0.45009285
0.45685798
0.39189073
0.9997466
0.99904746
0.9930871
0.43579212
0.9973648
0.37655976
0.9969432
0.9993327
0.002144861
0.0007960633
0.93289846
0.002215659
0.9989623
9.561912e-05
0.00039578756
0.42335764
0.003663827
0.0014826885
0.999003
0.99999917
0.99836797
0.43079728
0.0018780543
0.00088644616
0.00014497706
0.95600843
0.37055972
0.32256848
0.0007023912
0.0006648879
0.99883956
0.47426513
0.8780037
0.4184018
0.0016270323
0.00084680814
0.0011800296
0.99367684
0.9992279
0.0011593314
0.99966717
0.99865216
0.43218842
0.9989207
0.9954373
0.4495224
0.8776024
0.00016162037
0.43325394
0.002037949
0.9998281
0.9630383
0.0008754155
0.0006035368
0.9990369
0.9989247
0.002089656
0.908122
0.00015029071
0.9998068
0.99662113
0.4223086
0.0027525888
0.00049661763
0.43125615
0.00023833278
0.9979175
0.48681495
0.0027864194
0.9674035
0.98869365
0.00052921963
0.9960705
0.0014772979
0.00028225814
0.4235041
0.44396135
0.99931633
0.0026615304
0.0012965914
0.000112763715
0.99806386
0.99777526
0.44050902
0.4598814
0.94868803
0.9999634
0.9960062
0.44284102
0.46138898
0.9992679
0.00011859262
0.0009924916
0.4617546
0.39972848
0.9996995
9.15447e-05
0.0030197348
0.98009217
0.9941636
0.0006793141
0.24171169
0.001705129
0.6130384
0.00072539
0.979115
0.00016058532
0.9999187
0.44307932
0.39050657
0.4839488
0.044157844
0.0025939508
0.00056755287
0.6312507
0.76854604
0.0017590984
0.9931512
0.9999783
0.9268566
0.4375907
0.00348611
0.9883514
0.0011935687
0.996792
0.4334611
0.0358436
0.45685798
0.0024777034
0.001767973
0.00046797845
0.44796363
0.0010803858
0.47326815
0.4467619
0.99805546
0.42334703
0.9898767
0.36049557
0.000840802
0.0032005475
0.0024364209
0.0016872317
0.99757534
0.0003087402
0.0027305174
0.4281821
0.9995579
0.9996779
0.4324203
0.0016196666
0.0051307995
0.0004027597
0.9995691
0.0029544989
0.9985044
0.33536103
0.43483892
0.9980077
0.00031349927
0.9699211
0.998575
0.0041164355
0.9563277
0.98949057
0.0006335416
0.45955613
0.0009593857
0.99818605
0.9977884
0.9976382
0.9823632
0.97005737
0.0034759636
0.0027755033
0.000668344
0.00080390205
0.00035518067
0.99958366
0.5568586
0.0007721736
0.58324444
0.00035589686
0.99995804
0.25847086
0.003627835
0.19235015
0.32285172
0.4843475
0.00030900107
0.0005279804
0.0015903959
0.98677325
0.0028745786
0.9999937
0.9988739
0.9882698
0.00107142
0.9117135
0.002155372
0.43904197
0.4398107
0.0014177347
0.47388917
0.00303062
0.5817391
0.004007468
0.9964658
0.31253022
0.00036954452
0.0006266303
0.0033390883
0.99610007
0.9974178
0.99563295
0.40529242
0.0011295322
0.9589745
0.45685798
0.99928516
0.00055069034
0.9622563
0.74249256
0.43448707
0.0012865333
0.4344994
0.9910329
0.9973658
0.0012178337
0.99964714
0.99506515
0.00073349074
0.00032852663
0.00067952386
0.99029446
0.13214613
0.8006508
0.9984024
0.00056544354
0.002312459
0.0033425367
0.0014416579
0.77400887
0.9440111
0.997919
0.9811296
0.44264883
0.90005124
0.0006940587
0.9993826
0.9906584
0.99999166
0.00081556145
0.0009917562
0.38880578
0.0008967804
0.99960643
0.68983597
8.069023e-05
0.960407
0.0011420883
0.0013853038
0.9997087
0.37707013
0.46846375
0.99295604
0.00030427397
0.9649007
0.9453126
0.9930305
0.34642175
0.0014778494
0.9899968
0.949853
0.58814925
0.0047788927
0.8762798
0.9998616
0.9880679
0.99691784
0.9907602
0.99882966
0.99335164
0.0002801549
0.0026335882
0.7478291
0.00042300075
0.08314559
0.0015478508
0.0004536564
0.0005357032
0.00059977133
0.9992638
0.5467024
0.4158667
0.48370782
0.99942267
0.0010592837
0.0015064263
0.99918336
0.00061903486
0.99962425
0.9999181
0.5465578
0.45685798
0.99394435
0.0031287011
0.37480092
0.9998258
0.41886744
0.0005374851
0.97814935
0.0016501372
0.344521
0.00086413795
0.00071734923
0.968781
0.0015251219
0.0023367796
0.00070513535
0.0010187732
0.44757423
0.00069647585
0.0009401956
0.99429
0.9908913
0.40867716
0.0005394979
0.977017
0.0016634276
0.0015356131
0.9999069
0.62423664
0.0024632907
0.45685798
0.44301662
0.9978963
0.00018764868
0.99999726
0.27088207
0.0009443757
0.42503193
0.11500795
0.43243492
0.0013147633
0.00078978814
0.0013486369
0.9323485
0.45409286
0.0016435636
0.98886555
0.00913569
0.00026566637
0.41915393
0.0008650046
0.9871076
0.47199073
0.93330646
0.0050970633
0.15388286
0.0011114088
0.9755029
0.0010756437
0.9975345
0.001813785
0.112492636
0.79926354
0.0015585524
0.0021846073
0.99273103
0.99867177
0.31604728
0.9984261
0.00024385817
0.0036049234
0.9975255
0.69672877
0.634353
0.0016509315
0.998602
0.99749434
0.45685798
0.9994998
0.0008514942
0.99977416
0.87385947
0.99913484
0.0016185767
0.00570495
0.00079941103
0.45685798
0.0038434968
0.999833
0.0012330067
0.9999709
0.42758688
0.9500862
0.9987185
0.0014317756
0.00075390836
0.0007442559
0.62360615
0.99955565
0.9963716
0.99985707
0.58592105
0.46011344
0.9624765
0.0012792076
0.44826165
0.5747113
0.9453238
0.0017880762
0.9924245
0.97348595
0.9998621
0.9988845
0.0011435122
0.004283438
0.9908681
0.99967015
0.0005499471
0.45818162
0.43586743
0.99828917
0.0010759906
0.0004698522
0.9971656
0.9961504
0.4592402
0.99550605
0.99287146
0.0009090824
0.0018014524
0.09419515
0.9992531
0.9997291
0.43540633
0.999876
0.46436223
0.9990289
0.9998536
0.9970145
0.00030429024
0.0002935852
0.99935216
0.0005291074
0.00029158933
0.0001509521
0.8762551
0.0025972
0.0017239609
0.001164387
0.44509885
0.99980205
0.4242698
0.95275235
0.0012481369
0.50404346
0.00019308813
0.41620836
0.00035748622
0.0033365865
0.00037328477
0.002167193
0.4350165
0.43743026
0.9958799
0.0029064987
0.9897405
0.43874133
0.0020373361
0.013208252
0.334267
0.46999785
0.41714326
0.60013014
0.00014517794
0.4164136
0.0013224013
0.64295447
0.44167304
0.22294986
0.43347535
0.39237764
0.9999808
0.0014372221
0.9962322
0.9769066
0.86034447
0.85506845
0.0014664471
0.9977952
0.9990989
0.6338919
0.0045984033
0.9992083
0.37552404
0.9925776
0.3606213
0.0005896608
0.46479493
0.9962999
0.43469268
0.995689
0.00052564475
0.00017402568
0.0036774604
0.26031235
0.9996275
0.46616736
0.40735957
0.56295174
0.998836
0.002665477
0.9999176
0.99094087
0.9372103
0.9845123
0.9230907
0.42802384
0.0016224865
0.99414885
0.43687654
0.99720144
0.43625265
0.99944574
0.64521563
0.84600174
0.9999906
0.07470729
0.47158623
0.99851376
0.0015990525
0.99547136
0.0004935203
0.0034410802
0.0012675305
0.0006971051
0.4129808
0.0005872404
0.4979481
0.46956322
0.99684614
0.00041569423
0.85558677
0.6525614
0.00043481408
0.0037250058
0.99528545
0.9273606
0.41704607
0.8829172
0.9983334
0.99544865
0.0031523472
0.99649507
0.00054297183
0.99890184
0.00022455635
0.00046037632
0.42236432
0.9829683
0.0023431112
0.9995005
0.4036148
0.98140323
0.4329028
7.598138e-05
0.8512706
0.9995571
0.0007346334
0.9999747
0.99845564
0.0016765847
0.9913133
0.0023701142
0.0023639435
0.44925702
0.38136452
0.76542765
0.35161245
0.5094226
0.46390834
0.9772315
0.44530985
0.6866306
0.0011654566
0.97861356
0.38498458
0.42865863
0.0003923725
0.0013876985
0.993676
0.43103045
0.4402883
0.00061271054
0.9918969
0.5131859
0.00041754518
0.9915524
0.0023775334
0.43189707
0.99466395
0.013614725
0.0008553251
0.9787794
0.9969465
0.43244022
0.27525946
0.7802131
0.0010913414
0.43380547
0.9977869
0.45081434
0.41761407
0.0022423624
0.0013807195
0.40373975
0.43093547
0.40048984
0.99828786
0.9997925
0.9620494
0.00026156812
0.43267563
0.95920783
0.000380858
0.0006321272
0.7726834
0.0039676675
0.9831617
0.9994106
0.99882644
0.9997495
0.0016972948
0.002031081
0.9119673
0.9980854
0.9969176
0.9896936
0.57570285
0.4327208
0.99231356
6.9399364e-05
0.9963754
0.9997024
0.0012586088
0.00015272216
0.00053526193
0.0020485588
0.990369
0.955362
0.969398
0.0011913147
0.9996842
0.00033367585
0.4820993
0.0018241864
0.9982887
0.9958995
0.97012794
0.9995073
0.99722207
0.0029133055
0.4208007
0.0021737928
0.9856856
0.93671334
0.46748683
0.002447437
0.9991761
0.99981683
0.6085279
9.787263e-05
0.9985745
8.297219e-05
0.99064714
0.9789833
0.9946648
0.0016473399
0.41762415
0.99784076
0.0003902012
0.00121735
0.00225344
0.99678564
0.00064127124
0.5124262
0.9961838
0.86921805
0.005628183
0.00018276698
0.9979279
0.99806887
0.0019380888
0.9996691
0.45685798
0.0011505092
0.00023802056
0.0063389186
0.00048201924
0.99520904
0.39971918
0.00010238281
0.9695369
0.99108136
0.00043115573
0.0038142314
0.9984427
0.0006711818
0.82145256
0.0014051961
0.0009962773
0.0005219402
0.001392179
0.96363306
0.0009189227
0.00091660535
0.9969784
0.0026919085
0.00069842406
0.6361889
0.3026379
0.00021673967
0.00019752637
0.44313648
0.43002003
0.97230273
0.9841487
0.99569666
8.0155856e-05
0.9506076
0.001188965
0.98946744
0.0032668374
0.99877053
0.9997651
0.99599314
0.99577147
0.00059463835
0.0017318049
0.4338345
0.86398
0.4435469
0.7799889
0.45685798
0.7780495
0.4346519
0.8278128
0.63693196
0.43092427
0.8835767
0.8738128
0.9994536
0.46638766
0.9992237
5.9003436e-05
0.00065161154
0.9644945
0.00065171375
0.00020647049
0.0016053614
0.0008000825
0.96212596
0.94863635
0.9999881
0.9962829
0.000901305
0.99998057
0.00078637525
0.0005922557
0.12648802
0.98271585
0.00031893165
0.003913738
0.4435619
0.9986488
0.0034808943
0.4371917
0.002366876
0.0008697618
0.0013567978
0.0040427134
0.001817098
0.99637246
0.00092443667
0.998178
0.44105265
0.43243527
0.00041928343
0.9919373
0.33278042
0.0038639691
0.00275658
0.99907255
0.964461
0.0027317307
0.003126807
0.0012504279
0.44597226
0.87420493
0.9997751
0.0011143778
0.9989599
0.8929295
0.9988206
0.0011448207
0.9993024
0.0017346983
0.000821753
0.434381
0.9996088
0.0013185065
0.39125833
0.99725324
0.0037785713
0.00014769193
0.0034623176
0.0002431137
0.99956244
0.99966705
0.0018046441
0.39896247
0.99938583
0.0006644831
0.47760165
0.9947402
0.0027830903
0.00038586897
0.99938226
0.0018503573
0.0012771854
0.996061
0.4366856
0.99897516
0.0026417796
0.0016859672
0.0003626068
0.0057796603
0.05942376
0.9936818
0.3616729
0.002001858
0.44849345
0.99990463
0.93835926
0.9911573
0.46181384
0.0008101036
0.002245328
0.9845546
0.000188979
0.42730197
0.00080888363
0.45605686
0.99652195
0.4322411
0.037119824
0.99516404
0.42564762
0.00014655951
0.39096865
0.98860884
0.9789452
0.00043002385
0.9695924
0.001214907
0.4253478
0.49946567
0.99737585
0.0017233372
0.4898646
0.99300635
0.0013823964
0.004777378
0.99723
0.0011168912
0.9999292
0.0021144573
0.8343996
0.447167
0.00023294699
0.9988519
3.7922364e-05
0.0014702792
0.45685798
0.99883026
0.0019450883
0.290367
0.9999795
0.49291947
0.99604553
0.99863297
0.47004682
0.9920134
0.5072546
0.0016581212
0.9998578
0.003931467
0.44563413
0.0010346215
0.0005143998
0.9997329
0.0019351617
0.99300706
0.49105614
0.004530156
0.0028932572
0.0005894633
0.0012835163
0.99171364
0.0045707044
0.99791235
0.0013166355
0.43213198
0.48084742
0.99503016
0.99592775
0.96990687
0.00024807182
0.9566689
0.00018499487
0.0032568427
0.0008689512
0.0012898982
0.00057599106
0.9975648
0.42441043
0.43242535
0.0015818314
0.36340624
0.9943698
0.9957409
0.9909623
0.9956726
0.98026055
0.8219767
0.98850656
0.99455535
0.0006991279
0.8287293
0.4921935
0.00060947286
0.587891
0.98615164
0.001847397
0.9921456
0.0009058007
0.47391176
0.9999461
0.9999536
0.49822006
0.6183464
0.9957437
0.0071396683
0.0010027441
0.00034158913
0.0020504557
0.45685798
0.035371937
0.0013130759
0.99891984
0.9970945
0.9601864
0.43217185
0.42286533
0.024644146
0.43130252
0.42212555
0.42823857
0.0006048091
0.99488896
0.4517331
0.99561113
0.00043101393
0.4183935
0.9971192
0.99861467
0.6289128
9.78438e-05
0.97592986
0.00013842121
0.73021376
0.001329303
0.0004075531
0.0023491192
0.42445785
0.99892163
0.0009614877
0.00016569273
0.46953663
0.99910516
0.7047235
0.0010465976
0.9948343
0.7481034
0.9998766
0.002000698
0.0012610338
0.99957913
0.0017457097
0.0079606315
0.389769
0.45173758
0.45685798
0.39349768
0.0016688862
0.9947296
0.42489773
0.0022780967
0.47049898
0.44203842
0.3334283
0.002739455
0.99953175
0.99412304
0.00031396945
0.0015642726
0.0015415613
0.9285138
0.001539523
0.9891676
0.38505325
0.54248524
0.001273529
0.00014125515
0.998803
0.99806565
0.99634534
0.80629283
0.2152927
0.9994411
0.0025242933
0.0005154064
0.0009910733
0.9908256