0.49769634
0.9999968
0.43274796
0.61030364
0.43274796
3.0954056e-05
0.00061242125
0.99995387
0.43274796
0.9597859
0.00065642066
0.0002959924
0.00011515256
0.43274796
0.9990633
2.8411125e-05
1.6223961e-05
0.7968531
0.0002792562
0.41636765
0.49325314
2.545135e-05
0.43274796
0.0013653218
0.0001946915
0.00020909071
0.44502297
0.9943294
0.43125716
0.99230754
0.00019650746
0.43274796
0.26907235
0.43274796
0.43274796
0.43274796
0.49554843
0.99618834
0.99975115
0.99999666
3.948967e-05
0.19170004
1.3940327e-05
0.43274796
0.00012912133
0.00136972
0.5345102
0.93325174
0.00017532412
0.9999958
0.796317
0.0070443503
0.9999808
0.9998516
0.4733361
9.958824e-05
0.47699615
0.0048743193
0.0015604619
6.445721e-05
0.5498012
0.999569
0.556116
0.43274796
0.96938175
0.607166
0.6413504
0.039111223
0.9317162
0.53248703
0.9999682
9.810548e-05
0.82121015
0.61050236
0.00012806752
0.0005991229
0.00033654558
0.5437826
0.43274796
0.43274796
0.00066331256
0.00012290652
0.43274796
0.99576265
0.9999386
0.0050657433
0.516282
0.9999939
0.99999475
0.99423146
0.00031524358
5.809958e-05
0.99995923
0.98934877
0.0011305274
0.0002230156
0.9999747
0.9964508
0.9986847
0.9999349
0.43274796
0.43274796
4.036978e-05
6.129191e-05
0.43274796
6.1396735e-05
0.00026020454
0.8788276
0.9998869
0.99991024
9.394958e-05
0.43274796
0.99749005
8.825515e-07
0.43274796
0.00045178153
2.0735813e-05
0.3275897
0.99992216
0.8410165
0.78495854
0.99523926
0.0052615604
0.99993145
0.001902947
0.9999231
5.6722074e-06
0.0001465475
4.0354153e-05
0.9970606
0.9967175
0.99663746
0.0046129012
0.9997987
3.4290817e-05
0.00018954907
0.33629155
0.99997175
0.43274796
7.030769e-05
0.9998429
4.2717682e-05
0.7852983
6.86153e-05
0.9822176
4.9920956e-05
0.00015588303
0.43274796
0.22471981
3.5259043e-05
0.99955493
0.67682886
0.43274796
0.00030374766
0.0003852322
0.43274796
0.9973241
0.0005595613
0.00015055506
0.99512625
0.9999236
0.98389775
0.77192265
0.9989371
0.9991417
0.00028042425
0.6876149
0.48857877
3.4625635e-05
0.0010501477
0.0006711908
0.43274796
6.10475e-06
0.6660921
0.0001868816
0.0001975454
1.4134811e-05
1.0
0.005428526
0.00017935858
0.89242846
0.00045105387
8.383735e-05
0.9998
0.970296
0.9966943
0.43274796
0.43274796
0.00012374642
0.973328
0.00018790203
0.9999472
0.99996805
0.9995271
4.9193273e-05
0.0024811304
0.43274796
0.9977551
3.8581846e-05
0.0008416076
0.03345376
0.82629216
0.9999888
0.96132684
0.9995757
0.9999963
1.5162471e-05
0.9999105
0.0006691967
0.09173157
0.43274796
0.43274796
0.99856013
0.041990608
0.43274796
0.43274796
3.2596003e-05
0.50780606
0.00016140722
0.0008246907
0.00016602184
0.9999857
0.00064710213
3.5033074e-05
0.00013265303
0.9979
0.99538887
0.0009910072
0.43274796
0.00048580876
0.9984993
0.43209866
0.17289737
0.43274796
0.37953606
0.43274796
0.9999409
0.9994486
1.2671663e-07
7.055034e-05
0.0054754615
1.273303e-05
0.9999976
0.9995023
0.99724895
0.000118077965
0.43274796
0.1982638
0.43274796
0.1594075
0.99940443
7.385751e-05
0.84141254
0.005673146
0.00018160537
4.8475285e-06
0.9978065
0.9631962
0.9958839
0.999853
0.9998275
0.00056516123
0.99999416
0.9999466
0.6649906
0.00045158176
8.171787e-05
0.00011196526
0.5920195
0.9995627
0.43274796
0.7801329
0.00012701603
0.00012045159
0.98645824
0.18429059
0.094402425
7.811922e-05
0.9991015
0.99541664
0.9997665
0.9999472
0.0003693952
5.3530013e-05
0.99998057
0.9989166
0.43274796
0.9992834
0.0005563163
0.43274796
0.4662077
0.99999654
0.55112624
0.00012457209
0.9904578
0.00017920029
0.52640474
0.99972457
7.633219e-06
0.965211
0.4410317
8.2170154e-05
0.9607942
0.99788624
0.9999999
0.0005457386
0.59365034
0.6495678
0.9623889
0.00031548142
0.0008319031
0.6121874
0.9874144
0.99931467
0.9742372
7.5758403e-06
0.014030659
0.00012260044
0.9990822
0.00022074101
0.00033281837
0.0004108417
0.0001200317
6.266285e-05
0.9999399
0.4949594
0.0001852344
3.3082408e-05
0.43274796
0.8606675
0.91786975
3.7227084e-05
0.95366925
0.9999969
0.8425727
0.43274796
0.9999908
0.99997425
0.00010357067
8.874306e-05
4.64549e-05
0.00014279236
0.99998176
0.43274796
0.99996614
0.7400647
0.9007084
0.97259074
0.999998
0.99903584
0.9355167
0.00037367272
0.99984145
0.43274796
0.9943973
0.0011714397
0.00015466704
0.604389
0.99997413
0.5428948
0.0027910871
0.999701
0.0021118
0.00014826028
2.01484e-05
0.43274796
0.9813617
7.496159e-05
0.0008917629
0.43274796
0.43274796
9.53909e-05
0.99998116
0.0013172915
0.00030119298
0.0029640642
0.99990547
0.8573573
0.00021344628
0.033219673
0.99437237
0.99848086
0.93578345
0.00013046006
0.0001381758
0.972674
0.99998987
0.43274796
0.00017968124
0.99998415
0.5844915
0.07896648
3.38115e-05
0.271698
0.43274796
0.9980311
0.91372454
0.00024690636
0.00045315054
1.180846e-05
4.0693998e-05
0.97898066
0.9998246
0.43274796
0.44722116
0.43274796
0.99999654
0.97419554
0.9993772
0.43274796
0.905557
0.43274796
0.75275147
0.99998176
0.0003584505
0.00011211119
0.96656436
0.00026986867
0.9999652
0.00020445426
0.0013484013
0.43274796
0.00017460942
4.603322e-06
0.97258437
0.99892056
0.99994993
0.43274796
0.00029344417
0.002885413
0.000271545
0.98291206
0.43274796
0.53323513
0.003185736
0.00021334311
0.99988973
0.5307259
0.9080802
0.43274796
0.0004982758
0.46909666
0.0001386832
0.9996928
0.99992657
0.0048042936
0.9999553
0.99868613
0.43274796
0.99998295
0.9998957
0.43274796
0.89082515
2.7804788e-05
0.4813193
0.0013664452
0.97331864
0.96755946
0.0003326014
5.775334e-05
0.9767064
0.99983907
0.0015604114
0.897071
0.0006081875
0.9999937
0.9999931
0.34267908
0.0003433437
0.0003280437
0.43274796
0.00022283367
0.9939341
0.5720695
0.00026836846
0.9996062
0.99721515
0.000977702
0.9999875
0.00063806603
0.00019734753
0.43274796
0.43274796
0.9979691
7.57147e-05
0.01129271
0.00088864705
0.9997745
0.9999707
0.43274796
0.35307702
0.6365791
0.99999094
0.9988005
0.43274796
0.4432088
0.99999917
0.0026047989
0.0007671027
0.48354745
0.43274796
0.9999968
0.00040551368
0.0001385682
0.9711632
0.9999788
0.00039688477
0.43274796
0.0002488787
0.88017076
0.00059212756
0.741992
0.0003426959
0.99899095
0.43274796
0.43274796
0.57456666
0.12517862
0.0005963442
0.00064434175
0.58535993
0.17143977
0.00938326
0.9978696
0.9945357
0.9760232
0.43274796
0.00065664964
0.9196834
0.011323279
0.9752211
0.43274796
0.00018988826
0.43274796
0.00044682875
0.0004860272
2.4728919e-05
0.43274796
3.9594156e-06
0.5291817
0.43274796
0.9999542
0.43274796
0.92862105
0.43274796
1.9439953e-05
0.0016565236
0.000120991936
0.00026539498
0.99904436
0.0017387484
0.00021292674
0.44696435
0.99929106
0.9999931
0.43274796
9.813898e-05
0.0005318867
7.765226e-06
0.99982315
0.00094011676
0.99998987
0.13309644
0.43274796
0.9999546
6.115949e-05
0.98896664
0.9999821
7.3080475e-05
0.95969415
0.9180154
3.4838586e-06
0.49086684
7.7728e-05
0.99999845
0.99759114
0.9998907
0.90589887
0.9988335
0.0006187193
0.00012137558
2.9792654e-05
0.00021362952
5.856283e-05
0.9999994
0.6793146
0.00013209537
0.5631607
0.0005373207
0.9851697
0.0004945278
0.000109470886
0.0014884276
0.45574746
0.5501378
1.6830852e-05
0.04159368
5.8473208e-05
0.99999726
0.00017685084
0.99999964
0.99963903
0.98864764
9.037641e-06
0.9984267
0.00046902904
0.44271284
0.43274796
0.0006477488
0.5201592
0.00018461056
0.78128153
0.0002683467
0.9904759
0.82670313
0.0004653193
0.003927893
0.0003978991
0.99896765
0.9997156
0.99974173
0.43274796
0.000113276394
0.9187548
0.43274796
0.9999982
6.291199e-05
0.9254849
0.8784088
0.43274796
0.00026290273
0.43274796
0.94017816
0.99999523
0.0008037458
0.9999882
0.99947196
7.011747e-05
0.0055716527
0.00022544342
0.99998724
8.29975e-05
0.8219294
0.9984962
0.00039814648
0.00038130084
0.00025849245
0.00020004914
0.64404535
0.99768424
0.999153
0.9955896
0.43274796
0.6661885
0.00783169
0.9860576
0.99817765
0.98488903
0.0014635971
0.00014750981
0.43274796
5.5584784e-05
0.9999558
0.7431682
0.00034892163
0.9945938
0.00027661482
0.00047563802
0.99991
0.42187053
0.47434634
0.9999423
0.00057285855
0.9992872
0.9880251
0.9999931
0.08303429
0.0056213555
0.9999347
0.8646948
0.5478894
0.00021021874
0.8292021
0.9912845
0.9984848
0.99962735
0.99636626
0.9969844
0.99875844
0.00013304879
0.0005340735
0.9216095
2.905788e-05
0.0005692415
0.49883342
5.9594076e-05
0.00063629914
0.00063116197
0.9996407
0.47267908
0.43274796
0.5700561
0.9998387
0.0030171
0.00070699555
0.9999945
3.458844e-05
0.99946266
0.99999726
0.66348654
0.41397834
0.99984694
3.844925e-05
0.0005097638
0.99999464
0.43274796
0.00066453504
0.999671
0.0002020913
0.46953025
2.0389916e-06
0.00034915935
0.8471932
0.0005701005
0.00012314421
4.8346054e-05
0.0011217529
0.43274796
0.0001534633
0.00014887453
0.9778552
0.99995685
0.43274796
5.9789265e-05
0.9995165
3.2388674e-05
0.0003601529
0.99938846
0.6913603
0.0006684341
0.49347603
0.43274796
0.9789386
7.196793e-05
1.0
0.13369463
0.00020539293
0.43274796
0.00045409013
0.43274796
3.2194883e-05
2.9257471e-05
8.808754e-05
0.9916467
0.39143848
8.85358e-05
0.99950516
0.00022114252
0.00016645665
0.43274796
0.0012174039
0.998418
0.55291605
0.45492852
9.6790616e-05
0.0069236876
0.0005368031
0.96957994
5.1595944e-05
0.9999093
4.5911775e-06
1.3980747e-05
0.59800315
0.00013357034
0.0006401376
0.9989285
0.99980325
0.43019685
0.9999739
8.842231e-06
0.00017430817
0.9947826
0.8614073
0.93516797
0.00036199894
0.9999672
0.9928013
0.47820196
0.9999609
0.00034800507
0.9994561
0.9991386
0.9983767
9.997121e-05
0.0229503
8.980068e-05
0.42945635
0.00016794649
0.9902373
0.00017706225
0.99998736
0.43988597
0.9677995
0.99989724
4.4105414e-05
0.0020949615
0.00093667494
0.47761318
0.83761066
0.99885917
0.9999814
0.6704394
0.46543977
0.5872806
0.0007382041
0.4648174
0.99714726
0.8096779
5.715908e-05
0.99987483
0.9985147
0.99999845
0.9999918
0.0014686021
7.020034e-06
0.9999025
0.9999783
3.4190368e-06
0.68450826
0.43274796
0.99872226
0.00040727583
0.00088745984
0.99999845
0.99597114
0.16342306
0.9719449
0.9929646
0.0001356176
2.8632092e-05
0.0023030383
0.9998869
0.99994934
0.43274796
0.9995179
0.52322805
0.9999927
0.9999901
0.9863847
4.6934747e-05
0.00019517439
0.98404443
0.0031725094
0.0038936054
0.000117002426
0.97779185
0.0023835476
0.00016975193
0.00020830869
0.43274796
0.9992293
0.43274796
0.9998709
0.0012664963
0.621925
0.00086668634
0.43274796
0.69794554
0.05430518
5.4071534e-05
5.3529704e-05
0.42099196
0.43274796
0.96854913
0.00036189405
0.99860126
0.43274796
0.0016706167
0.3868385
0.19261177
0.516797
0.43167752
0.73348176
0.0042170677
0.43274796
0.00028756438
0.57300013
0.43274796
0.11337548
0.43274796
0.43274796
0.9999932
3.402456e-05
0.999343
0.9903882
0.99831957
0.9527574
0.00016935423
0.99461657
0.9999949
0.4748492
1.7151713e-05
0.9989021
0.33300796
0.99999714
0.0048111314
0.00033120695
0.50116086
0.9998617
0.43274796
0.99921143
1.6689688e-05
0.006361629
0.00015327304
0.35192707
0.99994767
0.47375125
0.43274796
0.734586
0.8719419
0.0010425444
0.9998772
0.99994123
0.9988701
0.9995085
0.99975604
0.43274796
0.002904508
0.99999297
0.43274796
0.99925643
0.4461834
0.9999572
0.55905855
0.99265665
0.9991548
0.0012829186
0.59485525
0.9955498
0.00037136048
0.9999895
9.646187e-05
6.7440946e-05
0.0006233645
8.602739e-05
0.43274796
1.164594e-05
0.6229463
0.5188916
0.99997354
0.0009655981
0.97523063
0.5288087
0.00071007124
0.00015776507
0.999514
0.99884063
0.49004874
0.9406204
0.99995947
0.99999285
0.00045563874
0.99970835
0.034556895
0.9998128
0.0020873335
6.549798e-05
0.43274796
0.9951491
0.0002476011
0.9999864
0.43274796
0.99986804
0.43274796
0.001322013
0.92092055
0.99335206
0.0035121492
0.9981071
0.9998833
0.00023875399
0.8984321
9.2764596e-05
0.000135599
0.43274796
0.43274796
0.84273535
0.046032783
0.5776031
0.507546
0.98212206
0.43274796
0.56213385
0.00016952258
0.96769756
0.43274796
0.43274796
0.00022606441
1.7004208e-05
0.99995625
0.43274796
0.12382022
0.00017974892
0.982167
0.11318865
1.5346626e-05
0.99990845
0.00012486333
0.43274796
0.99165064
0.0002474116
0.0002185992
0.9982291
0.9995141
0.43274796
0.13373995
0.5139511
0.00035137378
0.43274796
0.99997234
0.43274796
0.43274796
5.0027233e-05
0.0009227018
0.43274796
0.43274796
0.43274796
0.9576427
0.97422135
0.9978617
3.493509e-05
0.43274796
0.99920875
0.0035560858
0.00031910164
0.59313107
0.0006415546
0.99997044
0.9999912
0.9999938
0.99998784
0.0002685448
7.510125e-05
0.9280982
0.9998355
0.99559
0.9873861
0.70094246
0.43274796
0.8015631
0.0010728877
0.9991308
0.98555124
1.3852054e-05
0.004972066
6.195849e-05
0.00033837726
0.99179476
0.99945647
0.942044
0.0020332441
0.9998229
0.0002139314
0.62893635
3.944725e-05
0.99970406
0.999889
0.9784113
0.9724759
0.9712397
0.00087523623
0.43274796
0.0002216128
0.9999131
0.8122115
0.43327156
4.139441e-05
0.9999981
0.9997433
0.62365544
0.00024862564
0.9997707
0.0001019377
0.963685
0.9864509
0.99949825
0.00051945366
0.43274796
0.99262094
0.019086564
1.7575234e-05
0.0007146999
0.99997497
0.0004855403
0.2568718
0.99960047
0.9928814
0.54867685
2.4069723e-06
0.9902256
0.999992
0.0001181612
0.99993086
0.46691832
6.825923e-05
0.0022301397
0.05600512
1.424787e-06
0.99999
0.43274796
0.00041615713
0.9679842
0.9997609
0.0031491676
8.330851e-05
0.9930391
0.009226838
0.99851614
2.3482151e-05
0.0010406997
0.0010268369
9.256728e-05
0.98984283
1.5627265e-05
4.951119e-05
0.99996865
0.0029766608
2.7978667e-05
0.5690943
0.107920244
4.0817824e-05
0.0006706764
0.43274796
0.43274796
0.9998864
0.99994385
0.9999734
1.9685502e-05
0.8076778
0.00028925517
0.9998337
0.67245364
0.9997197
0.9942842
0.99993145
0.85384804
0.00020505693
5.0083607e-05
0.43274796
0.9355475
0.43274796
0.297765
0.22618572
0.35022086
0.43274796
0.9387681
0.09047679
0.43274796
0.9076593
0.849909
0.9999845
0.52678007
0.99725866
0.0018515527
0.0002109108
0.9801486
0.012286565
8.507753e-05
9.19491e-06
0.00011631962
0.8173427
0.99961036
0.9995628
0.99913377
2.2317303e-05
0.9999951
0.003903392
0.0002095949
3.081642e-05
0.6260663
1.2512327e-06
7.655974e-05
0.43274796
0.9535598
0.00090210704
0.43274796
4.856805e-05
0.002477476
0.00036658184
5.534608e-05
0.00010921669
0.9996842
2.045078e-05
0.99976486
0.00032968188
0.43274796
9.981822e-05
0.99993384
0.17679079
8.6842716e-05
0.00047910266
0.9999471
0.99415684
0.00025260544
0.00013122235
0.001174339
0.43274796
0.98135996
0.9999219
4.9067712e-05
0.99998105
0.9888376
0.99995136
5.2129883e-05
0.99995375
0.00010323099
7.571615e-05
0.038162038
0.9973611
1.1876277e-05
0.43274796
0.98763335
0.00013767972
3.3558883e-06
0.0001570072
0.0045961603
0.9986083
0.9537373
6.989916e-05
0.43274796
0.9997271
0.00020229912
0.08398973
0.99791616
0.0005140662
0.0039232317
0.99961627
0.00012573482
0.00010084912
0.9636458
0.43274796
0.99977046
5.997697e-05
8.5935484e-05
0.0016250522
1.3135448e-05
0.0002828233
0.99987125
0.43274796
2.757461e-05
0.43274796
0.9994273
0.82543063
0.9107
0.47932494
0.010248138
6.191437e-05
0.9997787
0.0010718007
0.43274796
0.0078685945
0.47964668
0.99780804
0.43274796
5.299967e-05
0.99991775
0.43274796
0.0017781503
0.21381934
0.9984969
0.87118906
0.0052547273
0.9901059
0.00012987593
0.43274796
0.3015551
0.99957734
7.831577e-05
0.50190955
0.997547
0.00013220299
0.00014912956
0.9999702
2.8461864e-05
0.99999964
4.1558706e-06
0.90287113
0.43274796
0.0005806103
0.998393
0.0017368724
0.00020116792
0.4573543
0.9995372
3.9993225e-05
0.0007160396
0.9999714
0.59783125
0.99232626
0.999998
0.6200633
0.99221545
0.5398944
0.00031148858
0.97361034
6.55116e-05
0.43274796
0.0010552579
0.0061107827
1.0
4.43805e-05
0.9850899
0.6735426
0.0001689779
0.00014416044
0.0012174364
1.3721718e-05
0.99902856
9.617778e-05
0.99963796
1.871964e-05
0.43274796
0.48265663
0.99753284
0.99970275
0.96500635
0.00086317305
0.9770175
0.002294247
0.00022286766
2.0395946e-06
0.001156192
5.335622e-05
0.9998227
0.43274796
0.43274796
0.00025822764
0.1070388
0.9973266
0.99997795
0.9994629
0.9974987
0.9994318
0.81418884
0.99494123
0.9999889
9.145901e-05
0.965016
0.57245106
7.326986e-05
0.3644513
0.99991834
0.00014408266
0.99936086
0.00031860586
0.5775752
0.9994842
0.99974686
0.53747004
0.5599199
0.99987555
5.682066e-05
3.2800806e-05
0.0027287651
9.92885e-05
0.43274796
0.00028638516
0.00011996774
0.999982
0.92179155
0.99474597
0.43274796
0.43274796
0.006360674
0.43274796
0.43274796
0.22988057
8.861562e-05
0.99801147
0.0008485512
0.999907
1.3941815e-05
0.78341085
0.9999442
0.99652416
0.6298793
0.00025565372
0.9894443
0.0016011557
0.97734946
0.00032818763
0.0019071791
9.000884e-05
0.43274796
0.99982494
4.8487622e-05
0.0005400636
0.55452377
0.9999865
0.5811739
0.00021887972
0.9991333
0.9268838
1.0
0.00012271295
2.200923e-05
0.9994247
0.23893265
1.806136e-05
0.43274796
0.45125705
0.4659394
0.43274796
9.083071e-05
0.9999856
0.48789608
5.9089805e-05
0.5637958
0.43274796
0.00021974166
0.0006314074
0.9993327
0.78091323
0.0001811006
5.9890095e-05
0.00021757366
0.6377692
0.4583567
0.99358094
0.43274796
0.64446324
3.8257213e-06
0.0010468619
0.9999485
0.9999876
0.99996114
0.595539
0.105435535
0.9999558
0.000140062
0.0074489824
0.0011771724
0.990321