0.4921117
0.9992015
0.413186
0.51630825
0.4270979
0.0028671694
0.001923582
0.99833053
0.42449015
0.8759196
0.018421218
0.0011961306
0.007002936
0.41462
0.9989556
0.0025815107
0.0053229495
0.5726664
0.0072390083
0.45537773
0.81198037
0.0055668466
0.43131095
0.0033535424
0.0008835858
0.011980206
0.42015454
0.9759705
0.416675
0.9925377
0.0039404607
0.43860266
0.62185186
0.41953743
0.42071295
0.41310206
0.4868659
0.993148
0.9997825
0.997644
0.004046438
0.44809255
0.0021325762
0.41218534
0.007907149
0.0004842461
0.5269719
0.9271893
0.00227303
0.9997198
0.980489
0.0013371782
0.9944647
0.9987387
0.44298592
0.0037543736
0.4962095
0.016310861
0.009292995
0.006030135
0.5405896
0.99693584
0.5057643
0.42104435
0.9143516
0.715555
0.52089727
0.0006060304
0.9462419
0.5185197
0.9974369
0.0031628925
0.9779093
0.14975499
0.0027685026
0.0014074441
0.007440093
0.51448745
0.41882822
0.41275704
0.0024135811
0.0016105659
0.41249627
0.99271226
0.9977063
0.0008995857
0.5306419
0.9981001
0.9983706
0.99432784
0.0016446209
0.0015165776
0.99820197
0.9977876
0.013555356
0.015303416
0.998565
0.9247705
0.9984426
0.99973553
0.4229826
0.41297334
0.003053089
0.003653995
0.4095013
0.001790489
0.0010975328
0.9790247
0.9961522
0.9858124
0.0033921844
0.41304582
0.9942385
0.0013128007
0.4293237
0.0023602084
0.0013102919
0.015744979
0.9994531
0.892493
0.73617107
0.9990357
0.009025212
0.9998754
0.002729226
0.9998752
0.0028478138
0.0014040732
0.005338501
0.9711676
0.9941455
0.97404385
0.00076248246
0.99874496
0.00070103206
0.0017695777
0.5835646
0.9997286
0.4308646
0.0004704684
0.9999685
0.0038008092
0.9821389
0.007846844
0.96728045
0.0027411336
0.00347711
0.39862028
0.031800266
0.00071828504
0.9993831
0.9260371
0.404852
0.0012200972
0.032346506
0.41026098
0.9996985
0.004523295
0.0036019133
0.9921576
0.99945194
0.99962366
0.56721485
0.96761113
0.9951918
0.0016366731
0.53731024
0.50441134
0.00361663
0.012289008
0.0013571054
0.42684647
0.014470513
0.31177327
0.019535165
0.007623252
0.013878591
0.9994735
0.002696093
0.0013133474
0.41938713
0.0051680324
0.0010131998
0.999509
0.9626556
0.99091107
0.41277197
0.4279729
0.0017779769
0.9905461
0.0017193862
0.9994423
0.9974667
0.9949332
0.009097448
0.00083743857
0.4169901
0.9791844
0.0035166661
0.00408112
0.008043096
0.9673904
0.9995517
0.9990233
0.9901882
0.9996517
0.006803586
0.9984199
0.0049405866
0.0032724834
0.41429293
0.41865873
0.9984794
0.0165686
0.41728804
0.42977184
0.0020451206
0.21676534
0.0023402094
0.002836109
0.056923002
0.9998497
0.010019647
0.0023245323
0.002922887
0.9989503
0.9780804
0.050271124
0.415758
0.0040935557
0.9947261
0.4234408
0.28794533
0.42079264
0.49441415
0.42252058
0.99989057
0.9999759
0.003794953
0.00085131003
0.00091837207
0.0011348948
0.9988703
0.98048466
0.9059143
0.005067126
0.43052804
0.2007161
0.41809702
0.41604653
0.9998222
0.0017210746
0.86483204
0.001323253
0.002307022
0.003970414
0.9927492
0.98198766
0.98765135
0.9955468
0.9988726
0.0016122666
0.99828786
0.99072707
0.59019965
0.023737295
0.0011930146
0.0065639815
0.44123486
0.9924574
0.42243263
0.53682387
0.0018466049
0.00633745
0.96516263
0.41561547
0.35389173
0.0026162895
0.9989436
0.9798426
0.9992906
0.9994879
0.0069906586
0.0031518063
0.9992298
0.9995074
0.40933573
0.9985896
0.0023425182
0.42379215
0.8560644
0.9988373
0.49928322
0.0021855223
0.993182
0.0135555165
0.5210819
0.99375486
0.0013160557
0.9955252
0.41194847
0.0030829653
0.53320485
0.9874451
0.99868566
0.008126354
0.49803153
0.016417973
0.99907744
0.0030113354
0.008324528
0.54324865
0.9995801
0.99475044
0.99869674
0.0015278923
0.004612463
0.0011592497
0.99551153
0.007501594
0.0006513405
0.0053580203
0.003905411
0.0006230263
0.9992549
0.5193588
0.007783397
0.002163592
0.4240759
0.9952549
0.87535083
0.0023892203
0.9976464
0.99923515
0.7017288
0.42090356
0.9991849
0.99849296
0.0037463692
0.0015488304
0.00088603026
0.005369109
0.99541074
0.41266719
0.9987116
0.7327607
0.875455
0.98990566
0.99883085
0.9934642
0.9840845
0.0018051398
0.998733
0.4087697
0.9862271
0.0015500269
0.0071201846
0.5167107
0.99992394
0.5689753
0.0012913985
0.9842651
0.006431676
0.009909411
0.0011309092
0.40651524
0.89582086
0.0026722956
0.00925801
0.42042518
0.42789724
0.004121263
0.9999441
0.002445638
0.008073837
0.0008420187
0.99716187
0.82156867
0.009877071
0.0031170244
0.9976044
0.9896068
0.9310374
0.00033127452
0.012314449
0.93779004
0.99944395
0.3961565
0.026704462
0.9988066
0.537998
0.0007822485
0.0044386215
0.017483467
0.4195541
0.99269694
0.936244
0.00097431574
0.00095871097
0.0049107037
0.0050221267
0.9024792
0.99389714
0.4117146
0.41083962
0.41965058
0.99824995
0.99402124
0.9966438
0.40753785
0.9916973
0.42101467
0.99528766
0.9996728
0.004586232
0.0027501853
0.9786991
0.0044942433
0.9999094
0.004179248
0.007532643
0.41333634
0.0059517263
0.0044165244
0.9992823
0.9998865
0.9969729
0.42136642
0.008470637
0.008749544
0.0006515538
0.9966234
0.41660002
0.118496686
0.0055317483
0.0011483403
0.9988926
0.4437506
0.9226344
0.4114191
0.0043467777
0.0028714833
0.0028914665
0.9898005
0.99948764
0.0072239283
0.99949336
0.99832684
0.4285924
0.9993499
0.9782196
0.4176741
0.9307181
0.0031907174
0.5604013
0.01291888
0.9987643
0.8007333
0.0014702057
0.005557578
0.9998078
0.99799144
0.0020129853
0.9515171
0.005349258
0.9996618
0.9986784
0.4642137
0.004357034
0.00097488123
0.42247763
0.0013175763
0.9894722
0.5521134
0.00803
0.9972766
0.9906178
0.0028579144
0.9993925
0.00603227
0.0015252744
0.41690758
0.40535283
0.9946464
0.0034752698
0.0049367016
0.0013482902
0.99770784
0.9986035
0.40374207
0.45235273
0.88515884
0.99958974
0.98735166
0.4190499
0.4234113
0.99897134
0.0018733703
0.0012645014
0.4791007
0.40996975
0.9980914
0.007996513
0.0032255705
0.992187
0.99951494
0.0021462117
0.4011956
0.004929373
0.48910812
0.0007760977
0.8012159
0.0016013028
0.9996277
0.4199413
0.41351384
0.5237232
0.04245927
0.005270998
0.0026506558
0.58670956
0.54282534
0.003920203
0.9967282
0.99970514
0.92614067
0.4111554
0.004778185
0.9139742
0.001741815
0.9966235
0.424638
0.00806177
0.43268412
0.006278325
0.0054309983
0.00097142754
0.41512382
0.008800579
0.50787944
0.42380846
0.99896514
0.4310263
0.9799396
0.4186445
0.0020383904
0.0041901115
0.0031046132
0.012849459
0.99948764
0.0038591377
0.0027597921
0.40998238
0.99892825
0.99864703
0.4325323
0.0031993783
0.012064943
0.0012679688
0.99584717
0.0033855864
0.9982804
0.40052342
0.4153082
0.99858534
0.0022697796
0.9454519
0.99692804
0.00820861
0.9399482
0.97751015
0.001678761
0.4786777
0.002465478
0.9989705
0.993859
0.99957865
0.97068655
0.9805
0.022433989
0.0029124438
0.0012055614
0.0010703085
0.007000138
0.9993467
0.69337046
0.0041541304
0.2761469
0.0017574063
0.99994266
0.0054777334
0.006220638
0.0014999976
0.457127
0.49832526
0.0018192971
0.0018854836
0.011225989
0.9964694
0.0031423387
0.99984777
0.9998683
0.9815825
0.0037952634
0.9594226
0.0037052387
0.4088456
0.42015657
0.009143423
0.54022205
0.0016851528
0.84647894
0.009769681
0.9984371
0.42161062
0.0099484585
0.0055303453
0.009096945
0.9978479
0.9990181
0.98538256
0.38990834
0.0007201507
0.85768694
0.42903572
0.99953973
0.001713019
0.9567854
0.7727053
0.41997695
0.0014584651
0.41187152
0.97155267
0.9990075
0.09117416
0.99989295
0.9923953
0.003959159
0.0024824739
0.0014724174
0.9990181
0.008401601
0.96904814
0.9981238
0.0020458193
0.0065996996
0.012392284
0.0036362063
0.59418875
0.9606416
0.98776954
0.99230266
0.42045826
0.90897554
0.0031216375
0.9887997
0.9982158
0.99972636
0.0019325883
0.0025715136
0.4110208
0.0039458266
0.9985783
0.7680085
0.00038784367
0.9967963
0.010091192
0.0056219418
0.98429585
0.39751405
0.47672653
0.9990515
0.00094896124
0.9758647
0.9860379
0.9992009
0.30503717
0.004827199
0.9985618
0.95805687
0.69463533
0.0024572322
0.88034624
0.99972624
0.9668802
0.9993962
0.96955734
0.9983475
0.99356455
0.0014682324
0.039345868
0.9304681
0.0031314238
0.0033226772
0.032424416
0.002986004
0.0022435968
0.0022615185
0.99540675
0.8347054
0.42656434
0.49079368
0.99770564
0.03671859
0.011314809
0.9981609
0.0011793976
0.9969111
0.9998746
0.5045225
0.40240014
0.9907575
0.006055005
0.005156193
0.99928015
0.4141868
0.0007918106
0.9878622
0.0028657166
0.3457935
0.001549956
0.0011908993
0.9107621
0.0023556075
0.003414899
0.0017270853
0.0032882267
0.41952765
0.0012003913
0.017509574
0.9969561
0.99770963
0.4104529
0.002573207
0.9847521
0.0014127224
0.003921348
0.99897003
0.57354957
0.028825218
0.46910706
0.42487225
0.99630415
0.0011994856
0.99998164
0.080477044
0.0024530035
0.41301757
0.004418183
0.42511082
0.003765614
0.0027855677
0.0039667212
0.978392
0.4068118
0.0020227365
0.9963779
0.054802384
0.004720033
0.4023653
0.001566143
0.99163276
0.51513416
0.8734399
0.0060611204
0.00519661
0.0023288357
0.96265596
0.009702092
0.99798524
0.0013666059
0.0015608066
0.8460414
0.001986264
0.0026697435
0.9963115
0.9997055
0.39702868
0.997841
0.001054119
0.0020540592
0.9830389
0.51405096
0.9901196
0.0053511383
0.9983772
0.99213624
0.470119
0.9982893
0.022907717
0.99994516
0.99815446
0.9947438
0.0019837408
0.057209775
0.0014438054
0.41276863
0.00806734
0.9996884
0.0023160053
0.999699
0.40415353
0.91656286
0.99750936
0.0032639368
0.0016834529
0.002154318
0.39802432
0.98294085
0.98850375
0.9991468
0.5617752
0.51405257
0.7695811
0.0026172353
0.40819365
0.9912668
0.8996516
0.008793644
0.9952173
0.99651873
0.9997453
0.9977234
0.006091078
0.018582467
0.97689456
0.9996195
0.001314347
0.44402
0.41914308
0.994463
0.003866277
0.006574354
0.99829704
0.9916677
0.37870574
0.98619115
0.99236965
0.0047489037
0.0027363668
0.07899352
0.9996087
0.99908626
0.4087201
0.9999577
0.48864138
0.9973749
0.99867153
0.98954576
0.0007769194
0.009489548
0.9974598
0.0015590428
0.013243593
0.0011401132
0.875677
0.003536088
0.0058089723
0.0029989944
0.42770845
0.9992976
0.41515818
0.9686377
0.007561681
0.53969115
0.0038838712
0.39558807
3.7217983e-06
0.00062510534
0.0039010155
0.0056369323
0.3626556
0.42732358
0.95994437
0.009110197
0.9992105
0.4168001
0.0128569435
0.048062243
0.33381647
0.4967705
0.4332346
0.8030141
0.00020002549
0.41144583
0.005860247
0.52645826
0.41521522
0.05316551
0.42880288
0.4310653
0.9996879
0.0060777413
0.99064624
0.99440765
0.95914453
0.907848
0.0015186758
0.9973139
0.99933976
0.7883256
0.002543441
0.98930466
0.3678573
0.9985441
0.42975682
0.0012475853
0.5028902
0.9980868
0.42442107
0.998094
0.0019550398
0.0016511289
0.0036340957
0.07473083
0.99981683
0.4982716
0.41306266
0.56199956
0.9982072
0.0012566061
0.99982905
0.99630886
0.9921886
0.99524564
0.9831861
0.43818548
0.008295811
0.9967463
0.4256703
0.9871389
0.41147447
0.99985504
0.49171034
0.87697566
0.9999044
0.009325295
0.51934683
0.9876007
0.0043462804
0.9985789
0.0032485996
0.009249201
0.0029296067
0.0016922115
0.4115041
0.0020590492
0.5215809
0.42832297
0.99580425
0.0032209316
0.9822869
0.6362336
0.0048982976
0.006520257
0.99166906
0.985919
0.39876935
0.9837674
0.9995378
0.99660504
0.009674126
0.99836224
0.0003542448
0.99917334
0.002309203
0.0019498012
0.4153124
0.97928226
0.006618925
0.9998764
0.40847266
0.9945403
0.4353685
0.0029001515
0.9716404
0.9994867
0.0021770534
0.9999721
0.9971806
0.0058428156
0.9257579
0.0014571776
0.0015878977
0.41485512
0.40839863
0.89600205
0.27693868
0.5053774
0.4830314
0.85454
0.4216954
0.58371437
0.0015890865
0.9497865
0.41726252
0.4326227
0.0016889755
0.002137306
0.99909544
0.42324695
0.476504
0.0012785181
0.99902236
0.509526
0.00078247447
0.99625957
0.002281976
0.42978784
0.9290135
0.010159478
0.0015718029
0.99629337
0.99865675
0.4209944
0.14424013
0.62418056
0.00380598
0.42050964
0.99874395
0.4218146
0.4134602
0.0062380363
0.0014761883
0.41242403
0.42878583
0.39847845
0.9954092
0.99929786
0.9893162
0.00535966
0.43082973
0.99418986
0.0027836887
0.0014260012
0.76201963
0.006327851
0.9966684
0.9990056
0.9986877
0.9995684
0.0015847152
0.008646532
0.9290525
0.9976884
0.9979777
0.9379901
0.5093805
0.41434416
0.9706579
0.0018614518
0.9972752
0.9996437
0.009858505
0.0041549336
0.001016708
0.005869249
0.99435955
0.9825302
0.9408435
0.0060388264
0.99988985
0.0036546963
0.53798276
0.0023621528
0.9958824
0.9881976
0.97785175
0.9992606
0.9945696
0.0009150338
0.41047797
0.0024966353
0.9972187
0.9847987
0.47698036
0.0058301245
0.99828964
0.9999248
0.5528028
0.0008605997
0.9936221
0.0008871428
0.9910849
0.96134645
0.9935876
0.005645888
0.42643788
0.9981559
0.0017901183
0.0013939834
0.0029313008
0.99804616
0.0037109142
0.7477763
0.98885477
0.9138009
0.024602175
0.0034567544
0.9976548
0.99834514
0.0016948484
0.99920124
0.464265
0.0024951217
0.006400427
0.012524652
0.0005566027
0.9990452
0.41594446
0.0019850745
0.98894787
0.9833191
0.0040885494
0.005722067
0.9882266
0.007248682
0.9947549
0.0017119126
0.0024378805
0.009736767
0.009407998
0.9054948
0.0029189957
0.002773796
0.9763557
0.0046041887
0.0020305812
0.4853266
0.1284439
0.00085859984
0.0013116779
0.43201485
0.4304681
0.98942995
0.9972805
0.99965477
0.0015293384
0.96888274
0.009721899
0.99746966
0.10805243
0.996075
0.996157
0.9977436
0.95125574
0.0009733063
0.0024695576
0.41736796
0.9663313
0.43190315
0.67358065
0.2973681
0.42655623
0.42361718
0.8051471
0.59934247
0.4310165
0.9061893
0.65610325
0.9996165
0.50978446
0.99944264
0.00028218146
0.0019106488
0.9717263
0.007829009
0.0033833135
0.0148992725
0.0067440695
0.9464126
0.9907935
0.9996284
0.988062
0.0049425587
0.99994934
0.006903776
0.010984855
0.0068410914
0.92886454
0.001074186
0.0070460443
0.41955233
0.9903853
0.0004401145
0.4181595
0.0024056837
0.0017649897
0.012255179
0.0039909794
0.002443974
0.99741095
0.004341314
0.99612314
0.005500563
0.41978878
0.00083279575
0.9935302
0.33216876
0.004214285
0.0034482335
0.9984328
0.98206306
0.0067322357
0.0031094104
0.00207605
0.41511592
0.9019875
0.9999329
0.009383441
0.9995591
0.8954289
0.998946
0.0019288615
0.9992011
0.0034157545
0.005428863
0.54077667
0.9991048
0.0013278119
0.4222821
0.9476016
0.0047039213
0.002443889
0.0044326037
0.006086735
0.9949949
0.99490696
0.001908068
0.41340494
0.9963421
0.0008334495
0.47002387
0.99687564
0.008933251
0.0007714421
0.9996172
0.005070372
0.002631336
0.9984792
0.42651677
0.9985104
0.005950485
0.003025494
0.0023922613
0.0030975642
0.0014844912
0.9971359
0.4010492
0.0026862998
0.41681808
0.999726
0.92483145
0.98225844
0.49448478
0.008393024
0.0023065556
0.98386824
0.00383086
0.42984354
0.0036069895
0.41505745
0.9968574
0.43030632
0.010865163
0.9989856
0.41691744
0.003703748
0.3895851
0.9542873
0.9931585
0.00066719204
0.9906781
0.001953972
0.4100027
0.7521792
0.9980578
0.0016224541
0.55250347
0.99506253
0.0015998794
0.00269078
0.9989029
0.0034569453
0.99991417
0.0012438524
0.806914
0.40641493
0.0020156768
0.99078256
0.0008672051
0.0015467627
0.41162047
0.9976211
0.0023816016
0.009419497
0.9905743
0.50798935
0.99385864
0.994477
0.50022537
0.99355435
0.5356353
0.0023561676
0.99868816
0.0060579297
0.42071933
0.002064132
0.00567554
0.9993049
0.0019348714
0.9982407
0.49241722
0.007065869
0.0067266775
0.0011854876
0.0038013926
0.9927948
0.029161554
0.9982324
0.0033365772
0.42796618
0.5061398
0.98992246
0.9955289
0.9441587
0.002250138
0.95511526
0.00016290594
0.027203565
0.0004290162
0.048099402
0.0026902643
0.9994808
0.41184747
0.4263199
0.0008609322
0.24689482
0.9901777
0.9966684
0.9936009
0.9932152
0.99617
0.6004338
0.97870123
0.9979919
0.0026318429
0.9634987
0.5329557
0.0009835617
0.5613256
0.99879885
0.0063816626
0.9946824
0.0019971575
0.5096521
0.9991873
0.9999182
0.5427448
0.53128225
0.99975985
0.00058384746
0.005503957
0.0031722847
0.0031229241
0.40822184
0.0016590591
0.00169049
0.9995364
0.9696294
0.93552536
0.42815897
0.42209178
0.0026490628
0.4283781
0.41582495
0.3972226
0.0020156319
0.9720343
0.0068586115
0.99278295
0.0007340715
0.20341325
0.9985838
0.99225324
0.52687997
0.00087477936
0.99556905
0.0019126566
0.9673902
0.0033175112
0.0017540817
0.003993926
0.409503
0.99836415
0.0014160548
0.00093335734
0.51087695
0.9986449
0.6448505
0.0021164706
0.99072087
0.81998074
0.9996829
0.0069044954
0.0026778076
0.99963224
0.014299311
0.008124312
0.41873646
0.45223412
0.4888864
0.4098026
0.0118491165
0.9984767
0.45332292
0.0024364034
0.49375504
0.42470077
0.0016184257
0.0040040263
0.9966102
0.9987766
0.0029347076
0.004451603
0.018743837
0.8825558
0.088591136
0.9919132
0.40986136
0.54392743
0.0037032308
0.0008007193
0.99593145
0.9959496
0.9985072
0.57516336
0.045867495
0.997775
0.0031536496
0.0010361682
0.001444566
0.99611306