0.53879356
0.9997495
0.3103578
0.53951746
0.3835714
0.00017233098
0.00057669915
0.99915123
0.3923524
0.97577924
0.0043730964
0.00045815718
0.0007761614
0.41102138
0.9986816
0.0010646933
0.0023559504
0.9699994
0.0007644344
0.5126528
0.9508888
0.000360345
0.36654994
0.00032133423
0.00022515708
0.0007443169
0.48997882
0.97859573
0.39441285
0.991476
0.00025619933
0.4068366
0.9492057
0.41585365
0.36240295
0.368443
0.51836014
0.99437237
0.9771846
0.9996954
0.0010727339
0.45321214
0.00011600328
0.33270478
0.0004924905
0.00025222858
0.5890512
0.8888603
0.00043708476
0.9997454
0.9728147
0.0007876273
0.99899095
0.99888176
0.50868815
0.00067539315
0.79283035
0.002415735
0.00059837813
0.001237701
0.61101246
0.99869764
0.5603538
0.35047174
0.93382096
0.9244391
0.5592219
0.0013829133
0.9172824
0.6083422
0.9996126
0.000750266
0.9361295
0.34059173
0.00056505133
0.00022525906
0.00029125006
0.6515243
0.36558363
0.387579
0.0011006073
0.00035051844
0.3793968
0.9952459
0.99983037
0.0010165616
0.54560715
0.9987845
0.99972063
0.9969098
0.00030730563
0.00042709653
0.9992692
0.9687492
0.0013809451
0.00063053455
0.9997626
0.9829034
0.99730504
0.99990857
0.37015644
0.35873199
0.00024103299
0.00037021167
0.35332134
0.00024308587
0.0002387852
0.997459
0.9996904
0.9980075
0.0005295052
0.34985754
0.9923212
0.00048072072
0.40700895
0.00041112438
0.0011785189
0.031735823
0.999257
0.9429349
0.9997509
0.9980895
0.001648965
0.9996499
0.0006324023
0.9998204
0.00011823977
0.0013210796
0.00080398214
0.9939418
0.99946254
0.99679035
0.0019114773
0.996743
0.00013623989
0.00078904413
0.56178755
0.9999752
0.40375718
0.00040799804
0.99784505
0.0006821407
0.95284086
0.0005940107
0.9645677
0.0007499043
0.00014584839
0.37985387
8.259429e-05
0.00023362985
0.9921882
0.97773224
0.35766616
0.0008646729
0.0017664899
0.36576906
0.99985015
0.0002589898
0.0006502725
0.8820747
0.99911195
0.99149597
0.6509887
0.99600816
0.9962406
0.00069503207
0.57958066
0.5556563
0.002062397
0.0012288387
0.0007519137
0.38512707
0.00036886468
0.6877076
0.0008808244
7.9287e-05
0.00025795624
0.99944085
0.00040473105
0.00073706184
0.73181707
0.0002599417
0.00013170397
0.99916077
0.9946806
0.98703873
0.36333486
0.3849668
0.00088878337
0.9586044
0.00031619988
0.99870884
0.99934274
0.99991775
0.0006756039
0.0011501658
0.40546554
0.99880993
0.00079991436
0.00021531802
0.00056703
0.9876788
0.99986863
0.95223224
0.9854783
0.9999372
0.0002540636
0.9986563
0.0006605617
0.0016566298
0.3855635
0.39031026
0.9670524
0.0002934299
0.4104095
0.40873694
0.00058928266
0.16982679
0.0005630053
0.0006539196
0.0023470037
0.9997553
0.00023578688
0.00010415134
0.00090287195
0.99937016
0.9983822
0.0031891735
0.37505338
0.00026044704
0.99936825
0.38459578
0.8687406
0.36589926
0.58704233
0.43193105
0.9999223
0.99957246
0.00016822634
0.00039605232
0.0023146602
6.063839e-05
0.9999467
0.9950494
0.98928076
0.00033343738
0.37891892
0.0033178488
0.39094344
0.56506777
0.9980635
0.0005169353
0.8242695
0.011571084
0.00041677232
0.00014662718
0.99672145
0.8946237
0.9935515
0.9984359
0.9961604
0.000952925
0.999723
0.99927574
0.8798943
0.001245234
0.0005926834
0.0012249238
0.61417544
0.99858946
0.3982792
0.920912
0.0010831568
0.00017737369
0.8067365
0.4631458
0.5153959
0.00047688326
0.9936015
0.99140805
0.998072
0.9998572
0.0009895213
0.00048055206
0.99994195
0.998137
0.3850485
0.99872464
0.00018431369
0.3319479
0.8708896
0.99989665
0.52386785
0.0004539406
0.9996099
0.0010698293
0.8381738
0.9989188
0.00034715247
0.91732484
0.3857017
0.0007228998
0.5450904
0.9885389
0.99959856
0.0023287658
0.5192126
0.0011634274
0.9945417
0.0004211511
0.0012301175
0.57890713
0.99509025
0.9995671
0.9878257
0.00054222945
0.0021075385
0.00058986933
0.9788521
0.0012032172
0.00029567143
0.0034981605
0.0001857675
0.00016062376
0.9990414
0.7780234
0.000222661
0.00013071294
0.38476717
0.92952037
0.8951173
0.00037074782
0.9984676
0.9995154
0.694419
0.3729619
0.99977547
0.9995753
0.00071452087
0.00051872677
0.0004594292
0.0003887148
0.9996145
0.40509427
0.99947816
0.8378339
0.9820739
0.93139344
0.99934596
0.99943477
0.9995023
0.00022846724
0.9999379
0.4001292
0.99913543
0.00044275227
0.0008473481
0.5790344
0.9998574
0.5853567
0.0008492408
0.9926777
9.443641e-05
0.0008794311
0.00052021496
0.36198285
0.9449869
0.00029328893
0.0002551543
0.4045366
0.32794303
0.00030696156
0.9984296
0.00012535114
0.00030730886
0.0027774402
0.99872905
0.9855446
0.0006070336
0.0043780385
0.997447
0.96712875
0.9614509
4.6618392e-05
0.0023091335
0.98583734
0.99217856
0.4202073
0.00092394225
0.9991528
0.5638342
0.0012746474
0.0004321033
0.014619956
0.37863055
0.9982413
0.9820464
0.00063423696
0.00031387518
5.3537104e-05
0.00014837612
0.9518124
0.9997179
0.40702492
0.532561
0.43163204
0.99884975
0.8948951
0.99633044
0.39478475
0.9938996
0.3256793
0.70786476
0.9999083
0.00024729653
0.00034032908
0.9971042
0.00024806496
0.9994554
0.001272284
0.0008119681
0.3438286
0.00075128773
0.00023189127
0.8294052
0.9907018
0.99888104
0.41020614
0.00083333947
0.0010605297
0.00040061833
0.9995426
0.29444256
0.47154635
0.0010589346
0.0003831853
0.9995454
0.456314
0.97617435
0.37762213
0.00016606411
0.001276753
0.0002946682
0.9987696
0.9996171
0.00024288756
0.99502397
0.9933647
0.368059
0.9997795
0.9988815
0.36628398
0.9905408
0.00010040312
0.597234
0.0021690466
0.9926271
0.96082276
0.00025297445
0.00030719375
0.9447124
0.9996321
0.00018251082
0.9809209
0.00066473195
0.99965584
0.9984981
0.6755954
0.00039799564
0.00026106558
0.3822165
0.00065283116
0.9975721
0.6618561
0.000984353
0.9871802
0.9946641
0.0010192906
0.9989982
0.00070233934
0.000667338
0.3740467
0.3702417
0.9991468
0.00048591857
0.04084537
0.00034144084
0.99941015
0.9996691
0.38521194
0.47132096
0.6072584
0.99907
0.99513525
0.36740434
0.39079168
0.99992204
0.0013786369
0.0017000394
0.50118136
0.40216675
0.99943775
0.00014280257
0.00033370734
0.9954667
0.99987125
0.00043515555
0.3518175
0.00035295743
0.26653114
0.001940132
0.9525525
0.00023399523
0.9994265
0.37204152
0.39303666
0.5822438
0.0059777936
0.0002157292
0.00083771313
0.7462419
0.8591153
0.00014733059
0.99947494
0.9960318
0.99191475
0.36250487
0.00025057563
0.96687406
0.0010610896
0.9570492
0.38757163
0.00060190907
0.43577075
0.00087485305
0.00026124288
4.8732378e-05
0.37311578
0.0001584255
0.54730165
0.3832615
0.99900633
0.4059865
0.939004
0.37843725
0.00027680057
0.00022912322
0.0008935605
0.0017748456
0.9968622
0.0010680448
0.000788503
0.37086758
0.99179006
0.9985139
0.4082112
0.0007628106
0.009820564
0.00017397341
0.99921894
0.00028984784
0.999729
0.4169916
0.38288516
0.9987307
0.00025107976
0.9980142
0.9986878
0.0009672477
0.99924767
0.9844445
6.140353e-05
0.5517167
0.00054085226
0.99965644
0.99588436
0.9999832
0.83584076
0.997024
0.0026550435
0.00034284504
0.00013186343
0.00030143315
0.0008673051
0.9956398
0.9406166
0.00038440348
0.9448575
0.0019699044
0.98912865
0.0016434658
0.0010230995
0.030563904
0.42265642
0.5213374
9.801188e-05
0.0057640113
0.00070918567
0.98901635
0.0012902403
0.9995561
0.99154073
0.9654159
0.0005863329
0.9654598
0.0003578033
0.37541857
0.35192305
0.0016969215
0.8091132
0.0007306649
0.9520555
0.0008727092
0.9945263
0.6102831
0.0011868632
0.0014762437
0.0006768581
0.9971221
0.99976104
0.99826473
0.39208815
0.0008696893
0.9574505
0.44873846
0.999858
0.0005440948
0.98787886
0.7085917
0.40690565
0.001045241
0.35667628
0.99033874
0.99987817
0.0058981073
0.9990995
0.9961423
0.0006746915
0.00094547356
0.00033015272
0.9983954
0.0006081359
0.71967006
0.9974367
0.0007547188
0.00023817467
0.0010023086
0.00358876
0.58379465
0.9906115
0.9996244
0.99660254
0.41414073
0.70879644
0.0076918867
0.9846224
0.9997048
0.99956566
0.00038342463
0.0002945137
0.39467248
0.0003117625
0.9991602
0.92927486
0.00026991707
0.982362
0.00027885925
0.00030854685
0.9985624
0.37756243
0.5132797
0.99954385
0.0011017023
0.9956612
0.7765533
0.9998641
0.6363118
0.0008951093
0.9997242
0.93940896
0.86054295
0.00060406077
0.7016511
0.99527174
0.99750406
0.9968694
0.9946548
0.99389887
0.9971481
0.00054064067
0.0028189404
0.972492
0.00031367983
0.018566892
0.0066393386
0.00039549565
0.0005211542
0.0009388296
0.99743783
0.9378747
0.33349743
0.52575636
0.99904746
0.0026520488
0.0004893361
0.99978477
0.0003916445
0.99393266
0.99979466
0.5660676
0.44145447
0.99931693
0.0006883997
0.011852813
0.9994886
0.40173656
0.00046238446
0.9997944
0.00040182777
0.6900711
0.00012553847
0.00038207386
0.9054949
0.00028226702
0.0007691152
0.0005651639
0.0013305462
0.40093988
0.0006851419
0.0012506477
0.9709938
0.9997874
0.35753277
0.0002895341
0.9991049
0.001405581
0.0003558234
0.9998047
0.57012105
0.0006772327
0.532088
0.37462515
0.9842152
0.00020747082
0.99998355
0.14084822
0.00037743026
0.3466235
0.009040126
0.41107583
0.00046490808
0.00021580452
0.0003054191
0.9972765
0.45499083
0.0006395613
0.98921293
0.0051146196
0.00047777122
0.38170886
0.0006057913
0.99782795
0.5739623
0.99743193
0.000821908
0.024295148
0.0020890962
0.9843538
0.0003097937
0.9987734
0.00014186623
0.0016801849
0.62258524
0.00045301896
0.00028008863
0.9994752
0.9930703
0.402226
0.9998832
0.00025509275
0.0017892434
0.9698665
0.49323642
0.9513306
0.0003349389
0.99798656
0.9991283
0.5409934
0.99974984
0.00081404974
0.9994547
0.99227315
0.99790996
0.0027004967
0.00047307805
0.00030802868
0.41229734
0.00094038324
0.9952167
0.0003254253
0.99959975
0.3757367
0.982598
0.9992095
0.0003381886
0.000595721
0.00033300376
0.9693832
0.8655153
0.9894084
0.99893874
0.60074335
0.5125497
0.92046237
0.00021503141
0.3433753
0.91563976
0.93612784
0.0006470639
0.9997075
0.99858814
0.9997516
0.9996728
0.0005734245
0.0004998134
0.9980363
0.9990067
7.5961165e-05
0.7370641
0.34408206
0.99905616
0.00019438472
0.0005200184
0.99977463
0.9638583
0.40733045
0.9776757
0.98730356
0.00025024472
0.00036925278
0.023939462
0.99966884
0.9995913
0.36074704
0.99955696
0.5237532
0.9998988
0.999741
0.93349874
0.00048553915
0.0026484556
0.993266
0.00089275505
0.0007442615
0.00035053832
0.985436
0.00023152037
0.00054511137
0.00022755201
0.41424438
0.99181
0.31464353
0.9959991
0.0017531018
0.54102147
0.00064200687
0.38184863
1.4436812e-05
0.0016465873
0.00029782354
0.00055754173
0.84953487
0.40428594
0.9777004
0.00041220788
0.9993212
0.34838468
0.0013484579
0.0030776337
0.8066999
0.58010834
0.35283998
0.9542224
0.0018010015
0.34656745
0.000355072
0.61621714
0.34940532
0.52186793
0.39898825
0.4113492
0.9998202
0.00073964766
0.9987251
0.99950373
0.99171865
0.9413128
0.0007463105
0.99578637
0.99947876
0.9510229
0.00017263343
0.9943346
0.80528784
0.9996953
0.44384593
0.0010979761
0.5205892
0.99929404
0.39042136
0.99704486
0.0006501089
0.00095274847
0.004163547
0.2874733
0.9996253
0.53875595
0.40479544
0.6496369
0.9591551
0.0005197857
0.9887468
0.9988606
0.9866028
0.9945209
0.97332656
0.39594725
0.00256907
0.99949837
0.39979607
0.99597895
0.39013356
0.9998332
0.55483574
0.9951414
0.98854876
0.005087113
0.5436144
0.99512815
0.00034485024
0.99953735
0.00030314358
0.0009956965
0.00031064486
0.00058538595
0.3815821
0.0003469581
0.5842115
0.5102109
0.9990152
0.0011684268
0.9972473
0.9087517
0.0022151659
0.00076336873
0.9995171
0.99342763
0.29031053
0.9973579
0.997684
0.9996377
0.00055840035
0.9976972
0.0037230386
0.9872844
0.0028496722
0.00052627287
0.3607547
0.9871488
0.00030877933
0.9990429
0.34791338
0.9987458
0.40642917
0.00053397904
0.9963403
0.99212533
0.0032161435
0.99970204
0.9996394
0.000587883
0.9566845
0.0030426176
0.0005191708
0.36043698
0.39290234
0.9912826
0.37267894
0.5530695
0.5131584
0.98707485
0.3963948
0.5778659
0.00026245517
0.9921469
0.3356398
0.3939765
0.00055114354
0.00048567198
0.99907315
0.40692928
0.5162106
0.0005380905
0.9991679
0.9370736
0.00034570423
0.99986947
0.0004292989
0.39617163
0.99526155
0.025353972
0.00029846595
0.9997112
0.99933726
0.3635656
0.4446791
0.65122527
0.00017512646
0.36131126
0.9992601
0.37519258
0.3999402
0.0003304925
0.0004728641
0.35717982
0.39708582
0.38232264
0.9803874
0.9957594
0.9863436
0.00018900062
0.3884419
0.9620072
0.0005006684
0.0010067342
0.7311284
0.00084619306
0.99959713
0.99937755
0.9996394
0.9999
0.0002513092
0.0010135603
0.98963916
0.9998791
0.99672914
0.99953556
0.5598389
0.36444238
0.9997371
0.00044837157
0.9887095
0.98803306
0.00033922947
0.0002831908
0.00029051266
0.00022121043
0.9737567
0.99342996
0.8566405
0.00031615497
0.99990165
0.0009512759
0.5605755
0.0005894686
0.99701405
0.99815637
0.975582
0.9992624
0.9982704
7.821188e-05
0.35164174
0.0005046786
0.99523795
0.9841797
0.5043335
0.000447091
0.99943584
0.9984674
0.59356993
0.00052819884
0.99988246
0.000236341
0.95085937
0.997736
0.98769414
0.0006381733
0.3927529
0.9955806
0.0026598624
0.00034245272
0.000389766
0.99967253
0.000455368
0.9675245
0.99547356
0.99247825
0.002731928
0.00030870427
0.64182144
0.99995625
0.00091017754
0.99851507
0.48840627
0.0003560007
0.0005322278
0.000536496
0.00015360296
0.9992829
0.36331576
0.0007357162
0.9916741
0.9968957
0.00054524624
0.0023610767
0.98536694
0.0007639076
0.98709863
0.00053258246
0.000755936
0.00032874438
0.0008064302
0.96877533
0.00020736342
0.00022092168
0.99870825
0.0013341346
0.00043944627
0.5244664
0.03865869
0.0002795716
0.0036027536
0.39550003
0.40701157
0.9986375
0.99958795
0.9989808
0.00033043488
0.9990025
0.00026535196
0.9985765
0.006650821
0.9999232
0.9928014
0.9999124
0.6525457
0.00069474464
0.0012050678
0.3456259
0.9470404
0.4088206
0.92828304
0.40871987
0.917831
0.40539098
0.9462787
0.9011859
0.41025805
0.9770452
0.953181
0.99992394
0.51855165
0.9995852
0.0007014487
0.0004146243
0.96748424
0.0065778485
0.0008010658
0.00026697147
0.00044529184
0.99235713
0.9987804
0.9997069
0.9985858
0.00070728024
0.99972886
0.0010228198
0.0011461388
0.0006043185
0.9556522
0.00011073032
0.0010878848
0.3513859
0.9895493
0.0019191571
0.37015814
0.0006383169
0.0003380924
0.00043305193
0.00026197443
0.0018713252
0.99966764
0.0007864637
0.99876213
0.05810693
0.40756175
0.0002455436
0.9991371
0.7882604
0.0006602879
0.0019486396
0.9992285
0.99682343
0.00024767456
0.0006109844
0.00025738528
0.38524422
0.8707455
0.9947626
0.0013165252
0.9986524
0.9801757
0.99953914
0.00018137676
0.99749845
0.00046658405
0.00043115468
0.56161565
0.99669576
0.00052159996
0.35901624
0.9974305
0.00069302897
0.00053682615
0.000690348
0.0008297995
0.999416
0.9757646
0.0004843915
0.43695465
0.99966764
0.0004404471
0.61329925
0.9972191
0.0005837849
0.0011100977
0.99993265
0.0007312643
0.00042314836
0.994238
0.3948481
0.9991035
0.0007587955
0.00030856158
0.0016747621
0.0003034929
0.0010518683
0.9997508
0.39372483
0.00071481505
0.38740885
0.99900144
0.62903756
0.9943199
0.49790573
4.1902586e-05
0.00080925453
0.99675214
0.00015405254
0.37727654
0.0015063796
0.37050718
0.9976774
0.4067173
0.013001783
0.999889
0.38939336
0.000330142
0.37890017
0.9934344
0.96930903
0.0010663617
0.9704268
0.00048243796
0.35603398
0.7809672
0.99784577
0.0004424645
0.58998466
0.99000144
0.00038602
0.00013967922
0.9998797
0.0009802945
0.9999491
0.00026412928
0.8220193
0.40025607
0.0009944172
0.95414054
0.0011386512
0.00028150994
0.46364287
0.9985176
0.0006515957
0.0033024095
0.9978678
0.5702854
0.9908687
0.99906963
0.5332529
0.99811554
0.58209634
0.00046744768
0.9541671
0.0010056889
0.35731608
0.00068136526
0.0027485588
0.9999279
0.000625612
0.99904174
0.5367079
0.0009931476
0.00079283974
0.0010658376
0.00057762413
0.99922335
0.0041161855
0.9986091
0.000369781
0.4020444
0.55895996
0.9925211
0.99924326
0.9834524
0.0006021839
0.956117
0.00059035415
0.0018468088
0.00028220244
0.0020105678
7.272426e-05
0.81064564
0.35164288
0.3728306
0.00018723868
0.07692993
0.9990945
0.9995382
0.9992901
0.99691284
0.99749064
0.8604938
0.99866176
0.99950695
0.0005952031
0.72384435
0.59310335
0.0002313425
0.9001627
0.99977475
0.0003715641
0.998547
0.001169683
0.53769743
0.99623626
0.99692804
0.6404375
0.5724842
0.9985617
0.00013786166
0.00035104144
0.0019079762
0.0019485691
0.3986799
0.0009877232
0.00025453762
0.99990153
0.8984052
0.9914085
0.3940479
0.34777927
0.0025932898
0.4083918
0.31616205
0.41502795
0.00035049004
0.9908618
0.028641297
0.9976376
0.00010580422
0.55925447
0.99969375
0.975712
0.5806584
0.0002672287
0.96264046
0.00046377405
0.98925894
0.00026425775
0.00052049174
0.00048436385
0.39720684
0.9992563
0.00030294826
0.00027301407
0.52397656
0.99980277
0.6279678
0.00021992926
0.9962352
0.88396615
0.99994814
0.00037525126
0.00021617168
0.98658377
0.009122814
0.00032324722
0.40334788
0.45862636
0.5537391
0.3873903
0.0006861345
0.99928445
0.52794427
0.000460636
0.5299629
0.3860988
0.0051736054
0.0003703555
0.99915123
0.9756048
0.0009965023
0.0005643928
0.00080773566
0.9943452
0.0060160924
0.9989679
0.39846236
0.58850247
9.6189055e-05
0.00056762295
0.9989785
0.9992229
0.99990535
0.90203565
0.158995
0.9977724
0.0014176272
0.004585929
0.00031961926
0.9039949