0.52929884
0.9999988
0.4217288
0.53715324
0.42179078
0.00035279812
0.0006529313
0.9999999
0.42230746
0.8612899
0.00049122155
0.00035536947
0.0004551367
0.42230746
0.9999982
0.00027944823
0.0005186319
0.24889007
0.00042782223
0.4369538
0.7645245
0.00028095226
0.42218745
0.0023413328
0.00015122913
0.00011519418
0.5206297
0.9962618
0.4215924
0.9999082
0.00076847343
0.42230746
0.5273417
0.42230746
0.42230746
0.4187886
0.5333026
0.9988595
0.99999976
0.9999945
6.7588895e-05
0.4727114
0.0003769175
0.42230746
0.0007403804
8.990548e-05
0.5356305
0.91369545
0.00020346713
0.9999691
0.9980209
0.0013069977
0.9985752
0.99999726
0.49086317
0.00028533317
0.5342011
8.071417e-05
0.00048329038
0.00026302558
0.5393226
0.9997416
0.53465897
0.4213039
0.9720434
0.6130009
0.5382218
0.0004249814
0.8888543
0.5358634
0.9998621
5.6311823e-05
0.98504674
0.30611503
0.0014675034
0.00079700747
0.0012531906
0.536348
0.4211708
0.4159019
0.00071342575
0.00039325567
0.42230746
0.99995923
0.9999676
0.00041304884
0.5380834
0.99718034
0.99996924
0.7138701
0.00045840815
0.00017947542
0.99997866
0.9998932
0.004023548
0.00046231286
0.99977165
0.92928684
0.9999964
0.9999987
0.42198414
0.42163217
0.00060553354
0.00045481988
0.42230746
0.00032546345
0.00056649523
0.99859375
0.9987087
0.99916303
0.00031678766
0.4211005
0.9810728
5.144118e-05
0.42230746
0.001548329
0.00015962248
1.047341e-05
0.99999595
0.7969709
0.85097474
0.99999106
0.00017559147
0.99999785
8.2951854e-05
0.99997735
0.000101931095
0.00061251374
0.00040669736
0.9966516
0.9998958
0.9889548
0.00022566665
0.99997294
0.0008105182
0.00020891575
0.36846292
0.9999987
0.42206576
0.00014989414
0.9999993
0.00023129067
0.93874884
0.0005365814
0.7231554
0.00048402505
0.0008076098
0.41199154
0.00083998
0.0015404043
0.99998486
0.993971
0.42230746
0.0006597199
0.0008044906
0.4164124
0.99999964
0.00071402226
0.00047558837
0.9998437
0.9999976
0.9999814
0.68499076
0.99972266
0.999833
0.00016392702
0.54068315
0.53285116
0.00016294385
0.00030250437
0.00019329591
0.42230746
0.00020013232
0.37602338
0.00058626814
0.0006517308
0.00025672527
0.9999963
0.00012753157
0.00015557447
0.19731364
0.0011327907
0.0008479273
0.99999964
0.99798703
0.9999769
0.42230746
0.42178443
0.00042072058
0.99800116
0.00032145862
0.99999285
0.9999883
0.99999475
0.00010991513
0.001578175
0.42097497
0.99984014
7.791181e-05
0.0011323948
0.00028671708
0.99907374
0.99998546
0.9995179
0.99976546
0.9999999
9.547426e-05
0.9999994
0.00037840896
0.00017555682
0.42230746
0.4161912
0.9999975
0.00047514765
0.42071173
0.42105788
0.00023021549
0.36629555
0.0001329031
0.00041286208
0.012117543
0.99999917
0.00041691633
0.00074816414
0.00039999004
0.999997
0.9993718
0.00062989246
0.42230746
0.00079691404
0.9999174
0.42230746
0.39950866
0.4215994
0.5313327
0.42230746
0.9999683
1.0
9.46193e-05
0.00026328702
0.00019776722
0.00071834354
0.9998965
0.9858115
0.9006386
0.00037102075
0.42215022
0.00016870986
0.42230746
0.36532682
0.99999976
0.00017698579
0.9955798
0.0016034693
0.00024309165
0.00012293653
0.9996791
0.99367815
0.99739045
0.9999907
0.9999988
0.00034656023
0.9999982
0.9999126
0.53828305
0.0004985461
0.00023883619
0.00047185397
0.5075823
0.99999785
0.42230746
0.22866908
0.0004454935
0.00080540497
0.95787054
0.42459792
0.38180292
0.00017239837
0.99990904
0.9966168
0.9999999
0.99999976
0.0018165981
0.00039458767
0.9999945
0.9994722
0.4122156
0.9999976
0.0005296599
0.42230746
0.2952632
0.99999785
0.53203917
0.00020108679
0.9998017
0.00020819987
0.6043092
0.99988186
5.9221642e-05
0.9995962
0.42120206
0.00027017246
0.77005655
0.9998141
0.9999963
4.2339372e-05
0.54003096
6.613969e-05
0.9999888
0.0003053265
0.0002631806
0.54283047
0.9999881
0.9995503
0.9999399
0.00024309837
0.00016452222
0.00044960575
0.9999727
0.00024594238
0.000111467234
0.00012999737
0.00062852335
0.0002550665
0.9999814
0.535329
0.00022872901
0.00050168997
0.42127466
0.9981342
0.5829513
0.00033941373
0.9999138
0.99999046
0.660791
0.42230746
0.99999976
0.9999938
0.00030071268
0.0002623839
0.00020208435
0.0003511633
0.9996197
0.4209826
0.9999727
0.96363395
0.38761404
0.9987533
0.99998856
0.9999708
0.9999217
0.00079774
0.99999654
0.42230746
0.99821115
0.0016109662
0.00038404725
0.5330814
0.99999964
0.53847337
0.00014855448
0.99974805
0.00039472518
0.0008922283
0.00035725694
0.42230746
0.97665113
0.0003672547
0.001139705
0.42085367
0.42194745
0.0003657941
0.9999963
0.0011729432
0.0008072713
2.79504e-05
0.9999908
0.9211672
0.000488995
0.0003812647
0.99998784
0.99980026
0.9840561
0.000100484445
0.00029222498
0.99943966
0.99997306
0.41998267
0.00079986517
0.9999888
0.54124534
8.813002e-06
0.00066695875
2.3833903e-05
0.42230746
0.999984
0.99894327
0.000106377825
0.0010844268
0.00020947684
0.0010695155
0.98381066
0.99997854
0.41242263
0.4096842
0.42230746
0.99999464
0.9999485
0.9999906
0.42202708
0.9971228
0.41945174
0.99872535
0.9999883
0.0012920634
0.0003775888
0.9979128
0.00090944534
0.9999974
0.00020359561
0.0010952516
0.42230746
0.00033145462
0.00011019323
0.9999583
0.99999976
0.9999937
0.42107305
0.0002591958
0.00036653047
0.0001589219
0.99999213
0.42230746
0.27898017
0.00054210256
0.00026935097
0.99999356
0.5334671
0.9866686
0.42060173
0.0014935083
3.2137214e-05
0.0006931901
0.999923
0.99998593
0.00037161546
0.99998057
0.9998764
0.4222351
0.9999832
0.995663
0.4209943
0.9895929
0.0004906946
0.38288656
0.0002958536
0.9998276
0.38117433
0.00021510727
0.0008234003
0.9999931
0.999998
0.0016460033
0.7923942
0.0003440014
0.9999995
0.99989784
0.4991017
0.0006722051
0.00023829757
0.42181894
0.00061688724
0.99999106
0.5396979
0.00040638537
0.9996954
0.97482115
0.00081203115
0.99999213
0.0001795901
0.00033766348
0.42230746
0.42230746
0.9999932
0.00026217458
2.9717417e-06
5.0084083e-05
0.9999962
0.99998295
0.42110893
0.52924174
0.60792625
0.9999956
0.9964191
0.42230746
0.42179838
0.9999769
9.056113e-05
5.3477506e-06
0.5193786
0.41400608
0.9999839
0.00100118
0.0005890822
0.99913174
0.9999832
0.00025973734
0.42205015
0.0007290918
0.91518635
0.00027662827
0.7719494
0.00063957594
0.9999982
0.42230746
0.41896772
0.537173
5.7158936e-06
0.0014543716
0.00032162506
0.5345523
0.5183081
0.0003409006
0.9996722
0.99999976
0.9665326
0.42230746
0.0011377177
0.98264414
0.0013233261
0.9899212
0.42230746
0.0040037353
0.4206881
0.000365912
0.0010936174
0.00028350198
0.42086276
0.00035952014
0.53329873
0.42149004
0.9999999
0.42230746
0.99984
0.4173555
0.00015264253
0.0016517115
0.0012141598
0.000773042
0.9999769
0.0010966214
0.00045824473
0.42171925
0.9999864
0.9999609
0.42230746
0.00024716076
0.00041361112
0.00050052337
0.9998914
0.0011727471
0.9999982
0.4279629
0.42230746
0.99999917
0.00036473016
0.9957279
0.99988115
0.00040048987
0.94079244
0.9932407
0.00049259816
0.5307058
0.0002899518
0.99999297
0.9996075
0.99999976
0.99737716
0.99872005
0.00064842915
0.0004833715
0.00063444255
0.00026912353
0.0008022395
0.9998072
0.87104857
0.0003900409
0.36918044
0.0004660757
0.9999995
0.0013721791
0.000200345
0.0009054935
0.39942953
0.5355827
0.00028593992
3.506446e-05
0.0008494447
0.9999325
0.00038224238
0.9999988
0.9999999
0.99361634
0.0002282504
0.99226236
0.0008467859
0.4210269
0.42230746
0.00027470416
0.53710395
0.00038225547
0.9581841
0.0004681444
0.99956995
0.42691445
0.00024625892
0.0003784739
0.00034134745
0.99945134
0.9999839
0.99994755
0.42133334
0.0010156329
0.8879084
0.42236933
0.9999989
0.00025021465
0.99831307
0.8642205
0.42111114
0.00012625082
0.42230746
0.9943164
0.9999871
0.014748557
0.9999999
0.9999813
0.00024534072
0.00028383386
0.0003380558
0.9996604
0.0021020682
0.9205059
0.99987555
0.00012807485
0.0012974698
0.0001737405
0.0024732135
0.53185755
0.99937385
0.9998105
0.9925922
0.42131355
0.54343647
5.9781058e-05
0.9999515
0.9985422
0.9999857
5.283808e-05
0.00024961372
0.41847622
0.00039401482
0.9999856
0.8160533
0.00022513926
0.9992686
0.0013706171
0.00082813355
0.99995613
0.41787472
0.5196966
0.9999987
0.00016279367
0.9770084
0.9993254
0.9998265
0.3735018
0.00011309054
0.99999774
0.9831419
0.5365668
0.0018953969
0.79737437
0.99999535
0.96788555
0.9999809
0.99950576
0.9999486
0.9995875
0.00018266418
0.00015204752
0.99350303
0.00033958495
0.0007385098
0.0002950266
0.00027146738
0.0006131817
0.00030129953
0.9998871
0.81322587
0.42139524
0.5312807
0.99999964
0.0008219942
0.0009260835
0.9999745
0.00025135282
0.99999034
0.9999994
0.5404502
0.453002
0.9977798
0.00042953386
0.00064075773
0.9999999
0.42230746
0.00023221388
0.998142
0.0005183941
0.4040618
0.00012293548
0.00035523283
0.90551424
0.001377549
0.00016835648
0.000193034
0.0001474239
0.42230746
0.00017917005
0.0006863235
0.9989208
0.999959
0.4115793
0.00060502905
0.9987902
3.7968322e-05
0.00077477796
0.99994147
0.5336619
0.0011283085
0.53128076
0.4214375
0.9998963
0.0005634076
0.99999833
0.26858634
0.00047664443
0.42230746
0.0024895805
0.42144594
0.0005423917
0.00035588857
0.00060380634
0.99326235
0.4424362
0.00016406417
0.9998926
0.0006239087
0.00056712294
0.42230746
4.89092e-05
0.9998791
0.53599644
0.9655006
0.00029099113
0.0024148664
0.00036943797
0.99842453
0.00020272352
0.9998739
0.00031723978
0.0029282768
0.5335212
0.0004544463
0.0003257012
0.99976224
0.9999995
0.41727218
0.99988437
0.00060818694
0.0003378657
0.99989974
0.35684377
0.9800826
0.0008612781
0.99999046
0.9768603
0.52204704
0.99999917
0.00032751373
0.9999994
0.9995821
0.9999223
0.00019635538
0.0002552533
0.0001571991
0.42230746
0.00034200738
0.9999994
0.00037558106
0.9999933
0.4206068
0.93404984
0.99998486
0.00055656745
0.00051939447
0.0008242908
0.38438854
0.9998124
0.99576473
0.99999964
0.542815
0.52974796
0.88297653
0.0008585103
0.42230746
0.8037036
0.96674335
0.0007541803
0.9999275
0.99933547
0.9998375
0.99960154
0.0010124366
0.00028478852
0.99898905
0.9999989
0.00043965722
0.35075215
0.4214441
0.999964
0.0007428288
0.00045984017
0.99998546
0.99931943
0.47346598
0.9985655
0.99994075
0.00061134435
0.00034895074
0.00017092052
0.9999993
0.99998724
0.42230746
0.9999999
0.5339568
0.9998615
0.99999857
0.9999409
0.00016616787
0.0041511077
0.99998045
0.000836696
0.0001119279
0.00062846707
0.4417304
0.0017783601
0.0005732144
0.00050026143
0.4220262
0.99999774
0.42192966
0.96456003
6.161469e-05
0.53878695
0.00037469022
0.386471
7.8394396e-07
2.3824086e-05
0.0003762871
0.00040481865
0.35857528
0.42230746
0.9852566
0.0006325781
0.9999912
0.42149857
7.213228e-05
0.00038657957
0.2718624
0.53396237
0.42230746
0.5468385
0.00026287438
0.42230746
0.0008915297
0.5380938
0.4210564
0.274845
0.42142516
0.42230746
0.9999771
0.00064341543
0.9999758
0.99994063
0.96834904
0.9642615
0.00033754535
0.9989812
0.9999932
0.7373872
0.00043308
0.9998461
0.3237434
0.99988353
0.36622366
0.00017648091
0.53157455
0.99996674
0.4218784
0.999961
0.00012189543
0.00051875523
0.00036745972
0.2984612
0.9999932
0.5315743
0.41962388
0.5387159
0.99996567
0.00075173314
0.99999964
0.9999968
0.99711204
0.99977726
0.9966348
0.42230746
0.00016498425
0.9998926
0.42230746
0.999806
0.421119
0.9999883
0.53297913
0.93976253
0.9999994
0.0031073848
0.5350092
0.97016585
0.00078710215
0.9998833
0.0002900986
0.00050761114
0.0011425485
0.000247153
0.42073002
0.0003262911
0.53601223
0.5326266
0.9999918
0.00026418647
0.99881065
0.52371323
0.000100137986
0.00035030264
0.9998729
0.75632054
0.42745292
0.9992719
0.99997807
0.9999317
0.00049937103
0.99999964
4.3307104e-05
0.9998534
0.00028372806
0.00024376358
0.42230746
0.9998919
0.0008198188
0.99999976
0.41641006
0.99951696
0.42230746
0.00046308292
0.9963224
0.9999969
4.8637296e-05
1.0
0.9998293
0.0006010111
0.90013236
0.0003316398
0.00013816381
0.42141336
0.3901601
0.76289487
0.38831624
0.5348633
0.53337973
0.8573763
0.42230746
0.53659767
0.0004765386
0.7738798
0.42208892
0.42230746
0.00031357998
0.00026214006
0.9534529
0.42114937
0.43120888
0.00019758477
0.9999968
0.35408938
0.0001375001
0.99996924
0.00019964365
0.42160055
0.99882907
0.0005293394
0.00091073266
0.9999641
0.99999774
0.42146468
0.268755
0.53452754
0.0008007193
0.42147815
0.9999988
0.42230746
0.42230746
0.0015836864
0.00090764614
0.41482732
0.42202586
0.42230746
0.9984169
0.9999616
0.99171597
0.0008141017
0.42221427
0.9998696
0.00057238207
0.00036312695
0.44924903
0.00015515715
0.999966
0.9999982
0.99999774
0.99999666
0.00025885968
0.0007425089
0.9687899
0.9999838
0.99999046
0.9933194
0.5383817
0.42230746
0.9998178
0.000700024
0.99999
0.9999527
0.00029684952
9.338045e-05
0.0002399736
0.0011376734
0.9967062
0.99918145
0.9984515
0.00028553916
0.99999964
0.0006613655
0.5358271
0.00034823324
0.99996614
0.9997739
0.9997346
0.9999995
0.9999535
0.00033669337
0.42230746
0.00020070521
0.9996307
0.994497
0.5293317
0.0005051702
0.9999993
0.9999999
0.5386738
0.000497419
0.9999168
0.00015957438
0.9999441
0.99887043
0.9999893
0.00018555718
0.42230746
0.99994683
0.0012960605
0.00023400079
0.00080528983
0.9999362
0.00013507543
0.6011086
0.99800485
0.97822326
0.00010770741
0.0008267282
0.9994766
0.9999901
0.00037800026
0.9999989
0.53015226
0.00032780736
0.0008166354
0.0037567806
9.1230366e-05
0.99999106
0.42230746
0.00021441722
0.9963666
0.99620926
0.0012791802
0.0040071975
0.99992394
0.0006918553
0.99893767
7.426247e-05
0.00013076905
0.00069636165
0.0009217146
0.9619273
0.00038195588
0.00035266145
0.9998147
0.0002656737
0.00019898363
0.53704405
0.3476732
0.00017181745
4.7727095e-05
0.42230746
0.4213754
0.99987507
0.9996668
0.99999
0.0004566116
0.89431864
0.0014588353
0.9997203
0.00037448795
0.9999007
0.99984574
0.9999635
0.99908435
0.00015753073
0.0001245209
0.42174384
0.9643058
0.42163658
0.9013717
0.40704224
0.3749534
0.42166752
0.9722554
0.32685557
0.42142552
0.9725906
0.9183436
0.99999547
0.5339897
0.99990284
0.0001021473
0.0002591995
0.9968035
0.00010065409
0.00031490388
0.0003561134
0.00012640272
0.8800274
0.9974241
0.999997
0.99984133
0.00043732772
0.9999995
0.0005797701
8.572897e-05
0.0015180657
0.9876538
0.00023499463
0.00033221353
0.42119935
0.9998841
0.0013187841
0.42230746
0.00020873814
0.0008780562
0.0010666547
0.00032645353
0.000119020966
0.9998733
0.0004167846
0.9999944
0.00053666066
0.42127052
0.00012015228
0.99973553
0.37340814
0.00025273385
0.0003519202
0.9999995
0.9996835
0.0012255453
0.00032687522
0.00083514996
0.42230746
0.85076296
0.9999976
7.693512e-05
0.99999714
0.96577024
0.99997854
0.00020673289
0.99996805
0.00044001653
0.00020371987
0.4059658
0.9964483
0.00015202041
0.41970178
0.9993057
0.0002786129
0.00014278582
0.00041115025
9.1939604e-05
0.99963295
0.99996483
0.00017133645
0.41592982
0.9999504
7.7665165e-05
0.38139758
0.99936146
0.0004292113
0.00016438644
0.9999981
0.00032351975
0.0002819424
0.99996376
0.4212171
0.99999917
0.0003589205
0.0005782645
0.0006473572
0.00044205535
0.00070935866
0.9999441
0.42125016
0.00016359615
0.42230746
0.999992
0.5456152
0.9980934
0.5260304
0.00069776503
0.00015386418
0.9995672
0.00090685167
0.4219884
0.00019121787
0.42041278
0.99953437
0.42196268
0.00038828742
0.99999964
0.42166543
0.00027806993
0.3163413
0.9489122
0.9892971
0.00016541238
0.999814
0.0002115791
0.42230746
0.53729075
0.99998164
0.00048336276
0.53043014
0.9993979
0.00027307158
0.0014493632
0.9999776
0.00042730808
0.9999819
0.0001665924
0.951147
0.42230746
0.0003334046
0.99918467
0.00022695074
0.00021627972
0.52693605
0.99999404
9.5069074e-05
0.001165359
0.99999917
0.5324033
0.99996054
0.99978286
0.532025
0.99966335
0.53232485
0.00019374928
0.99999595
0.00039554277
0.42110157
0.0007504491
0.00033848855
0.99998915
0.00016585508
0.99991345
0.5393108
0.00026680174
0.00043427476
0.0001382645
0.0002779501
0.9999157
0.002136023
0.9998394
0.00031367864
0.42198095
0.5351341
0.97627527
0.99995685
0.9952237
0.00031979085
0.99298626
4.1613246e-05
0.00017569716
0.00026840146
9.026756e-05
0.000509619
0.9999975
0.42230746
0.42145425
0.0009450498
0.30535272
0.99990916
0.99999213
0.9991677
0.9998739
0.9999734
0.7111579
0.9966491
0.9999422
0.00021552137
0.9984357
0.5424125
0.000512508
0.35761666
0.9999988
0.0006657848
0.99985814
0.00043859062
0.5364526
0.99999833
0.99999976
0.5372066
0.5388746
0.9999864
0.00020798817
0.0005697181
0.0004907994
0.0005599972
0.42138994
0.0015396645
0.00038601612
0.9999982
0.99936813
0.98302877
0.4214787
0.42146748
0.00068259885
0.42145142
0.4221024
0.41988277
0.0002193958
0.98364395
0.00087026414
0.9996989
0.00047854398
0.3946195
0.99997115
0.99991214
0.53917027
0.0007548328
0.99334246
0.00019284342
0.7876656
0.00053813227
0.00035088052
0.0004925738
0.42084122
0.9999962
0.00030231237
0.00016885503
0.5340414
0.99999464
0.5336411
0.00042714927
0.9975902
0.9612852
0.99999857
0.0006686896
0.0014809436
0.9999821
8.120356e-06
0.0005512228
0.42230746
0.48983234
0.5312354
0.4203595
0.00027293703
0.99997306
0.52804375
0.0002479732
0.5362364
0.42119467
0.00071540626
0.000819827
0.9999914
0.99991405
0.0004670328
0.0003855566
0.00069501647
0.96806663
0.00088822877
0.9176235
0.41855034
0.5385352
0.00063481694
7.751667e-05
0.9999058
0.9999956
0.9999877
0.54643226
0.21598458
0.99999225
0.00044342148
1.1577218e-05
0.001123292
0.99998057