0.55002975
0.99991095
0.42601818
0.5679422
0.42593628
3.7686623e-05
0.00021720388
0.99985623
0.4259162
0.6729938
0.020416457
5.0765357e-05
5.1746625e-05
0.45512825
0.99949026
1.1844088e-05
0.00013444488
0.9923213
1.18623775e-05
0.52206314
0.8891888
2.3350332e-05
0.42605034
0.00020364803
1.6250518e-05
9.541192e-05
0.52657676
0.9779951
0.42809728
0.99908626
0.00011564245
0.42616102
0.55950195
0.42789704
0.42619765
0.42619365
0.5500925
0.9973007
0.99993706
0.9997125
1.1159515e-05
0.5411263
0.00017747145
0.42762375
0.00010408114
0.00038072583
0.5412094
0.75525147
1.15641415e-05
0.99995816
0.9980829
0.00017147537
0.99543095
0.9942363
0.5155271
0.00012087281
0.572377
3.108386e-05
0.00015226167
1.1326476e-05
0.5795977
0.99935836
0.566236
0.4269111
0.952093
0.5834914
0.58106875
0.0008297896
0.75122976
0.5734718
0.99822277
4.6006844e-06
0.6562194
0.43943188
0.0013482184
2.174025e-05
6.675782e-05
0.5767972
0.42665035
0.42697844
0.00012464589
8.160542e-05
0.4280461
0.9987068
0.9980438
0.00016879193
0.569988
0.9977271
0.99969864
0.9991208
2.867133e-05
1.8394623e-05
0.99772984
0.9820232
0.006645455
2.126474e-05
0.9987685
0.8588903
0.9998197
0.9997396
0.42678833
0.42862162
3.6317513e-05
1.9596026e-05
0.42744964
0.00011887749
3.1100106e-05
0.89957386
0.99648535
0.99941206
3.8604147e-05
0.42809835
0.99925476
4.747291e-06
0.42756447
4.88154e-05
8.466094e-06
9.9403136e-05
0.9957961
0.55998534
0.99976665
0.99995625
4.5915025e-05
0.99994314
3.746553e-05
0.9961624
1.951053e-05
1.21388075e-05
1.4308969e-05
0.92362946
0.9977642
0.9456317
0.0001918333
0.9801682
0.00030647675
4.8116177e-05
0.53291
0.99991906
0.42618892
1.4269982e-05
0.9999106
1.41860055e-05
0.96968466
3.553388e-05
0.9558017
3.9214105e-05
3.3432578e-05
0.4305525
6.987499e-06
0.00022116068
0.99847275
0.9476033
0.4268598
2.7524324e-05
1.9137695e-05
0.42643538
0.9999169
2.7903126e-05
4.1183877e-05
0.90525883
0.99983656
0.99757487
0.56174994
0.9589079
0.9985441
1.704621e-05
0.59505254
0.5428493
0.00012047306
9.121041e-06
3.965171e-05
0.42706436
6.72077e-05
0.5160804
1.4976695e-05
0.0003444804
2.8242963e-05
0.99884737
1.7206105e-05
2.917066e-05
0.47023448
3.229476e-05
5.628423e-05
0.99989045
0.9501843
0.99807006
0.42698112
0.42617267
4.6185847e-05
0.99977595
1.7784707e-05
0.99972945
0.9986436
0.9851226
8.568059e-05
0.00027490014
0.4285086
0.99099594
8.939995e-06
8.5733634e-05
0.00013026253
0.9971718
0.9992048
0.99994683
0.99794465
0.9999399
3.5343473e-05
0.9997009
2.7155713e-05
1.2693833e-05
0.4277444
0.426498
0.9992988
1.3447032e-05
0.42738205
0.4268856
0.000115351366
0.43576714
2.3980361e-05
0.00017000578
3.103063e-06
0.99983287
4.0418804e-06
0.00028371776
5.9662136e-05
0.998701
0.9687191
1.7476055e-05
0.42751935
3.8423153e-05
0.9984871
0.42596236
0.54561985
0.42852944
0.53956175
0.4291476
0.9993113
0.99989533
1.5984133e-06
5.844171e-05
8.490693e-05
8.7330525e-05
0.9990802
0.98416877
0.8823649
1.1755863e-05
0.42603168
0.009156934
0.4282936
0.5085638
0.9999913
5.757989e-05
0.9560459
0.003688843
4.6451667e-05
1.32435325e-05
0.98708016
0.9798396
0.997775
0.99926966
0.99968755
0.00029537163
0.999721
0.9952112
0.54987925
0.00011008369
0.00012429764
2.3262073e-05
0.52695507
0.9980118
0.4272508
0.9537601
3.821479e-05
0.0002516643
0.9565761
0.5111764
0.54064226
1.8886763e-05
0.99831724
0.9501885
0.99981314
0.9997383
0.0019433813
2.5667969e-05
0.9996798
0.99980587
0.4270814
0.9994466
1.6962535e-05
0.42606708
0.88256574
0.99961
0.55123407
4.329129e-05
0.99627715
6.934035e-06
0.56668085
0.99744153
7.3956694e-06
0.9990706
0.4284205
2.1305945e-05
0.85356385
0.99537414
0.99926907
5.517087e-05
0.55474764
7.696718e-05
0.99984133
1.078719e-05
8.879901e-05
0.6095896
0.9983209
0.9946138
0.9994159
6.174266e-06
0.00019407042
4.2752526e-05
0.98836446
1.8543064e-05
4.5735633e-05
4.1191743e-06
2.2978025e-05
2.357282e-05
0.9993869
0.5507731
7.841748e-05
3.2164626e-05
0.428444
0.9987625
0.5629207
0.0001807766
0.99850214
0.9998708
0.8886872
0.42710152
0.9999018
0.99930525
1.9721429e-05
0.00010317617
4.49661e-05
1.0347977e-05
0.9963653
0.43054447
0.9989994
0.75546384
0.61799026
0.99433726
0.9996594
0.9918868
0.9826696
2.240781e-05
0.99906796
0.43064302
0.9650083
3.315903e-05
1.4295889e-05
0.5462849
0.99959093
0.58939934
2.1384458e-05
0.99568415
1.3691758e-05
3.718295e-05
4.010341e-05
0.42819536
0.9080822
7.613652e-05
3.1900934e-05
0.4279458
0.4261153
1.3755089e-05
0.9995889
0.0002497275
2.7041799e-05
4.250038e-05
0.9990017
0.8942372
1.8146407e-05
0.00012329002
0.9998766
0.7935656
0.8735057
6.4918113e-06
0.00035485422
0.93727505
0.99214387
0.4294233
9.112894e-06
0.9978629
0.59690034
0.00022833353
4.0860978e-05
8.985561e-06
0.42617276
0.99747133
0.9752329
3.2545373e-05
4.46844e-05
1.5265761e-05
7.31115e-05
0.9499714
0.99700874
0.4306641
0.47911397
0.4692557
0.99991167
0.99926764
0.9977984
0.42817533
0.9899922
0.42605367
0.997869
0.9990318
5.2998912e-05
8.912333e-05
0.961371
5.524468e-05
0.999607
0.0001155623
0.00041843014
0.42719996
1.32721325e-05
1.368095e-05
0.9982199
0.99998546
0.9988165
0.430429
1.289074e-05
7.748614e-05
5.422154e-05
0.98892105
0.426696
0.43514055
4.5004148e-05
2.3820403e-05
0.9993799
0.5317457
0.8542576
0.42684034
6.752595e-05
9.2965e-05
0.00023645618
0.9879909
0.9997944
1.1901096e-05
0.9993025
0.9986407
0.42619056
0.99971133
0.9863179
0.4271831
0.9556585
8.3601524e-05
0.7310449
0.00025573588
0.9986619
0.8862695
2.3854278e-05
0.00016091793
0.9988152
0.99962604
4.174218e-05
0.98066276
0.00010739513
0.9999143
0.9991523
0.49605328
5.2249823e-05
4.576731e-05
0.4261944
0.00028057856
0.9990798
0.5885781
2.7908849e-05
0.9548019
0.98486763
0.00029704403
0.9983004
9.7305565e-06
3.9429426e-05
0.4269665
0.4282928
0.99635893
1.1784205e-05
0.00017395765
4.0224975e-05
0.99962854
0.99910295
0.4275548
0.532516
0.94591874
0.99994445
0.9919661
0.42822796
0.42834836
0.9996063
0.00025366014
1.9598157e-05
0.5462562
0.4275916
0.9997012
0.0001698481
6.008196e-05
0.98228514
0.9991295
4.4617802e-05
0.42877188
5.947644e-05
0.82142943
1.7956185e-05
0.8091925
0.0001725441
0.99988294
0.42616305
0.42763805
0.5727689
7.058452e-05
0.0001329254
7.281801e-05
0.5963984
0.5454511
2.8170765e-05
0.99888796
0.99996984
0.86020875
0.42598572
4.9695103e-05
0.9625431
0.00010487667
0.99616575
0.42705208
0.013681883
0.42995915
4.2332023e-05
2.9222534e-05
6.1821214e-05
0.4278308
3.766808e-05
0.5608305
0.42636535
0.99974483
0.42608288
0.98325366
0.42602926
2.3579474e-05
8.669668e-05
0.00020154746
7.500964e-05
0.9988894
0.00059586775
2.1255371e-05
0.42760387
0.9975212
0.99972194
0.4261963
1.6332131e-05
0.0037316547
0.00025339014
0.9993142
6.292291e-05
0.9995227
0.44967857
0.4267784
0.9996331
5.1620944e-05
0.99248815
0.99830914
2.344597e-05
0.9974837
0.9758268
9.1181406e-05
0.54453766
2.3633662e-05
0.9998622
0.9953447
0.99976903
0.9942697
0.96749717
1.4056348e-05
3.781738e-05
0.00015146236
2.0647489e-05
6.201979e-05
0.9988257
0.6035189
7.832398e-05
0.7039425
3.3518994e-05
0.9997743
0.0017988305
1.219863e-05
0.0026727596
0.6392329
0.5576465
8.432589e-05
8.243047e-05
0.00010044651
0.99789363
2.4365516e-05
0.99999726
0.999567
0.932314
4.0582067e-06
0.977275
0.00014552956
0.42833763
0.42816165
8.73376e-05
0.5785428
3.8958e-05
0.52596265
1.3831791e-05
0.99820507
0.5282875
7.551951e-05
2.5246718e-05
1.2392418e-05
0.9930553
0.99523383
0.9971847
0.42955878
0.0002593372
0.9093711
0.49046803
0.9993856
6.497517e-05
0.9802404
0.9374261
0.4280518
3.3529064e-05
0.42716813
0.99928766
0.99900454
3.1766813e-05
0.9999424
0.9970607
3.6037858e-05
0.00010170147
4.0826155e-05
0.99833184
0.0042614485
0.8616183
0.9982287
4.387096e-05
4.8337348e-05
2.70516e-06
0.0014916458
0.563729
0.95355886
0.9991899
0.94465554
0.4261813
0.7475206
0.00020802487
0.99635184
0.997635
0.9999815
1.5524387e-05
1.913284e-05
0.42722994
2.2734079e-05
0.9729575
0.55495864
3.6457845e-05
0.9763022
9.213989e-05
2.649835e-05
0.9991774
0.4307666
0.5506062
0.99849117
4.382626e-05
0.95934623
0.940791
0.9993793
0.52026016
1.3381164e-05
0.99772567
0.96890724
0.5581774
7.0925395e-05
0.6344931
0.9952657
0.9475668
0.9824838
0.95479864
0.9995604
0.9956055
2.9513743e-05
2.9993833e-05
0.93284357
0.00011856605
0.003434255
0.00029712473
5.4219312e-05
0.00015653169
5.30389e-05
0.9970937
0.58099526
0.4262006
0.54746944
0.9984041
3.6207373e-05
2.3700131e-05
0.99918467
2.1379768e-05
0.9972915
0.99984527
0.54927933
0.52751523
0.9950891
1.8221912e-05
0.0010014639
0.9999536
0.42783993
4.299543e-05
0.9992945
4.8965205e-05
0.53039485
1.8326964e-05
3.3272303e-05
0.8958764
4.0998915e-05
1.2828441e-05
3.768457e-05
5.3410335e-05
0.42608586
1.755396e-05
1.2212447e-05
0.97091776
0.99614894
0.42605257
5.1928342e-05
0.98101175
5.0725694e-06
0.00011322909
0.99963367
0.5915705
1.3279843e-05
0.54484576
0.42787585
0.99884784
9.9390425e-05
0.99999976
0.43313605
5.3238968e-05
0.42748
0.008141253
0.42633075
2.7544753e-05
3.980029e-05
0.00012309068
0.9703188
0.5225821
1.1538044e-05
0.99332833
1.5551948e-05
0.00017481149
0.42855844
8.292803e-06
0.9929121
0.5643354
0.7668256
2.0975313e-05
0.003918194
1.3480107e-05
0.94938207
0.000110945715
0.9961074
2.5427938e-05
0.0016811377
0.5695133
5.354318e-05
1.4364685e-05
0.99826115
0.9992557
0.43016455
0.99819237
0.0006151004
1.8019142e-05
0.9788957
0.6951975
0.57508546
0.0001030912
0.9989913
0.9997788
0.5441384
0.99981815
1.0167108e-05
0.9946989
0.9470579
0.99809116
1.3995581e-05
9.575945e-06
2.6970458e-05
0.4304398
2.7829647e-05
0.9999279
2.0801015e-05
0.999912
0.42853042
0.8900039
0.9992016
6.117437e-05
6.997199e-05
8.211462e-05
0.54183847
0.99955374
0.9966133
0.99985266
0.59272695
0.56062526
0.91985273
2.8379902e-05
0.42769602
0.7703977
0.8480502
0.00045065078
0.9977744
0.9775923
0.9996909
0.99743253
0.0002640744
3.890988e-05
0.9883111
0.9999783
0.000104027764
0.5083262
0.42628533
0.999694
1.7709088e-05
7.7876604e-05
0.9993418
0.6961423
0.420217
0.99182385
0.9971615
1.4751061e-05
1.707413e-05
0.0013824063
0.9999603
0.9998803
0.4265483
0.9998209
0.5587993
0.9983364
0.9998566
0.9936451
9.056494e-06
2.6704798e-05
0.99717987
0.000104518556
7.057618e-05
0.00020623872
0.91009337
5.689082e-05
2.7059186e-05
1.6962955e-05
0.42642453
0.99967706
0.42615125
0.89008594
4.3300082e-05
0.5689633
7.053439e-05
0.4306257
1.2715752e-07
9.756173e-06
3.6115194e-05
3.009101e-05
0.5197385
0.4261805
0.96618575
1.7626158e-05
0.99638724
0.42715803
3.5019413e-05
1.3998117e-05
0.5206456
0.5590235
0.42613998
0.5878526
0.00020738438
0.42639288
0.0001329557
0.5974138
0.4276469
0.49830666
0.4258461
0.42739525
0.9999746
4.1110026e-05
0.99931586
0.99540085
0.9342614
0.88228065
2.1914688e-05
0.99952435
0.99956447
0.542954
2.343801e-05
0.99849427
0.5081886
0.9986809
0.59255135
2.4807952e-05
0.55854267
0.9988128
0.42651936
0.99921143
1.1737759e-05
0.00055740494
8.355585e-05
0.4460193
0.999894
0.5578313
0.42712262
0.60834306
0.9991879
7.082402e-05
0.99981576
0.99893147
0.90770465
0.9734514
0.989758
0.42559922
0.00010477951
0.99635965
0.42608613
0.9987206
0.4280456
0.9992902
0.54987717
0.99101526
0.9999552
0.008330853
0.56124943
0.99985564
0.00011814385
0.9979997
8.7348686e-05
3.1924006e-05
3.547923e-05
7.7818404e-05
0.42741498
6.804936e-05
0.5783536
0.5306901
0.9983878
0.00017998132
0.9123759
0.54266346
0.00016372115
3.5242905e-05
0.99424875
0.92306054
0.42837512
0.92971456
0.9974727
0.9974523
1.5756124e-05
0.9978872
0.0004627908
0.99646413
0.00030625623
6.226467e-06
0.42756313
0.9891195
2.7997992e-05
0.9999131
0.42738923
0.99809796
0.4253809
0.00023935048
0.91568965
0.9991732
2.5126312e-05
0.99944776
0.9967912
4.235585e-05
0.8340738
7.2607913e-06
1.1365103e-05
0.42804673
0.4304214
0.70031905
0.52684265
0.5568149
0.5513188
0.9577699
0.426013
0.5747242
4.890631e-05
0.9869424
0.42699927
0.42610297
3.459761e-05
9.275098e-06
0.9991697
0.42779228
0.4481422
3.4531226e-05
0.99496704
0.8018548
1.2055835e-05
0.9978896
1.2069848e-05
0.42614365
0.97639126
2.7391983e-05
5.9561124e-05
0.99331576
0.9997483
0.4261402
0.48508036
0.5732793
2.2407641e-05
0.4261173
0.9996594
0.42750517
0.42718804
0.0001997116
7.779466e-05
0.42730168
0.42619088
0.4287582
0.99883014
0.9989889
0.93945146
0.00086760765
0.42620546
0.95375717
4.9686954e-05
2.7201666e-05
0.94118005
9.86598e-06
0.99617946
0.9998196
0.9996835
0.9998709
1.2217514e-05
5.3364514e-05
0.888948
0.99951947
0.9978467
0.99354315
0.55432296
0.42672327
0.99990714
3.3653774e-05
0.9986683
0.9999269
6.266453e-05
1.2197223e-05
2.3132527e-05
9.285709e-05
0.99844056
0.998223
0.97981036
1.204593e-05
0.99993205
0.00014165319
0.58942986
2.1510656e-05
0.99798065
0.9916857
0.9944912
0.9997811
0.9966354
0.00020061548
0.42719334
9.355834e-06
0.9947916
0.97736585
0.5727849
2.1412026e-05
0.99975795
0.99978155
0.59105694
2.5214813e-05
0.9991372
5.241646e-05
0.89658606
0.9791885
0.9970656
2.1338315e-05
0.42798984
0.99767464
0.0002060691
3.189759e-05
8.2919825e-05
0.99912316
1.111337e-05
0.56456345
0.99046516
0.8139939
9.19292e-06
0.0007715285
0.8264798
0.9972057
3.779834e-05
0.9995597
0.52588654
1.1735678e-05
0.00037630537
0.00063991616
1.2605924e-05
0.9975921
0.42644635
1.3901097e-05
0.968095
0.9853768
0.00033087115
0.0011218662
0.99871635
0.0004428185
0.8740491
3.83609e-06
0.000101049256
6.174509e-05
5.6315206e-05
0.89618653
0.00015453392
3.7483107e-05
0.99831724
0.00013274656
9.6315445e-05
0.573851
0.448317
6.581119e-06
0.00019773706
0.42619783
0.42653346
0.99380165
0.9990901
0.9995852
0.00016455958
0.8385911
0.00011017159
0.9938399
6.798716e-05
0.99979097
0.99910396
0.9972934
0.9954786
1.3987614e-05
6.0244456e-06
0.4276852
0.92547613
0.42577592
0.56143665
0.45445734
0.5702083
0.42781284
0.64352626
0.9157241
0.42608032
0.62827677
0.77000904
0.99988437
0.5596111
0.9998524
0.00035197992
5.562137e-05
0.96465313
5.9071386e-05
0.00013574855
2.9494273e-05
8.540293e-06
0.8620313
0.9942591
0.99997926
0.9910479
3.1572137e-05
0.9999778
3.3461507e-05
4.1697698e-05
0.0037775394
0.85142624
6.604912e-05
1.8457109e-05
0.4270044
0.99536717
0.00022680558
0.4261415
1.5781223e-05
4.854786e-05
3.328138e-05
4.3324162e-05
2.1142323e-05
0.99903524
2.9576519e-05
0.993407
0.0013326323
0.4264886
2.1188625e-05
0.9914893
0.5443771
2.5440408e-05
5.330637e-06
0.9997973
0.99281985
4.861383e-05
2.6574318e-05
3.919807e-05
0.42752385
0.7435889
0.9995371
0.00021694269
0.98363435
0.8129677
0.99882656
9.667668e-06
0.99937314
4.356491e-05
0.0002403842
0.76796025
0.9880535
5.608483e-06
0.42586643
0.97860765
1.909458e-05
0.0005724124
2.034364e-05
3.2148057e-06
0.9993882
0.9994511
1.6355027e-05
0.4550964
0.9983041
2.4714396e-05
0.8234637
0.9958134
2.4218922e-05
0.0017134967
0.9998248
8.311988e-05
1.1154026e-05
0.9991928
0.4263901
0.9994697
2.5910687e-05
5.060624e-05
0.00010095284
0.0024482033
0.00100119
0.9983699
0.4282705
5.1205852e-06
0.4292231
0.99976975
0.8851799
0.95743006
0.5418053
2.019896e-05
8.556646e-06
0.99535996
0.0002181501
0.42650127
7.822301e-06
0.4279213
0.99503076
0.42609483
0.13161463
0.9995467
0.4271049
4.5739078e-05
0.5175297
0.9558018
0.9962986
0.000101124824
0.9617762
1.5636017e-05
0.42751557
0.5847456
0.9991159
4.3836128e-05
0.5606688
0.990008
2.8965997e-05
0.00014834527
0.9990308
1.3561379e-05
0.99999213
2.3955014e-05
0.9053987
0.426833
0.00013545115
0.996951
0.0008172079
1.4300198e-05
0.5163175
0.9990989
6.230423e-06
0.0011034308
0.9997837
0.54918444
0.9989561
0.99838364
0.56708914
0.99884415
0.5624596
1.7732478e-05
0.9998902
2.6709637e-05
0.4273182
5.681026e-05
0.00024115828
0.9999565
1.5742802e-05
0.97280157
0.57410324
1.5451407e-05
2.0593432e-05
5.4063392e-05
6.269893e-06
0.9967037
1.0648571e-05
0.99875224
1.0147763e-05
0.42591715
0.5632197
0.99580103
0.9977477
0.9626714
9.161342e-05
0.9021083
0.00012155614
1.41044875e-05
5.9849385e-06
2.9383327e-05
0.00031641548
0.9292189
0.4266105
0.4262038
2.234158e-05
0.42607722
0.9982521
0.99861026
0.9905566
0.99830425
0.99904877
0.5855758
0.9953804
0.99656457
1.4263995e-05
0.60424775
0.5769308
4.8599646e-05
0.6027987
0.998844
0.00015034432
0.9958532
4.1857937e-05
0.5761798
0.99997103
0.99994874
0.5798963
0.5812682
0.9877857
2.6419826e-05
3.385725e-05
0.00020484804
5.407344e-05
0.43035638
0.0004624424
4.067231e-05
0.99959403
0.99785763
0.8654305
0.426
0.4270316
0.0003290664
0.427548
0.42614
0.43149957
3.7281512e-05
0.9894912
0.0017707725
0.9960699
8.7493565e-05
0.65452325
0.99957865
0.998727
0.57985985
0.00026620465
0.95963377
5.1396266e-05
0.8333287
3.881182e-05
0.00012709975
6.222809e-05
0.428527
0.9993486
3.1525862e-05
6.04285e-05
0.5565724
0.9995443
0.57004625
1.4350719e-05
0.99256104
0.85734665
0.9999573
0.00012639911
0.00045103542
0.9923975
3.1853575e-05
3.1311814e-05
0.4272575
0.5335727
0.55886364
0.42723325
7.4448003e-06
0.9955244
0.51486874
1.660841e-05
0.5601372
0.42808574
0.0014952502
9.3555056e-05
0.99983346
0.99425524
0.00012109027
1.5328285e-05
1.2495105e-05
0.9815175
0.00018723529
0.9971064
0.43020743
0.56051993
8.272443e-05
7.036148e-05
0.99767154
0.99962175
0.9980227
0.5879235
0.5187911
0.9997142
3.215855e-05
5.0519735e-05
4.505306e-05
0.85883576