0.9996972
0.9999635
0.037092894
0.9998877
0.14075689
0.0004757375
0.00027129994
0.99998915
0.059606075
0.81492823
8.8110464e-05
0.00019821558
0.0004937043
0.08813757
0.99994755
0.0035487942
0.0017351279
0.9993445
0.0054982863
0.99065113
0.8523623
0.0010410919
0.05017675
6.457779e-05
0.00089093315
0.010312621
0.9752094
0.9889508
0.19185624
0.9998716
9.0045236e-05
0.2032772
0.2353173
0.3790545
0.2882929
0.0010418766
0.9993604
0.9991565
0.9999896
0.9997906
0.0018832227
0.7305335
0.00037602332
0.008070949
0.00024463484
0.00068083627
0.99985254
0.996816
0.0008963221
0.99992216
0.9987036
9.93638e-05
0.999806
0.99981135
0.99267346
0.001004881
0.99988675
0.015129868
0.00078608794
0.0070219454
0.9999635
0.99990034
0.9997346
0.31621668
0.8928849
0.894367
0.9999944
0.00015918717
0.50733167
0.99992955
0.99993324
0.0057494943
0.8973298
0.3091532
1.7570088e-05
0.0001550214
0.00017243554
0.99984324
0.28224745
0.006878059
5.4637134e-05
0.0003056967
0.022790972
0.9998597
0.99973136
0.0004372794
0.99974316
0.999936
0.99943954
0.70580983
0.000216052
0.0008274375
0.9998084
0.9997142
6.0192256e-06
0.0035104807
0.9987387
0.9916256
0.99999166
0.9998553
0.10554651
0.11806522
0.0004873937
0.00038468922
0.0076692784
0.0003118939
0.00020373618
0.99288964
0.999173
0.9997582
0.0039693615
0.025217734
0.99789906
0.0011793391
0.0782357
6.2200976e-05
0.0013483764
0.013736331
0.99985194
0.89643973
0.99964094
0.99595284
0.003040897
0.9999429
0.003634023
0.9992131
0.0014423232
0.00050115254
0.00069591624
0.99651647
0.9993623
0.9868559
0.00039795425
0.9909116
0.0002354142
0.00096313254
0.26539132
0.9999236
0.24904752
0.00074826786
0.99941206
0.0006338333
0.9839733
0.0004241325
0.98662555
0.00037657542
0.00020535162
9.9800134e-05
0.004576118
0.00014110895
0.99987423
0.9920547
0.0030048
0.00015762221
0.0023690423
0.0016080874
0.99996686
9.5003365e-05
0.00034547233
0.98499876
0.99993575
0.99993837
0.541237
0.99997056
0.9998357
0.0016604094
0.99999774
0.9994708
0.0008200071
0.001386454
0.00093400374
0.29138303
0.004508613
0.4624967
0.0056486134
0.00016968769
0.0015152689
0.9999957
0.012097685
0.0015097557
0.5430459
8.921057e-05
0.00021444196
0.99999416
0.99347186
0.9998417
0.007853273
0.11333347
0.00024297257
0.99990654
0.00036028613
0.99985206
0.99992883
0.9999387
0.0066033457
7.5617725e-05
0.070444636
0.99188036
0.0002259278
6.0483213e-05
0.002293494
0.99927753
0.9993457
0.97510725
0.99984705
0.99996877
0.003140899
0.9999596
0.0032121178
0.006672154
0.018305711
0.005080191
0.9999747
0.0015795857
0.14843084
0.09871303
0.00088560994
0.10901456
0.0018444731
0.0009821249
8.521939e-05
0.99978596
0.00506947
0.00025582247
0.00084590644
0.9999814
0.9989029
0.0030648124
0.0036653085
0.00016880124
0.99968326
0.050508123
0.43348753
0.21998419
0.9947555
0.3966779
0.99968266
0.9999938
0.00048709693
0.00035143425
0.00045003215
0.00022460923
0.99993074
0.99649376
0.94282275
0.000950408
0.074625604
0.003541307
0.01598821
0.098423146
0.99999833
0.00075685646
0.98507
0.0012088525
0.0006186819
0.00091670227
0.9995382
0.99816304
0.99990463
0.9998883
0.9999541
0.00055713457
0.9998092
0.99846303
0.73276895
0.001906758
0.00038515564
0.0015482737
0.6326339
0.999527
0.27243477
0.8876725
0.00026405702
0.00039600098
0.87970406
0.077239044
0.10775257
0.0010682874
0.9965893
0.9978928
0.99999285
0.9999925
2.2786846e-05
0.0003887743
0.99968565
0.9994885
0.0045373417
0.99997365
0.00028051916
0.1986868
0.64430016
0.9995535
0.9971301
0.00070005667
0.99628407
0.0067129247
0.50264823
0.99799454
0.0006094415
0.999985
0.04043268
0.0010865259
0.63480526
0.9992304
0.9999951
0.0066009965
0.9998578
0.012966041
0.99992585
0.0012406441
0.00092161587
0.36476693
0.9999733
0.9992926
0.99980503
0.001229191
0.0013260785
0.0003438942
0.9970993
0.0007636954
0.0013294575
0.007976803
0.0002875397
0.00040305118
0.9999628
0.9996309
0.001649919
0.00016896694
0.22579166
0.9930642
0.8040977
0.00014632284
0.99989974
0.9997937
0.72415894
0.031869587
0.99987876
0.99990475
0.003564043
0.00027086344
0.0004901495
0.0014031583
0.9996779
0.0025195708
0.9994147
0.86744756
0.68835664
0.99934465
0.99988806
0.99966514
0.9983127
0.0001352061
0.99994695
0.0005576796
0.997412
6.5819935e-05
0.0014247118
0.9998957
0.9999529
0.99998856
0.0033638715
0.99399924
0.00090243074
0.0004561059
0.0018542266
0.0077143605
0.98576176
0.000727715
7.269355e-05
0.18951702
0.1825412
0.00080084027
0.9999646
0.00016245966
0.000215523
0.008151189
0.9993445
0.92624795
0.0005818967
0.0006887344
0.9999304
0.9980475
0.9532242
0.00048754516
0.00084787916
0.9867725
0.999915
0.0011119965
0.0061523477
0.9988832
0.99998975
0.010385712
0.00050324254
0.01490392
0.06984221
0.99940264
0.9973922
0.0018354799
9.7669195e-05
0.001240468
0.0002801725
0.9188824
0.99976534
0.00076878
0.88333774
0.06622997
0.9997373
0.9990639
0.9999585
0.008202994
0.9978017
0.003502097
0.9989096
0.99924624
0.0001016121
0.00016843372
0.99783295
0.00015006703
0.9999422
0.0013215559
0.0001339563
0.0059283287
0.0013778657
0.0010734679
0.996329
0.9999964
0.999678
0.00024956994
0.0024758736
0.0062008044
0.00090823654
0.99942267
0.011956654
0.06105765
0.0008299858
0.00032331378
0.9996438
0.9856192
0.98320895
0.0043158988
5.031785e-05
0.008669447
0.0001128728
0.9979881
0.99994814
0.0019066283
0.9997204
0.99919647
0.37492496
0.9999063
0.99895954
0.4507029
0.90109664
0.00033042542
0.1679455
0.00077223015
0.9999709
0.8425829
0.00090703834
0.00011311503
0.99996984
0.999995
4.3938664e-05
0.77076745
0.001220526
0.9999647
0.9992924
0.29440847
0.00014963209
0.0006886192
0.10866355
0.00021103956
0.9997664
0.99998176
0.0006386699
0.99444604
0.9983115
0.0005647808
0.9998379
0.007046805
0.0012569639
0.0058002905
0.013317138
0.9999515
0.0018424558
0.029323507
0.0021650563
0.99994636
0.9997929
0.02823017
0.9823632
0.95252484
0.999977
0.99935657
0.57748824
0.67967165
0.9999833
0.0004204838
0.037390664
0.99783367
0.0037601104
0.9997727
0.0005613945
0.00020992212
0.99017286
0.99843305
0.0014265248
0.014307411
0.00012734746
0.3507549
0.00042852657
0.96098554
0.00018419685
0.9999709
0.059619304
0.0023557935
0.9999331
0.001706923
6.330069e-05
0.0007601177
0.99993706
0.16772495
0.0008294244
0.9961267
0.99999464
0.9850103
0.027150076
0.000112545866
0.99903905
0.00015927173
0.98554057
0.18256603
3.25182e-06
0.0039564446
0.0004803048
8.949054e-05
0.00012514346
0.29417324
0.0006090338
0.9998523
0.14334022
0.9985353
0.050752223
0.998071
0.0025282418
0.0037878014
5.415095e-05
9.650096e-05
0.0012764583
0.99864596
0.00013585888
0.001488266
0.04921302
0.9997024
0.99999726
0.23920573
0.0012145275
0.0028857847
0.00024972062
0.9995659
8.042352e-05
0.999783
0.021610957
0.009463244
0.99949026
0.0010355889
0.99748355
0.999933
0.00062344776
0.9982699
0.99247813
0.00023592944
0.9987795
0.0006415787
0.9999987
0.996779
0.9999647
0.9927585
0.99758613
0.002952457
0.00026332794
0.0002980062
0.00042310078
0.004963611
0.9999603
0.8338386
0.0005843351
0.80116856
0.0003085548
0.9999337
2.9701252e-05
0.0010735876
0.00021820875
0.09659037
0.99974495
0.00028149466
0.0032430862
0.00030285644
0.9999356
0.0006962562
0.999998
0.9999863
0.99546117
0.00063333544
0.99658966
0.00012485024
0.048998237
0.114000656
0.0013326342
0.99992764
0.00044805137
0.9777776
0.0015254298
0.98931724
0.37202936
0.0009247494
0.0016674076
0.00070931035
0.99965346
0.9994247
0.995458
0.0001630304
0.00018561646
0.9833018
0.8840534
0.99994445
0.00041551376
0.99041104
0.8707681
0.11821604
0.0015302883
0.01291466
0.99849
0.9998387
0.00014069983
0.999874
0.99950576
0.0057102838
0.0015566065
0.00024779004
0.99947053
2.0193316e-05
0.9632404
0.9998945
0.0020188908
0.00010183987
0.012835375
0.00022731737
0.99995995
0.9944265
0.9995814
0.99560505
0.22359328
0.9999839
0.0018348877
0.9999337
0.98459077
0.9999833
0.0043793437
0.0013700298
0.008916165
0.0006142345
0.9992526
0.86005884
0.001364716
0.99453306
4.7277143e-05
9.683826e-05
0.99917346
0.00010816749
0.99898416
0.99991834
0.0010255919
0.9911946
0.96610826
0.9998871
0.16777642
0.0007524366
0.99950016
0.9893063
0.17127916
6.922619e-05
0.81505793
0.999959
0.9964976
0.99878746
0.99481106
0.9999256
0.9992872
0.0006431555
0.0068628187
0.9817572
0.00021504021
6.8796915e-05
0.004009143
0.00035200865
0.0003240377
0.0007653266
0.9995844
0.74978286
0.16040766
0.99993217
0.99998045
0.0118940445
0.00019381598
0.9996686
0.0008009517
0.9999312
0.9999745
0.99975616
0.8916328
0.99905664
0.0006000132
0.00011426994
0.99989605
0.020450149
0.0011695147
0.9974136
0.00019512395
0.3534945
0.00076795806
0.0005221967
0.85861295
5.560642e-05
0.001086708
0.00064119423
0.0013418902
0.056964602
0.0013505535
0.007859171
0.995216
0.9995634
0.0024309475
0.00014763912
0.9973035
0.0036270942
7.502409e-05
0.99991465
0.9998888
0.0017741777
0.99790204
0.112509675
0.9978721
0.00030508733
1.0
0.03561179
0.00065169693
0.005667462
1.49206135e-05
0.3256545
0.0009689605
0.0004274888
0.00013456738
0.99156016
0.7382357
0.0007864862
0.99630535
0.009608041
0.00030315891
0.0057193763
0.004117108
0.9988971
0.9998443
0.9892972
0.000523884
7.44841e-05
0.0012418105
0.97732234
0.000515601
0.9994404
0.0009100508
1.2279153e-05
0.9999968
0.00040378593
0.00027613237
0.9984528
0.9999789
0.00021455933
0.9997719
0.00021497627
0.00048315822
0.99841654
0.58909875
0.76697797
8.022452e-05
0.9998442
0.9988562
0.99803156
0.9999292
0.010188919
0.9999809
0.9946238
0.999966
0.0028792254
0.021502737
0.0009313107
0.00081726327
0.00063706277
0.99999297
0.0002995141
0.9999943
0.004926055
0.98719066
0.99998426
0.00034040355
0.00035850977
0.00018167705
0.58601254
0.9998883
0.999361
0.9999919
0.99999285
0.9788963
0.9638294
0.00019040769
0.08839
0.8775632
0.90213203
0.00021480006
0.9997328
0.92481273
0.9998646
0.9994311
0.00011226535
0.0053499783
0.9994191
0.9999875
0.00024371732
0.3740658
0.18567532
0.9997845
0.00013526245
0.0012065817
0.99987483
0.99812776
0.24923591
0.9992293
0.9960102
0.00041063866
0.0005378
0.016151698
0.9999559
0.9999887
0.096066914
0.9999871
0.99988556
0.9998017
0.99998677
0.99813
0.00044724956
0.001978191
0.9999007
0.00021067083
0.0044256398
0.00024624483
0.98307693
3.8744445e-05
0.00062587555
0.0003165193
0.13428727
0.9999827
0.07337121
0.9986878
0.0059907194
0.99990225
0.0034305835
9.693546e-05
0.0028649373
6.7858586e-05
0.00029837634
0.000625648
0.573181
0.11459872
0.99400043
0.00031212595
0.9999765
0.019277122
0.0019612778
0.015702648
0.26166794
0.999746
0.028954461
0.7343436
0.0001404469
0.012135126
8.496566e-05
0.99998164
0.032382477
0.008484003
0.25850368
0.4297705
0.9999963
0.0006211145
0.99976975
0.99968684
0.9969614
0.9525814
0.000764197
0.9845665
0.9995981
0.37046638
0.0006390532
0.9991142
0.049070645
0.99993074
0.007086735
0.0012212413
0.99971014
0.99777955
0.10707686
0.99929833
0.0015939032
0.00027577614
0.001831476
0.11314243
0.9997589
0.99961334
0.006058059
0.9999962
0.99977964
5.995398e-05
0.9999912
0.99997306
0.99813026
0.996345
0.9988103
0.11922625
0.0016239139
0.99991095
0.1008597
0.99917126
0.048171412
0.99948347
0.99983656
0.9956044
0.9999558
1.652444e-05
0.99996936
0.99995863
7.523838e-05
0.99980456
0.0004072663
0.00061244954
0.0001543697
0.00026698064
0.08394369
0.00050316507
0.9999585
0.99516016
0.9998171
0.00092716847
0.9962831
0.80630416
0.002188591
0.00050056697
0.99911743
0.96607155
0.046947517
0.9965969
0.99960345
0.99898785
0.000404051
0.9999622
0.00020396807
0.999271
0.00023660436
0.0007638704
0.005265578
0.9980434
0.0002534759
0.99997294
0.004132708
0.99094605
0.09536038
0.00081450364
0.98988754
0.9999908
0.0101553975
0.9998838
0.9993724
0.0003259662
0.98181194
0.00057534635
0.0012019589
0.43114328
0.00022737113
0.9396518
0.01501984
0.9998062
0.9997236
0.96157753
0.04460599
0.99997735
0.0001987447
0.95780987
0.35061833
0.056928486
0.001314762
0.0010819131
0.99991226
0.14611442
0.99521637
0.0006141845
0.99990106
0.62931645
0.0017081762
0.99972504
0.0009982069
0.3621239
0.99950004
0.0013128864
0.00018694361
0.9990821
0.9999969
0.15262131
0.15868485
0.9999764
0.00012914164
0.1768807
0.9997862
0.8732339
0.026122767
5.4775333e-05
0.00011472752
0.00587868
0.22724058
0.0015009163
0.99674726
0.9994454
0.9937389
0.00029157818
0.3177122
0.9959645
0.0018792831
0.00036222264
0.5712525
0.0022477158
0.9988801
0.99997175
0.99992824
0.99983037
0.0005674828
0.00062492816
0.96802586
0.99993074
0.9998838
0.99875987
0.99952257
0.011514286
0.99993646
0.0006099008
0.9999579
0.9994842
0.0007600895
0.0037809862
0.0011501384
8.495221e-05
0.98452747
0.9991604
0.9581489
0.0018723782
0.99995816
7.32946e-05
0.999961
0.0005985581
0.9986111
0.9991359
0.9994174
0.99997616
0.9996885
0.00023034327
0.008512217
0.0010340529
0.99888295
0.9946741
0.95585006
0.00045219774
0.9999825
0.99996686
0.9999949
0.0011753495
0.99958616
0.0012691282
0.9987846
0.99614125
0.99987805
0.0011406766
0.07129041
0.99982375
0.00013896437
0.00050035876
8.11219e-05
0.9997819
0.003956117
0.68057305
0.9950229
0.9923084
0.015469231
0.000184647
0.99697244
0.999845
0.000380793
0.9997023
0.9917247
0.00096498977
0.00016286712
0.00021816717
0.00055886497
0.9990689
0.024023661
0.007706838
0.98660374
0.99857986
8.484704e-05
0.00010935081
0.9987004
0.00019542764
0.98971975
0.0018416825
0.0010851816
0.0016710033
0.000648929
0.9977386
0.0007998416
0.00029186552
0.9997662
0.000562611
0.0020990467
0.9962746
0.053271387
0.0028908232
0.003089918
0.14226961
0.22749169
0.9978605
0.9994753
0.999684
0.0003404063
0.952478
4.1728763e-05
0.9993505
0.03672612
0.9999386
0.9996364
0.99987805
0.9909354
0.001274824
0.0024642807
0.1829716
0.96374756
0.14628868
0.86767936
0.0076053836
0.62275034
0.10303148
0.94845515
0.6087358
0.2303239
0.99508435
0.9376277
0.99988616
0.9998393
0.99799466
0.00022072038
0.00034508307
0.9877906
0.008795095
0.0008646626
0.0012463578
0.003485858
0.9708222
0.99892527
0.9999634
0.999658
0.0009305422
0.9999795
0.0014082822
0.0018450016
7.10527e-06
0.9969789
0.0005464671
0.00079588423
0.1964493
0.9999894
0.00025400307
0.056306325
0.0015007626
0.0002350845
0.00014017691
0.0007349247
0.002770992
0.9987471
0.0010391456
0.9999232
0.00015406722
0.14637955
0.0010942683
0.99959487
0.3542483
0.0004928114
0.0014929879
0.9999616
0.9982344
0.00014886503
0.00037841903
0.0002648457
0.266583
0.972903
0.99997663
0.0032257484
0.99665076
0.97564155
0.99936646
0.0008396483
0.99985445
0.00043677926
0.0008870896
0.45571944
0.99518484
0.0009829168
0.0047354545
0.9976693
0.0004842117
0.0010560232
0.00096007844
0.00724091
0.9997843
0.99990594
0.0013168888
0.20415749
0.99993503
0.0018130755
0.42050925
0.99585754
0.00050452683
6.639784e-05
0.9999609
0.00037741693
0.0019335359
0.9989722
0.108652934
0.99971575
0.00073921814
0.00033783188
0.000175044
0.00036459492
6.18589e-05
0.99851304
0.0022414962
0.0011533783
0.25922266
0.9999155
0.99999356
0.9948144
0.9990127
0.00063385686
0.0010488643
0.9976211
0.000112774476
0.26931623
0.0030727468
0.12230889
0.999506
0.2810461
0.00088851666
0.9999063
0.040958177
0.0039419024
0.019646961
0.9872578
0.99813014
0.00066887
0.9992106
0.00052003673
0.008243934
0.08667522
0.9996667
0.00029522495
0.9999027
0.9987676
0.0003517738
0.00013728288
0.9998671
0.002295626
0.9999244
0.0015362003
0.89314526
0.009597638
0.0007777113
0.9981621
0.00038419923
0.0006859599
0.9808669
0.9999181
0.0014028397
1.430197e-05
0.99997413
0.99886656
0.9979582
0.9996617
0.99994826
0.99583685
0.9998447
0.0016514929
0.9998369
0.0005987772
0.6392899
0.0001812732
0.001111206
0.9999995
0.00074000296
0.9939493
0.9999423
0.000555436
0.0004997625
0.001048655
0.0012514789
0.99957997
0.0029696303
0.99915683
0.0009049377
0.21215402
0.9998216
0.9998223
0.99964654
0.9958312
0.0012358993
0.9833672
0.0012334937
0.005540435
0.0014811073
0.019896047
0.00022644884
0.9989832
0.013298905
0.23693961
0.000105089704
0.036450893
0.9996879
0.9986754
0.9990159
0.9998945
0.99941516
0.6854729
0.97720337
0.9987104
0.0040676994
0.8514844
0.99997854
0.00026354194
0.23861523
0.99943036
0.00013257122
0.99958414
0.00062141323
0.99994767
0.9999398
0.9998915
0.9999535
0.9999889
0.9997905
0.0006566065
0.0004880955
0.00021615563
0.0010074597
0.001632318
2.3904671e-05
0.00027504904
0.99978334
0.99726117
0.9965076
0.27090284
0.25806364
0.00060795137
0.23595898
0.06732311
0.1692677
0.0010847496
0.9980354
8.5745414e-05
0.99747235
0.00027146915
0.38751346
0.99990547
0.9996278
0.9999939
0.00016841604
0.92515326
0.002366599
0.79083854
0.0001777726
0.0005743815
0.0003029272
0.035663698
0.9999063
0.0004960087
0.000958953
0.9999609
0.9998399
0.99999356
0.00035504895
0.9982893
0.909714
0.9999999
0.0001566761
0.00012743603
0.99979955
0.06535131
0.0007474661
0.06745543
0.98135453
0.9996885
0.009227248
0.00555791
0.9997603
0.9903467
0.001142579
0.9999647
0.3190944
5.5548437e-05
9.1278744e-05
0.9999553
0.9997733
9.0168374e-05
0.0007869465
0.006278024
0.9949189
0.034601543
0.97281456
5.353384e-05
0.9999007
0.00024770002
0.0024720868
0.99977607
0.9999418
0.99970007
0.99997866
0.01056977
0.999801
0.00076795404
0.008997389
3.9900846e-05
0.9992828