0.56249195
0.99999607
0.41569266
0.56617683
0.41587245
0.0001054539
8.586364e-05
0.9999987
0.41585496
0.6321948
0.005047528
8.6606946e-05
0.00012567261
0.41505077
0.9999769
1.4897081e-05
1.9778308e-05
0.071761034
0.00031764142
0.55157477
0.9432641
8.822235e-06
0.41539258
0.00013872182
9.370057e-06
8.226965e-06
0.5475347
0.98389614
0.41567996
0.99967504
0.00026448283
0.4147417
0.6706625
0.41558397
0.4147652
0.41412815
0.56009376
0.99903905
0.99999964
0.99989676
5.785516e-06
0.54368013
2.245119e-05
0.41513413
0.00042510702
1.0448678e-05
0.56686354
0.98103106
3.65699e-06
0.99992514
0.9998099
6.917531e-05
0.99970704
0.9998658
0.54235816
2.1916824e-06
0.5589431
1.9098878e-05
3.0629522e-05
2.0543943e-05
0.5710601
0.99986434
0.5625997
0.41457826
0.8498459
0.9478333
0.57663184
9.12462e-05
0.8925685
0.57151985
0.9996197
3.0399342e-05
0.9934129
0.08321492
0.013375206
3.2646647e-05
0.00021398219
0.5653254
0.41492236
0.4152863
0.0002649207
0.00017822727
0.41576904
0.99968886
0.9997706
7.194453e-05
0.5637651
0.9998845
0.99934036
0.985743
5.868487e-05
2.5563684e-05
0.9998398
0.99957865
0.005839512
0.00011304763
0.99913615
0.8865708
0.999998
0.9999912
0.41531476
0.4139837
0.0001810281
0.00012140636
0.41561493
3.0683255e-05
7.566844e-05
0.97606725
0.9951062
0.99994326
0.0005099093
0.41442564
0.99842167
3.1572068e-07
0.4147743
0.00013920493
2.588838e-06
0.00037248142
0.9996753
0.28439274
0.99774504
0.9999502
1.1968659e-05
0.9999999
2.9847558e-06
0.9998419
2.925915e-06
6.8548334e-06
2.0132036e-05
0.9424985
0.9997384
0.9856
1.2117595e-05
0.99879444
3.195791e-05
3.9051138e-05
0.119094975
0.99999917
0.41570634
2.2616012e-05
0.99999416
3.7878013e-05
0.9977952
0.00018945675
0.9955954
4.791346e-06
7.4386495e-05
0.41773856
6.250929e-05
0.000117100986
0.9999428
0.9902654
0.4137342
0.000101119236
0.0023572317
0.41320258
0.9999969
0.0001648652
7.7983466e-05
0.9990897
0.9999896
0.9999937
0.35781845
0.99868816
0.9988703
2.4266415e-06
0.5831802
0.5516076
8.4450054e-05
1.1402123e-05
1.17528925e-05
0.413839
1.5283897e-05
0.5145348
0.0011885512
9.379624e-05
0.00016391234
0.9999925
3.26338e-06
4.922537e-06
0.28030038
0.00014015152
0.0001063686
0.9999995
0.9789053
0.9996474
0.41571012
0.41527754
2.7050542e-05
0.9988223
4.6180652e-05
0.9999727
0.9999918
0.9997981
1.8425768e-05
3.3282842e-05
0.41508734
0.9975101
0.000106880325
0.00027399661
7.286094e-05
0.9999099
0.9998375
0.99995065
0.9999312
0.99999917
9.294968e-06
0.999995
0.00021674793
2.7450951e-05
0.41573265
0.41593933
0.99996305
2.285987e-05
0.41514063
0.41414672
7.2950784e-06
0.091744676
2.4724013e-05
2.6575814e-05
6.910839e-05
0.99993217
9.462606e-06
4.0545016e-05
4.5746583e-05
0.99997354
0.9522089
0.0028854623
0.41468072
0.00017073956
0.9995023
0.41595253
0.4083169
0.41320193
0.5486442
0.41454822
0.99997973
0.9999999
3.5589392e-07
0.00010341819
2.6978047e-05
8.042383e-05
0.9998147
0.9733882
0.3139043
9.87447e-06
0.41495845
8.981216e-05
0.41446936
0.41826957
0.99999917
0.0002012316
0.74346715
2.1895927e-05
0.00011831849
2.0295631e-06
0.9988576
0.997375
0.99962866
0.9999956
0.99998426
0.00016607836
0.99996686
0.99686795
0.14061786
0.001617597
0.00014313096
6.457484e-05
0.5290547
0.9994854
0.41597307
0.56694937
3.4126562e-05
0.00021336265
0.9869878
0.54386735
0.31086957
4.1903066e-05
0.99983084
0.9953526
0.99999774
0.9999999
0.005335613
8.7383836e-05
0.99991906
0.9995437
0.4139844
0.99984515
3.5325884e-05
0.41520086
0.725368
0.9997464
0.5606644
4.3433953e-05
0.9997009
0.00012236404
0.5461222
0.99444443
1.4239855e-06
0.9999491
0.41454518
1.2878085e-05
0.22649798
0.9996791
0.999997
2.8846855e-05
0.5610856
1.5224457e-05
0.99999833
4.7586677e-06
2.559542e-05
0.59515405
0.9999963
0.9984169
0.9999895
5.046807e-06
6.710375e-06
1.9888275e-05
0.9995504
1.5100636e-05
2.288013e-05
1.7678482e-06
5.914658e-05
0.00010087682
0.9999734
0.55931896
0.00021223394
1.8938816e-05
0.41430265
0.996084
0.77752596
0.00027175635
0.9999622
0.99998295
0.8363779
0.4154982
0.99999475
0.9999052
0.00031390152
0.00017803721
0.00010012003
8.397471e-06
0.9996817
0.41717607
0.99995136
0.6019044
0.80325854
0.99891436
0.9999852
0.9979418
0.9629219
4.5538876e-05
0.9999883
0.41737217
0.9951959
7.85438e-05
1.0472311e-05
0.56718147
0.99999845
0.5833468
0.00017899484
0.9711898
1.3899387e-05
0.00017536509
2.555663e-06
0.41436037
0.9787707
0.00011645068
9.704533e-05
0.4150706
0.41460305
1.1479369e-05
0.9999969
3.844397e-05
0.000107651045
1.30161e-05
0.999708
0.87139577
4.7490823e-05
5.273746e-06
0.99998677
0.98668736
0.98814315
6.8076156e-06
5.268442e-05
0.93877566
0.9999496
0.41789433
0.0003363023
0.9996784
0.57445353
9.115763e-06
9.8537894e-05
4.810438e-06
0.41623744
0.9985489
0.99891996
2.5143065e-05
8.2287304e-05
5.716938e-05
0.00025578612
0.98551416
0.99922776
0.41765717
0.5463472
0.41510144
0.999843
0.9999851
0.9999174
0.41570896
0.98447126
0.41540974
0.998103
0.9999224
0.00020113798
0.0001932165
0.98531175
0.00018742052
0.9999982
2.3357316e-06
0.00063285575
0.41538578
2.2618968e-05
1.5685813e-06
0.99992144
1.0
0.99996114
0.41545525
0.0006051594
0.000722596
5.333795e-06
0.9993113
0.41590407
0.040627602
0.00018585147
6.53308e-05
0.9999933
0.5512009
0.71345687
0.41499066
0.00020019797
4.2495817e-06
0.00035593688
0.9925355
0.9999844
1.2454454e-05
0.99993765
0.9999399
0.41506532
0.99997914
0.98110926
0.41523778
0.9316274
6.0076112e-05
0.550132
7.129796e-05
0.99998546
0.9623829
1.1119286e-05
0.00071133266
0.99995565
0.9999882
9.5311974e-05
0.9678569
8.187424e-06
0.99999297
0.9995964
0.37769294
0.00013365557
4.149903e-05
0.41527689
9.335436e-05
0.9999887
0.5778347
3.2554748e-05
0.9976478
0.9840651
1.6571328e-06
0.9999069
0.00042517003
1.33890135e-05
0.41493976
0.41493785
0.99924254
4.07972e-06
8.473069e-05
1.8806673e-05
0.9999789
0.999577
0.41488254
0.546028
0.8490706
0.99999905
0.98766357
0.413835
0.41591755
0.99997306
7.966401e-06
3.1231384e-06
0.5503242
0.41359633
0.9999337
2.2894472e-05
0.00019773592
0.9883768
0.99948585
2.6374313e-05
0.41288802
0.0002280407
0.076278865
1.7637054e-05
0.95236325
5.3749092e-05
0.99998057
0.41620374
0.41359192
0.5689292
4.5922197e-06
0.00031454678
2.7885304e-05
0.5855725
0.5963048
9.993897e-06
0.999529
1.0
0.9285867
0.41449508
0.00012598469
0.99465007
9.582496e-05
0.999173
0.41404215
0.0052324217
0.41453928
6.808253e-05
0.00012245977
8.841371e-06
0.41521907
1.1118405e-05
0.5658502
0.4153412
0.99996376
0.4155378
0.99853456
0.41552028
2.5729705e-05
0.00014449914
0.00019301155
5.672056e-05
0.999943
0.00018315043
5.262623e-06
0.41552722
0.99992394
0.99997556
0.415648
7.425833e-06
0.00017074119
6.439141e-05
0.9998467
9.123898e-05
0.99995625
0.53837305
0.41543677
0.9999838
0.00031875746
0.9992669
0.99984324
4.5375058e-05
0.97887254
0.99663514
7.042162e-05
0.55171967
2.801057e-05
0.99999
0.99914694
0.99998796
0.99848735
0.99117225
0.0006417659
0.00015134599
0.00011461522
1.3792762e-05
0.0005961697
0.999944
0.24606934
0.00018751167
0.7825681
3.2562166e-05
0.9999989
0.0030657158
1.1421702e-05
0.0006478198
0.5409009
0.5601224
1.9840916e-05
0.00019049396
0.00051858067
0.9999691
1.0159238e-05
0.9999993
0.99999964
0.99485177
1.3579277e-05
0.97055244
0.00019564577
0.41573402
0.41456014
2.0887104e-05
0.56526387
5.168341e-06
0.6708066
1.824361e-05
0.99955684
0.54267794
7.8746125e-06
0.00013296242
2.3244931e-05
0.99858886
0.99921596
0.9979874
0.41820082
1.4989984e-05
0.8695435
0.5452759
0.9999745
0.000121868696
0.96503633
0.8258361
0.4155995
5.1403476e-05
0.4157692
0.9958354
0.99959105
0.0002382428
0.99999917
0.99928826
4.0950697e-05
0.00013733748
8.1378355e-05
0.99956197
0.010806484
0.9164458
0.99992645
1.8930095e-05
0.00021233958
0.0002088349
0.00082955795
0.57202446
0.9915017
0.9988317
0.9927953
0.41419804
0.62663716
1.0524172e-05
0.9999496
0.99944896
0.9999993
2.4784847e-06
0.00036632054
0.41530752
3.7912203e-05
0.99953187
0.23896088
3.4052668e-05
0.9985831
0.0008017184
0.00014667724
0.9987915
0.418687
0.5520952
0.99995685
4.166728e-06
0.9221773
0.9988273
0.9994615
0.22902533
4.462001e-05
0.9996112
0.99366117
0.55680454
0.0001478021
0.7459716
0.9999956
0.9883299
0.99986935
0.99758446
0.99998164
0.9997174
2.9471248e-05
0.00012636898
0.94816583
0.00028508165
0.0007168982
0.0002724503
0.00019221485
7.130721e-05
1.051061e-05
0.9998349
0.3274827
0.41408274
0.5633548
0.99999607
0.0003789752
0.00031025152
0.99982244
2.2981443e-05
0.99997425
0.9999862
0.5638202
0.5471936
0.9986241
3.8570735e-05
0.0011224989
0.9999963
0.41523477
4.5192908e-05
0.9788916
0.00021991604
0.5480099
2.1724916e-06
6.851173e-05
0.9179779
0.00014747816
1.9014135e-05
5.213406e-05
4.0370996e-06
0.41622
1.6862698e-05
0.00028245331
0.9975926
0.9982412
0.41088176
0.000104256964
0.99392915
4.510766e-06
0.00023434062
0.99992025
0.5728269
0.00017313095
0.5510706
0.41465178
0.9999547
4.3584525e-05
1.0
0.02514497
2.6022763e-05
0.41497836
0.0027627281
0.41517657
2.5028019e-05
0.00014736177
0.0004230177
0.9694611
0.54747003
6.6234115e-06
0.9990759
0.00014821872
0.00040480978
0.41684002
3.8489896e-05
0.99733233
0.5639933
0.8861579
4.3188447e-05
0.0011374267
6.202021e-06
0.9689765
6.2993454e-06
0.9997501
1.1700086e-05
0.020322327
0.587071
0.0001681904
3.8066537e-05
0.9982925
0.9999994
0.41741613
0.9992706
9.303852e-05
2.2205263e-06
0.99749076
0.22838916
0.17355908
0.00025122057
0.99998295
0.9997582
0.5506051
0.99999547
0.0001762033
0.99999714
0.99623483
0.9999323
1.23069385e-05
4.0694387e-05
5.0609046e-06
0.4153106
4.500033e-05
0.99999964
4.05519e-05
0.99999475
0.41553628
0.7721836
0.99999654
0.00022954217
9.19895e-05
8.4018706e-05
0.54151887
0.99997437
0.9993368
0.99999857
0.57830364
0.5616892
0.89378494
3.2631986e-05
0.4139672
0.86558354
0.84340286
0.00016705401
0.99950385
0.9985868
0.99999547
0.99883276
0.0002953311
2.3484614e-05
0.9897181
0.99999964
6.835915e-05
0.43222308
0.41501695
0.9999994
4.7859176e-05
0.00044091255
0.9991303
0.9978515
0.42295548
0.9969964
0.98640984
6.234783e-05
5.132848e-05
0.0002954305
0.9999994
0.9999995
0.41270813
0.99999976
0.5569686
0.99924845
0.9999964
0.9987947
3.1420182e-05
0.0001253154
0.9999224
7.340546e-05
1.6654327e-05
3.880579e-05
0.9360572
0.000104550454
7.792132e-05
2.490191e-05
0.41438562
0.99999857
0.415731
0.99069947
2.28984e-05
0.56930214
0.00021889496
0.41787907
2.3534948e-12
2.585229e-05
0.00023855126
0.00011528308
0.42198986
0.4159641
0.9943931
5.5597935e-05
0.99980015
0.41527534
3.8790586e-06
2.5221836e-05
0.2498131
0.5579887
0.4156765
0.5496015
4.155717e-05
0.41633338
0.00082811934
0.5894621
0.4147012
0.09229295
0.4155556
0.41482306
0.9999988
0.000183443
0.9999348
0.99923813
0.95505804
0.9771236
0.00013426847
0.99997807
0.99991906
0.73921484
4.340592e-05
0.99992347
0.33930963
0.99986506
0.15549637
2.246234e-06
0.55451065
0.9988086
0.4154892
0.99989533
1.0848905e-05
2.5191091e-05
3.2117782e-06
0.33744037
0.9999906
0.5567989
0.41500556
0.5825552
0.9999685
7.644324e-05
0.99999905
0.99966705
0.98780096
0.99836415
0.9883045
0.4148191
1.0931552e-05
0.99855477
0.4162905
0.9993831
0.41554213
0.9999881
0.5649825
0.99483585
0.9999982
0.0060215867
0.5717554
0.9999335
0.00024647382
0.9991736
0.00021627417
7.1586815e-05
7.8502315e-05
0.00012711356
0.41499287
1.834137e-05
0.5649085
0.5540345
0.9998204
0.00012599141
0.97927135
0.64285696
2.1099358e-05
8.7960616e-05
0.99938047
0.9950653
0.41401452
0.93502724
0.99987197
0.99564856
3.4486995e-05
0.9999819
0.00025795205
0.9996044
1.9131636e-05
7.392115e-06
0.41492495
0.9989015
0.00010049757
0.9999988
0.4156585
0.986284
0.41567636
8.821293e-06
0.97758377
0.99999857
1.6222772e-05
0.999998
0.99945146
0.00011794293
0.97775936
2.3336609e-06
2.1345859e-06
0.41427746
0.4176148
0.80238396
0.41456458
0.56861997
0.55404955
0.9834911
0.4164394
0.5739148
9.482859e-05
0.9824289
0.4143756
0.41566226
9.588327e-06
1.0158849e-05
0.9999896
0.4153879
0.5549727
6.1118735e-05
0.9998276
0.79483783
2.2294882e-05
0.99889237
3.842054e-06
0.41542742
0.99818856
0.0007001444
0.00011179382
0.99769956
0.99997747
0.41541982
0.16239367
0.5878947
5.778733e-05
0.41519696
0.99998975
0.41349664
0.41573086
0.016551493
2.7779852e-05
0.41568327
0.41464522
0.41560912
0.9965725
0.9998398
0.9800465
3.923988e-05
0.41516137
0.99477625
1.14098575e-05
1.16743395e-05
0.7196825
7.098443e-06
0.9969318
0.99998987
0.9998319
0.9999621
1.4157233e-05
0.0001803854
0.95524824
0.9999745
0.99994695
0.99810046
0.5657372
0.41580212
0.99999774
5.416973e-06
0.99997413
0.99996734
7.800698e-06
6.7680994e-05
0.00014551944
0.0003742251
0.9989654
0.9810059
0.99932647
2.5096711e-05
0.99999905
0.0004411181
0.57002926
7.964832e-05
0.9982932
0.9986185
0.99718577
0.99999356
0.99990153
7.140315e-05
0.41587943
2.485287e-06
0.99621224
0.9410599
0.56119627
9.7572854e-05
0.9999958
0.9999987
0.5858081
3.546363e-06
0.9998777
8.942571e-05
0.99799734
0.99619293
0.9999833
1.8612318e-05
0.41605288
0.9999076
5.0597457e-05
1.7226446e-05
0.00014190195
0.9997595
0.0005548349
0.31316125
0.9909129
0.83974355
3.4026052e-05
5.0615792e-05
0.99705267
0.99996233
6.296037e-05
0.9999782
0.5493132
4.9772218e-05
0.0003216677
0.00011612722
4.3336117e-06
0.9998136
0.41628063
0.00022889896
0.98666734
0.9847152
0.00014991342
0.0041573276
0.999961
0.00014813396
0.9806011
4.9874398e-06
6.0825052e-05
7.18946e-05
0.00011004086
0.98452616
4.5010973e-05
0.00012931132
0.99668175
5.004679e-05
1.9418792e-05
0.56217134
0.032169282
0.00010914059
2.8296022e-06
0.41457212
0.41551223
0.9869533
0.9995782
0.9999362
4.282128e-05
0.8989563
0.000827704
0.9991448
1.4871716e-05
0.9999895
0.9995529
0.99927205
0.9998037
1.5022107e-06
5.1226366e-06
0.41469556
0.98659295
0.41589537
0.7088694
0.535412
0.56256884
0.41590947
0.69938123
0.8348473
0.41400862
0.7410335
0.7203386
0.9999336
0.55922914
0.99919826
6.6610764e-06
0.00020926884
0.99532914
0.0013302662
4.8448706e-05
3.5576533e-05
9.049303e-05
0.9402986
0.9959001
0.99999726
0.99968994
4.57598e-05
0.99999917
0.0002441939
8.6360684e-05
0.002602383
0.9749223
9.223109e-06
3.306569e-05
0.41466343
0.9999515
0.0036327664
0.4161711
2.3908299e-06
3.4555833e-05
0.00037397936
3.5035544e-05
1.8115214e-05
0.99897635
3.7349197e-05
0.9973455
0.0013851619
0.41534942
1.9056384e-06
0.9963905
0.47944263
7.631657e-05
9.272073e-06
0.9999951
0.997547
0.00021070518
6.731257e-05
4.62768e-05
0.41431302
0.92354226
0.99999785
8.7078337e-07
0.99984443
0.85627276
0.99968374
1.4573426e-05
0.99999774
0.00013006195
5.6792114e-06
0.68870413
0.9998092
4.385966e-06
0.415422
0.9981389
4.3691933e-05
9.805535e-06
1.8283601e-05
0.0004966285
0.9999645
0.99992335
2.8823583e-06
0.41519248
0.9999943
4.715507e-06
0.66525567
0.99917465
4.3401986e-05
6.9189235e-05
0.99999774
0.0006198573
6.1425904e-05
0.9999229
0.41545343
0.99999046
5.0969677e-05
0.00033316697
0.0001370953
0.00011843113
0.005789129
0.9987387
0.41285357
3.8962985e-06
0.41576204
0.99998486
0.698637
0.99877137
0.55159086
1.6918817e-05
4.50785e-06
0.99775887
2.834147e-05
0.41546866
0.0001363895
0.41560096
0.99954516
0.41560915
0.08115593
0.9999907
0.41550463
9.889664e-05
0.43085566
0.9492957
0.9977769
4.781146e-05
0.997009
1.4337504e-05
0.4155113
0.5483387
0.9995394
0.00013591447
0.57418954
0.99877924
5.4781445e-05
0.0003641281
0.99994695
1.5385665e-05
0.9999764
6.3165385e-06
0.96413225
0.4155323
1.657109e-05
0.9994937
3.2958997e-05
1.0856646e-05
0.5472608
0.99977523
8.027597e-06
0.002774313
0.9999974
0.55986035
0.9999832
0.99715495
0.563246
0.99960166
0.5689435
2.4371152e-06
0.9999981
4.0533185e-05
0.41490254
0.00012546187
1.0322055e-05
0.99999905
1.5819329e-05
0.99911636
0.5674489
2.1263158e-05
4.6389956e-05
5.1071643e-06
8.18143e-06
0.9984769
0.0004462922
0.99955326
1.8787978e-05
0.41582236
0.5626704
0.99237216
0.99930704
0.9552489
0.00011055202
0.9409454
2.789634e-05
0.00016997707
1.461103e-06
4.4358553e-06
3.879147e-05
0.99947685
0.4161432
0.4152773
8.05047e-05
0.369895
0.99947006
0.99884605
0.9989807
0.9999207
0.99989986
0.807241
0.99847966
0.9983032
0.00024799354
0.98693967
0.57661945
9.034179e-05
0.7236434
0.99991465
0.00055110623
0.99788254
8.843108e-06
0.56617624
0.9999999
0.9999994
0.57917154
0.5741142
0.999954
1.9863483e-05
5.6629706e-05
0.00012262264
1.4478257e-05
0.41741437
0.007876279
9.7783726e-05
0.9998801
0.9996711
0.87818396
0.4155871
0.41475484
0.0046461
0.41535074
0.41574067
0.46495184
7.150658e-05
0.99531686
0.001032539
0.9977603
3.3182565e-05
0.06323483
0.99994075
0.99998
0.60112363
3.9551178e-05
0.9901968
0.00014749054
0.65129554
5.7638626e-05
3.504965e-05
0.00025486446
0.41482157
0.999966
5.8941012e-05
6.460521e-05
0.561176
0.9999565
0.57826185
5.128078e-05
0.997451
0.8775953
0.9999999
0.00059879717
0.00037091592
0.99999356
1.0491022e-05
4.009285e-05
0.4149139
0.5427679
0.5584077
0.4153175
0.00054933544
0.99953973
0.55461115
4.064473e-06
0.5662322
0.41419816
0.014433832
0.00016143463
0.9999896
0.9998673
0.0004490748
2.2068878e-05
0.0006766807
0.9804869
6.166354e-05
0.9906757
0.41671327
0.5753513
0.0001565917
1.1025845e-05
0.99982697
0.9999738
0.9991757
0.5835681
0.06790701
0.99996114
1.4252057e-05
1.2678673e-05
0.000117249714
0.99937063