0.5246086
0.9999732
0.4379629
0.54881454
0.4263054
0.00071884075
0.0015498395
0.99998426
0.43708223
0.8395318
0.012160928
0.001379113
0.000986043
0.43159282
0.9997321
0.00037654975
0.0010267582
0.91281927
0.00056548126
0.49597114
0.9418702
0.0009435114
0.4381128
0.0008075163
0.00015482816
0.017503005
0.49191183
0.9831199
0.45912296
0.99758875
0.00087378593
0.42682302
0.48367146
0.4484442
0.43505275
0.44431666
0.5159055
0.9995604
0.99918276
0.9999132
0.0012351143
0.4750518
0.0010477827
0.4445151
0.00083829
7.874133e-05
0.532241
0.963879
0.0005154457
0.99997175
0.99972266
0.0011709895
0.99835604
0.99831784
0.49406376
0.0004958823
0.52507794
0.0017167943
0.00052359677
0.0049822745
0.55326295
0.9993955
0.54593897
0.43901944
0.98149455
0.9330472
0.5664677
0.00023117472
0.98281974
0.53628784
0.99875605
0.0006776358
0.9908612
0.2902884
0.012622382
0.0005373199
0.0005793576
0.54086465
0.44151127
0.43907732
0.0017043784
0.0006826054
0.43752074
0.9985158
0.9998153
0.0008895098
0.52677965
0.998735
0.99998474
0.95551515
0.00083254895
0.00090973836
0.9996258
0.9940247
0.011077367
0.0010504528
0.9997819
0.9832123
0.99990547
0.99986637
0.44118506
0.43949556
0.0006631479
0.00055670645
0.44308457
0.00059660454
0.00040209715
0.9900085
0.99965954
0.99985826
0.00065538206
0.4465823
0.99707925
0.00042282918
0.41998255
0.00079196575
0.00080937677
0.0011422994
0.99938357
0.95204777
0.99980384
0.998439
0.0013426029
0.99992204
0.00039720576
0.99991643
0.000645353
0.0011053386
0.0007965493
0.99543047
0.9984067
0.9937405
0.0007403987
0.9917264
0.0008944532
0.00064308563
0.4634149
0.99984527
0.43898252
0.00056665123
0.9996288
0.0010567841
0.8945984
0.00069941283
0.9882726
0.00060198456
0.0003272525
0.41738322
0.0008490267
0.00085846573
0.99101686
0.99329114
0.44892028
0.0016542429
0.00057214644
0.43912452
0.9997813
0.00025278662
0.0006139235
0.9532918
0.99978775
0.9994566
0.41055506
0.9996061
0.9993364
0.0006440679
0.6284149
0.52216625
0.00021705483
0.00030826987
0.0008524017
0.44389847
0.00829223
0.6808939
0.00089310174
0.0005597331
0.0015230654
0.99967384
0.00026659376
0.00051814294
0.5550571
0.000398755
0.0010093263
0.99981445
0.9598311
0.99421024
0.44291958
0.44112265
0.00080931815
0.9979651
0.0007121283
0.9994659
0.9998185
0.99041814
0.0077863727
0.0015872561
0.43809867
0.99952674
0.0004984273
0.00052918406
0.0011311037
0.99975747
0.99992657
0.96704304
0.9994863
0.9997681
0.0034357714
0.99987185
0.00046315911
0.0013051454
0.43321142
0.44066444
0.9981717
0.00067573786
0.43640062
0.44381958
0.00046954816
0.34727362
0.00034742
0.0006549428
2.9072431e-05
0.99998105
0.0003648731
0.0010610345
0.00075443333
0.99934226
0.9960588
0.00064898713
0.45052946
0.00026340378
0.9990274
0.4367816
0.5863025
0.43905893
0.5001757
0.36877277
0.9999218
0.9999496
0.0006651642
0.0007625152
0.0008866109
0.000590202
0.9997873
0.9984592
0.991004
0.00030503498
0.4376856
0.0006254975
0.43614268
0.27882528
0.99977463
0.00048576412
0.8039164
0.0006224055
0.00042204515
0.00053655554
0.9962584
0.95082504
0.99743265
0.99982435
0.9996371
0.00040483213
0.99996376
0.9997098
0.5001609
0.0005623973
0.00092458335
0.0004015528
0.38452724
0.999554
0.4433641
0.74144787
0.00092000724
0.0011776816
0.60019916
0.46916378
0.35506818
0.0007302162
0.99900925
0.9941702
0.9997136
0.99992025
0.010213826
0.0013104721
0.9995159
0.99824584
0.44241202
0.9991824
0.0003127959
0.4218773
0.8356818
0.9999355
0.5001898
0.00061273447
0.99982554
0.0004317924
0.55666745
0.9997106
0.0010741118
0.9943926
0.45494416
0.00063719763
0.81761026
0.9995609
0.9995578
0.001378379
0.5320739
0.0014293437
0.9995376
0.0002501152
0.00083335536
0.34081218
0.9998253
0.9977062
0.99966407
0.0005467628
0.0012130257
0.00068442896
0.9924158
0.0010760865
0.0001210315
0.0042088134
0.0004588891
0.00035137142
0.9998956
0.5215888
0.00047494436
0.00014216523
0.4353903
0.99473107
0.93704903
0.0008887487
0.99674535
0.9999633
0.7717691
0.43913713
0.99994147
0.9997048
0.0008720326
0.0008642767
0.0007535991
0.0002840688
0.9997166
0.419287
0.9996619
0.67494553
0.89044124
0.9711169
0.99976724
0.9971433
0.9710811
0.00035049088
0.99972004
0.41295677
0.99393725
0.0009587416
0.00052513566
0.5318921
0.99995804
0.5594924
0.000391166
0.9901327
0.0009383775
0.00054968736
0.00035131985
0.44506115
0.9958657
0.00044642025
0.00032683936
0.4350079
0.4305987
0.00033586877
0.9998165
0.00035763314
0.00047996774
0.00085518364
0.99959844
0.95619565
0.00036498826
0.0017799591
0.99961144
0.9264344
0.9700504
0.00010017275
0.0033284824
0.95344335
0.99580115
0.44541672
0.00042534375
0.9995685
0.57535666
9.898835e-05
0.00080924726
0.0020412286
0.4415044
0.997171
0.9917321
0.00056143006
0.0009862111
0.00076076953
0.0010374181
0.86134183
0.99814296
0.43451992
0.47343418
0.4001429
0.9997534
0.99793255
0.9990658
0.46349573
0.9961979
0.42881444
0.98753184
0.99998856
0.0006283943
0.0007834787
0.9722138
0.0006092402
0.9999559
0.0005668676
0.0007028486
0.4417488
0.00030184208
0.00052717933
0.99191487
0.9999007
0.99994266
0.4366091
0.0005367704
0.002364858
0.0009004818
0.99509287
0.42624205
0.14110902
0.00085067394
0.00044816564
0.99997354
0.52099967
0.96180075
0.4413783
0.00051126105
0.000684672
0.0012005531
0.99930906
0.999936
0.0010515914
0.9998024
0.99939024
0.43413323
0.9999039
0.9996674
0.44264057
0.9080577
0.00045858603
0.21416315
0.0011488316
0.9986168
0.9837213
0.0003635192
0.00064462796
0.9927862
0.9998789
0.00051445497
0.98351306
0.0005421261
0.99994683
0.999744
0.41108844
0.0011051965
0.00052215665
0.44404703
0.0013093008
0.99980265
0.5608888
0.00064797327
0.992498
0.99692047
0.0005249002
0.99957603
0.00064474565
0.00060109125
0.44337663
0.46664372
0.99627775
0.0003366664
0.00014970503
0.0002153172
0.9997236
0.99940825
0.4568349
0.49877113
0.70570105
0.9998714
0.99801695
0.43608573
0.46200448
0.99983203
0.00029398937
0.00015471896
0.49815747
0.44629914
0.999967
0.00024050752
0.0014223718
0.99292856
0.99991465
0.00025280446
0.418771
0.00066283386
0.6723035
0.0009986155
0.98834026
0.00051686337
0.9998398
0.43900198
0.4467162
0.55055225
0.000491825
0.0008605394
0.0006891382
0.61302364
0.5701385
0.00039535202
0.9998264
0.99967515
0.9709354
0.45493
0.0007608399
0.9959156
0.00092028594
0.9822448
0.4299492
0.014054731
0.45343953
0.0010637251
0.00035618656
0.0003681061
0.44852495
0.0005120211
0.54063064
0.44137496
0.99970824
0.43082964
0.9230213
0.4335341
0.00045940708
0.0007278173
0.0011165614
0.00063522335
0.9996432
0.0012592167
0.00036675352
0.4510986
0.9979073
0.99975246
0.44033772
0.00054086285
0.00087877054
0.0004887771
0.9998783
0.0006463092
0.99997306
0.441878
0.44128203
0.9998235
0.00055116374
0.9987525
0.9965835
0.00086300774
0.99967325
0.93245566
0.00051221496
0.5232084
0.0005369339
0.99955004
0.97771764
0.99989676
0.96104056
0.987258
0.0008955154
0.0011444668
0.00030559037
0.00031627645
0.0026058473
0.9996506
0.6204513
0.0005688223
0.9808326
0.0011709421
0.997897
0.012902121
0.00092239806
0.010787595
0.23791789
0.5471933
0.0010472474
0.00025102447
0.0008337676
0.9993806
0.0006208074
0.9999702
0.99965715
0.98673844
0.0007649325
0.97303355
0.0012687045
0.45133907
0.43351915
0.00083256763
0.54486024
0.0007078936
0.8033891
0.0004027933
0.99845314
0.77133375
0.0007139872
0.0007539353
0.00033418427
0.999321
0.9999262
0.99818915
0.37625527
0.00069990987
0.9770082
0.48980528
0.99960417
0.0008210732
0.97811687
0.76117235
0.43656418
0.00054511864
0.44484568
0.99674606
0.9998839
2.4759502e-05
0.99957496
0.99923587
0.0018767688
0.0011338153
0.0005887816
0.99916863
0.014085119
0.88008237
0.9997329
0.00038236685
0.00051742926
0.00028883162
0.000588721
0.5454625
0.9854534
0.99989176
0.99800235
0.44390202
0.57749456
0.0005385851
0.98136055
0.9998627
0.99980086
0.00015573179
0.00052096
0.43732622
0.00022540259
0.9989899
0.84669256
0.00017457212
0.9899156
0.00038811364
0.00024969038
0.9985532
0.3858711
0.5101383
0.99568176
0.0010153517
0.99173635
0.7525411
0.9999
0.24164696
0.0002082648
0.99990904
0.98837274
0.4368829
0.00097363285
0.72264993
0.999613
0.9956955
0.9995603
0.9904027
0.9986651
0.998577
0.0013635592
0.001644776
0.97936684
0.00075452
0.0046114298
0.0012516058
0.00054880895
0.0012964971
0.0005552968
0.99978024
0.57826185
0.4356757
0.53352547
0.99764013
0.0005057867
0.00026259836
0.9999182
0.0009311315
0.9998068
0.9999454
0.5365106
0.49481007
0.99800855
0.00083953387
0.013450465
0.9999802
0.43527108
0.00037906173
0.99975926
0.00060840056
0.64933896
0.00047206742
0.00059171655
0.7692519
0.0005635676
0.00072232506
0.0006850469
0.0010667066
0.44155696
0.0005165031
0.00024075028
0.97184414
0.99974805
0.44789422
0.00039807038
0.996774
0.0004920484
0.00093670975
0.99972516
0.5244994
0.00034143435
0.50969684
0.4341504
0.9964669
0.0007449796
0.99999475
0.10697226
0.0004450351
0.44488022
0.004946812
0.44566476
0.00030023913
0.00066756224
0.0009776219
0.9983094
0.4861392
0.0008088933
0.9948389
0.001264425
0.00049776287
0.4507544
0.00011073549
0.9967353
0.53860873
0.8310769
0.0011568954
0.003954549
0.0008709328
0.9865023
0.0005834119
0.99943906
0.00052183593
0.008544396
0.62400067
0.0010593372
0.00031864716
0.9996861
0.99972814
0.3444488
0.99976486
0.0006366397
0.0010078043
0.9959895
0.6528063
0.9758813
0.0007761392
0.99980396
0.99974245
0.5317917
0.99992347
0.0011462605
0.99983335
0.9428188
0.99936575
0.0007315253
0.0008812753
0.00040343925
0.43067506
0.00091253244
0.99974877
0.0008535412
0.9999635
0.46237904
0.9798106
0.9998252
0.00096782984
0.00079301087
0.0008953929
0.944647
0.9889208
0.99914503
0.9999777
0.66124374
0.4833627
0.94513756
0.00043328252
0.45380113
0.6479921
0.8881426
0.0016015193
0.9996989
0.99912137
0.9999889
0.9999484
0.00085426297
0.0017419303
0.9989477
0.9999654
0.0005248439
0.7679232
0.43988758
0.9998698
0.00023341476
0.00042773967
0.99994385
0.97063386
0.24243772
0.9894549
0.99685115
0.00021128819
0.0010298549
0.0003700453
0.99990535
0.9999635
0.4188359
0.99993086
0.5066753
0.999926
0.999948
0.9988035
0.0007545132
8.455546e-05
0.99909997
0.00066831434
0.001776045
0.0013573761
0.9728967
0.00057193736
0.0006666569
0.00029899654
0.4439757
0.9998233
0.43621898
0.9730367
0.0043358887
0.5520429
0.00086412556
0.416878
0.0049066767
2.6072645e-05
0.00031226763
0.00079691637
0.8157734
0.440292
0.9793513
0.00042459712
0.9976858
0.4442265
0.0007868966
0.0016179234
0.22630133
0.530505
0.42732954
0.7349298
0.00038788916
0.44018513
0.0003582462
0.6034586
0.4447373
0.2332056
0.4390682
0.4117929
0.99995697
0.00060102483
0.9998554
0.99557847
0.99398756
0.99659675
0.000998831
0.9891236
0.99993
0.31088853
0.0007801515
0.9998099
0.45853248
0.99624616
0.0034022909
0.0008867119
0.51426494
0.99980277
0.43065277
0.99969244
0.00047876732
0.00043958682
0.0018602906
0.18806705
0.9999546
0.51502776
0.4499902
0.57912385
0.9983487
0.0010812398
0.9984971
0.99976057
0.9922003
0.99892324
0.99839145
0.44264403
0.0009366678
0.9997931
0.43855274
0.9996538
0.45420262
0.9999747
0.5187316
0.99606365
0.99989986
0.016622677
0.55748916
0.9987091
0.0009053802
0.9998852
0.00070498855
0.00084585894
0.0004818591
0.00092978973
0.43826503
0.000507012
0.5495919
0.51423997
0.99963284
0.00037666553
0.98207134
0.80903226
0.0006095684
0.0012111127
0.9994118
0.9962578
0.46857125
0.98739326
0.99969935
0.9997181
0.00038799513
0.9993919
7.890919e-05
0.9970631
0.0008044193
0.00046679538
0.4466162
0.9956558
0.0005332182
0.9999069
0.43853137
0.9959245
0.43338424
0.00027858737
0.9303974
0.9995678
0.00052242324
0.99996006
0.99996555
0.0006952278
0.99426264
0.0010493876
0.00047426127
0.44693428
0.41149965
0.7229979
0.21552719
0.56421685
0.51079595
0.99517643
0.4382776
0.5896008
0.0011799262
0.991981
0.43115312
0.42864594
0.00054164213
0.0005879808
0.99320304
0.4340201
0.4885857
0.0005554815
0.99852306
0.90081877
0.00035710048
0.9989536
0.0005580824
0.43945155
0.9971366
0.0015020417
0.00094939576
0.9981199
0.99982834
0.4401175
0.045675807
0.6299268
0.00028569656
0.44098124
0.9999143
0.44901332
0.43385604
0.0007287709
0.00078929303
0.442427
0.44494033
0.4570009
0.9977265
0.99789655
0.9968072
0.00024445343
0.43628967
0.9863383
0.00063401094
0.0010789031
0.7857693
0.0004277466
0.9998016
0.9999541
0.99991894
0.99994266
0.00039710954
0.0006797133
0.795846
0.9998178
0.9983015
0.99887496
0.53751856
0.4441169
0.99990153
0.00084352074
0.9990108
0.99706906
0.00052233384
0.00026995796
0.0006361248
0.0005584464
0.99837387
0.9988932
0.99469453
0.0008875604
0.9995235
0.0015406287
0.5563973
0.0007405882
0.9997098
0.9995484
0.9944418
0.99949753
0.99842453
0.00030646654
0.4411715
0.00045420573
0.9968863
0.9650857
0.46669525
0.0008727666
0.9999566
0.999912
0.6090822
0.00053154764
0.9997583
0.00034030425
0.9315261
0.9995448
0.9998801
0.00025042755
0.42964944
0.99612087
0.002215134
0.00083830045
0.0012973462
0.9997845
0.00046851765
0.32496905
0.99947053
0.9646846
0.0011827225
0.0006720658
0.98040193
0.9980101
0.0014205877
0.999405
0.48785058
0.0003893863
0.0004496698
0.00039397745
0.00046327148
0.9998561
0.43042934
0.0013803178
0.9887622
0.99903214
0.0009408622
0.0011513601
0.99955183
0.0007710155
0.92188877
0.00046130677
0.00021958101
0.00048093655
0.0006072463
0.9897155
0.00064780685
0.0007515337
0.9996772
0.0007884263
0.0005776773
0.5083883
0.07613934
0.00022350991
0.0001877002
0.42681932
0.43058726
0.9989792
0.99980193
0.99814737
0.0007568915
0.7001484
0.0004135853
0.99953103
0.00611065
0.9998636
0.9991817
0.99956614
0.9752392
0.0006705952
0.000863851
0.4340105
0.9861541
0.4390392
0.4343314
0.30495274
0.7876755
0.43123788
0.95289874
0.74245286
0.440365
0.5426081
0.9819549
0.9999696
0.51200753
0.9997011
0.00012058489
0.00042816292
0.98829705
0.000888272
0.00042565627
0.0008804426
0.00064424996
0.8570107
0.99871767
0.9999654
0.98781824
0.00060438097
0.9999769
0.0013059058
0.000512895
0.0109244445
0.9664943
0.0003229786
0.00069060334
0.44052076
0.9985245
0.0006339448
0.4398737
0.00036236804
0.00041687538
0.0003092908
0.0008679793
0.00032231695
0.9998709
0.0006258726
0.9984321
0.0066351634
0.4474832
0.00029684528
0.99895847
0.71895987
0.001261014
0.0011863817
0.9999763
0.99492294
0.00063857826
0.0010475118
0.00039847055
0.4424896
0.9365431
0.99994123
0.00041766738
0.99994516
0.97475713
0.9998741
0.00021988123
0.99982363
0.0010803497
0.00039458615
0.14065932
0.99890244
0.0008089434
0.4324559
0.9992036
0.00090546854
0.0002254675
0.00038704605
0.0003035806
0.99996316
0.99751604
0.00033176094
0.3759326
0.9991411
0.00018632114
0.058970198
0.9998072
0.00039503913
8.633911e-05
0.9991437
0.00044057265
0.00028250503
0.9982761
0.43354547
0.9999728
0.00076018553
0.0007769605
0.0013314842
0.0014747594
0.006826877
0.9989053
0.44431078
0.0007462597
0.44487223
0.99955577
0.5990024
0.99344736
0.48678532
0.0004656057
0.0008263612
0.9993167
0.0005326033
0.4244418
0.00085259875
0.45765698
0.9997125
0.440191
0.0049039023
0.9998771
0.43683776
0.0017079341
0.26898053
0.9989048
0.98635083
0.0006017565
0.99540305
0.00077650644
0.4449358
0.22551133
0.9996575
0.0014384948
0.5473961
0.99871254
0.0011614497
0.0013990499
0.9996582
0.00051652605
0.9999875
0.000390066
0.9065789
0.46073887
0.0007531587
0.997743
0.0003684277
0.00046244488
0.5032913
0.9994666
0.0006375931
0.015263193
0.99985266
0.590052
0.998324
0.9996259
0.52770144
0.9987802
0.58015406
0.00027417272
0.99935275
0.000958842
0.43979475
0.00079020107
0.0011257484
0.99983895
0.0010749359
0.9964179
0.5391818
0.0009478642
0.00065606885
0.0005348389
0.00053075055
0.9990464
0.0003325862
0.999481
0.00054477534
0.43970406
0.53665483
0.9978357
0.998769
0.991572
0.0008022534
0.9818642
0.00016316041
0.00091765926
0.00037623866
0.0013442443
0.00034610476
0.9917452
0.44302323
0.43646446
0.0006348729
0.3058129
0.9985476
0.9997398
0.9974726
0.9983735
0.996293
0.54228425
0.9993119
0.99994016
0.00061599415
0.7289622
0.58995014
0.0010884964
0.6733931
0.9996201
0.0009965237
0.9985618
0.00066841143
0.535638
0.99988043
0.9999087
0.57432526
0.59236234
0.9988148
0.00075420947
0.00033800118
0.0009874612
0.00057811104
0.41743407
0.00927333
0.0010543634
0.9997105
0.9806418
0.98111445
0.43869463
0.42913187
0.00039603704
0.43042696
0.43632573
0.46030977
0.00058061694
0.99772686
0.0048462213
0.9996189
0.00053924776
0.7233801
0.99991167
0.99201024
0.61709535
0.0012032109
0.9847003
0.0006607805
0.48390168
0.0007932002
0.001279929
0.0010390902
0.44328958
0.9991798
0.001085433
0.00012321574
0.51076686
0.9999716
0.59995466
0.00024513868
0.9995616
0.94391996
0.9999733
0.0010019009
0.0008270193
0.9991911
0.0014865042
0.0008928014
0.4388508
0.48109853
0.5378588
0.43861717
0.0007275691
0.9983449
0.5301554
0.00036689898
0.5257784
0.43573174
0.005406474
0.001239041
0.9997478
0.99528944
0.0013139516
0.00055239076
0.00053171586
0.98385584
0.003915378
0.998071
0.43883777
0.5813035
0.000527843
0.00021424188
0.99987316
0.9998727
0.99957174
0.54872584
0.05804893
0.99973816
0.00060876604
7.706618e-05
0.00049179007
0.96015364