0.4808
0.99999976
0.4397264
0.4826212
0.4413873
0.000137425
0.00026034945
0.999964
0.42909104
0.9888483
5.212912e-06
0.00011969316
0.0004115802
0.4650218
0.99993265
0.0001279102
1.0755274e-05
0.999597
0.0005709994
0.4775692
0.49097246
0.0012172202
0.42614305
0.0005597499
5.3511023e-05
0.0030693205
0.47891182
0.99774545
0.4723626
0.99792105
0.0002882058
0.45527983
0.5857227
0.47479072
0.4601095
0.41683495
0.47641003
0.99981564
0.9999907
0.99999917
7.796592e-05
0.47486317
0.00095179403
0.43517503
0.00038118963
0.0001513496
0.47486317
0.77775675
0.00023483651
0.99999905
0.9999701
0.0003036709
0.9999988
0.99999917
0.48814598
1.3008158e-05
0.4770847
0.007858071
0.0010451617
0.00063352135
0.48096585
0.9999589
0.47800297
0.44144508
0.9894505
0.46684688
0.47881
0.000112893584
0.9359056
0.47820395
0.99999917
0.00015807497
0.84089226
0.60309744
5.115471e-05
0.00016092944
0.00086393533
0.47876886
0.4421984
0.41332847
0.00010172136
9.454734e-05
0.43739834
0.99832994
0.99999917
0.00013404767
0.48054984
1.0
1.0
0.98554116
0.000122812
0.00014972429
0.99999607
0.92922115
0.00028454533
0.00029804654
0.99999774
0.9937046
0.9998197
0.99999917
0.44395873
0.44644976
0.00024731044
0.00024625374
0.4242893
0.0014575045
9.876696e-05
0.7535536
0.9999865
1.0
0.00011941784
0.44328442
0.96454984
0.0001254736
0.472818
7.440849e-05
0.00016256674
0.13172677
0.9999877
0.9084293
0.99999714
0.99958605
0.00096502743
0.9999908
0.00060754153
0.99999845
0.00048703403
6.4937565e-05
0.0003557132
0.999527
0.9999893
0.9842121
1.705709e-05
0.99987423
0.0007102834
9.345501e-05
0.4952575
0.99999976
0.43877286
1.3590833e-05
0.9990964
0.0003649439
0.6078765
0.000294166
0.9999472
7.71428e-05
0.0002292613
0.40053356
0.041606057
0.000709451
0.99274313
0.8168811
0.4386324
5.4307853e-05
0.0006489454
0.4125472
0.99993217
0.00039814078
0.00017622969
0.99977285
0.99999285
0.99830186
0.58262527
0.96344304
0.99999774
0.00018873121
0.504883
0.47486317
0.00011522626
0.0007436898
0.00017513765
0.44887912
0.0019224298
0.5112813
0.0004931077
0.0023159976
0.0007310047
1.0
0.0015260973
8.157306e-05
0.92791647
0.00050289993
0.00096187985
0.999995
0.86692756
0.99553454
0.42682657
0.43565974
2.8823755e-05
0.99831045
0.000123626
0.9999988
0.9999571
0.9999852
0.0018833794
7.582178e-05
0.44631532
0.9998227
0.005257953
0.00053015363
0.00046024556
0.99999404
1.0
0.90347856
0.999889
0.99999964
0.000671634
0.99889106
0.0005309539
0.00011243441
0.42684808
0.42112306
0.9968117
0.018556014
0.44674093
0.44675902
8.707183e-05
0.3702878
8.4985026e-05
0.0002930089
0.0024453285
0.9999999
0.0017923964
0.0010247125
0.00035889653
0.99983275
0.9963169
0.001172951
0.43848342
0.0004579369
0.9999628
0.42703182
0.4275078
0.44601887
0.47486317
0.4829577
0.9999969
0.99999607
5.535685e-05
4.9010236e-05
2.2166154e-05
0.000611112
1.0
0.9999553
0.99986625
0.00021413752
0.4300459
1.728241e-05
0.4378965
0.41371524
0.9999163
5.4797223e-05
0.87537485
3.6444314e-07
0.00014484166
0.00048562174
0.99973863
0.99969053
0.9999963
0.99961156
0.9999975
8.941761e-05
0.99999905
0.99999726
0.92869914
0.0021135581
5.149301e-05
0.00024370827
0.47486317
0.9997129
0.46503332
0.9847313
3.0350215e-05
0.0008544213
0.71475995
0.45943314
0.39921975
0.00017180007
0.99794155
0.99081844
0.9999794
0.9999769
0.00013663161
0.0003977229
1.0
0.9913249
0.41512465
0.9999567
0.0001739905
0.43549752
0.5579106
1.0
0.47529733
5.3175238e-05
0.9987601
0.0008173489
0.43649894
0.99997175
0.000101765116
0.98475975
0.45979422
0.00014834046
0.52600825
0.9894673
1.0
0.0007847213
0.483911
0.00048147186
0.99980134
0.00021265932
0.00057229836
0.4328638
0.9993105
0.99992406
0.99920976
0.00011042128
0.0009039901
5.5609173e-05
0.96912706
0.0007657545
6.0808758e-05
0.000677744
0.00027013046
2.0623009e-05
0.9999789
0.47815892
0.0008987774
0.00012885615
0.44440535
0.9977278
0.55558
5.2138435e-05
0.9994011
0.99999964
0.8739711
0.4418398
0.9999995
0.99999964
0.00015513791
6.33962e-05
5.803164e-05
0.00022639896
0.99999857
0.40492845
0.9999924
0.47655702
0.8669293
0.77943
0.9999999
0.9997439
0.9995283
0.00010796325
0.9999747
0.3983085
0.98799753
9.434676e-05
0.0008598497
0.47847465
0.9999969
0.48585632
0.00025897298
0.9997898
0.0005488534
0.00022735573
0.00077361305
0.4365597
0.97660965
5.965799e-05
0.00040692382
0.44423026
0.43848798
0.00020536395
0.99999154
0.00013742762
0.0007640317
0.0022000608
0.99997616
0.48851627
0.0005095563
0.00012182756
0.99897397
0.99992955
0.47838247
3.6814312e-05
0.00014901471
0.9718157
0.9999988
0.40191925
0.001041511
0.9999995
0.48330897
0.0011624338
0.00025043855
0.029699799
0.43761122
0.9999951
0.9942638
0.00010111972
0.00019537548
0.0005523531
0.0019156374
0.9335617
0.9999783
0.40053773
0.4761251
0.47029084
0.9999999
0.9967541
0.9995813
0.45662427
0.9556728
0.4224729
0.89430887
0.9999999
0.00061931513
9.0079164e-05
0.962103
0.00056877156
0.9999969
0.00015761817
0.0002921578
0.42804056
0.0005246261
0.00044952665
0.96919584
0.9999579
0.9999726
0.40699178
0.00020707933
0.0008396427
6.842248e-05
0.9968214
0.42048123
0.46374515
4.8352882e-05
4.4346696e-05
0.9999926
0.4754416
0.94246125
0.416381
0.00051003037
0.00018850174
0.00026546785
0.99997365
0.9999727
0.0024685042
0.9999981
0.99383074
0.43994364
0.99999964
0.99999523
0.44974348
0.68224305
9.500898e-05
0.52797025
0.0009242579
0.9974821
0.99994576
0.00017382219
0.00017477848
0.9992374
0.9999778
0.00045141304
0.6197358
0.00016942465
0.9999999
0.9999993
0.52343297
0.0005138465
5.2078056e-05
0.441955
0.00013489794
0.9994665
0.48082063
0.00047049532
0.9992218
0.9994661
8.983068e-06
0.9999999
0.00019266843
2.85964e-05
0.4237239
0.47031027
0.9995604
0.00024145693
0.008512667
0.00016146217
0.99997747
0.9999995
0.45293337
0.4760056
0.5888133
0.9999999
0.99451494
0.4636731
0.4731295
1.0
4.7652058e-05
0.0008399484
0.4765831
0.42646456
1.0
0.00016142277
0.00044350393
0.9979132
0.9999999
0.00015145513
0.4604891
0.00031837114
0.6190077
1.7280958e-05
0.76366293
0.00018892999
0.9999888
0.43634623
0.43997937
0.47692364
0.0019888254
0.00070754625
0.00015676113
0.48513258
0.46726638
0.0038230468
0.9999002
0.9994035
0.98336834
0.44444585
0.0009351408
0.9720194
0.00013129669
0.9211865
0.44928917
0.00020133868
0.39879727
0.00088572514
0.00046606662
0.0001106482
0.45339924
0.00066125457
0.4771031
0.43161663
0.9999993
0.43658552
0.6157078
0.42693302
0.00095231377
0.0008088482
0.00017840411
0.00042679248
0.99962056
0.00027110704
0.00061133946
0.4462969
0.99998987
1.0
0.43975547
0.00016392609
2.7286112e-07
0.0005495242
0.999977
0.00046855246
0.99999857
0.46952584
0.42495573
0.99999595
4.6966357e-05
0.9983487
0.9999999
0.00039674874
0.9994942
0.83752763
0.0005600068
0.4755879
8.0919934e-05
1.0
0.9980799
0.99999964
0.926953
0.99898404
0.0014725309
0.0003742008
0.00064063375
7.469379e-05
0.0053953705
1.0
0.91032207
0.00019102597
0.40249327
2.3059358e-05
0.9992638
3.6518948e-05
0.00045345168
5.3751105e-06
0.4570744
0.4773619
0.00013354525
0.0029552209
0.00022560793
0.99999964
0.00034389598
0.9999995
0.9987086
0.9947101
6.3579704e-05
0.99997914
0.0004882572
0.4467868
0.44198984
0.00053566106
0.4828356
5.8848735e-05
0.27280286
0.00066570897
0.99900204
0.49943766
0.00029155705
4.092657e-05
0.0005572145
0.9997389
0.9999796
0.9999577
0.41429043
0.0008409334
0.85205173
0.47367704
1.0
7.798919e-05
0.88669974
0.64655834
0.444656
0.00018806316
0.4313173
0.99855083
1.0
0.020448573
0.9999958
0.99997365
0.0016252743
0.00022482112
5.1830037e-05
0.99999917
0.00010180967
0.85635316
0.99639183
9.23385e-05
0.00069030165
0.00031103188
4.958783e-05
0.49159923
0.9971706
0.99999046
0.9992704
0.44548514
0.55023205
0.0003672097
0.9310182
0.99996495
0.99924123
0.0002766238
5.960351e-05
0.4335216
0.00012364227
0.9988418
0.92335457
0.00011771889
0.77452964
0.0003938556
0.00033466538
0.99999666
0.40551513
0.4763523
0.9999999
0.00022215059
0.99929655
0.99321955
1.0
0.3956315
0.0006448412
0.99999976
0.5958441
0.4866675
0.0005366412
0.6713791
0.99834335
0.99899143
0.99997234
0.9994394
0.9988381
0.9999521
2.1761492e-05
0.0010577992
0.6279672
5.8884212e-05
7.923524e-06
0.0018346031
5.01421e-05
0.00028976222
0.00011266946
0.9999393
0.52688676
0.43454394
0.47486317
0.9999777
0.00043013354
0.0004412603
0.99999917
0.00015252308
0.9996234
1.0
0.47486317
0.47486317
0.9999721
0.00031645893
0.0001011281
1.0
0.43659142
5.6425404e-05
0.9999951
0.00020177591
0.6855627
0.0004054433
0.000102081285
0.52744406
0.00034062704
0.00029434613
5.9919807e-05
0.0005407646
0.43456197
0.00018313628
0.00022796287
0.96004826
0.9999999
0.42544383
9.50843e-05
0.99998677
7.661152e-05
0.00026716906
0.9998566
0.4818264
0.0010955617
0.47431242
0.44114774
0.9998018
0.00012565535
1.0
0.40735075
0.00023480025
0.43211854
1.0725172e-05
0.44685677
0.00016738806
0.00014208826
0.00023176198
0.9997315
0.47486317
0.00015006117
0.9992611
0.0027709485
9.6182084e-05
0.44800812
0.00023370939
0.9987949
0.4792701
0.910086
0.0005747668
2.7452706e-05
7.1036266e-05
0.898701
0.0013573444
0.99998224
0.00040915443
0.0001932797
0.62695247
0.00033326034
0.000443093
0.9998665
0.99944776
0.40719622
0.9999989
0.0004976089
6.770365e-05
0.9999193
0.7980259
0.6556447
0.0003354104
0.9999908
0.99949217
0.47486317
0.9999105
0.002653857
0.999608
0.98312104
0.9966588
0.00026926395
0.14093663
8.509498e-05
0.39665037
0.00059046695
0.99965394
0.00016922767
0.9999999
0.44413817
0.9210035
0.99998736
0.00027759894
0.00012911763
0.00017400659
0.4140916
0.8086342
0.99999166
0.99999726
0.4976035
0.44987756
0.54360604
0.00023585389
0.44614005
0.8607969
0.7164112
2.2795191e-05
0.9999883
0.99999285
1.0
0.9999999
0.00039824384
0.0021779507
0.9999976
0.9999993
0.00048957026
0.70348525
0.43944824
0.9999703
0.000120486504
0.00021074856
1.0
0.57530147
0.44025272
0.8611363
0.999912
0.00011580522
0.0003727249
1.4182543e-05
0.9998901
0.9999995
0.43058947
0.9999944
0.47858208
0.99999917
0.99999654
0.9998853
2.7617718e-05
0.00050781516
0.99834704
5.7937308e-05
0.0010415323
0.00015200593
0.9999747
0.00060428446
0.0002486733
0.00014414698
0.45866913
0.9999583
0.4375071
0.99999845
0.0011047444
0.48340377
0.0002959272
0.39774203
0.00078306335
0.006149602
5.5596764e-05
0.00033892758
0.46515226
0.43698195
0.9901618
0.0007336686
0.99977154
0.4355483
0.0005945205
3.3228385e-05
0.38239482
0.4753818
0.43660232
0.8882573
6.6134395e-05
0.42551374
0.00038122814
0.49151587
0.4411045
0.38495478
0.4333918
0.47681358
1.0
0.00014804202
0.9998716
0.9978435
0.99348104
0.77360576
0.00015910932
0.99683785
0.9999988
0.5439403
0.0010034518
0.9999838
0.4145812
1.0
0.47260946
0.0001899799
0.47729868
0.9999924
0.4475254
0.99374866
7.972652e-05
4.823816e-05
1.42730705e-05
0.35819912
0.99998915
0.47643906
0.4373657
0.5826081
0.9981589
0.00012957757
0.9999596
0.99998665
0.99840397
0.9999647
0.99998975
0.43082184
0.0007877992
0.99999976
0.43534184
0.9990552
0.44935927
0.99999964
0.47811425
0.9999143
0.99999535
5.534122e-05
0.47751397
0.99996066
0.0002874742
0.9999999
7.5015785e-05
0.00032886944
7.4080905e-05
6.333227e-05
0.44561154
0.00013710863
0.47591525
0.4780216
0.9999827
0.0002781434
0.992415
0.75421387
0.00022687955
0.0006837698
0.9999758
0.99999404
0.36178234
0.9691905
0.9999968
0.99999964
0.000628118
0.99989784
0.000801909
0.990104
5.7448044e-05
6.972966e-05
0.43522567
0.976585
0.0007773749
0.9992556
0.41541335
0.99994886
0.43755305
7.740941e-05
0.8403063
0.9996493
0.0010933423
0.99997735
0.9999995
0.00046304698
0.7794735
6.058914e-05
0.0002176162
0.45392516
0.40084797
0.96232796
0.4363968
0.5015244
0.48052612
0.9992454
0.43074292
0.54184365
0.00015617152
0.99687284
0.44424114
0.4434203
0.00012655214
0.000113064656
1.0
0.44473058
0.47486317
5.722922e-05
0.99843794
0.64745665
4.363314e-05
0.9999976
0.00025237314
0.4380486
0.9997631
0.0005226964
0.00028438505
0.99986863
0.9999943
0.43850315
0.42368573
0.5708914
0.00014110358
0.43896845
0.99995077
0.42676032
0.4355028
0.0005180839
7.465113e-05
0.4222984
0.44148538
0.44588712
0.9997254
0.9818548
0.99948186
0.0009064211
0.44180936
0.97101396
0.0008228982
1.1504993e-05
0.63011146
0.00064576004
0.9999999
0.99999917
0.9999993
0.9999982
0.00015677472
0.00020891137
0.85118043
0.99989045
0.99729234
0.9996369
0.47486317
0.4309061
0.99999857
2.433686e-05
0.9988342
0.83326197
0.0009174507
0.00022284173
6.6714994e-05
0.0005525806
0.9992391
0.9998247
0.7435187
0.0024694167
0.99999833
2.9142717e-05
0.47807026
0.00016545545
0.9999918
0.99986815
0.9685439
0.9995029
0.99859446
0.00068678474
0.4228165
0.00026097972
0.9999976
0.78084743
0.46912605
0.00034980205
1.0
0.9999981
0.5056961
0.00021125677
0.9999901
3.850407e-05
0.712749
0.9904959
0.9986206
0.00045647644
0.44779226
0.999495
0.00024338016
0.00015877816
0.00039387925
0.99999833
0.00013023397
0.44983763
0.9996327
0.9988574
0.00039426956
0.00062535924
0.9995598
1.0
0.00031163442
0.9999982
0.46919116
0.00016456163
0.00022278394
0.00017601791
0.00015150843
0.9999999
0.43346903
0.000121829995
0.9539099
0.99998283
0.00031821456
0.00013610342
0.99996877
0.00060393696
0.9640279
7.364069e-05
0.00041075418
0.00035950966
0.00024224531
0.9365666
0.00063811586
0.00012715576
0.99998903
0.00047028053
0.00069627113
0.47583547
0.36871606
2.3612012e-05
0.00010221288
0.44838586
0.443328
0.9999684
0.9999995
0.99997973
9.724635e-05
0.7464768
0.0003980592
0.9999895
0.0032518392
0.9999145
0.9999572
0.9999963
0.8738372
0.0001302547
0.00020929995
0.4430099
0.8170016
0.4488475
0.43440306
0.36242282
0.40268815
0.44277108
0.9788688
0.6846493
0.45040923
0.61786985
0.4158566
0.9999994
0.47952867
0.99996793
0.00063184084
4.6851797e-05
0.9796473
0.0020908138
0.0001254602
0.0011226246
0.00019047743
0.7738745
0.99999845
0.99995685
0.99998236
9.628091e-05
1.0
4.458318e-05
0.00023415257
9.391464e-05
0.65254503
0.00031937528
0.00034035766
0.4412674
0.9896175
0.00022990468
0.43604687
0.00025930704
0.00023567495
0.00041833043
0.0014835875
0.00015920674
0.99997437
0.00010042783
0.9999968
3.3627693e-05
0.44229957
6.513896e-05
0.99999344
0.36285564
0.00042341868
8.057321e-05
0.99999523
0.9996234
0.0007970261
0.0004225137
0.00023649362
0.46213236
0.84425086
0.9998348
0.00039172368
0.99999857
0.9935539
0.9999914
9.1126814e-05
0.9999981
0.0005230034
0.001022587
0.56730586
0.9917999
0.00013437017
0.41543692
0.99300134
0.0004965951
0.0002675999
0.0005060023
0.00012841923
0.9999982
0.9668871
0.00017288054
0.47611094
0.9999883
7.2305695e-05
0.9251691
0.9999585
0.00071563025
0.0011145296
0.9999838
8.6159984e-05
0.00014027719
0.99567187
0.4427116
0.99999845
0.00031833473
0.00036100915
5.7781268e-05
1.1129523e-06
5.6804736e-05
0.99996614
0.41320238
0.00017332469
0.4554393
0.9999931
0.4908965
0.9417311
0.4777559
0.0014731186
0.00018317017
0.99999964
0.00031913604
0.44063666
0.00011108832
0.4490794
0.9947119
0.43941292
2.3526302e-06
0.9999988
0.43628177
0.0009189459
0.41464096
0.9997601
0.96544015
9.124533e-05
0.9888713
0.00014089007
0.42851847
0.45947698
0.9999908
0.0003197375
0.5070049
0.99996126
0.00014512922
0.0023226542
0.99999464
0.00014557842
1.0
0.0003049652
0.8648168
0.469489
0.00023961056
0.9987099
2.4669069e-05
0.00015466218
0.47486317
0.9999224
0.00011999898
0.00030010007
0.99999976
0.5006426
0.99912256
1.0
0.47930807
0.9949222
0.48150152
0.0002959052
0.99872273
0.00037242283
0.44847068
5.1122573e-05
0.0007332849
1.0
0.00015741074
0.9951747
0.4878123
0.0005837028
0.0003881712
4.3510314e-05
0.00015321576
0.99992955
0.00012629188
0.9987845
0.00011640562
0.4381955
0.47569066
0.9999186
0.9999819
0.9084419
0.00019868673
0.9982778
4.79291e-05
0.00061098207
0.00036698693
0.0009368767
0.0011847301
0.9999865
0.42882654
0.43831584
0.00034288754
0.39476496
0.9977634
0.99999833
0.9990128
0.99505734
0.9999598
0.5021551
0.9906138
0.9999999
0.000114563096
0.9970361
0.4761144
0.00013541331
0.41361815
0.99999714
0.00030359306
0.9998821
0.00026450527
0.4791915
0.99999475
0.99999964
0.4812923
0.49348062
0.99967074
0.00033044117
0.00015272232
3.3445045e-05
0.00026752643
0.3987803
5.5750676e-05
0.00015340785
0.9999999
0.9753871
0.9966248
0.43287247
0.43847865
0.00018465245
0.4449239
0.43820035
0.44695368
8.26552e-05
0.9925178
4.756467e-06
0.99999106
0.00056164013
0.5692432
0.9999862
0.99426866
0.4778627
0.00011351048
0.96370214
0.00024788006
0.5935417
0.00019426427
0.00023227476
0.00028044294
0.4447006
0.9999994
0.00016187794
6.578329e-05
0.4794846
0.99999905
0.56937563
9.892267e-05
0.999778
0.6642009
1.0
0.0003261872
0.0012583553
0.9999069
0.0047655874
0.0013074165
0.475276
0.47486317
0.47486317
0.43288633
0.00022592199
0.999997
0.47486317
0.00020619055
0.47913373
0.44398928
3.9264305e-06
0.0004991481
0.99998415
0.9987872
2.273243e-05
0.00025289148
0.00072543597
0.93249196
0.0031082015
0.99974865
0.39884368
0.48512247
0.0010951087
8.30435e-05
0.9999988
0.9999989
0.99999917
0.4778299
0.3788716
0.99956316
0.00027685202
0.0016883895
4.1440544e-05
0.99617046