0.5033458
0.99986756
0.41968858
0.5215171
0.42635742
0.000949384
0.002222381
0.999899
0.43039823
0.916168
0.13240924
0.001626642
0.00094031554
0.42529073
0.9996898
0.00017796933
0.0004330001
0.9477699
0.003282944
0.49983633
0.48154953
0.0002758908
0.42590764
0.0025622863
0.00037099916
0.0011100734
0.5014537
0.96606064
0.42660227
0.9972934
0.0017386815
0.42530194
0.36449158
0.42488542
0.40079725
0.4310971
0.50468385
0.99760455
0.9999038
0.99986386
0.0004897698
0.39516982
0.0009213388
0.42540702
0.0011876882
0.00036685928
0.50337243
0.87069714
0.000310988
0.9996037
0.99596775
0.0022916945
0.99391925
0.9994985
0.5041592
0.0005439026
0.52901703
0.0015088265
0.00053332036
0.00049232173
0.52029103
0.99888057
0.5114783
0.4245982
0.95045644
0.64303476
0.5071322
0.0016763126
0.96731514
0.5128167
0.99896216
0.0006951798
0.9602323
0.6295362
0.36977333
0.001436947
0.0011532421
0.52107555
0.42391792
0.430339
0.0030431184
0.0013974534
0.4260198
0.9988739
0.9993794
0.0029694778
0.50700027
0.9987558
0.99928504
0.8254611
0.0014443506
0.0006015756
0.9993801
0.99766564
0.41990876
0.005447616
0.99946994
0.97601604
0.9998449
0.9999149
0.4257283
0.41839796
0.0008677172
0.0006355676
0.42820996
0.00017014491
0.0017672721
0.988564
0.9987307
0.99535537
0.0030359786
0.42388228
0.95164293
8.807821e-05
0.42568883
0.0020650604
0.00013533715
0.0021249894
0.9990972
0.83660805
0.97637284
0.9895034
0.00022346835
0.9993025
0.00024698692
0.9991499
0.00046705996
0.00052780734
0.0002914701
0.98256874
0.9989875
0.97996473
0.0023369985
0.9961241
0.0014115624
0.0008307287
0.14508337
0.99986935
0.4274929
0.00117083
0.9933782
0.0005058742
0.95890707
0.0006521779
0.9630616
0.0004192912
0.00094925956
0.4235619
0.0076886807
0.0006809771
0.9984652
0.9667327
0.4215408
0.002131848
0.0031875188
0.43138564
0.9999474
0.0010287502
0.00078678597
0.5872226
0.9999131
0.99973375
0.5798699
0.97068113
0.9988967
0.0001556877
0.5161983
0.50168973
0.00038091317
0.0002193266
0.00050688157
0.42017025
0.0006199911
0.5683603
0.00256923
0.0014670639
0.0017373849
0.99975663
0.0024735574
0.00031883313
0.7953809
0.001128631
0.0016446592
0.9997601
0.9638627
0.98564863
0.42861396
0.42734873
0.00088239356
0.99558157
0.0010220322
0.9997521
0.9992286
0.9992514
0.0020568282
0.0046777828
0.42600533
0.99137634
0.0059082285
0.0021876167
0.007088604
0.9927797
0.9996271
0.8089542
0.9983669
0.9999149
0.0013665336
0.99963164
0.0036896595
0.0055088066
0.42825878
0.4295508
0.9993395
0.008334324
0.42554092
0.42680377
0.00053615985
0.17924803
0.00039253262
0.0012052119
0.0009749407
0.99980515
0.0014805864
0.0013603526
0.00054492464
0.999529
0.99529934
0.0030434811
0.42714787
0.00089868315
0.9990896
0.42994186
0.61236644
0.4197491
0.5008044
0.42315945
0.9998814
0.9999763
7.877055e-05
0.0011978146
0.0022054822
0.0015392937
0.9995815
0.9938923
0.97235286
0.00028438668
0.4258575
0.0005704095
0.4284264
0.19174671
0.99993265
0.0009363087
0.91246873
0.09714333
0.0007303175
0.00025798747
0.9863305
0.9930046
0.986008
0.99925274
0.99986947
0.0013107187
0.9998934
0.998055
0.67867005
0.0015630733
0.0012775188
0.00026762695
0.23640531
0.99837804
0.4254015
0.4232774
0.0009443455
0.0030633805
0.9339915
0.39023784
0.14614975
0.00054184167
0.989617
0.98576766
0.99987626
0.99989915
0.40034127
0.0007825338
0.999775
0.98020875
0.4306007
0.9992368
0.0008920166
0.4202218
0.2068041
0.99968004
0.50259745
0.00088885234
0.993958
0.000813255
0.43190014
0.9977927
0.00038785976
0.9991567
0.42327347
0.00043543126
0.9226747
0.997883
0.9987872
0.00083553715
0.51466036
0.004344636
0.9985831
0.00017852525
0.00039071578
0.5688783
0.999526
0.9942158
0.99781054
0.00015222597
0.0004520611
0.0008579717
0.99389476
0.0003343825
0.00064198
0.00015349037
0.0009347332
0.0010359733
0.9981146
0.5022289
0.0031863677
0.00037724717
0.42580795
0.995402
0.6840468
0.0012152964
0.99759185
0.9997037
0.6961379
0.42620546
0.99979216
0.99957913
0.0027288585
0.0014468534
0.0009495102
0.00020721677
0.9989724
0.42241594
0.9993692
0.86385363
0.90857947
0.99372584
0.99932206
0.9955455
0.99193245
0.0014239013
0.99971026
0.42055252
0.993749
0.0026733405
0.00022783075
0.50303715
0.9999614
0.508998
0.00077685574
0.997018
0.0058973213
0.00047031374
3.7596485e-05
0.4249934
0.9721886
0.0029601338
0.0013377551
0.4252911
0.41341704
0.00034252927
0.9998266
0.001103467
0.0007486302
0.00021809728
0.9981542
0.9167074
0.0003853745
0.0019361123
0.99927217
0.68211955
0.93677336
0.00018668
0.3309147
0.97590274
0.9994141
0.4179026
0.00057062483
0.9985373
0.5133632
0.00066417764
0.00053411344
0.00068227074
0.4272419
0.9987388
0.98871034
0.00053512724
0.0011269973
0.0026691176
0.0010103409
0.9675639
0.9978625
0.42549196
0.49280012
0.42498335
0.9998914
0.9974015
0.99914587
0.427809
0.98293984
0.42112282
0.9921014
0.99966764
0.0014860285
0.0016390927
0.9573802
0.0012988119
0.999579
0.00023951897
0.0020175443
0.42800426
0.00024035096
0.00017057423
0.9981558
0.9999653
0.99959356
0.42391127
0.0019019815
0.009558749
0.0006904832
0.99727553
0.41998184
0.20409034
0.005157851
0.0012321409
0.99970204
0.5075621
0.87890935
0.43065685
0.0016751599
0.001933578
0.0016411468
0.9968195
0.99941456
0.0035622297
0.9998362
0.99813735
0.42392737
0.999798
0.9956691
0.42446902
0.9341449
0.0016149661
0.19614244
0.0006106959
0.9979651
0.88194877
0.0005836055
0.0010841365
0.99973375
0.99974674
0.0018497091
0.5208412
0.0002450749
0.99986684
0.99953544
0.5320079
0.0013691735
0.0023761198
0.42568958
0.0018140028
0.99545175
0.5164786
0.0004212955
0.9928913
0.98894966
0.0008754423
0.99936146
0.004260599
0.00096652907
0.4302604
0.42180142
0.999102
0.00019317947
0.00023982469
0.00074346154
0.99871683
0.999778
0.41709018
0.49653128
0.82284504
0.99992955
0.977421
0.4226896
0.42902857
0.9996265
0.00097419973
0.00028937103
0.5008925
0.4303103
0.99988234
0.0008919074
0.0012996936
0.982249
0.9997304
0.0010734914
0.42153236
0.0013148579
0.8236332
0.0016499409
0.9169573
0.001542147
0.99937075
0.4275358
0.42707917
0.52953315
0.001645816
0.0023020469
0.00087455596
0.5312012
0.366215
0.006626837
0.9940387
0.9998542
0.95899165
0.4259835
0.0014362219
0.9811716
0.0030612713
0.9178397
0.42378473
0.31747195
0.42260513
0.0007625133
0.0011125543
0.0051420154
0.424687
0.00040314285
0.5043138
0.42619896
0.99965954
0.42880976
0.98343104
0.42503414
0.0015022276
0.0021787519
0.0011440946
0.00036518803
0.99170893
0.0025165323
0.00023839073
0.42179668
0.9965822
0.99991226
0.42789558
0.00026968325
3.615617e-05
0.0012584829
0.99829394
0.0021656395
0.99983096
0.39348313
0.43002528
0.9993363
0.0019189909
0.98215115
0.99931693
0.00046376875
0.99042726
0.9683043
0.0011893032
0.49970388
0.0006425189
0.99992764
0.9942987
0.99979573
0.98855036
0.98361397
0.0016389537
0.0010870312
0.00043724355
0.0007528257
0.0041085538
0.9989844
0.9187348
0.00093340233
0.740675
0.0016225346
0.99995255
0.3954228
0.0002743388
0.35346952
0.16304624
0.51496226
0.0019980958
0.0019247733
0.0008206766
0.9969267
0.00028649904
0.9998273
0.99989593
0.991659
0.00022913632
0.9825979
0.0020917652
0.4238391
0.4231073
0.00027383887
0.5252522
0.0007375364
0.7564688
0.00026704528
0.98673314
0.406658
0.00018570799
0.004250383
0.00032756277
0.9985812
0.9978271
0.9987224
0.42416468
0.0005696659
0.908714
0.49932304
0.999894
0.001040838
0.9551049
0.97209126
0.42596686
0.0005003051
0.42766413
0.9817214
0.99966824
0.0016150369
0.99989426
0.9981573
0.00064263155
0.005191569
0.0015448574
0.99881136
0.3588609
0.98135686
0.9958062
0.00038485613
0.0012016635
0.0014176943
0.0030861984
0.50609255
0.9806593
0.9959799
0.9872564
0.42711335
0.5265984
0.00031487236
0.9979532
0.9970386
0.99982566
0.00015493258
0.0022717966
0.42778704
0.00063945184
0.99696165
0.7777236
0.0004866096
0.98948365
0.0013077398
0.00090055435
0.9990268
0.4266565
0.50388384
0.9997367
0.00042505254
0.995518
0.7234824
0.9997453
0.24184604
0.00054763793
0.99927014
0.909384
0.4742574
0.0010537088
0.8488964
0.9998503
0.98825103
0.9982256
0.9745097
0.9989077
0.9964814
0.0022797578
0.0008248023
0.94667894
0.0011541152
0.37734434
0.0142816715
0.0013690986
0.0017485872
0.00055364816
0.99906784
0.82038766
0.4139131
0.50362295
0.9995161
0.0024492585
0.00037854534
0.9996842
0.0004782225
0.9995993
0.9994254
0.504449
0.45074356
0.9949993
0.0004227903
0.41062284
0.9999566
0.4288216
0.001579597
0.98937035
0.0012153683
0.28365347
0.00030673633
0.0011458631
0.9139227
0.0015997065
0.00040050055
0.0008725338
0.0003141455
0.42868146
0.0003198415
0.0014129437
0.9683483
0.99869907
0.4315109
0.001144191
0.9931044
0.00018777861
0.001941269
0.99945337
0.5034349
0.00294841
0.50947666
0.42672467
0.99832004
0.0011840449
0.999998
0.12817927
0.0008952778
0.426968
0.3916751
0.426791
0.00035783692
0.00074016943
0.0014202014
0.9787067
0.5004041
0.0003689651
0.9949302
0.00090246863
0.00126228
0.42656004
0.0014278663
0.9933488
0.51861167
0.9784199
0.0005982886
0.33515152
0.00057593395
0.9772455
0.00023015842
0.9985152
0.0004782966
0.28705126
0.5427947
0.001105691
0.0006277819
0.9960247
0.9998852
0.42549765
0.9994242
0.00215594
0.00028821104
0.997072
0.82027686
0.9249985
0.0018835058
0.99950767
0.99310124
0.50660855
0.99981624
0.0035227502
0.9998683
0.99725634
0.99677855
0.00028391692
0.0091264825
0.00049112906
0.42255005
0.00053573994
0.99975747
0.0010061287
0.9997937
0.42460012
0.9750703
0.9989127
0.0009094688
0.0018676202
0.0017657265
0.6459713
0.9985599
0.99768317
0.9999572
0.5208732
0.50363755
0.9372431
0.0013171096
0.41287696
0.7979952
0.82341015
0.0005474206
0.9988009
0.99836046
0.99991965
0.9995639
0.002525136
0.00034657557
0.99604505
0.99997616
0.0012224069
0.62593263
0.42422706
0.99673766
0.00081008085
0.0021217058
0.9997491
0.9738008
0.27256316
0.9767111
0.9960813
0.00092378294
0.0004897168
0.0007446773
0.99992645
0.99984217
0.42011583
0.99996984
0.5031703
0.99918824
0.9998116
0.9982907
0.00069262815
0.00015543257
0.9991997
0.0029930323
0.000794177
0.0017333182
0.8795834
0.002232796
0.0010972003
0.00069467974
0.4269756
0.9999163
0.42128614
0.975024
0.00084403943
0.5150722
0.004700509
0.42470297
0.00037703107
0.0004807491
0.00068890216
0.0005386421
0.58054143
0.42839202
0.98372746
0.0005248524
0.9993436
0.42694667
0.00016571612
0.0042241397
0.6903489
0.53024673
0.42334995
0.9019883
0.0006598617
0.42752236
0.0017542645
0.53869367
0.42523658
0.12384134
0.4282747
0.4239048
0.99980265
0.00044924777
0.99846053
0.9936957
0.98485976
0.949371
0.0016621264
0.9556898
0.9997981
0.7165532
0.0005124217
0.9984823
0.7509832
0.99879056
0.02565361
0.00019146106
0.5032105
0.9979869
0.42489886
0.9984169
0.00021132022
0.0012744495
0.00043350545
0.20133384
0.9997671
0.50374204
0.4268363
0.5169766
0.9903701
0.0028584306
0.99979
0.99948287
0.9753584
0.99481285
0.98702323
0.4268172
0.00022240682
0.9990496
0.42813656
0.99836427
0.4260995
0.99984324
0.5025566
0.97413504
0.9999236
0.3452567
0.5087026
0.99066836
0.0019893793
0.99936384
0.0012750176
0.0004905365
0.0028644986
0.0012980984
0.42354834
0.00058211276
0.5387969
0.5030594
0.99931216
0.0007618102
0.9736126
0.6304835
0.0004240181
0.00073681463
0.99350655
0.9579021
0.36535677
0.9932828
0.999188
0.999368
0.00040689783
0.99876827
0.0012228721
0.99739623
0.001417329
0.00019140137
0.4269483
0.9872444
0.0007643186
0.9995059
0.42883283
0.9870552
0.42838418
0.0003160986
0.9442825
0.9995485
0.000624562
0.9999467
0.99833703
0.0008586318
0.9654636
0.00022094253
0.00020301618
0.42415532
0.42674845
0.94368196
0.15794677
0.5209571
0.50300133
0.96770567
0.42872962
0.5147745
0.0013737926
0.96418035
0.41197792
0.42741388
0.00054069504
0.00031818697
0.99844426
0.42636028
0.42560095
0.0009802983
0.9985689
0.17211802
0.00032740072
0.99861336
0.0003300649
0.42622432
0.9898816
0.01343159
0.0011988807
0.9975285
0.9997619
0.42573944
0.0951084
0.52921385
0.0010707501
0.42531416
0.99964607
0.42229563
0.42916876
0.080103524
0.0012431052
0.42996317
0.42552087
0.4269425
0.98654896
0.9919373
0.99049205
0.0007310211
0.42570668
0.98137337
0.00026700916
0.0014629128
0.69671166
0.0004113086
0.99846554
0.9998499
0.99985707
0.999899
0.00066721713
0.0005176991
0.94269073
0.99932885
0.99780554
0.9787162
0.5069843
0.4281216
0.98766613
0.0021640367
0.9993538
0.94817257
0.00032357188
0.0022486742
0.001119092
0.0016676727
0.9667454
0.98785883
0.99295855
0.006174356
0.99983907
0.001294294
0.50865704
0.00069343124
0.99904484
0.9981729
0.99754494
0.9998832
0.99039114
0.0007450808
0.42851782
0.0001954176
0.99779344
0.97429854
0.49002564
0.0005493883
0.9998331
0.9999269
0.51951796
4.107593e-05
0.9982838
0.0037195114
0.980943
0.9838807
0.9991478
0.00026259886
0.42859522
0.9941116
0.0033344086
0.0006959981
0.0020496636
0.999458
0.0025722878
0.67789954
0.998459
0.9880909
0.005943821
0.0011005343
0.63667923
0.99922657
0.0011291277
0.9993857
0.47135907
0.00049708696
0.0011732365
0.0013499348
0.00026278343
0.9988784
0.42719162
0.0064835926
0.99348855
0.99637055
0.0032796906
0.013274849
0.99871635
0.0011967922
0.9805982
0.00017235761
0.0004422693
0.00090691564
0.00046777283
0.9390804
0.0007469
0.000942123
0.9969206
0.0010790285
0.00092059164
0.5040283
0.10238768
0.0012912867
0.0004059043
0.42576113
0.42649278
0.9973447
0.99846077
0.99874026
0.001097642
0.97348297
0.001549548
0.9987262
0.0014784018
0.9972133
0.99906164
0.9993311
0.9956358
0.00015710694
0.00023697845
0.42166638
0.9459896
0.42822537
0.5890382
0.505403
0.67894185
0.4271248
0.86862206
0.061959963
0.4254564
0.87974787
0.8967565
0.99973506
0.503716
0.99918145
0.0001754462
0.0014195017
0.98302543
0.0045274603
0.00060602115
0.00073980767
0.0007137851
0.9358866
0.9908263
0.9994424
0.99686533
0.0004511429
0.9999045
0.0061414647
0.00087029603
0.35116553
0.93935
0.00058427977
0.00036078758
0.42471114
0.998247
0.0069737243
0.42734474
0.00019303511
0.0013938919
0.0005657619
0.00038877706
0.00021340293
0.99721044
0.00042526794
0.9994099
0.3607631
0.42735553
0.0002729412
0.99860954
0.2694605
0.0007508375
0.00072561606
0.99986863
0.989317
0.0011168044
0.00080852996
0.0014272028
0.4235282
0.8693792
0.9993931
0.000122019854
0.99881244
0.9573868
0.9996357
0.00038843215
0.9996834
0.0008495054
0.00029140507
0.036665425
0.9996767
0.00019787494
0.4263927
0.980808
0.00061132165
0.000864808
0.00031780495
0.0059188046
0.9982522
0.9982206
0.00023238861
0.4213819
0.9986192
0.0003331911
0.108682655
0.9987463
0.00044616734
0.0008597743
0.9998242
0.00092223246
0.0012055725
0.99850464
0.4289895
0.9993143
0.0004340047
0.0006129842
0.0018428768
3.3849115e-05
0.41007447
0.9990533
0.41349897
0.00018059983
0.42571834
0.99906915
0.5237339
0.9732871
0.500956
0.0032410796
0.00025854842
0.99036825
0.0011389962
0.42526358
0.006726005
0.42607066
0.9927301
0.42726734
3.9329458e-05
0.9997429
0.42941386
0.0016832672
0.16115619
0.98709655
0.9846934
0.0027510985
0.9878976
0.0006018388
0.4277822
0.67299664
0.9987727
0.0010593786
0.50999814
0.98972625
0.0010776113
0.0017164389
0.99944264
0.00020797052
0.99995375
0.000372721
0.8093008
0.42279696
0.00083526655
0.99904853
0.0021205542
0.0006549353
0.505332
0.9992993
0.00024990496
0.4179357
0.9998661
0.5241071
0.9919864
0.9989396
0.5041424
0.9967558
0.5096032
0.0001958636
0.99876606
0.0005096073
0.42451388
0.0034304517
0.00023516608
0.99993515
0.00055828516
0.99755836
0.51012355
0.00043367242
0.0004859218
0.00058817386
0.0001607267
0.9959194
0.0019376545
0.98938555
0.0003274859
0.42755365
0.51072025
0.96424097
0.99720335
0.97091
0.0023283584
0.98530585
0.0021838425
0.00082645647
6.9086906e-05
0.00029468926
0.0006752203
0.91263694
0.42740637
0.4263621
0.0010796721
0.13587101
0.99770075
0.9991314
0.99630344
0.99755174
0.997719
0.8533715
0.9623837
0.9986766
0.0019910356
0.59417737
0.5227747
0.0010936601
0.23096807
0.999446
0.001772038
0.998237
0.0003231221
0.5056913
0.999871
0.99985397
0.5142296
0.51854587
0.9993838
0.0008894776
0.0005743552
0.0019935975
0.0003252457
0.42071095
0.4010012
0.0011441872
0.99938667
0.99437934
0.98466045
0.42797187
0.42082998
0.10773455
0.4260316
0.42194644
0.34834298
0.0010558164
0.9883364
0.33442536
0.99850357
0.00091648917
0.31933945
0.9989857
0.9983034
0.5264819
0.0019632566
0.98296595
0.0007613871
0.9047294
0.0013140942
0.0028206632
0.0011416287
0.42554498
0.9992944
0.00074652326
0.005907744
0.50273955
0.9998048
0.5155254
0.001212522
0.9975484
0.8279872
0.9999609
0.0015584966
0.0013249392
0.99965596
0.001670219
0.0005567866
0.42246556
0.48874193
0.50128496
0.42766806
0.002082607
0.9984919
0.5099334
0.00026991474
0.50455135
0.4255569
0.4145005
0.0020415627
0.99957675
0.99828833
0.0013934857
0.00030552628
0.002967152
0.96946657
0.0033094028
0.98903066
0.42417488
0.5196209
0.0006918843
0.0008070171
0.99928075
0.9997812
0.9992582
0.52314246
0.042051315
0.998899
0.00034496514
0.00033757463
0.002060542
0.71951705