0.5049253
0.9974873
0.39089948
0.5148131
0.39064312
0.00036290096
0.0020151206
0.9920614
0.39169914
0.78670216
0.083124414
0.00068017823
0.00081625103
0.37464017
0.9899531
2.9751998e-05
0.00208238
0.19744335
0.00021407464
0.41380367
0.5301205
0.00031587417
0.3930137
0.0025331276
6.3986496e-05
0.00027364207
0.43331826
0.88572353
0.39059368
0.97407115
0.0007094121
0.39239347
0.5058592
0.3895044
0.39589918
0.387787
0.5068075
0.9722468
0.998606
0.99623066
5.0118193e-05
0.4106672
0.00045372668
0.39073542
0.000836869
0.0022633313
0.5143722
0.81301033
6.2496954e-05
0.9988103
0.77972996
0.004062639
0.99116814
0.98234344
0.4167398
0.0017039867
0.4617941
0.00011912033
0.0011967585
0.00013017065
0.51835316
0.99135584
0.5105126
0.39286715
0.5456199
0.54536927
0.51458365
0.0028596339
0.59173346
0.5133775
0.99733704
5.9519167e-05
0.606614
0.34836805
0.0065654092
0.0006052197
0.0012130418
0.5068372
0.39272606
0.3884039
0.0009311058
0.0009040147
0.38938984
0.971991
0.99671763
0.0018660654
0.52037835
0.99974936
0.9977406
0.87087107
0.00054700073
0.00021182779
0.99650735
0.94021535
0.0858002
0.00037702586
0.99515474
0.8321594
0.9764258
0.9991036
0.39212304
0.39258555
0.0008087669
0.0003105113
0.38966614
0.0050580446
0.0004254352
0.9038639
0.98175836
0.8685125
0.00046287617
0.39169303
0.873425
2.9871231e-05
0.3913215
0.00023768288
7.8075514e-05
0.001758566
0.9985221
0.5990498
0.55850524
0.98264945
0.00036363793
0.9986241
0.00012247004
0.9985753
9.250481e-05
0.00010059949
0.00014394849
0.9013853
0.97415394
0.89141846
0.0003823083
0.99330705
0.001344658
0.00033039076
0.5879549
0.99938095
0.39217386
0.0004753368
0.9986945
0.0002217394
0.67514217
0.00034186608
0.89919627
3.506436e-05
0.00062145706
0.36961865
0.003542956
0.0030010226
0.990435
0.7201844
0.38836798
0.00021974437
0.00065587537
0.38644236
0.99925107
0.0005700407
0.00033874536
0.96150094
0.99713767
0.9734708
0.19893506
0.99148446
0.971311
0.00013051504
0.5239578
0.5092334
0.00056119065
0.0001569858
0.00042044313
0.39087117
7.26307e-05
0.3797005
0.0008684186
0.013470702
0.00061468314
0.99977404
9.587458e-05
0.000104733066
0.3432567
0.0007708068
0.0012276021
0.99646926
0.86853814
0.9117852
0.390308
0.3936886
7.16073e-05
0.96819335
0.0003044963
0.9955577
0.99586946
0.987621
0.00034697197
0.0017138598
0.39220017
0.8714436
0.07284271
0.0009796619
0.008625646
0.70936215
0.9989969
0.9186256
0.9263761
0.9982836
0.00013301364
0.9948919
0.0008627668
0.00013670693
0.38968208
0.38974702
0.98833185
0.00043852668
0.39280778
0.3923226
0.00035234753
0.3916112
0.00012732197
0.0013112881
0.0010026514
0.9981729
6.554941e-05
0.0012854812
0.0009623666
0.99461055
0.93556607
0.0007477393
0.39026105
0.0011186332
0.99136364
0.39140972
0.29734525
0.39312086
0.48709783
0.39007697
0.9988802
0.9996797
1.6160035e-05
0.00037355712
0.00040455905
0.00066838344
0.99933773
0.977443
0.7439899
6.947916e-05
0.39477077
0.7297386
0.388496
0.4154288
0.99845135
0.00035321544
0.72258073
0.016563581
0.0008351861
6.713026e-05
0.98097116
0.9715181
0.9586137
0.9826004
0.9898491
0.0018056004
0.9930046
0.9826764
0.48923537
0.011378899
0.00080440706
0.0001412584
0.46945533
0.93328726
0.39054418
0.23714599
7.564889e-05
0.0032352665
0.6416027
0.46136716
0.4026724
0.00029647446
0.98977566
0.95587194
0.9931571
0.9993092
0.008474635
0.0005065389
0.9984327
0.98895776
0.38836515
0.9903993
0.00035314067
0.39105815
0.5970028
0.9991856
0.50742036
0.00021385471
0.97932774
5.949556e-05
0.5170882
0.9899184
7.4015305e-05
0.9425687
0.37251377
0.0001529959
0.17145991
0.85037005
0.9998642
0.001129585
0.50677085
0.00016178226
0.9921537
4.032822e-05
0.00048180562
0.51584685
0.9799098
0.9843795
0.9807475
4.6084613e-05
0.0010037749
4.5790228e-05
0.980548
0.00032045742
0.00020863945
4.1595587e-05
0.00031487926
0.00014980813
0.9957391
0.5090432
0.004372652
0.0037418567
0.39312193
0.9627125
0.4825277
0.00043356745
0.93821484
0.99694014
0.35232094
0.39118052
0.9983375
0.9928847
0.00020874033
0.0006071534
0.00027281785
5.3359374e-05
0.99329823
0.3951945
0.99497294
0.51359093
0.6495264
0.78446287
0.9959039
0.98439723
0.94708496
0.0004702554
0.9976635
0.39403442
0.9698467
0.00027266835
0.00013055114
0.5161365
0.9990108
0.52745676
0.0020863751
0.9358175
0.0011483737
0.0003074642
0.00066665723
0.38708833
0.61015236
0.00089931494
0.00076158886
0.39270768
0.39346814
7.656602e-05
0.9998086
0.014770995
0.0005381741
0.00040379516
0.9929214
0.6730868
0.0002193063
0.00091733143
0.9932535
0.978199
0.7240832
0.0049292254
0.027064983
0.8304322
0.99848276
0.39179578
0.000111846915
0.99874794
0.5169545
0.00023732598
0.00048176362
0.00071999186
0.39196023
0.99468166
0.7533711
0.00026519035
0.001517161
0.00023028704
0.0011933658
0.66664463
0.9925452
0.39007187
0.39928058
0.38598076
0.99449784
0.9865797
0.9885683
0.38946232
0.9074286
0.3922556
0.8094429
0.99561006
0.00083035475
0.00050011394
0.8795826
0.0006786854
0.9996375
0.00034528773
0.0026286568
0.39020535
0.00011010143
5.1613315e-05
0.97740096
0.9972474
0.98019236
0.39564428
0.00048471228
0.0021538003
0.00035157346
0.98518676
0.3901114
0.36295754
0.00042731504
0.00020131335
0.98934644
0.4421509
0.58444893
0.3895038
0.0009949607
7.1099224e-05
0.0010027221
0.9413781
0.99597013
0.0008459391
0.996148
0.989645
0.39213812
0.99881786
0.9490737
0.39126635
0.78584707
0.0008793691
0.39944148
0.0016769319
0.9771259
0.8872059
0.00024433713
0.0005648039
0.99795365
0.98354846
0.0011974331
0.88284874
0.0034975088
0.9968958
0.99372214
0.3190194
0.00093699497
0.0006170207
0.39190844
0.0018942632
0.9193237
0.51455766
0.0003895552
0.9834553
0.9601427
0.0009654564
0.9993637
0.00018760144
0.00013638339
0.39104044
0.38601118
0.9686402
3.355427e-05
7.282579e-05
0.0013341868
0.9918503
0.9947454
0.37289053
0.4184341
0.53512084
0.994534
0.92977816
0.3916292
0.38288653
0.99962676
0.0044188146
1.2668944e-05
0.41804528
0.38958296
0.99611926
0.0076013035
0.00073987007
0.9372377
0.99790037
0.00042829826
0.3949889
0.0005967876
0.33538607
0.00014094463
0.58492756
0.0011251888
0.99131984
0.39140728
0.3892369
0.5077313
0.0074134213
0.0011774427
0.0007577217
0.6464731
0.3727465
0.00024143276
0.99023306
0.9949739
0.8305622
0.3878062
0.0012606748
0.60625494
0.0010081807
0.9185657
0.39349762
0.11899286
0.4063941
0.0012893577
0.00071696617
0.0016258656
0.39164174
0.0003328663
0.506617
0.39299566
0.9975528
0.39055967
0.71207476
0.38911232
0.00019030442
0.001570496
0.00021400627
0.0009688594
0.9978278
0.0048806258
0.0001300255
0.36098453
0.9579279
0.99160576
0.39234746
9.1104484e-05
0.01722991
0.0013009487
0.9871672
0.0013972656
0.99199003
0.3881928
0.39133924
0.99633527
0.00085259014
0.96883786
0.98428196
0.000247095
0.8661202
0.8541419
0.00036412303
0.51004213
0.00013307632
0.9992073
0.8819605
0.9991912
0.92438203
0.91761905
0.0003941512
0.00057786755
0.0043905834
0.00010043262
0.0031554026
0.9999033
0.5527953
0.0010179825
0.53577995
0.0003990746
0.9990583
0.02010698
0.0001996345
0.10091669
0.4084793
0.5054357
0.00078376476
0.003714449
0.00033424035
0.99809164
0.00017586727
0.9994654
0.9978442
0.96034724
8.111308e-05
0.970167
0.0013766839
0.3756092
0.39139953
0.0006759311
0.50753653
5.6859582e-05
0.90269274
0.00015544295
0.9824096
0.36787212
0.0029876798
0.00038977066
0.00018223276
0.9861145
0.99670994
0.9716967
0.33996436
0.00037578127
0.5704259
0.3934379
0.9985007
0.0003922689
0.6810452
0.5173278
0.39215553
0.00044052143
0.39111567
0.6960381
0.99874336
0.0038676308
0.9993761
0.9892986
0.00039204478
0.003611932
0.00030834277
0.99375904
0.005456344
0.5138448
0.98149085
0.00019943246
0.0008317643
0.00014186866
0.053755216
0.5230778
0.94461656
0.94933736
0.9341465
0.39235967
0.70814943
0.0005657969
0.8294321
0.9911652
0.99403363
5.588023e-05
0.00038131373
0.38934523
6.883228e-05
0.95299596
0.6497184
0.001029696
0.9021913
0.0006434568
0.0004843544
0.97150123
0.37994236
0.44927984
0.9990619
0.00017372958
0.9397911
0.9395134
0.99737513
0.38603732
0.0005879951
0.99538785
0.88414663
0.50033134
0.00020196223
0.8006408
0.9908251
0.9542669
0.9945568
0.90923494
0.98865545
0.989638
0.0024965235
0.0004814129
0.59760785
0.00031180025
0.14168921
0.002159333
0.00017066712
0.0015012387
0.00026869922
0.9793705
0.57542974
0.39441064
0.50742984
0.9940399
0.0032069008
0.00032491624
0.9959876
0.00024852846
0.9671039
0.99687994
0.5149406
0.3954889
0.9933559
0.00020922114
0.011338075
0.9986713
0.390533
0.00048242233
0.93217975
0.00037543985
0.44035715
6.457847e-05
0.00064127304
0.5691801
0.0010029953
0.00022155153
0.00016015196
0.00022403561
0.39195213
0.00029299158
0.0009367602
0.98016274
0.9911231
0.38470376
0.00029800335
0.9864847
1.5571419e-05
0.00089658174
0.9923577
0.5210908
0.00046883908
0.505901
0.3919613
0.8171998
0.0010809128
0.99999917
0.35831425
0.00048765395
0.39049548
0.09242596
0.39244685
5.652364e-05
0.00038076285
0.0004971372
0.96609217
0.38490957
8.487924e-05
0.9944277
0.00027222338
0.001276502
0.37443104
0.00016936907
0.95955914
0.5088972
0.8293387
0.00035442231
0.22167623
0.000118050266
0.6535766
0.0035054567
0.9956291
0.000111920104
0.03692769
0.5207216
0.001073152
0.0004208347
0.9878917
0.99806803
0.38888043
0.9954332
0.0014240837
2.784252e-05
0.88241756
0.28212947
0.8076553
0.0008890112
0.99701595
0.9005586
0.50539714
0.99340725
0.00037769103
0.99671614
0.97182685
0.9666967
0.00018440948
0.002962568
5.861468e-05
0.39867643
0.00048972614
0.9979773
0.00037482815
0.99874663
0.37503985
0.7335139
0.99461937
0.0006951784
0.0022531042
0.0021674423
0.42765775
0.9165131
0.969592
0.9929022
0.5303566
0.5212146
0.5302193
0.0010136217
0.36987662
0.81512785
0.7627613
0.0025445966
0.9956251
0.9770483
0.99955565
0.989791
0.0035625817
6.625269e-05
0.9753514
0.9986386
0.00037521514
0.40196675
0.3924133
0.98918545
0.00037586418
0.007748128
0.9970499
0.98172873
0.41322467
0.84940135
0.97367346
0.00019166563
0.00038144426
0.32446015
0.99613404
0.9965791
0.39226627
0.999571
0.5056638
0.99548435
0.9957657
0.88547903
0.00019616357
0.024023246
0.9678621
0.0006529092
0.0025583995
0.00094498636
0.7210459
0.0017271059
0.0003616647
0.00017318493
0.39402154
0.990003
0.39110836
0.9882278
0.00070251443
0.5068898
0.0015720063
0.38240537
2.5928113e-05
0.0057816603
0.00022355955
0.00043853107
0.45142704
0.39210272
0.8469122
0.00034474029
0.99664575
0.39126447
0.00046403345
0.0004303952
0.3984113
0.5056938
0.39142263
0.38911816
0.0018026979
0.38938224
0.0006552665
0.5307686
0.39186284
0.39918077
0.39208695
0.39303318
0.99928576
0.00020686677
0.9399859
0.97783923
0.85539514
0.60017806
0.0006390236
0.97429794
0.9964143
0.5947582
0.00037272295
0.9815394
0.29755896
0.9998186
0.30314592
0.00018807105
0.47981963
0.991137
0.3919552
0.9861243
5.993392e-05
0.005804565
0.002793832
0.3817828
0.99844956
0.5075975
0.392165
0.5508178
0.98474205
0.00038310076
0.9969037
0.9779284
0.98875403
0.9908375
0.98729694
0.39279184
0.000715317
0.98173565
0.39180526
0.87618303
0.35865936
0.99833614
0.5157861
0.9896423
0.9983615
0.17214057
0.5091933
0.76843786
0.0009113811
0.9929785
0.00073312275
0.00025377332
9.957342e-05
0.00035048035
0.39269796
0.00019360303
0.51965624
0.44823608
0.99585885
0.001600197
0.95403767
0.5011181
0.00044075603
0.0007952486
0.98928297
0.6881428
0.36359727
0.90645254
0.998801
0.9953654
0.00027481758
0.9960083
0.0025834842
0.99453306
0.010056019
0.00015130833
0.39030737
0.8392638
0.00051194796
0.9989079
0.38800308
0.9050674
0.39140183
0.0026753205
0.9179684
0.98959094
0.00021434996
0.99579525
0.9903943
0.0008219582
0.60976356
3.1748674e-05
3.4378405e-05
0.39171755
0.37844285
0.7278821
0.3855389
0.5598982
0.49011642
0.77666545
0.39130235
0.519985
0.00061705714
0.91433275
0.3921963
0.39360434
0.00038085907
6.4136104e-05
0.9965385
0.39242294
0.5119087
0.00024404032
0.9887378
0.42981538
5.7331585e-05
0.99512166
6.675311e-05
0.3922304
0.901458
0.006425926
0.0012523303
0.98519206
0.99261487
0.39217862
0.41523954
0.5341647
0.00049552013
0.39244223
0.9972045
0.3925602
0.39028138
0.025141312
0.00014425945
0.38885528
0.3929873
0.376197
0.89023423
0.9629875
0.96219075
0.01379698
0.39228803
0.9698842
0.003889851
0.0001206356
0.5282474
0.00015615707
0.9938578
0.9978289
0.99607265
0.9969765
0.0001382152
0.00026098447
0.86172104
0.9933108
0.97384137
0.93289024
0.51580286
0.39075807
0.66347075
0.00025202738
0.9838018
0.98125196
0.00042166127
0.0023241872
0.00039231527
0.00071727537
0.9771976
0.88458246
0.59312373
0.0005216425
0.99731135
0.0004843867
0.5111736
0.00026695113
0.974324
0.9703817
0.75570357
0.9940943
0.9806593
0.0039810087
0.38955855
4.3538374e-05
0.9933477
0.6621091
0.51389587
0.00031519763
0.99381095
0.9988864
0.5267859
0.0009864705
0.97238094
0.00042589978
0.9902981
0.91028434
0.94286925
0.00023012112
0.39069596
0.9717236
0.0012925596
0.00012270395
0.0011450928
0.9970259
0.00044818805
0.4923536
0.92140526
0.83271503
0.00013490283
0.0033507466
0.9208901
0.9952743
0.0008198778
0.9890625
0.50628996
0.00021751247
0.016539775
0.044672016
9.690292e-05
0.99804926
0.38929808
0.00046792536
0.944972
0.9781641
0.003085817
0.20292524
0.90281147
0.023778273
0.96660525
2.1820699e-05
0.00043789446
0.0058933366
0.0004402811
0.56112486
0.00044842268
0.00030283967
0.97655004
0.0011391204
0.00043365813
0.523844
0.39674428
9.834827e-05
0.00018604845
0.39451975
0.39164034
0.9230324
0.9985102
0.9982906
0.0005556361
0.7912264
0.00068906037
0.9849049
0.00021758529
0.94454616
0.9865094
0.99657357
0.7450179
6.953954e-05
7.439218e-05
0.39262182
0.8569633
0.39207706
0.51322806
0.5185165
0.4003686
0.39183152
0.6828083
0.76580936
0.39286035
0.5209763
0.5516673
0.9986872
0.49052775
0.99777263
0.00015990461
0.00037050524
0.86289304
0.0010231901
0.00033463887
0.0008569044
0.00029068554
0.7585803
0.9954594
0.99738795
0.97012144
9.739799e-05
0.999213
0.00034156555
0.0029447833
0.022525279
0.5348086
0.00023975818
0.00017480498
0.39247763
0.82798
0.011230478
0.39136982
3.2554653e-05
0.0018735245
0.0004325818
0.0008690742
0.00011996968
0.99315286
9.2147355e-05
0.9884813
0.0072892946
0.3924943
2.7208229e-05
0.98950654
0.49730992
0.00038920573
5.8098914e-05
0.9927133
0.9679682
0.0007485867
0.000469184
0.0014537409
0.39435503
0.79932564
0.99886984
0.0010462482
0.99389464
0.80558515
0.9948355
4.9462393e-05
0.98748106
0.001248842
0.0022053784
0.5699723
0.96921086
4.1781845e-05
0.39119205
0.8311483
0.00034356012
0.00052764936
0.00014754976
0.00023938951
0.983642
0.92231345
2.927045e-05
0.38671
0.9922281
3.3081174e-05
0.61549956
0.95334536
0.00039297855
0.010630627
0.99818194
0.0005016847
8.6980464e-05
0.9760885
0.391677
0.9894744
0.00030405534
0.00050015113
0.0010112412
0.029995302
0.024782915
0.98967093
0.38727102
3.9545408e-05
0.39055666
0.9956951
0.56785005
0.8859207
0.46209285
0.008398081
5.9853213e-05
0.96218735
0.020410722
0.39171213
0.00015452626
0.364222
0.981372
0.3920934
0.12167051
0.9980773
0.3908671
0.0026314487
0.41527927
0.8249416
0.943603
0.0006556095
0.89403415
0.00014825378
0.39054424
0.5016185
0.9746684
0.0008698409
0.50892043
0.9835954
0.00036467973
0.0019558112
0.99778134
4.598009e-05
0.999597
6.1679944e-05
0.5215702
0.39339107
0.0007479624
0.9273336
0.000656224
0.000111647554
0.39603293
0.9874865
4.5348235e-05
0.008700315
0.9690257
0.56399786
0.93517596
0.9937827
0.48830873
0.9576508
0.53213567
4.3527954e-05
0.98822
0.00026777445
0.39226153
0.00041123742
0.0053819558
0.9998117
0.00013605347
0.9866077
0.51104665
0.00027467875
0.00029186247
5.7799953e-05
4.9763963e-05
0.96099156
0.004555508
0.9912969
7.485344e-05
0.39210463
0.5144222
0.9904704
0.98573744
0.83877707
0.0021694656
0.6631566
0.00019309217
0.0004443094
5.2838834e-05
0.0003299677
0.005371345
0.99264526
0.38998044
0.39257857
0.00068538747
0.40967765
0.97620785
0.97671354
0.9773597
0.96660936
0.9965836
0.5188495
0.988815
0.99542636
0.00019241014
0.81924605
0.52169204
0.0006362467
0.48513874
0.9976052
0.00059058826
0.98427665
0.00041362096
0.50691295
0.98081243
0.9989102
0.514798
0.52082735
0.9974347
0.00030536085
0.00010584843
0.00066662545
0.00021938953
0.3912173
0.10510754
0.00044223657
0.99299824
0.8309661
0.8747361
0.39191902
0.3929197
0.015357148
0.39259943
0.3910021
0.43316922
0.00033916548
0.9371162
0.016127536
0.97513604
0.00048103166
0.3010341
0.9911288
0.88683
0.5244346
0.0017185196
0.97637033
0.0028573587
0.70844406
0.0006784083
0.0011710732
0.000484847
0.3922837
0.9981768
0.00036129545
0.0004882847
0.5069297
0.99664694
0.5190336
0.00022641062
0.96822083
0.518672
0.99999464
0.00056168536
0.002431195
0.9964921
0.00024761292
0.00026632473
0.38914096
0.49272856
0.5114727
0.3891681
0.00011833101
0.9977162
0.5118074
4.3284683e-05
0.50525707
0.3929803
0.01050734
0.001151602
0.97195995
0.96974033
0.00031500956
0.00020720453
0.00022482136
0.54071164
0.0010647122
0.97227985
0.38547796
0.53045344
0.0005095493
0.00017258603
0.9831654
0.9873526
0.99658597
0.53054565
0.38421923
0.98884785
0.0001984633
6.537536e-05
0.00017484516
0.9768942