0.56209844
0.9995523
0.3941108
0.5307796
0.4109255
0.0009420849
0.00036381406
0.9989268
0.4077135
0.8660133
0.031493664
0.00016796267
0.0026725384
0.4043655
0.99635726
0.0034404737
0.0032841254
0.74494475
0.0031814282
0.5182459
0.7577174
0.0020795234
0.4070015
0.00049428584
0.00067693775
0.0040720575
0.4973228
0.971159
0.42916015
0.99654585
0.000833797
0.40698704
0.7420802
0.40779355
0.39406526
0.3782213
0.5007403
0.9971963
0.99848026
0.99988043
0.00429627
0.4208114
0.00042496115
0.40537483
0.0027574636
0.0001746667
0.5120527
0.94493514
0.0017885274
0.99985206
0.9967974
0.000102970065
0.9983267
0.99863285
0.50019723
0.0008972231
0.61463493
0.0046747085
0.00544967
0.008952882
0.5826093
0.99459016
0.57168293
0.401596
0.9784564
0.8517075
0.5985557
0.00028902665
0.93013597
0.5820844
0.9969933
0.0022594582
0.9631204
0.42031845
0.0012768966
0.00025366084
0.0021081637
0.5932798
0.3913814
0.38501126
0.001367245
0.00021978357
0.41540894
0.98584706
0.99960464
0.00018984282
0.5486193
0.99892336
0.9999006
0.96849436
0.00036914102
0.0010242542
0.9977773
0.9150973
0.0007807941
0.015879484
0.99975556
0.9597216
0.9966839
0.99801886
0.41395664
0.41478622
0.0010657593
0.002034454
0.39948237
0.00038695917
0.00018283374
0.93498635
0.999037
0.999749
0.0016820207
0.40529218
0.99882275
0.00038378796
0.40897363
0.0021238804
0.0013960479
0.0011568938
0.9946649
0.8688402
0.9885605
0.9945931
0.004433771
0.9997917
0.0017394364
0.9996958
0.0010621051
0.0063230596
0.002908141
0.98829484
0.99892694
0.98277736
0.00080411695
0.96726435
4.7254376e-05
0.00070920895
0.21251164
0.9995641
0.40342855
0.00022162379
0.99842876
0.0020608783
0.92044795
0.003401227
0.98187834
0.0098208245
0.001109381
0.34606758
0.007993245
0.00010889224
0.9911237
0.9774574
0.38702762
0.0018551095
0.010922348
0.36407173
0.99893576
0.001012234
0.001910095
0.99955326
0.9975948
0.9793244
0.7824164
0.9976362
0.99919444
0.0018217484
0.6356419
0.508461
0.000539664
0.0074326424
0.00063423667
0.4095995
0.007058403
0.52430725
0.012403839
0.00016876102
0.0029983816
0.99991906
0.0009552048
0.0011327632
0.49618825
0.0012548013
8.727542e-05
0.9997613
0.9604748
0.99342054
0.40409335
0.40856037
0.0063641407
0.99914634
0.0005998657
0.9998259
0.9991266
0.9980564
0.004119623
0.00017543249
0.41919357
0.9979006
1.2221477e-05
0.00058922
0.0040507084
0.99871194
0.99975604
0.9607006
0.99409324
0.9998671
0.0024619706
0.9954169
0.0019620154
0.011879253
0.42059004
0.39081988
0.9952356
0.0016997528
0.404273
0.42201898
0.0004907149
0.09405714
0.0023186896
0.0013362602
0.006736191
0.99965966
0.0064631808
0.00035664308
0.001206377
0.989967
0.9740676
0.01258399
0.40850088
0.0010998532
0.99379224
0.40304756
0.773529
0.4200763
0.48258618
0.43299782
0.9997719
0.99728596
0.001383854
0.00014998192
0.0023750386
0.00010827854
0.99982256
0.99750394
0.99312866
0.0050207637
0.41668543
0.026239164
0.41408783
0.19619364
0.9995908
0.00045240708
0.9254922
0.0058174883
0.0013552293
0.0018976968
0.98737466
0.9796254
0.9991824
0.9976781
0.9990952
0.00031039826
0.9998325
0.9998486
0.6706965
0.004000928
0.00018910176
0.0060086744
0.34629714
0.998237
0.41592216
0.9582764
0.00613187
0.0007037343
0.94826293
0.38079846
0.2535293
0.002033307
0.99537563
0.97396314
0.9993042
0.9989328
0.0042259474
0.0013866408
0.99965525
0.99939275
0.3743788
0.99784374
0.0008868187
0.39866334
0.51356786
0.999845
0.48704004
0.0018753507
0.99964416
0.00488164
0.6703213
0.99871767
0.0017467586
0.9959668
0.4179219
0.002197965
0.8537188
0.98198754
0.999931
0.0017994684
0.54320425
0.0032407392
0.99831295
0.002867123
0.0036256849
0.4808431
0.9911963
0.99653256
0.98749846
0.0017050268
0.0032070652
0.0043969993
0.9551674
0.0034784456
0.00038386643
0.007278041
0.0012945363
0.000309869
0.998024
0.5018614
0.0013510463
0.00011800176
0.4229478
0.98171896
0.86133397
0.00036679843
0.9966724
0.99995625
0.887974
0.4140667
0.99975353
0.9995728
0.0025417407
0.0002292163
0.0001805523
0.0055883927
0.99968314
0.32784915
0.99961036
0.7884411
0.8802507
0.97890705
0.99979
0.99224526
0.99243355
0.00036782282
0.9971034
0.3174748
0.9713234
0.0016550794
0.0046514063
0.54637116
0.99887365
0.573711
0.0016347226
0.9925619
0.002702938
0.0065863696
0.00070211926
0.4027752
0.9850263
0.00039084133
0.002284511
0.41119358
0.39599434
0.0036337175
0.9942557
0.00014947238
0.0031047505
0.00012751017
0.9983022
0.8654275
0.005651552
0.005767884
0.99362385
0.9996413
0.9106568
5.5536144e-05
0.0007889708
0.95214695
0.9907803
0.36247596
0.01406286
0.9983103
0.5789918
0.00040476676
0.0018734424
0.0007181834
0.4003218
0.999746
0.9980057
0.00079777534
0.00010705404
0.001468893
0.0009924145
0.97163624
0.9960672
0.35794562
0.4832329
0.41790804
0.9996469
0.995233
0.9896387
0.4177047
0.96394014
0.38092226
0.92076254
0.99984443
0.00093957095
0.0005374846
0.93372214
0.0013595405
0.99723285
0.0010878703
0.0016107261
0.4063711
0.004758801
0.002297173
0.90871835
0.9994824
0.99947923
0.33359084
0.004455248
0.00982935
0.00051277183
0.9823381
0.4055387
0.14282267
0.008231269
0.0003130614
0.9994299
0.5178773
0.9429237
0.39390317
0.000753229
0.001323398
0.00036052678
0.99933857
0.9962997
0.0017295536
0.9981439
0.9915211
0.39199573
0.999042
0.99921703
0.43305832
0.8978346
0.0003413697
0.23240198
0.004955706
0.9729057
0.9898552
0.00084690744
0.00156494
0.98092914
0.9969355
0.00021850607
0.77400076
0.00084982277
0.9997297
0.99968076
0.4729887
0.001261712
8.944328e-05
0.40390903
0.00016328493
0.991582
0.57116485
0.0038427408
0.95240784
0.9781823
0.0021073972
0.99774146
0.0062897326
0.00277851
0.40786317
0.40825805
0.99904865
0.0032861284
0.00089729065
0.00047109896
0.9981744
0.9993243
0.40969542
0.47284922
0.8454724
0.9997135
0.9944501
0.43379065
0.42860413
0.9998729
0.000273417
0.00079529063
0.4877387
0.3648339
0.99984264
0.00035861778
0.000811828
0.98562396
0.9994815
0.00097495515
0.20048614
0.0015817953
0.65618443
0.0022344794
0.9442628
0.0001658932
0.99754035
0.40640575
0.39429027
0.5943556
0.001354917
0.0008239104
0.0010059122
0.73754513
0.5993015
0.00038302058
0.99555415
0.9977022
0.98296195
0.40995616
0.0009387401
0.961963
0.0014248338
0.9922659
0.42285007
0.00117337
0.39661017
0.0027535735
0.00137509
1.7725884e-05
0.4298116
0.0022845839
0.547694
0.39334014
0.9993748
0.41835597
0.97103745
0.36572072
0.001065227
0.0005113239
0.005853295
0.0059679584
0.994501
0.0003056501
0.0022170648
0.4142305
0.9992071
0.9989115
0.40970728
0.0027801064
0.10973929
7.3526666e-05
0.99925345
0.00040364737
0.9997634
0.3333354
0.41068104
0.99929214
0.0009935909
0.99401605
0.99922156
0.0036659632
0.99832016
0.99223363
0.00018161973
0.52659875
0.0012312967
0.99953103
0.9970739
0.99868435
0.9616022
0.9919904
0.010567013
0.0009377389
0.0001669599
0.00046090063
0.0019807948
0.99969554
0.642054
0.0014216439
0.82023656
0.0023971482
0.9952394
0.005048994
0.002988839
0.01400919
0.18770623
0.56227916
0.00021234363
0.00029938764
0.0042239833
0.9977696
0.0017491549
0.9999708
0.99097705
0.95200986
0.0022106983
0.9887456
0.00054695277
0.41088837
0.4210987
0.0034866466
0.557979
0.005060332
0.7503589
0.0076450966
0.9885576
0.6109772
0.001888779
0.007912968
0.0051872465
0.99337924
0.9991283
0.99939764
0.36575997
0.0009975049
0.9189171
0.4237386
0.9996997
0.00040091903
0.9423572
0.8722874
0.41529906
0.00089663814
0.40684956
0.99853194
0.9996551
0.015014339
0.99948645
0.99750704
0.0026308154
0.00071805745
0.00036781828
0.9990965
0.0024128994
0.7803324
0.98437923
0.0018496836
0.0017486804
0.0131919915
0.0034473175
0.5659757
0.9821706
0.99906355
0.99175113
0.4132351
0.63955015
0.0015253085
0.9909305
0.9994216
0.9983438
0.001496867
0.0012152964
0.39256313
0.0022615036
0.96891475
0.83807075
0.00015339733
0.87187153
0.002585606
0.0017076739
0.9993812
0.25451395
0.5079087
0.9992281
0.0004060049
0.9823171
0.9993585
0.9994974
0.26053953
0.0013025699
0.9991372
0.8788132
0.5266066
0.0037670725
0.7511046
0.97891986
0.99444157
0.9988439
0.9984641
0.99795544
0.996289
0.0007411018
0.009140041
0.8656415
0.0007337934
0.0050738687
0.0027987768
0.0009186828
0.00060309033
0.0009509261
0.99829024
0.7338554
0.39412737
0.53693306
0.9993506
0.021056054
0.007763702
0.99974924
0.00058584975
0.9964882
0.99982136
0.5417701
0.4469622
0.9975314
0.002836101
0.00626369
0.99988544
0.42058852
0.00025789844
0.9988626
0.00083880866
0.5396767
0.00054619106
0.00028752736
0.9412623
0.00028620363
0.0021810078
0.00078595534
0.002617656
0.40464258
0.0007932184
0.010262983
0.9520523
0.99977654
0.36886892
0.0005105024
0.9988392
0.0011158118
0.00067705486
0.9985551
0.5485045
0.012422153
0.52900356
0.42268074
0.9959507
0.00013601001
0.99999976
0.12079872
0.0007852599
0.40903822
0.0065938463
0.3941241
0.0030661908
0.0010343564
0.0009122069
0.9942894
0.45447788
0.0017642103
0.98325807
0.030227514
0.0010688326
0.41682172
0.000854208
0.9939545
0.5662096
0.9527572
0.0028829281
0.009413083
0.011314298
0.9706561
0.0010528133
0.99715495
0.00057544454
0.00078072643
0.5961781
0.00043656924
0.0009102187
0.99478614
0.9829556
0.23994948
0.99943477
7.0719274e-05
0.007923385
0.9975936
0.4310847
0.15327956
0.0012534681
0.9986866
0.99957615
0.53194517
0.99940395
0.010903531
0.9956969
0.85252774
0.9930355
0.0017042243
0.020099249
0.0015778218
0.31782103
0.00368872
0.9982836
0.00086091703
0.9998109
0.41774163
0.8788929
0.99597114
0.0009973552
0.00026609807
0.00030404318
0.848141
0.98066986
0.99846774
0.99899906
0.62350893
0.6540053
0.8126557
0.0005977696
0.4074353
0.98638564
0.8878419
0.0013166687
0.999273
0.9641204
0.999907
0.99975127
0.00079745386
0.011731723
0.9990038
0.99914885
0.00012319318
0.64454406
0.3961338
0.99625456
0.0013580641
0.0007477889
0.99980766
0.9279496
0.14559993
0.99361515
0.9961378
0.002299515
0.0013773856
0.04048969
0.9981243
0.9989858
0.33661819
0.99752086
0.5215358
0.9998264
0.99962986
0.996357
0.00047993867
0.0008827493
0.9860497
0.001305376
0.0042992146
0.00013847958
0.97958755
0.00036774643
0.0025388084
0.0012834864
0.41462675
0.99663806
0.39152896
0.98690283
0.0034335044
0.5594591
0.0014983681
0.3083676
0.00017798273
9.191622e-06
0.0018610627
0.0025837463
0.5989222
0.40926546
0.9925684
0.0044519333
0.98586744
0.40851203
0.0036132329
0.075292856
0.46716407
0.61237
0.40474808
0.66095716
0.00023355235
0.39512783
0.0011674834
0.6036873
0.4075651
0.11660655
0.40254772
0.4292167
0.9994375
0.0031632564
0.9948126
0.97899354
0.9843114
0.9624708
0.00055960106
0.96257234
0.9996518
0.5379898
0.0008907023
0.9981927
0.5484025
0.99774855
0.22627664
0.0007882633
0.5168751
0.998393
0.41850752
0.9905103
0.0028110805
0.00044412032
0.0014911181
0.16233502
0.998895
0.52589583
0.39104012
0.64043474
0.996216
0.0006903977
0.9973183
0.9969536
0.9761129
0.9970107
0.9964585
0.4051064
0.003340304
0.99935704
0.4053583
0.9927509
0.4185419
0.99967897
0.52710116
0.9969779
0.9993247
0.0044594714
0.5201035
0.9991449
0.00080870604
0.9995358
0.0013889894
0.004038864
0.0033438727
0.0003284336
0.4083618
0.0015669321
0.66494846
0.5128178
0.9982139
0.0014245177
0.9509427
0.7348872
0.004647033
0.0029519363
0.9993087
0.9629491
0.3845934
0.965225
0.99799806
0.99971837
0.005231955
0.9961378
3.6720656e-05
0.97823733
0.00070714246
0.0019339547
0.41034994
0.9843842
0.0023878668
0.99850875
0.3870131
0.9958425
0.41520724
0.00045917326
0.91049665
0.98458487
0.0009413442
0.9987601
0.99971336
0.0023281856
0.9580643
0.006883673
0.0012188891
0.4251751
0.29775444
0.88235873
0.40093204
0.60313004
0.49014992
0.9908261
0.4068469
0.59675246
0.00026929448
0.9776393
0.3988717
0.42137936
0.0008412925
0.0019668215
0.9977939
0.4193454
0.46181506
0.000430939
0.9839422
0.9456541
0.0007794489
0.9986526
0.001795702
0.40035462
0.9989849
0.0018243116
0.00023517347
0.9932627
0.9957488
0.40074357
0.10613807
0.61191833
0.0011022515
0.40056276
0.99896014
0.43117952
0.41515595
0.001107685
0.002816723
0.39698216
0.4026103
0.41908157
0.99615747
0.9981698
0.98395675
0.00014702155
0.4029026
0.91386616
0.002060595
0.0039195903
0.6520588
0.0031817697
0.99965703
0.99930334
0.9991393
0.9996848
0.0007165901
0.0045817974
0.9734725
0.99783796
0.9810519
0.9986694
0.54477257
0.40694556
0.99473417
0.0017443382
0.99151343
0.99084646
0.0025119975
0.0010944459
0.00033666447
0.0013516786
0.97989345
0.99981445
0.95661354
0.00078824034
0.999461
0.001861216
0.5691304
0.0012201593
0.9985079
0.9988857
0.96180487
0.9964535
0.9988667
0.00019869374
0.39916196
0.0023200756
0.995014
0.9636086
0.48752427
0.0026514488
0.9997893
0.9977769
0.61914265
0.00091363594
0.9994128
0.00014605199
0.95602673
0.9932111
0.99502313
0.0033329888
0.4309946
0.99826956
0.0016043955
0.0016170655
0.0004351912
0.9987363
0.002741591
0.5524387
0.9961598
0.97683734
0.019805454
0.00027294742
0.99580705
0.9997241
0.0004870751
0.99967754
0.45832556
0.0018172684
0.00036216187
0.0012475193
0.000111236615
0.9994272
0.410832
0.002916529
0.91488034
0.9964445
0.0005493679
0.00056831853
0.99547005
0.0006364938
0.80631477
0.001910445
0.0010814087
0.0027972255
0.004942036
0.9507225
0.0011338374
0.00097034767
0.9996549
0.0034607467
0.0006362452
0.58379513
0.07297058
0.0005851196
0.0003006238
0.42369547
0.41892144
0.9983028
0.9989807
0.9992298
0.0002119298
0.95447874
0.0022025756
0.9973712
0.026684174
0.99860495
0.998376
0.9988703
0.9791638
0.00082474964
0.0021367874
0.41635722
0.833228
0.4194961
0.7071433
0.564094
0.75512725
0.42133275
0.97082406
0.9405556
0.41561657
0.67970914
0.92439556
0.9994356
0.5162032
0.9997384
0.00021167395
0.0004480821
0.9726178
0.0025702505
0.0017739529
0.0037067668
0.004312255
0.9561721
0.9975122
0.9996118
0.9981912
0.0028083085
0.9998926
0.012680796
0.0014904161
0.0009425469
0.88842964
0.00017238145
0.0035811244
0.40331727
0.94685864
0.0006949837
0.40621457
0.0013613021
0.00032946665
0.0067798807
0.0011672532
0.0014998198
0.9982223
0.002564403
0.9991922
0.0077918754
0.3992709
0.0008550899
0.9958332
0.3787619
0.0026133286
0.014656987
0.9991818
0.98637086
0.0019326471
0.001438073
0.00043177576
0.40872934
0.914453
0.9876429
0.0019519252
0.9994679
0.9657128
0.9987429
0.001686912
0.9995291
0.0013132521
0.00050379854
0.54514307
0.9943131
0.0015188031
0.38685486
0.99797136
0.0026238607
0.00042983596
0.003132436
0.003512593
0.99917465
0.9941736
0.0014630243
0.43029827
0.99957305
0.0005503309
0.5374213
0.997638
0.0045156083
1.2049698e-05
0.99885535
0.0018741124
0.0018790183
0.96004564
0.42055306
0.999539
0.0028902513
0.0011212998
0.0013891899
0.004298688
0.0006882331
0.9995073
0.38760754
0.0027740465
0.4277093
0.9990664
0.61091137
0.9861087
0.47807488
0.0006988488
0.0022171007
0.99930084
0.00010828101
0.40999225
0.009651991
0.4245596
0.9919893
0.40427548
0.20360671
0.9991893
0.41100916
0.0043247147
0.16510564
0.9957354
0.9820807
0.00027231761
0.9622448
0.0013122332
0.4054397
0.37272185
0.9986181
0.0003775634
0.5513812
0.99356353
0.0004864174
0.00023978173
0.99870515
0.003854794
0.9999229
0.00058882986
0.85232556
0.4060926
0.0008640663
0.98666453
0.0002917275
0.0007718936
0.44263694
0.9982944
0.0025255592
0.0014229116
0.9999709
0.63978916
0.9970571
0.99982387
0.53284276
0.99800986
0.5604983
0.0018379268
0.99747664
0.0027177383
0.43427712
0.0020195318
0.0011572686
0.9999316
0.0014200066
0.9839114
0.5595793
0.0033916493
0.003326768
0.0036383457
0.0036124983
0.99491984
0.010789167
0.9965969
0.0028172762
0.4036735
0.5441804
0.995475
0.9980373
0.9602428
0.0008528323
0.99272925
6.488712e-05
0.00871381
0.00046487816
0.008667251
0.00015257603
0.9973809
0.39978042
0.39963153
0.00012276306
0.111298665
0.99102753
0.99955827
0.9933954
0.985608
0.99874157
0.91857433
0.9963676
0.99981385
0.0018330686
0.9973997
0.5695399
0.00015320086
0.5209852
0.99735165
0.0016086571
0.9904371
0.00080551853
0.5436553
0.9997036
0.9996263
0.58269954
0.5885677
0.98365533
0.0003174528
0.002652613
0.0028974584
0.002268848
0.37882873
0.00015569854
0.00037932146
0.9996797
0.9789129
0.9584262
0.40063295
0.4106922
0.0070136483
0.41581815
0.39407405
0.3532574
0.0006580464
0.9980475
0.021733776
0.9992729
5.733782e-05
0.20412943
0.9975318
0.9949073
0.60752535
5.8999158e-05
0.78663176
0.0015713674
0.92022145
0.0009427907
0.0002698728
0.0013104073
0.41439256
0.99937683
0.00047450903
0.00012340645
0.51397896
0.99975973
0.58425605
0.00073473697
0.99634886
0.8898004
0.9999987
0.0018903869
0.00025780898
0.9814942
0.0017882847
0.0035212943
0.4096653
0.48371986
0.544165
0.3944346
0.00872375
0.9987987
0.48170283
0.0016236239
0.5385937
0.4199396
0.004013729
0.00071180536
0.99862003
0.94131136
0.0016029137
0.0026424984
0.0073469286
0.98984945
0.02825216
0.9927384
0.36712146
0.5732917
0.0004892288
0.0004456016
0.99959165
0.99904627
0.99917287
0.6395957
0.025592888
0.99847275
0.0018487332
0.00020905244
0.0010487939
0.9905753