0.55442834
0.9999908
0.41755575
0.5818476
0.41755575
0.00013540659
0.0006201043
0.99998975
0.41755575
0.7907576
0.00057648675
0.00030374795
0.0001072901
0.41755575
0.9998067
1.8392799e-05
0.00049521343
0.9847456
0.0003880012
0.50915486
0.4883661
5.584566e-05
0.42272592
0.0011926037
0.00018325681
0.00020881002
0.44316667
0.95523226
0.41755575
0.9988133
0.00013851323
0.41742513
0.8350383
0.41776264
0.4228799
0.41755575
0.54063326
0.99387556
0.99994254
0.99987626
8.453361e-05
0.50313205
0.00027740793
0.41755575
0.00012840808
0.001101663
0.5925377
0.733136
0.00015761245
0.9998981
0.9974607
0.0011294844
0.9992974
0.9999795
0.5283693
0.0005759318
0.54944617
0.00036395542
0.00024861595
3.0499668e-05
0.5755881
0.9993248
0.5611603
0.41755575
0.8817308
0.659194
0.6023552
0.010952953
0.9531508
0.5788822
0.9995265
3.452329e-05
0.97163534
0.35863918
0.0006720229
0.00073734246
0.00026073772
0.56997085
0.41755575
0.41755575
0.0005455641
0.00028263542
0.41755575
0.996881
0.9996101
0.00071576395
0.57097924
0.9953223
0.99998116
0.9972096
0.00030768645
8.7964814e-05
0.9995584
0.9909061
0.0015825327
0.00064283254
0.9996706
0.9160583
0.99621224
0.9999732
0.41755575
0.41755575
8.136579e-05
5.2353917e-05
0.41755575
0.00027721282
0.0003160049
0.9822343
0.9985556
0.9998603
9.493779e-05
0.41755575
0.9968971
2.2136875e-05
0.41755575
0.0007162194
2.1187192e-05
0.015166398
0.99934834
0.8073102
0.9943456
0.9996207
0.0014355376
0.9999975
0.00014403622
0.9997646
3.456236e-05
0.00010055893
2.3052982e-05
0.96397746
0.9998098
0.9766657
0.0017018529
0.99742883
0.00060648366
0.00014818
0.55190295
0.99999475
0.41730756
5.3835065e-05
0.99998176
3.6861875e-05
0.9970311
4.8898288e-05
0.9659597
0.00014474957
0.00024357447
0.47222373
0.0006817881
0.0005770607
0.999607
0.90761393
0.41755575
0.00024651614
0.0001973022
0.41755575
0.9999982
0.00027970065
0.00016602136
0.9875377
0.9999007
0.99134
0.9158693
0.9861849
0.99990594
9.1440794e-05
0.6713571
0.5516567
4.1882733e-05
0.00012708253
0.00021744074
0.41755575
8.47648e-05
0.5103039
5.0763323e-05
0.00043639657
8.534519e-05
0.99955624
0.0004578339
8.976087e-05
0.39600563
0.00030662084
0.00045810785
0.9999939
0.9360796
0.99788123
0.41755575
0.41830075
0.00018994964
0.9889324
0.00015854594
0.99999547
0.99985564
0.99995565
0.000105601925
0.00040656806
0.41755575
0.99576306
0.010825686
0.00029113347
0.00425929
0.9931832
0.9999522
0.99972314
0.99978155
0.9999988
7.7071105e-05
0.99988496
0.00055476086
0.0017940705
0.41755575
0.41755575
0.99972636
0.00093839096
0.41755575
0.41755575
6.3342595e-05
0.34527874
9.7342374e-05
0.0004932896
4.5008866e-05
0.99993074
0.00020160514
0.0006085438
0.00012209004
0.99968016
0.97504836
0.00029085827
0.41755575
0.00038998775
0.99875975
0.41755575
0.39543232
0.41755575
0.5481391
0.41755575
0.99973935
0.9999691
6.2955132e-06
0.00019677145
0.0014872433
0.00026483988
0.99994326
0.9896947
0.9534141
9.317596e-05
0.42050955
0.030634448
0.41755575
0.19173992
0.99998295
0.00016677247
0.988555
0.0022891436
0.0002853963
2.1835998e-05
0.9956273
0.955787
0.998727
0.99992156
0.99997675
0.00051734963
0.9999044
0.9991726
0.44624096
0.00045131968
0.00024902966
3.271281e-05
0.41414902
0.99956495
0.4176635
0.9230151
0.00016549726
0.00042643506
0.97772276
0.4908518
0.46294603
0.00011674689
0.99958473
0.9835179
0.999997
0.9999913
0.00050560693
5.950293e-05
0.9999906
0.9986873
0.41755575
0.99986875
0.00033609764
0.41755575
0.48950273
0.99995613
0.5658256
0.00022501993
0.9975605
0.00011272222
0.43779767
0.9974746
3.8711092e-05
0.9988815
0.41655666
5.658588e-05
0.53171754
0.99922454
0.9997451
0.00018933558
0.56525743
0.0015430998
0.99988604
0.00010385223
0.00012936202
0.80488485
0.99395084
0.9990746
0.99931276
1.1653728e-05
0.00045192047
0.00031361525
0.99798536
7.780809e-05
0.00028487135
5.156549e-05
0.00017383596
0.00013104279
0.9974497
0.5645629
0.0007018807
0.001255857
0.41755575
0.99537235
0.6733695
0.000112314185
0.9991955
0.999933
0.94576454
0.41755575
0.99997056
0.9999732
8.3948e-05
0.00019632037
0.00012571983
7.290618e-05
0.9993919
0.4824495
0.9997203
0.500373
0.66158855
0.99708325
0.99999535
0.9992618
0.9974694
0.00046020653
0.999943
0.46561924
0.9956239
0.0009101051
4.531102e-05
0.59510165
0.9999871
0.61847895
0.0005376158
0.9944687
0.00013689217
5.5928263e-05
0.00013854798
0.41755575
0.95038235
0.00021366029
0.00039404
0.41755575
0.42136553
9.74279e-05
0.99960715
0.0009196825
0.00014866388
0.002619645
0.99925727
0.7417769
6.801732e-05
0.0022340382
0.99892646
0.9968104
0.9165795
0.00020142588
0.0033924086
0.96173704
0.99846303
0.38994437
6.885257e-05
0.99973935
0.60195607
0.0002849504
4.5227356e-05
0.0012331554
0.41755575
0.9999689
0.9975
0.00016279926
0.0002578392
9.178175e-05
0.00012356884
0.99501204
0.9996569
0.48054937
0.5437324
0.41755575
0.9998479
0.99933785
0.9985958
0.41755575
0.9454991
0.4250212
0.98748755
0.99994385
0.0002554079
0.0001832638
0.9638142
0.0002875019
0.99992776
4.712275e-05
0.0009640832
0.41755575
4.3640797e-05
1.9156429e-05
0.9988445
0.9999939
0.99981934
0.5037828
5.7139132e-05
0.00040125148
0.0004859026
0.99857306
0.41755575
0.41754073
0.00043312562
0.00017200808
0.99942255
0.5534236
0.95559245
0.41755575
0.00028813686
0.001070771
0.00015021178
0.997962
0.9998964
0.0003638236
0.99900156
0.9974361
0.41755575
0.99995995
0.99251044
0.41755575
0.93265516
0.00015462855
0.32931116
0.00022351414
0.993548
0.5938253
0.00031960127
8.770215e-05
0.9997217
0.99991584
0.0004796981
0.934855
0.00030175343
0.99999106
0.9997019
0.362499
0.00013716721
0.00026431066
0.41755575
0.0005091002
0.9969861
0.5918263
9.679718e-05
0.98776245
0.96124506
0.001091003
0.9994653
0.00010258647
0.00015115143
0.41755575
0.41755575
0.99989533
4.246663e-05
0.0001232356
0.00024925437
0.9998584
0.9999101
0.41630024
0.49764532
0.8189787
0.9999945
0.99434125
0.41755575
0.41774917
0.99991417
0.0050370814
6.3972155e-05
0.5345406
0.41755575
0.9999312
0.0004586667
8.41999e-05
0.92417747
0.9999341
0.0004130504
0.4171739
0.00013287712
0.6814254
0.0005886267
0.7081813
0.00019528811
0.99984324
0.41755575
0.41755575
0.5777174
0.0013285347
0.0002559874
0.00025792868
0.62356025
0.453274
0.00039951692
0.9973406
0.9999938
0.93941164
0.41755575
0.00029987382
0.7928737
0.002163592
0.9975661
0.41755575
0.0009882334
0.4453287
0.0001739905
0.00032126927
0.0005365806
0.41755575
1.1133653e-05
0.5580718
0.42183062
0.9998839
0.41755575
0.9988072
0.41755575
0.00013209991
0.00047681056
0.00013520598
7.1260234e-05
0.9996093
0.001565988
0.000100307145
0.41614205
0.99994504
0.99987054
0.41755575
5.0096838e-05
0.0035769052
0.00016697042
0.9983997
0.00066648755
0.9999125
0.47551998
0.41755575
0.9998542
0.00019208349
0.99623835
0.9999603
3.931333e-05
0.9598181
0.98844343
9.165493e-05
0.54880905
6.39313e-05
0.99998343
0.99899024
0.99998116
0.9873045
0.9958525
0.00019740267
7.8497076e-05
0.00035313985
0.0003649566
0.003035423
0.993622
0.34343764
0.00022190184
0.70647085
0.00053517136
0.9999418
0.00026185205
5.1453742e-05
0.00071141403
0.36472836
0.57125956
0.00028021552
0.001721336
5.0114704e-05
0.9998368
6.948055e-05
0.99998987
0.9999145
0.84750944
1.702936e-05
0.9224477
0.0002248726
0.41597208
0.41755575
0.0001054543
0.5689388
0.000591606
0.67398465
5.5630127e-05
0.9960317
0.6241861
0.00018686216
0.00047726184
9.2078844e-05
0.9856962
0.99859506
0.99871135
0.4827168
0.000936691
0.7354717
0.48815626
0.9999943
0.000120960096
0.9403549
0.9488856
0.41755575
0.00011585813
0.41755575
0.9971059
0.99991727
8.312812e-05
0.99999523
0.9982663
0.0002732966
0.00062068197
0.0002468633
0.99922574
0.0005555289
0.877101
0.998456
0.00015732582
0.0002455368
2.9363633e-05
0.0016114686
0.6081103
0.97259045
0.9943468
0.9886904
0.41745907
0.6788451
0.0018403147
0.99978226
0.999206
0.9980951
0.00028629426
0.000110743626
0.41755575
9.355728e-05
0.99564976
0.44916263
0.00092272775
0.9848201
0.00019113967
0.00029786615
0.99867225
0.4947939
0.5428037
0.99994385
0.0001432637
0.9727744
0.9953648
0.99991
0.24961917
0.00044266132
0.9999125
0.89948195
0.5823342
0.00026508392
0.5639947
0.9984409
0.98095083
0.99906653
0.99645257
0.9996928
0.9985324
0.0011276954
6.359753e-05
0.9368918
7.919882e-05
0.00037365113
0.011460885
8.556792e-05
0.0005338681
0.00016617673
0.99455947
0.46694806
0.42407084
0.5669852
0.99997926
0.00108431
0.00013406953
0.9998858
7.70686e-05
0.9997143
0.99997044
0.63680947
0.5140944
0.9953753
2.7038779e-05
0.00040413192
0.9999448
0.41755575
0.00034303713
0.99704415
0.000115095245
0.5391282
2.402305e-05
0.000295597
0.9305479
0.00037706146
5.962489e-05
7.899185e-05
0.00013356295
0.41755575
8.757704e-05
8.690817e-05
0.8795525
0.9995415
0.41755575
0.00019408116
0.9972683
2.6223632e-05
0.00019012233
0.99928457
0.61138886
0.00024191155
0.5379005
0.41755575
0.999841
0.0001339784
0.9999893
0.24331094
0.00031078912
0.41755575
0.00067963335
0.41755575
5.333831e-05
0.00010040619
9.021395e-05
0.98835063
0.5231423
8.14202e-05
0.9926916
7.5176635e-05
0.000269418
0.41755575
0.00026063458
0.99555945
0.5532235
0.9878862
5.8079084e-05
0.01297427
0.00016806953
0.9497042
0.00016216637
0.99934584
4.9628656e-05
0.015893327
0.5987731
0.00011670704
0.00023346729
0.9967796
0.99977845
0.49089947
0.9997316
0.0004079708
0.00010953606
0.9997271
0.34160843
0.596502
0.00017347117
0.9997565
0.99843496
0.5379013
0.99996364
0.000119013705
0.9999447
0.9908083
0.99947184
4.052163e-05
0.00031378603
0.0002316546
0.48545945
8.347216e-05
0.99992335
0.00017539084
0.99918133
0.41755575
0.818819
0.99963343
7.5114425e-05
0.0007060899
0.00056370057
0.59472096
0.9972077
0.97466815
0.99998677
0.6632628
0.5349468
0.617826
0.00083182496
0.4157746
0.9570656
0.8069893
0.0006591426
0.999635
0.99867284
0.99994874
0.9995105
0.00071187795
4.8761987e-05
0.9949779
0.9999969
9.072883e-05
0.52331096
0.41755575
0.9996032
0.00038356284
0.00046404428
0.99974245
0.9915222
0.15500437
0.98434246
0.99908984
0.00018480676
3.885026e-05
0.042253464
0.9999814
0.9999664
0.41755575
0.9999498
0.5479175
0.9998772
0.9999697
0.99965215
0.0001319023
0.00031958907
0.9948945
0.0016612745
0.00019707301
0.00024001868
0.88203424
0.00064227433
7.8080346e-05
0.000217583
0.4174806
0.9993806
0.41755575
0.9076097
0.00011434591
0.58271843
0.00040057732
0.49727178
0.0021501817
0.0011874818
8.236259e-05
4.300531e-05
0.44232273
0.41755575
0.9975738
0.00010886161
0.9997923
0.41755575
0.0009030789
0.001664913
0.287082
0.5527715
0.42448828
0.3310131
0.007678261
0.41755575
0.00019591086
0.5922886
0.41755575
0.37356296
0.4171132
0.41755575
0.99970716
2.2286145e-05
0.9994704
0.9982704
0.9362128
0.9340648
0.0001392072
0.9926023
0.9998857
0.542808
5.432598e-05
0.9988193
0.28294954
0.99972886
0.15729192
7.7410885e-05
0.54531884
0.99944395
0.41755575
0.9997881
3.6265566e-05
0.0035426298
0.0021430545
0.33743092
0.9999211
0.5339447
0.41755575
0.63249534
0.99598384
0.0017930946
0.99991727
0.99950683
0.97933507
0.9819292
0.99465126
0.4141417
0.00025939112
0.9989612
0.41752544
0.999164
0.41709936
0.99979836
0.56724006
0.9966061
0.9999919
0.0028429015
0.55578154
0.9984825
0.00018814117
0.99941707
0.00033009954
3.4080836e-05
0.00055587135
0.00013411952
0.41755575
9.673065e-05
0.5809966
0.5573945
0.999526
0.00032081507
0.98560727
0.5595081
0.00016281618
8.864765e-05
0.99640083
0.99768186
0.41510242
0.9720756
0.99580884
0.99968183
0.000112942354
0.9997943
0.00047019782
0.9983664
0.003113155
6.417936e-05
0.41755575
0.9953367
0.00013707856
0.99999475
0.41755575
0.9982503
0.41729718
0.00044300448
0.9703039
0.9979096
0.00015048144
0.9999933
0.9997769
0.00014039013
0.7929853
6.9725065e-05
8.456037e-05
0.4173614
0.45826906
0.90194595
0.38327765
0.57407814
0.52448386
0.93032545
0.41755575
0.598929
0.00025692536
0.9532831
0.41491506
0.41755575
0.00011755343
2.4221115e-05
0.99995077
0.41755575
0.5443054
0.00016493705
0.998955
0.85983914
3.9501156e-05
0.99970454
0.00013904521
0.41656095
0.99877197
8.451177e-05
0.0001570346
0.9984981
0.9998504
0.41755575
0.34223586
0.598213
0.00039988803
0.41755575
0.9999001
0.41755575
0.41755575
0.00026837253
0.0015389763
0.41755575
0.41755575
0.41755575
0.99835867
0.99796695
0.98013675
0.0006871291
0.41755575
0.99174666
0.00049656886
0.001035802
0.74790734
0.0001185179
0.9993461
0.99994946
0.99988484
0.9999411
0.00025256837
3.3084143e-05
0.9828121
0.99982846
0.99748176
0.9687053
0.6401246
0.41755575
0.99857366
0.00056034775
0.9985896
0.999835
1.8434468e-05
0.00067032204
9.184654e-05
0.00021711653
0.99505216
0.9995109
0.98525697
0.00016498173
0.99998844
0.00023275094
0.5697895
4.711556e-05
0.99757797
0.9954151
0.9920266
0.99998
0.99884194
0.00024108152
0.41755575
0.000117242555
0.9888293
0.9953277
0.5257021
3.315331e-05
0.99997354
0.99985826
0.60429066
0.00021234869
0.9996511
0.00013797055
0.9976
0.9518833
0.9998124
0.00010672898
0.41755575
0.99974114
0.0009844393
0.00010173542
0.00021807358
0.99973184
7.664214e-05
0.14374793
0.9965893
0.84814966
0.0012144882
0.00014140434
0.9860221
0.99999356
0.00012139375
0.99998736
0.49717116
4.055248e-05
0.0029407106
0.06283922
6.0677787e-05
0.9998042
0.41755575
0.00022128005
0.9869147
0.9899857
0.0010401352
0.000570107
0.9991992
0.0023474502
0.9848161
3.165761e-05
0.00017154898
0.0008815498
4.1783955e-05
0.9264148
0.00015607922
0.00011646468
0.9986533
0.000247464
0.00021739656
0.5579307
0.24408449
5.9914546e-05
8.086555e-05
0.41755575
0.41755575
0.9973539
0.9999298
0.999879
0.00012050477
0.99574405
0.0001915973
0.9989048
0.0018644814
0.9998041
0.99986553
0.9998405
0.9834313
6.4165404e-05
3.0349522e-05
0.41755575
0.738497
0.41755575
0.34257963
0.3624487
0.5222323
0.41755575
0.8384018
0.9523929
0.41685754
0.9737352
0.7944564
0.999936
0.53652275
0.9999796
0.007751989
0.00018648572
0.9689924
0.001810722
0.00014171467
2.4177314e-05
6.704645e-05
0.9853029
0.9981779
0.99986184
0.99961567
2.7780672e-05
0.99999416
0.0004784936
0.00015422243
0.00020146543
0.6470256
3.9738887e-05
3.5657442e-05
0.41755575
0.9674327
0.002489513
0.41755575
3.685446e-05
0.0015555546
0.0001371697
0.00011441332
3.4059132e-05
0.99863714
2.4008692e-05
0.9999509
0.00061783066
0.41755575
0.000238688
0.9978479
0.558877
7.594856e-05
9.3632174e-05
0.9999788
0.9914854
0.00018321977
7.996773e-05
0.0009254867
0.42181304
0.8691595
0.9998215
0.0001906017
0.9997775
0.8306315
0.9998072
8.540382e-05
0.99995124
0.00011694477
0.00037688177
0.7958911
0.97863847
1.9683735e-05
0.4215264
0.9934668
6.889749e-05
6.9925765e-05
6.441714e-05
0.00017520247
0.99887174
0.9994394
5.561045e-05
0.41755575
0.99996555
0.00014756355
0.7601467
0.99058014
0.00013140567
0.0045486176
0.9999964
4.590574e-05
0.00018801224
0.99854314
0.41755575
0.9996283
4.004765e-05
5.2946576e-05
0.0006512884
0.012537722
0.00403497
0.9997887
0.41112036
2.7776778e-05
0.41755575
0.9999261
0.8214538
0.8675866
0.43754342
0.00018537274
4.8812657e-05
0.996869
0.0005081117
0.41755575
0.0003233671
0.4169439
0.99569845
0.41753173
0.0035865495
0.9999175
0.41755575
0.0002450048
0.24653147
0.9815871
0.9826653
0.00038270687
0.9901838
0.00011489009
0.41755575
0.53206545
0.9999323
8.639157e-05
0.5605032
0.96980524
0.00017344869
0.00024941724
0.99982184
1.6486096e-05
0.9999927
4.3994303e-05
0.90345854
0.4166782
0.00033532456
0.9930031
0.00073920266
0.00026464756
0.53193414
0.9997881
4.3839595e-05
0.0006430108
0.9999647
0.5718723
0.99956435
0.9990177
0.55538
0.99971133
0.55964625
9.0607435e-05
0.999788
4.089641e-05
0.41755575
0.00096339814
0.0010278529
0.9999807
6.808305e-05
0.9992099
0.5916779
7.051651e-05
6.767622e-05
0.0003522703
1.3256687e-05
0.9988053
0.0010401327
0.9992204
3.497996e-05
0.41755575
0.55661374
0.97969544
0.99859756
0.9067587
0.00039764485
0.9983382
0.0001532653
3.236169e-05
3.7980306e-05
0.0001739668
0.0006347882
0.99814856
0.41755575
0.41755575
0.00020080073
0.13698359
0.99677306
0.99982953
0.9982444
0.99733657
0.9999119
0.9712895
0.9972301
0.9997594
7.752332e-05
0.94300133
0.61684304
0.0001987614
0.22796726
0.9997683
0.00011215782
0.9976876
0.00012613217
0.57138824
0.99997187
0.9999938
0.5905481
0.59223324
0.9990042
9.993413e-05
7.9352125e-05
0.0011182219
5.9352587e-05
0.46411586
0.004668432
0.00019032547
0.9999927
0.9960525
0.912843
0.4162899
0.41755575
0.00044563727
0.41755575
0.41755575
0.47783458
0.00016152732
0.9750357
0.0003273957
0.9977582
0.0001696762
0.62366486
0.9999473
0.99986243
0.65902334
0.00029919358
0.9393837
0.00016403085
0.98973256
0.00025565835
0.0005047517
7.7313285e-05
0.41755575
0.99996257
0.000115040384
0.00015695392
0.539434
0.999673
0.5970643
0.0002619824
0.9841583
0.8733414
0.9999449
0.00010655144
0.0001546486
0.96545506
0.0008987363
3.9908835e-05
0.4182833
0.5495571
0.5347316
0.41755575
3.787675e-05
0.9989876
0.53026235
5.1079252e-05
0.56201416
0.41755575
0.0008818229
0.00019300438
0.999185
0.9898844
0.00020725276
4.2522508e-05
0.0002148775
0.98361313
0.0017210001
0.9899171
0.45781404
0.6014881
2.6405696e-05
0.00019763809
0.9959424
0.9999461
0.9998276
0.7863101
0.36525726
0.99980575
7.4216805e-05
9.020819e-05
0.00073982007
0.99470264