0.4428738
0.99997556
0.4364325
0.51267666
0.43938214
0.0060509713
0.015562761
0.9999628
0.43566692
0.8715702
0.00024710043
0.031033821
0.0060891127
0.43154064
0.999764
0.002605733
0.0015702463
0.39422128
0.019312222
0.4363071
0.9218336
0.0010966304
0.4263575
0.012223736
0.0012136075
0.0028733818
0.44696897
0.97068113
0.4359193
0.9984999
0.016643127
0.43543038
0.4942158
0.43572313
0.43561015
0.43308407
0.43642637
0.9964922
0.9999678
0.9991454
0.0023673782
0.42393574
0.0020157527
0.4365636
0.01041186
0.0013913964
0.48591945
0.862335
0.002415736
0.99852353
0.99889225
0.018500358
0.9992605
0.9998523
0.46631464
0.0014589841
0.4846064
0.0027167676
0.0016352176
0.0063101444
0.50296724
0.9983682
0.49128795
0.43667942
0.87490183
0.7806723
0.49004003
0.0054983436
0.9324715
0.44867992
0.99920887
0.0023985012
0.9699487
0.28607842
0.020911729
0.013532391
0.0064461813
0.5149528
0.4372171
0.431105
0.01928201
0.012640294
0.4366759
0.99818254
0.99909663
0.011573707
0.53215027
0.99864763
0.9998814
0.9844757
0.017481862
0.0041493024
0.9982066
0.9956116
0.009017493
0.0073051355
0.9981462
0.8629259
0.99986935
0.9999155
0.43716386
0.43787226
0.005255425
0.00493877
0.43621138
0.0016261055
0.010919026
0.9893504
0.9977295
0.99982846
0.015407594
0.43634933
0.9827161
0.0014222228
0.43786797
0.0180048
0.0022724702
0.0022270055
0.999328
0.80884504
0.9983267
0.9997383
0.00267046
0.99991536
0.0010196461
0.99988115
0.0008613363
0.0046852855
0.0037833974
0.9750627
0.99786985
0.9262558
0.0019066973
0.9991653
0.005532884
0.0070097405
0.42488894
0.99996614
0.4388013
0.009807061
0.9998305
0.004102397
0.99177164
0.0057275333
0.9995241
0.003917249
0.004286496
0.40794683
0.034362257
0.0031131064
0.99935955
0.9814213
0.4343785
0.016341884
0.016160944
0.43029562
0.99999714
0.006056437
0.0067074234
0.9974777
0.9998092
0.999887
0.67267704
0.99842346
0.99832124
0.0024062733
0.5073202
0.4461742
0.0024186682
0.0023730882
0.0056765815
0.43417364
0.0025030416
0.3997421
0.008999303
0.00349954
0.00430896
0.9997335
0.0012173755
0.003331849
0.368032
0.008397716
0.007749778
0.9999547
0.9819021
0.9986488
0.43662032
0.43489042
0.008504172
0.88987726
0.009073793
0.9997819
0.9985291
0.99936336
0.0024354765
0.018063521
0.4390396
0.9984315
0.019828701
0.013185996
0.032895535
0.998442
0.99973375
0.9994653
0.9996234
0.9999664
0.0013245997
0.999899
0.011819272
0.0060306666
0.4373357
0.43020794
0.9995536
0.0078810975
0.43981412
0.4377518
0.0027585467
0.23866467
0.0021020512
0.0034488232
0.023519175
0.99998355
0.0024747304
0.0027637635
0.0054907063
0.99980587
0.99244714
0.027215056
0.43648612
0.004450678
0.9977245
0.43615338
0.42724228
0.4366145
0.44106278
0.4335305
0.99995255
0.9999964
0.0019494365
0.0125758685
0.0051081865
0.004799053
0.99960524
0.94830143
0.90482664
0.0017142352
0.422636
0.00062293664
0.43795708
0.35717663
0.99969316
0.006007091
0.9586687
0.0019286732
0.0026707111
0.00067545
0.99550617
0.99476504
0.99994373
0.9998087
0.9999609
0.0052286508
0.999561
0.99754375
0.43702176
0.0055006957
0.012019717
0.0035298078
0.2854067
0.999762
0.43469253
0.36238822
0.008250849
0.005448363
0.5581467
0.4273844
0.3105985
0.0028448529
0.99921596
0.9520144
0.99993885
0.99989784
0.005704203
0.00702147
0.9998621
0.98855877
0.431784
0.99988973
0.00430705
0.43843818
0.18921092
0.9997414
0.46456653
0.0044694534
0.99894935
0.005014898
0.36594498
0.99783355
0.002338858
0.9855935
0.43536922
0.0039908183
0.4120194
0.99845254
0.99949586
0.004970299
0.49597585
0.002366249
0.9999274
0.0023083473
0.002358599
0.57497597
0.99992406
0.9985775
0.99994373
0.0019949386
0.0032570362
0.0050798636
0.9998597
0.0042322106
0.001146911
0.006634227
0.0046734507
0.004032794
0.99962866
0.5171727
0.007736091
0.004671169
0.43846527
0.995741
0.58061224
0.01689214
0.9996543
0.9990202
0.61199015
0.43679568
0.99992394
0.9997278
0.019095184
0.016242025
0.010220645
0.001623682
0.9966498
0.42372108
0.99839824
0.6799643
0.7223582
0.9981877
0.9999633
0.998243
0.9964735
0.012111877
0.99971837
0.39732137
0.99183923
0.022665033
0.0024089336
0.49217495
0.9999913
0.51524913
0.0048098625
0.9863681
0.0015840938
0.005739888
0.0010975155
0.43655187
0.8986735
0.007536216
0.007601418
0.4395874
0.43052953
0.0018908819
0.9998331
0.013907943
0.0039428105
0.0003343012
0.99946445
0.7893293
0.0023255532
0.004148239
0.9997502
0.9948514
0.8916164
0.0062415428
0.0007039262
0.97417635
0.999503
0.30171204
0.0058222776
0.9994449
0.48082614
0.00039288844
0.0055166855
0.0006939972
0.4379749
0.99987125
0.98479915
0.0027177315
0.019682614
0.0023113866
0.0029656275
0.9834288
0.9990138
0.4049956
0.4399448
0.43446523
0.9995437
0.99968886
0.9978077
0.43538636
0.9969145
0.41292801
0.99802977
0.999931
0.010974607
0.019209398
0.9841786
0.0064934446
0.9999579
0.0026467005
0.01035948
0.43725803
0.0020630253
0.00066545175
0.9999087
0.9999912
0.9995919
0.40344563
0.008233606
0.025138482
0.0039659603
0.9991873
0.43741935
0.23172894
0.022813477
0.01267552
0.9999616
0.44429237
0.95821303
0.43553266
0.01142194
0.00069252256
0.016426714
0.99704033
0.9999714
0.01031157
0.99923897
0.99486154
0.4390179
0.9996062
0.99160856
0.43821535
0.9773152
0.008058343
0.4354142
0.0036942656
0.9989562
0.9142007
0.0018562196
0.010809196
0.9999547
0.9998555
0.013985124
0.9621197
0.0037336017
0.9998878
0.9987124
0.53881377
0.0129777575
0.007278051
0.43786797
0.015794544
0.99998057
0.46835485
0.004582922
0.99725145
0.98764867
0.0016860507
0.99850637
0.01568586
0.0064661847
0.4380144
0.4336968
0.9977985
0.0016501208
0.0003185275
0.0031042786
0.99968135
0.9978435
0.4355191
0.4420999
0.9497758
0.99998236
0.9643043
0.4359647
0.43657732
0.99979573
0.005113346
0.00028310277
0.44356465
0.43291605
0.99944216
0.005803748
0.012413357
0.9956524
0.9998474
0.0038312585
0.43227062
0.0129564265
0.82816017
0.003966002
0.9294842
0.0077502145
0.9999708
0.4382508
0.4339279
0.45171386
0.00054275297
0.015660986
0.008844921
0.5111909
0.42365372
0.010474072
0.9994098
0.99997854
0.92176694
0.43435284
0.009747485
0.98495287
0.013767283
0.9973839
0.4345387
0.0030927984
0.17039628
0.0061591393
0.0077303867
0.017726175
0.43866903
0.0011185836
0.44873628
0.43228307
0.9999393
0.4366249
0.99874544
0.43262547
0.0012378449
0.015787473
0.020693488
0.0052076457
0.99961865
0.015150153
0.0034650203
0.4305354
0.99960166
0.9999422
0.43854725
0.0035966686
0.00021384105
0.0052777426
0.99781716
0.010462094
0.9998622
0.4220763
0.4378987
0.99984384
0.0057433126
0.99634165
0.99994147
0.003967328
0.97128606
0.98600775
0.0039069587
0.45891055
0.007435355
0.9999156
0.9834337
0.99997175
0.9994281
0.9969177
0.01728269
0.009184511
0.0017166481
0.004257986
0.0045412458
0.99845135
0.79041636
0.0056530237
0.62300503
0.004932616
0.99996436
0.004073324
0.0030106052
0.0008546325
0.41810483
0.44780675
0.011728263
0.0052414937
0.008333469
0.99988055
0.0061404635
0.9990687
0.9999521
0.97639436
0.0061677904
0.8437885
0.01745138
0.4296165
0.4374357
0.0024443308
0.52477527
0.0037618345
0.7617167
0.0022231287
0.99725854
0.3773015
0.0037237175
0.011384495
0.0023054467
0.99907374
0.9998258
0.9980951
0.4107359
0.0026201708
0.71983653
0.4253159
0.9999622
0.013437266
0.98479307
0.7718848
0.43914235
0.0025193442
0.4371884
0.9743183
0.9997377
0.021549406
0.99991965
0.9956175
0.0016462025
0.019395791
0.013980917
0.99842286
0.009379475
0.8980902
0.99983096
0.0024033342
0.008348875
0.011420982
0.024648566
0.5007314
0.97322494
0.99700624
0.9954751
0.4335461
0.53766125
0.0033441843
0.9986494
0.99815506
0.9996226
0.0006514712
0.010773555
0.4324205
0.0021126522
0.9974753
0.7312449
0.0016693225
0.9953726
0.009666136
0.0058308155
0.9924604
0.38607308
0.44328237
0.99972504
0.003200945
0.94260377
0.9685896
0.9995877
0.3858116
0.0027018122
0.99987876
0.99566746
0.68975765
0.018002724
0.93439335
0.9998791
0.96093017
0.99974376
0.9962204
0.9998022
0.99379915
0.03778306
0.0035759504
0.9728981
0.013861262
0.0009638875
0.0062925015
0.010159794
0.011138635
0.009474689
0.9995148
0.6422929
0.42826793
0.4539232
0.99965394
0.005198642
0.0035697354
0.9998035
0.0037658233
0.99948716
0.99972326
0.48937285
0.42574456
0.9969522
0.0036449546
0.0074696885
0.9999435
0.43763095
0.0052005067
0.9981505
0.011759642
0.4043324
0.0007179935
0.0080779465
0.93223524
0.017769301
0.002834017
0.008661255
0.0024523828
0.43830252
0.002095482
0.008155863
0.9832334
0.9988016
0.43171617
0.009526417
0.99116725
0.0016351141
0.022868909
0.9993279
0.5038299
0.008236729
0.4334644
0.43805844
0.99984896
0.0126258535
0.99996746
0.34285995
0.0045815473
0.43692788
0.002185933
0.43873253
0.002357871
0.0060027107
0.01540755
0.9960407
0.42925802
0.004619801
0.98687243
0.0078045563
0.011733658
0.43442935
0.00205459
0.99711406
0.4964299
0.99223715
0.0051858784
0.0075586042
0.006465986
0.98765916
0.0017348338
0.9977081
0.0010209098
0.0028882278
0.5150881
0.008471326
0.0030879683
0.9995983
0.999967
0.3855192
0.9991104
0.006517338
0.0064171236
0.99823594
0.41553184
0.24918817
0.018335998
0.99893254
0.99371827
0.43382138
0.9999411
0.01024439
0.999979
0.99698263
0.998351
0.004286034
0.028256323
0.0024529183
0.39251876
0.004291803
0.99997854
0.010727226
0.9996112
0.43679124
0.89296323
0.9993118
0.008283439
0.015171213
0.02055638
0.40521428
0.9918339
0.99698526
0.999959
0.52858555
0.47892997
0.8625218
0.007724284
0.432678
0.6830565
0.9237674
0.007560096
0.99916947
0.9998053
0.9999876
0.99925226
0.020444773
0.0016078065
0.9869042
0.99999666
0.00445217
0.4070623
0.43738705
0.99996483
0.005537089
0.018868549
0.99965477
0.99942845
0.18438613
0.90375113
0.99742234
0.0056038448
0.0041840733
0.012347354
0.99998
0.999992
0.42571536
0.9999924
0.47847766
0.9992305
0.9995509
0.99890137
0.016935715
0.02344795
0.99974364
0.006498938
0.010665796
0.014880269
0.9760148
0.016705519
0.0066498257
0.003819892
0.43700573
0.99985874
0.4370815
0.93742514
0.007257004
0.46297976
0.017026855
0.4182536
0.06630759
0.0020549754
0.0050943824
0.004322972
0.40494254
0.43876076
0.9916932
0.0031869023
0.9999039
0.43761954
0.0067420704
0.0141341295
0.35845163
0.45221007
0.41988775
0.8927177
0.0070991637
0.43611526
0.009206968
0.5164167
0.43686762
0.24202539
0.43635485
0.4387975
0.99999094
0.00445777
0.99991
0.9988324
0.93405503
0.8833182
0.013909329
0.99947864
0.999561
0.6196283
0.0013317963
0.9982064
0.37489477
0.9997043
0.43023092
0.0040808194
0.4431714
0.9998222
0.43796647
0.999303
0.0014219012
0.012266041
0.003866536
0.37303686
0.99994576
0.46365383
0.4331339
0.5034124
0.9995167
0.01006708
0.99990463
0.999446
0.9986634
0.99111384
0.9775319
0.43598455
0.0022527687
0.99873155
0.43905562
0.99791104
0.43363982
0.999984
0.47445375
0.91259474
0.99998283
0.0012113976
0.47999808
0.99983704
0.021678792
0.99933535
0.005117386
0.0043415288
0.008108777
0.019634223
0.43864387
0.0023014313
0.44641897
0.44432768
0.99685305
0.00353065
0.9917317
0.6966075
0.0014162199
0.0060155364
0.9932284
0.990391
0.43382785
0.9897551
0.9987955
0.9989718
0.0028119148
0.99953973
0.0020512051
0.9990054
0.0070277895
0.0051639867
0.4365767
0.9988324
0.004271476
0.999912
0.43329543
0.9970612
0.43713617
0.007080735
0.9829616
0.9997665
0.0014268904
0.99999666
0.9997224
0.007960104
0.95320433
0.0048233154
0.0022410888
0.43872488
0.400851
0.84279394
0.40348423
0.46925583
0.45013568
0.95466053
0.43824872
0.5244035
0.019255297
0.9700566
0.43336478
0.43612447
0.0046830717
0.0029985583
0.9999994
0.43943194
0.46940818
0.008947472
0.99981064
0.43234336
0.0019923486
0.9991848
0.002312262
0.4391669
0.96682703
0.026075648
0.011259048
0.9989385
0.9998467
0.43812934
0.28955966
0.51688236
0.006317459
0.4378104
0.9998392
0.43746078
0.43756127
0.028546967
0.010900029
0.43331018
0.4378474
0.4358309
0.98420584
0.99849427
0.9819099
0.003986806
0.43901357
0.9982652
0.0028814536
0.0042689173
0.41067144
0.0014827768
0.998892
0.9998241
0.99975544
0.99931073
0.0031078574
0.0053410265
0.89589393
0.99958485
0.99953854
0.96584564
0.48965415
0.43721983
0.9999716
0.0020344956
0.9981048
0.99798894
0.0014485312
0.01293381
0.0076573407
0.009851061
0.9985252
0.9811477
0.96992546
0.007515854
0.9999554
0.01758161
0.4721751
0.004611301
0.9997166
0.9974331
0.9871474
0.9999666
0.99377924
0.0013592681
0.43654966
0.0022883967
0.9915047
0.9876605
0.44862157
0.0049406923
0.99995816
0.9999912
0.5029563
0.002924163
0.9998171
0.008614554
0.9985083
0.9970674
0.99929833
0.0014832173
0.43756768
0.99971837
0.0161588
0.001963012
0.025101034
0.9988426
0.0064204293
0.77679294
0.9940936
0.92249364
0.01027587
0.0039420654
0.99940014
0.999943
0.009168769
0.9999155
0.42747384
0.0028455239
0.011842067
0.0034443997
0.002241108
0.99951625
0.4370345
0.024127008
0.9896063
0.9905608
0.015003603
0.03257216
0.9996706
0.011891624
0.9961922
0.0014904198
0.0011177101
0.00436754
0.0050100274
0.9622741
0.00091141934
0.008614599
0.9974432
0.003589831
0.0019109816
0.48212662
0.15524098
0.0032118815
0.0012181005
0.4341326
0.43913943
0.997841
0.99942267
0.99994504
0.00870637
0.9930862
0.010464147
0.998771
0.009550645
0.9997485
0.9987324
0.9993318
0.99525416
0.003379717
0.004476809
0.4383767
0.984608
0.4378762
0.58663446
0.23344877
0.4033402
0.43923414
0.85866517
0.46312934
0.43790138
0.91950506
0.7492337
0.99998486
0.44438103
0.99768186
0.001001478
0.009765839
0.91880864
0.0073892563
0.003278277
0.0027048176
0.0034583681
0.97978514
0.9989537
0.9999751
0.9980342
0.004617017
0.99996424
0.016272575
0.0047925077
0.0044514555
0.9903556
0.0013339117
0.0034573264
0.4366091
0.99951184
0.106441915
0.4385992
0.0022850349
0.00887752
0.0042283256
0.0013412308
0.0018227579
0.99976224
0.0045324983
0.99953115
0.0046743224
0.43864048
0.0016527623
0.99410796
0.26748368
0.0055612028
0.007529725
0.9999523
0.99432385
0.0070249247
0.0069902814
0.006746868
0.43415555
0.91433245
0.9999863
0.0010771157
0.99982303
0.8975357
0.9997063
0.0013352768
0.99985397
0.0062658363
0.0017132701
0.45382988
0.9986319
0.0028061792
0.41364133
0.9811515
0.004964176
0.0013595291
0.0026781084
0.008714342
0.9995608
0.9991491
0.002075406
0.43009636
0.9994998
0.0011515388
0.45089996
0.99947363
0.0025348337
0.009204873
0.9999869
0.0051668314
0.006060891
0.9997738
0.43617168
0.9999893
0.0032567931
0.012541967
0.013378378
0.001005106
0.00838123
0.99974424
0.42838502
0.002516992
0.43687326
0.99977535
0.55082464
0.9796964
0.44517505
0.007960748
0.0038503786
0.9995389
0.012541565
0.4393513
0.010562757
0.43633452
0.9992743
0.439044
0.0010539532
0.9999211
0.43743834
0.010624986
0.35225165
0.9467465
0.9711276
0.006450605
0.993911
0.0062774476
0.43649137
0.61453766
0.99968255
0.0109527465
0.51303005
0.99741334
0.014045879
0.0071066264
0.99975353
0.0034615693
0.9999064
0.000770487
0.9807277
0.43370366
0.0046855924
0.9911451
0.0039175544
0.0033946144
0.43445435
0.99939775
0.002300049
0.015000685
0.98953456
0.49643877
0.9992199
0.9909697
0.45045447
0.9971487
0.51456815
0.0020389382
0.9991736
0.004815597
0.4375359
0.009595503
0.006977847
0.99966097
0.0049271327
0.999408
0.4827228
0.0043650484
0.004869409
0.0038112665
0.0018581199
0.9983126
0.032812253
0.99950707
0.0027473932
0.4392005
0.4964959
0.9486407
0.99620384
0.94366
0.010188943
0.9440149
0.0011943978
0.005323275
0.00059647433
0.004876091
0.002691699
0.9998883
0.43661696
0.43660328
0.011954057
0.19568361
0.9969854
0.99984324
0.9894756
0.99772173
0.99697804
0.6945965
0.9977465
0.9994425
0.011688151
0.9471386
0.5322836
0.014502476
0.41172257
0.99967337
0.01667266
0.99708956
0.006228534
0.44924644
0.9998555
0.9999918
0.48808366
0.48341218
0.99974006
0.0020789267
0.0030823923
0.011656136
0.007601807
0.38061595
0.008406333
0.01195123
0.9997571
0.9982558
0.88761795
0.4363678
0.4385898
0.015221358
0.43950635
0.43704462
0.39413336
0.0048747724
0.96995765
0.0013804066
0.9976567
0.004065938
0.21160056
0.9998723
0.99968493
0.5050974
0.018921498
0.99540174
0.008998295
0.54257464
0.012729981
0.006233917
0.010525575
0.43833545
0.9999212
0.00723908
0.0030708967
0.47888318
0.9999579
0.5031877
0.0056078103
0.99754107
0.94431716
0.9991467
0.015097226
0.005682883
0.9999429
0.0019949917
0.0012106432
0.43387735
0.44968972
0.43534684
0.43381932
0.008529035
0.9933206
0.4509291
0.002338936
0.45048958
0.43794987
0.0055930773
0.021516327
0.99984944
0.9994276
0.013780568
0.0029178106
0.015425618
0.8014167
0.018015062
0.9953696
0.35321972
0.5002264
0.0038740349
0.0009512832
0.99859804
0.99990714
0.999526
0.5125834
0.2118321
0.9970783
0.006460952
0.00031630782
0.013389253
0.9996872