0.61346215
0.9999454
0.4011348
0.59778166
0.3895265
0.0003940079
0.0005700399
0.9999337
0.41083845
0.80469203
0.082859285
0.00045183796
0.0008295568
0.4272212
0.9995796
0.0007176924
0.0013540643
0.82174885
0.001048739
0.52421874
0.96393937
0.0011875542
0.39473957
0.0006513942
0.0003231221
0.00937587
0.49880588
0.9853357
0.42280698
0.999595
0.0004637743
0.41937906
0.9010715
0.4232524
0.4051642
0.39800024
0.544428
0.9990971
0.9999877
0.99993527
0.00058181986
0.52700794
0.0006331719
0.41218042
0.0008101032
0.0011281483
0.5815394
0.98870754
0.00082958204
0.9999534
0.99866307
0.0006454825
0.9995115
0.9993893
0.50674707
0.0005590442
0.5961746
0.007377029
0.0010794922
0.0018548428
0.5816394
0.9996828
0.5637313
0.39413124
0.98246497
0.8593116
0.61148375
0.0011496828
0.9790229
0.6237479
0.9996369
0.00055384054
0.98788995
0.12641951
0.0032074116
0.00043272262
0.0007872735
0.5867115
0.3863206
0.3945281
0.0014910649
0.0003648912
0.39924026
0.99869305
0.9997843
0.00041613076
0.5510851
0.99948406
0.99955624
0.9986493
0.00033715283
0.0005080899
0.9997459
0.9958752
0.0014228453
0.0045647225
0.99979943
0.97590816
0.9998636
0.9999281
0.40637496
0.41228575
0.00054301426
0.00041774384
0.40065408
0.002444696
0.00034628762
0.98894113
0.9983758
0.99992967
0.0007643659
0.41185907
0.99994254
0.0029109933
0.4211197
0.0013272592
0.0010923205
0.012667997
0.9991032
0.8676337
0.98587275
0.9998615
0.015654791
0.999995
0.0012075992
0.99982697
0.0012896784
0.0015556322
0.0007534178
0.97850215
0.9990638
0.99458367
0.00048150762
0.99353176
0.0006737248
0.00069883815
0.5516079
0.99999166
0.38870192
0.00036284074
0.9999964
0.00051353587
0.9925054
0.0006163127
0.9993369
0.0019960497
0.0003831449
0.42916375
0.016138118
0.0011793914
0.9999105
0.99741626
0.41706687
0.001130752
0.0012831435
0.3933106
0.9999882
0.00036475103
0.0005798919
0.9878656
0.999861
0.99968433
0.5963455
0.99998784
0.99934405
0.0010308444
0.68705416
0.56204855
0.00020882393
0.0017111885
0.00075913686
0.41391444
0.011443552
0.48051494
0.0010309303
0.0011558941
0.0030584796
0.9999676
0.0006495462
0.0007307408
0.3170318
0.0006119349
0.0005842126
0.9999696
0.9751084
0.99854374
0.40284517
0.40366468
0.0010813186
0.9993961
0.00032961398
0.999967
0.9998611
0.99959415
0.0050616525
0.0008938398
0.40165123
0.9982851
0.09242958
0.00037989975
0.0061997143
0.9985033
0.99994266
0.9999844
0.9996197
0.99998987
0.0031119878
0.9997489
0.0012690284
0.0013417252
0.3904377
0.406316
0.99987257
0.0006028877
0.3968856
0.41708896
0.00037792817
0.21431689
0.000432906
0.0007738781
0.003244603
0.99997234
0.0004663528
0.00067670166
0.0010579419
0.99947566
0.9970837
0.0021824776
0.42095944
0.0005057826
0.9993642
0.4082495
0.49605808
0.40338156
0.5597912
0.43459263
0.9999435
0.999977
0.0022743824
0.00034412608
0.00088634604
0.00042870367
0.99992275
0.997566
0.96920884
0.0006474137
0.40431547
0.87314945
0.40995628
0.374832
0.99999344
0.00040609456
0.9711773
0.09187845
0.00038671834
0.0010382759
0.99701226
0.998792
0.9998758
0.99988055
0.99997747
0.00042158234
0.9998623
0.99954164
0.3792191
0.002635014
0.00050295744
0.000684965
0.8098847
0.9994992
0.43029845
0.5842568
0.0010507366
0.00073997234
0.9833734
0.5233991
0.46809652
0.0005135461
0.9998348
0.99367887
0.99994767
0.9999653
0.0039969604
0.0005573117
0.9999021
0.999954
0.39224148
0.999806
0.00025692754
0.37944955
0.72522396
0.9999502
0.53696966
0.00040524916
0.9998528
0.0011916239
0.7041659
0.9995303
0.010824313
0.9997236
0.4123861
0.00074785616
0.8577409
0.9984475
0.9998808
0.00365253
0.5585497
0.0018020854
0.9998373
0.001155017
0.00080923986
0.8391959
0.9997652
0.99875283
0.9997135
0.000704363
0.001145827
0.001581354
0.997162
0.00094549113
0.0003612379
0.0043556252
0.00046478468
9.989659e-05
0.99952984
0.5520624
0.005344001
0.0011657131
0.4013576
0.99844617
0.7560582
0.00042748815
0.9993819
0.9999906
0.9752914
0.411783
0.99994326
0.99994683
0.000670849
0.0004584099
0.00042163476
0.0008141754
0.99967515
0.39638257
0.99979836
0.77051926
0.84850836
0.99746895
0.9999939
0.9985948
0.9973127
0.00043902104
0.99987304
0.4222598
0.9952609
0.0012987327
0.0015320262
0.6207085
0.9999187
0.6655596
0.0020889165
0.9926455
0.008969698
0.0007515917
0.007060228
0.40835357
0.98951846
0.0002491717
0.00047270258
0.39061216
0.3817237
0.00059517956
0.9999682
0.0006062727
0.0006720802
0.0066183326
0.9994155
0.93843776
0.00075826526
0.0015538528
0.9993673
0.99769115
0.95284075
0.002356385
0.07282728
0.98265034
0.9991379
0.44276065
0.0014276147
0.9997178
0.61605483
0.00095671765
0.0007677027
0.0028183253
0.39895654
0.9996741
0.9964677
0.00049346976
0.00050029176
0.0008073305
0.00080649473
0.99173015
0.999321
0.41418847
0.5427154
0.42958343
0.99986005
0.9995359
0.99914515
0.41100383
0.9953898
0.36986327
0.99856925
0.9999635
0.0006405083
0.00040198216
0.97966945
0.000536291
0.9999777
0.0006796262
0.00080961705
0.40978336
0.0010626515
0.0013100423
0.99944896
0.9999856
0.99974924
0.4192337
0.00049882795
0.001977393
0.00045528507
0.9973834
0.39965165
0.12110487
0.0014828418
0.00032832657
0.99989283
0.54527456
0.92675734
0.39151946
0.00045097736
0.001767569
0.0005572912
0.99774605
0.99990165
0.000700076
0.9998499
0.99853504
0.38147694
0.9999536
0.99903905
0.41166204
0.9505368
0.0002802524
0.73124367
0.0013902633
0.99952936
0.9862444
0.00040888364
0.0006359096
0.99969876
0.9998658
0.00031521023
0.9906
0.0017661359
0.9999788
0.99983525
0.50219494
0.0005016364
0.00021267026
0.3951269
0.0005173546
0.99916565
0.6315066
0.00084902963
0.9947101
0.99551976
0.0017862635
0.99982363
0.00048666113
0.0009853687
0.40450072
0.42298833
0.99971706
0.0012430388
0.0021613098
0.002237854
0.9998124
0.99981934
0.3936919
0.5086612
0.9657718
0.9999974
0.9972356
0.42358646
0.4152838
0.9998332
0.0033375127
0.0014981626
0.5252632
0.40890506
0.9999294
0.0013093675
0.00050920504
0.99547297
0.9998585
0.0007494014
0.41495642
0.00049144425
0.4739002
0.0007614256
0.9866219
0.00017905716
0.99989736
0.39749202
0.41411123
0.62282205
0.005636737
0.00053817796
0.00094914663
0.6394763
0.6961553
0.00047555842
0.99925154
0.9999765
0.9291723
0.4256871
0.0005244124
0.99462235
0.0014942382
0.9999585
0.42194507
0.008794271
0.4495816
0.0008652242
0.00059622794
0.00086363335
0.42321563
0.00069988385
0.5891478
0.39833528
0.9998869
0.4083292
0.9953603
0.4075322
0.001531372
0.00043390336
0.002040469
0.0012881744
0.9999218
0.0011877103
0.0024692959
0.40802857
0.99985874
0.99993134
0.392661
0.0008664238
0.4012765
0.00064394454
0.99904054
0.00039126875
0.9998895
0.5148499
0.39772725
0.9996481
0.00039829643
0.995992
0.999848
0.0007270264
0.99748755
0.99331033
0.00034559667
0.5215536
0.00056890905
0.9998411
0.99935263
0.9999654
0.9869717
0.99523526
0.004029522
0.00042377584
0.0024686418
0.00044350137
0.0032016903
0.999508
0.7677116
0.0006309674
0.8965827
0.00085358595
0.99998283
0.003927977
0.0007605105
0.019551342
0.7801864
0.5934635
0.0004957183
0.0014570499
0.0008172714
0.99969006
0.0012439153
0.99997926
0.9999504
0.9945754
0.0004481372
0.9818339
0.00050264515
0.40953776
0.402122
0.00090398843
0.6048337
0.0017236901
0.99714124
0.0013748895
0.99956065
0.8403406
0.0021101516
0.001006718
0.0008920667
0.99922895
0.9999707
0.9994802
0.41063222
0.0016600332
0.92914385
0.49522942
0.9999497
0.0005988306
0.97459465
0.9620132
0.39743245
0.0004691549
0.40334353
0.99853504
0.9999305
0.0054611233
0.99997675
0.99946517
0.0020770165
0.0010921608
0.0003103071
0.9996908
0.0031302215
0.9828743
0.9994236
0.00062505534
0.0006116265
0.00071818783
0.016374577
0.69487906
0.98887336
0.99915516
0.99708813
0.42848042
0.8246034
0.009482452
0.9995041
0.99978906
0.9998652
0.0010900364
0.000309287
0.40944862
0.00050471514
0.9997991
0.6850629
0.00069677026
0.99259263
0.00063798606
0.00058503984
0.9991242
0.43049064
0.54644734
0.9999019
0.0006443829
0.9905234
0.9870989
0.9997683
0.24525948
0.00081950094
0.9997534
0.9935242
0.82605857
0.0032567747
0.9515035
0.9999299
0.9924064
0.99993634
0.9987552
0.99987423
0.99934465
0.0022681293
0.0013019533
0.93538445
0.00043164406
0.008507111
0.0031672646
0.00035694818
0.0005309883
0.00093990454
0.9996606
0.6853755
0.383804
0.58293587
0.99990535
0.004254949
0.000904742
0.9999516
0.0005830634
0.9995359
0.9999832
0.5985079
0.51951295
0.9980526
0.00067207764
0.004678471
0.99994075
0.40357083
0.00024253974
0.99731064
0.00039794785
0.6022697
0.0008707863
0.00034292266
0.9439235
0.0006038334
0.00046393942
0.00051893597
0.0008529225
0.3985539
0.0004734349
0.0010733717
0.99867755
0.9995401
0.39528295
0.000583117
0.9977055
0.0005942403
0.00052554725
0.99977976
0.5778901
0.0007873887
0.5311598
0.39723685
0.99962354
0.00034145126
0.99999666
0.121170744
0.0008149368
0.41330037
0.0052025965
0.39613086
0.0008606468
0.00045284998
0.00056056486
0.9974619
0.5215856
0.0005967256
0.99879164
0.005394659
0.0006985801
0.42039984
0.00036218239
0.9967781
0.5687455
0.9725399
0.0006046581
0.011104986
0.002012059
0.97614175
0.0022994855
0.9996556
0.00077307766
0.017661331
0.7234419
0.0005478747
0.00033715492
0.99929726
0.99990904
0.44625914
0.9997266
0.0004812493
0.0023488062
0.99933606
0.2894848
0.9891394
0.0005257572
0.9998111
0.99991715
0.53560156
0.9999434
0.0015106429
0.999876
0.9921383
0.9988462
0.0014712282
0.057438966
0.00055465725
0.40615562
0.0007662468
0.99998975
0.0004068259
0.9999505
0.3988159
0.96430737
0.9998721
0.00065770285
0.00045876508
0.00042195883
0.5512761
0.9994019
0.9995233
0.99996626
0.64120734
0.54714906
0.97533154
0.00043976662
0.405512
0.96438515
0.9101902
0.00073619484
0.9995425
0.99971145
0.99999857
0.9998704
0.00091600115
0.0030730565
0.99879515
0.99998736
0.00037296323
0.621423
0.38506052
0.9998727
0.00038024868
0.0022265743
0.9997961
0.99979776
0.3515334
0.9979538
0.9984285
0.0004990104
0.00055298704
0.6741351
0.99993205
0.99998915
0.42434448
0.9999764
0.5167497
0.99984837
0.99994075
0.9994618
0.00047759246
0.00957676
0.9995716
0.0010053047
0.0152798565
0.00035191802
0.98712325
0.00039950167
0.00065518694
0.00045599695
0.4238632
0.99990964
0.38942522
0.9871603
0.017935762
0.61383396
0.0009435689
0.40193367
0.12636505
0.0010846118
0.0003060992
0.0007065864
0.60046345
0.39444366
0.99734527
0.0007363569
0.99939
0.4079926
0.052139334
0.007244809
0.25058773
0.5687713
0.40472794
0.8758457
0.00087582355
0.40019137
0.00052308245
0.6595685
0.40896764
0.089670315
0.4016342
0.42913482
0.9999664
0.00061552145
0.99952257
0.9979931
0.982828
0.9828499
0.00074622873
0.9986986
0.99987483
0.8016033
0.0007656622
0.99976915
0.46513364
0.99923635
0.20098099
0.0012942607
0.5628576
0.99956316
0.4035336
0.99866843
0.0005764093
0.0010387934
0.0024111876
0.27834865
0.9999118
0.54423875
0.41285282
0.6649164
0.9986142
0.0010871493
0.99998164
0.99931645
0.99935156
0.9962598
0.99294597
0.38843846
0.00093728205
0.9993963
0.39154515
0.99901986
0.41369098
0.9999814
0.58777446
0.99247134
0.99997723
0.026371447
0.56431156
0.99995804
0.00052425644
0.99968827
0.00037582175
0.0008025779
0.0010565539
0.00053036166
0.4002419
0.0016428829
0.63438076
0.5342138
0.99966455
0.00069339294
0.9861183
0.67190355
0.00091681373
0.0007289342
0.9979996
0.99900836
0.40524617
0.9916951
0.9997099
0.99966395
0.000838306
0.9995844
0.00013051952
0.9990652
0.0012777067
0.00068221515
0.41611323
0.998206
0.00072272547
0.9999585
0.39195177
0.99724233
0.40026802
0.001527941
0.9727768
0.99976426
0.0013172557
0.99993694
0.999913
0.00080911495
0.99395317
0.002351297
0.0012140798
0.42584413
0.41530713
0.84228957
0.37608993
0.6089796
0.5292475
0.99640626
0.39590105
0.6570045
0.00033843776
0.99627197
0.40297526
0.396451
0.0007511274
0.00058648444
0.9999981
0.39372858
0.5417472
0.00045054939
0.99908113
0.78419876
0.00033116335
0.9995316
0.0008070905
0.38087642
0.9958793
0.0011121109
0.0004534815
0.99904627
0.99982506
0.38669902
0.15947947
0.68074226
0.00037816085
0.38596752
0.9998265
0.42543256
0.40380964
0.0007375164
0.0015344154
0.39704433
0.39705554
0.3965906
0.99760854
0.9999256
0.99202514
0.0026199839
0.38795787
0.9892847
0.003257211
0.00062543043
0.9729388
0.00080832967
0.99948394
0.9999522
0.999897
0.9998863
0.00039093412
0.0007680382
0.9376038
0.99977404
0.9989858
0.99632627
0.60705143
0.40398112
0.99989295
0.0004477638
0.9990344
0.9999883
0.0011013226
0.002045652
0.00040396824
0.00052220817
0.9981694
0.99808156
0.9932428
0.00048507648
0.9999962
0.0009740866
0.607341
0.00050145667
0.99969697
0.99943894
0.9904574
0.9998826
0.99952507
0.0010505464
0.39853525
0.0010998794
0.9978847
0.9893791
0.5538234
0.00063072116
0.99992514
0.9998822
0.65756273
0.0024800792
0.9997278
0.0002983951
0.99968886
0.9982919
0.9993063
0.0008496524
0.41015652
0.9994948
0.0018338497
0.001787484
0.00044457652
0.9998221
0.00045878717
0.62229294
0.99821174
0.927499
0.0017104521
0.0008861582
0.9369588
0.9999099
0.00074277853
0.9998772
0.5114676
0.00035114857
0.0018224666
0.064713135
0.001129699
0.9998049
0.39965498
0.0011677459
0.99011505
0.9978465
0.00062529097
0.006860544
0.9996743
0.0014563826
0.9734355
0.00042262147
0.00042415032
0.0019637714
0.0008718278
0.9779267
0.0008548301
0.00036983617
0.99965644
0.0005372339
0.0020144677
0.569438
0.050566554
0.00015146118
0.00078047975
0.39469224
0.38928592
0.9978816
0.99971396
0.99967873
0.00032090803
0.9829061
0.0006125488
0.9992723
0.013277342
0.9998305
0.9995881
0.9997634
0.9979449
0.0011792482
0.0013017363
0.40383387
0.9836874
0.41366816
0.5977427
0.49708042
0.6803088
0.39507467
0.9031242
0.9139528
0.40096718
0.95092225
0.95680696
0.99994004
0.56263417
0.9999685
0.0028080158
0.00028024838
0.9878768
0.0015467936
0.0005477695
0.0014425197
0.0005806261
0.96724653
0.99921584
0.99996805
0.99939334
0.0006831016
0.9999976
0.0012642491
0.0019950685
0.0015328593
0.984698
0.0007130855
0.0006648717
0.39749104
0.9990988
0.006013008
0.39683768
0.0016952923
0.00060338667
0.0008053328
0.0009931737
0.0005785065
0.9996921
0.0007448103
0.99956506
0.011142374
0.39478955
0.0005907107
0.99928457
0.4681354
0.0004996174
0.0021460443
0.99991417
0.9967691
0.00065055885
0.0005390507
0.00041456282
0.4236535
0.97570896
0.9999112
0.0089718085
0.9998436
0.9140854
0.9996834
0.0002761208
0.9999795
0.0006705572
0.003545447
0.8812084
0.99990094
0.0006694873
0.38861313
0.9967636
0.00050193706
0.0008164354
0.0011714369
0.00045397435
0.99990463
0.99863714
0.0011881703
0.42185205
0.9999647
0.00063146127
0.77031326
0.99926406
0.0008132388
0.0006256778
0.9999583
0.00038874187
0.0005133739
0.9987956
0.41412938
0.9999033
0.00070216437
0.0006073349
0.0012614364
0.014191059
0.008290951
0.9994266
0.4188712
0.00075864187
0.42660388
0.99996614
0.95048255
0.994578
0.5002752
0.0013886476
0.00080390356
0.9989905
0.0008502808
0.3824704
0.0011376402
0.39904705
0.99876595
0.38870227
0.30695277
0.99988556
0.41619548
0.005262107
0.33278713
0.9960174
0.9964719
0.00034269996
0.9870661
0.00046101288
0.4034963
0.59927285
0.99961084
0.00061508483
0.5896717
0.9979862
0.00048410232
0.00069559395
0.999811
0.0007739272
0.99997807
0.001015331
0.978228
0.40704066
0.0007947286
0.9989176
0.00033573224
0.00047488348
0.5497735
0.9998921
0.0004874778
0.002232214
0.9999311
0.55938894
0.9994331
0.99952865
0.55492544
0.9993148
0.5575423
0.0016230629
0.9998228
0.0007949403
0.41444153
0.0011063325
0.0040147677
0.9999211
0.0005896681
0.99891055
0.6233981
0.0006167076
0.0006728499
0.0013786448
0.0007397611
0.99832517
0.010008131
0.9996978
0.0004677198
0.3875827
0.55167043
0.9963865
0.99906164
0.9882923
0.00079490576
0.98092043
0.0001366466
0.0015110421
0.0018607405
0.017961869
0.0011322772
0.97296053
0.4020356
0.3996888
0.00042954984
0.19385348
0.9988476
0.9998043
0.9983236
0.99877304
0.9991761
0.8745853
0.9981256
0.9996636
0.0005794579
0.8792945
0.58401835
0.00035420444
0.461193
0.9996941
0.000638254
0.99869114
0.0011171056
0.5728316
0.9999889
0.9999745
0.63467735
0.6277925
0.9996952
0.0005782306
0.0007033823
0.0011048291
0.0011517582
0.42381862
0.009523665
0.00031433185
0.99987054
0.99875677
0.9860195
0.3994568
0.3835648
0.0035781958
0.39071438
0.3912766
0.4933975
0.00044204123
0.99923074
0.01073578
0.99951005
0.0005946477
0.2686618
0.9997404
0.9997838
0.64459217
0.00032236273
0.9868667
0.002518641
0.9283562
0.00032864534
0.0005686832
0.0005867562
0.4014055
0.9999242
0.00047850248
8.260769e-05
0.52382904
0.9999331
0.686459
0.00036370862
0.9992894
0.94102526
0.9999814
0.0006503685
0.00092198554
0.9995516
0.020778798
0.000982147
0.4278377
0.5128482
0.5639357
0.40977466
0.00042375788
0.9992853
0.53032523
0.0011177389
0.56268686
0.39786342
0.002683292
0.00045077942
0.99979144
0.99815613
0.0007692094
0.00057981425
0.00087007467
0.97902703
0.010807463
0.99690115
0.44563007
0.61362404
0.00066377735
0.00026327948
0.9998056
0.9998223
0.99980694
0.666668
0.07602142
0.99913603
0.0010049174
0.00064132496
0.00084897253
0.98476344