0.52798516
0.99994564
0.42177454
0.5360179
0.41960925
0.00033921574
0.0025497528
0.9995384
0.41763672
0.9861611
0.0034918129
0.0016332655
0.00050712534
0.420479
0.99998426
2.9861294e-05
8.996533e-05
0.95642626
0.00021712211
0.5289662
0.5555937
0.00061485363
0.41644153
0.0034844272
8.663057e-05
0.00021152142
0.52040535
0.9994017
0.4249714
0.9973152
0.0012408451
0.42683354
0.40389186
0.37671053
0.41681013
0.422635
0.5308098
0.9860065
0.999951
0.9986021
0.0001130223
0.44526324
0.00037333407
0.42273772
0.000670841
0.00028519717
0.5241323
0.86208415
0.00030114618
0.9998223
0.9979651
0.007176566
0.99774253
0.99999166
0.52899045
0.0001877156
0.567926
7.051826e-05
0.0006993598
0.00010279818
0.55330914
0.9999826
0.5261395
0.42221135
0.9955224
0.53738713
0.54169774
0.00031055516
0.99502903
0.5232868
0.9999466
4.2491338e-05
0.9942503
0.22234786
0.0016096515
0.001547651
0.00093392713
0.53412086
0.42349246
0.42159224
0.0007718878
0.00035834234
0.42258602
0.9996879
0.9987618
0.00043120646
0.51708525
0.988135
0.99999845
0.9988381
0.0006826066
0.00023601404
0.9998548
0.9988187
0.011870906
5.468478e-05
0.9997527
0.94013
0.9973757
0.9999832
0.42414021
0.42622668
0.0006918101
0.00027582268
0.42164263
0.0023541634
0.00035164555
0.9785064
0.9994512
0.9905998
0.000118585165
0.42479753
0.9870161
0.0003193905
0.42773643
0.0011584223
0.0002601889
5.3585067e-05
0.9997929
0.9808594
0.9960491
0.9998845
0.00034839776
0.9990551
0.00026492044
0.9999831
0.00017500813
0.00032253552
0.00028443738
0.99780005
0.9995741
0.9770991
4.130057e-05
0.9998078
0.00069171353
0.00016204102
0.7495405
0.99999094
0.42406562
0.00046204918
0.9998288
0.0003793415
0.93041867
0.00024401495
0.91819435
0.00018493879
0.00026376714
0.40650743
0.0006765385
0.002061204
0.999902
0.8344963
0.4250149
0.0010265391
0.00053198356
0.4214493
0.9999875
0.0003588577
0.0003582332
0.99355465
0.99998057
0.9987507
0.631609
0.9805279
0.9998845
0.00034824118
0.5452229
0.51572704
4.302997e-05
0.0004176606
0.0005197431
0.42301485
8.877479e-05
0.38107595
0.00031081965
0.000905727
0.00021528188
0.999874
0.00017217512
0.00012617548
0.43581134
0.0009118397
0.0009766081
0.9999995
0.9947561
0.99996173
0.42230597
0.41643044
0.00016211397
0.97440594
0.00031169743
0.9995864
0.999858
0.9994535
8.3410174e-05
0.0007010972
0.42658105
0.9944931
6.1481514e-05
0.00075701444
0.00038732254
0.9971878
0.9999583
0.9996649
0.9989324
0.99999905
0.000122014964
0.9993481
0.0002968116
1.5296102e-05
0.42324883
0.41985133
0.9996526
0.0005558287
0.42617816
0.42499593
0.00013671398
0.35575286
5.8197173e-05
0.0006398872
0.0016312685
0.9999889
0.0001674476
0.0005355286
0.0007539181
0.9999106
0.9892861
0.0006868741
0.4245518
0.0006066973
0.999943
0.41673782
0.433141
0.42597795
0.4470459
0.42062405
0.999936
0.9999846
9.027497e-05
0.0002731609
0.00012893665
0.00023892937
0.99997306
0.99130744
0.9632239
0.00014116925
0.4151869
0.008861161
0.4253896
0.42668125
0.9987206
5.955789e-05
0.53812766
0.00012460761
0.00035682143
0.0001293831
0.9999479
0.99341655
0.975696
0.9989766
0.99988294
9.7805554e-05
0.9987226
0.99817264
0.41141665
0.00031320797
0.00032276558
9.7349526e-05
0.3977062
0.9992034
0.4232723
0.9537322
0.00014875067
0.0007544776
0.78105646
0.42021078
0.41159153
0.00015940817
0.9996706
0.99401724
0.9999987
0.9999877
0.001776893
0.00092149945
0.99999833
0.9942363
0.42154452
0.9998883
0.00026329604
0.41611192
0.7604418
0.99999404
0.5244077
0.000102532
0.9775441
8.403113e-05
0.42971608
0.9994911
0.00020379506
0.9924776
0.42510805
0.00013530077
0.5022843
0.9867219
0.999374
8.7035645e-05
0.5422075
7.997223e-05
0.9999845
0.00020419886
0.000610352
0.42668837
0.9990264
0.9999788
0.99981576
8.601615e-05
0.0012544063
0.00037556692
0.9979359
0.0009139547
5.2762804e-05
0.00014353772
0.00029122233
3.185664e-05
0.9999603
0.5553638
0.00016666677
8.888543e-05
0.4247947
0.99788624
0.80753964
0.00024062704
0.9993629
0.99895394
0.81626433
0.4245349
0.999998
0.99977475
0.00014188286
0.00034819936
0.00024011092
0.00014737596
0.9988206
0.4127826
0.99962246
0.9309666
0.8203668
0.9975908
0.99749184
0.999948
0.985769
0.00080432347
0.9999467
0.4110163
0.9955735
0.0020747425
0.00033971737
0.5241602
0.99999905
0.5273039
0.0005956446
0.993515
0.00010376344
0.0001642346
0.0016852691
0.42274174
0.9544257
0.00027253787
0.00079884485
0.42529574
0.41548708
0.00014342758
0.9999893
0.0007280556
0.0006354249
0.00013092863
0.9999796
0.78982854
0.00025981065
0.00052571186
0.9978461
0.9881896
0.91924584
0.00022421469
0.0024458857
0.9979056
0.9993411
0.41262951
0.00012181665
0.99999285
0.5303932
2.8382989e-05
0.00035206837
0.001237546
0.4222529
0.99989355
0.8823059
0.00012938742
0.004872122
0.00011933576
0.0005235441
0.74864864
0.9999769
0.4116187
0.5207856
0.42195386
0.9989542
0.9786573
0.99965453
0.42356643
0.98583895
0.41445774
0.9848453
0.99995697
0.0011004338
0.0004093733
0.9994905
0.0005989176
0.99990237
0.00030593813
0.0007896319
0.42186052
0.0001942513
0.00012607074
0.9987588
0.9999951
0.99551636
0.41511306
0.00034886738
0.0018067738
0.0004935695
0.99995375
0.41537488
0.14743473
0.00033940596
0.00018273614
0.99592197
0.523535
0.9958411
0.42212492
0.0011367536
2.381484e-05
0.0015206359
0.99882776
0.9994392
0.0018446547
0.99963963
0.97834945
0.42079303
0.99999046
0.9959875
0.42541057
0.9443849
0.00025687
0.4264278
0.0010791395
0.9988133
0.8016677
0.0002847201
0.00038073945
0.9997658
0.99996006
0.0023633668
0.9313074
0.0013070705
0.9999901
0.9991571
0.57108265
0.001817637
0.0003389793
0.42512637
0.0017851167
0.9993488
0.5230012
0.0005392637
0.99988747
0.9839071
0.00021845648
0.9998889
0.00011754603
0.00014476973
0.42290568
0.42423117
0.9996822
0.00012438455
3.278018e-06
0.0002481111
0.9999937
0.99993277
0.42407572
0.4960836
0.88171357
0.99999106
0.99772376
0.41850808
0.42582187
0.9999876
7.17427e-05
1.272241e-05
0.49712214
0.42340302
0.99989307
0.00088644953
0.0016355391
0.9985732
0.99998987
0.00025481978
0.3035654
0.00072514045
0.14023697
0.00010942633
0.64694697
0.0007150764
0.99998474
0.42292264
0.42470545
0.52698797
0.001348655
0.0015054389
0.00044950048
0.5359409
0.49178922
0.0006144462
0.9952054
0.9994979
0.9435235
0.4249228
0.0019078238
0.89107096
0.0013753761
0.9727969
0.4236509
0.013588054
0.41477194
0.0017878644
0.0008531859
9.99633e-05
0.42480722
0.00015343155
0.53160864
0.42321375
0.9999218
0.4227226
0.9963676
0.42447495
8.324164e-05
0.0029261669
0.00073597213
0.00023759494
0.9991272
0.0050243237
0.00035559892
0.41909388
0.9999584
0.9999759
0.4249424
0.00013758232
0.0004737035
0.00028649496
0.9998022
0.0013772111
0.9993249
0.4193712
0.42295146
0.9999248
0.00014015379
0.99914443
0.9999552
0.00029863333
0.9717173
0.99655175
0.00013587649
0.49073365
0.00011785714
0.99998
0.9993467
0.9999987
0.9985251
0.9965329
0.00066723785
0.0009949157
0.00054840685
0.00021445686
0.00031627525
0.99840975
0.8249331
0.00031999915
0.38269463
0.00015131928
0.99998367
0.0014485092
0.0005223234
0.00020860207
0.41863754
0.54800177
0.00021306971
0.00036712937
0.00018836932
0.9987626
0.00045528164
0.99965024
0.9977664
0.9476197
0.00014031611
0.93856406
0.0025783018
0.42017356
0.42390627
0.0007190874
0.7126939
0.00039828257
0.68312263
0.00025906487
0.91479194
0.30879164
0.0029624188
8.635278e-05
0.0003625206
0.99764854
0.99947566
0.9970796
0.4019006
0.00037487317
0.67821795
0.44878232
0.99999917
0.0003241857
0.99750274
0.4004044
0.42661685
0.00030814824
0.4227482
0.98081964
0.9999281
0.0015301207
0.9999852
0.9993349
0.00061643467
0.0016052368
0.0002455951
0.99869955
0.0014126773
0.651562
0.9917203
8.354478e-05
0.00087603973
5.558897e-05
0.00022893018
0.53591645
0.99856025
0.99975413
0.999159
0.42359364
0.5383892
0.000104830884
0.99974734
0.998546
0.99986064
0.00016953323
0.00013139991
0.42041275
6.1708066e-05
0.9997043
0.9299506
0.0005606261
0.9953164
0.00032749402
0.00043644084
0.9975616
0.40643686
0.5187494
0.99992347
0.0004621899
0.9937814
0.98205966
0.99995136
0.29696885
0.0007812991
0.99999106
0.81017375
0.5165019
0.0029147118
0.87400764
0.9972465
0.9678334
0.9996463
0.9981834
0.9998658
0.9998523
0.0027578596
0.0010531609
0.97292703
0.00015109524
0.0016483519
0.0002404147
8.2291386e-05
0.0019696502
0.00026106834
0.99158114
0.94842774
0.4155883
0.53481644
0.99996006
9.669496e-05
0.00021939373
0.99950004
0.00036597936
0.9997216
0.99960333
0.5260361
0.43637383
0.9987191
0.00026431368
0.0025269398
0.99960274
0.42358658
0.00014645168
0.9999217
0.00039973884
0.43220526
0.00014050986
0.0002845532
0.81996953
0.001835162
0.00039048662
0.00010805708
0.00053944957
0.42324314
0.00044941183
6.0967617e-05
0.9934104
0.9995672
0.42289484
0.00023010225
0.999175
3.5199006e-05
0.0017400912
0.9978327
0.4992148
0.00048760837
0.5190897
0.423957
0.9995782
0.00065346266
0.99999285
0.3416477
0.00044954466
0.422998
0.009240776
0.4269553
6.979851e-05
0.0002544151
0.0008111518
0.99618727
0.47705403
0.00020889365
0.9994722
0.0003478004
0.00026629426
0.41886845
5.33492e-05
0.99972254
0.5275235
0.8359692
0.000628135
0.013515029
0.00019423483
0.987603
0.0015190135
0.99991536
0.000109743065
0.0022180944
0.54463166
0.0011689573
0.000664605
0.9965186
0.9970114
0.41298327
0.999676
0.00021661386
0.0002371785
0.9980311
0.57655257
0.9895706
0.0013068172
0.9999083
0.9900405
0.5278918
0.999196
0.00018795596
0.99999404
0.99910897
0.9998411
0.00026509556
0.00055800425
0.0002094391
0.41581646
0.00063989544
0.998367
0.0005756091
0.99961334
0.42217565
0.90100044
0.99999225
0.0007803876
0.00080276077
0.0017913227
0.37176606
0.93241525
0.99475783
0.9999914
0.89685965
0.49878073
0.6040904
0.0012209371
0.39701772
0.7235007
0.98315006
0.0003333239
0.99882466
0.99914455
0.99996614
0.9998275
0.0031455427
5.655189e-05
0.9925719
0.9999809
0.00016609294
0.44268158
0.42232588
0.99998105
0.00042279414
0.0021094298
0.9999596
0.9990883
0.43714738
0.99327624
0.9990086
0.00022430642
0.00074363657
0.00564205
0.99995077
0.9995555
0.32064795
0.9999137
0.5267662
0.99992883
0.99997795
0.99974877
0.00034320576
0.022966811
0.99522555
0.00033670056
0.0012289727
0.0012654985
0.5590317
0.0033052722
0.00053849147
0.00026627927
0.4283649
0.9988607
0.4200707
0.9698075
0.00030902494
0.54793096
0.0005786896
0.40872487
9.677749e-06
2.953675e-05
5.148255e-05
0.00032636046
0.5038386
0.42362812
0.98539793
0.00055425375
0.9999325
0.4231101
0.00030749702
0.00015770852
0.30791506
0.5178492
0.4200579
0.83302563
0.00019159913
0.4201811
0.00018843291
0.5352988
0.42446613
0.30834967
0.41850066
0.42589557
0.99993813
7.422049e-05
0.9995091
0.9999399
0.90191096
0.7894657
0.0007878397
0.999754
0.999979
0.8558106
0.0003451204
0.999283
0.41272688
0.99991345
0.486643
0.0005347252
0.5153314
0.99951077
0.42464787
0.99928266
5.297112e-05
0.00021820232
0.0005854389
0.3549427
0.9992207
0.5236079
0.42388424
0.54397494
0.99981016
0.0006275151
0.99990404
0.9996816
0.9897189
0.99878377
0.9983188
0.42362532
0.0012835384
0.9994697
0.4232371
0.993419
0.4206929
0.999658
0.53089017
0.98542607
0.9999968
0.028229207
0.52953297
0.9959577
0.0016233689
0.99987435
0.00013379661
0.0002082922
0.00038584764
0.00043812243
0.42546728
0.00015453112
0.5284307
0.52541715
0.9996346
0.00044501325
0.9980782
0.64438355
0.0001460208
0.0010576759
0.9982374
0.9610161
0.41776028
0.99489635
0.9996747
0.9999378
0.0005071761
0.99999356
1.05783565e-05
0.9999554
0.00057759247
0.00041000303
0.4238156
0.99544865
0.0006213745
0.9999372
0.42012328
0.9995497
0.4212793
0.0008108025
0.9974306
0.99974626
0.00019477488
1.0
0.9999211
0.0007696692
0.75716853
0.0001639855
0.00025121888
0.42667753
0.40973622
0.8313466
0.42306828
0.53421074
0.4811424
0.7838972
0.42274284
0.5428572
0.00094336754
0.9834078
0.4175478
0.4226055
0.0003355924
7.845809e-05
0.99203765
0.42561942
0.5245665
0.00014368766
0.9999683
0.52432656
2.8765731e-05
0.99997675
0.00027593286
0.4232671
0.9969208
0.00019358844
0.0022272565
0.99977344
0.9999951
0.422759
0.31433186
0.538834
0.0004673639
0.4230322
0.9992785
0.42302978
0.42153457
8.237186e-05
0.0014102276
0.4215492
0.42318386
0.41901627
0.9958282
0.99938416
0.99317604
0.00038626534
0.42308402
0.9998166
0.010851663
9.182763e-05
0.39132038
0.0004101461
0.99978095
0.99996793
0.9998803
0.9999672
0.00024965752
0.0001038974
0.8956847
0.9999516
0.99996567
0.8598016
0.52736765
0.4228247
0.99990106
5.5587174e-05
0.9996426
0.99883085
0.00030212046
0.00021687175
0.00026818327
0.0005197837
0.99217623
0.9999399
0.84615636
0.0007224604
0.99977547
0.00025239936
0.5264968
0.00019007974
0.9992481
0.97561854
0.9988674
0.9999782
0.99922633
0.00066825096
0.42109266
0.0002929762
0.9984654
0.98953325
0.44911733
0.0003425786
0.99829215
0.99999714
0.5416293
0.0020466326
0.99616253
6.9992806e-05
0.98375136
0.89479107
0.99601257
0.00032094537
0.42517418
0.9999771
0.0028382984
0.0002529496
0.0033567648
0.9999628
7.584905e-05
0.76184624
0.9983773
0.9698315
6.7769026e-05
0.00046333595
0.99975735
0.99992216
0.0014811031
0.99999726
0.50963235
0.0002125537
0.0029890037
0.0064776586
0.00027765217
0.9999976
0.41848254
0.0002285655
0.9906848
0.9955273
0.003474083
7.004001e-05
0.999902
0.005418577
0.99922585
4.0636485e-05
0.0001510912
0.0016389748
0.00016687905
0.5424078
9.4607574e-05
0.00028419535
0.99871457
0.0007516798
0.00025298167
0.5221682
0.32713014
2.527194e-05
1.7137945e-05
0.424028
0.4230783
0.99695146
0.99996054
0.9999484
0.00047915702
0.9828266
0.00036085912
0.99941564
0.00042618898
0.9995492
0.9999751
0.9994987
0.9871722
0.0003095321
0.00019344951
0.4233643
0.74767894
0.42221317
0.7504913
0.13638
0.37276387
0.42517805
0.84128815
0.5418995
0.4252358
0.8531231
0.42818347
0.9997609
0.51102495
0.9964204
0.00027471254
7.999427e-05
0.9934269
0.00010485167
7.481076e-05
0.00028410295
0.00012635994
0.87766445
0.9997614
0.99990904
0.99978834
3.9526556e-05
0.99981564
0.00012467429
0.0006284303
0.0036381464
0.90481365
0.00012273403
0.00023625517
0.423491
0.9877108
4.086791e-05
0.42279482
0.00016208614
0.0017237581
0.00021682504
0.000870717
0.00011204003
0.9980202
3.6481946e-05
0.9998975
0.0029499412
0.4251924
0.000185793
0.9990545
0.42191565
0.00052325946
0.00014797838
0.9997658
0.9998425
0.0007512817
0.0007913396
0.0008393631
0.4274206
0.67459923
0.9998173
0.0007159748
0.9999895
0.9604705
0.9999851
5.9530972e-05
0.9958786
0.0015515789
0.00083456916
0.53086907
0.99294734
0.00013244322
0.41628957
0.9476385
0.00059057615
3.3151508e-05
0.00026363618
7.378888e-05
0.99435174
0.99982446
0.00014235025
0.40814844
0.99975187
5.9225542e-05
0.546122
0.99923706
0.00052843784
1.1656794e-05
0.99999833
7.753633e-05
0.00014266414
0.99965477
0.41739234
0.99941933
0.00026603896
0.0007995322
0.00066123315
0.0015076337
0.0006411126
0.9998287
0.41750523
0.00013348351
0.4237386
0.999534
0.6047404
0.8920186
0.47162855
0.0013000991
0.00018647683
0.999724
0.002273786
0.42048693
5.947378e-05
0.42431387
0.9761185
0.4247306
0.0030190614
0.9999875
0.41969085
0.0014872319
0.42078668
0.976601
0.91086555
0.00013671033
0.99981135
0.00029030308
0.422545
0.43196347
0.9999628
0.0020816845
0.5592197
0.9988998
0.00069273147
0.0012277178
0.99981993
3.715615e-05
0.9998765
7.094325e-05
0.8862363
0.42531514
0.000594244
0.9980773
1.8391062e-05
0.0002929592
0.51626587
0.9986645
6.802743e-05
0.008051645
0.99992
0.5479
0.9996762
0.9987607
0.51531756
0.99655765
0.5348585
0.00019840541
0.99916565
0.00032384807
0.42391533
0.00041341578
0.009481641
0.9999567
0.0002195718
0.99993265
0.53606355
0.00063944765
0.00041650364
0.00012259997
7.4955504e-05
0.9999702
0.00077522994
0.9936352
7.414125e-05
0.42399743
0.5233333
0.98750556
0.9998754
0.97531325
0.0014456924
0.99813193
1.0024422e-05
0.00048597436
0.0004031161
0.00048537436
0.0002912187
0.999845
0.4212687
0.4176467
0.0019252929
0.40573722
0.999464
0.999876
0.99902356
0.9997888
0.97707444
0.47750068
0.9824839
0.9999865
7.920878e-05
0.81043184
0.5283088
0.0010110148
0.3032072
0.9999784
0.0007892859
0.9994423
0.0008177053
0.5295001
0.99810696
0.9999976
0.5260533
0.5344138
0.99996483
0.00027070387
7.4887634e-05
0.00023926674
0.00016230698
0.4116662
0.006492706
0.00051327376
0.999987
0.98113716
0.93359494
0.41848436
0.42223623
9.190228e-06
0.4256752
0.42047417
0.43934622
0.00016063832
0.94847083
0.0025524646
0.9980386
0.00042574594
0.519376
0.9998971
0.9978904
0.54081863
0.0011480455
0.992303
0.0013532811
0.8094341
0.0007082178
0.0016425819
0.0005565335
0.4258788
0.9997603
0.00057453016
1.9392774e-05
0.5304524
0.9980742
0.5457364
0.00021105703
0.99085414
0.7848172
0.9999871
0.00070692884
0.00045764868
0.99996924
7.7162884e-05
0.00021262991
0.42645255
0.5134958
0.5308134
0.4191164
4.5245735e-05
0.9995765
0.5357802
0.0001707205
0.5362599
0.42398486
0.0001064032
0.002681515
0.9987483
0.99964607
0.0001212888
0.00031880123
0.00015368705
0.72808045
0.00020898847
0.99081004
0.40775007
0.5440923
0.00036930275
4.2877302e-05
0.9936418
0.9981224
0.99998164
0.57820964
0.42008477
0.99848664
0.00032370116
2.131881e-05
0.0004373926
0.9990087