0.50268334
0.9973616
0.4424432
0.51257604
0.43633524
0.0013887262
0.0028789598
0.9989967
0.4387101
0.8296172
0.0027740807
0.0016998856
0.0008276302
0.4418063
0.9957176
0.00064253603
0.0013674606
0.41898376
0.004397897
0.4756148
0.90735257
0.0017553128
0.43499866
0.002116639
0.0017570156
0.007443911
0.47345555
0.9348872
0.43639204
0.9925012
0.0013140035
0.43517926
0.5366993
0.440769
0.4488622
0.43320197
0.4974142
0.91409355
0.99156255
0.99493414
0.001648187
0.44060168
0.0048633516
0.4415556
0.0010769417
0.003072272
0.57365054
0.854736
0.0012447241
0.97862387
0.7974296
0.0020200163
0.9770445
0.9749477
0.5018461
0.0009787957
0.5646561
0.0030235844
0.0010575469
0.0069796215
0.6448906
0.99211884
0.5445228
0.4376664
0.87643164
0.85452986
0.5344759
0.007912489
0.8722326
0.51793164
0.99092275
0.0034939393
0.92856324
0.5797379
0.010483051
0.0015466117
0.0016359098
0.566027
0.43176085
0.4383108
0.001139661
0.0017990549
0.4384218
0.994595
0.9945522
0.004001253
0.5705591
0.99005365
0.99202615
0.9871537
0.0014541564
0.001208605
0.9922091
0.95322937
0.00593645
0.007526839
0.9949262
0.9304592
0.9659927
0.993182
0.43984395
0.43891552
0.0013800353
0.00090968114
0.43841654
0.005636136
0.0019324715
0.94349825
0.98593915
0.9906213
0.0030281371
0.4411504
0.9960175
0.0015604798
0.4379221
0.0010590642
0.0009437011
0.018462382
0.98689306
0.7998649
0.7271051
0.9870209
0.019911822
0.987666
0.0018312775
0.98126584
0.0034511923
0.0017261765
0.00046081605
0.947206
0.9861811
0.9830971
0.0026128553
0.95905995
0.0060376534
0.0012310669
0.4418738
0.9957015
0.43195534
0.0021679539
0.9990452
0.00068458874
0.8433207
0.0007644475
0.77569854
0.0013360948
0.001976885
0.388941
0.0011825564
0.0041162698
0.9495914
0.964865
0.43801266
0.0021354936
0.0033096687
0.4370187
0.9924353
0.0015908253
0.00068547437
0.9750933
0.9974739
0.92943156
0.8031408
0.96333075
0.9808549
0.00081541727
0.55335987
0.5328307
0.0016426179
0.0006770719
0.0012718114
0.43684247
0.024883328
0.54179996
0.0071942653
0.0060035363
0.011642795
0.9972736
0.002481416
0.00088144565
0.5771155
0.001336385
0.0062023797
0.99774843
0.9764959
0.99646336
0.43846783
0.43688396
0.0011983076
0.85584617
0.0013858757
0.968543
0.9984629
0.9938211
0.0055628773
0.0036854604
0.43756935
0.94523937
0.005409355
0.0023386758
0.0060200766
0.87431836
0.99186593
0.9983803
0.9856579
0.9993218
0.0053311405
0.9960258
0.0035805698
0.006630746
0.4387474
0.43636802
0.99044484
0.0024815933
0.43640122
0.43670642
0.0010473427
0.41564792
0.0011682065
0.0014889778
0.0010843973
0.9965358
0.0011830296
0.0056596617
0.0008758231
0.9896667
0.96519697
0.0032031168
0.44021133
0.0015085823
0.99211335
0.43840042
0.77933764
0.43839476
0.5044009
0.44152734
0.982712
0.99467045
0.0014711035
0.0014202414
0.0033434883
0.0050429064
0.99724704
0.94496346
0.8638831
0.0012504881
0.43640694
0.0038789876
0.4390963
0.56784344
0.98449486
0.0020917144
0.7712945
0.021001244
0.0009771228
0.0022185356
0.98220325
0.8584573
0.9510608
0.9976968
0.99325526
0.002395884
0.9937429
0.9952454
0.6284628
0.012259306
0.0013301553
0.00053245254
0.6204919
0.993606
0.44149527
0.66809314
0.0013323259
0.009730097
0.8740913
0.4498853
0.3084032
0.0016120886
0.9867928
0.9557558
0.9983388
0.9989429
0.004532944
0.0009538575
0.99521387
0.99712235
0.4377265
0.98939604
0.002210158
0.43912125
0.51336485
0.9984366
0.50580114
0.0011342225
0.98523617
0.0028809318
0.64933133
0.97492063
0.0011747143
0.90471596
0.43017462
0.0007663356
0.28711998
0.97683024
0.9984315
0.0132776415
0.51256686
0.0053604073
0.980876
0.0009181048
0.0006072761
0.7341104
0.954416
0.9851944
0.9563787
0.00068362744
0.0010780237
0.0021950211
0.97194034
0.0005169107
0.002532248
0.0032496483
0.0018119368
0.0026225743
0.9141291
0.5770397
0.0114775365
0.00759687
0.43739614
0.87867314
0.7629525
0.0010771285
0.98055035
0.99778086
0.8741153
0.44036138
0.9994916
0.9933183
0.0026027372
0.0013247315
0.0014575155
0.0010961556
0.9949877
0.41502976
0.9972453
0.76498485
0.73140025
0.96211326
0.99022394
0.9939533
0.96193886
0.0011502288
0.9962016
0.4207454
0.9712115
0.0016095664
0.0006878256
0.5411039
0.99169487
0.6041989
0.005283917
0.9166884
0.0029800024
0.0005744261
0.006283453
0.43939447
0.97342706
0.0024982675
0.0013012795
0.43559766
0.4318635
0.0013301761
0.97004044
0.001731772
0.0013448731
0.0070047043
0.9957871
0.96587455
0.0009184574
0.0017539131
0.9539412
0.94792306
0.95582885
0.008572455
0.024442859
0.9654669
0.9775205
0.41916093
0.0020337782
0.9937371
0.5302216
0.0016574376
0.00077784876
0.03616686
0.4372169
0.9782103
0.9509512
0.0017911147
0.0011767845
0.008322785
0.0037372946
0.918384
0.99694675
0.4086467
0.44417912
0.43792483
0.99150145
0.92929167
0.99224806
0.43293932
0.8987605
0.4394207
0.89206016
0.988863
0.001755891
0.0011505263
0.97555983
0.0018113755
0.97768956
0.00082184386
0.0010951547
0.44026986
0.0008012605
0.001978484
0.7080095
0.9796581
0.9942549
0.41417617
0.0026693272
0.0049518705
0.0014381058
0.98519945
0.43900788
0.44636875
0.00319294
0.0011526204
0.9773705
0.44706067
0.8921376
0.43697754
0.0018204423
0.0028892609
0.0017433629
0.99056304
0.9852717
0.0016153844
0.98651683
0.8681266
0.43639952
0.9968375
0.97837865
0.4449695
0.8998727
0.0014477161
0.5190956
0.0008586948
0.9728089
0.8418592
0.0019896699
0.0010920329
0.8110368
0.9988576
0.0020340793
0.78730774
0.002259384
0.9967333
0.9883889
0.6042207
0.0012760995
0.004223133
0.43697658
0.0020641554
0.97381806
0.54705644
0.0005027336
0.95786935
0.88741887
0.0010925537
0.9940692
0.0054637864
0.0019536195
0.4381506
0.43122733
0.98885953
0.0009671551
0.0008469308
0.0026318717
0.9987041
0.99053127
0.42624635
0.4843616
0.7537753
0.9945327
0.97571045
0.46078613
0.43932042
0.9965456
0.0011643426
0.0011442172
0.4954728
0.4383802
0.99711895
0.0019309048
0.0015544514
0.94979775
0.9923384
0.0020961042
0.43859527
0.0011342122
0.692691
0.002061511
0.8150291
0.0022242947
0.9983943
0.43795905
0.43693948
0.5168306
0.012362673
0.0022541208
0.001135278
0.5148461
0.60842246
0.0015755189
0.8983778
0.99460644
0.9302258
0.4428482
0.0021731963
0.93302596
0.0033655488
0.9960337
0.4404938
0.0054005343
0.41250122
0.00083068834
0.0012941331
0.002124015
0.44244936
0.0016744543
0.51103044
0.42927346
0.9949207
0.43712276
0.9686621
0.43768802
0.0067849974
0.0023148563
0.001258474
0.00066126557
0.9879858
0.0014569202
0.0006360493
0.42869455
0.97835183
0.9977557
0.43293417
0.00063989236
0.0008312604
0.0033687954
0.9586946
0.0022879601
0.9965497
0.4477689
0.43813434
0.9931346
0.0026232058
0.9393852
0.98875207
0.0005314461
0.65003985
0.9532754
0.0035787565
0.5194738
0.0008997704
0.99748564
0.9828839
0.99865365
0.8792091
0.9265153
0.0022100485
0.0014533616
0.007007955
0.001380686
0.010224316
0.9708372
0.799186
0.0016476773
0.7163383
0.0015732102
0.8958391
0.0031424311
0.0005559858
0.011389471
0.46135888
0.48692617
0.0016136958
0.005467923
0.0008411438
0.9741667
0.0004097067
0.991964
0.99128026
0.8755286
0.00057615386
0.73711026
0.0017672157
0.42790323
0.4402178
0.0007764018
0.57747656
0.0013988074
0.64500964
0.00076393085
0.9154746
0.44468835
0.001221275
0.0031997112
0.00081778754
0.89912
0.9960549
0.9870935
0.4100532
0.0046796254
0.63869387
0.44956338
0.985594
0.0010678199
0.9671999
0.6300825
0.4374436
0.0012338186
0.43875277
0.6146171
0.9923983
0.00059820875
0.99323
0.99510705
0.006121777
0.0034213008
0.0012077603
0.979757
0.008129894
0.6747635
0.93326026
0.0011315505
0.001605638
0.0057601947
0.0413089
0.52705014
0.9685371
0.9258503
0.8908325
0.4373121
0.5473189
0.004917417
0.99467814
0.9748591
0.9020276
0.0011485476
0.0045459582
0.43660587
0.0013040309
0.9985044
0.82508886
0.0036926442
0.859192
0.0012939372
0.0011945792
0.9837843
0.42516166
0.49220532
0.98808193
0.0010455522
0.9618888
0.92612535
0.9933721
0.5676464
0.0012728628
0.9934361
0.81201255
0.59032404
0.001788925
0.5902229
0.97667754
0.96928954
0.9758616
0.9861514
0.98523706
0.9868753
0.0041175988
0.0073471693
0.8508132
0.001110762
0.009996771
0.0052298186
0.0011108292
0.0022012827
0.00083373586
0.9766519
0.6901598
0.42903966
0.5053533
0.9982078
0.005473491
0.0008795953
0.9950588
0.0011879784
0.9959072
0.99317306
0.57061845
0.44055903
0.98664826
0.00055130664
0.0032528099
0.99547994
0.43869284
0.002676462
0.9713309
0.0013141906
0.48076308
0.0023727212
0.0018828427
0.7741251
0.0013130665
0.0006663199
0.0010573308
0.0008640251
0.43737522
0.0008215177
0.0047896495
0.93906146
0.9940773
0.42120266
0.0010161627
0.9855041
0.0009123681
0.0012112407
0.9830509
0.59365225
0.0017398719
0.49753374
0.43791285
0.9681692
0.0014130258
0.99962187
0.16453248
0.0015681776
0.44031638
0.011742519
0.432276
0.0011102157
0.0013832749
0.0012852974
0.90840167
0.4418115
0.0007279675
0.9784304
0.0032684172
0.0010188057
0.4364829
0.004887374
0.9901265
0.54773086
0.7386166
0.0006451673
0.06417531
0.002977111
0.97551286
0.003661107
0.9843759
0.0026521499
0.039633468
0.5255975
0.0016849561
0.001449787
0.9729872
0.98422194
0.43170446
0.99635893
0.0047435537
0.0011688961
0.9587597
0.327425
0.8569059
0.0011788865
0.9941322
0.9209213
0.48116612
0.9991036
0.0033527121
0.98519856
0.88636124
0.99355894
0.0009745771
0.005726713
0.0012203598
0.41676942
0.00060466386
0.98564166
0.0011238862
0.9300577
0.4318547
0.9087557
0.9874791
0.0012322535
0.002039341
0.0015479908
0.7791764
0.9000204
0.9718322
0.99913776
0.68511117
0.5149379
0.88243085
0.0017579893
0.42776573
0.9077518
0.89649254
0.0022634142
0.990099
0.94044644
0.9871651
0.9893384
0.0013113661
0.00395515
0.9898566
0.9989918
0.0033387265
0.5156197
0.43690443
0.96693456
0.0014982368
0.0029125616
0.99488574
0.95050925
0.5877867
0.9878924
0.956897
0.0015752037
0.00088278885
0.010000552
0.9990584
0.9980039
0.4370906
0.99131644
0.5186686
0.99339443
0.9990243
0.9389838
0.00083630544
0.00542883
0.98415965
0.0017949193
0.003340809
0.0019961018
0.8519128
0.001923887
0.00090069894
0.001479742
0.43642822
0.9953869
0.43700072
0.9465768
0.0037355162
0.5045858
0.0021776615
0.40183464
7.1585455e-05
0.022650192
0.0011137229
0.0008156015
0.5121949
0.43557197
0.91999304
0.001029647
0.9755334
0.4412167
0.005895312
0.006489877
0.55917126
0.52788967
0.4361552
0.5420898
0.017069941
0.4383044
0.001745344
0.5296344
0.44133556
0.23394868
0.43410462
0.45710316
0.983538
0.0007506494
0.98224545
0.9891426
0.9051968
0.92009586
0.0014909862
0.7666524
0.9947568
0.72179914
0.0027090386
0.9935015
0.066080905
0.99281657
0.39665502
0.0009723771
0.499211
0.9813147
0.43897727
0.98224
0.0009364193
0.007331043
0.0014620988
0.4182189
0.9784127
0.5315539
0.43654966
0.55259293
0.9658681
0.0016878381
0.9836752
0.9960162
0.95287234
0.9703762
0.9684419
0.42684838
0.0009140614
0.9936447
0.43545288
0.9710444
0.42989376
0.9859822
0.51784956
0.960263
0.97761405
0.015884157
0.5153862
0.94997877
0.0012376085
0.9899468
0.0015393171
0.00056165433
0.0006715594
0.0010599227
0.43708834
0.002764927
0.52197886
0.49783102
0.9969668
0.0015290079
0.94524086
0.5950322
0.0013704781
0.00084524415
0.98300177
0.8514522
0.42711753
0.93513554
0.9456183
0.99582076
0.0008643088
0.99724495
0.011353854
0.94951177
0.0025810748
0.00047150574
0.44038242
0.9725166
0.0013626926
0.9962894
0.43813545
0.9626219
0.43590906
0.0013951947
0.94825745
0.982624
0.0024136503
0.99536824
0.98230076
0.00082511286
0.7673188
0.0016449201
0.0011053771
0.44284195
0.41955853
0.8826533
0.46302375
0.5137375
0.5093183
0.9117954
0.4372131
0.5390675
0.0017725747
0.75152326
0.43743387
0.43769374
0.0010267313
0.00070768787
0.9828283
0.43709165
0.4963617
0.0012560447
0.9941339
0.77484924
0.0011825816
0.997292
0.0012932861
0.43301737
0.97486395
0.0018812625
0.0014494765
0.99097437
0.9976628
0.43574202
0.44621694
0.52298677
0.0016615394
0.43556857
0.99557173
0.45901945
0.43839955
0.00440354
0.0013784406
0.43809003
0.4350023
0.43456462
0.82426083
0.9787427
0.9227872
0.0039502652
0.43560633
0.94062644
0.0029680578
0.0010232262
0.5866977
0.0010095946
0.9893457
0.9986455
0.9984194
0.9970818
0.0018446337
0.0006643343
0.83082956
0.9957093
0.99765354
0.9131373
0.572255
0.43864855
0.73810554
0.0005971555
0.9923503
0.99916196
0.0015466204
0.0064736395
0.0024390751
0.0019700073
0.8739092
0.96953815
0.97048014
0.003262346
0.9948308
0.0012319649
0.531673
0.0008945517
0.9872028
0.9815356
0.9878225
0.99300426
0.9900519
0.026932722
0.43835324
0.0010179388
0.9862949
0.93215394
0.5034945
0.0006963279
0.997131
0.99715173
0.5339828
0.00276934
0.9909327
0.0050509297
0.8362138
0.9568559
0.9904537
0.0009259617
0.4400966
0.98585945
0.003411258
0.0036959928
0.0015544589
0.996033
0.007147816
0.7620662
0.9706115
0.94462734
0.0062094345
0.0025633494
0.93893296
0.99365014
0.0009657969
0.9957462
0.45737734
0.00093748386
0.0014783491
0.002647209
0.0024870075
0.9927993
0.43816864
0.0053055575
0.9131719
0.96716905
0.0017416202
0.015746256
0.99131584
0.0024393746
0.8919871
0.0008657867
0.0016093992
0.002304416
0.0006520828
0.88065916
0.004084856
0.001312942
0.99522686
0.0019951502
0.0048041274
0.5235111
0.44044203
0.0039229332
0.0024756417
0.4362385
0.43508804
0.9751915
0.98313564
0.98856527
0.0014010618
0.76170766
0.0013627964
0.974444
0.003560727
0.9702453
0.9648068
0.99498665
0.95457995
0.0007530801
0.0011680797
0.4400535
0.75894266
0.43955356
0.8472986
0.29686645
0.8132318
0.43775383
0.89164037
0.69603854
0.43257302
0.71666014
0.8895571
0.99367493
0.509395
0.8382465
0.005482339
0.0017895869
0.9587848
0.0079526035
0.00087838335
0.0032189405
0.0024642223
0.70652086
0.9481505
0.96116954
0.9796172
0.0008072155
0.9948191
0.003514737
0.0032129944
0.0031288604
0.9260185
0.0027458053
0.0005092378
0.4390598
0.9887257
0.0699977
0.4376336
0.00095511385
0.0017950125
0.0010227243
0.00269068
0.00068892806
0.9795212
0.00074528425
0.97658247
0.011680766
0.4352561
0.001137339
0.9854477
0.56464577
0.0008406249
0.0023179695
0.9982425
0.98476666
0.0017270204
0.0008907643
0.0022028626
0.43930027
0.82262546
0.9815987
0.0086425105
0.9763889
0.89689445
0.9869218
0.00177047
0.97292954
0.0011732649
0.0051221736
0.69188035
0.9449934
0.00071860035
0.440019
0.98918086
0.00070594327
0.0025106715
0.0007991674
0.014218002
0.97447914
0.98861605
0.0010250625
0.43958655
0.9915742
0.0016061884
0.7878849
0.8870789
0.0009906339
0.00774155
0.98885614
0.0026246107
0.0021207056
0.9750921
0.43931848
0.98896307
0.0006634447
0.0013515481
0.0023858163
0.003042132
0.01609113
0.9904778
0.41813636
0.00066441623
0.4425672
0.9770405
0.5823654
0.91730046
0.51133734
0.0046087694
0.00062393665
0.9543424
0.0016556918
0.43708983
0.013761023
0.43193918
0.9089137
0.43181375
0.00034264766
0.9984641
0.43942028
0.0061626225
0.5412819
0.9245432
0.59503996
0.0036258604
0.97459733
0.0009217409
0.4386266
0.517148
0.98364997
0.0012465466
0.5971652
0.9591264
0.0014242505
0.0053467164
0.9968522
0.00059163
0.98671836
0.0024206399
0.84735954
0.43062237
0.0010770157
0.9795369
0.003486867
0.0016686479
0.4527537
0.9928364
0.00084931887
0.0038721839
0.99285394
0.51695144
0.9891073
0.99104357
0.5079717
0.9876853
0.5190721
0.00096778315
0.9486991
0.00055612944
0.45923084
0.0018725226
0.0018055497
0.99922585
0.0009288622
0.9778682
0.50928825
0.00050953444
0.0005338144
0.002486759
0.00071565586
0.9939021
0.005444904
0.98308414
0.00077505753
0.43301147
0.5485609
0.76735365
0.9910946
0.9528106
0.0025369374
0.91861916
0.006791054
0.007078077
0.0032365771
0.0058703953
0.0050471593
0.9712842
0.43847528
0.4348646
0.0019470119
0.5363402
0.9965553
0.9917503
0.9932985
0.99491763
0.980843
0.691394
0.94642675
0.9906747
0.002886634
0.72114444
0.68419445
0.0016988388
0.6909928
0.9960847
0.0013449533
0.9878115
0.00058373035
0.5168061
0.9832479
0.9920351
0.52207124
0.52295923
0.9565517
0.007493692
0.0013401085
0.0018484761
0.00039149448
0.4083606
0.06269648
0.002017868
0.9953945
0.96953255
0.9472599
0.43369806
0.4391024
0.0055628167
0.43539777
0.43784398
0.44071972
0.0016768856
0.95877004
0.014927931
0.9905256
0.0037131964
0.5841743
0.9895845
0.9869871
0.5295238
0.002411682
0.58508587
0.005838383
0.8336851
0.0012843014
0.0028842345
0.0012963223
0.43720052
0.9802034
0.0014482781
0.008747171
0.5494225
0.9934447
0.521977
0.0018405155
0.94044083
0.8172391
0.99931836
0.0013263185
0.0030637998
0.9011138
0.0044301045
0.001684775
0.44090882
0.4758198
0.48562744
0.4363063
0.003916514
0.99673563
0.48040548
0.0010465703
0.5171096
0.4360198
0.008905241
0.001579467
0.97364116
0.9625868
0.0015577896
0.00052547915
0.0046605216
0.7651682
0.002857951
0.9420503
0.3966833
0.52459645
0.0028365096
0.0015975572
0.9845472
0.99563146
0.9978011
0.69932234
0.21162093
0.97845775
0.00042569055
0.0006750778
0.0010799103
0.97994