0.5547125
0.9993187
0.4130823
0.5466716
0.4191876
4.492512e-05
0.0003656585
0.99940884
0.41359556
0.8088341
0.372429
0.0001604231
0.0006143188
0.42472678
0.99542737
0.00050977396
0.0027994104
0.998919
0.004685419
0.5390622
0.7362708
0.0024286902
0.41605246
0.00049710355
0.000789627
0.05418976
0.5276258
0.98526555
0.42430043
0.99729854
0.00017763348
0.4176818
0.57429785
0.418036
0.41342673
0.4034467
0.54629266
0.9907087
0.99950206
0.99835557
0.0025046065
0.54392517
0.0015548348
0.41000697
0.00025907153
0.0004088583
0.5467472
0.94442236
0.0008685191
0.9990804
0.99054915
0.00034986692
0.9910766
0.9925045
0.5365867
0.010320595
0.5424102
0.029535579
0.00047205167
0.004712262
0.5521793
0.9900384
0.5475475
0.41316777
0.97462964
0.7660811
0.55470043
0.012916478
0.8946316
0.55440503
0.99026006
0.001620181
0.9484145
0.13985275
0.3838094
0.00024114104
0.0005374559
0.5500546
0.41552356
0.41047433
0.0021685625
0.00011678586
0.41522098
0.98941845
0.9937389
0.00039596096
0.554425
0.9890555
0.9947266
0.9667553
0.00015474271
0.00036494806
0.9941056
0.98441887
0.3774591
0.04227827
0.9809061
0.8544574
0.99954337
0.9973985
0.41338155
0.4139795
9.09661e-05
0.00030540454
0.41169018
0.00024671177
0.00041735955
0.96171564
0.96266955
0.9987594
0.00083148817
0.41027462
0.9950643
0.00062735996
0.41379863
0.0027091326
0.0007469324
0.01833574
0.997924
0.86466444
0.99603444
0.99968493
0.09091849
0.99976987
0.0032589857
0.99751556
0.002490559
0.0003267054
0.00074223406
0.94162273
0.9733672
0.9061298
0.011069805
0.9949929
0.0008394043
0.00030381398
0.64488727
0.99952936
0.418881
3.456361e-05
0.999569
0.0008985744
0.8743168
0.00036907804
0.97884196
0.0026293546
0.00032265234
0.4000369
9.819833e-05
0.00023089298
0.98794377
0.9825382
0.40538988
0.00041981094
0.0037410727
0.4047405
0.999723
0.00068136165
0.00036608227
0.92598283
0.9969773
0.9972652
0.91058177
0.9300403
0.98777324
0.00051273394
0.55917835
0.54120266
0.00038242078
0.0011166214
0.0005054103
0.41441008
0.029712508
0.53279406
0.0004638576
0.00023529507
0.0046183737
0.99777526
0.00010927722
0.00046942133
0.65855205
0.0004921608
0.0002675823
0.9989568
0.9444348
0.9945357
0.4127828
0.418058
0.0010478776
0.9997737
0.00018173458
0.9988944
0.99751234
0.99624157
0.028560724
0.00052449486
0.41717523
0.99221295
0.003174096
0.00045527096
0.041001372
0.990978
0.99660575
0.99880314
0.9911111
0.9987639
0.022346586
0.9987608
0.0029644745
0.066384114
0.41244632
0.41823074
0.9991134
1.0811299e-05
0.41894293
0.4180666
0.00041050775
0.45895657
0.0002729888
0.00015587828
0.00038165905
0.9995813
2.8404296e-05
0.0008334042
0.00035814408
0.9952945
0.9595247
0.005154701
0.4126821
0.00055051193
0.97787124
0.41312218
0.5608007
0.4116561
0.5443557
0.4191519
0.9918367
0.99974495
0.00010469611
0.00012661757
0.0071665295
0.00038518777
0.99289715
0.95805436
0.92865056
0.0005670616
0.4186656
0.39667332
0.41047877
0.40711468
0.99997985
0.00018117313
0.90179694
0.8826137
0.00026839302
0.0028176312
0.99098283
0.9245281
0.99762756
0.9967841
0.99833196
0.00020445057
0.9982547
0.98537886
0.6772353
0.0025420382
0.00014787217
0.0003688895
0.42572248
0.9974431
0.4334523
0.9043478
0.00086660584
0.0018364403
0.91655636
0.5328305
0.52709967
0.00034862472
0.9943773
0.9751986
0.9996562
0.99958116
0.3824716
0.0005693704
0.99581844
0.99890935
0.4099135
0.9988525
0.00032231264
0.4153061
0.67716205
0.9977786
0.5462907
0.00032748
0.992389
0.004812394
0.58755356
0.98223346
0.0016324556
0.9993717
0.41396135
0.00040294495
0.91713727
0.9880215
0.9981914
0.001587764
0.5460353
0.22646382
0.99904877
0.00070210214
0.0008379534
0.5272157
0.9981098
0.98722875
0.99936897
0.00040909514
0.0011260282
0.0019388656
0.99571204
0.0011864462
0.00074091397
0.013960954
0.00033642814
0.00017428257
0.9986853
0.552099
0.003837566
4.929913e-06
0.41526094
0.9535373
0.7187763
9.8936165e-05
0.9833698
0.9991424
0.84012806
0.41131133
0.9992004
0.99777406
0.0015455583
0.00014407662
0.00012338575
0.00057898974
0.9848161
0.40282583
0.99289566
0.95465654
0.5854592
0.9684775
0.99903214
0.99488163
0.97527945
0.0004385231
0.9978452
0.4050289
0.9698346
0.002057306
0.0015295802
0.55038226
0.99825317
0.6089082
0.0007935612
0.9983754
8.524409e-05
0.000272124
0.0018565448
0.411069
0.8768939
0.002241156
0.00023910779
0.41840112
0.41235456
0.00064555905
0.9993709
9.2829636e-05
0.0005981674
0.003619726
0.9949254
0.67508143
0.00083055213
0.011749771
0.9993635
0.83922803
0.85326326
5.513923e-06
0.40047225
0.97249603
0.995443
0.398693
0.0018770125
0.99684405
0.554011
0.024606695
0.0002449978
0.40661132
0.41746816
0.99198204
0.9483457
0.00038435255
0.00014649692
0.00097667
0.0008526194
0.78247285
0.99480176
0.40113539
0.5466723
0.42868814
0.99986935
0.9952415
0.9937332
0.41851115
0.97922826
0.41249204
0.9895476
0.99837095
0.00041300614
0.00015673827
0.9617513
0.00060993625
0.99917656
0.0006377611
0.00028648402
0.4093708
0.0009942098
0.004494493
0.9842643
0.9999101
0.99526054
0.4084845
0.001340376
0.0046281563
0.0006064094
0.99157774
0.41047594
0.5462569
0.0027869018
0.00018838063
0.9972844
0.5541497
0.95953554
0.40733302
0.00030773808
0.14894702
0.0001672223
0.98095495
0.99881244
1.0447891e-05
0.9969855
0.9967372
0.41606352
0.99740297
0.95115167
0.42193416
0.89386475
2.6958705e-05
0.58691525
0.0010328089
0.99643695
0.8849777
0.00063223334
0.00010869077
0.9872497
0.9985978
0.00026265718
0.9328926
0.00035056708
0.998823
0.9941651
0.6941586
0.0003279399
1.6619882e-05
0.41635862
0.00015138395
0.9987924
0.5540019
0.0007336543
0.9838563
0.94621646
0.049114887
0.9978759
0.0024349263
0.0016453218
0.40508872
0.41351172
0.99824035
0.0010257829
0.040137745
0.0005062372
0.9985594
0.9796357
0.41552356
0.5395014
0.8554813
0.99887437
0.9851833
0.41808975
0.4232399
0.9955947
0.0012788785
0.005924042
0.5475689
0.4107777
0.99702173
1.573243e-05
0.00031353155
0.96077985
0.9939167
0.0009648734
0.19820005
0.000233645
0.83630806
0.0024321377
0.87902534
0.00043613522
0.9994079
0.41586572
0.4140416
0.5546056
0.18675493
0.0003791866
0.00035069944
0.62960595
0.66966945
1.8297154e-05
0.9898689
0.99983656
0.89593655
0.41685176
0.00041137173
0.96890634
0.0054968344
0.99724185
0.4155439
0.3741501
0.3980431
0.00070946955
0.00046673993
5.645941e-06
0.42323837
0.0023121247
0.5527762
0.41432375
0.99956566
0.41856214
0.9925713
0.4111962
0.0012094935
0.00038815587
0.000512665
0.0004543287
0.9972691
0.00015233195
0.0018012826
0.41591114
0.99395305
0.99484926
0.4192997
0.00046651554
0.2087913
0.0005406533
0.99387276
0.0006377469
0.9967338
0.5311508
0.40916997
0.9991937
0.0003229324
0.9324091
0.9909524
0.0008750603
0.9878401
0.89479494
0.00042006094
0.53930026
0.00023440631
0.9963568
0.98081493
0.99913967
0.9508072
0.9864522
0.00511963
0.00034874634
8.687751e-05
0.00085096003
0.0015198846
0.99901783
0.84960127
0.00018259576
0.7778615
0.0016126651
0.99956495
0.37987542
0.0010530144
0.39642382
0.50850016
0.54851073
4.983933e-05
0.00024757657
0.00022704728
0.99841034
0.0008285744
0.9999931
0.99974114
0.9478957
4.777705e-05
0.86060345
0.00028519172
0.41479072
0.41234118
0.000684321
0.5494388
0.0047015087
0.42720568
0.0010842631
0.99381363
0.6749114
0.00057951943
0.007638457
0.00094278256
0.98433566
0.9927658
0.9919424
0.39966452
0.0013723001
0.89689994
0.54027236
0.9953454
0.00014982383
0.937172
0.6573989
0.41847703
0.000547875
0.41248107
0.995382
0.9942154
0.0013411542
0.9997211
0.9927047
0.008122857
0.0017088758
0.00022588365
0.99247783
0.37905595
0.7423131
0.9973871
0.0003894119
0.00046585963
0.0019523407
0.41701725
0.5597691
0.97026485
0.9894329
0.925935
0.4205205
0.8614729
0.0015106307
0.9921566
0.9721572
0.9998636
0.0016859623
0.0005840426
0.41752568
0.00027999628
0.992991
0.8242654
2.863462e-06
0.9813871
0.000455731
0.0006347162
0.9995283
0.40741563
0.54902554
0.99655175
0.0006573914
0.84770995
0.8086633
0.9863979
0.3574212
0.0018479668
0.9981025
0.9884189
0.5693559
0.0008022075
0.9246876
0.9975942
0.9171517
0.99902904
0.9851118
0.9976125
0.98119867
3.6195153e-05
0.004724834
0.9512152
0.00011247773
0.38728383
0.11263286
7.115512e-05
0.0003495729
0.0003522582
0.9913598
0.7331651
0.41251418
0.5538554
0.9984694
0.02088181
0.0005018096
0.9950145
0.0003426289
0.99632794
0.99937695
0.5502211
0.5468151
0.95586205
0.0006653696
0.37738782
0.99992037
0.41546568
8.660315e-05
0.99194133
0.00023937399
0.53731614
0.0027904275
0.00021026605
0.59644157
0.0003586778
0.0006287543
0.00022961397
0.00092719984
0.41576096
0.0004247461
0.0017455019
0.9721867
0.9942128
0.40061307
0.00056200346
0.9738858
0.0010660712
0.0002209737
0.9985228
0.5498174
0.00018482457
0.52927506
0.41359767
0.99374914
0.0001612188
0.9999671
0.40838012
0.0005797869
0.40904397
0.3737877
0.41993016
0.0005591428
0.0001378096
0.00016550595
0.9096807
0.54605234
0.00057625404
0.99215627
0.0073446827
0.00010288547
0.41476628
0.0037266414
0.97979087
0.54916435
0.84950495
0.0010683342
0.39544117
0.0016385558
0.93281174
0.0013294359
0.9872656
0.0011610211
0.40681797
0.55873287
0.00030304157
0.00062522484
0.9865819
0.9995753
0.40921968
0.9870336
0.0010913496
0.0008084664
0.98524356
0.9276936
0.74372786
0.00021696814
0.9963122
0.9990632
0.54286355
0.9982755
0.00027121487
0.9984717
0.97673994
0.9971777
0.0009650353
0.00012418308
0.001737213
0.40365803
0.0009882184
0.9998802
0.0001632801
0.9999099
0.4136
0.82494515
0.9976235
0.00022700118
0.00035713112
0.00018283582
0.5792634
0.9993199
0.9752643
0.9993057
0.6816517
0.52877814
0.86211354
0.00030774513
0.41215268
0.7513539
0.9142946
0.00081340305
0.9892524
0.9742786
0.9986475
0.98484415
0.00031553736
0.0125558525
0.9614453
0.99895585
0.00042258296
0.5368568
0.4140925
0.9962685
0.00040638944
0.0002898705
0.9876622
0.8848918
0.42070952
0.99175936
0.977373
0.00057120324
0.00037093216
0.03104218
0.99867755
0.9993849
0.40182862
0.99977094
0.5472553
0.98647654
0.99942774
0.9842151
3.112307e-05
0.00023586603
0.9948815
0.0059220796
0.0036368745
0.00031829678
0.9781903
0.0003624634
6.251155e-05
0.00046716793
0.4196212
0.99877185
0.41472718
0.8872054
0.0045997566
0.5498882
0.0012523845
0.40618217
0.997719
3.6609188e-06
0.00013603116
0.0004747244
0.54438525
0.41714117
0.8722765
0.0006881068
0.9953246
0.4113131
0.026795296
0.12899408
0.4199429
0.54521704
0.4138543
0.66167504
0.0006098973
0.4139384
0.00062827277
0.5570507
0.41097653
0.21841317
0.4175239
0.42222285
0.9993542
0.00022853371
0.992436
0.9921591
0.89410675
0.8635728
0.0013201438
0.9995253
0.995561
0.74897903
0.0014954332
0.992349
0.53427875
0.995684
0.4802938
0.0006822688
0.5500414
0.9957
0.41624013
0.99647576
0.00042384252
0.0013987768
0.015849117
0.4891563
0.99827933
0.5453128
0.41832292
0.55460995
0.9968925
0.010001037
0.99924916
0.99464756
0.8761523
0.9818632
0.9579896
0.41492194
0.001245001
0.9820711
0.41705725
0.99540246
0.41680405
0.998382
0.54958296
0.89662296
0.9998543
0.38958865
0.5481866
0.9996797
0.00022331243
0.9840524
0.00023760449
0.0006506485
0.00071101444
0.00019204724
0.4174732
0.003196762
0.55577093
0.54774857
0.9952799
0.0003126641
0.96819174
0.8275443
0.000785432
0.0008316804
0.9892168
0.97975963
0.40677607
0.96265465
0.9951056
0.98818505
0.0008011433
0.99914014
0.0012599726
0.9967445
0.005243005
4.293266e-05
0.41002128
0.9935102
0.00061731687
0.9999167
0.4108727
0.99496317
0.41980553
0.0001702822
0.9469515
0.99855834
0.0053859595
0.9998134
0.9871272
0.0003629814
0.9346754
0.00076937
0.0012640343
0.41951755
0.4053554
0.8996322
0.50645614
0.5527799
0.54437286
0.9312712
0.4149634
0.56337917
0.00014341349
0.94296837
0.41555226
0.4133356
0.0001737516
0.00028526626
0.9986058
0.4187859
0.5466528
0.00022164766
0.99487597
0.6508459
0.00025063418
0.99376374
0.00091387896
0.4164981
0.91232586
0.38984516
0.0001848413
0.98802024
0.9969482
0.4154432
0.09635879
0.576708
0.00036860336
0.41475412
0.9981173
0.42111284
0.41614085
0.394059
0.0046488927
0.40961316
0.4161925
0.41598755
0.990017
0.99854255
0.9706443
0.00020270787
0.41707322
0.99645126
2.7312659e-05
0.0048389207
0.654197
0.0007765557
0.9939236
0.99894804
0.99721754
0.99787927
0.00046828366
0.00030171548
0.8148498
0.9965752
0.9937901
0.9725935
0.55209285
0.41361228
0.99507916
0.003651791
0.9941673
0.99960643
0.0029228202
0.00011711919
0.0002808028
0.00045241116
0.99577135
0.996197
0.9449236
3.9129322e-06
0.9993068
0.00083580957
0.5519563
0.0004247469
0.99450773
0.9850203
0.9646802
0.99859375
0.99175197
5.091017e-05
0.41176996
0.0010260078
0.9751745
0.9896875
0.5433941
0.00043422196
0.9988501
0.9996567
0.5588399
0.00020302278
0.99370015
0.00046503174
0.86784905
0.9724326
0.9956043
0.00090508466
0.41497186
0.9957926
0.0016417212
0.003470943
0.0002559071
0.9898475
0.00098232
0.68450016
0.96462494
0.9032409
0.07883394
0.00059212354
0.9630748
0.9974371
0.00069809525
0.99732924
0.51635
0.00014018813
0.00012467928
0.0018526256
0.00030104513
0.9965713
0.41636652
0.00045343913
0.9446489
0.9496857
0.00021551951
0.38835856
0.9957872
0.00030595943
0.98443663
0.0004471061
0.0011590486
4.7898353e-05
0.0002237116
0.9401517
0.001164387
0.00013952919
0.98876244
0.0031172053
0.0025023846
0.5478886
0.10967252
0.0003364705
0.0042056693
0.4162443
0.4195
0.9817006
0.9783201
0.9985362
0.00015638967
0.73227715
0.00046521748
0.9875706
0.12092854
0.9984779
0.9865311
0.994793
0.9495938
0.00061032124
0.002289698
0.41583872
0.9518075
0.42395434
0.8618323
0.47688666
0.5643554
0.41837543
0.90513086
0.82985497
0.41788864
0.84198534
0.88565445
0.998052
0.5504117
0.99853516
0.005684683
0.00019156953
0.954229
0.021525705
0.0002139771
0.0041534128
0.001110359
0.6551444
0.9602147
0.99983597
0.98115563
0.00022613406
0.99985003
0.0049897996
0.0008362843
0.37126938
0.970369
0.00093921024
0.00088549935
0.41276628
0.991683
0.41850057
0.41668022
0.0016162405
0.0005472815
0.00046255815
0.001625467
0.0005554222
0.9914808
0.0002479706
0.99132174
0.38463938
0.41784742
0.0022040945
0.9783045
0.6687871
0.00083324814
0.0019837278
0.9980573
0.9874384
0.000494789
0.000627232
0.00047748093
0.42006275
0.9395047
0.99947053
0.013814471
0.99809736
0.8910616
0.9898465
0.0005074723
0.9974777
0.00043697958
0.0018153095
0.7796746
0.9932515
0.00058134896
0.41279894
0.9654687
0.0007250247
0.002109742
0.0010132543
0.00022734383
0.99819905
0.9919744
0.001371417
0.42327946
0.9989503
0.001288004
0.78987557
0.9965384
0.000895768
0.00016824687
0.99824655
0.0005514002
0.0017669616
0.9979819
0.42070088
0.9992417
0.0006405642
0.00011825025
0.00094048947
0.03406258
0.3879196
0.9892075
0.40941995
0.000659273
0.42377624
0.9984712
0.80902714
0.9454472
0.5412735
2.2111165e-06
0.0007130539
0.9947402
0.00016036222
0.41784182
0.008376294
0.41922122
0.9944616
0.41883314
0.34028643
0.9990024
0.41687983
0.0004202606
0.41354614
0.93671125
0.9884409
0.00044218454
0.9862683
0.0003442821
0.4117332
0.52217454
0.9976871
0.00033491018
0.5505992
0.99325246
0.00021814596
0.00046433296
0.9953591
0.00038876873
0.9996748
0.0016034282
0.9499552
0.41727865
0.00039835036
0.9866006
0.0075905593
0.000628291
0.5505697
0.99817216
0.0005548402
0.37877908
0.99968314
0.5617173
0.9986594
0.98756474
0.5509379
0.98795974
0.61201984
0.0009823893
0.9998764
0.0007973121
0.4206173
0.006409103
0.0012574387
0.9937406
0.00051469036
0.9796087
0.5533847
0.0010544654
0.000651855
0.0018613818
0.0004522428
0.98910624
0.007832009
0.9958046
0.00033658757
0.4180661
0.53870875
0.9971071
0.99730396
0.937871
0.00080021936
0.8857044
0.00037370832
0.0027032837
0.0010585882
0.0041253883
0.00033038005
0.9911556
0.4146843
0.41737184
0.0001667976
0.10873285
0.9757096
0.9951952
0.9716983
0.9811771
0.9969297
0.6004731
0.9763539
0.99152386
0.0012881382
0.8068897
0.550127
0.000116053496
0.49826092
0.997759
0.00021031518
0.9805966
0.00044417262
0.5508798
0.99966574
0.99967074
0.55437505
0.5607309
0.9944482
0.0014867994
0.0005142946
0.002348012
0.00040346023
0.3986813
0.39848742
0.00015412114
0.9972735
0.9600553
0.9193711
0.41650683
0.41504553
0.39136302
0.4189461
0.41416585
0.45550534
5.8669702e-05
0.9874326
0.38436466
0.98305076
0.0005147549
0.6218218
0.99736756
0.99028313
0.60650605
0.00026122667
0.9905902
0.0008526711
0.7378796
0.00013801528
5.537026e-05
0.0003045613
0.415496
0.9978656
0.00023294544
0.00022468185
0.5475076
0.9968629
0.5590717
0.0005305738
0.9786148
0.908486
0.9984108
0.00021050277
0.0004119749
0.9982382
0.0056413654
0.0022562956
0.4214006
0.53049666
0.54484195
0.41702327
0.0011383438
0.99437815
0.55305976
0.0009459331
0.55327207
0.4160668
0.38395798
0.00028605227
0.9998673
0.9964283
0.0009403407
0.0005212451
0.002863438
0.96615833
0.022971265
0.94823486
0.40173018
0.70048434
0.0006872222
0.00015034576
0.9888104
0.9968957
0.9951657
0.6628038
0.17127936
0.9994326
0.00064330536
0.014148275
0.0052998536
0.8914763