0.53617054
0.9999945
0.40004563
0.5461038
0.40506932
4.9238988e-05
4.4847857e-05
0.9999889
0.40091425
0.95413804
0.00023788941
3.675019e-05
7.145737e-05
0.40433115
0.99997985
8.0823076e-05
0.00033657154
0.023759857
0.0001494654
0.53438085
0.93001294
1.5018517e-05
0.40267512
9.005615e-05
3.5594894e-05
5.048742e-05
0.54145485
0.9959318
0.41102663
0.9999542
4.2351043e-05
0.40700784
0.73497164
0.40976277
0.39143395
0.3962188
0.5436442
0.9996506
0.9999976
0.99991715
3.6114783e-05
0.39596772
1.8467055e-05
0.39967665
7.8673555e-05
2.0415819e-05
0.5433104
0.97499067
8.5174055e-05
0.99998856
0.9998343
4.427617e-05
0.9999677
0.9997793
0.5407792
6.17584e-05
0.41671157
0.0006228586
0.00019555216
5.5703487e-05
0.54904985
0.9999796
0.54587984
0.40472898
0.9874699
0.79542327
0.5541253
2.3299883e-05
0.97941625
0.54085827
0.99997914
1.591378e-05
0.94691944
0.08344019
0.00037365968
6.8379755e-05
8.9137684e-05
0.5405026
0.40390992
0.39865535
0.00010284603
2.4645882e-05
0.40157667
0.9992162
0.999944
3.7534763e-05
0.54730725
0.9999746
0.9999727
0.9591965
3.1836113e-05
2.4620324e-05
0.99994564
0.99877363
0.0001785547
4.360394e-05
0.9998976
0.9900005
0.9999684
0.9999856
0.40397614
0.40533817
2.3850273e-05
2.8603601e-05
0.39896205
5.180619e-06
6.615988e-05
0.9961092
0.99985766
0.9998505
6.0732084e-05
0.4023498
0.99994135
1.16809215e-05
0.405341
0.00015526799
1.4336683e-05
5.6003682e-05
0.99985814
0.88442624
0.99980956
0.9998098
2.777179e-06
0.9999982
5.1179257e-05
0.99998534
1.3168084e-05
9.820228e-06
4.577844e-05
0.9944243
0.99982893
0.98931503
6.228039e-05
0.9970157
1.8313685e-05
5.83579e-05
0.22530134
0.9999976
0.40487155
2.2536631e-05
0.9999927
1.9261486e-05
0.9925069
5.9221307e-05
0.99428916
6.455335e-05
6.4262094e-05
0.12092945
0.00022948484
3.45253e-05
0.9999361
0.99455774
0.39848772
1.7434473e-05
0.00017083171
0.3958421
0.99999964
5.085005e-05
8.347383e-05
0.9998907
0.99998
0.9999608
0.017068429
0.9945528
0.9999062
3.4419674e-05
0.5570523
0.5394284
1.4082646e-05
0.00021345381
4.2419433e-05
0.4068754
1.1657051e-05
0.36883852
6.343333e-05
2.6154848e-05
9.185076e-06
0.99999917
0.000117623735
4.6851703e-05
0.10240685
8.964633e-05
1.9636114e-05
0.99999845
0.9888784
0.9994591
0.39948636
0.40298542
3.7438454e-05
0.99989593
2.6865902e-05
0.9999871
0.99994004
0.99990046
0.00011612823
4.1055056e-05
0.404986
0.99909914
4.8223483e-06
5.661708e-05
4.773884e-05
0.99988806
0.9999902
0.9992034
0.999701
0.99999964
2.3420112e-05
0.99991393
0.0001378355
2.0367439e-05
0.40299296
0.39763325
0.9999838
0.00044140394
0.4050625
0.4059191
2.9372764e-05
0.22082864
4.925707e-05
0.00018596191
2.1060237e-05
0.99999774
0.00045832514
2.4959232e-05
3.4027056e-05
0.9998807
0.9967849
0.00020946046
0.39933237
4.6653036e-05
0.9998192
0.4008666
0.2629931
0.40655482
0.4399365
0.4078465
0.9999801
0.9999987
3.6628222e-05
2.1866903e-05
3.839799e-05
9.366967e-06
0.9999988
0.99721116
0.98995763
0.00014322667
0.4043193
0.0041676313
0.40252662
0.33530205
0.99999976
2.941916e-05
0.9913539
0.00032302295
2.2314196e-05
9.189404e-06
0.99887043
0.99370605
0.99969125
0.9999571
0.9999988
5.6020453e-05
0.999944
0.99953425
0.7459302
5.758451e-05
3.3920627e-05
0.00014249801
0.31174508
0.9997482
0.40840918
0.007656446
2.83733e-05
4.942326e-05
0.9899504
0.3992277
0.28330052
2.3756544e-05
0.99891376
0.9923429
0.99999917
0.9999881
0.00028968902
1.81534e-05
0.99997604
0.9999782
0.39680216
0.9999963
4.005838e-05
0.40361503
0.8616361
0.9999865
0.5458624
7.0027454e-05
0.9995617
0.00019430243
0.17248157
0.99978656
1.3365363e-06
0.9998248
0.40347248
8.274045e-05
0.489055
0.99841106
0.99999547
9.39444e-06
0.54407257
0.00015646977
0.9999298
0.00018413362
6.385757e-05
0.6658331
0.9999788
0.9999181
0.99820435
2.1899166e-05
0.00016069315
3.4798893e-05
0.9939551
4.6755344e-05
2.5623238e-05
4.3698015e-05
8.019599e-05
1.2151456e-05
0.9999856
0.5366266
3.79143e-05
0.00012952618
0.40628403
0.99963677
0.56871945
4.8011905e-05
0.9999609
0.99999654
0.6757143
0.40170228
0.9999924
0.99999666
9.241346e-05
4.1057367e-05
1.9818752e-05
0.00014413502
0.9998698
0.27297044
0.9998822
0.85118794
0.6845665
0.99953806
0.9999994
0.99986005
0.9976173
0.0001314108
0.9999776
0.24668014
0.998865
8.016143e-05
0.000111346875
0.54007226
0.9999981
0.5549606
5.5851847e-06
0.98830265
0.00014698427
0.0001994313
4.4538583e-06
0.40012875
0.9608112
2.1269017e-05
0.00011397882
0.4056128
0.3979871
0.00012584313
0.9999931
3.7075555e-05
9.7541495e-05
2.7717733e-06
0.9998771
0.9450463
0.0001345167
0.00034809383
0.9990326
0.9999957
0.8659066
2.8751817e-06
4.2678144e-05
0.96349895
0.99987936
0.33826885
0.00058055966
0.99993813
0.5555156
3.7239228e-05
3.490049e-05
2.965596e-07
0.40216312
0.9998753
0.99682534
1.8166493e-05
2.0003927e-05
1.8639319e-05
3.211084e-05
0.9969212
0.9999201
0.24476959
0.40924627
0.4039234
0.9994141
0.9999083
0.9993967
0.4036004
0.99721706
0.39648795
0.9997634
0.99999833
8.4123974e-05
6.49424e-05
0.9961463
7.328223e-05
0.99997115
5.612483e-05
0.00015934768
0.3993225
0.00010734752
8.4266885e-06
0.9998167
0.9999994
0.9997271
0.24239306
3.513998e-05
9.504803e-05
2.2646227e-05
0.9988689
0.39694348
0.027123243
7.162151e-05
4.0648036e-05
0.99996614
0.53963345
0.9610832
0.39853695
5.2301177e-05
0.00011383882
3.1001557e-05
0.9996069
0.9999844
0.0005938853
0.999941
0.98987913
0.40319067
0.9999937
0.9995353
0.40896237
0.9053582
7.6803466e-05
0.2833374
0.00010526551
0.99931335
0.986592
3.201791e-05
8.678212e-05
0.9999738
0.99999166
3.198904e-05
0.96354884
4.0363735e-05
0.9999993
0.9992293
0.31438103
3.1071322e-05
3.6766316e-05
0.40419015
5.7098332e-05
0.99981564
0.54531276
9.371328e-05
0.99548656
0.99356866
0.00014348872
0.9999752
6.73978e-05
9.264171e-06
0.4003785
0.40253526
0.9999653
0.0001145737
3.6060235e-05
1.877313e-05
0.9999635
0.99990606
0.40277606
0.5345444
0.97222936
0.99999964
0.999443
0.41022816
0.42050427
0.99999976
2.0323723e-05
1.5397349e-05
0.5377774
0.39699438
0.9999862
0.00014758071
1.5929843e-05
0.9972481
0.9999778
9.281796e-05
0.40398386
4.9819657e-05
0.088503495
2.2382652e-05
0.9506219
1.0759131e-05
0.99997497
0.4026941
0.39889565
0.547082
2.245431e-06
7.0268405e-05
0.00011042643
0.54602927
0.31350034
0.0003634504
0.9984029
0.99999785
0.96745723
0.40145186
4.46691e-05
0.9840755
7.8336234e-05
0.99733424
0.40138775
0.00015164804
0.3847269
4.1453193e-05
9.5687894e-05
3.2378236e-06
0.4079907
2.1466349e-05
0.54562503
0.40380356
0.9993678
0.40489024
0.9983552
0.39591315
0.000100244986
4.612559e-05
2.5952282e-05
0.0001474783
0.99980325
0.00022537143
0.00022234149
0.40181464
0.9998832
0.9999987
0.40484747
8.541171e-05
0.00413768
3.3909306e-05
0.9998729
6.237204e-05
0.99997747
0.3804198
0.40099704
0.99962175
2.4397441e-05
0.99954504
0.9999794
7.720439e-05
0.99546576
0.99471515
2.1670308e-05
0.5387077
9.0087415e-05
0.9999856
0.99928564
0.99999547
0.9965055
0.9986708
0.0002525881
1.431174e-05
1.2381929e-05
9.806807e-05
9.389629e-05
0.9999938
0.58079284
5.020286e-05
0.302439
4.6936406e-05
0.99999475
0.00030179
3.318706e-05
0.0029602915
0.35509267
0.5436618
8.572206e-06
1.6851314e-05
8.245343e-05
0.9999634
8.540634e-05
0.9999622
0.99993896
0.9860671
4.175663e-05
0.97509414
2.4083563e-05
0.40356228
0.40606913
4.576543e-05
0.5412914
0.00010552251
0.8793378
0.00020216915
0.99979633
0.28645208
2.8911823e-05
7.8781144e-05
0.00011413577
0.9999217
0.9999416
0.99711204
0.1582792
4.1619438e-05
0.96772575
0.40940988
0.99999046
5.0894196e-05
0.9855068
0.9406779
0.40520287
1.30119915e-05
0.40079254
0.9995913
0.9999894
0.0004892101
0.999995
0.99963343
2.043641e-05
0.00011011298
4.8603357e-05
0.99771166
0.00018209711
0.971031
0.9996877
4.7987684e-05
7.303366e-05
5.171786e-05
0.00030760022
0.5462999
0.9864558
0.99990773
0.99262637
0.40425593
0.5581012
3.0497583e-06
0.99988115
0.9988285
0.99995995
3.700057e-05
3.0120871e-05
0.39942533
0.0002615215
0.9999317
0.8105354
6.6986736e-06
0.9554972
0.00015922588
0.00010740865
0.9993167
0.14335138
0.5363863
0.999938
3.609292e-05
0.993093
0.99992883
0.9999943
0.121140674
3.8256174e-05
0.99998415
0.9663676
0.4966404
3.7863174e-05
0.6582478
0.99991214
0.99563605
0.99994683
0.9966974
0.99998486
0.9993999
5.5725908e-05
4.935525e-05
0.89882725
4.8274465e-05
0.00063606206
0.00032128335
8.17079e-05
4.3204185e-05
0.00015161668
0.9999378
0.70998484
0.4010917
0.5471189
0.99999404
0.0008879183
0.00024518027
0.99997735
1.4730691e-05
0.99992704
0.99999774
0.54856676
0.43082035
0.99985313
5.3047297e-05
0.00024238187
0.9998456
0.4018484
2.0295445e-05
0.999972
3.6452977e-05
0.29993305
6.4004917e-06
1.7948207e-05
0.8848951
0.000115697054
2.4256482e-05
5.707052e-05
7.543033e-05
0.40303782
9.1979355e-06
0.00011204066
0.9958203
0.9999231
0.3961108
0.00030347295
0.9987955
1.5302492e-05
7.246887e-05
0.9999627
0.544721
0.00033478823
0.53423905
0.40632477
0.99992394
1.6830163e-05
1.0
0.20245713
0.00012992523
0.39986965
0.00035577593
0.40421396
0.00025310158
2.887928e-05
5.1957566e-05
0.9971945
0.5327791
5.746947e-05
0.9987961
0.00021070377
0.0001456009
0.3994209
2.50117e-05
0.9990484
0.54538935
0.9441622
3.4455108e-05
0.002098135
8.067451e-06
0.98715603
1.5860734e-05
0.999938
2.3816816e-05
0.00010899706
0.54313123
1.0770363e-05
2.4248571e-05
0.99920315
0.99956053
0.20640841
0.99998164
8.1658356e-05
1.8592325e-05
0.9996171
0.22756936
0.9713567
6.558348e-05
0.99995446
0.99998736
0.53796005
0.99999154
0.00024247475
0.9999969
0.979475
0.9996414
2.6438778e-05
0.0004396792
0.00013397726
0.22460963
6.221195e-05
0.99999917
3.907796e-05
0.9999728
0.40237942
0.9825392
0.99999464
2.4215204e-05
3.4519504e-05
3.7314025e-05
0.33949563
0.99893063
0.9996087
0.99999905
0.55299443
0.39868876
0.96097153
7.8940946e-05
0.4053489
0.76637185
0.93745774
9.926616e-05
0.99990785
0.9991013
0.99999976
0.9999809
0.000104867875
5.001559e-05
0.99750406
0.999998
2.2438797e-05
0.34257984
0.40436348
0.9998337
0.00011200968
5.824492e-05
0.9999871
0.98031783
0.27226302
0.9970042
0.9997838
0.00016848624
1.119071e-05
0.00039554373
0.99998295
0.99999666
0.40174183
0.99999714
0.5427652
0.9999895
0.9999944
0.9996824
5.2247782e-05
8.637279e-05
0.99989307
0.0001393044
9.8511686e-05
3.1645053e-05
0.79741037
5.182243e-05
0.000117020965
0.00012231797
0.40564644
0.9999269
0.40076727
0.99920195
3.2979875e-05
0.54744685
0.00015210074
0.10205545
7.894621e-06
6.1458934e-08
8.115873e-05
3.47702e-05
0.3220422
0.40407652
0.9978314
0.0001063322
0.9999639
0.40184098
1.6484148e-06
8.291635e-05
0.10858032
0.5398072
0.39766553
0.6404225
1.7587189e-06
0.39758426
0.00013995399
0.5469836
0.40273282
0.18263748
0.40356672
0.40483165
0.99999785
4.9579034e-05
0.99996054
0.9994424
0.97304213
0.88990146
2.6611218e-05
0.18276104
0.99997985
0.13181658
1.2417523e-05
0.99990416
0.3269207
0.99999785
0.203953
2.8291404e-05
0.53283054
0.9997143
0.40504605
0.9986992
2.410346e-05
1.0895105e-05
0.00028874353
0.289291
0.9999709
0.5421536
0.39799705
0.5652591
0.9994406
5.9534606e-05
0.99999726
0.999866
0.99088657
0.9988267
0.99622595
0.40586537
3.2987045e-05
0.99993706
0.40420496
0.9996406
0.40242288
0.99999595
0.54624677
0.9969524
0.9999994
0.0005340218
0.5454626
0.99998605
7.051462e-05
0.99996257
4.1427782e-05
9.07759e-05
0.00021128416
5.8091216e-05
0.40452188
1.1029295e-05
0.54871905
0.54356205
0.999845
4.7599013e-05
0.99089944
0.7242356
8.6193264e-05
3.231346e-05
0.99967873
0.9818202
0.4031696
0.9914718
0.99997616
0.9999583
0.00013229466
0.9998037
1.9223035e-06
0.99932814
3.532582e-05
6.151817e-05
0.39960605
0.99772745
8.951453e-05
0.99996114
0.39678562
0.99831724
0.40582162
0.0001483399
0.9795052
0.99992204
2.7352931e-05
0.99999964
0.99996364
6.9510505e-05
0.98692375
6.5620043e-06
6.0555525e-05
0.40864044
0.18952626
0.8671952
0.25849426
0.5444935
0.53053606
0.9470967
0.40302044
0.54809904
2.4084437e-05
0.98540026
0.4020016
0.40298057
6.9675356e-05
5.5691005e-05
0.9999889
0.40564084
0.41332412
4.0456453e-05
0.9995777
0.08984952
1.5099974e-05
0.9999435
7.728313e-05
0.40582538
0.99945146
0.0011363454
1.1139463e-05
0.99965966
0.99999166
0.4046188
0.17070746
0.5387101
9.699749e-05
0.40477538
0.9999206
0.40995568
0.40211824
0.00086094084
0.00011000309
0.39741617
0.40488285
0.39982593
0.99967
0.9999871
0.9963619
0.00010361077
0.40405363
0.98506135
2.1042431e-05
9.833092e-05
0.9690513
5.4843436e-05
0.9998958
0.9999939
0.99998426
0.9999938
4.0518655e-05
8.770692e-05
0.9220807
0.99999
0.99958974
0.9813028
0.5492665
0.4006899
0.9999765
0.000154287
0.9984486
0.9999826
3.453116e-05
3.3678883e-05
1.1265998e-05
8.469579e-05
0.9920952
0.99907863
0.97638
0.00019984286
0.9999994
5.1957566e-05
0.5493736
3.1026048e-05
0.9999522
0.99830806
0.99198675
0.9999968
0.9999312
6.481468e-06
0.39913562
9.0972615e-05
0.998931
0.99935406
0.42040768
3.676691e-05
0.99998665
0.9999949
0.55683964
5.139553e-06
0.99998116
1.3670165e-05
0.9926811
0.9924396
0.99822134
5.1763993e-05
0.40485564
0.9998871
7.974302e-05
7.293137e-06
3.6488418e-05
0.9999839
2.1542743e-05
0.39605418
0.99962294
0.98033696
9.569401e-05
9.231446e-05
0.9999577
0.999984
2.5201518e-05
0.9999807
0.53720164
2.410353e-05
0.00012945493
0.0064845146
1.3698719e-05
0.9999651
0.40084714
8.012513e-05
0.99186456
0.9991885
8.983031e-05
0.0013092683
0.99979204
5.5574823e-05
0.9759355
1.7695887e-05
4.799698e-05
0.0001912144
0.00010876915
0.9701756
6.2856285e-05
3.8769096e-05
0.99993193
2.2005954e-05
9.4409756e-05
0.5456795
0.09522816
1.3689813e-05
6.904249e-06
0.40302622
0.40573528
0.9994941
0.9998055
0.9999827
3.277795e-05
0.9821408
0.00015739634
0.9996511
0.00015244515
0.9999672
0.9998677
0.9999709
0.9986273
2.7737784e-05
3.2571796e-05
0.4051927
0.92408365
0.40766704
0.6475282
0.048014853
0.22142747
0.40536803
0.764695
0.19347745
0.4060979
0.7422831
0.76504916
0.9999945
0.5378811
0.9999299
2.2154475e-06
4.24166e-05
0.93292505
0.00011739895
0.000142151
3.244141e-05
3.177045e-05
0.9641822
0.99966204
0.99999964
0.99955183
9.5544114e-05
0.99999976
4.2787848e-05
1.7450142e-05
5.8447007e-05
0.9605288
1.30952485e-05
6.7273424e-05
0.40451515
0.9991775
7.3686635e-05
0.40280575
9.9914694e-05
8.868866e-05
0.00022317875
1.2638328e-05
2.125821e-05
0.99956244
8.6044376e-05
0.99993885
0.00026018918
0.40417716
8.840841e-05
0.9998661
0.19279236
2.5642845e-05
1.1453454e-05
0.9999857
0.99755967
7.5686556e-05
2.6443644e-05
5.1496107e-05
0.4024765
0.855307
0.99996114
6.523867e-06
0.99999106
0.97525966
0.99999356
4.358652e-05
0.999987
1.5934143e-05
3.360833e-05
0.22007935
0.9996903
1.819477e-05
0.39786682
0.9952252
3.170181e-05
0.00011773134
0.000118847
3.305557e-05
0.9999831
0.9999163
9.3537215e-05
0.40763047
0.99999356
4.1979543e-05
0.3386179
0.99990785
0.00010240917
1.7029548e-06
0.999997
2.6099933e-05
9.568151e-05
0.997629
0.40513802
0.99995077
4.49709e-05
1.8038587e-05
4.1963853e-05
0.0007316686
0.0009080375
0.9997273
0.3957073
3.5206125e-05
0.4071219
0.9999944
0.56382287
0.9748697
0.5368021
0.00029189946
4.981334e-05
0.9998832
3.375692e-05
0.40583482
9.161605e-06
0.40823883
0.99888355
0.4049608
0.0019836125
0.99996257
0.4023325
2.9442313e-05
0.37501195
0.99350476
0.99350524
2.7704873e-05
0.9907169
5.5871176e-05
0.39966232
0.30385506
0.99998677
1.32694495e-05
0.53655314
0.99907076
3.211353e-05
2.7396789e-05
0.99998057
0.000100648234
0.9999894
2.5356263e-05
0.9330356
0.40356097
0.000112688904
0.99919695
3.1840485e-05
5.2073985e-05
0.4412774
0.99999094
2.8212005e-05
0.00012570282
0.9999504
0.54314274
0.9929461
0.99987674
0.54204816
0.9998642
0.5465256
0.00013684975
0.99991167
6.978653e-05
0.40971044
0.00012521114
7.057268e-05
0.99999857
3.9050505e-05
0.99937373
0.5505777
5.0195395e-05
7.7123164e-05
9.645538e-06
3.702196e-05
0.99988246
0.00023521272
0.99985564
5.5758497e-05
0.40509865
0.54058105
0.99791485
0.99977
0.97900224
6.0329407e-05
0.9868657
4.632065e-06
3.8681348e-05
3.4051034e-06
5.2983498e-05
1.3754053e-05
0.99998784
0.3992359
0.40236717
2.1586382e-05
0.34836423
0.999587
0.99995387
0.9995441
0.9996815
0.9999044
0.73807067
0.99293834
0.99997187
5.3721982e-05
0.9948724
0.54598767
1.3801143e-05
0.648348
0.9997621
6.790493e-05
0.9996264
5.1187264e-05
0.5476736
0.9999958
0.9999989
0.5435783
0.5505126
0.9997223
7.57173e-06
0.00024604276
0.00010665288
0.0001194446
0.24135634
0.00012697703
1.9756179e-05
0.99998593
0.99940383
0.9872377
0.40373573
0.40568188
0.0013374296
0.40586486
0.40079066
0.40070742
5.040535e-05
0.9990374
0.0005131351
0.999086
1.0227937e-05
0.109342545
0.99995553
0.99995303
0.55370337
2.627555e-05
0.62461793
1.3625977e-05
0.9879046
4.4040054e-05
0.00027154863
4.0860003e-05
0.40431345
0.99998856
1.7228993e-05
1.2864104e-05
0.54409194
0.9999888
0.5501967
7.788663e-05
0.9997892
0.8780555
1.0
5.9534093e-05
0.00013325892
0.99976236
9.6677715e-05
4.977806e-05
0.40600473
0.44411612
0.5386131
0.39951482
0.00010131285
0.9998803
0.53752214
0.00010373297
0.54785395
0.4061806
0.00024225339
3.143295e-05
0.99927825
0.9960305
3.9878745e-05
4.226978e-05
0.00025492304
0.91483533
0.0007490173
0.99843997
0.20557398
0.5502044
1.7673052e-05
3.3452096e-05
0.99975246
0.9999745
0.99997604
0.5527984
0.1837899
0.99859434
0.00012080045
1.2679991e-05
0.000117133815
0.999972