0.52159685
0.9998946
0.47142574
0.52391607
0.47018656
0.005008207
0.0089794565
0.99994147
0.46963304
0.6135976
0.01635386
0.0015222237
0.004822121
0.4625219
0.9994399
0.002985445
0.0036978985
0.8955826
0.001783595
0.51624155
0.7430726
0.0046218145
0.46834156
0.015016335
0.0014417191
0.002038072
0.51986426
0.92043704
0.45673665
0.9998165
0.004069689
0.46517476
0.55286425
0.43486986
0.46960613
0.4591206
0.5212571
0.9957111
0.9999809
0.9993285
0.001271123
0.5207378
0.006369414
0.4648905
0.006167899
0.00071844045
0.5219888
0.76869696
0.0019769245
0.9994708
0.9999107
0.0055672578
0.9970446
0.997654
0.5162564
0.00074863236
0.52306855
0.0007406937
0.01553927
0.0010319769
0.5258011
0.9976736
0.52122456
0.46617022
0.80588806
0.5909818
0.52367705
0.0052594873
0.81968427
0.52349496
0.99781966
0.0009931882
0.9778727
0.4094967
0.088355735
0.0016611423
0.006898158
0.52377844
0.46574926
0.4624187
0.0032630498
0.0036082992
0.456897
0.9972247
0.9987643
0.0042504338
0.53124213
0.9980654
0.9971726
0.98941004
0.0021883307
0.0024482138
0.9978155
0.9925707
0.04306833
0.0016816965
0.9997975
0.9503885
0.999948
0.9990369
0.46768326
0.45430917
0.0048147496
0.0030039046
0.46333337
0.01167611
0.0015551369
0.91147786
0.9988524
0.9997564
0.0021030137
0.45626262
0.99733526
0.00032351605
0.44622386
0.0039331126
0.0008968761
0.00049573864
0.9773123
0.5207346
0.9999013
0.99964535
0.0012758437
0.99997234
0.0019346791
0.99850464
0.0011918457
0.001254947
0.002726066
0.8710554
0.9999249
0.9852459
0.0044503673
0.9917955
0.0036709392
0.0026143554
0.47368076
0.99987805
0.46902794
0.0008047379
0.9996258
0.0025602984
0.97305965
0.004455944
0.98248243
0.002624758
0.0053393547
0.45998427
0.0003378063
0.025223864
0.9979634
0.9389907
0.44691446
0.0024029776
0.0032743874
0.45942047
0.99998844
0.0034873541
0.0021087192
0.999006
0.9998287
0.99990344
0.37876984
0.9990233
0.99977523
0.0013001182
0.5271997
0.5211646
0.0012839119
0.002151337
0.0017082747
0.4609252
0.0045484426
0.4843649
0.0038247523
0.009438398
0.0015678634
0.99995863
0.0012557141
0.0016589494
0.33411744
0.0038866934
0.003834075
0.9998173
0.94850224
0.99346113
0.46649042
0.47014314
0.0024390821
0.99964106
0.0023349281
0.9998908
0.9997973
0.998798
0.0017265371
0.0023084998
0.4590086
0.9947588
0.015810784
0.0038354793
0.00091963564
0.9999224
0.9998474
0.99597037
0.9952689
0.99998474
0.0013571358
0.9998234
0.0035653724
0.0003939059
0.46085742
0.46772006
0.9998541
0.0019511229
0.46041578
0.4664247
0.0017855758
0.4473807
0.004350973
0.007446846
0.0034644355
0.99989355
0.004110923
0.011084112
0.0026570961
0.9907612
0.96797556
0.0025655986
0.46449476
0.005874028
0.99196565
0.46848854
0.53155464
0.45120513
0.5190273
0.45865202
0.99985623
0.9999056
0.0016391987
0.0015476333
0.0033372669
0.0025724298
0.9998221
0.95268214
0.85041505
0.0040924847
0.46823013
0.00045281675
0.45388815
0.5080333
0.9999924
0.0035913836
0.9749169
0.004360216
0.0035061678
0.0018215681
0.9808146
0.98093
0.9998111
0.999689
0.99995935
0.0080833165
0.99899024
0.99909294
0.5125094
0.01493503
0.0024138822
0.0045284815
0.48448333
0.99834347
0.46092275
0.689006
0.0025989471
0.007681895
0.7448479
0.5158111
0.48591077
0.004638113
0.98478174
0.91973686
0.99996686
0.99983704
0.095210046
0.0026425612
0.9998901
0.9944741
0.45981762
0.999676
0.002874967
0.4645254
0.7300477
0.99964976
0.5202293
0.0033548798
0.9962321
0.0015157113
0.7721379
0.99899095
0.00039953043
0.99937457
0.44867095
0.0032765344
0.6419818
0.99106044
0.9999956
0.000262813
0.52128667
0.0018586313
0.99993837
0.0016653714
0.00680916
0.6003747
0.9998367
0.9936133
0.9992403
0.001604365
0.0073173353
0.0020495816
0.99864
0.0023014664
0.0023811222
0.0006031423
0.0037801836
0.0017347842
0.9992167
0.5215429
0.0029112522
0.005203537
0.46113348
0.99937063
0.5412571
0.002773432
0.99961495
0.9996631
0.4315584
0.46581024
0.9999434
0.9997409
0.0014884851
0.0023020434
0.0015720468
0.0035234517
0.9990404
0.46341434
0.99982387
0.7155781
0.50995463
0.99675506
0.9998248
0.99417454
0.9831518
0.0020058632
0.9978654
0.4611976
0.96167904
0.0028571642
0.0030169713
0.5207498
0.9998437
0.5427857
0.0020468389
0.97493935
0.0026524842
0.005519451
0.0024575186
0.4539413
0.915582
0.0010193028
0.003934241
0.46333387
0.45976004
0.0036609578
0.99973565
0.0038245036
0.00511279
0.00023953471
0.9987313
0.8908724
0.00483688
0.009133876
0.99926037
0.9921151
0.9712445
0.003873674
0.025715768
0.9521432
0.98343927
0.44946572
0.004423621
0.9981511
0.52451503
0.0013671069
0.0034639386
9.135572e-05
0.4701463
0.9999651
0.99577963
0.0020411927
0.001796906
0.0027328157
0.007136326
0.95263374
0.997195
0.46044484
0.48096606
0.45826235
0.9983682
0.9999366
0.9977666
0.45584413
0.9898259
0.47165513
0.9995901
0.99987614
0.003998899
0.0028826196
0.91079986
0.004021403
0.9985405
0.001372253
0.019674819
0.46660122
0.0031428658
0.0016397451
0.9995042
0.9999989
0.9995517
0.46408412
0.0020720619
0.0015009493
0.001106962
0.9751893
0.46288854
0.43187782
0.0034918096
0.0013527212
0.9998882
0.5205318
0.74453497
0.46127495
0.003918578
0.0018494047
0.0043338165
0.9961874
0.9994925
0.0018039279
0.9972619
0.99661833
0.46655566
0.9996099
0.9744915
0.462325
0.9095941
0.00310828
0.5937298
0.012840124
0.9979755
0.9340771
0.0029993253
0.0056969924
0.9983827
0.99944645
0.0021501982
0.90165347
0.0020009722
0.9999467
0.98373425
0.5121399
0.0036921583
0.001780492
0.47066042
0.0057286522
0.9999391
0.5257505
0.004004308
0.97673106
0.9799927
0.00025660562
0.99590874
0.0017152074
0.00048124383
0.4609278
0.45259318
0.99965763
0.002244354
0.00067922537
0.00037649518
0.9994435
0.9999268
0.45244753
0.5193964
0.9847971
0.999863
0.98748314
0.45876384
0.45340896
0.9999641
0.0009700269
0.00038006855
0.52053034
0.45609477
0.9993819
0.0042251004
0.003717429
0.9610885
0.99941826
0.0033164236
0.4263244
0.0039669345
0.76327115
0.0022442322
0.7838146
0.0028976775
0.9998179
0.47001448
0.4609183
0.5236545
0.00055705017
0.0049777757
0.0040194513
0.5272766
0.5206861
0.0005336412
0.99794096
0.99999714
0.9297098
0.45453426
0.004188242
0.9513624
0.0068049007
0.99081147
0.46291155
0.009895778
0.45625284
0.0040636966
0.0038369533
0.0017187855
0.4593015
0.0028357974
0.5216975
0.4537897
0.99972934
0.46761823
0.9988458
0.46145388
0.0035696237
0.0036739907
0.0024626944
0.012068115
0.99323374
0.012301377
0.0010799813
0.45997867
0.99939275
0.9999747
0.4703958
0.002737659
0.0004616732
0.0016962448
0.9974267
0.0029574288
0.99959475
0.51509094
0.46345797
0.9993389
0.0044858586
0.9662013
0.9977481
0.0042972798
0.98371243
0.9840105
0.0017847592
0.5189407
0.0021606332
0.99997425
0.9893156
0.9991215
0.9976133
0.9778096
0.0017798396
0.0031583721
0.025481382
0.0011910156
0.011441032
0.99973184
0.5838065
0.008413964
0.52379847
0.004539233
0.99995804
0.08246901
0.0022876663
0.063508675
0.44951442
0.5209193
0.0035349454
0.00058845704
0.005938859
0.98142517
0.0009733439
0.99957174
0.999941
0.9482099
0.0030379782
0.98096967
0.0051674666
0.45044625
0.46173415
0.0065702004
0.5246122
0.0019445366
0.7133511
0.004049262
0.9984269
0.50011796
0.0016796507
0.0036265154
0.0034554524
0.9981584
0.9929938
0.9940883
0.45057645
0.010180391
0.8200217
0.5183118
0.9976012
0.0022197224
0.95965916
0.81663984
0.46086967
0.0015470115
0.4653867
0.999969
0.99950266
0.012321968
0.9999496
0.9941818
0.007386371
0.0043216664
0.0017860917
0.9244509
0.1165195
0.95723397
0.99758196
0.0037184672
0.005235895
0.002644984
0.003525944
0.51711977
0.9743482
0.9961511
0.8465069
0.4659418
0.57060087
0.00032590964
0.99965155
0.9926278
0.9999845
0.0010977942
0.0025481307
0.4585744
0.002891101
0.9975286
0.5121663
0.0049306946
0.96058685
0.007308405
0.0038574024
0.9983354
0.45865753
0.5203068
0.9990808
0.0012954317
0.99211943
0.99621177
0.9983993
0.47517046
0.0022583653
0.9962121
0.92842495
0.5124689
0.0027912357
0.9248769
0.9990441
0.98121715
0.9973093
0.98069566
0.9997143
0.9910143
0.0012283449
0.0033652384
0.80392146
0.0033709882
0.007702875
0.0023134009
0.0028920702
0.00934123
0.0023129003
0.9984977
0.57265395
0.46031958
0.522462
0.9996792
0.011323316
0.005316954
0.99946123
0.0020295281
0.9993136
0.99995327
0.52153623
0.520144
0.9991197
0.0038240352
0.042335376
0.9998666
0.4607163
0.0020078553
0.99608105
0.002517022
0.48686284
0.0009124989
0.0025057374
0.91462684
0.0023810056
0.0021240138
0.0019280189
0.003295019
0.46767256
0.0012235205
0.0074271704
0.8994614
0.98818505
0.44814226
0.0022829715
0.99258053
0.0009873342
0.003290112
0.99957794
0.5229793
0.0035256892
0.52080184
0.46243474
0.9996275
0.0015372772
1.0
0.42871264
0.003798896
0.4626965
0.008936806
0.46489212
0.00306571
0.005022158
0.0036176215
0.8886409
0.51655746
0.0016926111
0.9917019
0.0027899223
0.0077987053
0.4573943
0.0009309496
0.9920127
0.52193356
0.9457864
0.003202401
0.013386966
0.0010472599
0.9749419
0.0034625067
0.9963223
0.0028064956
0.072182894
0.5223761
0.003019633
0.0028981157
0.99459356
0.9999659
0.45080417
0.99921787
0.00351617
0.0011172487
0.9992316
0.67811674
0.42476252
0.0042014318
0.99950206
0.9998429
0.51965743
0.9999511
0.004102601
0.9994966
0.8342175
0.997618
0.000512264
0.0023369007
0.0014959358
0.46114653
0.00434071
0.9999864
0.0026630028
0.99971265
0.44983184
0.9088287
0.9988558
0.003634001
0.0037306193
0.00417386
0.54434025
0.9996309
0.9964778
0.99992764
0.5394844
0.5219191
0.8600174
0.0032928665
0.44705072
0.5570441
0.8069652
0.0029639504
0.99848527
0.9939903
0.9999188
0.9988128
0.008354036
0.0071342625
0.98265475
0.9999932
0.0013251196
0.4975335
0.46944916
0.99977785
0.0033520686
0.0042885686
0.9997092
0.97121465
0.5129794
0.94599384
0.998933
0.0028851137
0.002634782
0.00037643957
0.999961
0.9998203
0.4577455
0.99993455
0.5187273
0.9994104
0.99982977
0.9995753
0.0018125959
0.0016339553
0.9992636
0.0072783236
0.0007427891
0.0022508726
0.94545543
0.0029921473
0.0026509417
0.0027303486
0.46410584
0.999949
0.46861207
0.9660208
0.00026401095
0.52199316
0.004231268
0.46335298
4.533117e-06
0.0005147566
0.0050265365
0.004378001
0.512974
0.4694563
0.9512861
0.0046503535
0.9890189
0.4650684
0.000800055
0.0013673296
0.4947126
0.52101636
0.4613534
0.50806195
0.0032586267
0.46495545
0.006836502
0.529565
0.4604263
0.4448248
0.4659155
0.46617094
0.9999919
0.004740601
0.9985506
0.97906107
0.9089301
0.77792054
0.00072442385
0.9988005
0.9999018
0.5595723
0.003866468
0.998792
0.4706572
0.99647456
0.28490826
0.0008212696
0.520504
0.99729025
0.46272612
0.99857676
0.003289851
0.001787051
0.0012658131
0.40732047
0.9996911
0.5190229
0.46299377
0.54100305
0.99983644
0.0023053961
0.99988854
0.99915516
0.85290796
0.987479
0.857358
0.46778443
0.0046107997
0.9965754
0.46902716
0.97853756
0.45732749
0.9999145
0.5202176
0.9570951
0.99999595
0.018891094
0.52141273
0.9999163
0.0036071746
0.99817526
0.0063478905
0.0051467037
0.002345289
0.0017170878
0.4623573
0.0015837385
0.5246845
0.51945
0.99942255
0.00535846
0.86328137
0.5210367
0.008983637
0.004126325
0.99673104
0.9976132
0.44087988
0.8861222
0.99801147
0.99870884
0.004105061
0.99957913
0.00055370515
0.9959602
0.0007013885
0.0028227067
0.46272126
0.99366224
0.004175541
0.9998578
0.46262842
0.9327134
0.46929926
0.0012936322
0.8028967
0.99946743
0.00058786257
0.99989736
0.98281467
0.004037389
0.9224837
0.00092611037
0.0010186742
0.4558744
0.45742962
0.60447353
0.49627984
0.5219486
0.5203842
0.96580195
0.46831405
0.52311385
0.002517842
0.97936624
0.4630316
0.4631634
0.0023948504
0.002511197
0.99997795
0.46538493
0.5017383
0.0017774785
0.99439913
0.55457646
0.0020935496
0.99822277
0.0020549595
0.46775606
0.9938186
0.008819579
0.003165666
0.98841804
0.995999
0.46892533
0.49186245
0.52688575
0.0034613586
0.46861616
0.99986684
0.45749104
0.4616772
0.15258245
0.0029697686
0.4639047
0.4699823
0.45087472
0.9984327
0.9990151
0.7293709
0.008610454
0.46881184
0.9931672
0.00570409
0.002654276
0.9655064
0.002338629
0.99187475
0.9998877
0.9998723
0.9998448
0.001967389
0.005877802
0.92235655
0.9998017
0.99859196
0.98970455
0.5207787
0.46763924
0.99998546
0.0011443911
0.99933463
0.99918526
0.0024501057
0.0014121055
0.0017574598
0.0054277643
0.96861726
0.99225485
0.9861659
0.0015091656
0.9999684
0.0039969
0.5227812
0.0021667762
0.9986755
0.9958126
0.99107707
0.9999683
0.9983436
0.01311166
0.4643935
0.0015569926
0.9861312
0.98778325
0.5204528
0.003823875
0.9999603
0.999907
0.5252321
0.002482364
0.9996049
0.0005771597
0.9974214
0.96682024
0.99855655
0.003679923
0.45930672
0.998601
0.007016103
0.000920275
0.0026492479
0.9988795
0.0023223958
0.47184843
0.99703455
0.88566816
0.0016369668
0.0048064077
0.99832624
0.99915767
0.001370187
0.9998473
0.5187518
0.0029044845
0.018238649
0.00037230158
0.00060680194
0.99795306
0.4643955
0.0023498086
0.9552178
0.99028426
0.011796083
0.005334178
0.9984882
0.015106176
0.88408846
0.0018702825
0.0055190274
0.016230075
0.006973632
0.88395554
0.0148742525
0.003612004
0.998254
0.002354794
0.005705683
0.5207852
0.4670244
0.0010759609
0.00018942586
0.46287227
0.46923664
0.9791738
0.97722363
0.9996618
0.0025419898
0.6701176
0.0071530794
0.982454
0.0023470381
0.9995134
0.9998541
0.9988385
0.99909484
0.00058448024
0.000780688
0.46616057
0.8591134
0.46779236
0.70416075
0.4482251
0.5671253
0.46438953
0.6516924
0.72792995
0.46641532
0.55315304
0.7903877
0.99963367
0.5208784
0.999474
0.000654608
0.0029889669
0.97115153
0.0016043038
0.0070462446
0.002423814
0.0034373947
0.61227715
0.96726227
0.9999839
0.9754556
0.004343108
0.99999535
0.0028822275
0.0008645238
0.015396863
0.94504404
0.0010951682
0.0037580603
0.46456632
0.9955337
0.015375646
0.4707975
0.001310497
0.0038803993
0.006306208
0.006445595
0.0016399277
0.9957177
0.0040321904
0.9996469
0.010164792
0.46644995
0.00073214044
0.99610376
0.5205771
0.003097155
0.0008923608
0.99978095
0.9748794
0.0051133
0.0022913283
0.0035745134
0.45070156
0.5391385
0.9996081
0.00036624182
0.99963427
0.8236365
0.9993647
0.002749266
0.999724
0.0042104227
0.002285149
0.45129585
0.9934988
0.001175415
0.47222683
0.99438715
0.0029003527
0.0036528772
0.0023201285
0.0023752996
0.9997079
0.9998915
0.0013425945
0.4441629
0.9993837
0.0011108753
0.39244953
0.9998142
0.0054961434
0.001423136
0.99950385
0.0022608743
0.0013552906
0.9990915
0.46935442
0.9999486
0.0045268396
0.0026213662
0.00556748
0.00043305894
0.03757396
0.9986755
0.41444278
0.0019480842
0.45749488
0.99988055
0.55130416
0.98273313
0.5189312
0.0016025299
0.0015465528
0.99913883
0.0038035745
0.46905416
0.0009084049
0.4529434
0.99473333
0.46995908
0.00031200008
0.9992238
0.4667829
0.003459908
0.49572945
0.97469914
0.9856763
0.002349753
0.98377013
0.0020291912
0.46309447
0.51287717
0.9994759
0.0019426487
0.5216922
0.98380035
0.001978837
0.006322406
0.9996024
0.0036405884
0.9994541
0.0019315042
0.84530354
0.46108866
0.0059900666
0.9888469
0.0027922262
0.0016849699
0.51911396
0.99981195
0.0025895957
0.033057578
0.99995613
0.52237725
0.996283
0.9967637
0.5214629
0.9975362
0.5181359
0.0015976363
0.9999764
0.0032273002
0.46918672
0.0045516393
0.0023656231
0.9999994
0.0021779994
0.9896567
0.52240515
0.0027249411
0.003145661
0.0008894895
0.004109424
0.9880122
0.0025238288
0.9963231
0.0038153909
0.46880725
0.52629226
0.9755525
0.99393904
0.972499
0.0051932614
0.9908255
0.0006279049
0.002358147
0.0016741282
0.0010374938
0.00473681
0.99967766
0.46572092
0.46650994
0.0011457949
0.401547
0.99770254
0.99734527
0.9968636
0.9972241
0.996938
0.53156257
0.98216265
0.99773514
0.0014282669
0.984306
0.5493521
0.002397245
0.64330447
0.9991924
0.0050778445
0.99182
0.0009893898
0.521548
0.99999154
0.99997926
0.52291125
0.523788
0.9767
0.0010893123
0.00369603
0.007377818
0.0015755999
0.46079302
0.027270874
0.0028962384
0.99980265
0.9962888
0.9665799
0.46491483
0.46792945
0.06018397
0.46453777
0.46817055
0.5005189
0.003846311
0.9656885
0.015705368
0.9986456
0.0010144376
0.477591
0.9969644
0.99791175
0.5450842
0.0021720952
0.94622606
0.004241722
0.5228451
0.0038102546
0.002933671
0.0030558535
0.45408136
0.9999542
0.0026840498
0.00070138555
0.518927
0.9994947
0.519938
0.002087397
0.996718
0.676765
0.9999999
0.00522512
0.0061746133
0.9999527
0.0007053918
0.0069286865
0.45326364
0.51728183
0.5208525
0.4592446
0.0040656016
0.9986732
0.52129
0.0016501546
0.5220977
0.4618987
0.0348531
0.0035487283
0.9996055
0.9931263
0.0036861906
0.0031200529
0.0031336083
0.99073666
0.01583783
0.9935822
0.45871553
0.5229665
0.0014204361
0.0021928228
0.99898595
0.9998704
0.9991842
0.52934635
0.41364402
0.9981614
0.0013858092
0.00028363313
0.0028007205
0.99772507