0.56245106
0.9999906
0.4109328
0.5709013
0.410285
4.8384296e-05
0.00031738984
0.99999285
0.4111586
0.86613613
0.00023465273
0.0002699258
0.00015318434
0.40991732
0.9999708
4.484683e-05
3.0823383e-05
0.9990308
0.00051874283
0.5578657
0.9991229
2.732717e-05
0.404698
0.000198123
2.0286157e-05
0.00054982916
0.5432194
0.99193245
0.4140733
0.99995315
9.498978e-05
0.40367162
0.36106998
0.4078742
0.39840287
0.41317868
0.5589603
0.99970895
0.99999964
0.9999441
3.0998515e-05
0.5374138
4.615085e-05
0.4133563
0.00014648659
8.684234e-06
0.5388614
0.9540501
3.8801758e-05
0.9999956
0.9997905
0.00049223326
0.99983275
0.9998481
0.5515501
3.2247182e-05
0.5523089
0.00067176967
6.4491636e-05
0.00014306261
0.55746627
0.9999504
0.5531172
0.4087966
0.97264254
0.6750294
0.5781885
2.3868224e-05
0.9561471
0.561843
0.99996495
3.2297838e-05
0.97998536
0.3087886
3.1205214e-05
6.361542e-05
5.7090983e-05
0.5632166
0.41019896
0.41360784
0.0003529766
5.159688e-05
0.41437125
0.9999374
0.9999896
0.00016284801
0.5351909
0.9999988
0.9999738
0.9996921
4.718035e-05
4.39579e-05
0.99995756
0.99975616
0.00023319165
0.0002590125
0.99996746
0.992523
0.99999404
0.9999982
0.40984434
0.41056415
7.5272175e-05
4.980797e-05
0.414145
7.3223036e-06
4.881326e-05
0.9998078
0.999491
0.9999876
0.00031500444
0.41146427
0.9996538
3.7054633e-05
0.40162292
0.00030124668
4.566268e-05
0.49400187
0.9998965
0.9343453
0.9999908
0.9999962
0.00013704707
0.99999774
3.3613233e-05
0.99993384
4.2298852e-05
0.00013820834
8.893976e-05
0.99512345
0.99987435
0.9817977
4.9891165e-05
0.9992754
0.00015973941
0.00010004406
0.15917437
0.99999964
0.4100712
2.9352463e-05
0.999997
6.597931e-05
0.9982566
9.1970294e-05
0.996738
0.00019086812
1.5173856e-05
0.39984623
2.5566487e-05
6.64437e-05
0.9998609
0.9973711
0.41352654
0.0004019078
0.0005720401
0.41266927
0.9999999
3.3910084e-05
0.00014909644
0.9900102
0.99999714
0.99998426
0.47904107
0.99998546
0.9998252
2.829065e-05
0.59123135
0.5167859
5.6309033e-05
0.00014956734
5.896659e-05
0.4037669
0.00023598051
0.468063
0.00029764586
1.2535972e-05
8.6051594e-05
0.9999988
3.1673222e-05
5.357643e-05
0.42968976
5.9531652e-05
0.00010940775
0.99999917
0.9972588
0.999816
0.41456297
0.4071308
0.000322897
0.9999671
2.9498522e-05
0.9999864
0.999861
0.9999925
0.00048003704
0.00015421244
0.41301954
0.99868244
2.8563002e-07
3.800806e-05
0.00020651027
0.9993851
0.9999994
0.9999982
0.99946207
0.99999917
0.00017282466
0.9999844
0.00022022787
0.000136457
0.41432944
0.41369623
0.9999746
2.2263332e-05
0.41178387
0.40924603
5.4085303e-05
0.23007596
1.8728586e-05
7.92486e-05
6.9577414e-05
0.99999714
3.071467e-05
4.5161887e-05
0.00018959084
0.9999969
0.99982136
0.0021424294
0.41372186
3.5201727e-05
0.9999634
0.411656
0.37053016
0.40853423
0.50996184
0.40787306
0.99999976
1.0
2.0677303e-06
9.6087475e-05
9.4623276e-05
5.2430012e-05
0.9999882
0.9995912
0.9767735
2.9207768e-05
0.4039446
0.008625842
0.41441596
0.18030928
0.9999999
3.0403808e-05
0.7519124
3.0427202e-07
2.8312943e-05
8.551531e-06
0.9992156
0.98407906
0.99977297
0.9998833
0.99999964
7.526155e-05
0.9999118
0.99971575
0.22743385
8.2948616e-05
0.0001294342
5.3599226e-05
0.10090341
0.9998586
0.40834242
0.9709555
0.0003356375
0.00016966893
0.99227
0.49388796
0.11646891
2.0129482e-05
0.99968743
0.99612975
0.99999964
0.99999857
1.4504903e-05
0.00014398749
0.9999969
0.99996996
0.4131362
0.999998
1.2936208e-05
0.40814486
0.7731084
0.9999933
0.5401128
4.281491e-05
0.99989116
0.0005910458
0.43773225
0.99986565
8.189611e-06
0.9999875
0.41124192
7.1939045e-05
0.9249069
0.9985844
0.9999957
0.00013227448
0.55967236
6.5334105e-05
0.999998
5.245517e-05
5.69362e-05
0.47242677
0.9999939
0.9995177
0.9999906
3.8756047e-05
7.983135e-05
0.00018888156
0.99975616
7.566591e-05
1.2415911e-05
8.2734136e-05
2.6994361e-05
6.5900117e-06
0.9998267
0.5337209
0.000108333996
1.1251933e-06
0.41003406
0.9997261
0.5428826
0.00010350867
0.9999801
0.9999609
0.8654702
0.41111133
0.99999845
0.99999297
0.0004157295
0.00011799096
0.000109020555
3.0117253e-05
0.99950516
0.39857638
0.9999465
0.9241157
0.87570286
0.9996935
0.9999763
0.9998821
0.9997749
5.9226786e-05
0.999995
0.39327613
0.99960417
0.0002487812
5.6945966e-05
0.5455009
0.99999654
0.55169046
9.1257425e-05
0.9998416
1.9669833e-05
8.6523316e-05
4.262271e-05
0.41372716
0.94455147
0.00010420588
5.952206e-05
0.4117358
0.39768106
2.9167433e-05
0.9999926
2.7352826e-05
5.1070245e-05
0.00024937323
0.9999529
0.97234774
5.0162376e-05
0.00015748445
0.9999939
0.9994375
0.97337306
7.0965825e-07
2.8267781e-05
0.99685353
0.99958783
0.3916122
0.00024070438
0.9995466
0.5675454
2.7504198e-05
0.0001510163
0.0044875857
0.41117266
0.9999436
0.8560712
2.3294951e-05
0.00022884748
0.00016659066
5.7617246e-05
0.9742716
0.99994993
0.39588752
0.56311494
0.41552088
0.9999949
0.999869
0.9999511
0.4143826
0.99767905
0.40701917
0.99995553
0.9999976
7.424158e-05
8.657135e-05
0.9979996
5.257526e-05
0.99999714
4.3179385e-05
0.00022955639
0.41429627
4.6306643e-05
8.000473e-06
0.99980384
0.9999999
0.99957544
0.39885765
0.00012268324
0.0023680348
3.9241342e-05
0.9999852
0.408211
0.13778497
0.0004070216
4.721843e-05
0.99999106
0.5580204
0.94771034
0.4135143
4.494685e-05
2.6690057e-05
0.00014016207
0.99926764
0.9999912
4.8674927e-05
0.999943
0.99984133
0.40739182
0.99997866
0.9938552
0.41059962
0.9958931
2.6371166e-05
0.12312065
0.0001491361
0.99996376
0.9965783
1.7880215e-05
0.00011289842
0.9999927
0.9999839
4.55074e-05
0.9845697
2.074877e-05
0.9999988
0.9973284
0.18175012
9.483484e-05
4.2449017e-05
0.41096953
0.00037737755
0.9999819
0.5638376
7.728019e-05
0.99615735
0.9963942
1.0204505e-05
0.99971956
0.00022922613
6.54305e-05
0.41412422
0.41345206
0.999992
3.600488e-05
6.4515014e-05
2.0982936e-05
0.99998605
0.99999154
0.4104348
0.5417452
0.99585116
0.99999976
0.9839559
0.4102044
0.41062915
0.99999833
1.5437887e-05
0.000173636
0.5403614
0.4134815
0.999881
1.6576083e-05
0.00013114329
0.99963677
0.99999464
5.9092796e-05
0.39194718
6.400017e-05
0.8756386
9.7243006e-05
0.98985076
6.161493e-05
0.99999917
0.41179886
0.41375005
0.56400496
0.005804356
5.9112634e-05
0.00011453601
0.59554857
0.6053566
3.026885e-05
0.99978656
0.9999995
0.98842657
0.4129743
5.243126e-05
0.9978613
0.00014985098
0.99935144
0.4021891
0.0012393899
0.3851235
9.2404734e-05
6.200821e-05
1.3179767e-05
0.4118171
1.7785724e-05
0.56103504
0.40536717
0.9999753
0.4106902
0.9996158
0.41032284
0.00033550872
4.4627293e-05
0.0005395213
9.134231e-05
0.99995244
0.0005163663
0.00010462725
0.40917447
0.99996257
0.9999988
0.41
5.2155094e-05
8.21439e-05
0.00010979822
0.9995091
4.2083033e-05
0.999944
0.48975065
0.41440418
0.9999677
4.357846e-05
0.9998846
0.99975187
8.5405445e-05
0.99991214
0.9872667
3.735664e-05
0.5095774
0.00011868312
0.99999976
0.9973857
0.99999976
0.99791986
0.99585295
0.00092924456
9.4560135e-05
8.305807e-06
6.9248046e-05
0.00081511977
0.999974
0.984354
3.8180035e-05
0.72720516
0.00011478737
0.99996364
1.8342702e-05
4.3999717e-05
0.00017984408
0.0979915
0.5670293
3.3596953e-05
6.393788e-05
0.00015301442
0.9987935
0.00018238243
0.999997
0.9999962
0.99749005
3.5837536e-05
0.74436474
0.0001129205
0.4083589
0.40916294
5.168961e-05
0.5748164
9.475519e-05
0.9971476
4.8946018e-05
0.9996543
0.25852993
1.5382248e-05
0.00013907054
4.8160753e-05
0.9999689
0.99999976
0.9997222
0.40184578
2.9768542e-05
0.9760671
0.5238454
0.9999579
0.00019034016
0.99688077
0.4941363
0.41229132
3.669332e-05
0.4145821
0.99782914
0.99999774
0.0002895893
0.9999796
0.9989023
0.00017789246
0.001040723
4.4588964e-05
0.9975407
1.0132465e-05
0.4285326
0.99991846
2.4714775e-05
5.0023653e-05
7.3241295e-05
9.086079e-06
0.5593689
0.99524516
0.9997912
0.98668563
0.40602028
0.5645349
1.6772578e-05
0.99989843
0.99999523
0.999998
8.613172e-05
4.6065896e-05
0.4131687
6.570881e-05
0.9999505
0.7913087
1.2114868e-05
0.98880225
6.835889e-05
6.605926e-05
0.99993014
0.40059483
0.54675525
0.9999584
0.0001210457
0.99966633
0.9902001
0.99999094
0.15632428
0.00010882643
0.9999608
0.9980483
0.45848268
0.00041263207
0.959349
0.9999925
0.9885923
0.9995338
0.98968834
0.99998987
0.9986986
5.352455e-05
9.9064084e-05
0.99121207
8.348346e-05
0.00067995366
0.00020917227
7.57894e-05
0.000228712
0.00018563682
0.9999434
0.9774125
0.39667615
0.5608906
0.9999697
0.00018637338
8.2886465e-05
0.9999682
5.8872873e-05
0.99987686
0.9999981
0.546453
0.534635
0.9998324
7.397008e-05
7.944866e-05
0.9999981
0.41387108
1.6847089e-05
0.99914503
7.454614e-05
0.32574892
1.6086275e-05
2.6371117e-05
0.9143566
0.00013351814
3.68194e-05
0.00015795443
6.537294e-05
0.41357926
2.646037e-05
4.2284777e-05
0.99825066
0.9998648
0.41246453
0.0001391496
0.9980584
1.7704986e-05
0.00013425657
0.9999318
0.5434316
0.00019681967
0.5523081
0.40998793
0.99998236
9.5103525e-05
1.0
0.05189638
7.5841024e-05
0.4142629
0.0013160288
0.40914586
8.226887e-05
4.0991526e-05
0.0001651936
0.9999031
0.52319556
4.38004e-05
0.9971666
0.0009410196
6.412014e-05
0.41175225
0.00023914724
0.99977666
0.5535541
0.9986106
8.048152e-05
0.0005405296
0.00010986976
0.9951552
8.930613e-06
0.9997241
7.162465e-05
8.9471345e-05
0.61957026
0.00010911697
3.170096e-05
0.99988914
0.99999714
0.39404723
0.999951
0.00016833849
0.0002920871
0.9999505
0.8206592
0.998393
8.3031075e-05
0.99991953
0.9999386
0.55852324
0.9999926
0.00018159827
0.9999865
0.9972241
0.9997526
0.00016044297
0.00026857323
6.26156e-05
0.39312688
7.8965786e-05
0.9999999
4.4678218e-05
0.9999963
0.4132452
0.9941754
0.9999752
0.00015502123
5.3517706e-05
5.5969667e-05
0.5183036
0.9998852
0.99975735
0.99999547
0.5819807
0.5434567
0.9961281
2.7877724e-05
0.40947008
0.96701425
0.9482028
5.002642e-05
0.9999888
0.9999982
0.99999976
0.99978095
0.00017481482
0.00010344078
0.9989642
0.99999964
5.735236e-05
0.36771223
0.41049737
0.9999796
2.94629e-05
0.00014222991
0.99997735
0.99973184
0.66302246
0.9978169
0.9995931
5.073177e-05
7.459648e-05
0.00086376956
0.9999987
0.9999982
0.3858759
0.9999999
0.544883
0.99992657
0.99995434
0.9999254
7.4679825e-05
0.0005108833
0.99997604
6.52373e-05
0.00017344256
0.00038327428
0.99572766
5.0649982e-05
0.0003201078
3.6895744e-05
0.40728757
0.99999726
0.41042963
0.99949205
0.00027685467
0.5694985
0.00061723095
0.40309086
2.3712218e-11
1.6387687e-06
2.7909568e-05
7.965296e-05
0.39758566
0.4114383
0.9981673
5.5343597e-05
0.99999416
0.41224247
0.00014330905
0.000116555784
0.4512213
0.54974824
0.40556392
0.988477
1.9817826e-05
0.41314998
7.1218456e-05
0.58796036
0.41119117
0.109091
0.4082894
0.4064161
0.99999976
9.022212e-05
0.9999306
0.9999528
0.9831268
0.935706
0.00062063435
0.99990296
0.999961
0.9850584
4.7853653e-05
0.99987066
0.4425466
0.9999554
0.25387862
7.559999e-05
0.54507315
0.9999505
0.40996307
0.99977344
1.5047274e-05
3.264017e-05
9.398946e-05
0.20167401
0.9999887
0.54362077
0.41336256
0.56806546
0.9999937
0.000126641
0.9999994
0.9999021
0.9979956
0.9995962
0.97946745
0.40464273
2.9768062e-05
0.9994824
0.4119745
0.9993198
0.41052407
0.99999964
0.54491657
0.99977225
0.99999917
0.002422432
0.5628716
0.9999814
0.00011648334
0.9998783
2.5081112e-05
9.743441e-05
0.00039732447
0.00028598678
0.4112546
2.2785867e-05
0.5615712
0.55913216
0.9999062
0.00010128937
0.9995864
0.828081
4.1883653e-05
0.00010379175
0.9954679
0.9977164
0.4129868
0.99985385
0.99990916
0.9999268
5.4088192e-05
0.99998355
7.493215e-06
0.99904126
4.4671062e-05
2.6467816e-05
0.41432244
0.99937195
5.9180715e-05
0.99999523
0.4135737
0.99703074
0.40910104
1.9210105e-05
0.9985732
0.99998844
6.0216982e-05
0.99999607
0.9996617
0.00011868459
0.99343103
0.0001381476
4.6726815e-05
0.40959817
0.4021883
0.98672384
0.12792636
0.5785836
0.54222345
0.9944405
0.41331458
0.58574235
7.66102e-05
0.9903813
0.4031509
0.4067608
8.557036e-05
6.0011527e-05
0.9999975
0.4117833
0.5480012
7.505994e-05
0.99999404
0.6825799
1.9509673e-05
0.9999709
3.6827023e-05
0.41055346
0.9898263
0.00015546681
9.263774e-05
0.9999852
0.9999975
0.41109133
0.10722451
0.6182153
2.2934744e-05
0.4108884
0.9999689
0.40096715
0.41391852
1.5371557e-05
0.00014251744
0.41395903
0.40896723
0.41057044
0.99937755
0.9998518
0.99162966
2.7089754e-05
0.4077556
0.9943457
4.3370415e-05
0.00014824106
0.93501043
3.2513264e-05
0.99987197
0.9999888
0.99999034
0.9999871
2.693604e-05
0.00011236056
0.49826214
0.9999913
0.99997926
0.9981706
0.5511124
0.4142637
0.99999595
1.2499145e-05
0.9999199
0.99999666
3.2053595e-05
5.3459153e-05
8.142571e-05
5.5241675e-05
0.9998629
0.9984756
0.99881375
3.9781542e-05
0.99999964
0.00022097855
0.55943185
0.00011750748
0.99996316
0.99925977
0.9993137
0.99999785
0.99990046
5.3947533e-06
0.41423386
4.4448225e-05
0.99828774
0.99979526
0.5432431
9.003717e-05
0.99996185
0.9999999
0.5920232
2.6699958e-05
0.9999584
0.00024475312
0.99978036
0.99840766
0.999445
2.7322663e-05
0.41371322
0.99997556
0.00089916756
4.773615e-05
0.000154937
0.99995816
5.447949e-05
0.9277063
0.9969145
0.9983266
9.088599e-05
0.00013339202
0.9761597
0.9999932
0.0004909727
0.9999939
0.5489026
3.4250388e-05
5.158271e-05
0.00011471241
5.7916757e-05
0.99969983
0.41228765
0.0006444028
0.9986488
0.9997905
0.0002322411
1.1221916e-05
0.9999664
4.3525546e-05
0.99168056
1.1903741e-05
4.535927e-05
1.3265451e-05
0.00010073302
0.89734554
3.9353803e-05
4.4318625e-05
0.9999044
3.754915e-05
0.00032669856
0.5534146
0.033464856
2.3071256e-05
3.9617957e-05
0.4002649
0.41065085
0.9985416
0.9999546
0.99994886
0.00014041302
0.99551827
6.9089605e-05
0.9994276
0.00011319821
0.9999347
0.99980384
0.99998975
0.9979012
4.4998014e-05
9.29066e-05
0.40951952
0.9837482
0.41012046
0.74495083
0.05948911
0.33126006
0.41256183
0.50485307
0.9601422
0.40686125
0.95810163
0.8779824
0.999997
0.5473972
0.99998486
4.468261e-05
2.1820346e-05
0.9873251
0.0003549495
7.034819e-05
6.985571e-05
2.6080279e-05
0.99288964
0.99998295
0.9999933
0.9993111
9.141525e-05
0.9999999
0.0005058462
2.4131705e-05
4.4940076e-05
0.9952148
3.7568818e-05
6.518475e-05
0.40912405
0.99998283
1.5253723e-06
0.41217953
9.409007e-05
4.2591095e-05
8.788424e-05
2.8391245e-05
3.1459913e-05
0.99989223
0.00011338727
0.9999912
0.00033421293
0.41136244
4.299969e-05
0.99989367
0.23160526
8.264416e-05
0.00019207744
0.99999726
0.9990515
5.4220756e-05
0.000103375016
2.1770687e-05
0.40043232
0.6753373
0.99999726
1.2471902e-05
0.9994809
0.97996897
0.99997854
1.4950995e-05
0.9999764
9.8563934e-05
1.4358317e-05
0.9088555
0.9998061
3.8058985e-05
0.40867203
0.98799485
6.0314625e-05
6.728061e-05
8.355434e-05
3.2479114e-05
0.99999404
0.9999697
6.273083e-05
0.4153027
0.99995947
3.0434354e-05
0.54332274
0.9999157
4.6198184e-05
1.0542192e-05
0.99999917
2.7699458e-05
0.00012401894
0.9999889
0.41002008
0.99999607
6.381581e-05
0.00012064228
0.00024454598
3.4097025e-05
0.0002999819
0.9999584
0.4110586
2.6529044e-05
0.41223022
0.99999857
0.64042157
0.9968528
0.5317832
6.370452e-06
4.3715772e-05
0.9987141
4.708358e-05
0.4096246
0.00028580526
0.41420746
0.99966466
0.41043183
4.748005e-05
0.9999993
0.41275316
0.00014184107
0.22880015
0.9834621
0.9881246
6.718277e-05
0.99797326
4.270896e-05
0.41441253
0.24206012
0.99993885
0.00027372167
0.5745611
0.9998654
0.0001250448
6.9400296e-05
0.99999297
7.362756e-05
0.99999356
8.3424406e-05
0.9881594
0.40910757
0.0001485787
0.9977877
3.125951e-05
4.0152812e-05
0.5465142
0.9999924
1.8360412e-05
0.00012457649
0.9999522
0.57717586
0.99939597
0.99928087
0.5562444
0.9998234
0.572935
5.135198e-05
0.99999607
0.00015168666
0.4082474
0.00014957302
0.00010028142
1.0
6.889421e-05
0.9999517
0.56965226
5.724494e-05
8.917765e-05
7.742986e-05
1.9332134e-05
0.9998235
0.00025619054
0.99975246
2.766485e-05
0.41105837
0.54851335
0.99923205
0.99982005
0.98772705
0.00043285775
0.9860935
1.2907754e-05
0.00013082156
3.6393547e-05
0.00015567285
1.0111585e-05
0.99670714
0.41360122
0.407463
0.00013721129
0.051903885
0.99984086
0.9998654
0.9984968
0.9998325
0.99888855
0.4838193
0.9994235
0.9998667
0.00019358826
0.8237234
0.5632906
9.501904e-05
0.6460221
0.9999943
0.000157428
0.99993384
0.00024483993
0.5562829
0.9999933
0.99999976
0.57630336
0.5839531
0.9995808
2.4566778e-05
7.2504125e-05
0.00015059728
0.00047264693
0.39177412
0.00016760384
4.477696e-05
0.9999875
0.9997787
0.9988943
0.40828055
0.4096468
6.7007254e-06
0.41059694
0.41039458
0.5176013
5.3939897e-05
0.9994062
0.0001223965
0.99966395
9.7717646e-05
0.31786323
0.99991965
0.9998921
0.59337854
0.00034140257
0.99958855
6.239006e-05
0.9910601
2.2830565e-05
0.00029163354
0.00018199973
0.41440943
0.9999975
7.532445e-05
2.5130097e-05
0.5448752
0.9999937
0.6044406
3.3504708e-05
0.9999287
0.9852386
1.0
0.00016051476
0.00010876573
0.999969
0.00026351053
6.4996864e-05
0.40980724
0.5418594
0.5625685
0.41355893
6.0383623e-05
0.99933004
0.58049506
7.7735036e-05
0.5635342
0.40963164
7.5683594e-05
0.00010903334
0.9999888
0.99998
0.00013956698
4.1983945e-05
0.00037729822
0.8590568
0.0001626652
0.9986992
0.3972743
0.6004364
7.785284e-05
2.5115314e-05
0.9998796
0.9999459
0.9999864
0.5622861
0.049909152
0.99961805
0.00022113536
6.23501e-05
0.00014944287
0.99993503