0.9999901
1.0
5.9677977e-28
1.0
2.3706961e-27
7.718438e-33
2.0926693e-32
1.0
2.9617637e-30
0.74163264
3.3064875e-19
7.250659e-34
8.810812e-30
3.9423994e-12
1.0
1.0742238e-22
1.038231e-21
0.999992
3.1923276e-17
0.9810941
0.9959991
1.9621334e-26
2.7686642e-28
4.6299295e-33
2.7131345e-29
8.4151414e-13
0.312151
0.9306258
6.6185924e-12
1.0
2.5145235e-33
9.546958e-21
0.25059727
8.504096e-09
1.5831904e-15
3.8848957e-33
0.99998903
1.0
1.0
1.0
3.7902723e-18
0.00016897565
3.1957116e-34
1.9266537e-30
1.6662788e-31
7.219366e-25
0.9999988
0.97679055
1.9968192e-29
1.0
0.99996924
5.4860373e-29
1.0
0.99999964
0.77969766
4.532629e-24
1.0
3.4782793e-12
8.238456e-25
4.4537009e-13
1.0
0.9999999
1.0
6.9229796e-20
0.12549578
0.3122868
1.0
7.502222e-27
0.051245805
1.0
1.0
3.1622106e-16
0.97135013
0.053650025
6.66541e-36
1.606628e-35
2.9280464e-33
1.0
3.2759897e-20
7.8442066e-32
4.4769047e-30
3.4146662e-32
2.4082276e-30
1.0
1.0
8.633542e-30
0.9982481
1.0
1.0
0.9999764
2.4106122e-34
1.581554e-31
1.0
1.0
2.6163895e-31
3.001823e-16
1.0
0.9684212
1.0
1.0
1.8029406e-25
1.9528676e-25
1.3560563e-30
5.9736422e-31
1.1442636e-31
4.3895376e-25
3.8002454e-34
0.9999958
0.9999831
1.0
5.5727795e-18
7.4680476e-26
1.0
7.2215624e-27
1.4476237e-21
6.2228817e-35
1.3879696e-24
0.0027753846
0.99999917
0.46898484
1.0
1.0
1.1066402e-10
1.0
4.4250926e-19
1.0
2.8809275e-24
9.689912e-27
2.0313194e-25
0.99985456
0.99999905
0.9710153
1.6878955e-24
0.99997306
4.8479062e-33
6.3131585e-30
0.00448625
1.0
6.4486803e-24
3.392198e-29
1.0
3.3169563e-29
0.9992632
2.8359623e-30
0.9999567
3.73337e-28
3.1959416e-35
5.3157664e-30
3.4994664e-20
3.8287047e-28
0.99999833
0.99999416
1.5980581e-28
1.6876505e-32
7.9697754e-16
5.0905504e-34
1.0
2.3171161e-32
9.114774e-29
0.97565246
1.0
1.0
0.00014358699
1.0
0.99998415
3.7805698e-25
1.0
0.9997665
2.9214943e-20
8.974355e-21
1.8429977e-29
4.007355e-20
1.1744787e-14
0.6305369
4.513498e-15
1.5527636e-31
2.9879277e-18
1.0
1.8049184e-22
2.6966088e-26
0.7407813
5.3993247e-33
1.0206741e-35
1.0
0.99441636
1.0
5.033344e-31
1.2223623e-25
1.2121714e-30
0.999881
8.309053e-34
1.0
1.0
1.0
2.6798893e-14
3.8010112e-28
1.9400497e-27
0.9999621
1.3434618e-23
3.5801742e-34
1.8323862e-12
0.99999714
1.0
1.0
1.0
1.0
8.379978e-18
1.0
6.2317488e-18
6.413363e-14
7.818455e-32
1.5361105e-28
0.9999999
8.37396e-28
3.1296025e-25
2.7335122e-25
1.1987825e-27
0.000403677
2.3681922e-27
2.030349e-27
2.3014985e-31
1.0
3.6623214e-27
2.2402277e-34
2.0128587e-27
1.0
0.9999975
1.2077602e-13
2.1893656e-29
9.100341e-32
1.0
4.382263e-31
0.006711542
3.5466343e-22
0.9258902
8.111357e-08
1.0
1.0
8.0309483e-28
9.488161e-32
5.022594e-27
9.629923e-34
1.0
0.99998116
0.9947718
3.2117662e-29
1.9707966e-27
0.0036803058
8.593316e-32
0.02694029
1.0
2.6014126e-30
0.80422217
1.7832446e-14
3.9438112e-28
1.3213987e-29
0.999962
0.99906594
1.0
1.0
1.0
1.0386794e-27
1.0
1.0
0.04595939
8.2788865e-15
1.5858743e-30
1.7174955e-22
0.7808333
1.0
7.553766e-09
1.2173744e-09
1.493991e-30
3.6537834e-26
0.9926835
0.0017796482
0.0003372835
8.505688e-31
0.9999999
0.9938933
1.0
1.0
1.9253102e-29
7.249062e-32
1.0
1.0
2.886207e-32
1.0
7.530319e-35
4.3949685e-24
0.66298
1.0
0.9938753
7.143274e-30
1.0
6.251255e-16
0.596317
0.9999852
6.4362663e-25
1.0
1.444197e-23
1.1571134e-28
0.023452232
1.0
1.0
6.6507347e-12
0.9989225
8.422587e-14
1.0
4.3167862e-26
2.4629957e-23
0.315926
1.0
0.99999666
1.0
2.6446044e-25
7.140265e-26
1.6869497e-31
0.9998716
1.9185323e-25
1.9049868e-28
8.592322e-12
3.3674073e-35
2.5782642e-31
1.0
0.99999917
1.5502822e-18
5.1499824e-28
1.6284492e-24
0.9999933
0.65847623
1.0833623e-32
1.0
1.0
0.012342115
9.3101596e-29
1.0
1.0
1.1165235e-19
4.5418186e-32
1.6601625e-31
1.067664e-27
0.99999976
5.0584037e-24
1.0
0.009012861
0.951614
0.9999919
0.9999999
0.9999987
0.9999914
6.438665e-35
1.0
7.9406634e-26
0.9999976
3.9712277e-35
1.580162e-22
0.9999912
1.0
1.0
6.958805e-12
0.99999714
8.974678e-25
4.280171e-26
3.7570358e-17
6.1044355e-33
0.9979128
2.8929675e-22
2.1690372e-32
5.7070256e-25
4.36282e-21
2.1422162e-30
1.0
1.7704593e-31
8.221035e-32
4.4419216e-06
1.0
0.45156756
1.3063298e-26
2.2965078e-24
1.0
0.9993661
0.9726184
4.0087442e-21
3.3368747e-18
0.9657173
1.0
3.6499635e-20
2.596125e-18
0.99996436
1.0
4.8713516e-20
1.4832649e-29
0.0074545196
1.0027672e-27
0.99999654
0.9995414
1.0498647e-28
4.657818e-31
1.4829074e-23
2.3564598e-34
0.99496824
1.0
4.718683e-21
0.99826294
2.2607742e-09
1.0
1.0
1.0
3.1113441e-24
0.9975248
1.6350673e-30
0.99999964
1.0
9.078557e-34
6.9820466e-34
0.9851968
4.1272547e-33
1.0
2.0964892e-24
1.4027315e-29
3.3358963e-32
2.2586033e-23
1.5080216e-27
1.0
1.0
1.0
6.125765e-23
1.3350661e-18
2.217735e-14
3.4440683e-28
1.0
1.6458057e-30
2.7451872e-08
1.5019522e-21
1.742724e-32
1.0
0.7846564
0.4691597
1.0312466e-32
1.3381094e-34
4.8206895e-17
3.4552334e-32
0.99998164
1.0
5.777553e-27
1.0
1.0
3.4041914e-20
1.0
0.9996928
1.0525665e-11
0.71499616
5.2389575e-33
0.42610633
9.330734e-24
1.0
0.994994
1.2356027e-31
5.040992e-31
1.0
1.0
9.947247e-35
0.9995047
1.0373574e-26
1.0
0.9999924
0.0040619466
2.2757765e-33
2.7595212e-29
7.8448975e-24
3.1212949e-31
1.0
1.0
2.64648e-26
0.99940383
0.999828
9.083289e-22
0.9999927
3.148007e-17
6.77589e-25
2.3631958e-32
5.544005e-26
0.9999957
4.793896e-25
8.473175e-12
3.3266973e-16
1.0
1.0
8.972736e-23
0.30185863
0.9891338
1.0
0.99611855
8.257145e-10
4.142509e-07
1.0
1.19200596e-20
9.865448e-17
0.9992084
7.53232e-30
1.0
1.9819178e-26
2.8944414e-33
0.99993014
1.0
5.654451e-26
3.4303898e-22
1.22152825e-32
1.8888133e-05
2.5836943e-27
0.99137384
6.244486e-31
1.0
3.7337387e-29
7.341093e-31
0.99999964
1.0418128e-07
7.166319e-35
4.513188e-30
1.0
0.009567529
1.7201785e-28
0.99999976
1.0
0.99410975
1.1660568e-18
1.0921164e-34
0.99978834
2.7863742e-32
0.9999999
1.5077624e-20
8.821065e-31
1.9746787e-13
1.6846034e-30
1.3048914e-32
1.389448e-31
8.733605e-13
1.2537662e-27
0.9999995
1.3720504e-24
0.9999999
2.731892e-28
0.9999795
9.567079e-29
3.576555e-20
2.4486566e-35
5.5575215e-31
3.3110154e-21
1.0
3.208547e-28
2.4893057e-20
1.3990431e-23
1.0
1.0
8.212699e-24
8.395234e-27
1.9005397e-18
1.9023158e-34
1.0
1.387889e-33
1.0
2.2000793e-05
1.2881998e-31
1.0
9.956562e-25
0.99999976
0.99999917
4.7828945e-27
0.9999057
0.9994112
7.780441e-37
0.9905099
6.2183383e-31
1.0
0.99998796
1.0
0.99994504
0.99977857
8.570152e-14
8.9783744e-33
9.69005e-29
8.1536984e-32
8.823775e-12
0.9999999
0.50081366
8.998507e-32
0.07378722
2.6575969e-27
1.0
1.3239551e-24
3.5856458e-24
2.8502878e-16
0.22336109
0.9937244
8.236784e-34
1.9527335e-10
1.9974897e-29
0.9999962
1.399294e-23
1.0
1.0
0.99845386
2.9290415e-25
0.9933694
4.215792e-33
5.0743486e-24
3.9628927e-26
7.4883736e-22
1.0
1.6751529e-28
0.9999999
3.8681776e-22
0.9999995
0.19889748
2.2191127e-23
1.3163155e-17
3.9017235e-25
1.0
1.0
1.0
2.89184e-31
2.6477968e-23
0.6535459
0.1702878
0.99999976
9.7674876e-32
0.99095577
0.9631088
1.9973709e-26
9.05511e-26
1.4173882e-30
0.9999987
1.0
4.256583e-31
1.0
0.9988657
1.4724232e-15
5.7639444e-21
6.2432415e-33
0.99996686
7.850084e-37
0.98973924
1.0
1.5870698e-26
7.939268e-34
5.302227e-19
3.4667715e-25
1.0
0.99985814
0.9999912
0.99998975
5.3265665e-22
1.0
4.8795955e-18
0.99999726
1.0
1.0
9.041908e-22
3.223853e-24
1.1141363e-27
1.4426997e-30
1.0
0.42998084
4.269012e-21
0.99999976
8.493812e-33
3.3246041e-31
0.99998057
7.5772054e-34
0.9992804
1.0
4.486793e-27
0.9992861
0.99512756
1.0
0.00011881822
3.511138e-21
1.0
0.9999938
0.29689014
4.9004133e-33
0.6305638
1.0
0.99781716
1.0
0.8527279
1.0
0.9999943
6.129411e-23
3.0278866e-14
0.999723
1.17210026e-32
1.902998e-19
1.7594556e-11
1.3532289e-31
1.197107e-32
2.814593e-28
1.0
0.017976418
4.9315762e-20
0.9999999
0.9999976
1.2891345e-15
1.6151024e-27
1.0
8.80466e-31
1.0
1.0
0.999966
0.27968377
0.99999523
1.27181095e-27
1.6197655e-21
1.0
2.1385e-31
8.2743405e-30
0.9961876
1.3408757e-31
0.53596854
1.0539968e-30
4.8820743e-32
0.98155874
1.4309188e-33
1.256472e-26
4.9737545e-31
5.5883184e-26
2.5789947e-29
1.0847308e-25
7.69392e-18
0.9999981
1.0
3.406444e-32
2.232917e-33
0.99999917
7.6637004e-23
3.545911e-33
0.9999999
0.99999833
2.371047e-21
0.9999567
6.247668e-27
1.0
1.794829e-33
1.0
4.9864845e-08
1.4974586e-32
4.4504244e-31
3.8132288e-26
1.8261752e-20
4.970102e-28
4.2385285e-33
2.1880013e-32
0.9999988
0.32532492
9.569009e-30
0.99402535
5.526353e-11
4.073794e-31
1.8540749e-30
1.013335e-18
0.99999964
1.0
0.999648
5.8837032e-30
1.3604e-20
3.727949e-20
0.98163694
1.8056593e-25
0.99999976
4.8673842e-32
9.203098e-29
1.0
6.320746e-31
1.0717716e-30
0.99999976
1.0
1.5060187e-30
1.0
1.0245527e-33
5.8314247e-27
1.0
0.042688336
1.0
2.5778483e-33
1.0
1.0
0.99998295
1.0
1.6201847e-15
1.0
0.99997926
0.99999964
3.276698e-15
1.232162e-12
1.4550555e-26
7.723006e-17
2.9634166e-28
1.0
3.2030343e-34
1.0
4.369514e-29
0.93006295
1.0
2.1263957e-31
4.5603253e-32
5.8334954e-34
0.079464756
1.0
1.0
1.0
1.0
0.86082387
0.99332726
2.1310685e-35
2.1156786e-20
0.8120039
0.26341072
5.3330486e-31
1.0
1.0
1.0
1.0
1.6199985e-31
1.7195864e-15
0.9999989
1.0
1.971329e-36
0.19208908
1.1357936e-21
1.0
1.5513343e-34
2.303288e-18
1.0
0.9999963
0.7384368
1.0
0.9998392
1.3916878e-29
9.655429e-31
8.9433215e-14
1.0
1.0
4.2677325e-18
1.0
0.99937075
0.9999999
1.0
1.0
4.603357e-32
5.2935827e-17
1.0
9.4538785e-31
4.896894e-13
1.0633489e-32
0.87177104
4.538677e-35
2.1107528e-28
2.2957441e-33
3.0857246e-20
1.0
1.1456385e-25
0.9997664
2.6608547e-11
0.9998679
1.0383202e-17
1.5841761e-29
1.463279e-23
3.435014e-21
1.2628502e-31
1.2464925e-29
0.11076093
2.7728937e-27
0.99850744
1.0118075e-29
1.0
1.9861532e-29
6.045341e-11
2.7797894e-11
0.0036652912
0.9999964
5.527633e-28
0.8104356
2.4776775e-23
1.0671291e-30
1.4368605e-31
1.0
2.8868984e-26
1.7049535e-06
2.5385234e-24
7.2660207e-09
1.0
9.709708e-27
1.0
1.0
0.99728346
0.99996865
2.8356587e-23
1.0
1.0
0.16260417
4.7780137e-32
1.0
0.0008043288
1.0
8.623966e-22
5.967462e-26
0.99999523
0.9999999
6.973424e-26
1.0
2.0747062e-24
5.304939e-26
1.638616e-20
0.00015184685
1.0
0.99973804
1.2042747e-25
1.0
1.0
1.5312947e-29
1.0
1.0
0.99997485
0.9999912
0.88992506
8.6451405e-23
5.6672676e-22
0.99999857
4.7724486e-28
1.0
1.0419993e-23
1.0
0.99981874
0.999992
1.0
9.471126e-25
1.0
1.0
2.872596e-33
1.0
2.4768075e-31
1.1710803e-26
1.7233145e-32
1.648732e-32
3.032411e-26
3.380004e-29
1.0
0.823794
1.0
2.0629875e-23
0.99998903
0.40380898
1.8808747e-22
4.5318693e-31
0.9383051
0.9671843
3.524385e-20
0.9999976
0.9999982
1.0
3.1305664e-27
1.0
2.4631298e-21
0.99999654
1.8294095e-21
1.1919359e-23
2.0812553e-30
0.9999616
6.556881e-32
1.0
2.2454148e-32
0.99955875
1.8936859e-26
4.752359e-27
0.9939388
1.0
7.9529285e-14
1.0
1.0
7.2149394e-31
0.99655896
2.7421403e-24
1.5696025e-27
5.1325693e-12
1.6737962e-31
0.9974842
0.00045695493
0.9999995
0.99828917
0.9997875
3.847162e-30
1.0
1.2929685e-34
0.99928135
4.8390143e-20
1.4844785e-26
3.5093715e-28
3.0359726e-28
1.0
2.4086825e-26
0.99314237
2.2654024e-31
1.0
0.09541682
1.267819e-28
1.0
7.05876e-30
1.4283372e-21
0.9999945
2.7177642e-22
1.7658862e-31
1.0
1.0
1.0508651e-23
8.056022e-05
1.0
2.4313072e-35
1.1998928e-22
1.0
0.0015107646
6.0879774e-31
6.2116332e-37
1.9253732e-32
2.0586317e-31
1.06064515e-20
5.023046e-30
0.99962974
1.0
0.972139
5.7311426e-29
7.5422135e-22
0.9522382
1.7758821e-18
1.5676108e-26
0.9931242
3.4756205e-23
1.0
1.0
1.0
1.0
4.1406902e-33
4.2809713e-26
0.7355586
1.0
1.0
0.99978346
0.99997663
2.2475937e-30
1.0
1.05781e-25
1.0
1.0
4.2202984e-25
9.138762e-14
1.6724794e-26
1.1515138e-33
1.0
1.0
1.0
6.9183683e-25
1.0
2.2820455e-32
1.0
4.861175e-29
1.0
1.0
1.0
1.0
1.0
1.2243258e-27
7.939155e-32
3.1188018e-27
0.99913305
0.99918145
0.5614274
1.3840159e-30
1.0
1.0
1.0
4.0099548e-20
1.0
3.158887e-21
1.0
0.99999845
1.0
1.5460849e-23
2.1803603e-25
1.0
2.516456e-30
1.7222123e-30
1.1853687e-33
1.0
1.1597625e-17
0.059987705
0.9998802
0.9997008
4.1068407e-13
3.215027e-29
0.97622
1.0
6.9102005e-30
1.0
0.15762772
1.1693069e-28
8.216258e-27
6.6107614e-22
2.1390035e-33
0.9988833
4.328202e-31
5.6026295e-15
0.9999976
0.99997914
7.783553e-31
4.606885e-33
1.0
2.4247952e-28
0.9195247
5.325113e-26
1.4283233e-25
7.698054e-27
1.5295815e-25
0.9991248
5.391592e-31
4.94056e-34
1.0
1.7543411e-27
9.192144e-23
0.50353867
1.882313e-08
2.051033e-19
3.1195284e-19
9.849667e-22
1.7267227e-25
1.0
1.0
0.9999999
1.3268122e-31
0.99625516
4.1781363e-33
1.0
2.0395705e-09
1.0
0.9999932
1.0
0.999951
2.804555e-25
7.809769e-20
2.1443554e-25
0.99941003
1.1043494e-19
0.03834855
0.022129014
0.29887176
2.383317e-28
0.5401925
0.024492884
1.9946283e-20
0.84321684
0.23692836
1.0
0.99872285
1.0
2.2437844e-20
7.974546e-32
0.99954695
3.1883943e-11
2.4117533e-26
9.712882e-22
1.8771638e-20
0.9945444
1.0
1.0
0.9999871
5.6421634e-28
1.0
1.1071223e-16
5.456249e-16
5.533846e-32
0.9670309
2.611054e-32
1.7209951e-25
1.6615458e-21
1.0
2.1409308e-25
4.717152e-29
2.4581886e-24
1.50590735e-33
3.1358106e-29
1.600582e-30
9.964979e-21
0.9999999
3.4896425e-27
0.9999999
5.322568e-21
3.4699222e-24
5.4913875e-25
0.99999917
0.0030060404
7.593566e-31
8.11722e-20
1.0
0.99997556
9.841006e-34
2.091242e-31
1.6839831e-34
4.0410478e-14
0.7661628
1.0
3.1434691e-18
0.99994373
0.9814772
1.0
4.783651e-31
1.0
2.6540253e-31
5.1552727e-27
1.4301621e-08
1.0
1.1865622e-27
2.715253e-32
0.99939287
1.9933554e-30
9.576327e-27
1.3666856e-24
1.37074436e-14
1.0
1.0
1.8345213e-25
2.9610114e-06
0.9999995
1.3148139e-26
5.506748e-12
1.0
7.7997043e-28
8.203314e-22
1.0
3.5381642e-28
6.715865e-22
1.0
3.4231556e-25
1.0
2.4591791e-27
1.4389278e-32
5.4075166e-30
7.617963e-32
1.09900236e-29
1.0
5.1150264e-31
2.9458146e-26
1.732771e-13
1.0
1.0
0.9999896
0.9769982
9.4267855e-26
8.284677e-28
0.9999565
4.6047513e-29
2.1324875e-24
1.9796292e-14
9.28334e-16
0.9999993
2.466578e-23
4.8941362e-33
1.0
9.611949e-32
1.5213872e-11
0.0063537336
0.998988
0.9970613
5.267786e-29
0.999998
5.599462e-32
4.5641046e-31
0.7286695
1.0
1.8036575e-31
1.0
1.0
1.0752221e-33
8.2935644e-35
1.0
1.1071902e-23
1.0
1.1394348e-28
0.2772027
3.7638744e-19
3.5964057e-28
0.9999826
1.4411536e-23
6.2459363e-32
0.63832825
1.0
6.013686e-28
6.424035e-30
1.0
0.9999734
1.0
0.99999964
1.0
1.0
1.0
5.1240085e-24
1.0
2.862574e-27
3.0418315e-10
1.7066991e-30
1.6833335e-20
1.0
4.849983e-31
0.9999999
0.9440206
1.2992869e-27
4.105141e-28
1.6659106e-23
2.6950777e-25
0.9999989
1.5854113e-19
1.0
4.9005897e-30
9.67441e-25
1.0
0.9976942
0.99999964
0.89870936
7.779785e-23
0.9969703
2.3686117e-24
1.0919233e-14
1.8758744e-21
3.1930195e-11
1.5273545e-32
0.99567467
3.4039533e-30
1.30422066e-23
3.1951402e-33
0.005987239
0.9999982
1.0
0.99998987
0.9999999
0.99999774
0.8255828
0.99999905
1.0
1.143163e-18
0.7762852
1.0
2.0398372e-33
0.08088861
1.0
1.3123595e-32
1.0
1.8032305e-24
0.99999964
1.0
1.0
1.0
1.0
1.0
4.0079097e-33
3.4960577e-31
1.2231482e-29
1.4079057e-20
1.9565655e-18
4.914809e-26
2.3085733e-34
1.0
0.99999976
0.99861884
2.2883924e-24
1.6557997e-22
4.5543496e-30
8.846534e-25
3.450147e-26
4.356992e-09
1.3070749e-30
0.999997
5.52016e-18
1.0
1.80796e-34
0.007989726
1.0
1.0
1.0
1.0547887e-31
0.9999943
6.117196e-15
0.99768984
2.5667967e-35
5.6493785e-28
9.446629e-32
7.465871e-29
1.0
6.490408e-33
1.4363802e-21
0.9999931
1.0
1.0
7.97187e-32
0.9999999
0.99069047
1.0
1.5036063e-32
6.510721e-32
1.0
4.952282e-06
1.7117139e-29
4.5323952e-13
0.6761001
0.9999999
9.704402e-29
9.395836e-19
0.99988115
0.9999546
7.0421725e-28
0.9999945
1.7409986e-22
5.4559273e-27
5.614171e-34
1.0
1.0
1.166574e-31
1.1526209e-26
6.954939e-17
0.83422744
5.7425126e-10
0.99997807
2.281108e-30
1.0
1.4775226e-35
1.5586273e-23
1.0
1.0
1.0
1.0
0.00011721371
1.0
2.9128765e-23
7.6933084e-17
2.5787224e-34
0.9999726