1.0
1.0
0.0
1.0
0.0
0.0
0.0
1.0
0.0
0.99861515
0.0
0.0
0.0
0.0
1.0
0.0
0.0
1.0
7.898403e-25
0.99998
0.99999917
0.0
0.0
0.0
0.0
3.4450995e-32
0.49198303
0.9999583
1.0453053e-20
1.0
0.0
0.0
0.0010545438
2.028422e-19
0.0
0.0
0.9999999
1.0
1.0
1.0
0.0
0.0035706584
0.0
0.0
0.0
0.0
1.0
1.0
0.0
1.0
1.0
0.0
1.0
1.0
0.87343466
0.0
1.0
2.5203232e-11
0.0
1.598956e-26
1.0
1.0
1.0
0.0
0.99993825
0.97692865
1.0
0.0
0.9999821
1.0
1.0
2.3395444e-38
1.0
0.98544127
0.0
0.0
0.0
1.0
0.0
0.0
0.0
0.0
0.0
1.0
1.0
0.0
1.0
1.0
1.0
0.9999994
0.0
0.0
1.0
1.0
0.0
5.279674e-37
1.0
0.99999964
1.0
1.0
0.0
0.0
0.0
0.0
0.0
0.0
0.0
1.0
1.0
1.0
4.0993654e-36
0.0
1.0
0.0
0.0
0.0
0.0
7.085493e-08
1.0
0.99920124
1.0
1.0
0.0
1.0
0.0
1.0
0.0
0.0
0.0
1.0
1.0
1.0
0.0
0.9999999
0.0
0.0
0.02979138
1.0
0.0
0.0
1.0
0.0
1.0
0.0
1.0
0.0
0.0
0.0
0.0
0.0
1.0
1.0
0.0
0.0
5.1785856e-21
0.0
1.0
0.0
0.0
0.9999949
1.0
1.0
0.88546205
1.0
1.0
0.0
1.0
0.9999999
0.0
2.2983757e-38
0.0
0.0
1.6283328e-37
0.6376585
5.122699e-24
0.0
0.0
1.0
0.0
0.0
0.9969976
0.0
0.0
1.0
0.9999833
1.0
0.0
0.0
0.0
1.0
0.0
1.0
1.0
1.0
2.0288284e-30
0.0
0.0
1.0
0.0
0.0
0.0
1.0
1.0
1.0
1.0
1.0
0.0
1.0
1.4574771e-34
1.04272375e-29
0.0
0.0
1.0
0.0
0.0
0.0
0.0
0.027333494
0.0
0.0
0.0
1.0
0.0
0.0
0.0
1.0
1.0
3.1801383e-16
0.0
0.0
1.0
0.0
0.99599457
0.0
0.99988604
4.7821452e-35
1.0
1.0
0.0
0.0
0.0
0.0
1.0
1.0
1.0
0.0
0.0
3.927478e-35
0.0
8.932436e-06
1.0
0.0
0.9999931
0.0
0.0
0.0
1.0
1.0
1.0
1.0
1.0
0.0
1.0
1.0
0.99856645
2.9913317e-37
0.0
0.0
0.94940305
1.0
1.0965843e-17
0.99837625
0.0
0.0
0.99334407
2.926212e-09
0.33699328
0.0
0.9999999
1.0
1.0
1.0
0.0
0.0
1.0
1.0
0.0
1.0
0.0
0.0
0.9999851
1.0
0.9999896
0.0
1.0
2.3411842e-18
0.07498198
1.0
0.0
1.0
0.0
0.0
0.9792389
1.0
1.0
5.79039e-36
1.0
1.0914567e-22
1.0
0.0
0.0
0.97466284
1.0
1.0
1.0
0.0
0.0
0.0
1.0
0.0
0.0
1.3489264e-22
0.0
0.0
1.0
1.0
0.0
0.0
0.0
1.0
0.86463326
0.0
1.0
1.0
0.49838436
0.0
1.0
1.0
1.1012999e-33
0.0
0.0
0.0
1.0
0.0
1.0
0.5679245
0.99999976
1.0
1.0
1.0
1.0
0.0
1.0
0.0
1.0
0.0
0.0
1.0
1.0
1.0
8.16728e-37
1.0
0.0
0.0
0.0
0.0
0.99999094
0.0
0.0
0.0
0.0
0.0
1.0
0.0
0.0
0.0
1.0
0.9999068
0.0
0.0
1.0
1.0
0.9999933
0.0
0.0
0.99999905
1.0
0.0
5.0795378e-17
1.0
1.0
2.0102079e-38
0.0
0.0
0.0
1.0
1.0
0.0
0.0
0.0
0.0
0.9999999
1.0
0.0
0.9999945
0.0
1.0
1.0
1.0
0.0
1.0
0.0
1.0
1.0
0.0
0.0
0.9999999
0.0
1.0
0.0
0.0
0.0
0.0
0.0
1.0
1.0
1.0
0.0
2.1920716e-38
1.6208052e-27
0.0
1.0
0.0
0.00011892681
0.0
0.0
1.0
0.9925282
0.99940276
0.0
0.0
4.9870972e-29
0.0
1.0
1.0
0.0
1.0
1.0
0.0
1.0
1.0
2.4837965e-11
0.9999639
0.0
0.93746465
0.0
1.0
0.9999932
0.0
0.0
1.0
1.0
0.0
0.99999416
0.0
1.0
1.0
0.062267352
0.0
0.0
0.0
0.0
1.0
1.0
0.0
0.9997962
1.0
0.0
1.0
2.9830937e-29
0.0
0.0
0.0
1.0
0.0
3.2504778e-16
0.0
1.0
1.0
0.0
0.95899945
1.0
1.0
1.0
7.182695e-10
4.9037067e-07
1.0
0.0
2.2247595e-29
0.999985
0.0
1.0
0.0
0.0
1.0
1.0
0.0
0.0
0.0
0.32240438
0.0
0.99999964
0.0
1.0
0.0
0.0
1.0
0.0
0.0
0.0
1.0
0.9042218
0.0
1.0
1.0
0.9999989
5.789241e-36
0.0
1.0
0.0
1.0
0.0
0.0
0.0
0.0
0.0
0.0
2.4724065e-14
0.0
1.0
0.0
1.0
0.0
1.0
0.0
0.0
0.0
0.0
0.0
1.0
0.0
0.0
0.0
1.0
1.0
0.0
0.0
0.0
0.0
1.0
0.0
1.0
4.6482912e-10
0.0
1.0
0.0
1.0
1.0
0.0
1.0
0.9999987
0.0
1.0
0.0
1.0
1.0
1.0
1.0
1.0
2.4571475e-17
0.0
0.0
0.0
2.0711454e-26
1.0
0.9988231
0.0
1.0
0.0
1.0
0.0
0.0
1.0972982e-35
0.081955746
0.99999964
0.0
0.0
0.0
1.0
0.0
1.0
1.0
0.99999666
0.0
0.9969145
0.0
0.0
0.0
0.0
1.0
0.0
0.9999994
0.0
1.0
0.9963218
0.0
3.1620417e-31
0.0
1.0
1.0
1.0
0.0
0.0
0.99999857
0.99341846
1.0
0.0
0.9999995
0.99929774
0.0
0.0
0.0
1.0
1.0
3.377654e-24
1.0
0.9999999
0.0
0.0
0.0
1.0
0.0
0.99999905
1.0
0.0
0.0
3.9845764e-30
0.0
1.0
0.9999999
1.0
1.0
0.0
1.0
0.0
1.0
1.0
1.0
0.0
0.0
0.0
0.0
1.0
0.9990791
0.0
1.0
0.0
0.0
1.0
0.0
1.0
1.0
0.0
1.0
0.9999751
1.0
0.013839165
0.0
1.0
1.0
0.96256185
0.0
0.99935395
1.0
1.0
1.0
1.0
1.0
1.0
0.0
1.5531534e-25
1.0
0.0
0.0
2.9892417e-16
0.0
0.0
0.0
1.0
0.8119715
0.0
1.0
1.0
2.4035457e-16
0.0
1.0
0.0
1.0
1.0
1.0
0.08895009
1.0
0.0
0.0
1.0
0.0
0.0
1.0
0.0
0.99886644
0.0
0.0
0.99987507
0.0
0.0
0.0
0.0
0.0
0.0
1.155067e-28
1.0
1.0
0.0
0.0
1.0
0.0
0.0
1.0
1.0
5.684127e-32
1.0
0.0
1.0
0.0
1.0
4.0006938e-07
0.0
0.0
0.0
0.0
0.0
0.0
0.0
1.0
0.13990462
0.0
0.9999918
3.943979e-12
0.0
0.0
0.0
1.0
1.0
0.999998
0.0
0.0
0.0
0.99999976
0.0
1.0
0.0
0.0
1.0
0.0
0.0
1.0
1.0
0.0
1.0
0.0
0.0
1.0
0.9320839
1.0
0.0
1.0
1.0
1.0
1.0
4.521103e-20
1.0
1.0
1.0
0.0
2.9235723e-32
0.0
0.0
0.0
1.0
0.0
1.0
0.0
0.9999422
1.0
0.0
0.0
0.0
0.9998498
1.0
1.0
1.0
1.0
0.9999572
0.99999964
0.0
3.7681874e-25
1.0
0.9962845
0.0
1.0
1.0
1.0
1.0
0.0
1.6448569e-31
1.0
1.0
0.0
0.9862627
0.0
1.0
0.0
0.0
1.0
0.99998164
8.385243e-06
1.0
1.0
0.0
0.0
0.0
1.0
1.0
5.289892e-38
1.0
1.0
1.0
1.0
1.0
0.0
0.0
1.0
0.0
0.0
0.0
1.0
0.0
0.0
0.0
0.0
1.0
0.0
0.99999964
2.6972757e-35
1.0
6.0253466e-37
0.0
2.8834938e-36
0.0
0.0
0.0
0.7571904
0.0
0.9999999
0.0
1.0
0.0
0.0
8.218482e-20
0.95307004
1.0
0.0
0.99998593
0.0
0.0
0.0
1.0
0.0
0.9523242
0.0
1.4252783e-36
1.0
0.0
1.0
1.0
1.0
0.9999999
0.0
1.0
1.0
0.99201316
0.0
1.0
0.0006730683
1.0
3.905088e-18
0.0
1.0
1.0
0.0
1.0
0.0
0.0
0.0
0.001953971
1.0
1.0
0.0
1.0
1.0
0.0
1.0
1.0
0.9999999
1.0
0.9999989
0.0
0.0
1.0
0.0
1.0
0.0
1.0
1.0
1.0
1.0
0.0
1.0
1.0
0.0
1.0
0.0
0.0
0.0
0.0
0.0
0.0
1.0
0.9569788
1.0
0.0
1.0
0.99840194
0.0
0.0
1.0
1.0
1.3479504e-35
1.0
1.0
1.0
0.0
1.0
0.0
1.0
0.0
0.0
0.0
1.0
0.0
1.0
0.0
0.9999999
0.0
0.0
0.9999999
1.0
1.8743893e-33
1.0
1.0
0.0
1.0
0.0
0.0
1.0393567e-13
0.0
0.99999976
0.0020892562
1.0
1.0
1.0
0.0
1.0
0.0
0.9999995
0.0
0.0
0.0
0.0
1.0
0.0
0.9967775
0.0
1.0
0.9820139
0.0
1.0
0.0
0.0
1.0
0.0
0.0
1.0
1.0
0.0
0.396457
1.0
0.0
0.0
1.0
0.42296606
0.0
0.0
0.0
0.0
0.0
0.0
1.0
1.0
1.0
0.0
0.0
0.9999999
0.0
0.0
1.0
0.0
1.0
1.0
1.0
1.0
0.0
0.0
0.9999682
1.0
1.0
1.0
1.0
0.0
1.0
0.0
1.0
1.0
0.0
0.0
0.0
0.0
1.0
1.0
1.0
0.0
1.0
0.0
1.0
0.0
1.0
1.0
1.0
1.0
1.0
0.0
0.0
0.0
0.9999995
1.0
0.9535129
0.0
1.0
1.0
1.0
0.0
1.0
0.0
1.0
1.0
1.0
0.0
0.0
1.0
0.0
0.0
0.0
1.0
0.0
0.9945773
1.0
1.0
1.1280899e-14
0.0
0.9999988
1.0
0.0
1.0
0.99983597
0.0
0.0
0.0
0.0
1.0
0.0
2.7374238e-26
1.0
1.0
0.0
0.0
1.0
0.0
0.99999905
0.0
0.0
0.0
0.0
1.0
0.0
0.0
1.0
0.0
0.0
0.99934655
8.04937e-12
0.0
0.0
0.0
0.0
1.0
1.0
1.0
0.0
0.99979955
0.0
1.0
5.433028e-05
1.0
1.0
1.0
0.99999905
0.0
0.0
0.0
0.999997
0.0
0.8847133
4.439101e-11
0.9998111
0.0
0.9839767
0.94796705
0.0
0.9999181
0.99997175
1.0
1.0
1.0
0.0
0.0
1.0
2.8262596e-18
0.0
0.0
0.0
0.9999919
1.0
1.0
1.0
0.0
1.0
1.4747714e-32
0.0
0.0
1.0
0.0
0.0
0.0
1.0
0.0
0.0
0.0
0.0
0.0
0.0
0.0
1.0
0.0
1.0
0.0
0.0
0.0
1.0
0.99999654
0.0
6.2825737e-38
1.0
1.0
0.0
0.0
0.0
0.0
0.9986966
1.0
0.0
1.0
0.9999801
1.0
0.0
1.0
0.0
0.0
0.0021497603
1.0
0.0
0.0
1.0
0.0
0.0
0.0
2.3383358e-34
1.0
1.0
0.0
3.904243e-31
1.0
0.0
0.003079564
1.0
0.0
0.0
1.0
0.0
0.0
1.0
0.0
1.0
0.0
0.0
0.0
0.0
0.0
1.0
0.0
0.0
7.443887e-22
1.0
1.0
1.0
0.9999989
0.0
0.0
1.0
0.0
0.0
3.5582416e-33
3.752853e-17
1.0
0.0
0.0
1.0
0.0
6.5421205e-38
2.9739133e-10
1.0
1.0
0.0
1.0
0.0
0.0
0.0005834411
1.0
0.0
1.0
1.0
0.0
0.0
1.0
0.0
1.0
0.0
0.9856139
0.0
0.0
1.0
0.0
0.0
0.94839543
1.0
0.0
0.0
1.0
1.0
1.0
1.0
1.0
1.0
1.0
0.0
1.0
0.0
2.520566e-09
0.0
0.0
1.0
0.0
1.0
0.999969
0.0
0.0
0.0
0.0
1.0
3.7116664e-31
1.0
0.0
0.0
1.0
1.0
1.0
0.9999969
0.0
1.0
0.0
7.5582256e-30
0.0
2.4931857e-33
0.0
0.99999964
0.0
0.0
0.0
1.2404194e-09
1.0
1.0
1.0
1.0
1.0
0.9999951
1.0
1.0
4.1887103e-36
0.9999993
1.0
0.0
0.994145
1.0
0.0
1.0
0.0
1.0
1.0
1.0
1.0
1.0
1.0
0.0
0.0
0.0
0.0
0.0
0.0
0.0
1.0
1.0
1.0
0.0
0.0
0.0
0.0
0.0
1.3609518e-10
0.0
1.0
0.0
1.0
0.0
0.016035918
1.0
1.0
1.0
0.0
0.9999981
0.0
0.9996132
0.0
0.0
0.0
0.0
1.0
0.0
0.0
1.0
1.0
1.0
0.0
1.0
0.99997497
1.0
0.0
0.0
1.0
6.14284e-14
0.0
0.0
0.9997576
1.0
0.0
1.9404875e-26
1.0
0.9999999
0.0
1.0
0.0
0.0
0.0
1.0
1.0
0.0
0.0
1.5771415e-19
1.0
0.001169918
1.0
0.0
1.0
0.0
0.0
1.0
1.0
1.0
1.0
5.2664578e-11
1.0
0.0
3.4366769e-37
0.0
1.0