0.99971515
0.9999999
0.34294397
0.9998766
0.24390168
0.09953013
0.06264941
1.0
0.30136982
0.8255589
0.039411537
0.07197794
0.16726923
0.38656178
0.99999774
0.044356383
0.03530088
0.39987797
0.13025902
0.8627595
0.99264413
0.037938006
0.14721456
0.1052304
0.013211278
0.012967328
0.7725448
0.9977197
0.12484349
0.99999785
0.20653673
0.074693285
0.5566107
0.37704614
0.30009937
0.2467419
0.9998292
0.99988353
1.0
0.99998415
0.018918945
0.54386365
0.0053641815
0.30566257
0.24247484
0.004272312
0.9999492
0.97640944
0.01152501
0.99991214
0.9960317
0.113667585
0.99994314
0.99995375
0.749806
0.0033279085
0.99669385
0.008205734
0.06596466
0.062500626
0.9999919
0.9999684
0.99997663
0.24233824
0.96985024
0.98784596
0.99999964
0.006502732
0.9827679
0.99989176
0.99999523
0.03725404
0.9967116
0.34324515
0.10643904
0.029056482
0.12707742
0.9999399
0.35376945
0.3067708
0.04289964
0.08138164
0.28440088
0.9999838
0.9997985
0.04613042
0.99976844
0.99984956
0.9994974
0.9119399
0.058690555
0.03526519
0.99999297
0.9999968
0.06431377
0.0073439353
0.9991716
0.9945152
0.9999999
0.9999924
0.30305094
0.08751505
0.20757502
0.14417493
0.32974857
0.12851462
0.04415213
0.998835
0.9995665
0.99997365
0.18173717
0.23159571
0.9987097
0.0029669588
0.060417134
0.010743856
0.018060328
0.06013219
0.99999356
0.948141
0.9697667
0.9997576
0.016805615
0.99999905
0.008242449
0.9999106
0.0046069236
0.0072492133
0.12213082
0.9962224
0.999572
0.93212605
0.0035930222
0.9929852
0.0056266384
0.049305335
0.43649167
0.99999917
0.34084946
0.09538474
0.9999759
0.11099787
0.9955444
0.19836365
0.6975417
0.004464869
0.03643522
0.19516462
0.107968085
0.1255709
0.9999875
0.99870324
0.23590794
0.012793826
0.20799756
0.2672152
0.9999994
0.07992547
0.12920423
0.6315432
0.99999845
0.9999974
0.31371
0.9642178
0.9999963
0.015058207
1.0
0.99905115
0.02708028
0.02431665
0.026311884
0.047346327
0.013973728
0.56365055
0.31457537
0.0674459
0.03802408
0.99999917
0.037816852
0.023948438
0.39526105
0.09028672
0.031930093
1.0
0.99287367
0.9999901
0.34024554
0.27376917
0.009969037
0.9999652
0.047920924
0.9999989
0.9999968
0.9999486
0.011902162
0.01082774
0.16354087
0.99959975
0.19149286
0.13895628
0.013998728
0.99959666
0.99994385
0.9991937
0.9999825
0.99999964
0.006546846
0.99999964
0.112941146
0.0047913664
0.21541159
0.336215
1.0
0.17872696
0.17083272
0.06340398
0.0076115225
0.32101342
0.037433024
0.05159032
0.018435199
0.99999774
0.08337386
0.0076485877
0.13006634
0.99999774
0.998444
0.19795667
0.30324203
0.082428716
0.99976104
0.3019684
0.4921358
0.038031112
0.90721834
0.28819254
0.9997845
0.9999999
0.005229122
0.059623558
0.0058126994
0.009530111
0.9999217
0.9960681
0.97042567
0.017591085
0.043333564
0.0032038582
0.12463867
0.3774369
1.0
0.07656095
0.9601483
0.005675069
0.10477944
0.004036766
0.9996834
0.9831109
0.986133
0.99998295
0.99999964
0.051755164
0.9999976
0.9958973
0.7389852
0.20193695
0.06956907
0.15600525
0.6629925
0.9999926
0.4018356
0.38892016
0.011218238
0.044162653
0.4827647
0.38143906
0.38029936
0.03896583
0.9992593
0.99993837
1.0
0.99999976
0.120432645
0.13788638
0.9998808
0.9990689
0.3016351
1.0
0.022918915
0.2858377
0.97579
0.99992204
0.9990466
0.04653393
0.99593085
0.073663056
0.6091356
0.9997814
0.0015177557
0.99999976
0.021536183
0.03919648
0.919159
0.999982
0.99999905
0.027915718
0.9993017
0.006507287
0.9999901
0.011207257
0.08047327
0.9251703
0.9999995
0.99617344
0.99990034
0.024256289
0.02128691
0.004190671
0.999608
0.090628006
0.017267091
0.045889474
0.040206105
0.042280458
0.9999995
0.99676204
0.029400636
0.017351989
0.06756722
0.9979067
0.7847521
0.11466418
0.99997604
0.9999627
0.65350425
0.32101047
0.99999595
0.99999857
0.16427027
0.09050646
0.060793683
0.015110704
0.99974805
0.20088744
0.9999342
0.99382776
0.8242127
0.9999844
0.9999937
0.99972314
0.94133943
0.0333769
0.9999876
0.17413642
0.997572
0.008190582
0.056495894
0.9999635
0.9999993
0.9999968
0.16494513
0.99719906
0.009687456
0.18615732
0.026975181
0.20373797
0.99556315
0.028782045
0.09047721
0.16600473
0.15657136
0.01914014
0.99999964
0.025951557
0.08729312
0.022016576
0.99997056
0.9416204
0.06995417
0.0035062695
0.9999981
0.31728274
0.9973858
0.08308298
0.057624433
0.99741215
0.99994755
0.09227509
0.06274361
0.99947566
0.99999774
0.00414169
0.1686972
0.03798926
0.35459137
0.99895465
0.99888736
0.028175462
0.11434843
0.013950115
0.105061546
0.99457234
0.99970645
0.17235102
0.6323975
0.3902322
0.99956995
0.9999858
0.9999982
0.03741855
0.9996847
0.21393424
0.9998447
0.9999968
0.12634784
0.104837306
0.99425745
0.10938765
0.99999726
0.0061478857
0.2058558
0.31313562
0.06238464
0.0033633823
0.996093
1.0
0.9999926
0.21388476
0.20352066
0.29295406
0.016633406
0.9979468
0.305168
0.3761393
0.043638248
0.05681901
0.99997246
0.9766883
0.9964619
0.29858312
0.11353843
0.0017066792
0.20257948
0.99913895
0.99999833
0.2270955
0.9992192
0.99998224
0.34088126
0.99999356
0.998439
0.34960142
0.8633018
0.04398433
0.5710672
0.11889366
0.99997663
0.90596986
0.014238124
0.22472687
0.99991643
0.99999976
0.08094159
0.9619928
0.011876182
0.9999999
0.99897313
0.5777248
0.16553944
0.09737378
0.35045764
0.06378861
0.99999416
0.99998796
0.11322424
0.986053
0.9968862
0.0005977953
0.9999877
0.13774042
0.0029572672
0.27240494
0.0375697
0.99999785
0.014207278
0.0166669
0.013158079
0.99998975
0.99990153
0.036914192
0.7593783
0.98926467
0.9999995
0.99997926
0.12815176
0.1647881
0.9999981
0.0024094996
0.005589814
0.95987326
0.30469054
0.99999344
0.041515358
0.1857858
0.9499875
0.99929774
0.03419591
0.06282439
0.19362913
0.7606617
0.004780555
0.9934995
0.034807675
0.99999774
0.36490807
0.1378724
0.999984
0.10490507
0.16092654
0.04549623
0.9999751
0.8907443
0.13773097
0.99807847
1.0
0.9187481
0.34874785
0.10496538
0.9988815
0.008204842
0.97266036
0.10887603
0.03371826
0.10549357
0.12962589
0.08528402
0.026703246
0.37880492
0.020659864
0.99998343
0.09922124
0.9984731
0.15805307
0.99997973
0.28130567
0.029139133
0.10792533
0.05250484
0.17500885
0.9994715
0.19946373
0.04232315
0.03558235
0.99995446
1.0
0.3389732
0.030247822
0.0042955275
0.010447537
0.99999666
0.07438829
0.999997
0.38003466
0.31700385
0.9999807
0.08192504
0.99714154
0.99998057
0.13930967
0.969624
0.9950062
0.010759004
0.9942656
0.04774489
1.0
0.9988255
0.99994993
0.99768054
0.99816424
0.15265405
0.15997642
0.0705507
0.019273147
0.2671357
0.99998796
0.5926898
0.08400156
0.46682197
0.0073440885
0.99999833
0.12845244
0.07746504
0.05571374
0.37798136
0.99870586
0.019974401
0.1421009
0.24962653
0.99999225
0.08543943
0.9999999
0.9999994
0.99226403
0.12353809
0.9931384
0.19142827
0.008542578
0.080610804
0.077711605
0.99989164
0.0021454655
0.31238714
0.051313315
0.9995586
0.67519814
0.03175797
0.034359075
0.043836083
0.99993694
0.96372616
0.9930534
0.094555914
0.017593343
0.9992256
0.39674613
0.9999969
0.077662975
0.9967738
0.97203785
0.17702132
0.08710676
0.34236896
0.9998822
0.9999627
0.030641882
1.0
0.99983203
0.054162256
0.078890555
0.06142832
0.9994286
0.092471324
0.8100291
0.999995
0.032361224
0.11577975
0.10360721
0.016255142
0.999944
0.99877065
0.99994516
0.9911841
0.074727684
0.99999905
0.0039801844
0.99999714
0.9939903
0.99999535
0.005217754
0.098072134
0.23333025
0.048154417
0.9874362
0.8747967
0.13817292
0.9986878
0.15097186
0.07657892
0.9989644
0.17632449
0.9874901
0.9999751
0.014755569
0.9860985
0.37202287
0.9999591
0.41839004
0.035565533
0.99997973
0.99881846
0.4834432
0.023593226
0.8460832
0.9999875
0.9933931
0.99643034
0.90521115
0.99999785
0.99892515
0.12469306
0.12053468
0.9989906
0.11187885
0.016352748
0.04912516
0.1236062
0.053721987
0.036857225
0.99996865
0.8005966
0.108848184
0.99998844
0.9999999
0.04625981
0.07742094
0.9999659
0.029873058
0.9999995
0.99999917
0.99998724
0.6181587
0.9996753
0.13374908
0.16444299
0.99998784
0.2545539
0.050975595
0.9994746
0.17794585
0.77924657
0.0031784985
0.047883537
0.9818596
0.11699295
0.08435822
0.05791183
0.01755491
0.35545275
0.05991441
0.09106232
0.99644357
0.9989229
0.26430947
0.055818275
0.9885871
0.019115755
0.20186087
0.999987
0.99975556
0.22250967
0.99402535
0.06328114
0.9999517
0.018939195
1.0
0.3522865
0.02931848
0.2968481
0.0076405285
0.3335983
0.031640362
0.07462126
0.22063671
0.9441455
0.6514489
0.022272542
0.9997762
0.12001242
0.11240459
0.042492434
0.02962019
0.9988274
0.99998
0.9227804
0.119000874
0.019554514
0.008993737
0.99724007
0.018397246
0.9999614
0.016166776
0.06218665
0.9999981
0.15125802
0.042416714
0.9989691
0.9999993
0.12323016
0.99985147
0.009542146
0.005255759
0.999456
0.55607766
0.14092247
0.21021637
0.9999981
0.9994911
0.98285323
0.99999714
0.27195233
0.99999976
0.9961792
0.9999988
0.103602424
0.26027852
0.014723535
0.19155686
0.12597409
1.0
0.048591122
0.99997044
0.0626115
0.9966518
0.9999989
0.19222413
0.06557052
0.067787364
0.7288421
0.9999937
0.99652475
1.0
1.0
0.36013368
0.99617344
0.02851686
0.026055682
0.38830456
0.9940602
0.10515832
0.9997602
0.80186844
0.99997294
0.9999279
0.22272192
0.025380729
0.9973986
0.99999976
0.010491625
0.7808387
0.34788656
0.9999201
0.024085054
0.26767635
0.9999924
0.5194594
0.37057394
0.99978465
0.9943011
0.040051095
0.119079165
0.10306161
0.99999774
0.99999595
0.102184914
0.9999999
0.998798
0.99990916
0.9999999
0.99880123
0.05727321
0.10931422
0.9999907
0.008060062
0.029636737
0.016126728
0.89052343
0.08834744
0.24899134
0.02399266
0.095090225
0.9999995
0.36801276
0.996406
0.023842365
0.99975044
0.11501509
0.2453209
0.017659917
0.10308865
0.09026982
0.1680628
0.88911456
0.35297137
0.99896336
0.06868386
0.99999905
0.30691463
0.030655542
0.009023946
0.38955235
0.998516
0.17498194
0.7150437
0.0198893
0.34267426
0.17503451
0.9999888
0.25055915
0.36201283
0.25034186
0.3648061
1.0
0.2110966
0.9999949
0.99928087
0.9967243
0.9875381
0.13516352
0.9906641
0.99999726
0.54274297
0.060764894
0.9998605
0.3747512
0.99998724
0.133318
0.017633839
0.98489654
0.9994727
0.1937899
0.9999975
0.026950022
0.004061889
0.016440418
0.37512225
0.99999416
0.9992113
0.30427486
0.9999999
0.9999856
0.0123109585
1.0
0.99999964
0.8575499
0.96853995
0.99844724
0.16369839
0.054971438
0.9999831
0.35653287
0.99999
0.027476043
0.99994576
0.99994016
0.9843523
0.99999976
0.03413491
0.9999318
0.9995927
0.20542462
0.99996877
0.07308698
0.16858251
0.015752599
0.08776923
0.1800364
0.0015051414
0.99993014
0.9653845
0.9999976
0.11729515
0.99323
0.607215
0.027443701
0.14688066
0.99982953
0.9821953
0.02088076
0.99834335
0.99991477
0.99916816
0.050967902
0.99999905
0.051087625
0.99999845
0.0053338236
0.07672565
0.30356172
0.999835
0.091049485
1.0
0.31533936
0.9948455
0.13693812
0.012285033
0.9848165
0.999998
0.024222162
0.9999958
0.9996214
0.15945733
0.99704355
0.0058464063
0.0103092445
0.23147137
0.17549784
0.79285663
0.44210267
0.99976045
0.99585754
0.8978989
0.3539465
0.9999964
0.06824791
0.97037596
0.1390617
0.11989168
0.038297754
0.03625029
0.99719477
0.16588397
0.91957545
0.053761125
0.9999199
0.38829166
0.030381136
0.9993899
0.0128811
0.3267431
0.99778324
0.11789412
0.14005424
0.99654526
0.99999976
0.35115334
0.36816102
0.9999957
0.030788789
0.34122854
0.99999857
0.0939742
0.26745358
0.06854539
0.003906823
0.3278384
0.30573153
0.101083964
0.99840575
0.9999646
0.99389243
0.01232174
0.33586377
0.9999455
0.29693633
0.0045322636
0.81491405
0.04504348
0.999506
0.9999999
0.99999905
0.99999475
0.017372921
0.22230646
0.9701202
0.99999607
0.99995315
0.9872236
0.99990904
0.3463623
0.99978215
0.0012187348
0.9999976
0.9999883
0.020543033
0.047345564
0.056025136
0.15125735
0.9963865
0.9993718
0.9973285
0.25402036
0.99999356
0.033328183
0.99999607
0.12775072
0.9997205
0.9997415
0.99993265
0.99999917
0.99993646
0.11532452
0.33430487
0.009162837
0.99583566
0.9996276
0.36822045
0.16559035
0.9999999
0.9999993
0.9999999
0.041424397
0.99989414
0.015036779
0.6078928
0.9950376
0.99999607
0.041969687
0.29147738
0.9999778
0.0107041905
0.0012404084
0.1742669
0.9999738
0.10253754
0.54180574
0.9998909
0.9211456
0.01798402
0.02434641
0.7625291
0.9999106
0.10824107
0.99999535
0.9930226
0.14506446
0.20429361
0.102787755
0.004151573
0.9996978
0.31152612
0.17505834
0.99947745
0.99902666
0.19361056
0.0359028
0.99970263
0.20512018
0.99349517
0.018712344
0.043264817
0.14315058
0.20565036
0.99991477
0.019976137
0.07566077
0.9998363
0.10742764
0.019948034
0.5495922
0.35037994
0.07798189
0.004320776
0.08395195
0.16608003
0.9991922
0.9992361
0.9999473
0.014159315
0.84888613
0.15945429
0.9999157
0.035039
0.9999759
0.9999963
0.99983215
0.9986411
0.013440029
0.026863322
0.14021839
0.94683355
0.21361883
0.9518752
0.2111367
0.48582667
0.19968763
0.6923887
0.75947976
0.067512326
0.86178905
0.974293
0.99999344
0.9986432
0.996097
0.0036178192
0.08654976
0.998601
0.19618995
0.038737573
0.035299964
0.053673718
0.9764973
0.9935644
1.0
0.9998518
0.06700061
0.9999999
0.048712213
0.06187182
0.058439318
0.99517894
0.0050877593
0.124418385
0.23255701
0.9999924
0.05166969
0.36827773
0.014062801
0.027625943
0.1019325
0.053058743
0.08811733
0.9992174
0.06491221
0.9999975
0.040067453
0.35250607
0.008217323
0.9999014
0.83424336
0.13064174
0.011459875
0.9999994
0.9983901
0.1254757
0.12359535
0.030694358
0.09465528
0.9618363
0.9999988
0.0060800235
0.99915576
0.9423126
0.99999464
0.017988067
0.99999106
0.1440764
0.0066488176
0.42521995
0.9978908
0.019830909
0.21513744
0.99906605
0.11132576
0.005644622
0.06891865
0.1439696
0.9999871
0.999997
0.013700388
0.45080382
0.9999958
0.012744481
0.6068616
0.9987249
0.06494207
0.010843093
0.9999988
0.23924556
0.052532174
0.9998312
0.112550326
0.99997914
0.1397637
0.22795309
0.017414581
0.006063908
0.06277763
0.9974809
0.23216091
0.018632276
0.38184598
0.99999833
1.0
0.98923445
0.98277134
0.19450596
0.021680769
0.99687177
0.0717393
0.2335762
0.04598226
0.101266764
0.9999685
0.34203437
0.0055527124
0.9999832
0.121021554
0.29207513
0.37757438
0.9983999
0.9998522
0.032861203
0.9999467
0.028023032
0.3322744
0.393506
0.9999788
0.1402405
0.9999423
0.99916506
0.056835327
0.106351174
0.9999857
0.051309414
0.99998105
0.014092954
0.9383495
0.10566775
0.028395625
0.9998784
0.0025116545
0.016801646
0.667376
0.9999989
0.02426594
0.15944806
1.0
0.99938285
0.9981097
0.9998797
0.99973255
0.99961567
0.99997663
0.013622835
0.99999845
0.14121075
0.20796692
0.011227624
0.076908566
1.0
0.03440136
0.99756265
0.99994004
0.08370802
0.1195098
0.0056563835
0.028634315
0.99978024
0.1256754
0.99991703
0.03602616
0.3428107
0.9997961
0.9988481
0.99975127
0.99941075
0.05467944
0.9950324
0.018147605
0.15973611
0.017287891
0.01906098
0.00990206
0.81956315
0.34589303
0.2930266
0.07305804
0.36586386
0.9996519
0.9999002
0.99895334
0.9999503
0.9998493
0.9023287
0.95836806
0.9995722
0.13876484
0.30472764
0.99999666
0.056303572
0.87277156
0.9999386
0.23774374
0.9999682
0.07324657
0.99997175
0.9999994
0.9999994
0.9999827
0.9999987
0.99990606
0.020328669
0.040865205
0.016028726
0.13459635
0.16700332
0.12151804
0.06514803
0.9998498
0.9997832
0.99775994
0.23688148
0.20923659
0.0066069243
0.15909828
0.36609957
0.51321554
0.08635875
0.99776137
0.018341262
0.99088717
0.0063799
0.6493676
0.99999833
0.9999944
0.99999976
0.015528559
0.988618
0.19737346
0.39935467
0.058670036
0.09965373
0.2040226
0.17297499
0.9999993
0.049949367
0.019552095
0.9998784
0.99997437
0.9999907
0.036646415
0.99964154
0.9891495
1.0
0.24435025
0.11131079
0.9995567
0.03332692
0.07580288
0.28363258
0.8312676
0.9992459
0.24069522
0.1556802
0.999668
0.85182273
0.01703174
0.99996567
0.06718342
0.047829457
0.1849956
0.9999672
0.9976713
0.031084739
0.09748885
0.15372267
0.9985952
0.062791355
0.94374895
0.15925282
0.9999882
0.042769287
0.023445265
0.99981135
0.99999964
0.99931014
0.99999917
0.36785054
0.99999976
0.1011432
0.005863676
0.010203592
0.84010947