0.9999956
1.0
0.33682257
1.0
0.16151154
0.013155102
0.028323581
1.0
0.33682257
0.53290194
1.2002618e-05
0.0018866856
0.06114702
0.3175594
0.9999999
0.002200335
0.027928587
0.98820066
0.010000259
0.9978459
0.99452716
0.19985713
0.33682257
0.053813055
0.0017298614
0.06826906
0.99639964
0.9994542
0.28908357
0.9999809
0.034071382
0.09955747
0.34389487
0.30846468
0.33776617
0.1221211
0.99993193
0.99996734
1.0
0.9999993
0.01144886
0.5349009
0.053841542
0.19344836
0.061569087
0.0032178408
0.9998093
0.99873596
0.0033685872
1.0
0.99938333
0.04030582
0.9999913
0.9999994
0.99891746
0.01853689
0.9999901
0.03892666
0.15210104
0.011397113
0.9999995
0.9999982
0.99999964
0.33682257
0.9633291
0.9557222
1.0
0.0010529141
0.95066524
0.9999995
0.9999995
0.017965015
0.9981558
0.2708943
3.9311517e-06
0.0010557299
0.036921926
0.99999976
0.30844292
0.3357814
0.0034873295
0.006538348
0.05517743
0.99999857
0.9999976
0.008752671
0.99984336
0.9999974
0.9999845
0.9233969
0.002411035
0.0055164844
0.9999999
0.9999999
0.00015201447
0.038798798
0.99997497
0.9950197
1.0
1.0
0.33682257
0.016881287
0.081842445
0.030477226
0.31404138
0.16325347
0.0010433691
0.99985325
0.99992144
0.9998535
0.025854
0.12557788
0.9999461
0.004651532
0.034664884
0.00040656846
0.0035187355
0.05143814
1.0
0.93280655
0.9996536
0.9999981
0.062801965
1.0
0.020053335
0.99999976
0.029417854
0.0031612318
0.047807354
0.9981762
0.9997831
0.9648568
0.002277609
0.9998141
0.01696002
0.0024583486
0.42096508
1.0
0.33682257
0.0034586985
1.0
0.063093714
0.99558324
0.049506936
0.9549569
0.0007973129
0.005793637
0.00032801056
0.011948702
0.16164692
0.9999999
0.9995665
0.013844527
0.001225257
0.091223046
0.18998678
1.0
0.010122811
0.008257192
0.9997577
1.0
1.0
0.32971585
0.9997274
0.99999094
0.0044048303
1.0
0.9993538
0.08341769
0.03295634
0.0026262538
0.15185936
0.034450512
0.3442221
0.32540503
0.16843548
0.22936946
1.0
0.009150744
0.0019785375
0.34113246
0.0084178
0.010923848
1.0
0.9966905
0.99999905
0.3335773
0.33674356
0.00077227765
0.9999958
0.003067226
1.0
0.9999999
0.9999958
0.063685484
0.020895794
0.027512997
0.99798834
0.00079574547
0.0167057
0.015973926
0.9990791
0.99999785
0.999995
0.9999757
0.9999999
0.04779481
1.0
0.016085409
0.020094136
0.08399333
0.33682257
1.0
0.027624827
0.030773608
0.1930653
0.0059287697
0.2990323
0.0073799207
0.016931208
0.003984917
0.9999999
0.007578715
0.07962102
0.035150796
1.0
0.9998223
0.060046174
0.17725618
0.018772652
0.9999877
0.33682257
0.33486757
0.049759258
0.9684908
0.18173932
0.9999999
1.0
0.03745677
0.0020014467
0.0017991199
0.019324165
0.99999905
0.9999348
0.92721146
0.007258499
0.3168377
0.017611846
0.033663455
0.34170336
1.0
0.0071066157
0.8372837
0.00043191487
0.030693168
0.01604254
0.99997854
0.9990796
0.99889874
0.9999988
0.9999999
0.016933987
0.9999999
0.9996908
0.3600329
0.33065715
0.003128853
0.036999077
0.4023388
0.9999882
0.35043168
0.79326206
0.0010140998
0.32306284
0.9736493
0.33682257
0.39893153
0.01494644
0.9998548
0.9999707
1.0
1.0
4.7587753e-05
0.045803506
0.9999933
0.99999857
0.2919264
0.9999999
0.0038657647
0.14727649
0.946508
0.9999969
0.9988908
0.002649756
0.99979967
0.0073236176
0.38571674
0.99991417
0.0067250016
1.0
0.03260398
0.004184139
0.97193944
0.99996483
0.9999999
0.025900086
0.99999964
0.018164704
1.0
0.0019201877
0.12801507
0.45644617
1.0
0.9997538
0.99999964
0.0037335518
0.01159074
0.000844906
0.99999416
0.05210338
0.0033599872
0.0076492066
0.0043384912
0.0038477455
1.0
0.99972254
0.09453777
0.07389619
0.072354846
0.99915755
0.7653655
0.0033322352
0.9999945
0.99999976
0.5307137
0.27294895
0.99999976
0.99999964
0.01175634
0.0029798595
0.002513959
0.0070412527
0.99999356
0.0006450757
0.99999547
0.98531103
0.8079437
0.9999907
0.9999962
0.99996567
0.9866214
0.00072070956
1.0
0.0006016868
0.99983287
0.00041522435
0.05265264
0.9999809
1.0
0.99999964
0.029656902
0.99997747
0.058525417
0.031569827
0.018157136
0.018010452
0.9610821
0.078774236
0.010061436
0.035908245
0.33682257
0.0051640696
1.0
0.005247245
0.02654026
0.004069098
0.9999933
0.8940268
0.050134428
0.0062865294
1.0
0.99994826
0.9977071
0.075967446
0.00033511265
0.99354506
0.99999976
8.610701e-05
0.009131115
0.9999845
1.0
0.010547881
0.043847647
0.034760013
0.33682257
0.9994998
0.9912407
0.00603163
0.0069552436
0.14602615
0.17261772
0.9080639
0.9999722
0.0013546596
0.98976594
0.31058353
0.9999999
0.99999654
1.0
0.07057111
0.9998215
0.33682257
0.99997807
0.99999964
0.015087565
0.0029435095
0.9997545
0.019494018
1.0
0.0042762794
0.11185017
0.29746738
0.04168237
0.014845786
0.99999905
1.0
0.99999595
0.003919717
0.1583291
0.3093497
0.0020101957
0.99999094
0.24246785
0.2423614
0.004694171
0.0009387258
0.9999993
0.9935701
0.9822044
0.28176373
0.013487682
0.01067801
0.06842718
0.99879825
1.0
0.022481058
0.9999999
0.99999976
0.33682257
0.9999999
0.9995747
0.1858455
0.8582379
0.008848376
0.37403518
0.22681609
1.0
0.98640764
0.0048874137
0.050899394
1.0
1.0
0.006721846
0.9477034
0.009062751
1.0
0.9999931
0.22451304
0.03280843
0.0065131714
0.33682257
0.012150283
0.99999964
1.0
0.036578774
0.9998367
0.99957496
0.006423935
0.9999999
0.030280853
0.0025344181
0.24742301
0.021658046
0.99999154
0.0043611648
0.09026097
0.00950726
0.9999995
0.9999988
0.02904371
0.8857187
0.9915564
1.0
0.9999298
0.27238312
0.6307764
0.9999999
0.0021914043
0.0060167224
0.99365187
0.19067726
0.99999976
0.009517432
0.066743314
0.99685824
0.99998033
0.004147307
0.06334296
0.02235307
0.339873
0.0019410409
0.99306023
0.054188058
1.0
0.33682257
0.06600658
0.9999999
0.009497364
0.029383821
0.0024687287
1.0
0.73475504
0.003893785
0.99917054
1.0
0.9193385
0.16771923
0.026895458
0.99915636
0.0011604688
0.9999474
0.2536256
1.4285627e-05
0.021271646
0.048611674
0.007901196
0.0063861967
0.17632681
0.11871727
0.99999964
0.31368294
0.9999745
0.21275733
0.99997497
0.331817
0.05889319
0.017776676
0.0033846453
0.119937934
0.99999404
0.09883634
0.0057767536
0.121000186
0.99999547
1.0
0.33682257
0.0032148275
0.0019100268
0.005686476
0.99999976
0.011504098
0.99999976
0.33528188
0.32517305
0.99999964
0.029626522
0.9984604
0.9999778
0.064750545
0.99928564
0.99800485
0.010348663
0.9874428
0.0015489114
1.0
0.9957598
1.0
0.99956137
0.9990689
0.038821038
0.048860535
0.030739788
0.00063266605
0.32539928
0.9999995
0.25071567
0.018728347
0.782486
0.002865068
1.0
5.053988e-05
0.06550382
8.491503e-05
0.3473367
0.99995077
0.016814198
0.037663843
0.05762392
0.99999917
0.005840312
1.0
1.0
0.9993019
0.09143053
0.97876704
0.07112415
0.110074356
0.08459869
0.16001269
0.9999999
0.0006769067
0.41559273
0.061928738
0.9996799
0.4494078
0.050837513
0.007788996
0.040136762
0.9999994
0.9999932
0.9995819
6.90767e-05
0.08855643
0.99596316
0.36625898
1.0
0.0026012335
0.99525106
0.71945286
0.039287366
0.032221947
0.3044206
0.9993587
0.9999999
0.011163162
1.0
0.99991953
0.15057464
0.03462981
0.0013057907
0.99998784
1.0069474e-05
0.9529739
0.9999999
0.00538808
0.020152742
0.038593005
0.00010354657
0.99999964
0.99820197
0.99996114
0.99906343
0.22730772
1.0
0.0060482873
0.9999882
0.99998105
1.0
0.006883761
0.029300144
0.17737298
0.001988465
0.9999927
0.6588391
0.009203863
0.9999392
0.013415457
0.0066852313
0.99992394
0.0006510767
0.99880385
1.0
0.003291088
0.9984296
0.9995401
0.99999917
0.33962658
0.034514815
0.99999905
0.9998927
0.43028
0.00182344
0.98055524
1.0
0.99754226
0.9999976
0.9584599
0.99999976
0.9997955
0.229835
0.27245605
0.9990416
0.004433599
3.79036e-05
0.034713447
0.0023529776
0.025346078
0.00088777445
0.9999989
0.8793349
0.33682257
0.99998844
0.9999999
0.089020886
0.014218956
0.99999905
0.0059156604
1.0
0.9999999
0.9999893
0.536913
0.9998883
0.06106849
7.646095e-05
1.0
0.06569484
0.004057865
0.99752825
0.014291872
0.6387647
0.008700014
0.003832023
0.9274106
0.0038407242
0.04651593
0.0016262417
0.009175148
0.33682257
0.026326383
0.06116636
0.9999887
0.99996924
0.047784697
0.0006462532
0.998041
0.0039213854
0.017395867
0.99999976
0.9999802
0.07127534
0.99819857
0.11497841
0.99995196
0.0038474603
1.0
0.11316798
0.0023407335
0.17663306
2.5135874e-05
0.31863418
0.0018745905
0.013635328
0.040555365
0.99780923
0.6924843
0.003034273
0.999944
0.18052682
0.006192289
0.09380063
0.008777366
0.9997937
0.9999999
0.99252945
0.06128713
0.00014105461
0.0072785476
0.9841266
0.10783167
0.9999987
0.008510756
5.9452224e-05
1.0
0.049750645
0.01809923
0.99992156
1.0
0.00075038045
0.99999666
0.011924996
0.0013559252
0.99944633
0.8428812
0.9972632
0.024868697
1.0
0.99989235
0.99936444
0.99999976
0.05172231
1.0
0.99996877
0.99999964
0.016347717
0.07180903
0.0014385955
0.0022988336
0.06696299
1.0
0.00319319
1.0
0.014936593
0.99619067
1.0
0.062098287
0.0039822417
0.004770289
0.33725244
0.9999999
0.9998896
1.0
1.0
0.9997054
0.9915799
0.002542586
0.033490475
0.95772994
0.9659773
0.01720759
0.99999595
0.9921773
0.9999999
0.9999981
0.05000607
0.057267003
0.9998832
1.0
0.006617812
0.66420186
0.33682257
0.9999982
0.0014917324
0.12674345
0.9999999
0.99927694
0.26059118
0.9999721
0.9879425
0.002589363
0.065719046
0.08151415
1.0
1.0
0.24068826
1.0
0.9999901
0.99999666
1.0
0.99938023
0.0023072471
0.028370444
0.9999994
0.0014970074
0.022939473
0.007658902
0.98747325
0.008062751
0.025938923
0.0017854059
0.067849815
1.0
0.33682257
0.9988563
0.015563156
0.99999964
0.04294427
0.00089569925
0.05796524
0.0046059764
0.0047154054
0.07212039
0.77726376
0.33682257
0.9973302
0.032201137
1.0
0.32037938
0.06502225
0.0148040205
0.5311306
0.99986315
0.33682257
0.61706775
0.003224884
0.33682257
0.021060716
0.9999999
0.22074085
0.2900914
0.33677667
0.20046161
1.0
0.048698038
0.9999951
0.999995
0.9962471
0.9743625
0.01780836
0.99999917
0.99999964
0.6607132
0.120543085
0.9998647
0.33215013
0.99997914
0.12642775
0.0020968975
0.99991345
0.9999579
0.055717517
0.99999905
0.008151224
0.0026282368
0.0045529488
0.3072779
0.9999999
0.99970526
0.32983968
1.0
0.9999999
0.0012143025
1.0
1.0
0.99235064
0.99987817
0.9996636
0.33682257
0.15185629
0.9999981
0.33682257
0.99997425
0.15009311
0.99999964
0.99996674
0.9977823
1.0
1.7015172e-05
0.9999995
0.9999869
0.020727962
0.9999993
0.010872903
0.06671881
0.00064557354
0.0014769651
0.022941142
0.005394073
1.0
0.97870946
0.99999964
0.1388884
0.9986798
0.64101315
0.026629355
0.07210849
0.99899286
0.97620296
0.011270355
0.99954504
0.9999999
0.9999759
0.034763414
1.0
0.043959644
0.9999999
0.01315738
0.039367393
0.15982297
0.99994254
0.022237856
1.0
0.33285686
0.9955844
0.2065447
0.0018359203
0.99918836
1.0
0.07225762
0.9999999
0.99999416
0.023365617
0.9986212
0.0028794184
0.0020228915
0.08375049
0.00035745333
0.9107487
0.3201592
1.0
0.9999635
0.91339254
0.33682257
1.0
0.004349288
0.9824409
0.20217155
0.14848134
0.002962606
0.0041642506
0.99992394
0.052101772
0.67472905
0.0016006366
0.9999999
0.5354769
0.0043087024
0.9999633
0.003899917
0.33682257
0.9717177
0.00045842517
0.030137647
0.99990916
1.0
0.33682257
0.2744311
1.0
0.0019657875
0.33682257
0.9999999
0.568542
0.106633596
0.0008161177
0.00032311873
0.33207873
0.3368211
0.03481879
0.9990043
0.99999785
0.9996996
0.015277633
0.33682257
0.9999912
0.11344287
0.0009781221
0.60411906
0.07769649
0.99996376
1.0
0.9999999
0.9999999
0.0024842694
0.053066436
0.89418054
0.9999995
0.99999976
0.9988262
0.9998809
0.33545598
0.99995756
0.0026324014
1.0
0.9999999
0.102094084
0.055816144
0.010664735
0.023338795
0.9998586
0.9999119
0.9994289
0.027166301
1.0
0.0014707813
1.0
0.026545659
0.99995744
0.9999535
0.99997246
1.0
0.9999547
0.04219301
0.33579263
0.003526673
0.99995863
0.99942684
0.9991072
0.05867677
1.0
1.0
1.0
0.011399456
0.9999354
0.014311353
0.9997446
0.99923515
0.9999988
0.05956024
0.20909049
0.99999857
0.004939926
0.0051056617
0.019655552
0.9999995
0.063389964
0.55732554
0.9995875
0.98342
0.014222211
0.09703684
0.9999006
0.99990153
0.016096704
0.9999924
0.9599083
0.038444962
0.040960543
0.0020777201
0.004663365
0.9999969
0.18893369
0.12558763
0.9996654
0.9999691
0.111470856
9.324289e-05
0.9997423
0.06850773
0.9999074
0.0075092376
0.07543467
0.03266229
0.06127919
0.9944054
0.059877146
0.0067875492
0.99998224
0.10065105
0.041382182
0.999998
0.18054263
0.010889281
0.0035449048
0.17074244
0.11185216
0.9991954
0.99998915
0.99999607
0.0067143785
0.94314647
0.013967402
0.9999887
0.06372329
0.9999949
0.99999416
0.9999982
0.9981352
0.0015498424
0.004876327
0.044898804
0.98730475
0.28076154
0.8939789
0.004117699
0.5587809
0.06801365
0.51744866
0.8527766
0.098289646
0.9695538
0.797824
1.0
0.9999784
0.9999857
0.0009353377
0.0034991314
0.9993
0.09922689
0.0064654285
0.21951717
0.045139313
0.99273694
0.9998925
1.0
0.99984777
0.0033556374
1.0
0.010192271
0.08301474
1.767302e-05
0.99937433
0.006265017
0.060365375
0.33682257
1.0
0.0002595487
0.33682257
0.0014332837
0.0017732844
0.016700719
0.17918189
0.03366538
0.99995935
0.0030254954
0.9999951
3.7574082e-05
0.3017169
0.00076646404
0.9999964
0.3931112
0.057311736
0.0073183156
1.0
0.9991642
0.032019712
0.024713285
0.0030397305
0.136069
0.94083107
1.0
0.014472207
0.9999981
0.934424
0.99999964
0.0052212
0.9999999
0.07696175
0.013068435
0.36903498
0.99999785
0.0039649922
0.33682257
0.9724593
0.039761484
0.009599459
0.018977012
0.10875522
0.99999285
0.9999969
0.0014313904
0.31794155
0.99999714
0.0011473917
0.5175536
0.9997204
0.049722828
0.0013289707
1.0
0.04202922
0.0040273736
0.99999917
0.28465864
0.99999964
0.074697256
0.025313934
0.0033968561
7.481283e-05
1.6822478e-05
0.99984837
0.13154247
0.0064979163
0.2879171
0.9999999
1.0
0.9994954
0.9989887
0.028789898
0.003733144
0.9983367
0.038069513
0.14908183
0.013561984
0.09055148
0.9999974
0.33682257
6.3746484e-07
0.9999999
0.19202259
0.044659786
0.33682257
0.98965657
0.9999448
0.004189795
0.9999939
0.002656375
0.2565085
0.38500834
0.9999567
0.028916605
0.9999987
0.99998
0.0027595507
0.12504356
0.99999976
0.0026464514
1.0
0.0055950936
0.91786987
0.26442903
0.0061068805
0.999979
0.0021465437
0.002378539
0.88798153
0.99999905
0.007898364
4.685394e-05
1.0
0.99999654
0.9999865
0.999997
0.99999964
0.99923027
1.0
0.0018000022
1.0
0.043690663
0.30964047
0.0012452808
0.026382469
1.0
0.0043220525
0.99987364
0.9999957
0.048942883
0.028046316
0.002269962
0.0094288355
0.99994123
0.046866115
0.99999285
0.0073675863
0.33682257
0.9999863
0.99988997
0.99999416
0.999253
0.04546462
0.9233462
0.0051972414
0.18359028
0.011658098
0.07028791
0.020519037
0.9999982
0.33682257
0.3367804
0.005251124
0.33682257
0.99996185
0.9999758
0.9996252
0.99999917
0.9992322
0.48893392
0.9968162
0.99998975
0.013129843
0.99796546
0.9999999
0.005147214
0.7942651
0.99999297
0.056821838
0.99999714
0.006050532
0.99999964
1.0
1.0
1.0
1.0
1.0
0.008204303
0.0023151403
0.0014419778
0.0064394935
0.0009809897
1.9727937e-05
0.00618581
0.9999591
0.99968815
0.99915445
0.33679208
0.08824269
0.00011903006
0.050377935
0.33497298
0.3089177
0.006817359
0.99994314
4.7018926e-05
0.999405
0.0042927098
0.31050625
0.99999976
0.9999914
1.0
0.007369976
0.99997914
0.043977182
0.9744313
0.005284273
0.01639188
0.035692498
0.014432257
0.9999999
0.0061612115
0.036414452
0.99999845
0.9999999
1.0
0.0020432489
0.99997723
0.9585381
1.0
0.06780798
0.068943515
1.0
0.04295977
0.19369943
0.13750565
0.76733637
0.99995065
0.1672385
0.050062537
0.9999974
0.9910585
0.001663704
0.9999981
0.08868516
8.8745865e-06
0.035389394
0.9999999
0.9999964
0.0012861859
0.0440918
0.024264483
0.8792746
0.070434816
0.9937069
0.0010442159
1.0
0.053140372
0.0066409335
0.999998
0.9999995
0.99998856
1.0
0.29784763
1.0
0.006860668
0.0449141
0.00019030152
0.99999857