0.56547326
0.999303
0.43798265
0.5156259
0.43435097
0.0022871874
0.0023513855
0.9987348
0.44300804
0.7661773
0.28174964
0.002161064
0.005527296
0.45193383
0.99660045
0.0066809896
0.012664394
0.9565002
0.008657214
0.4945725
0.8334151
0.008533322
0.44585186
0.011089738
0.012668682
0.0049695326
0.4716139
0.9588425
0.4234115
0.9970968
0.004449013
0.44274426
0.63519794
0.42347297
0.45777962
0.4314192
0.5049162
0.9907746
0.9989843
0.9985448
0.00506111
0.47377986
0.0020883537
0.4345487
0.005581653
0.026654752
0.6505384
0.96404535
0.006930143
0.9986664
0.9711022
0.006537177
0.99428165
0.992855
0.47783023
0.016434636
0.57145935
0.03636907
0.020313982
0.004454047
0.6582901
0.99583566
0.5727685
0.43487892
0.87936443
0.9546863
0.62437075
0.0887659
0.8109432
0.5930978
0.99698883
0.0074890223
0.91890144
0.25492162
0.09808506
0.005865413
0.010967173
0.5775206
0.42512697
0.41903266
0.011780528
0.0028470517
0.41192165
0.9933295
0.9959818
0.0064370134
0.6050809
0.98204917
0.98667693
0.9876061
0.003875923
0.003106314
0.99677664
0.984364
0.060021866
0.010050209
0.9967457
0.98667496
0.996999
0.9919926
0.44041637
0.42249322
0.0044714017
0.0064044823
0.42401934
0.027099548
0.006888
0.9450619
0.9965857
0.9993166
0.0029392666
0.42639583
0.983988
0.0021650419
0.4371051
0.011891674
0.0026449312
0.36389703
0.9966428
0.84336174
0.9803038
0.99256575
0.08800695
0.99814737
0.011727909
0.9980002
0.0022741887
0.0043737525
0.0053407936
0.9780894
0.99611133
0.98555213
0.017163504
0.9763607
0.0017528113
0.004047601
0.7486385
0.9961359
0.43984252
0.004121449
0.9983203
0.0047246884
0.9431972
0.0060612326
0.9774689
0.010187549
0.0071444325
0.4486953
0.123143785
0.009402178
0.9921719
0.9670962
0.41951564
0.004930168
0.017375892
0.4196414
0.9966539
0.016815498
0.0064520203
0.9911299
0.99699414
0.98358154
0.9088114
0.9953668
0.9978016
0.0069263703
0.6777459
0.6063193
0.013854844
0.02009726
0.0050031077
0.4496105
0.0043653175
0.81552505
0.014697038
0.008625826
0.009552184
0.9989918
0.04259808
0.0055245496
0.6600931
0.01149257
0.0021888847
0.9980307
0.9699155
0.9903623
0.43114793
0.4583519
0.0079666665
0.98427594
0.004497297
0.99778455
0.9989103
0.9937297
0.004686431
0.010591
0.41566876
0.99008137
0.12900446
0.0121262055
0.016951848
0.98678154
0.9951191
0.98327214
0.98702395
0.999268
0.0034239143
0.9976532
0.010083535
0.0303017
0.41194817
0.43373686
0.99772304
0.124818146
0.40954182
0.43714023
0.0025304828
0.64250666
0.009901822
0.0058609997
0.20267493
0.99888724
0.02000047
0.0026551334
0.00495098
0.9874243
0.9823491
0.022182217
0.44420815
0.018313814
0.991863
0.43684
0.8407244
0.423299
0.56502616
0.4765596
0.993919
0.9955647
0.0066745337
0.002339122
0.020558747
0.0017185442
0.9987845
0.98801035
0.9622436
0.009283995
0.43191716
0.1912895
0.42334062
0.617344
0.9980039
0.0034952876
0.8847143
0.41804117
0.011339759
0.002558784
0.97210705
0.9847115
0.9990583
0.9968143
0.99653316
0.008083015
0.99826825
0.9956176
0.8149844
0.049579304
0.0019604492
0.013267381
0.70562017
0.99569124
0.43383178
0.8877221
0.0063416827
0.0075828084
0.94877666
0.48516256
0.66225415
0.004550052
0.99724674
0.977507
0.9987741
0.9974935
0.16653177
0.003450215
0.99432254
0.9763449
0.41305098
0.9975383
0.008968532
0.43844798
0.9120209
0.9973757
0.52361804
0.0049985196
0.98799443
0.015228685
0.8590536
0.99753153
0.001999003
0.980141
0.41487187
0.0041244267
0.9107892
0.98517644
0.9994306
0.016716652
0.5614031
0.05714573
0.99057275
0.0119154155
0.010364982
0.6815196
0.99336904
0.99221814
0.9747088
0.0027339451
0.009511146
0.010950717
0.9845562
0.0069589363
0.019926982
0.0076676453
0.0052298955
0.007429199
0.9990395
0.58058125
0.0069092643
0.033391196
0.42081428
0.985019
0.96690947
0.0018064901
0.99457514
0.99797755
0.96597624
0.4399766
0.99921215
0.9980426
0.0028592409
0.0021638842
0.0019053873
0.010624476
0.99870896
0.4102878
0.9980381
0.91380435
0.79018384
0.97242314
0.99620664
0.99283713
0.9697854
0.0070001353
0.9936035
0.44214973
0.9602815
0.012913281
0.011554135
0.5766089
0.99443454
0.62442034
0.094497465
0.973127
0.0135742435
0.010806235
0.016788922
0.41534564
0.92120266
0.008190443
0.014959398
0.40950194
0.44536242
0.0077214274
0.9994148
0.0057287416
0.010918449
0.09686142
0.9966468
0.9250338
0.014439606
0.02224054
0.9934412
0.9933739
0.9588922
0.081667386
0.5130836
0.9410718
0.99319845
0.44329974
0.02137013
0.9985374
0.63364595
0.09753301
0.003830203
0.22883861
0.4461315
0.99154913
0.98706424
0.00654281
0.0038369517
0.002884306
0.0051814923
0.9584345
0.9959139
0.45117614
0.49680746
0.46747255
0.98952335
0.9750725
0.9943446
0.42666724
0.9947865
0.4356775
0.86964184
0.9956899
0.008721565
0.0027858869
0.948219
0.008852199
0.9990823
0.0032288162
0.013560842
0.43226513
0.014518664
0.0028499854
0.9763175
0.99882597
0.99669135
0.433416
0.010209025
0.0074404418
0.0038279404
0.92628586
0.44787595
0.7013083
0.012160652
0.0050107646
0.9973092
0.5558165
0.938144
0.41814288
0.010315225
0.064916395
0.002920839
0.99505794
0.997834
0.019649446
0.9955699
0.98978007
0.4476184
0.99762875
0.9936091
0.42576614
0.8983287
0.0021161917
0.80550987
0.010460741
0.9880432
0.93580997
0.0089167
0.004811917
0.9910998
0.99875116
0.009676699
0.97468114
0.0074525583
0.99835384
0.99614775
0.71272564
0.0052137906
0.006678038
0.44177753
0.0020028348
0.9928812
0.6191176
0.009001293
0.97868985
0.9931359
0.03097369
0.9992679
0.0055154013
0.0056871204
0.4300087
0.42579195
0.99611795
0.008160462
0.10647693
0.014727847
0.9982249
0.9952743
0.41912377
0.4719527
0.7313289
0.9968142
0.99713945
0.46512905
0.4421265
0.9983216
0.024070809
0.05187727
0.48405448
0.4228752
0.99679846
0.007344471
0.0031982956
0.9763233
0.9858643
0.011132312
0.45151466
0.00680475
0.66313505
0.010130847
0.9516842
0.0066089057
0.9979679
0.43816388
0.45246857
0.633814
0.13083541
0.00876133
0.005454645
0.67083836
0.7449011
0.047020562
0.99571025
0.99885464
0.97248346
0.4221718
0.008219507
0.97572553
0.018076414
0.9847318
0.4521795
0.0379588
0.49245793
0.0070584756
0.011972092
0.0014502013
0.41863477
0.005052919
0.5669204
0.43283072
0.9973316
0.4331906
0.9547272
0.432065
0.0044105677
0.008976186
0.0075868783
0.012241188
0.9977076
0.005621102
0.0127092395
0.41604054
0.9823444
0.9978744
0.4454262
0.005719669
0.06155921
0.0014395843
0.9969074
0.0099405
0.9984528
0.49342257
0.42162776
0.99508333
0.0037257085
0.99082714
0.99838567
0.00660715
0.99042016
0.9582914
0.0013947423
0.54964435
0.0036004763
0.99865377
0.9836378
0.99461997
0.85488796
0.9835443
0.014917334
0.0039278236
0.0132885855
0.007812625
0.0295247
0.9985929
0.6564661
0.003988736
0.9011317
0.006205337
0.9974381
0.1524348
0.007802647
0.3436103
0.48415437
0.5627016
0.0012223538
0.074030384
0.0053819176
0.9965004
0.0068677417
0.9975387
0.99636877
0.9780132
0.0076995404
0.97744036
0.004393884
0.40938175
0.4422416
0.011211179
0.58151186
0.014641569
0.6793438
0.015220173
0.9893756
0.80803883
0.013315616
0.012580192
0.015289453
0.99455243
0.9907155
0.98822856
0.4005152
0.017569367
0.9863006
0.47370368
0.9979791
0.0019048179
0.95297897
0.8433212
0.41438863
0.008988661
0.43017775
0.99701273
0.9971449
0.32440457
0.99958354
0.9977063
0.010695786
0.005145581
0.0044764774
0.9965507
0.11143747
0.88434774
0.9941875
0.011140804
0.010323982
0.011236177
0.16364148
0.57389927
0.96832496
0.9960997
0.9533979
0.43433648
0.8246402
0.020083703
0.9938194
0.9659216
0.9960306
0.028063264
0.004467519
0.4162551
0.009552932
0.99222225
0.69481295
0.041955348
0.98271793
0.01574698
0.01590969
0.99035627
0.41031232
0.5259104
0.9966426
0.0033420315
0.9825684
0.9662389
0.9956638
0.6216969
0.031290453
0.991735
0.97233033
0.69893175
0.01132331
0.8262267
0.9535075
0.9915842
0.9816212
0.9901001
0.9915862
0.9904891
0.025509667
0.020181434
0.9281178
0.0020440337
0.15997913
0.15142675
0.0034874652
0.0032537624
0.0062847123
0.9960836
0.7009773
0.43948245
0.5094411
0.99895775
0.102193795
0.019542176
0.9976035
0.0022841243
0.9948085
0.99925977
0.6629693
0.48618597
0.99713576
0.0054332344
0.058986507
0.9958503
0.4109936
0.009322009
0.996865
0.00620814
0.79351664
0.0017631155
0.00551622
0.83453065
0.009068144
0.008329084
0.002416905
0.005447159
0.42238903
0.00838749
0.027945194
0.98871636
0.99443996
0.4290483
0.007458232
0.9908593
0.00573692
0.0047429595
0.9990287
0.57546127
0.020025462
0.49505517
0.42865348
0.98238856
0.0016058504
0.99976987
0.46302658
0.006979416
0.43302035
0.109818555
0.43507147
0.007927164
0.0022812593
0.0033499391
0.9601694
0.4935454
0.004600626
0.99577725
0.016228849
0.004893851
0.3971708
0.035429735
0.9928733
0.58081084
0.89245677
0.005482869
0.25534028
0.006404613
0.9625437
0.013415185
0.99458474
0.0025447067
0.15024468
0.5537629
0.0038685363
0.0140641285
0.9967757
0.995236
0.3956658
0.99834514
0.0017975434
0.007883174
0.9780765
0.8093393
0.5909174
0.0059898477
0.9981211
0.989933
0.48711255
0.9984982
0.008715586
0.98808855
0.9415128
0.9969131
0.006771056
0.061320033
0.006432358
0.45093623
0.007384781
0.98896176
0.0038677538
0.99870145
0.39259952
0.9772354
0.9969854
0.0031524252
0.006238539
0.004231308
0.8929617
0.9781294
0.9869904
0.99851376
0.7265101
0.57409644
0.89614654
0.0073911594
0.41950154
0.9557354
0.83992946
0.00906076
0.9963994
0.89675444
0.99475646
0.9941598
0.007376453
0.0066211736
0.9952331
0.9977239
0.0012738621
0.8727544
0.4363799
0.9931671
0.009059955
0.013226418
0.9993393
0.94742596
0.55491585
0.9828452
0.9846473
0.008251989
0.0038769834
0.32215548
0.9977368
0.9968761
0.4512981
0.99316907
0.4976988
0.9985166
0.999305
0.97819966
0.0043621236
0.17754033
0.99107164
0.018097196
0.0099180415
0.0011923902
0.9733646
0.010383188
0.0044722673
0.0069945855
0.43578416
0.9959573
0.43697348
0.97652584
0.010022202
0.5794028
0.005344133
0.43230158
0.766578
0.075706825
0.006152228
0.005203352
0.8842237
0.43679205
0.9399862
0.012060596
0.9823959
0.4347145
0.08014591
0.07582808
0.7802674
0.5653142
0.4413403
0.62144107
0.026048234
0.43094978
0.018191047
0.61188525
0.4300843
0.2907623
0.44535008
0.46817198
0.9993248
0.005915383
0.9945867
0.9700263
0.98283505
0.7024705
0.0036075364
0.9851034
0.9986694
0.6375577
0.0047467854
0.9941512
0.69674784
0.99834335
0.8184549
0.003917934
0.52022535
0.9951652
0.43315318
0.9955527
0.0048035323
0.01188418
0.0093968725
0.5012217
0.99770087
0.5415648
0.42919967
0.79476744
0.9690925
0.01737096
0.99848336
0.99885297
0.98567563
0.9934369
0.99552214
0.44289684
0.014430821
0.99900705
0.42880094
0.9918419
0.4139805
0.98841023
0.5530095
0.9906742
0.99464536
0.0982987
0.5275262
0.99518096
0.0050236736
0.9974999
0.003966885
0.0064643016
0.01282797
0.002021478
0.42438367
0.0029257538
0.63850677
0.5117541
0.998353
0.012963551
0.8730974
0.8746646
0.009259742
0.005580418
0.9992531
0.97017217
0.40919805
0.9425682
0.9986033
0.9975725
0.013765969
0.9938024
0.050233413
0.9975095
0.022434186
0.011642197
0.43661487
0.97358793
0.009290471
0.99963665
0.42056096
0.9939773
0.43486577
0.009631937
0.84180415
0.99404365
0.030644024
0.9878422
0.97744524
0.0065436712
0.9554051
0.0045713857
0.0067403656
0.42667288
0.41767475
0.86907
0.6614602
0.6305799
0.48544326
0.96918464
0.42288008
0.53725404
0.0022779591
0.98767185
0.44244498
0.4291792
0.004086319
0.002914346
0.9985505
0.41819322
0.5508493
0.004152387
0.9762091
0.9327527
0.0039394787
0.9967604
0.0062786704
0.4284595
0.984054
0.032952655
0.004027892
0.9765677
0.99684143
0.43520808
0.57739305
0.60128736
0.007604379
0.4352874
0.99813855
0.4678114
0.40473926
0.104032755
0.01605632
0.4332429
0.45003545
0.39189896
0.9700345
0.9949844
0.9736386
0.007493067
0.45194748
0.9920426
0.053924154
0.009552314
0.83655
0.018292122
0.9936866
0.9994554
0.9994381
0.9981792
0.006999028
0.0071181217
0.9803356
0.99902534
0.98938763
0.9969518
0.6577818
0.43481457
0.990185
0.008130087
0.993164
0.9903742
0.0059696613
0.020805383
0.0026524465
0.010607703
0.98927397
0.97856927
0.5393051
0.014597386
0.9943328
0.0043129553
0.6078833
0.0042109746
0.99196285
0.99327046
0.97749317
0.9957241
0.99172884
0.024365252
0.42427856
0.008226008
0.9954242
0.91918254
0.54590523
0.0045427466
0.9988514
0.9964856
0.66065204
0.01956742
0.9981504
0.0032082621
0.9527124
0.98130965
0.9908963
0.02126578
0.4348756
0.9780253
0.0082324445
0.002575618
0.0042129285
0.9983247
0.006621308
0.57567513
0.9898168
0.9341783
0.085926816
0.0038215162
0.97496015
0.99318576
0.0029752122
0.9944676
0.46898657
0.007461565
0.018552473
0.13933647
0.0018119566
0.99873513
0.42491022
0.006619223
0.9329307
0.9942397
0.009346561
0.035318118
0.98209965
0.018208863
0.93082654
0.0063429177
0.02352779
0.017549075
0.0076356307
0.9739314
0.004808963
0.0024713485
0.9983259
0.010863036
0.0036485496
0.6165952
0.21636094
0.008409692
0.01274853
0.43480474
0.4235278
0.9887256
0.97513163
0.99445724
0.0013474848
0.8073179
0.015330939
0.9849444
0.101340085
0.9988418
0.9930661
0.9951167
0.9420705
0.0051084096
0.0032277699
0.4300321
0.91521287
0.42663682
0.88948673
0.7037353
0.8663811
0.41668895
0.91918486
0.9662604
0.4328122
0.8273845
0.89362407
0.99921405
0.5203609
0.98214483
0.15077221
0.0055915816
0.9668824
0.041270975
0.006289199
0.006207855
0.0075480416
0.8172745
0.9797845
0.9990784
0.98838276
0.0037637865
0.99947804
0.006473532
0.016908048
0.027260546
0.91677004
0.0015069132
0.00776372
0.4347603
0.9807958
0.18199329
0.43582773
0.006728545
0.009490746
0.01761055
0.008281312
0.012617076
0.99801946
0.0034886438
0.9954432
0.10702709
0.42675295
0.008728328
0.9952624
0.85951996
0.0048870104
0.0061717466
0.99816316
0.9764746
0.008827377
0.004564428
0.008728778
0.42637676
0.9533696
0.9978781
0.007973921
0.9968888
0.9444143
0.9962847
0.008488678
0.9923292
0.0047774413
0.0060460265
0.95325375
0.93603575
0.0025388894
0.43176568
0.99092567
0.006380629
0.005189811
0.011306864
0.023658352
0.99625
0.9951481
0.0073105497
0.49181643
0.9964419
0.013062465
0.9468077
0.9861254
0.015255254
0.025160912
0.9918338
0.0068465653
0.0076466226
0.972539
0.43444815
0.996806
0.0065760515
0.004237718
0.0057371026
0.039594382
0.13801536
0.99560934
0.4408955
0.004341774
0.41817787
0.99646544
0.7799308
0.97753704
0.48687172
0.016768586
0.004206438
0.9974462
0.007137549
0.4322972
0.012023291
0.39859685
0.9955413
0.43891355
0.08817381
0.9964819
0.4176268
0.020304814
0.587072
0.98654824
0.99214715
0.009574079
0.96969795
0.0043849275
0.42679018
0.57274354
0.98665875
0.0025090196
0.58737683
0.982644
0.0024028234
0.004421708
0.9969934
0.00503743
0.9986405
0.0033027441
0.6882885
0.4380915
0.004976668
0.97567606
0.011486889
0.005893616
0.5213563
0.99750406
0.0055778967
0.029832678
0.998331
0.70502025
0.9707873
0.99846447
0.49976087
0.98111045
0.55022675
0.011431399
0.9890326
0.0048928037
0.4402319
0.013917363
0.016453894
0.99940586
0.0027615356
0.9197433
0.54308486
0.007690537
0.0071280063
0.015393523
0.0043222066
0.9928422
0.057894114
0.99617404
0.004052151
0.43396202
0.5344941
0.9968837
0.99526465
0.99012786
0.0045448476
0.9244839
0.031195268
0.015176258
0.0048579914
0.024638187
0.0043668747
0.99320704
0.43351418
0.44887292
0.0051987926
0.50635433
0.9950304
0.9960258
0.9942392
0.9948139
0.99755436
0.84346324
0.9949338
0.99371666
0.003392568
0.95782757
0.6225606
0.0017841418
0.7188997
0.98792946
0.0042251404
0.9914243
0.0058378237
0.54874605
0.9961308
0.9963153
0.6049259
0.5835464
0.9918252
0.0018777453
0.0068023815
0.011840176
0.0060166884
0.46329027
0.11814927
0.002415921
0.99597967
0.9703433
0.9820692
0.44043204
0.43001813
0.19350448
0.41708663
0.4379147
0.45266888
0.0032600889
0.9884444
0.32168835
0.9878144
0.0013680134
0.82914406
0.9985273
0.98436457
0.57696027
0.0013945178
0.93244624
0.019299453
0.9251792
0.0043855896
0.0040552854
0.003766287
0.40789345
0.99649197
0.0019364569
0.021448879
0.5099585
0.99764794
0.5766143
0.007711095
0.9934977
0.79760957
0.99963045
0.00413724
0.0054496806
0.988364
0.056951705
0.006657465
0.44471592
0.47550845
0.5197327
0.41185993
0.006019466
0.9991811
0.5419135
0.006364101
0.5110238
0.42000413
0.15854168
0.0048026205
0.9923252
0.88333994
0.0047307867
0.007932221
0.012362918
0.9922438
0.05621792
0.99449533
0.45427108
0.60780525
0.0020698828
0.019849908
0.9969572
0.9976587
0.996869
0.76591027
0.4401098
0.9980051
0.006891615
0.072687715
0.017596541
0.96620333