0.5061826
0.99999416
0.42696983
0.51148593
0.42561513
0.00030086437
0.001168227
0.9999987
0.42811996
0.80625504
0.00023223512
0.00025032752
4.4813914e-05
0.43615186
0.9999261
1.00738935e-05
0.00015766386
0.99941313
0.000110331806
0.5066307
0.9766641
5.8539936e-05
0.4267455
9.1993716e-05
4.1817202e-05
0.00010535932
0.506082
0.9946844
0.4286081
0.99764097
0.00012571324
0.43619984
0.085999876
0.43222708
0.42591748
0.42675194
0.5092224
0.9956546
0.99999917
0.9999504
5.759999e-05
0.4926528
0.00047044983
0.42782483
6.932687e-05
4.6176512e-05
0.50384974
0.95715165
4.9927003e-05
0.9998572
0.9976903
0.00013438349
0.99843794
0.99990857
0.50559247
5.418499e-05
0.50305575
8.103623e-05
2.18943e-05
2.5875253e-05
0.5038209
0.9998246
0.5047688
0.42901897
0.9280448
0.9195696
0.51117605
0.00026052204
0.8561471
0.50427294
0.9997701
9.03014e-05
0.99505746
0.22538495
3.9107523e-05
0.00011475881
5.5568355e-05
0.50515246
0.4262711
0.42723173
0.00011271749
0.00027198083
0.42855656
0.99991095
0.99997056
0.0006482985
0.5020387
0.99942917
0.99980766
0.8026542
0.00020544758
9.590294e-05
0.99990237
0.9986526
0.00026399308
0.0002182404
0.99943966
0.7272766
0.99998343
0.99999106
0.43077618
0.4268876
9.96211e-05
4.3805954e-05
0.42684364
6.8671456e-05
0.00013520171
0.9978188
0.99775034
0.9999808
0.00019408301
0.42861283
0.99925107
1.2484539e-05
0.43441603
0.0003674571
1.8257675e-05
0.00043716663
0.9999759
0.83930683
0.9995666
0.9999919
4.2651616e-05
0.99998534
3.799092e-05
0.9999776
6.918891e-05
4.3931544e-05
1.8915494e-05
0.9947082
0.9900102
0.9700795
5.0491606e-05
0.99979657
0.00034857052
4.8600345e-05
0.24506122
0.99994266
0.4255572
0.00022325006
0.99999917
5.4855835e-05
0.6876247
4.186776e-05
0.9860007
8.712075e-05
0.00015522462
0.40802914
5.9176986e-05
7.756022e-05
0.99990237
0.99639684
0.42511767
0.0005486024
7.7685094e-05
0.42712802
0.9999331
4.1240233e-05
1.2944378e-05
0.99988234
0.9999945
0.9992964
0.16872266
0.8589055
0.99254555
2.1751617e-05
0.51284385
0.50368696
2.1984202e-05
1.3231124e-05
3.7178303e-05
0.42889553
0.00024527195
0.34043592
0.00013693812
0.0001225205
9.301164e-05
0.99985576
0.00041733647
1.769825e-05
0.120144
2.9240902e-05
0.0006766775
0.9999912
0.9850963
0.9999865
0.4275364
0.42753685
0.00013808833
0.99474865
0.00017087311
0.99813205
0.99999297
0.9957516
3.379873e-05
0.00014867437
0.42730328
0.9996371
9.2181464e-05
8.675606e-05
1.9401154e-05
0.9992454
0.9987734
0.9999752
0.99992657
0.99976546
5.8602214e-05
0.99998856
7.2662355e-05
0.00020939358
0.4284463
0.4261578
0.99999535
0.0008799101
0.4251794
0.4289536
3.2481996e-05
0.084048636
5.8221158e-05
7.7971716e-05
0.0026002652
0.99999404
0.0003180311
0.0008205765
2.3226006e-05
0.9999938
0.98306656
8.050385e-05
0.42709744
3.263569e-05
0.99977666
0.42723522
0.2746878
0.4266382
0.4717087
0.43835682
0.9999528
0.99999857
2.1559348e-05
0.00013332324
0.00023067449
0.0004094896
0.9995803
0.9831335
0.9181753
5.573516e-05
0.42977685
0.006475875
0.43233383
0.42125046
0.99997973
0.00018830808
0.99589574
0.054298885
2.9045577e-05
8.111447e-05
0.99979144
0.9926031
0.9998673
0.99998915
0.99958533
0.00030176726
0.9999896
0.99994326
0.17155923
4.645397e-05
0.00010906266
9.500999e-06
0.3433483
0.9999223
0.43736243
0.1434019
0.0001497834
0.00020752821
0.9565074
0.43506208
0.094813034
0.00016056755
0.9999745
0.99895644
0.9999604
0.99999964
5.5034034e-05
9.392826e-05
0.99975365
0.9999205
0.42682028
0.99922884
0.00015786936
0.42324102
0.6863976
0.9999896
0.5061451
4.6743797e-05
0.99985266
6.1472194e-05
0.37145603
0.9707146
5.819224e-05
0.9965462
0.43357676
2.9859071e-05
0.9338488
0.99975055
0.9999683
0.00019267212
0.50628704
0.00020035132
0.99998057
2.0373149e-05
1.909693e-05
0.49958205
0.9998165
0.9990145
0.9999943
1.5515654e-05
3.8334216e-05
0.0003006327
0.99992895
2.5654706e-05
8.039323e-05
1.8767669e-05
0.0001329458
0.0002856971
0.9999907
0.50289685
0.00013281264
3.4207336e-05
0.42745546
0.9569158
0.64169395
0.00013421779
0.994622
0.9999918
0.30558237
0.42917636
0.99999917
0.99757034
0.00015579743
0.0001508472
0.00012974298
4.412918e-05
0.9997652
0.41271487
0.99997246
0.6901255
0.7544031
0.99095225
0.9997435
0.99974936
0.9599057
5.6037603e-05
0.9999943
0.41581365
0.9991455
0.0008871779
1.65327e-05
0.5061903
0.9999534
0.50583583
0.00015609663
0.9993605
7.669595e-05
1.1770615e-05
2.5070089e-05
0.42791715
0.98914146
6.141214e-05
4.4752076e-05
0.4253537
0.4251677
5.081932e-05
0.9999975
7.811796e-05
3.92747e-05
2.122924e-05
0.9999572
0.86984104
2.119946e-05
5.405947e-05
0.99997354
0.9995585
0.9957883
7.5366916e-05
0.0002350715
0.99430794
0.9999442
0.4283006
4.0328912e-05
0.9999527
0.508085
0.00014400863
3.5441288e-05
0.005284463
0.42557365
0.9975764
0.99286675
9.1960566e-05
5.397767e-05
0.00033549356
0.00018085228
0.91871303
0.9998679
0.41777658
0.5052243
0.43453172
0.99999595
0.9996948
0.9999857
0.42712846
0.96830475
0.4207879
0.9955491
0.99939024
4.8129765e-05
0.0001477687
0.99554044
5.2894036e-05
0.99999917
9.7689845e-06
5.9579645e-05
0.42802548
1.6024373e-05
6.217471e-05
0.9996551
0.9999914
0.99998736
0.417877
0.00012442192
0.00011225079
3.9431794e-05
0.9999696
0.4233748
0.30129525
0.0002457975
7.252833e-05
0.9999783
0.50766444
0.9358678
0.4284128
5.5727927e-05
9.343104e-05
0.00024388678
0.9998161
0.99995446
0.00018592183
0.9999671
0.9999263
0.42459443
0.9999733
0.9298815
0.42941314
0.8096335
0.00020159477
0.27982947
2.7078751e-05
0.99999416
0.45862925
7.513148e-05
5.1800587e-05
0.9998876
0.999997
7.753322e-05
0.8403693
2.4252204e-05
0.99991906
0.99993396
0.29484984
0.00011804373
0.00040312286
0.42844364
0.000520267
0.99997485
0.50697607
1.4419916e-05
0.99967885
0.97897685
2.7386966e-05
0.9999726
0.00039641705
8.0122765e-05
0.429274
0.43256876
0.9983375
2.5576779e-05
0.00012032416
2.5604406e-05
0.9999944
0.9948784
0.427014
0.5043826
0.54318565
0.99990094
0.9925056
0.42959154
0.42856085
0.9998271
1.2025566e-05
0.0001354775
0.5047554
0.42544085
0.9999858
2.8250208e-05
0.00026495277
0.99651754
0.99991786
3.0132795e-05
0.42683405
6.144735e-05
0.41235444
0.00015216936
0.9350391
9.974657e-05
0.9999988
0.42728826
0.422226
0.5062407
0.002571976
0.000118198055
2.8273713e-05
0.5055795
0.31872782
0.000329951
0.99902785
0.99998057
0.8291687
0.42793837
0.000108720415
0.9911952
0.00063937175
0.999892
0.43314466
0.00023461472
0.43167877
4.5134162e-05
2.829181e-05
0.00020379138
0.43006197
2.7004095e-05
0.5085646
0.42801952
0.99999845
0.4303133
0.9866854
0.42130572
9.5732714e-05
0.00012489787
8.9335954e-05
1.0371035e-05
0.99998593
9.310464e-05
5.3649037e-06
0.4340459
0.9994271
0.99995327
0.42662174
1.9320338e-05
0.0020972416
0.00012428389
0.9998722
9.284717e-05
0.9999757
0.44399157
0.42887473
0.9999968
0.00024982446
0.9881853
0.99988914
2.8183798e-05
0.979114
0.906612
0.00028364206
0.47919318
2.8332255e-05
0.9999932
0.8716896
0.99999857
0.96968466
0.9899601
4.357609e-05
0.00016920653
0.00025899868
2.447824e-05
3.1348296e-05
0.99924445
0.60828674
0.00025761657
0.7460621
8.311869e-05
0.9999716
6.927843e-05
2.5958816e-05
7.450093e-05
0.2904551
0.5043244
0.0002523883
2.7022206e-05
4.0185412e-05
0.99988973
6.697371e-06
0.9999995
0.99999905
0.9964539
1.8568651e-05
0.86175495
0.00032509753
0.4360222
0.42851862
1.5727106e-05
0.5053975
0.00015206246
0.8053819
1.4135458e-05
0.9815307
0.43287954
1.1007701e-05
0.00011642926
2.0073257e-05
0.9928636
0.99996924
0.99997795
0.4240632
1.2339292e-05
0.9208693
0.47956234
0.9997688
0.00010768072
0.9974585
0.58417916
0.42640242
4.049606e-05
0.42781126
0.9976584
0.9993766
0.0031391259
0.99999535
0.99992347
0.00013605216
0.0002680557
9.242386e-05
0.9999138
7.214865e-05
0.9463933
0.99980646
3.8319227e-05
5.297622e-05
0.0005876838
0.00051344896
0.50939333
0.9981962
0.99906117
0.98583525
0.43231067
0.5067084
7.3127325e-05
0.99659747
0.99968696
0.99994755
4.3147073e-05
0.0005700434
0.4302183
3.816176e-05
0.99993014
0.6712147
0.00016998322
0.9987476
2.4454348e-05
1.9279294e-05
0.99998903
0.41212326
0.5045849
0.99989045
3.8124515e-05
0.9148946
0.9956601
0.999908
0.15426806
1.8534894e-05
0.9999628
0.99964356
0.43563
0.00015948221
0.92257226
0.99997854
0.9786533
0.9999846
0.99992883
0.99969137
0.9992091
0.0003338359
5.013067e-05
0.9831434
0.00011847316
0.0004433797
0.00029882044
9.1134716e-05
0.00075648224
1.169036e-05
0.99969256
0.3463922
0.42341438
0.50920385
0.99999213
0.00060584355
1.04468845e-05
0.9997496
8.632685e-05
0.99996114
0.99973005
0.50690866
0.50098544
0.99724495
2.9585772e-05
8.434503e-05
0.99999976
0.42908323
0.00028388985
0.99571484
5.189854e-05
0.30383343
5.1730338e-05
0.00020177245
0.5685761
2.8737464e-05
3.7613303e-05
4.8394213e-05
4.130289e-05
0.42639905
2.5011484e-05
0.0005326145
0.99792683
0.9999732
0.42811048
2.9894856e-05
0.9993642
3.8653434e-05
8.771913e-05
0.99993813
0.50383914
9.177466e-05
0.50532466
0.42831346
0.9961553
0.00016525222
0.99981624
0.18325578
3.5945493e-05
0.42832643
0.0005327249
0.4239417
1.770014e-05
0.00030850596
0.000116544004
0.9677338
0.5041899
4.3423348e-05
0.9995871
4.059214e-05
7.150222e-05
0.43394572
0.00012388939
0.9995278
0.5047197
0.8290888
5.465652e-05
0.00044264802
3.2124957e-05
0.99752384
2.4671303e-05
0.99946886
6.945597e-05
0.0002615055
0.51891136
0.00013713595
4.2244348e-05
0.99637324
0.9999995
0.41574368
0.9995522
0.0002714073
7.091079e-05
0.99383897
0.26961502
0.9898009
8.31623e-05
0.9999782
0.99842995
0.5067516
0.99999225
0.00013882742
0.99989855
0.9993543
0.9999856
6.2102235e-06
7.962645e-05
2.3426413e-05
0.4183611
3.4868055e-05
0.9999969
0.00013748503
0.9999987
0.42846528
0.771315
0.99997044
0.000100220524
0.00025595055
0.00030353863
0.3879023
0.99935216
0.9975152
0.9999933
0.515554
0.50671065
0.8301708
0.00013083627
0.43288857
0.74023354
0.93131185
0.00020741958
0.9995763
0.9974744
0.9978969
0.9992267
0.00010971564
4.9237908e-05
0.985016
0.99999857
0.00020471762
0.25834152
0.42785835
0.9999881
5.1472445e-05
3.2523094e-05
0.9994804
0.9951279
0.323415
0.99909985
0.9512273
4.177495e-05
7.6883334e-05
0.013103778
0.9999987
0.9999987
0.43339592
0.99999774
0.5041866
0.99843615
0.99999845
0.99391705
6.184804e-05
0.00044516174
0.99905235
0.00022715077
1.2841147e-05
0.0003894895
0.8971715
7.6464814e-05
3.7521626e-05
4.937869e-05
0.42764813
0.9999974
0.42535725
0.91852665
2.4933372e-05
0.5065261
0.00013505598
0.40687037
0.0008962495
0.0013161572
7.1365976e-05
4.6941463e-05
0.31594974
0.42679492
0.9597069
2.8549208e-05
0.9998491
0.42898497
5.3591455e-05
0.00027670056
0.13676153
0.49606848
0.427703
0.8621513
0.00022249653
0.42491904
3.586431e-05
0.5093371
0.42906737
0.30264863
0.42642522
0.434874
0.9999758
2.3416851e-05
0.99988973
0.99985945
0.92661494
0.98125345
4.485209e-05
0.99999845
0.9999403
0.43337107
8.757137e-05
0.9998801
0.03322206
0.9999254
0.24435644
1.6812084e-05
0.50368387
0.99980456
0.42830515
0.9999701
3.5877583e-05
0.0001888983
0.00015349798
0.3504062
0.999984
0.5034345
0.42473277
0.5069292
0.99979967
9.990526e-05
0.9999958
0.9999441
0.9951729
0.9998863
0.9729574
0.4279365
1.9849773e-05
0.9991984
0.4263241
0.999645
0.4336886
0.99995327
0.50815773
0.52264
0.9999689
0.00040220426
0.5083621
0.99993515
9.3618146e-05
0.99974495
0.0001870037
2.540145e-05
0.000257594
0.000102977334
0.42613864
6.813806e-05
0.5056831
0.5072021
0.9999206
3.373269e-05
0.9972063
0.22998543
6.0958548e-05
7.6626646e-05
0.9998909
0.91355497
0.41290843
0.99625325
0.99977
0.99963605
2.1048894e-05
0.9999932
0.0007398126
0.9999101
1.2113506e-05
6.388064e-06
0.42834353
0.99951243
3.581441e-05
0.9999999
0.42550686
0.9958211
0.4281072
5.778656e-06
0.99248147
0.9999621
2.0774607e-05
0.9998375
0.99926144
2.7381615e-05
0.90332663
3.1685304e-05
3.2348144e-05
0.42852345
0.40863565
0.7267988
0.21609938
0.5084545
0.5061718
0.9488153
0.42650315
0.51159954
0.00033889333
0.6915097
0.42788994
0.43059394
2.6552103e-05
3.1572377e-05
0.9999738
0.42667943
0.49371907
6.6832035e-05
0.9999633
0.15883763
4.9842896e-05
0.99988735
5.624281e-05
0.42641112
0.9247386
0.0002077107
0.0001243683
0.9998317
0.9999976
0.427962
0.3218357
0.51736426
7.904648e-05
0.42820337
0.9999846
0.43379033
0.4278935
0.00011448217
0.00022865184
0.42684138
0.42760912
0.42875272
0.97139144
0.9977641
0.99228364
4.8931222e-05
0.42549998
0.99952984
2.6059568e-05
4.037317e-05
0.69250244
5.274409e-05
0.9998696
0.99998903
0.99987745
0.9999844
8.472552e-05
2.0548607e-05
0.8653973
0.99992204
0.9999844
0.99939656
0.5062864
0.42807826
0.9998357
2.9147664e-05
0.99999404
0.99997187
1.4634203e-05
0.0001004969
0.00024760276
6.0206417e-05
0.9999094
0.9951456
0.9996074
0.00011754726
0.9999883
0.00025772836
0.5090545
3.220772e-05
0.9998404
0.999019
0.99967635
0.9999683
0.9995254
0.0012095926
0.42672205
3.7200363e-05
0.9990681
0.9372644
0.50763506
4.9316386e-05
0.9999968
0.9999981
0.5135381
3.3974433e-05
0.99982965
0.0002464595
0.99908495
0.99524826
0.9999902
1.8607137e-05
0.4336193
0.99901557
0.00049253507
0.00014092353
0.00015624404
0.99978787
0.0005569875
0.18175381
0.98853046
0.87253636
0.0002573009
1.8315206e-05
0.999877
0.99984086
4.9033613e-05
0.9996183
0.5034593
4.3882887e-05
1.7027363e-05
0.00042815192
4.337596e-05
0.9999863
0.42667556
0.0005187535
0.996813
0.97637296
0.0001732819
0.00019197291
0.9999715
5.7301575e-05
0.998173
6.333185e-05
5.3449363e-05
0.00014558314
1.6775537e-05
0.97687155
0.00027435526
0.0002300156
0.9972594
0.0001445307
7.144313e-05
0.50947654
0.15173905
0.00012387274
8.609214e-05
0.4305839
0.42619723
0.9988834
0.99945575
0.99996436
0.00013139087
0.45466593
2.6928414e-05
0.99987495
0.0003571672
0.9999819
0.99614173
0.9998147
0.99287957
1.5230163e-05
2.1690323e-05
0.42735633
0.9842077
0.42872363
0.47328418
0.096935555
0.27234146
0.4275622
0.91852635
0.103208825
0.4264633
0.95508206
0.73262024
0.99992037
0.505861
0.9962043
4.451682e-05
0.00018276401
0.9991936
7.9549114e-05
2.870268e-05
3.2172662e-05
0.0001322311
0.5831674
0.9676853
0.999982
0.96595633
2.3008857e-05
0.999982
0.00011806321
1.8030314e-05
0.0001479249
0.99168867
4.4142696e-05
2.3527477e-05
0.42939457
0.99996305
0.0010841396
0.42739573
1.3968099e-05
6.9358015e-05
1.4428251e-05
0.00010339513
1.2612513e-05
0.998492
1.9337518e-05
0.99552286
0.0007153278
0.4261917
1.5564025e-05
0.9979273
0.18569456
8.051798e-05
4.2114792e-05
0.9999987
0.99961483
6.626419e-05
5.435925e-05
0.00015847746
0.43402645
0.9181003
0.9999995
4.2974767e-05
0.9999279
0.84685844
0.9988199
8.830435e-05
0.9999021
0.00010988987
4.818037e-05
0.29630718
0.99864644
3.2278316e-05
0.4244113
0.9991441
5.1028474e-05
3.9528815e-05
1.2403012e-05
0.00094716373
0.9998504
0.99962664
1.8320901e-05
0.43823442
0.9997706
3.233112e-05
0.26947832
0.99858
2.3920613e-05
6.0812057e-05
0.99972075
6.8517154e-05
4.561633e-05
0.99996805
0.43024257
0.999998
3.2514938e-05
8.460046e-05
0.0002848768
0.002601226
8.884788e-05
0.99969983
0.42408314
3.618649e-05
0.43264234
0.9995534
0.5209349
0.9991429
0.50396025
0.00014314817
3.371378e-05
0.9998838
3.5877787e-05
0.42487973
0.00033169895
0.42810562
0.99909425
0.42629218
0.021608355
0.9999995
0.43077007
5.3275733e-05
0.42415515
0.9551729
0.995535
0.00037200467
0.9995542
5.603493e-05
0.42736456
0.25299907
0.9992405
0.00011696227
0.50589406
0.9998343
0.00017866745
0.00033458372
0.99997056
1.0449396e-05
0.9999633
3.9322666e-05
0.9275347
0.42678767
4.4277946e-05
0.99918944
5.2951324e-05
6.0928618e-05
0.5047942
0.9962811
6.7365865e-05
0.00017848016
0.9998956
0.50380856
0.9999975
0.99882954
0.5069567
0.99944526
0.50756854
1.5226619e-05
0.99994886
2.3443847e-05
0.4297301
0.00033172616
6.379413e-06
0.99996483
6.628479e-05
0.99858284
0.5077255
3.3069788e-05
1.9413887e-05
7.0372684e-05
2.5722074e-05
0.99985504
0.0002446768
0.9997012
5.0702176e-05
0.42622963
0.5053929
0.9996294
0.9999497
0.9699117
0.00024625892
0.93510747
0.0009799816
5.4751938e-05
3.202426e-05
5.6218516e-05
0.00017342933
0.9999927
0.42597985
0.42608663
5.343948e-05
0.3120988
0.9997472
0.99986494
0.99887174
0.9999238
0.9982369
0.4770954
0.9884687
0.99988484
0.00013602324
0.99805766
0.5100333
0.0003469619
0.394292
0.9999913
0.00013748319
0.9996207
6.376086e-06
0.50795203
0.9999887
0.9999683
0.5075792
0.51348287
0.99995446
0.00034941162
2.849122e-05
0.00012779621
3.2176126e-06
0.42081285
0.00012774798
0.0003864939
0.99978024
0.98856527
0.91500837
0.4260656
0.4258097
0.0009948997
0.42593244
0.4256771
0.4588702
0.00017906535
0.9957616
0.0021356887
0.9999393
0.00013849132
0.07254742
0.99996316
0.9978028
0.515665
0.00045260938
0.9992211
0.00014116615
0.76436573
0.000286172
0.00024655234
8.617551e-05
0.42742774
0.999747
0.00022579666
0.0009924349
0.50652045
0.9999471
0.51311743
7.08828e-05
0.9901551
0.9721327
0.99917585
0.00014399752
4.4957436e-05
0.9999794
0.00011829615
7.183368e-05
0.4311696
0.45964274
0.50977683
0.42886758
0.00026855813
0.9998609
0.50625294
2.23096e-05
0.50886774
0.4266957
0.00046398854
0.00021150688
0.99999917
0.9999174
0.00025343025
1.9246136e-05
0.00013466428
0.917286
0.00018368769
0.95677316
0.40875658
0.51158357
5.110537e-05
0.0001338622
0.99993503
0.9999751
0.9999131
0.5020741
0.08620524
0.99998844
5.8319597e-06
5.666061e-05
0.00041144565
0.9999789