0.9999993
1.0
1.7332538e-09
0.9999999
2.113566e-08
1.9518072e-09
8.023275e-10
1.0
5.2020006e-09
0.991011
1.558512e-07
3.221393e-10
4.9550524e-09
1.7902369e-07
1.0
3.032965e-08
3.835305e-09
0.92849594
1.3405854e-06
0.99969316
0.9980148
1.41167344e-08
4.272101e-09
6.4423583e-10
2.9611192e-08
7.121424e-05
0.96364677
0.9998567
9.974424e-07
0.9999999
2.5769298e-10
5.966191e-07
0.018707892
2.508934e-05
1.315847e-08
2.137165e-10
0.9999968
0.9999981
1.0
1.0
6.4903605e-07
0.07314086
1.126274e-09
6.7557077e-10
1.9882922e-09
6.1003576e-08
0.99999964
0.99903226
6.369371e-09
1.0
0.999998
2.5941025e-09
0.9999999
1.0
0.99795425
1.238739e-08
1.0
0.00011775021
2.7910781e-08
4.056701e-06
1.0
1.0
0.9999999
2.8082995e-08
0.9977064
0.9783813
1.0
6.6971566e-09
0.6201254
0.99999976
0.9999999
3.6936453e-06
0.98447675
0.5189951
2.0914e-10
2.7826821e-10
1.078279e-09
1.0
1.340214e-08
5.154216e-10
1.3219945e-09
1.3953381e-09
5.354318e-09
0.99999976
0.99999976
1.3027042e-08
0.9999999
1.0
0.9999999
0.99976224
4.9041643e-10
5.8680643e-09
0.99999964
1.0
1.4828359e-09
1.0434038e-07
0.999998
0.99981576
1.0
1.0
2.8686085e-08
1.7039666e-08
6.787082e-09
4.2376262e-09
6.1505434e-10
2.8438305e-09
9.2815977e-10
0.99998724
0.9999939
1.0
4.0749381e-07
2.0072375e-09
0.9999994
2.0103077e-08
1.9857735e-07
2.2849414e-10
4.0869562e-08
0.0009656262
0.99999905
0.9940661
1.0
1.0
9.083013e-06
1.0
1.2777875e-06
0.99999976
1.3703281e-07
1.6830741e-08
6.008757e-09
0.9999875
0.99999964
0.99988735
6.962045e-08
0.99998415
6.8953143e-10
2.3544782e-08
0.15967911
1.0
2.4898052e-08
1.4924641e-08
1.0
3.3849803e-09
0.9999825
4.020132e-09
0.99972767
3.3718224e-09
9.314922e-10
7.0609457e-10
4.062767e-09
1.2645877e-09
1.0
0.9999738
4.0726028e-10
1.2166943e-09
3.005811e-06
1.2732662e-10
1.0
1.2300881e-09
4.2228208e-09
0.9999994
1.0
1.0
0.5726397
1.0
0.99999976
2.8414625e-08
1.0
0.99999833
2.6108225e-07
6.1493735e-09
1.7624005e-08
4.4947174e-07
1.7982302e-05
0.806754
2.2444717e-06
5.954629e-10
1.0143564e-06
1.0
3.620173e-07
5.0103754e-08
0.98514867
5.300259e-10
1.7363103e-10
1.0
0.9999101
1.0
9.944339e-10
9.976488e-09
6.2820913e-09
0.9999993
1.3374988e-09
1.0
0.9999999
1.0
3.7138811e-06
1.6816293e-09
1.7450171e-08
0.9999956
3.232628e-06
2.9654623e-10
5.1309746e-07
0.9999999
0.9999999
1.0
1.0
1.0
3.56736e-06
1.0
1.3793307e-06
1.8272301e-06
2.3133013e-09
2.3297955e-09
1.0
3.3213392e-09
3.140255e-08
5.0261207e-08
4.5375963e-08
0.16604027
6.71882e-08
6.5508225e-08
5.2714755e-10
0.9999999
3.9009088e-08
5.936994e-10
2.5165273e-08
1.0
0.9999943
1.4244039e-05
1.2238071e-09
3.2386198e-09
0.99999964
3.0921228e-09
0.20170951
4.1472003e-08
0.99980956
8.294614e-06
1.0
1.0
5.389359e-09
2.6103872e-09
2.021751e-08
5.6731103e-10
1.0
0.9999788
0.9998698
6.78505e-09
1.0745715e-08
2.828912e-07
5.327557e-09
0.013716951
1.0
1.5143804e-08
0.9994985
3.6043565e-10
3.119831e-08
1.3419712e-08
0.9999987
0.99999607
1.0
1.0
1.0
6.469146e-08
1.0
0.99999964
0.9374877
1.6934143e-06
2.9797915e-09
1.0503801e-08
0.81631637
1.0
2.2152271e-05
0.6727761
8.832999e-09
1.7282963e-08
0.5540751
7.630981e-05
0.056318298
7.819561e-09
0.99999964
0.9999435
1.0
1.0
2.1297245e-08
1.3783377e-09
1.0
0.99999976
3.2266936e-10
1.0
1.117537e-09
2.1074271e-08
0.06496897
1.0
0.99972075
8.906269e-09
0.99999607
1.7234006e-05
0.7274892
0.99998415
1.4026849e-08
1.0
2.4147628e-08
1.1984421e-08
0.9880526
0.9999999
1.0
9.074718e-06
0.99999905
6.921436e-06
1.0
4.757254e-09
2.3205542e-08
0.52873397
1.0
0.9999981
1.0
2.387741e-08
3.6271047e-08
2.4631213e-09
0.9999968
6.649895e-09
1.4718982e-07
5.366121e-06
9.1888913e-10
4.453693e-09
1.0
0.99999964
2.6610775e-07
5.355697e-09
6.370528e-08
0.9999883
0.97850716
3.8834888e-10
1.0
1.0
0.5850799
1.1700015e-08
1.0
0.9999999
3.0880906e-07
1.3549151e-09
4.4831476e-09
8.164936e-09
0.99999976
1.4767964e-08
0.9999989
0.76091635
0.99644727
0.9999999
0.99999964
0.9999987
0.9999976
3.4162223e-10
1.0
1.1160862e-09
0.99999356
1.1894864e-10
1.0050094e-08
0.9999999
1.0
1.0
1.1149123e-06
0.9999995
7.2147315e-09
3.34744e-09
1.6153867e-07
7.2054174e-10
0.9998747
1.3456588e-07
5.573887e-10
3.0485722e-08
8.1084455e-09
5.178321e-09
1.0
5.8957267e-10
1.4333976e-09
5.870939e-05
0.9999999
0.99246347
6.9521953e-09
6.3896306e-09
1.0
1.0
0.9983096
4.5074316e-08
4.2670777e-05
0.99991345
0.9999994
4.3683443e-08
1.9177514e-06
0.99999774
1.0
7.9134657e-07
6.3713026e-09
6.0283423e-06
9.778693e-09
0.99999976
0.99998665
6.416404e-08
7.1587597e-10
1.98302e-07
6.367825e-10
0.9998479
0.99999976
8.4683586e-07
0.9991122
4.1629804e-07
1.0
1.0
1.0
9.022122e-09
0.999861
2.4500568e-10
0.9999994
1.0
4.9914944e-10
4.2721882e-10
0.99994564
1.0522062e-09
1.0
5.5527753e-08
6.398436e-09
5.534161e-10
1.3626701e-08
2.2023853e-08
0.9999999
1.0
1.0
2.1568511e-09
6.868693e-07
7.156102e-06
1.6559948e-08
0.9999999
2.9465144e-09
0.0005605366
1.7877818e-07
2.6506504e-09
1.0
0.9998741
0.9972293
3.5792688e-10
1.8569499e-10
2.2188688e-06
2.7465358e-10
0.99999845
1.0
1.3315101e-08
0.9999995
1.0
2.9549692e-08
1.0
0.9999975
2.0107265e-05
0.99875844
2.1990847e-09
0.022049135
2.2672442e-08
1.0
0.9931676
8.984155e-09
9.497302e-10
1.0
1.0
1.5941182e-10
0.9943493
2.404014e-08
1.0
0.99999726
0.021737847
4.1036366e-10
1.4309016e-08
1.2312388e-08
1.3214398e-09
1.0
1.0
5.3563407e-09
0.999902
0.9999324
9.505552e-09
0.9999994
9.876192e-07
4.763331e-08
1.1777928e-09
2.2244395e-08
1.0
1.2171847e-08
0.0002882366
1.4523508e-06
1.0
1.0
2.8744688e-08
0.98741907
0.9997924
1.0
0.99998116
0.0005427165
1.4859935e-05
1.0
2.3184397e-08
8.466853e-06
0.99996126
9.2162383e-10
1.0
2.7529895e-08
3.873997e-10
0.9999007
0.9999999
1.2485074e-07
9.335064e-08
7.25386e-10
0.10681523
1.0539041e-08
0.9996424
3.1577978e-09
1.0
7.414618e-09
2.0259654e-09
1.0
5.5150562e-05
1.5936316e-10
1.2163446e-08
1.0
0.2568106
1.6631286e-09
0.99998987
1.0
0.9998338
4.2135785e-08
3.421922e-10
0.99999774
1.2136465e-09
0.9999676
1.8473997e-07
3.9267564e-10
2.9562234e-06
3.2163538e-09
5.5987986e-10
3.0165612e-09
5.0166386e-06
6.317056e-09
0.99999976
1.4851038e-08
0.99999976
4.5256602e-08
0.99999964
1.0267249e-09
1.046298e-06
1.1612562e-10
2.9333536e-09
2.3228615e-08
0.9999999
3.5691403e-09
6.88185e-09
2.2070909e-08
0.9999999
1.0
3.4482508e-08
1.1760334e-08
2.1816435e-12
6.111346e-10
1.0
4.0309253e-10
1.0
5.7368117e-05
1.0531118e-09
1.0
2.6026777e-08
0.9999957
1.0
4.750354e-09
0.9999528
0.9998
3.5198613e-10
0.99993145
4.9235394e-09
1.0
0.99999464
1.0
0.9999988
0.9999814
2.9677512e-06
7.852543e-10
1.3086405e-09
3.418486e-09
5.2552423e-07
1.0
0.99865997
4.2703494e-09
0.98737085
1.2771665e-08
1.0
1.0921079e-08
1.0729617e-08
2.2902262e-09
0.00013678569
0.99999905
2.9068588e-09
9.841604e-06
2.8626328e-09
1.0
4.9885274e-09
1.0
1.0
0.9998934
1.1610958e-08
0.99998724
2.0424307e-10
7.863639e-09
3.6632024e-08
3.774903e-08
1.0
8.603712e-10
0.98934793
7.694455e-09
0.99892336
0.020551177
1.9837097e-08
7.027464e-07
7.053331e-09
0.99999964
1.0
0.99999976
2.8630082e-10
2.6590627e-08
0.99813926
0.969492
1.0
2.7309444e-09
0.9989145
0.999228
4.542004e-08
7.824861e-08
1.2380273e-09
1.0
0.9999999
1.0629415e-09
1.0
0.9999975
2.709208e-06
2.982284e-07
1.1999945e-09
0.99999905
7.773695e-10
0.9997025
1.0
1.0648398e-07
5.116047e-10
6.8022285e-07
9.1595345e-09
0.9999999
0.99998367
0.9999993
0.99993944
2.535083e-07
1.0
3.9359313e-07
1.0
0.99999976
1.0
1.4034562e-07
3.906739e-08
7.2286435e-09
9.486733e-09
1.0
0.98856914
2.311916e-07
0.9999968
2.7280173e-10
8.786132e-10
0.99999905
5.6507743e-11
0.9999925
0.9999999
6.47795e-08
0.9998642
0.99999976
1.0
0.016958993
1.4333168e-07
0.99999976
0.9999702
0.0019673982
3.851886e-10
0.5570438
1.0
0.9999726
0.9999993
0.9999958
1.0
0.9999989
7.3170646e-08
9.309375e-06
0.9999851
6.151141e-10
2.3824368e-08
1.7219745e-05
3.2036618e-09
1.2437408e-09
1.1453644e-08
0.9999999
0.965417
4.5221116e-09
1.0
1.0
7.3331557e-06
9.421938e-10
0.99999976
7.834505e-09
1.0
1.0
0.99999917
0.1015867
0.99999416
4.7762105e-09
4.0571546e-08
1.0
3.4521122e-09
3.683956e-08
0.9999969
2.4788864e-09
0.8124084
7.161372e-09
4.520792e-09
0.9995135
2.7022945e-10
1.3998732e-08
6.3527e-09
3.2015986e-08
6.3259185e-09
5.65269e-08
4.94048e-07
0.9999857
0.9999999
2.1370304e-10
6.6850164e-10
0.9999969
7.653504e-08
2.8195624e-10
0.9999999
0.99999976
3.06925e-07
0.9999937
3.9761936e-08
0.9999999
1.0538331e-09
1.0
7.4586664e-05
4.755857e-09
7.1673806e-10
3.2431863e-10
3.8377657e-08
5.8752763e-09
1.1539882e-09
5.483914e-10
0.9999367
0.39736062
4.3868114e-09
0.9999701
8.979573e-06
2.586351e-09
1.446123e-09
2.4881804e-06
0.99999523
1.0
0.99997437
2.0808846e-09
7.576579e-09
2.0055285e-07
0.99972004
1.7108999e-08
0.9999989
6.2916126e-09
5.4925158e-11
1.0
3.1917562e-09
5.435971e-09
0.9999975
1.0
8.214633e-11
0.99999964
5.3799487e-10
3.0152267e-09
0.99999976
0.36523154
0.999998
2.8178687e-10
1.0
0.9999957
0.9999974
1.0
4.104407e-06
1.0
0.99960333
0.9999999
6.459301e-07
1.58147e-05
9.476353e-09
3.223664e-08
4.7272968e-09
1.0
7.265394e-10
1.0
3.1613112e-09
0.99897695
1.0
2.281602e-09
2.1241129e-09
2.8776037e-10
0.17111753
1.0
0.9999974
1.0
1.0
0.99996376
0.999767
4.6463144e-10
9.045232e-08
0.9838271
0.96430355
1.0571065e-09
0.99999976
0.9999888
1.0
0.99999976
7.6803747e-10
2.2732995e-06
0.9999976
1.0
3.8379303e-10
0.6791206
8.525745e-09
1.0
5.057408e-10
2.2636672e-07
0.9999999
0.99999356
0.917129
0.999997
0.9999931
6.5702275e-09
2.590478e-09
9.743157e-08
1.0
1.0
2.8884947e-06
1.0
0.99999607
0.9999999
1.0
0.9999995
5.2123097e-09
9.5394075e-09
0.9999999
5.303852e-09
3.2004722e-05
1.2813968e-09
0.99687946
1.1648611e-10
1.4116467e-08
1.4713524e-09
4.9018877e-07
1.0
4.58215e-09
0.99999774
3.4047505e-05
1.0
8.328208e-07
4.8835913e-10
6.503157e-15
1.0483021e-09
5.1009468e-09
6.222786e-09
0.68898064
1.34294424e-08
0.9999628
2.5912688e-09
1.0
2.0719932e-09
6.732303e-05
1.3424918e-06
0.16352755
0.9999999
3.6686052e-09
0.97086865
1.5242184e-08
1.0403386e-09
1.7284963e-09
1.0
2.9783198e-09
9.565388e-05
2.3465876e-08
6.492969e-06
1.0
9.55443e-09
1.0
0.9999999
0.9999447
0.9998266
7.134013e-08
1.0
0.99999976
0.9205847
3.8643244e-09
0.9999994
0.11752203
0.9999999
1.993971e-06
3.8419987e-08
0.99999607
0.9999987
1.4366053e-07
0.9999999
6.338397e-08
7.3597097e-09
3.7532906e-09
0.0012817956
1.0
0.9999963
3.3108907e-09
1.0
1.0
5.4704896e-10
1.0
1.0
0.9999107
0.99999523
0.99998534
4.923514e-08
3.8613127e-08
1.0
1.0072548e-08
1.0
1.45047725e-08
1.0
0.99999976
0.9999999
1.0
3.1261083e-09
1.0
1.0
2.6730337e-10
0.99999976
2.9391107e-09
5.1282227e-09
1.5557277e-09
1.22773e-09
1.4939765e-08
3.826486e-09
1.0
0.99943715
0.99999964
3.5829103e-07
0.9999976
0.99162334
2.8705165e-07
1.994065e-09
0.9999865
0.9999701
2.9994471e-09
0.9999963
0.99999917
0.99999976
3.4227985e-09
1.0
1.7987315e-08
0.9999999
1.317492e-08
1.737594e-08
1.1374525e-09
0.99999774
1.7685857e-09
1.0
2.56362e-10
0.99999845
7.117106e-08
2.6139261e-08
0.99991167
1.0
1.1430464e-05
1.0
0.99999976
3.0156295e-09
0.99992037
9.672551e-09
1.3002714e-08
1.4402516e-05
2.3089592e-09
0.9998951
0.0012978022
0.9999995
0.9999882
0.99964476
4.4573643e-09
1.0
2.2939192e-10
0.9996247
1.9051114e-08
2.532581e-08
3.673284e-08
1.2380398e-08
1.0
3.8181835e-08
0.99986994
9.6462225e-09
1.0
0.9962824
6.923655e-08
0.9999999
6.8266157e-09
3.0930266e-08
0.9999989
3.0311352e-07
8.8850893e-10
0.9999999
1.0
9.780186e-09
0.0018866541
1.0
3.9132758e-10
9.7048165e-09
1.0
0.00019544888
4.5278425e-09
1.2462871e-08
1.9854338e-10
7.931101e-10
2.4736169e-08
1.062451e-09
0.99996436
0.99999976
0.9989058
3.403957e-09
4.2896172e-08
0.9999548
2.9906055e-08
4.634987e-09
0.9589924
5.7543268e-08
0.99999976
1.0
0.9999999
1.0
3.0662988e-09
7.647912e-09
0.99908006
0.9999999
1.0
0.999995
0.9999993
1.5755679e-09
1.0
1.500164e-08
1.0
1.0
1.2365696e-08
2.0985624e-06
2.73641e-08
4.9701e-10
0.9999969
0.99999523
0.99999166
1.6137662e-08
1.0
1.5606849e-09
1.0
1.0903491e-08
0.99999964
0.99999833
0.9999993
1.0
0.9999951
7.2138334e-10
6.3974565e-10
8.3289935e-09
0.9998159
0.99998987
0.9980367
2.7859284e-09
1.0
1.0
1.0
2.343117e-08
0.99999976
3.456163e-07
0.9999957
0.99999774
1.0
3.212419e-08
1.6648043e-07
1.0
2.1274702e-09
2.263933e-09
1.9730477e-10
0.9999999
8.221203e-07
0.9143673
0.9999776
0.9999776
8.873368e-06
9.541531e-10
0.9991666
1.0
4.3429536e-09
1.0
0.99985063
3.1311583e-08
3.4942171e-09
3.8010606e-10
2.2420346e-09
0.9999995
3.1021592e-09
2.2814372e-06
0.999879
0.9999908
1.251391e-09
6.1828094e-09
0.9999999
1.3812116e-09
0.9992405
2.4346491e-08
1.686547e-07
3.4688455e-08
8.258787e-09
0.99999523
9.208371e-09
6.463516e-10
0.9999995
2.0459652e-08
1.9643988e-07
0.9999026
7.496137e-05
9.575228e-07
2.2149797e-07
6.388354e-08
5.000676e-08
0.99999964
0.9999999
0.9999993
2.9664593e-09
0.9999783
2.1690447e-10
0.99999785
8.5821564e-05
1.0
0.99999917
1.0
0.9999416
2.3724423e-08
1.6794527e-07
3.7489492e-08
0.9974654
1.0979026e-06
0.8978035
2.8427929e-05
0.83762246
3.018111e-08
0.9989772
0.99976116
1.335597e-07
0.99988914
0.9930769
1.0
0.9999901
0.9999993
3.2638727e-08
4.9022777e-09
0.9998369
6.385051e-05
4.6283287e-08
1.9921583e-07
6.325306e-07
0.99980885
0.9999987
1.0
0.9999999
9.272737e-09
1.0
4.665568e-07
2.6865691e-06
1.3988235e-09
0.99995816
3.911457e-09
7.900652e-09
1.7244963e-08
1.0
8.323518e-08
5.3887836e-09
1.1968659e-08
1.4117806e-09
1.0082557e-09
6.3358443e-09
1.2948198e-07
0.99999857
1.0287818e-08
1.0
3.6196475e-08
1.5269421e-08
1.26849224e-08
0.99999845
0.84927475
2.0703497e-09
1.13702946e-07
1.0
0.99999213
7.3206735e-10
2.1500943e-09
1.0889104e-09
2.867307e-07
0.9763356
1.0
1.1639094e-06
0.99999857
0.99953485
0.9999995
1.4918323e-08
1.0
2.035649e-09
1.4898446e-08
0.019132411
1.0
9.026838e-09
5.481739e-10
0.9999943
2.42229e-09
1.5108347e-08
1.00519735e-08
1.2823214e-06
0.99999976
1.0
1.3639052e-08
4.281564e-06
0.9999999
9.363882e-08
0.5959636
0.9999956
7.2607427e-09
4.897072e-09
1.0
1.1858406e-08
2.733453e-07
0.99999976
7.68381e-08
1.0
9.126191e-09
3.1417933e-09
5.581656e-09
5.5540967e-13
1.3986742e-09
0.99999976
2.501818e-10
8.859152e-09
2.4883157e-06
0.9999999
1.0
0.9999703
0.9998896
1.0882627e-09
7.19438e-09
0.9999989
6.079177e-10
5.123757e-08
3.3430504e-06
2.8932095e-07
0.9999994
2.4687242e-08
1.5526763e-14
1.0
4.9707665e-09
1.6165963e-06
0.0001154274
0.9999373
0.99999404
6.310255e-08
0.99999774
2.0183863e-09
7.9809354e-10
0.28608984
0.9999994
1.5766711e-09
1.0
0.9999994
1.0138017e-09
1.2534042e-10
0.9999999
1.4975884e-08
1.0
2.4161725e-08
0.96944594
9.8815754e-08
2.6473929e-08
0.9999993
9.085086e-08
4.5436654e-09
0.97912323
0.99999964
1.2173751e-08
1.1912496e-08
1.0
0.99999857
1.0
0.9999999
0.9999999
0.99999785
1.0
1.4719203e-08
1.0
5.677562e-09
0.0002490209
3.4864547e-09
3.645484e-08
1.0
4.132638e-09
0.999998
0.99999964
3.2640641e-09
3.484746e-09
1.1532279e-07
1.7043499e-08
0.999998
4.6455267e-07
0.9999987
5.6557936e-09
1.8730516e-08
1.0
0.99999917
0.99999857
0.9997218
1.0381156e-07
0.9999802
8.022792e-08
3.9584565e-06
9.597026e-08
2.5907746e-05
9.1577645e-10
0.99999845
1.4329055e-09
1.4781209e-08
6.073614e-10
0.00067479606
0.99999845
0.9999999
0.99999666
1.0
0.9999988
0.99231416
0.9999912
0.9999988
8.2204343e-07
0.9999956
1.0
3.587888e-10
0.7426417
1.0
5.255372e-10
0.9999974
1.8257614e-08
0.9999999
1.0
1.0
1.0
1.0
0.9999999
5.2772826e-09
3.417358e-09
1.3814152e-08
8.446628e-09
1.1438777e-08
2.2561393e-09
3.962804e-10
1.0
0.99999964
0.99994993
2.5351087e-08
4.600192e-08
1.6729786e-07
7.711309e-08
5.9294374e-09
0.00012156925
3.0950154e-08
0.9999968
9.272016e-08
0.99999964
7.77156e-10
0.8762768
1.0
1.0
1.0
9.0676444e-10
0.9999982
4.38132e-07
0.9547973
2.55325e-10
4.689536e-08
2.3673332e-09
5.436842e-09
0.9999999
1.6053597e-09
1.3265992e-07
0.9999994
1.0
1.0
4.4698707e-09
0.9999981
0.99987507
1.0
6.607335e-10
3.81834e-10
1.0
0.0025101474
4.063844e-09
1.3124014e-06
0.7766102
0.99999976
3.854041e-09
8.995258e-07
0.9999974
0.99990106
8.4007254e-09
0.9999999
9.8822355e-08
7.0280572e-09
1.6605127e-10
1.0
0.9999995
3.804762e-09
9.5931245e-09
2.0594784e-06
0.99991536
4.6490444e-05
0.99969995
1.8538083e-09
1.0
7.2687484e-10
8.2457564e-07
1.0
1.0
1.0
1.0
4.1656287e-05
1.0
6.7127077e-09
4.1218715e-07
1.8828533e-10
0.9999999