0.99999785
1.0
4.8453863e-09
0.9999964
2.9094673e-08
8.044593e-09
1.545235e-09
1.0
2.4027763e-08
0.94503874
1.0313855e-07
1.2639849e-09
8.379953e-09
7.0615642e-06
1.0
6.008668e-08
5.9087014e-08
0.993004
5.373127e-06
0.99345434
0.999411
4.3035488e-08
1.9801904e-08
5.5121676e-09
1.3430422e-07
0.00017751005
0.011529008
0.9982822
2.714277e-07
0.9999999
1.991826e-09
3.8781934e-07
0.0035947196
3.3117347e-05
3.147937e-08
2.5268334e-09
0.9999541
0.99998856
1.0
0.99999964
1.5965432e-05
0.3602781
9.663404e-09
4.578848e-09
3.5667926e-09
5.9635397e-07
0.99999857
0.9934924
4.4520046e-08
0.9999994
0.9999857
2.7707143e-09
0.99999964
0.9999994
0.6873643
2.1031052e-07
0.99999976
0.0011594611
7.783792e-08
5.9812983e-06
0.9999999
0.9999999
0.9999988
3.5880078e-08
0.76009643
0.84561825
1.0
1.9909534e-08
0.56272274
0.9999994
0.9999999
1.03827915e-05
0.9360497
0.1413453
2.6828254e-10
3.2424026e-09
6.345568e-09
0.99999976
1.3459394e-08
3.0230296e-09
1.4986533e-09
5.1681877e-09
1.27296405e-08
1.0
0.9999963
1.0385646e-08
0.9999993
1.0
0.9999988
0.9989354
2.8796312e-09
2.2456563e-08
0.99999905
1.0
9.817181e-11
3.590152e-06
0.99999034
0.9993255
1.0
0.9999999
3.8494733e-08
3.4790897e-08
1.03183755e-08
7.19836e-09
3.6719234e-09
4.8872586e-08
8.566676e-09
0.9999808
0.9999939
1.0
7.515061e-07
7.756519e-09
0.9999987
4.2877684e-08
2.2412303e-07
7.923299e-10
8.293218e-08
0.10789241
0.99999654
0.8798096
0.99999964
1.0
3.1443386e-05
0.9999999
1.1557185e-05
0.9999989
6.1016783e-07
1.7727169e-08
5.369116e-09
0.9998217
0.99999595
0.9998784
4.2202704e-08
0.9998265
3.6167613e-09
5.1965987e-08
0.15165478
1.0
2.4408983e-08
4.654302e-08
1.0
6.093447e-09
0.99790394
4.0475916e-09
0.9997929
1.4639351e-08
1.257541e-08
6.0481814e-10
1.0924714e-06
3.3226637e-09
1.0
0.999819
5.164453e-09
9.13587e-10
4.8351226e-06
2.260589e-09
1.0
5.098904e-09
1.0690315e-08
0.9997111
1.0
1.0
0.2643061
1.0
0.9999887
1.6371006e-07
1.0
0.9999924
9.545873e-08
6.54529e-08
8.763312e-08
1.8684309e-06
6.281865e-05
0.15059891
2.2195693e-06
3.3763983e-09
3.8121914e-06
1.0
1.224878e-05
1.3664263e-07
0.7719706
3.765904e-09
1.6030006e-09
1.0
0.99978644
1.0
5.124918e-09
2.7004836e-08
4.854711e-09
0.9999999
6.830549e-09
0.99999976
0.99999976
0.9999999
4.8144957e-05
4.9254534e-10
2.6355128e-08
0.9996382
1.9258742e-08
4.155275e-09
2.0878726e-06
0.9999988
0.9999995
0.9999999
0.9999994
1.0
2.0025476e-05
1.0
9.818281e-06
4.8103875e-06
6.904135e-09
1.8162298e-09
1.0
2.594874e-07
2.8635135e-08
1.4258946e-07
5.1083198e-08
0.055823594
1.5098557e-07
1.5534518e-07
3.30719e-10
0.9999993
5.4675587e-07
6.29316e-09
1.8088395e-08
1.0
0.9999956
8.927044e-06
1.3440693e-08
1.618578e-08
0.99999976
1.45165355e-08
0.77041507
8.856942e-08
0.99934655
2.2882969e-05
0.99999964
1.0
1.2641422e-08
7.779633e-09
2.313007e-08
4.87652e-09
1.0
0.99981874
0.99849284
3.0425365e-08
5.14179e-08
0.00017267739
1.8647993e-08
0.0010566243
1.0
2.1529104e-08
0.9993826
3.0312588e-08
4.6235726e-08
9.665123e-08
0.99999654
0.9998565
0.9999995
0.9999999
1.0
4.141983e-08
0.99999976
0.99998975
0.6136811
9.23648e-06
7.308107e-09
8.879926e-09
0.2678379
0.99999785
1.376325e-05
0.014386831
4.8852615e-09
1.3561005e-07
0.99997616
4.7174008e-06
0.31521657
2.9817144e-08
0.99998903
0.99997187
1.0
1.0
4.4879216e-09
3.0972698e-09
0.99999976
0.99999964
1.8879247e-09
1.0
9.5799955e-09
1.788912e-08
0.98072976
0.99999905
0.99783045
4.0011017e-08
0.9999747
1.4140676e-05
0.08407332
0.999984
1.2697612e-07
1.0
1.6084991e-08
3.869511e-08
0.8325784
0.9999976
1.0
7.002285e-05
0.99998856
1.0429136e-05
1.0
5.5197777e-08
2.4320963e-08
0.016732013
1.0
0.9999918
1.0
3.476562e-08
1.8361146e-07
3.9166603e-09
0.9999881
1.3975095e-08
5.020521e-07
2.6575067e-06
9.153683e-09
1.9349613e-08
0.9999999
0.9999918
2.714541e-06
3.683703e-08
5.753789e-08
0.99998784
0.44262183
1.2966797e-09
0.99999976
0.9999994
0.94980633
4.3780865e-08
0.9999999
0.99999976
6.5397177e-07
4.0250727e-09
9.233803e-09
3.5843897e-08
0.99999857
1.8499794e-09
0.99999034
0.8084117
0.9809099
1.0
0.99999964
0.999997
0.99994373
4.971743e-09
1.0
1.5143594e-09
0.9999852
4.26766e-10
1.36921985e-08
0.99999917
1.0
1.0
5.724016e-06
0.9999832
4.735321e-08
3.6731773e-09
7.633568e-06
5.4796403e-09
0.9987897
4.0321024e-07
4.749448e-09
2.5873687e-08
2.7540661e-08
2.3814325e-08
1.0
2.721081e-09
5.5766867e-09
6.0164577e-05
0.99999917
0.9998161
9.941367e-09
3.7344194e-08
1.0
0.99999666
0.99974865
3.078901e-07
1.2348544e-05
0.99987555
0.9999995
1.4160962e-08
2.3179084e-06
0.9999918
1.0
2.7076094e-06
5.6942633e-09
1.3812111e-05
1.285091e-08
0.9999987
0.9993462
1.4227433e-07
2.785211e-09
9.631314e-07
4.475074e-09
0.99596655
0.99999905
1.8739485e-08
0.9978623
7.6329394e-07
0.9999999
0.99999917
1.0
4.0550097e-09
0.9999589
2.1834452e-09
0.9999999
0.99999964
3.9790824e-09
2.736779e-09
0.99990404
6.4614363e-09
0.9999999
7.5234304e-08
8.491178e-09
4.497339e-09
1.4510556e-08
1.8663566e-07
0.9999999
1.0
0.99999785
2.2335353e-10
1.3555499e-06
3.2669516e-06
8.886148e-08
0.99999976
3.3912553e-09
0.00041924044
1.5423655e-07
1.0487386e-08
0.9999989
0.94187665
0.9821046
2.4731108e-09
2.402578e-09
3.0180445e-06
1.4625249e-09
0.99998295
0.9999999
2.0276718e-07
0.9999944
0.99999964
2.1401938e-08
0.99999964
0.99998534
3.0495976e-05
0.9949586
1.4092764e-08
8.2958584e-05
1.6294537e-08
1.0
0.99688077
1.0411733e-07
1.5183651e-09
1.0
1.0
2.2842148e-09
0.99272996
6.405619e-08
1.0
0.99999344
0.01456882
2.0770976e-09
4.5544617e-08
2.7915043e-08
1.7591689e-09
0.9999999
1.0
1.1049835e-08
0.99992716
0.99871147
4.8005894e-08
0.9999981
3.8459143e-06
7.4246124e-08
5.43253e-09
1.2247697e-08
0.9999995
6.070041e-08
1.6843764e-05
1.3882761e-05
0.9999999
0.9999988
1.4882372e-08
0.7565957
0.99995565
1.0
0.9997763
0.00043051687
4.295678e-06
1.0
5.211383e-07
3.9491213e-05
0.9998016
3.058524e-09
0.99999833
8.7325944e-08
1.5920617e-09
0.9994141
0.999997
8.7820746e-07
1.5969947e-07
3.3508065e-09
0.01952398
1.42071706e-08
0.986986
3.6392784e-09
1.0
1.0706436e-08
1.261103e-08
0.9999995
8.3746585e-05
2.6228193e-09
6.105281e-08
0.9999999
0.1958754
7.526947e-08
0.999892
1.0
0.99895334
4.838227e-07
2.865867e-09
0.9999337
2.6727445e-09
0.9999888
3.4558428e-07
6.945085e-11
4.73697e-07
1.08665565e-08
4.092968e-09
4.184528e-09
1.0651699e-05
1.0833942e-08
0.99999845
5.3904824e-08
0.99999726
4.1952784e-08
0.9999999
2.4154387e-09
2.6878581e-06
1.918716e-09
9.558417e-10
6.707268e-09
0.9999943
4.4109583e-09
1.7537792e-08
1.823875e-08
0.9999994
1.0
3.8031676e-08
4.295446e-08
1.723402e-07
5.226227e-09
0.99999845
5.181087e-09
0.9999995
1.4742403e-06
3.9008548e-09
0.99999964
1.2736116e-07
0.99999845
0.9999989
5.5472897e-09
0.99999404
0.99993527
3.4515062e-09
0.9997991
1.5888046e-08
1.0
0.9999871
1.0
0.9999999
0.9998653
3.3463327e-06
2.6720717e-09
1.3531674e-08
2.2825523e-08
2.044432e-06
0.9999999
0.937359
1.4050278e-08
0.60397077
1.4974912e-08
1.0
7.520457e-09
2.255108e-08
1.31502e-06
0.00012523406
0.99995387
5.106574e-09
4.4427607e-06
1.8457817e-09
1.0
8.103745e-09
1.0
1.0
0.99790215
3.4938703e-09
0.9560071
1.6003795e-09
1.9856024e-08
4.1729642e-08
2.1603517e-08
1.0
9.960366e-09
0.93080014
1.589626e-08
0.99995124
0.044600308
3.3209673e-08
7.6937226e-07
1.6191246e-08
0.9999976
0.9999995
0.9999857
7.586213e-12
1.3187741e-08
0.9987458
0.21419059
0.99999976
6.2530185e-09
0.9995641
0.9358962
5.1667804e-08
4.5547306e-08
5.4934013e-09
1.0
0.9999999
8.765209e-10
0.9999999
0.999972
8.584698e-06
2.8885972e-07
7.4789455e-09
0.9999937
3.971324e-10
0.99950385
0.99999964
2.5551557e-07
3.4421246e-09
1.3265767e-06
1.5660814e-10
0.9999999
0.99987733
0.9999981
0.99971
1.5662285e-07
0.99999976
4.3858557e-07
1.0
0.9999963
1.0
4.2121787e-06
2.4348589e-07
3.956726e-09
4.3846132e-08
1.0
0.8957074
4.6318127e-07
0.99998
2.0853783e-09
4.6803383e-09
0.99998677
4.1346915e-11
0.9998851
0.99999964
5.977473e-08
0.9997625
0.99994385
0.9999995
0.15206689
2.8739265e-07
0.99999857
0.9998029
0.003952485
4.5920956e-10
0.123430826
1.0
0.9999275
0.9999993
0.9999877
1.0
0.99998033
4.966947e-09
4.9490804e-06
0.99949014
2.0134763e-09
4.5943256e-08
1.837658e-05
8.6458956e-09
3.2424394e-09
6.036835e-08
0.9999968
0.8137659
2.123968e-08
0.9999919
0.99999976
0.00023360978
2.8242355e-09
0.9999995
2.3575609e-08
1.0
1.0
0.9999856
0.0034768905
0.9999907
4.930212e-09
4.066007e-09
1.0
1.01053e-08
9.8719305e-08
0.99987745
7.1197097e-09
0.23293081
4.840659e-08
1.774388e-08
0.9964749
3.4137164e-09
2.6888117e-08
1.32170275e-08
8.504002e-08
7.743008e-09
3.973851e-08
5.393997e-06
0.99998665
0.99999857
5.369669e-09
6.818534e-09
0.9999745
1.8361341e-07
2.243613e-09
0.9999994
1.0
9.568893e-07
0.99996233
3.2079985e-08
0.99999964
3.493717e-09
1.0
7.1316455e-05
4.792611e-08
4.445325e-09
3.018849e-11
2.6831914e-08
2.8837439e-08
4.3323967e-09
2.088515e-09
0.9998554
0.01588646
2.2741869e-08
0.9999416
6.9352855e-06
9.144295e-09
2.1141657e-09
9.881461e-06
0.99998164
0.9999995
0.99905664
5.5420655e-09
3.9490788e-10
1.9122402e-07
0.99542636
2.8182802e-08
0.99999523
2.7008854e-08
4.51504e-11
1.0
5.6725504e-09
1.522359e-08
0.99999297
1.0
4.0301085e-11
0.9999995
5.0935487e-09
1.1381626e-08
0.9999995
0.012968109
0.99993396
2.0982254e-09
0.99999976
0.99999785
0.99986506
1.0
1.2424084e-05
1.0
0.999972
1.0
1.98655e-07
0.003155497
1.1571014e-07
1.5597484e-08
9.438652e-09
1.0
5.009523e-09
1.0
1.6688865e-09
0.9992963
1.0
4.1820063e-09
8.232146e-09
2.5017952e-09
0.5393462
0.9999999
0.99999666
1.0
1.0
0.98846686
0.9991999
7.598722e-09
5.0099075e-08
0.99727446
0.9468876
5.400699e-09
0.99999917
0.99998903
1.0
0.9999988
4.3907122e-09
9.322034e-06
0.999992
1.0
3.4400047e-09
0.06583508
1.1527569e-08
1.0
5.5847122e-09
1.5968759e-07
0.99999976
0.9999993
0.14599483
0.99999547
0.99999285
4.6599155e-08
4.790352e-09
1.2641391e-05
1.0
1.0
1.415423e-07
1.0
0.99996185
0.9999999
1.0
0.9999995
8.365771e-09
5.3710032e-08
0.9999999
1.30539295e-08
2.3037597e-05
2.1841158e-09
0.9999485
1.6201959e-09
2.1355982e-08
1.3592929e-08
2.2375976e-07
1.0
4.7620112e-09
0.9999877
0.00015809486
0.9999863
1.3802426e-06
1.5803435e-10
7.47241e-18
3.998043e-07
1.0750493e-08
6.03476e-09
0.3967616
1.5072196e-08
0.99985874
6.446861e-09
1.0
5.746975e-09
0.00015453201
2.0214085e-05
0.67160887
0.99999905
1.9690608e-08
0.90563047
2.6525067e-09
3.0075533e-09
8.203306e-09
1.0
8.349097e-09
0.0013230281
5.0937548e-08
2.7361757e-06
1.0
3.5028047e-09
0.99999976
0.99999917
0.9998419
0.9966097
9.474568e-08
0.9999995
0.9999988
0.21338174
1.2017152e-08
0.999998
0.013668048
0.99999964
3.0608226e-07
8.795546e-08
0.9999964
0.9999809
1.8423556e-07
1.0
1.120182e-07
7.464424e-09
5.0951147e-08
0.004294402
0.99999964
0.9999889
2.2691424e-09
1.0
1.0
1.7690681e-09
1.0
1.0
0.9998417
0.9999509
0.99997854
3.1055645e-08
6.360062e-08
0.9999994
1.04696785e-08
0.99999845
1.7543849e-08
0.9999994
0.99999666
0.9999962
1.0
3.307026e-10
1.0
1.0
2.1746713e-09
0.99999857
1.6716623e-08
4.2767154e-09
3.2733285e-09
3.3395897e-09
3.2089286e-08
2.777181e-08
1.0
0.7550418
0.99999964
7.655182e-08
0.9999448
0.40886062
2.834132e-07
4.933401e-09
0.9999585
0.9999194
4.5189406e-08
0.99999654
0.9999963
0.9999974
9.446649e-09
1.0
4.844684e-09
0.99999976
1.9217131e-08
1.114823e-08
9.212113e-09
0.99991
6.312865e-09
1.0
2.0491393e-09
0.9999088
4.6104162e-08
1.8235747e-07
0.9995528
1.0
7.3905367e-06
1.0
0.99999845
8.227594e-09
0.99385685
1.8611145e-08
6.688568e-08
1.9723611e-05
1.766909e-10
0.99967873
0.0030507632
0.9999887
0.9999386
0.99424076
6.6094183e-09
1.0
1.3622042e-09
0.981201
3.5025863e-08
8.7860734e-08
1.3825755e-07
3.074165e-08
1.0
3.9814225e-08
0.99957174
2.3950891e-08
1.0
0.9565865
6.4127946e-08
0.9999989
4.4562867e-08
2.8277945e-08
0.9999963
7.1234316e-09
3.9527737e-09
0.9999964
1.0
9.864604e-09
0.0024904546
1.0
5.4839067e-09
1.08713465e-08
0.9999999
0.026604544
7.3550783e-09
2.050273e-09
1.4398094e-09
7.1320505e-09
3.4130018e-08
5.416356e-10
0.9999893
0.99999964
0.99906987
1.2490285e-08
3.339222e-08
0.99989617
5.7208445e-07
2.5845425e-08
0.96809846
1.2733129e-07
0.9999945
1.0
0.9999999
0.99999964
1.8811429e-08
3.463885e-09
0.9980584
1.0
1.0
0.9999479
0.9999629
6.542828e-09
1.0
4.1153037e-08
1.0
1.0
1.1360004e-08
7.9200945e-06
7.251584e-08
4.1420525e-09
0.9999949
0.99999785
0.9999975
5.5121287e-08
1.0
5.554783e-10
1.0
1.2357208e-08
0.99999475
0.9999893
1.0
1.0
0.99999523
4.1661092e-08
3.004274e-09
6.973541e-08
0.9996197
0.9999994
0.19456351
3.5121444e-09
1.0
1.0
1.0
2.1312592e-07
0.9999995
2.0919133e-07
1.0
0.99992347
0.99999976
4.4731987e-08
3.3684466e-07
1.0
7.2056094e-10
9.7782085e-09
1.5989607e-09
0.9999994
5.1822985e-06
0.6859336
0.9999374
0.99954814
1.2263203e-05
4.086354e-09
0.9998776
0.9999999
7.1484614e-09
1.0
0.9641216
2.6797393e-08
6.8495574e-09
1.3767493e-07
9.6879305e-09
0.99999356
5.789509e-09
1.8045425e-06
0.99993944
0.99997437
3.3771002e-09
5.595222e-10
0.99999905
5.3478675e-09
0.99945134
8.550503e-08
9.619421e-08
2.9905576e-07
3.7557326e-09
0.9987929
3.6425998e-08
3.6749574e-09
0.9999988
5.4408172e-08
5.520619e-07
0.67379206
2.4217026e-05
2.8057275e-06
3.1920993e-07
2.373158e-07
6.2894074e-08
0.9999963
0.9999932
0.99999964
7.567567e-09
0.9929876
1.9690225e-09
0.99998
3.4795445e-05
1.0
0.99998355
0.9999999
0.9999974
1.0017774e-07
5.4652804e-07
4.6374737e-08
0.96401477
2.827833e-07
0.71923304
8.587105e-06
0.9493766
3.2781347e-08
0.8652601
0.56041515
2.4979778e-07
0.9999167
0.97306687
0.9999999
0.9999993
0.9999974
5.3065058e-08
1.4429057e-08
0.9999808
0.00010941663
6.588163e-08
1.7567427e-07
2.7597773e-06
0.99298483
0.9999989
1.0
0.9999981
1.2751218e-08
1.0
3.7986695e-07
9.831376e-07
2.026861e-10
0.9910904
2.050012e-08
8.421501e-09
2.521779e-08
1.0
1.8322063e-10
8.088535e-09
7.6822715e-08
1.8614909e-08
2.6088394e-09
2.5997009e-08
4.7093813e-08
0.9999938
1.4493323e-08
0.9999999
2.9736583e-10
1.4019199e-08
1.6298226e-07
0.9999964
0.92672026
5.268442e-09
2.6187024e-07
1.0
0.99997723
4.0003516e-09
5.2123e-09
1.6792487e-08
1.434519e-06
0.9982128
1.0
6.2829185e-06
0.999997
0.99383754
0.9999987
3.8596113e-08
0.9999999
5.387961e-09
7.228757e-08
0.052408084
0.9999976
2.6949726e-08
3.3253076e-09
0.9996531
6.552594e-09
1.07833756e-07
1.1632349e-08
1.3578837e-05
0.9999988
1.0
8.7828894e-08
6.497002e-05
0.9999988
2.5847993e-07
0.20089386
0.9999534
1.4386626e-08
1.1317269e-08
1.0
1.6377637e-08
9.371616e-07
1.0
3.4193195e-07
0.99999976
8.202539e-09
3.2722485e-09
2.2950453e-09
2.9758522e-11
2.4212785e-09
0.9999957
1.9647868e-09
4.689607e-08
8.685402e-06
0.9999999
1.0
0.99946696
0.99983907
1.5766454e-07
3.1647332e-08
0.9999665
8.5662466e-10
4.0218442e-08
1.0962808e-06
1.9444035e-07
0.99998856
2.865344e-08
8.494898e-14
0.9999999
2.9570668e-08
3.073121e-06
5.939678e-06
0.9982614
0.99996746
3.9219398e-08
0.9999962
1.239597e-08
4.9454503e-09
0.000900116
0.9999995
3.2868612e-09
0.9999994
0.99998736
3.7686925e-09
2.265151e-09
0.99999976
2.8381802e-08
0.9999999
7.570154e-08
0.34487304
8.097658e-09
8.56454e-08
0.99999607
2.3517673e-08
2.7044424e-08
0.30619147
0.9999999
3.9197186e-08
1.0490696e-10
1.0
0.9998733
0.9999987
0.9999962
1.0
0.9999951
0.9999995
2.1440249e-07
1.0
5.5701164e-09
0.00016033761
8.529307e-09
5.653402e-08
1.0
1.5377328e-08
0.9999782
0.99997556
1.0588909e-08
6.869693e-09
1.00047146e-07
4.076306e-08
0.9999908
2.961854e-07
0.9999913
1.5810837e-08
1.8342327e-08
0.99999905
0.99994946
0.99999
0.99996305
1.6376862e-07
0.9999788
5.3497782e-08
3.2511625e-06
4.2934403e-07
0.00089103373
5.3456546e-09
0.99997365
5.1651816e-09
3.136753e-08
4.4721817e-09
0.000105471
0.9999999
0.999998
0.99999034
1.0
0.9999988
0.7831857
0.99997795
0.9999962
1.519117e-06
0.87979835
1.0
1.9474897e-09
0.9859358
0.99999964
1.7575859e-09
0.9999987
2.025858e-08
0.99999976
1.0
1.0
0.9999999
1.0
0.99999917
2.8207918e-08
1.7021733e-08
1.1974801e-08
7.271872e-09
2.8281647e-07
4.3583775e-10
2.1617563e-09
0.99999964
0.99999785
0.9998703
5.436989e-08
3.836002e-08
5.719426e-10
5.6866895e-08
5.788051e-09
0.00038471876
4.4509605e-08
0.999912
3.7353862e-09
0.99998546
4.0019925e-09
0.1455252
0.9999999
0.99999964
1.0
1.1966278e-09
0.99967515
1.0891705e-06
0.9999207
2.5485563e-09
4.224627e-08
4.3095674e-09
1.0976838e-08
0.99999964
5.9506466e-09
3.6213748e-07
0.9999993
0.9999999
1.0
3.6093756e-08
0.9999888
0.93524414
1.0
1.7493051e-09
1.534948e-09
0.9999999
0.0056196637
7.840619e-09
3.784668e-06
0.85415053
0.99999666
3.2616059e-09
3.0148485e-06
0.9999975
0.99974555
4.3854747e-08
0.9999993
1.0041208e-07
2.1315268e-10
1.404786e-09
0.99999976
0.9999999
9.954454e-10
1.2496433e-08
1.2615461e-05
0.99697506
1.1468001e-05
0.9995788
1.0385953e-10
0.99999976
1.98028e-09
1.0264738e-06
0.9999993
0.9999999
0.9999994
1.0
2.8641978e-05
1.0
9.861161e-09
9.487693e-07
7.7008083e-10
1.0