0.99820447
0.9998801
0.0011138434
0.9985738
0.0029061493
0.00016864858
0.00011530628
0.9999119
0.0032301224
0.7046815
0.00067110127
8.4121086e-05
0.00045358873
0.048325293
0.99922335
0.00082680857
0.001138404
0.88089895
0.0020080914
0.9562672
0.9518518
0.0016001208
0.002359104
0.00017597464
0.00084741676
0.016044332
0.90945125
0.9847425
0.01711546
0.9990779
8.931407e-05
0.016373502
0.49905118
0.03019414
0.024260493
0.0003818319
0.997198
0.9961224
0.9998435
0.998889
0.0013577673
0.6927415
0.00044632345
0.0007765538
0.00020284204
0.0045303064
0.99867344
0.95498735
0.0006039442
0.9991788
0.9769927
0.00030567282
0.99898297
0.9971232
0.9301036
0.0017023569
0.99594647
0.023548547
0.0013780199
0.007957258
0.9996388
0.99862266
0.9987124
0.0033503375
0.9651976
0.95162785
0.99981016
0.0020834892
0.9560345
0.99932265
0.9995565
0.0071882284
0.9892179
0.13425623
0.00020591097
0.00010331983
0.00021033104
0.99854773
0.0024130703
0.00043107104
0.00040056012
0.00015541582
0.00077095453
0.9962536
0.99759346
0.0003397943
0.9973143
0.9998336
0.9937908
0.75201565
8.523385e-05
0.0003908633
0.9992223
0.9992594
0.00034730937
0.009699078
0.986629
0.96706814
0.99995613
0.9994149
0.0033202781
0.0031792358
0.0003895452
0.00034122754
0.0004432793
0.0019621116
0.0001383902
0.9930147
0.99524325
0.99220204
0.0020122984
0.0015326958
0.93021345
0.0012775247
0.015058533
0.00020060057
0.0011568657
0.040641405
0.99942267
0.9244349
0.98832846
0.98338324
0.019363983
0.9998147
0.0042715287
0.99794704
0.0022223452
0.0011426073
0.00052725925
0.9754578
0.9953284
0.88021135
0.0019037874
0.9788209
0.0003558178
0.00056898524
0.7338841
0.9994678
0.004013923
0.00062803744
0.9948598
0.00050532917
0.97840685
0.00034303844
0.8832795
0.0008610438
0.00014230832
0.0004286248
0.0009635658
0.00086375925
0.9985152
0.981739
0.00072076585
0.0003126939
0.0019395689
0.00035142267
0.9995722
0.00016414147
0.0003863972
0.91739535
0.99949074
0.9996499
0.42724
0.99852765
0.99840635
0.0012955792
0.9999573
0.9954183
0.0036957068
0.00068172964
0.00079071964
0.00835291
0.011386636
0.60006267
0.004540679
0.0004057103
0.0053849122
0.9999759
0.0028391327
0.0011210996
0.2963017
0.00015434028
0.00016682179
0.9998722
0.92623115
0.99694604
0.0005459348
0.004227914
0.00058912236
0.99795437
0.00013772606
0.99975914
0.9995377
0.99922776
0.0141445855
0.00039890685
0.0024160785
0.9902396
0.005335737
9.803591e-05
0.0054350123
0.9942524
0.99756634
0.95301676
0.9989039
0.9997156
0.005870771
0.99970067
0.003247814
0.013157008
0.00045428603
0.00072020217
0.99971575
0.00050255726
0.0031135133
0.0040645613
0.00086685567
0.28894526
0.0011089187
0.0008969124
0.0011843629
0.99933726
0.00083190226
0.00031930525
0.0009092266
0.99966156
0.98824346
0.002425303
0.0011908829
0.00032374036
0.99230886
0.0025714
0.37513325
0.0039602495
0.9659454
0.08572664
0.9977748
0.9998796
0.0010764381
0.00018140132
0.0017617899
0.00038199357
0.9991646
0.97651154
0.90224516
0.0005208036
0.0034054061
0.006794966
0.0011328075
0.16447316
0.9999565
0.00034801287
0.9218123
0.007747729
0.00077020476
0.0011143533
0.99361444
0.974177
0.9511009
0.998953
0.99965525
0.00066663814
0.9995415
0.9861578
0.6225529
0.012333963
0.00021712748
0.00056789076
0.31296957
0.9987143
0.050265513
0.56478
0.00060649175
0.0010439841
0.94820774
0.13492233
0.40711293
0.0004938523
0.9884334
0.99710566
0.9999206
0.99989533
0.00029590406
0.00027810413
0.9933149
0.9692588
0.00038839292
0.999806
0.00012945666
0.002529904
0.85659814
0.99742305
0.9849229
0.00034017256
0.9729776
0.003943292
0.4052626
0.9802025
0.0022054897
0.99978703
0.007288439
0.0006371955
0.81239384
0.9982823
0.999946
0.027095385
0.9989353
0.011243442
0.9977564
0.00058137893
0.0009353506
0.74167496
0.9998721
0.99289906
0.99454284
0.0009023869
0.0010319955
0.0006675559
0.9871802
0.0006597693
0.0014927171
0.009197925
0.00014967134
0.00019445608
0.9998047
0.993718
0.0053921193
0.00091639924
0.00427134
0.9702679
0.641517
9.3600385e-05
0.9993641
0.9984724
0.71013707
0.0023061726
0.99911326
0.99955934
0.001287961
0.00013946668
0.00023805503
0.0005514959
0.9979153
0.0007388861
0.9973762
0.9067621
0.783193
0.9980088
0.99940586
0.9960538
0.92330784
0.00010783063
0.99942017
0.000688505
0.99049497
0.0001751188
0.00075654534
0.9978042
0.9998128
0.9998443
0.016576465
0.99200094
0.0009850191
0.00034922245
0.0048162667
0.0006409474
0.96197987
0.0016268975
0.00013793529
0.0026311285
0.0043732272
0.0005094264
0.99970216
0.0002824159
0.0002719881
0.013454546
0.9963456
0.75095224
0.0006290034
0.0016288256
0.9989085
0.9564008
0.9597709
0.0016550219
0.002458474
0.9366894
0.99961674
0.0015179305
0.0017861903
0.9943915
0.9998627
0.005510217
0.00048369507
0.01501006
0.002419408
0.98293453
0.9906632
0.0011029935
0.00020841636
0.0020938225
0.00036243454
0.91346425
0.995152
0.0011889294
0.77474445
0.040764205
0.99905175
0.9975611
0.9996166
0.0038469012
0.9930797
0.0011442112
0.99368155
0.99899167
0.00014028842
7.8310535e-05
0.9650413
0.00017976984
0.9998122
0.0010259467
0.00030197966
0.0005989813
0.00087025913
0.0012572746
0.9850797
0.99995923
0.99906975
0.0015208806
0.0019982574
0.0036734096
0.00051146577
0.9906784
0.0008768986
0.14665885
0.0014022419
0.00016931612
0.9991346
0.95728064
0.9614049
0.0003329326
9.171631e-05
0.00985481
0.00011328439
0.9907265
0.9997745
0.00035267608
0.99570507
0.99758494
0.004086839
0.99951804
0.98110217
0.016695017
0.5938139
0.00020074427
0.27234527
0.000877551
0.9990709
0.96845776
0.0005663929
0.0001772141
0.9970692
0.99992526
8.605726e-05
0.8139539
0.0016983608
0.99974185
0.9970022
0.639603
0.000115878895
0.00046132808
0.002423564
0.00014804993
0.99821836
0.9997197
0.0005992094
0.96392
0.9944476
0.002181971
0.9993932
0.0016438218
0.0018185681
0.0007370049
0.004618803
0.99954164
0.0008530107
0.019837791
0.009388563
0.9991622
0.99548787
0.0043616616
0.9128229
0.9213349
0.99983513
0.99501365
0.053790495
0.07944291
0.99989605
0.005875462
0.008992136
0.9595081
0.00087965396
0.99927753
0.0011112139
0.0001228175
0.97156423
0.99456465
0.0015340545
0.0048166527
0.00012675975
0.14518343
0.0014195389
0.97905374
0.00029878708
0.9993259
0.00148995
0.0012352085
0.99958295
0.0089890305
8.6339765e-05
0.0005544472
0.9997428
0.82117885
0.0004086829
0.987638
0.9999188
0.8219883
0.004532987
0.00011760063
0.9920115
0.00048683814
0.8431077
0.012186996
0.0002287094
0.0044531124
0.0004415851
0.0001614303
0.00056009385
0.015234172
0.0008055818
0.9989274
0.0045659817
0.99363786
0.0023916764
0.99347126
0.0011092642
0.0063113044
7.239594e-05
0.0004332972
0.00074786437
0.99581146
0.0003427841
0.0009046273
0.007639126
0.99579346
0.9999839
0.004924702
0.00069069973
0.00026821395
0.00038373677
0.9993185
0.00013609667
0.99945384
0.07048559
0.00054786325
0.9976102
0.0005956355
0.96372527
0.9985474
0.00048707624
0.98172724
0.97442347
0.00023077874
0.978626
0.00036176262
0.9999728
0.9936799
0.9989631
0.9416981
0.9893853
0.0030746872
0.00016643092
0.0010206234
0.00035126825
0.025098065
0.9999393
0.73890764
0.00025281194
0.69773823
0.0010188683
0.99643886
0.0003506443
0.000887667
0.0029816153
0.14523132
0.9980475
0.00027594157
0.015713034
0.00026819808
0.99969685
0.0006207763
0.99994814
0.99969006
0.9820433
0.00057519856
0.9615733
9.7948076e-05
0.005582942
0.0025121386
0.0012812525
0.99921477
0.0007375076
0.9402392
0.0007086175
0.9895202
0.6379556
0.0020874785
0.0028018847
0.00067933416
0.99764663
0.9964359
0.98414177
0.0009822114
0.0034046115
0.9898627
0.5306994
0.9989858
0.00020585857
0.9461718
0.8130069
0.002730394
0.0016879668
0.0006778593
0.99930954
0.99877447
0.0016353001
0.9997336
0.99502313
0.010070782
0.0012620889
0.00011470028
0.99798846
0.00014663262
0.6348467
0.9996197
0.0014912481
0.00013389552
0.0030133734
0.003049812
0.99837863
0.9678384
0.9975528
0.9675413
0.008366318
0.9997795
0.008590049
0.9993499
0.98412895
0.9994431
0.0027572329
0.0005972651
0.0011849914
0.0005137339
0.99196506
0.8203239
0.004163594
0.97254366
0.0001242801
0.0002039961
0.99402255
0.0006341901
0.9874785
0.9987062
0.0010358178
0.8767696
0.80446655
0.99890053
0.16367048
0.0016819991
0.99894994
0.97257704
0.61171246
0.0003473743
0.80385387
0.99971527
0.97979784
0.9966546
0.96660525
0.9992501
0.9913641
0.0009072786
0.0059690564
0.9639142
0.000112178685
0.0014963184
0.027321389
0.00017242203
0.00014005946
0.00064880593
0.9986135
0.74000436
0.0042831292
0.9994143
0.9997193
0.008593237
0.00029891732
0.9986229
0.0005035974
0.9997023
0.9998876
0.99802005
0.7685191
0.9954542
0.00051586225
0.00044576472
0.9995939
0.00090131495
0.00057074666
0.9791029
0.00019568198
0.7367511
0.0011520885
0.00023612274
0.8693768
0.00012625287
0.0009228003
0.00029825972
0.0008973808
0.0014989774
0.0018869478
0.007075497
0.9732732
0.99606174
0.0005065191
0.00017166055
0.9768337
0.0019687198
8.5922286e-05
0.9995466
0.997291
0.0011269432
0.9850734
0.00239384
0.9922593
0.00018024493
0.9999999
0.13595805
0.00046357207
0.00071816595
0.0008517055
0.005111597
0.00063025486
0.00015854275
0.00012147875
0.93885267
0.51413673
0.00047508633
0.98662853
0.0049751406
0.00021231145
0.002704005
0.0032977827
0.98802394
0.9989729
0.92415893
0.0003971336
0.0017722743
0.0028826348
0.9505412
0.0017005322
0.99801445
0.0010592807
0.0018014688
0.9998354
0.00032410971
0.00043034885
0.99382
0.99971443
0.00096313393
0.9981468
0.0003177977
0.0008114468
0.99152464
0.47524628
0.9348806
8.488459e-05
0.9995216
0.98995554
0.9702987
0.9993893
0.0041577322
0.9999348
0.9831523
0.99955326
0.0035675939
0.006488282
0.00053540553
0.0015711085
0.0005477849
0.9998629
0.000121275734
0.99980575
0.0013432347
0.97465646
0.99988735
0.00026437495
0.00017620852
8.5100495e-05
0.46179327
0.99911445
0.9921341
0.9999478
0.9999137
0.86568063
0.9620856
0.00011709396
0.009117027
0.98141986
0.90206116
0.00023498968
0.9972277
0.90129167
0.9995677
0.99740005
0.00014810316
0.006152167
0.98692024
0.99981886
0.0002524564
0.705528
0.0018918306
0.9982212
0.00011034506
0.0031849989
0.9990414
0.98595226
0.2343867
0.9848778
0.9039432
0.0003039142
0.00044808126
0.006217824
0.9993992
0.99988604
0.020039065
0.9998504
0.9966143
0.99823606
0.9999124
0.9776022
0.000287209
0.013293875
0.9987262
0.0009794743
0.010215344
0.00015178895
0.98071057
6.919913e-05
0.0004502785
0.00022615904
0.009510508
0.9998172
0.0011076755
0.9959408
0.024326136
0.99937445
0.0020224305
0.00036459247
5.6171517e-05
0.0011208989
0.00022198819
0.00050772465
0.73270965
0.0026897104
0.9792612
0.00040993956
0.9998807
0.0010797791
0.016322272
0.013678369
0.2303536
0.99720037
0.0040648915
0.9223507
0.0021182206
0.00056949956
0.0002253953
0.9998511
0.0015579825
0.17431666
0.005498716
0.119128965
0.99996936
0.00046839012
0.9989453
0.99267876
0.973822
0.9250074
0.0012091658
0.9613227
0.99900275
0.65910995
0.0008610959
0.9924608
0.29050246
0.9998683
0.012589951
0.0011109387
0.98864836
0.9927463
0.0044279154
0.99852896
0.001178126
0.0012682702
0.0009962497
0.29021278
0.999335
0.99546343
0.0016059498
0.9999492
0.99673575
0.00041693743
0.99990094
0.99983096
0.9809792
0.9862898
0.9937359
0.0034626022
0.001658831
0.99941134
0.0019340577
0.99894243
0.008208288
0.9981772
0.9980514
0.9447847
0.99917525
0.00052484317
0.99916935
0.99299675
8.364116e-05
0.9988925
0.00018118057
0.00044604103
0.00039023542
0.00013541602
0.0027848883
0.0011199841
0.99958414
0.95346946
0.9990625
0.0018547341
0.98099214
0.8377403
0.0018344301
0.0003492101
0.99835855
0.88355505
0.0015987845
0.98804575
0.99869365
0.9926367
0.0005063994
0.99956936
0.0022147463
0.99874073
0.0030700194
0.0009699816
0.00091699586
0.99402267
0.00031058947
0.9998417
0.00030371378
0.97924614
0.003379449
0.0017169553
0.93702495
0.9997234
0.013245706
0.9994764
0.9965661
0.0003365581
0.9829146
0.0013066902
0.00082216965
0.024603326
0.0005546557
0.73948944
0.31157982
0.998733
0.9918521
0.8242067
0.0011947289
0.9998049
7.329991e-05
0.87172997
0.008563458
0.0046708984
0.00091809384
0.00061468425
0.996302
0.0030502903
0.8985494
0.00030436655
0.9979247
0.42065856
0.0010237952
0.9937325
0.00065089867
0.0027030457
0.98919326
0.0016693859
0.00021123583
0.98829865
0.99991727
0.0018282101
0.33782732
0.99978966
9.322546e-05
0.0019023519
0.99926716
0.12633213
0.001087244
0.0008779859
0.00027008282
0.00047626888
0.0036367835
0.001147501
0.9701015
0.9864522
0.98605967
0.0009345026
0.0052300566
0.9934336
0.004061493
0.0006491891
0.5867269
0.0014675759
0.9952668
0.999835
0.9995333
0.9993137
0.00031002058
0.0003998627
0.9517387
0.9994667
0.9979196
0.99266243
0.99501956
0.00071604707
0.9993755
0.0013811594
0.9994025
0.98975396
0.0009119371
0.00656428
0.0006138193
0.00012826551
0.96797144
0.9750019
0.89413506
0.00034908316
0.99954706
0.00019600746
0.99957067
0.00059571327
0.9964234
0.9961253
0.98938364
0.99931395
0.99659437
0.0008730939
0.00041222066
0.0006218923
0.9866008
0.98846185
0.8282069
0.00036748077
0.9999298
0.9997503
0.99993706
0.0031679044
0.9985788
0.001903665
0.98889124
0.9798686
0.9993068
0.0016715147
0.0035800338
0.9970168
0.00042599338
0.0009222746
8.057828e-05
0.99837226
0.003126682
0.58284855
0.9906573
0.79330194
0.0130193075
0.00051192916
0.9658668
0.9977881
0.00052421546
0.99717844
0.95000136
0.00076121703
0.000686714
0.000679759
0.00074094115
0.9970908
0.00087347924
0.0036655245
0.9890215
0.9902389
0.00017230536
0.0011227395
0.98816586
0.0005118845
0.9644943
0.0011025755
0.0021434196
0.001397589
0.00048400406
0.99752694
0.0010311415
0.00010939085
0.99156415
0.001198863
0.0034144807
0.99162966
0.05969838
0.0020078907
0.007953898
0.010874734
0.0035108912
0.985762
0.9953916
0.99053055
0.00021846608
0.9518362
0.00011166672
0.99762434
0.039616797
0.9996923
0.995924
0.9982778
0.96603996
0.001093295
0.0017609348
0.0039515467
0.9271276
0.00806492
0.6983905
0.11520213
0.36759198
0.0024215875
0.79945123
0.9226987
0.0070251077
0.9779107
0.8380219
0.9996138
0.9957659
0.9914675
0.005763153
0.00017874295
0.9775137
0.012937586
0.0008963016
0.0026811704
0.0032093558
0.96331877
0.99176663
0.99981076
0.99656457
0.0004437864
0.9999087
0.0013587711
0.0078549525
0.00018197527
0.9918576
0.00091340014
0.00058140384
0.0027767983
0.999746
0.004280877
0.0012617048
0.0009471925
0.00023437885
0.00026703792
0.0011904503
0.002361453
0.99339676
0.00047991352
0.9993832
0.0015913177
0.0027979198
0.00069842767
0.9971245
0.5436965
0.000319551
0.002570418
0.99970895
0.97270375
0.00016827014
0.00031790315
0.00016021413
0.022652688
0.95053
0.9995034
0.0044043134
0.9965339
0.85217744
0.9979266
0.0005546086
0.99955195
0.00033148492
0.0020690528
0.6085177
0.997561
0.0007278773
0.0010001813
0.9864478
0.0003847479
0.001474652
0.00079655764
0.0046891053
0.9988612
0.99881315
0.0008690899
0.07066343
0.9994734
0.0017102218
0.7864278
0.99033034
0.0007097323
0.0021201486
0.99941266
0.0006180127
0.0012654262
0.98882955
0.009069699
0.99912935
0.0006638491
0.00019224052
0.0005452031
4.7512796e-05
0.0012580203
0.9863296
0.0005042727
0.0007390741
0.0136801265
0.9996126
0.99991477
0.9809317
0.9277805
0.00031950258
0.0005974006
0.98851645
0.00036041066
0.0030342254
0.005436
0.009162745
0.9987324
0.0037311176
4.9272385e-05
0.998831
0.0032216436
0.009585516
0.13698682
0.96661204
0.99531686
0.0005287505
0.9957985
0.0002932649
0.00054619735
0.25979206
0.9957378
0.00026965005
0.9985543
0.99531966
0.0001363679
0.00019575251
0.9989931
0.000569881
0.99956614
0.0017580212
0.8648721
0.0070903664
0.0007125699
0.99653554
0.001463827
0.00038925785
0.91114926
0.9994499
0.0007101623
0.00028871157
0.99988544
0.997493
0.97963834
0.9975993
0.99691343
0.9649855
0.9990539
0.0010989221
0.9986985
0.0005110423
0.0438282
0.00055406254
0.0030999503
0.9999877
0.00039044122
0.9921003
0.99948967
0.00048385712
0.0004632006
0.0030885334
0.0008120288
0.9955793
0.0038512342
0.9972161
0.00046191554
0.0029199603
0.9979577
0.9970907
0.9974833
0.9815714
0.0009526214
0.91438913
0.0016087429
0.0052034776
0.003685618
0.03456518
0.0005561013
0.9895834
0.0006708567
0.0049699643
0.00021011755
0.032594714
0.98967546
0.9975152
0.99158925
0.9981705
0.99802375
0.8184233
0.9651935
0.995048
0.0021553156
0.91072905
0.9996326
0.00011297995
0.4868233
0.99693406
0.00010441685
0.99774534
0.000995672
0.9992933
0.99962234
0.99897695
0.9995745
0.9999101
0.998492
0.0008206688
0.00039908488
0.0007243565
0.0005524987
0.0017517938
0.0012265396
9.1929694e-05
0.9967153
0.9875657
0.97851425
0.005046745
0.0023855462
0.0037854288
0.0042332695
0.0011573348
0.13813654
0.00041090767
0.9811489
0.0020404554
0.9834843
0.0004595897
0.46126845
0.9996537
0.99793845
0.99989736
0.00015705288
0.8914393
0.005072997
0.9691687
6.554803e-05
0.00049840333
0.00021843045
0.0014463216
0.99923384
0.0001951902
0.0022322333
0.99728775
0.999374
0.9996749
0.00023231462
0.9937744
0.89343834
0.99999964
0.00011380256
0.00037238645
0.99799806
0.045414425
0.0008206786
0.01781716
0.87599796
0.99763656
0.00096213835
0.0017626263
0.99620444
0.9793109
0.0007670267
0.99921405
0.004909227
0.0009312388
7.530607e-05
0.9996189
0.9926724
0.00025861696
0.0007796584
0.0020442565
0.99128777
0.018771445
0.93490636
0.00050043175
0.9985642
0.0002931363
0.003034748
0.9988954
0.9997614
0.9954733
0.99982005
0.122524336
0.9996619
0.00060604163
0.0060506756
0.00018699976
0.9874808