0.4815719
0.79780364
0.4121532
0.46107954
0.3986283
0.122653954
0.13223515
0.7785724
0.38407472
0.6481276
0.27330315
0.10598773
0.1102941
0.2771215
0.7801283
0.10259462
0.14389385
0.7500854
0.10498674
0.47310758
0.6668589
0.0880322
0.40974712
0.13552713
0.088659614
0.11105927
0.4574094
0.7074778
0.3760989
0.74715275
0.13189292
0.38694432
0.60681695
0.3950261
0.37691498
0.39790738
0.45592004
0.7639692
0.7134971
0.7797265
0.11850968
0.4316586
0.1313814
0.40338877
0.13123645
0.102187365
0.4775612
0.6997347
0.07983993
0.799988
0.75997025
0.12417363
0.7489768
0.7102637
0.46375212
0.12768121
0.5007708
0.11564634
0.11195421
0.09649669
0.5885281
0.7600953
0.4911566
0.35888958
0.69413304
0.67417586
0.48629984
0.08647799
0.6992046
0.4843135
0.7573717
0.10283462
0.7313571
0.48420843
0.1450515
0.09107722
0.11595617
0.4947831
0.36479062
0.40660998
0.12929513
0.12896399
0.4008579
0.7360706
0.75247216
0.1207934
0.48164165
0.7202725
0.75465995
0.60326123
0.105120614
0.09789864
0.75215757
0.74546766
0.2194763
0.12680498
0.7491263
0.6946906
0.79689944
0.74762714
0.39429584
0.35058093
0.116184145
0.10243169
0.4075456
0.085066006
0.105764635
0.7111578
0.7387424
0.86711216
0.13082203
0.3522926
0.78876317
0.08549981
0.4063451
0.11178129
0.077193566
0.1463659
0.721325
0.65884966
0.7882363
0.684955
0.070090316
0.7800791
0.084409505
0.81974524
0.098227225
0.1082264
0.090409294
0.6834144
0.72773945
0.6906749
0.11712101
0.6476945
0.12084856
0.1033492
0.55548465
0.75673807
0.38041916
0.11554854
0.7393304
0.09032549
0.67907774
0.11254965
0.74362874
0.109501526
0.11323118
0.42444324
0.20583202
0.09546602
0.6516534
0.71700674
0.36378098
0.1140887
0.10860732
0.39290237
0.79592055
0.10511388
0.10304849
0.7687729
0.75118464
0.7986849
0.39618272
0.6575207
0.7544305
0.08274347
0.52249885
0.46702954
0.120586544
0.08002976
0.08882504
0.41167226
0.10315149
0.48014238
0.13339941
0.16614406
0.1203422
0.78111035
0.099559136
0.090159856
0.461986
0.1011983
0.112722605
0.7262792
0.70768994
0.71509784
0.4157322
0.39532587
0.11533736
0.72180575
0.10190716
0.7668135
0.78101575
0.7354373
0.12893535
0.14777759
0.37032795
0.7192477
0.032346122
0.129675
0.13102397
0.76000494
0.8079009
0.54298735
0.73017746
0.7758621
0.11630882
0.7643737
0.1174937
0.10983713
0.3984547
0.41527638
0.695044
0.16906102
0.35773847
0.3811764
0.110720776
0.48079404
0.11349316
0.12229917
0.075014286
0.78094715
0.119550176
0.14436851
0.09927608
0.71754235
0.7019626
0.104491204
0.41179845
0.10874833
0.724215
0.37715402
0.5706189
0.3287719
0.4549043
0.29803795
0.8058101
0.79246837
0.11422969
0.110017926
0.10886485
0.12580127
0.7786792
0.73825586
0.71668833
0.096798435
0.41995987
0.28741524
0.38373977
0.48909003
0.8038468
0.13004147
0.6480412
0.23036382
0.12086462
0.1054621
0.6990852
0.70137286
0.80103326
0.7691825
0.77228975
0.14174
0.7710714
0.733537
0.6564766
0.15631157
0.12320525
0.1104258
0.4962109
0.751047
0.41715908
0.69673896
0.11952909
0.15415259
0.6614722
0.41968498
0.4958135
0.11223722
0.6936923
0.709021
0.7662169
0.7883828
0.16927017
0.094311476
0.75200903
0.8013871
0.39603177
0.7472619
0.09741119
0.4056248
0.6880735
0.7570014
0.4464248
0.122186475
0.7647526
0.10291727
0.65372187
0.7541142
0.10112685
0.715409
0.33532488
0.09831815
0.6075253
0.7200801
0.79620516
0.1450387
0.47046423
0.102813505
0.7252527
0.07906059
0.10430818
0.5981541
0.8050402
0.75060374
0.70624316
0.08485345
0.102583036
0.10560384
0.58973646
0.08703244
0.102250636
0.08313524
0.10845978
0.12845111
0.7813145
0.4686491
0.15576118
0.16105981
0.3519383
0.71086925
0.63912064
0.14199135
0.72317594
0.79436153
0.59553576
0.4006961
0.7843439
0.77293944
0.11484624
0.12455045
0.104778275
0.09247879
0.7440986
0.3643278
0.75390226
0.6834627
0.62084645
0.67185444
0.79501677
0.7504216
0.700452
0.09585422
0.7616202
0.4448362
0.7106202
0.10782484
0.08651058
0.46200147
0.79333377
0.5406693
0.077177905
0.73608583
0.18545173
0.117247045
0.06351809
0.38428578
0.66735744
0.12629914
0.10663753
0.3580493
0.4100072
0.09620885
0.7630217
0.15085027
0.10146696
0.10836487
0.7396872
0.6750893
0.10026866
0.119471595
0.77031904
0.77986044
0.689643
0.0776349
0.09338701
0.6810143
0.70597625
0.40365374
0.112900764
0.7094299
0.50418895
0.08372091
0.103895344
0.10110522
0.3964545
0.7526684
0.6999382
0.1024099
0.09953563
0.1262569
0.11881138
0.6893169
0.7572557
0.37563893
0.47240213
0.32414302
0.7738412
0.7058635
0.7308135
0.3559076
0.72730714
0.423952
0.69564974
0.8336545
0.1124966
0.12729298
0.69909567
0.113707155
0.74415517
0.10024058
0.16696818
0.40754184
0.09290724
0.1005774
0.653532
0.79494834
0.73470855
0.41318145
0.11352223
0.11774554
0.10204047
0.6745352
0.40199098
0.69966775
0.12127992
0.0998691
0.75583005
0.41753832
0.6875181
0.39483637
0.118887216
0.0916584
0.14032727
0.7366987
0.7758704
0.13887005
0.731063
0.7302051
0.40177366
0.7677301
0.72377676
0.38785803
0.64914733
0.1473348
0.4882697
0.121062994
0.7461463
0.69144464
0.0930405
0.15238844
0.6721781
0.7802941
0.1023982
0.7036298
0.12496199
0.7560206
0.71605223
0.5022159
0.11009862
0.11510636
0.4114794
0.13126072
0.74525696
0.5081847
0.09606908
0.64600235
0.6943558
0.13020132
0.7499496
0.11842382
0.115781106
0.38204333
0.35544446
0.74267745
0.085389405
0.11938819
0.12051126
0.7695938
0.7285947
0.356529
0.46429914
0.61039317
0.78673077
0.7568579
0.36616457
0.37547857
0.7894468
0.091728896
0.08073879
0.46054974
0.38454863
0.7695782
0.15608367
0.112901576
0.6994695
0.74934965
0.10234527
0.39030352
0.120384715
0.6865513
0.10909576
0.6859577
0.1394892
0.77886945
0.40576547
0.4010972
0.48648998
0.10722782
0.13470908
0.103215344
0.6599632
0.6268424
0.12394229
0.72571045
0.78027475
0.69173956
0.38793737
0.10489641
0.69027966
0.11125007
0.70028615
0.38443497
0.2754709
0.42660493
0.10192256
0.099822
0.09520988
0.3972755
0.11467853
0.46875957
0.39026076
0.68989354
0.39208138
0.676062
0.44141248
0.106635705
0.112656854
0.12410432
0.12643662
0.7282037
0.1600573
0.078375615
0.34489152
0.7436014
0.7805039
0.38774747
0.09235812
0.33406126
0.12378547
0.773423
0.10603563
0.7588907
0.41396925
0.39121976
0.7377619
0.1454201
0.74109745
0.75493014
0.09970795
0.7733369
0.6396999
0.12805334
0.4671716
0.09752751
0.7698377
0.66839784
0.7664415
0.6258407
0.7238621
0.09275384
0.1060444
0.099866524
0.087924145
0.10193129
0.75479275
0.6372279
0.1384543
0.62054425
0.124839336
0.7926315
0.16513874
0.08608814
0.17551777
0.47091538
0.4498834
0.11691614
0.12064254
0.13430353
0.7422785
0.07753331
0.85249615
0.7413079
0.65544575
0.10283625
0.58379626
0.13141719
0.3637343
0.37657893
0.103124015
0.49482664
0.094324715
0.46038052
0.092442214
0.7120161
0.6373292
0.11898771
0.12582043
0.090274654
0.7747921
0.71859205
0.72106373
0.40392685
0.08964965
0.71234816
0.4710459
0.7467306
0.1122508
0.67320853
0.634943
0.37994748
0.098891325
0.40312907
0.7546905
0.77095073
0.101660885
0.74037504
0.684614
0.07956851
0.12489822
0.10905745
0.7106567
0.17840365
0.61179495
0.7548128
0.10956795
0.11119148
0.10346768
0.06624515
0.46434963
0.6936399
0.7811202
0.7067561
0.37141702
0.5529242
0.110228576
0.70969635
0.77943593
0.8638771
0.07686787
0.1267347
0.38940546
0.11602506
0.7268204
0.6071003
0.09251269
0.66582406
0.14304206
0.10212006
0.7860516
0.42121992
0.4719307
0.7499834
0.08018845
0.692539
0.76397127
0.72761124
0.6153744
0.08404087
0.763532
0.67200077
0.48941132
0.10479692
0.50228465
0.7380288
0.7034743
0.78454685
0.6771668
0.7055491
0.72178876
0.1682119
0.10391746
0.6630862
0.13883418
0.19740292
0.12002065
0.13553838
0.12734382
0.09489528
0.7521184
0.65991235
0.39758694
0.47017145
0.7096013
0.13768934
0.10935144
0.76621044
0.09164288
0.765041
0.7710323
0.46004006
0.4277235
0.7443313
0.096439086
0.113534816
0.771314
0.3852327
0.10789794
0.7534788
0.11418011
0.563465
0.0969234
0.10812125
0.53863984
0.1082705
0.09056627
0.106503546
0.09232283
0.38202882
0.08757984
0.11675491
0.70695424
0.7474057
0.37995732
0.11479589
0.72145516
0.08612984
0.13010058
0.79413617
0.46408135
0.12399478
0.47559524
0.36581984
0.73519695
0.12268171
0.85559845
0.46758372
0.10064479
0.39796567
0.23798808
0.37007624
0.106703594
0.12341582
0.13340428
0.7103524
0.42767084
0.084819205
0.69681525
0.09721713
0.15072192
0.33417436
0.09304734
0.7306383
0.49654374
0.6887415
0.09276953
0.21372259
0.108304575
0.6895821
0.12330722
0.75285035
0.09414706
0.13837843
0.6447894
0.10883544
0.08532533
0.7216294
0.69482964
0.4351383
0.7553911
0.1409497
0.10010828
0.7421508
0.5819153
0.51461655
0.13007791
0.7626261
0.85367846
0.47129706
0.7891471
0.1430496
0.8084252
0.49843138
0.7749638
0.080506265
0.21526673
0.09614128
0.3806524
0.099759415
0.73485464
0.100389995
0.80551106
0.34840608
0.68411505
0.77326596
0.11208228
0.118994966
0.12050459
0.6560393
0.71371394
0.7034419
0.8021636
0.54381096
0.601252
0.6747305
0.095425546
0.34630257
0.70178336
0.66981673
0.19848502
0.7509952
0.75597155
0.88807684
0.76029813
0.15371932
0.09930571
0.69858956
0.78288954
0.12231391
0.54678315
0.38651666
0.74914217
0.093769945
0.15136603
0.7561208
0.56023467
0.47759226
0.74403805
0.7210243
0.10087832
0.09083144
0.27806708
0.7780764
0.7860087
0.3908944
0.79010284
0.46632928
0.7678755
0.8251051
0.7471935
0.10026492
0.070489734
0.7655622
0.1168133
0.1335588
0.1269228
0.7741246
0.10585076
0.10923687
0.093461595
0.37204576
0.76395434
0.4149291
0.6907601
0.124291115
0.44619724
0.1274432
0.41516566
0.13085079
0.077423394
0.13762188
0.10643885
0.63391495
0.3837598
0.67840695
0.09640302
0.7532798
0.3966359
0.058376607
0.13319041
0.6541537
0.49241382
0.40722233
0.5502844
0.07523663
0.41911104
0.15629312
0.6659381
0.3639814
0.55777675
0.37548843
0.3332696
0.82254183
0.11881526
0.7460205
0.7154387
0.68324715
0.64269894
0.08766951
0.5170327
0.7673116
0.6736354
0.09321444
0.7649627
0.45712712
0.75791997
0.39201906
0.07674081
0.45979467
0.7276677
0.39488494
0.75055146
0.1121446
0.119967386
0.12328269
0.48698637
0.75775784
0.4832223
0.3933052
0.56613964
0.6814129
0.10812842
0.7082307
0.7469299
0.61720306
0.7030296
0.70230615
0.39980677
0.09730568
0.7368154
0.38443515
0.7626824
0.33815867
0.823336
0.45861676
0.73523295
0.79358524
0.22812895
0.4524099
0.86943597
0.13156497
0.73924214
0.1511175
0.10620648
0.121310875
0.11328951
0.37643728
0.13017063
0.49008232
0.44349834
0.7592406
0.12397021
0.66814977
0.6569981
0.13154493
0.10248431
0.723131
0.8221131
0.36308327
0.6887909
0.75985503
0.7407238
0.092291504
0.75092643
0.12309529
0.71487355
0.12733681
0.09189182
0.40402037
0.7085016
0.10067989
0.76385945
0.41422153
0.7331109
0.38538414
0.11342559
0.66095614
0.7746529
0.079909295
0.8430533
0.76822203
0.10579874
0.72066104
0.102969624
0.074740425
0.36719254
0.43518895
0.68363804
0.49523878
0.52173585
0.466064
0.70067835
0.38876638
0.5217529
0.11287732
0.74431634
0.39839566
0.42820355
0.094325975
0.09318876
0.88576573
0.37613124
0.4381882
0.10504138
0.73272127
0.6592596
0.1007356
0.75544363
0.08179458
0.37121302
0.68564886
0.044716377
0.11215842
0.724543
0.7498768
0.38989267
0.6636162
0.70412904
0.100596726
0.38317126
0.758124
0.38272968
0.3791108
0.08107572
0.10286225
0.42179006
0.39982063
0.3463905
0.70542043
0.8249591
0.7194745
0.14506096
0.3981156
0.6678949
0.09322789
0.122258276
0.6799548
0.08683478
0.7419824
0.79000723
0.77317476
0.8048579
0.0859424
0.123397686
0.6276568
0.79663026
0.7344165
0.7104741
0.4480624
0.41317704
0.8041151
0.11731704
0.7242423
0.80876285
0.11396051
0.1549827
0.105928466
0.13185231
0.7304269
0.77806413
0.670229
0.17932883
0.7908244
0.14048989
0.4784313
0.094678804
0.73921883
0.72834545
0.7015088
0.7372437
0.6762556
0.10016512
0.41182113
0.07611631
0.6863573
0.6751442
0.52407026
0.10173167
0.7749381
0.77631676
0.5141332
0.07250105
0.76568663
0.12029048
0.5225668
0.70315814
0.71924424
0.09373433
0.4106511
0.6940046
0.12273024
0.13081168
0.116083026
0.75740755
0.13566971
0.6123811
0.74225676
0.6839606
0.103294544
0.14306556
0.7637586
0.7902903
0.087294295
0.7340896
0.4603044
0.10020893
0.17523281
0.29010224
0.096840255
0.7125977
0.41164145
0.12831804
0.68525374
0.71916497
0.1603373
0.10341549
0.7429347
0.15973058
0.5084866
0.09283003
0.10464894
0.15315095
0.12159226
0.690024
0.12379628
0.12092631
0.7633009
0.11035894
0.10710838
0.54958636
0.48819956
0.115531825
0.09766954
0.42538294
0.38130146
0.720937
0.743288
0.69242746
0.12693645
0.64805174
0.14826699
0.7254573
0.122350775
0.81266564
0.7317786
0.7628097
0.662901
0.0709162
0.08089533
0.38063067
0.64070606
0.38528943
0.6714539
0.4785253
0.6125311
0.38221672
0.5722878
0.66799885
0.3592829
0.5229654
0.6736155
0.77439934
0.45012826
0.7792253
0.05081657
0.12938249
0.6749085
0.12077679
0.119537175
0.12268532
0.120324604
0.5710664
0.73086447
0.8434739
0.70131993
0.1158646
0.80965173
0.13543989
0.149469
0.19039792
0.69265056
0.1056092
0.096638754
0.35947642
0.73142946
0.046592604
0.40999883
0.07856257
0.09442175
0.117038354
0.09927685
0.09369978
0.7345189
0.11311141
0.7466951
0.13848604
0.37246057
0.08465804
0.7352176
0.6501114
0.10063564
0.10658316
0.74875396
0.7027913
0.11272785
0.09296348
0.100889266
0.39756164
0.6818816
0.74345505
0.10955371
0.7724184
0.6747848
0.7763052
0.10056635
0.7734557
0.10638608
0.12378985
0.55401915
0.80653924
0.08062392
0.42299002
0.7044072
0.09271137
0.1322091
0.09080392
0.13949507
0.8094921
0.70417345
0.08291801
0.32087076
0.77359354
0.08612608
0.49632832
0.7654622
0.09927838
0.08477731
0.7311607
0.15423837
0.09873995
0.6925974
0.38209587
0.7475942
0.10221396
0.117514364
0.1254544
0.30530575
0.13522229
0.7389201
0.42311445
0.08629366
0.40922943
0.7391877
0.4640225
0.676939
0.4636536
0.18652724
0.08389065
0.74387074
0.1680846
0.39319414
0.106009275
0.35441852
0.7443998
0.38578188
0.3264133
0.75684077
0.3752769
0.10622526
0.4854703
0.7257882
0.7159431
0.10677457
0.6971793
0.08829789
0.40315902
0.4782207
0.73816395
0.09732993
0.61794126
0.7203656
0.101614214
0.123900644
0.7657729
0.10451097
0.81110764
0.09238094
0.6497681
0.3721049
0.10422579
0.7404569
0.12594086
0.083561264
0.43282208
0.7579645
0.09699242
0.13661557
0.76716286
0.5331178
0.6786481
0.7568914
0.44532517
0.7709383
0.5011617
0.08141436
0.70380723
0.09588535
0.38685924
0.11796958
0.09733622
0.78878486
0.092445776
0.7527048
0.43408749
0.08722346
0.094477706
0.09700227
0.09851917
0.7401788
0.13051307
0.75969785
0.10151601
0.3805625
0.49247196
0.7630071
0.7557968
0.7053735
0.12294237
0.6865181
0.09893983
0.10371126
0.055507988
0.13796304
0.13875845
0.7140748
0.42265776
0.39314526
0.089018
0.47811434
0.7429886
0.7518134
0.73756146
0.75041413
0.7230324
0.63964427
0.69341826
0.74668956
0.11723496
0.7047973
0.51321423
0.10816871
0.6152198
0.7282469
0.14121391
0.72103083
0.07922657
0.46199858
0.7861651
0.7695084
0.5369894
0.5139425
0.71532273
0.103528775
0.1150512
0.1306323
0.09451116
0.39887986
0.15152173
0.11516135
0.7587207
0.6775485
0.6960642
0.36790338
0.38732243
0.065660276
0.36878437
0.41593772
0.45127484
0.11891745
0.75554305
0.18750744
0.70536
0.10805124
0.4422937
0.7727574
0.70472884
0.49921006
0.13119148
0.42590177
0.100856185
0.66343117
0.112962
0.120831795
0.113464765
0.35709625
0.7378719
0.10268922
0.13077104
0.46535343
0.76158
0.59098077
0.09731187
0.75958824
0.6176024
0.81228685
0.1390628
0.14394812
0.7019809
0.08375961
0.10163158
0.42453656
0.47301325
0.47414836
0.3862406
0.13468677
0.733219
0.4336487
0.08353552
0.44959286
0.3491772
0.175692
0.121492416
0.777129
0.6927246
0.13778448
0.09173342
0.121390864
0.71865445
0.14960279
0.7312556
0.4557964
0.48761326
0.121389546
0.101425014
0.7260672
0.76105136
0.75814813
0.5184228
0.4378416
0.7972753
0.08390842
0.073814064
0.10741727
0.76885754