0.54557204
0.9999976
0.44345048
0.54677016
0.4432196
0.0010280894
0.0036469707
0.9999982
0.4431817
0.85849017
0.0004011268
0.0019476607
0.0028214627
0.44320735
0.999956
0.0022107111
0.0021394102
0.0123093
0.0009438027
0.54056567
0.9614856
0.001610993
0.44335043
0.00083180476
0.0016047874
0.0011905375
0.5438888
0.99060565
0.44334581
0.9999888
0.00094137783
0.44324142
0.9671204
0.44318146
0.44369793
0.44345802
0.55095536
0.9995541
0.9999981
0.9999876
0.0030335174
0.543866
0.0006046466
0.4434045
0.001543891
0.0057519777
0.555599
0.9664198
0.0018702745
0.99999106
0.991089
0.0043128384
0.9998273
0.9999943
0.53799766
0.0019384717
0.55550176
0.003926298
0.002771763
0.0013718264
0.58536136
0.99982435
0.55175906
0.44324312
0.9954123
0.95343554
0.56247365
0.0034336008
0.985103
0.5599942
0.9995567
0.0033780008
0.9961886
0.056819737
0.006725464
0.00068764924
0.0011432137
0.5540724
0.44323224
0.44324124
0.0005750895
0.0010429716
0.44330177
0.99956316
0.99972695
0.0042193206
0.5639683
0.9774196
0.99996185
0.9978555
0.0015163147
0.0023240491
0.99982774
0.99609476
0.011979765
6.322118e-05
0.99890995
0.96460885
0.99997497
0.9996655
0.44322452
0.44340524
0.0013058387
0.0019202499
0.44331482
0.00041557814
0.00049779983
0.87960297
0.9987363
0.9999963
0.001773654
0.44332218
0.99823797
0.00044399037
0.443212
0.0002453461
0.0019070205
0.012423903
0.9999163
0.9617215
0.99099606
0.9998952
0.00019846123
1.0
0.0026762723
0.9999881
0.0004369277
0.0005427532
0.0037348808
0.99530256
0.9994019
0.99194324
0.00045971086
0.9910053
0.0004340914
0.0021152082
0.49287927
0.999998
0.44314077
0.00031742675
0.9999865
0.004450642
0.9997371
0.0023835714
0.9996953
0.0008183741
0.00064297434
0.53225935
0.00015632587
0.00038863107
0.99997854
0.99842405
0.4435025
0.0006038564
0.0011988585
0.44347182
0.9999964
0.0009693252
0.0019853928
0.9995096
0.9997862
0.9989371
0.6203263
0.99995184
0.99999
0.0027675326
0.56949675
0.538039
0.0020108635
0.0035020723
0.0027939167
0.44349295
0.0009285697
0.52605265
0.0030472162
0.00026372465
0.00093088264
0.9997688
0.0018043726
0.0025296814
0.13377269
0.0007563424
0.00040773032
0.9999993
0.94795066
0.9994362
0.44328162
0.44331726
0.00085325335
0.99988365
0.0018539786
0.9999995
0.99997723
0.9999597
0.00092347135
0.00021806984
0.44320497
0.99988365
0.0026575322
0.0005264665
0.0005414999
0.99909747
0.99989307
0.99992347
0.9998838
0.9999988
0.00072094763
0.999977
0.0020307968
0.00094195124
0.44327888
0.44327843
0.9999988
0.0011303734
0.44320053
0.44326118
0.0013643157
0.03922364
0.0036760177
0.0026042627
0.00023069758
0.99999654
0.00053710636
0.00060039415
0.0035973983
0.9995216
0.98583835
0.00092010753
0.44330266
0.0012018821
0.99935037
0.44318625
0.46334073
0.44329262
0.5406602
0.44314784
0.9992767
0.99995625
0.00021890936
0.00093111815
0.0015477254
0.0003427694
0.9999225
0.99788046
0.9986669
0.0014207345
0.44357312
0.0035815975
0.44331348
0.19736415
0.99999964
0.001519305
0.9999542
3.2384753e-06
0.0025583825
0.0006981565
0.9983498
0.99867564
0.99998844
0.9999881
0.9999907
0.0023653891
0.99999166
0.9998766
0.87863815
0.001319776
0.000833432
0.0033573506
0.9736222
0.9999422
0.44319773
0.51139444
0.0008170779
0.0016410165
0.6458574
0.5394224
0.743619
0.0029743651
0.9999865
0.9980319
0.9999994
0.9999926
0.008526104
0.0036000246
0.9999732
0.9967631
0.4432964
0.99999726
0.0012841937
0.4434765
0.8004986
0.99997294
0.5463752
0.0015611025
0.9997925
0.0015042581
0.9982456
0.99954456
0.00037967783
0.9998708
0.443415
0.0024568408
0.4035606
0.99973184
0.9997892
0.0019119022
0.56028223
0.0011537975
0.9999571
0.0018514971
0.005760072
0.97661966
0.9999176
0.9995708
0.9999472
0.0015497177
0.006803406
0.0008964754
0.9990126
0.005250813
0.0024603035
0.00067092414
0.00078872766
0.0010056803
0.9999951
0.55177236
0.00090736814
8.291737e-05
0.44326428
0.9966719
0.8131314
0.00046372652
0.99987817
0.99998593
0.9889998
0.44321585
0.9999851
0.99999964
0.0035935442
0.0009906717
0.001063523
0.0016634039
0.99992955
0.5367697
0.99956673
0.63541466
0.826752
0.99989784
1.0
0.9982181
0.9999478
0.00041815362
0.9998852
0.5315315
0.9845108
0.00040565734
0.002716884
0.544062
0.99987435
0.5626191
0.0006809141
0.99590164
8.146532e-05
0.0022284936
0.00035263874
0.44348192
0.9974704
0.0027255581
0.000612627
0.44319838
0.4438524
0.0013801181
0.9999968
0.0007315316
0.0013432628
0.0014144798
0.9996153
0.9220743
0.002135219
0.0017075569
0.9999759
0.99782264
0.87543815
2.5115745e-05
0.002400367
0.9092559
0.9994228
0.42514908
0.0009280179
0.99996984
0.5632929
0.009361672
0.002208866
4.2436266e-05
0.44319063
0.99999297
0.9999497
0.0030901106
0.0014448211
0.00079878897
0.0005762343
0.999204
0.99961394
0.53484863
0.5341123
0.4431647
0.9999776
0.99981004
0.99966705
0.44350463
0.9994394
0.44365746
0.99893326
0.99998736
0.00068493205
0.0008624142
0.97307456
0.0007688071
0.99999964
0.0015996996
0.0026605215
0.44335625
0.0027181893
0.0007636332
0.9998442
0.99999857
0.9999703
0.5350451
0.0071246424
0.012029715
0.0019828745
0.98655045
0.44344845
0.81149364
0.0009365549
0.0011300375
0.99989533
0.5434873
0.9898662
0.44329023
0.00037579882
0.00092499127
0.0009992827
0.99959415
0.99999535
0.0011759638
0.9999615
0.99976
0.44327664
0.9999542
0.99985325
0.44320816
0.9845659
0.0006942115
0.8785432
0.009414649
0.9999361
0.97018945
0.001699735
0.00070808147
0.9942022
0.9999927
0.00055084703
0.99404496
0.0022496714
0.9999994
0.9999902
0.44622895
0.0025937448
0.00093175273
0.44319454
0.0016657716
0.9999269
0.56552875
0.0036050654
0.99660313
0.9977933
0.00040166403
0.9999795
0.005636833
0.0005844454
0.44327435
0.4435742
0.9999945
0.0020243572
0.0040038438
0.005308165
0.9999552
0.99954283
0.44357237
0.53685457
0.99244976
0.99999905
0.9999131
0.4432769
0.4433632
0.9996245
0.00083344034
0.005072576
0.5387125
0.44324264
0.9999474
0.0005168444
0.002512601
0.9957539
0.9996866
0.0020621968
0.4432715
0.0014782068
0.091611825
0.0007121364
0.9880804
0.0028724417
0.9999895
0.44318756
0.44343397
0.5615976
0.0001314128
0.00046717972
0.00238065
0.56588066
0.5484832
0.0005364725
0.99970955
0.99999917
0.975602
0.4433569
0.0012090512
0.9990441
0.0008400865
0.99426275
0.44350955
0.0016875289
0.4341713
0.0047802352
0.00075689756
0.0029021767
0.44320685
0.0007863461
0.5487633
0.4432827
0.99999404
0.44317755
0.9999726
0.4431926
0.0009427588
0.00077984895
0.0014147937
0.0036705954
0.999995
0.002924445
0.0024736137
0.44374084
0.9999789
0.999826
0.44313705
0.003021685
0.00047935272
0.00033042228
0.9999716
0.0008652956
0.99999154
0.5287099
0.44320807
0.9999697
0.0012123217
0.9981281
0.9999995
0.003846558
0.995426
0.99944645
0.00024600993
0.5644005
0.0015820181
0.9998185
0.9998573
0.99996924
0.9950777
0.99932563
0.001571859
0.0024752084
0.00017478365
0.0009929494
0.00033993478
0.99988115
0.3509158
0.001957261
0.9844587
0.00041219962
0.9994925
0.0024169718
0.0045832004
0.00020327013
0.14332807
0.5460976
0.0049181446
0.004850015
0.0018245338
0.99999225
0.0034933232
0.9999994
0.9999728
0.9943955
0.0018810137
0.9772266
0.0019633267
0.4436462
0.4433771
0.0047934176
0.5544132
0.0009508903
0.7600419
0.0026385654
0.9999918
0.95905197
0.003891106
0.00051299937
0.0024994893
0.9981553
0.9999671
0.9998385
0.50581646
0.00028025932
0.92322046
0.4824585
0.9999994
0.0011765676
0.994065
0.8150141
0.4432062
0.0066238055
0.44326606
0.9993025
0.99991024
0.00039518243
0.9999999
0.99994576
0.0006656877
0.008225701
0.00093042117
0.99997544
0.012253419
0.98206043
0.9999902
0.004189974
0.0007729554
0.010797562
0.0001331921
0.5481276
0.9846618
0.99985397
0.99834037
0.44344386
0.73161006
0.0003859613
0.9999691
0.99883634
0.9999441
0.0066866437
0.0037107063
0.4433429
0.00085741194
0.99976224
0.7739085
0.00056455715
0.99732
0.0002987219
0.00076283055
0.99965775
0.534868
0.5391824
0.9999789
0.0024352924
0.8303255
0.9995999
0.9994568
0.3781503
0.005378297
0.99994266
0.9950418
0.9096249
0.001313074
0.87829614
0.9981535
0.99644107
0.9999205
0.99994135
0.9999927
0.9992405
0.0012882026
0.009306148
0.99145365
0.0005542078
0.00048033343
0.0010767684
0.00068536564
0.003978461
0.002466827
0.9998981
0.58439803
0.44417554
0.54504216
0.9999995
0.0042115664
0.0012988658
0.99998105
0.0016344384
0.99998343
1.0
0.55564755
0.5416864
0.9952302
0.0033580062
0.0019287815
0.99999213
0.4432102
0.0019166487
0.9998516
0.0016577004
0.83381456
0.00057030865
0.0018759213
0.9851125
0.00045880114
0.0041444246
0.0012891802
0.004521142
0.44314542
0.0038722297
0.002205562
0.99369097
0.9999758
0.44285262
0.00035679984
0.999589
0.0028275708
0.0010823017
0.9999769
0.5625977
0.00061730156
0.5418236
0.4432696
0.99991596
0.0012713802
0.997769
0.40092698
0.0013791911
0.44336465
0.00017018564
0.44317374
0.0013392186
0.0013278244
0.0009301361
0.9968088
0.54138166
0.0025728275
0.9994941
0.0032401695
0.00089412695
0.44350538
0.0047877748
0.9977366
0.5568409
0.9825874
0.0049027996
0.00030762603
0.00062986155
0.96605045
0.0012059612
0.9997677
0.0006599586
0.00017997513
0.54879713
0.0026508789
0.0021856076
0.99991107
0.999985
0.528488
0.99988174
0.0003265824
0.0010822971
0.9999801
0.11669687
0.8814174
0.0011936233
0.99997747
0.99969923
0.5411247
0.9999882
0.0015485642
0.9998653
0.85131806
0.9999924
0.002539353
0.001645719
0.001326297
0.45384786
0.0040957667
0.9999962
0.0018704002
0.9999889
0.44347313
0.88746154
0.9999745
0.0016860546
0.00223395
0.0013981136
0.6471899
0.99895966
0.99911565
0.9999975
0.6021136
0.5655586
0.9894757
0.00091901154
0.44362435
0.86336005
0.84132344
0.0010239157
0.9987675
0.99476564
0.99999845
0.99987555
0.0018214163
0.0014052036
0.9990934
0.9999554
0.00025698316
0.7064737
0.44324443
0.9998777
0.00058651937
0.0015757469
0.9998758
0.99972934
0.043416668
0.998059
0.99999094
0.00064961705
0.0030298622
0.04001445
0.99994457
0.9999962
0.44353962
0.9998548
0.5491175
0.99996996
0.99999833
0.9999443
0.00072430854
6.5530905e-05
0.99961084
0.00044867815
0.0032635753
0.002346713
0.9979259
0.00067109487
0.001700448
0.0009599691
0.44325313
0.9999535
0.44335157
0.8825528
0.00249145
0.5502085
0.0035803383
0.53928137
1.4419448e-09
0.001959024
0.0010184112
0.0034239942
0.63617253
0.44313705
0.9996245
0.0016908885
0.99649376
0.44329563
0.00027613025
0.0011075881
0.37946066
0.5602878
0.44344807
0.52690923
0.0006738783
0.44330063
0.00045629067
0.57812446
0.44330165
0.3295833
0.44320273
0.4432645
0.9999871
0.0027687817
0.99993086
0.99687284
0.99382544
0.99794036
0.0058148634
0.99822754
0.999908
0.543003
0.0010178462
0.99995494
0.39706868
0.99978715
0.16367522
0.0025991348
0.547761
0.999979
0.443217
0.9999083
0.0032770452
0.00091659185
0.0046412554
0.18755847
0.9999814
0.5541886
0.44326085
0.5579108
0.9997708
0.00067093596
0.9999993
0.9998901
0.99768126
0.9996977
0.99915075
0.44319972
0.0064352695
0.9999435
0.4431393
0.99991107
0.44355702
0.99983597
0.54786325
0.9353108
0.99999774
0.0014248216
0.5552228
0.99996483
0.0010931393
0.999803
0.0012476594
0.003765539
0.00020648567
0.0011417533
0.4432878
0.00011856956
0.55900186
0.54266024
0.99983406
0.006062893
0.9465739
0.936571
0.005000405
0.0049942643
0.9997564
0.9998958
0.4436513
0.9083709
0.99992883
0.9999348
0.0020380751
0.9998172
0.004705473
0.99994576
0.0006846824
0.0014507779
0.4433325
0.99947983
0.0013059766
0.99999976
0.44336352
0.9999274
0.44317782
0.002845252
0.925456
0.9999442
0.003034041
0.9999678
0.9999752
0.0024292148
0.9902919
0.0006814435
0.002247505
0.4433084
0.53960425
0.9347214
0.45901713
0.55211234
0.5415666
0.991377
0.44314757
0.55224824
0.0015199352
0.9983518
0.44387758
0.4431561
0.0015640381
0.0019139315
0.99999845
0.44319224
0.54466623
0.0015129123
0.99518114
0.75983435
0.0018969381
0.9997873
0.0018890279
0.4431593
0.99992466
0.0039178296
0.0015695363
0.9982192
0.99998367
0.4432003
0.20591566
0.55761135
0.0004971088
0.44320112
0.9999808
0.4433987
0.44318998
0.0032145616
0.0007677821
0.44332612
0.4432078
0.44344208
0.999892
0.99995327
0.99856925
0.00026044183
0.44320536
0.99883705
0.0007605097
0.00043098617
0.9696577
0.0028569645
0.99994254
0.9999962
0.99994147
0.99985945
0.0015498373
0.0030297847
0.99763334
0.999853
0.9980823
0.99945086
0.55199957
0.44325352
0.9846394
0.00011316454
0.9996563
0.9999305
0.0011364456
0.00088283303
0.0020007142
0.00048369274
0.99966276
0.9997564
0.9965049
0.0004233081
0.99999595
0.00016895842
0.55006564
0.0023794589
0.99983287
0.9998103
0.9969939
0.9999205
0.9999913
7.352274e-05
0.44329882
0.0020810706
0.99538416
0.99998164
0.56371236
0.002623314
0.999995
0.9999398
0.5619814
0.0007543841
0.9999093
0.0017803336
0.996463
0.99964356
0.99993217
0.0031864222
0.4431574
0.9999918
0.0013619667
0.00019667542
0.0021915764
0.99991584
0.005243667
0.44137126
0.9982351
0.9194433
0.0013408847
0.0003742035
0.9991013
0.99999964
0.004100488
0.99999
0.5409168
0.0021348565
0.0008929252
0.0028278115
0.00025432388
0.99998903
0.44330528
0.0009982255
0.93763417
0.9984479
0.0020927
0.001025292
0.99992526
0.0016751448
0.9143821
0.0038178333
0.0046058805
0.0009916122
0.0026146588
0.9969073
0.0009538121
0.0011282079
0.9995987
0.003221812
0.0010758046
0.60064054
0.026146796
0.0014183715
0.0005175901
0.4432075
0.4431694
0.9997235
0.99963593
0.9999989
0.0010258069
0.9966233
0.00025769888
0.9992668
0.0003563445
0.99997294
0.99987733
0.9993259
0.99694556
0.0021706426
0.0030435494
0.44340065
0.9813704
0.44317415
0.5775973
0.37884232
0.6743362
0.4431861
0.9903776
0.9440882
0.44321784
0.9996418
0.96511346
0.99999774
0.5528901
0.9999989
0.0016293118
0.0011615405
0.98743767
0.004087973
0.0018267687
0.0012669795
0.0049968166
0.99627316
0.99692565
0.99999857
0.9999763
0.0020102856
1.0
0.00054963946
0.0041161873
0.0022562055
0.9848835
0.00034981323
0.0042369775
0.44324398
0.99983144
0.00017711679
0.4431914
0.0020948967
0.0013706407
0.000970478
0.0015493061
0.004129169
0.999979
0.0020327652
0.99999344
0.00015073159
0.44316256
0.0015072325
0.9991129
0.72041494
0.0042461674
0.0008599959
0.99999297
0.9974202
0.00095097057
0.0039306795
0.0011947157
0.44376844
0.99275255
0.99999917
0.00044351685
0.9999881
0.97066844
0.9998086
0.0012896254
0.99999774
0.0029034175
0.0009769101
0.200166
0.9927579
0.0020072667
0.4434014
0.9994912
0.003917619
0.00042116176
0.0023828151
0.002491181
0.9999833
0.9999082
0.002028359
0.44313705
0.9999999
0.0024144608
0.29352942
0.9984006
0.002253978
0.0007712899
0.99998975
0.00089830265
0.0011838875
0.9989454
0.44323492
0.99999154
0.0040237433
0.0021649264
0.0004585141
0.0018903076
0.0022782877
0.9998517
0.44355997
0.0026980925
0.44319445
0.99999833
0.68834174
0.9929824
0.5427222
0.00029363812
0.002777122
0.99999
0.0007938036
0.44324836
0.001143547
0.4433457
0.99998033
0.44314346
0.00054808886
0.9999579
0.44328713
0.00020007984
0.21759927
0.9979621
0.9985128
0.004781758
0.99741024
0.0022391514
0.44329974
0.2865333
0.9999976
0.0027582624
0.5528784
0.99980754
0.0021720622
0.00040311462
0.99972683
0.002157729
0.99999475
0.0008462955
0.9929644
0.44350424
0.0022906633
0.9963297
0.00031946268
0.0014960933
0.540877
0.9999982
0.0037238821
0.025091322
0.9999949
0.54952234
0.99989223
0.99985385
0.54143924
0.9927006
0.5471136
0.0020451555
0.9999956
0.0038508868
0.44325086
0.00030625594
0.003361487
0.9984407
0.0029252933
0.9820223
0.5542391
0.003979986
0.0030179066
0.0012317636
0.0029378585
0.99960285
0.0029398396
0.9999758
0.0020912734
0.44314748
0.55634296
0.99996316
0.999691
0.99153847
0.0043570376
0.9996264
0.0036946503
0.007653744
0.00030869016
0.002107231
0.00030919764
0.9999193
0.4433068
0.44330332
0.0007847254
0.059948232
0.9992192
0.999979
0.99538594
0.99919087
0.9999956
0.9996873
0.99991
0.9999664
0.0029401388
0.997417
0.5709951
0.0012315238
0.50105405
0.9988594
0.0011419887
0.998865
0.0029627103
0.5511207
0.9999362
0.9999949
0.5601302
0.56320673
0.9996605
0.00052639627
0.0010017634
0.0008155401
0.002222674
0.44188458
0.0016171648
0.0016859977
0.99999917
0.9988115
0.90336746
0.44320676
0.4433247
0.0027938026
0.44318998
0.44334725
0.49331394
0.0014040907
0.9982046
7.5581826e-05
0.99875367
0.00040997996
0.60666007
0.99999666
0.99997616
0.562387
0.0015432239
0.9766848
0.00068613805
0.7101135
0.0016439117
0.003208407
0.0019825632
0.44325534
0.99996746
0.0018833615
0.0019224406
0.5515544
0.99998903
0.5513564
0.0007329143
0.99924976
0.9947442
0.9968874
0.001192685
0.00020796139
0.99912745
0.0046143285
0.0014055409
0.44323206
0.53203577
0.5498086
0.44334307
0.004467065
0.9994438
0.5407725
0.0019167417
0.5517957
0.4432602
0.00029424988
0.002256826
0.99995303
0.9966449
0.00018916541
0.0028629887
0.00075644406
0.9987208
0.00037462055
0.99894077
0.5346908
0.5633944
0.00047348792
0.0025854423
0.9997739
0.9999671
0.99989545
0.83722144
0.08746996
0.99998915
0.0031861812
0.008324989
0.00026285034
0.9866421