0.5321805
0.99967873
0.414135
0.5426262
0.42543203
0.0011333742
0.001703105
0.99978083
0.42500716
0.5602936
0.027924607
0.0013885167
0.0036293126
0.39882678
0.9989022
0.0023611204
0.0070388787
0.29178828
0.004001101
0.49452373
0.7800438
0.0016853508
0.42341858
0.00257669
0.00039186206
0.0044323932
0.50525385
0.9349998
0.44484836
0.9995914
0.0022486045
0.39657506
0.6332933
0.4327726
0.3829453
0.38452083
0.51427555
0.9968823
0.9997317
0.99955505
0.0016739322
0.44194642
0.000620015
0.40749454
0.0036362251
7.20937e-05
0.69229245
0.9449967
0.0006596407
0.99972516
0.9818485
0.0018331986
0.97044396
0.9977556
0.5109312
0.00091417716
0.5760931
0.0012464973
0.0020537446
0.0040027127
0.7300858
0.9956371
0.54274875
0.40858278
0.90002805
0.86786485
0.6110003
0.0004310063
0.760484
0.5838445
0.9948496
0.0012233066
0.9192983
0.22109282
0.004759239
0.00054050365
0.001686676
0.596096
0.42342559
0.41238165
0.008443136
0.0010718257
0.4223203
0.9975533
0.99935776
0.0010821255
0.6919908
0.9802156
0.99712497
0.92818743
0.0007863243
0.0007916636
0.9984642
0.9883221
0.0007882708
0.012362644
0.99887735
0.9753753
0.9996984
0.99874085
0.41385952
0.39589798
0.0015583512
0.00154658
0.41942966
0.00027470913
0.00092614564
0.9897529
0.99900997
0.9987785
0.005026897
0.3973033
0.9850915
0.0010929878
0.3893138
0.0016974354
0.00060782616
0.0010995012
0.996977
0.6374354
0.9880654
0.99729055
0.0028834408
0.9999076
0.00072978734
0.9982487
0.00067381887
0.001417082
0.0020202375
0.9687167
0.9995191
0.9921079
0.0028745704
0.9783584
0.00086658524
0.0012347879
0.19530463
0.99969137
0.42447147
0.00077109225
0.9985461
0.0014227871
0.9953603
0.0027477462
0.9034134
0.0016028571
0.00063874654
0.42734364
0.0012063989
0.0017387219
0.9941209
0.9601353
0.3886298
0.0019858077
0.006258848
0.39522225
0.9999181
0.00074061
0.0020864466
0.99760616
0.9993531
0.9967906
0.57921785
0.9998103
0.9996916
0.0004393579
0.5936779
0.63627195
0.00079997955
0.00096036616
0.00057617034
0.42835817
0.0038985556
0.4427218
0.0064556706
0.0005948308
0.0025933846
0.99769765
0.00068793766
0.00082775805
0.37218773
0.001035108
0.0012666464
0.9996896
0.97151494
0.99255365
0.420476
0.42493638
0.0017772879
0.99639916
0.00063731
0.9999474
0.99940515
0.99986494
0.004958781
0.0047801198
0.40742034
0.99639505
0.00028857673
0.0016932035
0.0044208393
0.9948013
0.99915886
0.9858234
0.98516613
0.99997056
0.0017968486
0.99945813
0.0033490288
0.0033599297
0.41361892
0.41757822
0.9991473
0.0005612869
0.4145541
0.40796718
0.00045963525
0.21378507
0.001014213
0.0011167369
0.0028652942
0.9997452
0.0014284184
0.000634656
0.0018531283
0.99763846
0.9960693
0.0051815216
0.41237694
0.000729528
0.99753016
0.42431086
0.41656154
0.38526848
0.58971846
0.38459665
0.9993925
0.9995945
0.0012507895
0.0010192551
0.0019087855
0.0006666788
0.99963546
0.9842822
0.90877485
0.0010800388
0.41962922
0.1618927
0.3958187
0.5592382
0.9999269
0.0011815656
0.89575636
0.033298653
0.0010555966
0.00066376914
0.9738488
0.9961946
0.99641067
0.99908066
0.99991965
0.0010825224
0.9994325
0.99457955
0.30198488
0.003940074
0.001795632
0.0036672717
0.50879043
0.99873537
0.43181682
0.4036577
0.0024281912
0.0037917043
0.9730565
0.4741314
0.08703978
0.0008816775
0.99257505
0.9626561
0.9999243
0.9997265
0.003314459
0.0016080086
0.99934584
0.9814695
0.4110178
0.99960476
0.00035388177
0.42315716
0.24378781
0.9985812
0.54935795
0.0012681916
0.99680126
0.0020632804
0.86436725
0.9983897
0.0016520103
0.99704486
0.4282668
0.0013235807
0.7318924
0.9934934
0.9992798
0.0007544869
0.52415335
0.00493018
0.99931407
0.0005810521
0.002052034
0.86040896
0.9984415
0.99520916
0.99351597
0.00092074997
0.0009354505
0.0008089423
0.98858285
0.0018903076
0.00042081584
0.0039519765
0.000983077
0.00046062304
0.9985379
0.59223205
0.0015990722
0.0004327488
0.40563375
0.99739337
0.6333295
0.0031850443
0.99967074
0.99903274
0.9233746
0.41578287
0.999741
0.9998073
0.0045271013
0.0019176059
0.0010504049
0.00093673513
0.99915695
0.43214577
0.99912125
0.6860146
0.7574035
0.9906459
0.9995073
0.9978264
0.99469393
0.0006389661
0.9994869
0.4318519
0.9927977
0.0011176106
0.002484085
0.5816716
0.999159
0.9179306
0.00048286768
0.9859152
0.004402773
0.0033108343
0.00038213818
0.40186605
0.9246748
0.002180381
0.00079179107
0.41523585
0.4156752
0.001086333
0.99835545
0.0001419531
0.0013257691
0.00018640039
0.99714655
0.95316076
0.0023025966
0.0043732254
0.9991611
0.9997446
0.96019685
7.582482e-05
0.008694037
0.96788377
0.98301876
0.44332153
0.0027955833
0.9928691
0.57984436
0.0002542078
0.0021831736
0.00020969486
0.42340046
0.99935025
0.99683726
0.0006159895
0.0009652205
0.0014162308
0.002432979
0.9845354
0.9987801
0.44267464
0.50546235
0.4000156
0.9982322
0.9985569
0.99799806
0.4311337
0.99187285
0.4117493
0.9859488
0.99933344
0.0017243212
0.002033998
0.9763882
0.0015833745
0.99957556
0.0004387698
0.003596689
0.41009516
0.0022013371
0.00074741157
0.97943795
0.9999585
0.9986583
0.41639802
0.0034387817
0.01668604
0.00046034233
0.9834874
0.42035595
0.05611402
0.00635598
0.0008260679
0.9996691
0.5027426
0.913028
0.40321904
0.001262517
0.0018966194
0.0027676378
0.99699235
0.9997514
0.00069675565
0.9977895
0.99402034
0.42620662
0.99911565
0.9962274
0.4143489
0.95302296
0.0006939433
0.69059366
0.003369484
0.9971355
0.68886125
0.00039985677
0.0031830813
0.9962794
0.999879
0.0008164587
0.6777775
0.0002130118
0.99982446
0.9918926
0.3911479
0.0015175497
0.000487138
0.42517495
0.0018813827
0.99944633
0.7375978
0.0022707712
0.9580312
0.9846052
0.0023030513
0.99860436
0.003170607
0.0009037137
0.39935416
0.42587656
0.9998367
0.0012476691
0.0011274049
0.00022241444
0.9992768
0.99961627
0.4319398
0.49980196
0.80557525
0.9998642
0.9940295
0.39695978
0.45062307
0.99922574
0.0014658455
0.00022937568
0.5094102
0.41141364
0.9976648
0.0003124987
0.001863823
0.991523
0.99648476
0.001105027
0.3901938
0.0017538612
0.32624388
0.0024376728
0.9003171
0.00069299387
0.999721
0.42651278
0.39584732
0.60504985
0.00023443895
0.0023568706
0.0011348093
0.6594432
0.4678922
0.0003370344
0.9965706
0.9999856
0.93453944
0.40549734
0.0012130551
0.98726195
0.0017282605
0.92478865
0.40717643
0.0007075068
0.459408
0.0016506903
0.0009565887
0.0002975962
0.41650322
0.0013738112
0.5353185
0.4229917
0.99881446
0.40788612
0.99350774
0.40640157
0.0039039166
0.001299667
0.0031712656
0.0045756754
0.9975431
0.0051718387
0.0016653737
0.44378418
0.99899393
0.99538237
0.4232084
0.0011108605
0.039835647
0.0019818312
0.99717975
0.0011797077
0.9996014
0.46276245
0.40966606
0.9974648
0.0016637413
0.9984358
0.99917835
0.0027016697
0.981871
0.97451574
0.0010492296
0.5462085
0.0013146249
0.99693656
0.9960556
0.9994923
0.9412259
0.9868559
0.0045491336
0.0015151413
0.00027636572
0.0005040096
0.007365027
0.98387235
0.3740314
0.0012957477
0.5804824
0.00575344
0.9990074
0.0034554638
0.0015982351
0.011705795
0.5074565
0.50607693
0.00040814237
0.0011032221
0.0045371996
0.9852443
0.0014073524
0.9994136
0.99909854
0.98592156
0.0023688169
0.9179058
0.0020062278
0.43258613
0.3998422
0.0017404284
0.65339714
0.0009631876
0.9804391
0.002571955
0.99885285
0.43057036
0.00038643993
0.011722495
0.0014575939
0.9985322
0.9996489
0.99291354
0.42916885
0.0022113791
0.95400774
0.4904104
0.9991541
0.0018401956
0.96669954
0.8724605
0.4198918
0.001144772
0.41869354
0.988972
0.9994961
0.009217959
0.9998149
0.9972995
0.0019790253
0.0031256343
0.0010399766
0.99199134
0.0027477604
0.71552914
0.9985241
0.0009850515
0.0013845362
0.0024216394
0.0015858505
0.62140816
0.9684617
0.99838006
0.9477168
0.4190059
0.9443126
0.00079320517
0.999571
0.9956019
0.9991258
0.00017733173
0.0016684732
0.40955916
0.0015751702
0.99862814
0.44260433
0.00020309615
0.9528147
0.0023229215
0.0009011612
0.99304223
0.42891482
0.5134478
0.99960464
0.0004941247
0.9827833
0.99753916
0.99755704
0.15231663
0.0006110281
0.99817693
0.9611502
0.6045368
0.0013297063
0.8210681
0.9962316
0.9882663
0.99414104
0.9776987
0.9978048
0.9914801
0.0048040114
0.005036735
0.9652455
0.0026119605
0.0019414758
0.0118674375
0.0023381573
0.0013808076
0.0010760131
0.9988493
0.3956241
0.41082412
0.5247543
0.999801
0.011344047
0.0015697776
0.99957544
0.00059169735
0.99818265
0.9999294
0.59725267
0.4986211
0.9966988
0.0020938932
0.003425444
0.99928826
0.4116216
0.00043748724
0.99468464
0.0017793094
0.30570358
0.0005499901
0.00054740545
0.83224976
0.0016744958
0.0012161158
0.001715293
0.0008472698
0.42661867
0.0006440323
0.0046887626
0.89954346
0.9975848
0.3889238
0.0016502214
0.98693967
0.0006745851
0.0024865263
0.9998118
0.64667827
0.0043004723
0.5096913
0.40307534
0.99841976
0.0004371331
0.99924576
0.052798565
0.0009797893
0.4053157
0.0016683468
0.42265525
0.002247584
0.0010859238
0.0032794867
0.9718679
0.49803177
0.0007424325
0.9913429
0.01150747
0.002205071
0.43966648
0.0005713105
0.9958794
0.5833498
0.98883575
0.001819349
0.0026846395
0.0023108984
0.9714318
0.00041214027
0.99321645
0.0014995534
0.01382726
0.59002113
0.0014854493
0.00044903567
0.9982436
0.9993098
0.41117057
0.99967647
0.0028011214
0.0012477195
0.9984091
0.20668922
0.39204532
0.0021652665
0.9983398
0.99435186
0.5122874
0.9998863
0.0051223948
0.9976199
0.9189747
0.99883395
0.0027667088
0.0020791206
0.00088979636
0.4351197
0.0023662716
0.9996338
0.0007331815
0.9988569
0.4338989
0.9740441
0.99854857
0.0022580847
0.00081360695
0.00081762974
0.62872255
0.9990307
0.99174386
0.9997769
0.6983836
0.55317515
0.89106625
0.0004659098
0.43692127
0.91365886
0.6399342
0.0020647242
0.9995598
0.9016552
0.99867105
0.99861395
0.0029280721
0.006761846
0.99689364
0.9989759
0.0012101687
0.36675045
0.41976082
0.999201
0.00042935947
0.002517278
0.9995215
0.9900662
0.48899695
0.96831626
0.9952028
0.00092126906
0.0009733764
0.028409336
0.9998598
0.9998271
0.399262
0.9995758
0.5230909
0.9997769
0.9998259
0.9977781
0.0011055704
0.0014691448
0.99808264
0.0029186527
0.00126228
0.0008449632
0.9496465
0.0010228124
0.0033553583
0.0006134123
0.3893135
0.9994129
0.42541867
0.84471655
0.0017924076
0.52170885
0.004319035
0.42070687
0.0014120269
3.8202397e-05
0.001094386
0.002127632
0.5073001
0.42201826
0.9573454
0.0013927328
0.98795646
0.40951982
0.0025976622
0.018401716
0.3251722
0.54504055
0.40575746
0.35071555
0.00051279966
0.42217308
0.0028129446
0.6635706
0.401476
0.08556227
0.42778775
0.392867
0.99975365
0.0029246272
0.9985483
0.99472034
0.97913235
0.86191267
0.0030502398
0.99315965
0.99920446
0.1690013
0.0017459374
0.99513054
0.113689795
0.9821597
0.2597849
0.000538977
0.5275978
0.99701947
0.41549262
0.9975326
0.0009370128
0.00081856945
0.0047696554
0.32031223
0.9996387
0.52862966
0.41333258
0.68358874
0.9969445
0.0019372219
0.9995851
0.9996164
0.9930472
0.9888939
0.9837552
0.39579207
0.0010573257
0.9993765
0.42770225
0.9961582
0.4422703
0.9988757
0.60133976
0.99490297
0.9996538
0.0053831353
0.579765
0.9879689
0.0024351603
0.9989618
0.001527386
0.003297554
0.0015833662
0.0023204244
0.4130595
0.0018309454
0.5654512
0.5028778
0.99879515
0.0018395475
0.88112277
0.6517576
0.0011965694
0.0019004822
0.9946314
0.87244326
0.43924776
0.96296746
0.99866986
0.99735546
0.0013581482
0.9967816
0.00060711027
0.98958033
0.0026250428
0.0014580708
0.40869638
0.98858124
0.0015507828
0.9994653
0.41486967
0.984435
0.4101774
0.0002526582
0.9310997
0.9986463
0.0017406555
0.9971826
0.9952727
0.0021898274
0.95398885
0.0015781622
0.0006240779
0.40610576
0.41315365
0.77852523
0.15794857
0.56382334
0.5169555
0.9668159
0.42537683
0.5694867
0.00095972494
0.918061
0.4118297
0.39595798
0.0008617206
0.0011788652
0.9868356
0.4167109
0.5612339
0.000995374
0.99739754
0.8962443
0.00066748494
0.99890184
0.0007838831
0.4249551
0.99801934
0.0012243412
0.0011009822
0.9966683
0.9993923
0.4224928
0.14114903
0.6462261
0.00056160823
0.4197052
0.9994149
0.4054663
0.41602722
0.0015986209
0.0005034968
0.41563264
0.41911787
0.43586695
0.98973185
0.99266607
0.94938993
0.00051076885
0.42375422
0.97902954
0.00034327415
0.004933002
0.91659224
0.0011264451
0.9956488
0.99976736
0.99985206
0.99973065
0.00042578715
0.004037295
0.86183333
0.99982893
0.9970445
0.9969254
0.5886533
0.42059013
0.9998196
0.0014848029
0.996819
0.9942214
0.0019729845
0.000731181
0.0008915581
0.0020537358
0.9915165
0.97878426
0.9327691
0.0015834348
0.9999602
0.008417327
0.5886627
0.002164713
0.9986039
0.9974094
0.9909973
0.9998381
0.99866474
6.6217755e-05
0.4196257
0.00052711554
0.99170434
0.9539116
0.5271146
0.002083405
0.9992385
0.999519
0.65749437
0.00010619064
0.99950707
0.0009831022
0.9967861
0.9941824
0.9967949
0.0012656703
0.42255425
0.9938391
0.0029476085
0.0017492207
0.0018517686
0.9987947
0.0018158375
0.1700278
0.99501556
0.88446945
0.0063080727
0.0033770474
0.9887659
0.99918634
0.0021912137
0.99938154
0.508129
0.001098121
0.00093515054
0.00064821844
0.0010972337
0.9944518
0.42103446
0.007547184
0.95446104
0.99571323
0.0031201611
0.0007667976
0.99213713
0.000766666
0.9050346
0.0005359097
0.0013599012
0.0008019166
0.0034187215
0.9367422
0.0014542263
0.0012090432
0.99885845
0.0012208492
0.0036865512
0.54102933
0.056365617
0.0008709249
0.00029500577
0.3854509
0.41859972
0.9950938
0.9917675
0.99308336
0.00077973824
0.91277254
0.0024770764
0.99509156
0.011303309
0.99975437
0.9990839
0.9995664
0.9904418
0.00037776286
0.0013719604
0.41073018
0.9169046
0.4191115
0.76875484
0.4413823
0.61983466
0.42083126
0.7832588
0.9229279
0.38772225
0.7358757
0.9069967
0.9998975
0.5240078
0.9984762
4.899299e-05
0.0012525741
0.9564987
0.01105912
0.0016983115
0.0033048089
0.0016689076
0.85489357
0.9899568
0.9998374
0.99751735
0.00251394
0.9999608
0.018586086
0.0009652753
0.00041114868
0.9823842
0.0008474066
0.0025366237
0.40509126
0.9988146
0.0018581968
0.42744273
0.0013405993
0.0004508138
0.001822476
0.0012820818
0.0016204363
0.99876803
0.0027260545
0.99973506
0.0028066891
0.42339286
0.0004735599
0.9976261
0.4098098
0.001726118
0.0035485427
0.99952424
0.98593605
0.001717311
0.00150746
0.00046532947
0.3957429
0.87541515
0.9991146
0.00042888944
0.9938326
0.8623325
0.998505
0.0006717575
0.99973124
0.0014079
0.0006074014
0.82719004
0.9919344
0.00061579165
0.41669872
0.9950203
0.0013234661
0.0021700903
0.0023056462
0.002259572
0.9994209
0.99939036
0.001025649
0.39596772
0.99963236
0.0005590053
0.68510365
0.99659497
0.00173696
0.00064363406
0.9990766
0.0020477292
0.001475728
0.99510634
0.4200563
0.9996648
0.002230681
0.0014169309
0.0049794717
0.00046245172
0.0013729715
0.9989851
0.3994426
0.00078018534
0.42239153
0.99973863
0.87516993
0.99133354
0.5159074
0.0002428725
0.0008278728
0.9899844
0.0003195617
0.42683896
0.0049881213
0.44301942
0.9977737
0.42650962
0.04708744
0.99947304
0.41983226
0.0019357825
0.5545173
0.9806276
0.98917997
0.0007214129
0.9841038
0.0006428123
0.41757768
0.5676791
0.99641776
0.0016996542
0.6083063
0.99000984
0.001052733
0.0025532758
0.99922776
0.0027433007
0.9993579
0.0021949334
0.86618656
0.43362737
0.0010423478
0.9807544
0.001736363
0.00051810243
0.50126815
0.9997311
0.0008159213
0.0022750013
0.99984455
0.5524369
0.9898198
0.9970477
0.5262799
0.995652
0.5380876
0.00082198676
0.99906343
0.0028487837
0.410066
0.003742004
0.00088086136
0.9994635
0.0010580119
0.97820425
0.51632947
0.0015762091
0.0020341268
0.0008479818
0.0010702295
0.99700516
0.019862846
0.9974929
0.001092393
0.42677277
0.54637766
0.9944759
0.99713767
0.9848178
0.0016684876
0.9282592
0.00028357824
0.0046229525
0.0005869925
0.0010939268
0.00017597932
0.997262
0.42360044
0.42599714
0.00086377485
0.47039416
0.99891734
0.9986596
0.9968209
0.99739313
0.9979651
0.77715397
0.9975853
0.99469274
0.003193216
0.9758257
0.65146244
0.0006668434
0.4054585
0.99634546
0.003922391
0.99599504
0.0013422902
0.5316832
0.9998964
0.99971825
0.6719365
0.5707135
0.9921198
0.00057245407
0.0018618903
0.0047392226
0.005278549
0.4476755
0.00060056814
0.00084787025
0.99945647
0.9979761
0.98260003
0.4249934
0.4183872
0.0013526684
0.41789073
0.42546088
0.44598165
0.0010465382
0.98280627
0.008673525
0.9933343
0.0007495928
0.30093962
0.999366
0.996974
0.56290716
0.00077153544
0.942797
0.0007315741
0.8551983
0.000756341
0.0012951283
0.0030220598
0.40069708
0.9997595
0.00078392157
0.00053630373
0.5404662
0.9998233
0.59153414
0.00070198404
0.9978326
0.8314215
0.9988071
0.0039952523
0.005254463
0.99500763
0.00329772
0.0038410092
0.40814847
0.4923066
0.51736385
0.41035703
0.0035642255
0.9984394
0.5255813
0.0011842371
0.5266537
0.40797445
0.004495349
0.00182585
0.9995229
0.98515356
0.0072216378
0.0015065926
0.0046532634
0.9971396
0.021566067
0.99091303
0.43198252
0.54496175
0.0017978307
0.0005367535
0.999275
0.99864405
0.99906737
0.94686997
0.025440352
0.9985979
0.0020975561
0.00018457642
0.00095738604
0.99844307