0.9999981
1.0
0.000915564
0.99999976
0.3201756
9.987416e-09
6.7142696e-09
1.0
0.17472488
0.6878627
0.00012466441
1.8417374e-09
2.0789297e-08
0.42680648
1.0
1.0786954e-05
4.0198356e-07
0.99999547
8.9435256e-05
0.9986279
0.9999249
1.3622274e-05
0.38459143
8.903712e-11
4.5828077e-08
0.110521294
0.99426067
0.99904794
0.42576578
0.9999999
9.888424e-11
0.34345213
0.0005109091
0.42885622
0.17911609
2.9422104e-05
0.99999905
0.999998
1.0
1.0
0.0013774742
0.9706759
2.0151646e-07
0.00016175512
1.4389638e-09
2.9877185e-07
0.9999995
0.9998599
1.4199823e-06
1.0
0.99997616
5.245048e-10
0.99999547
0.9999999
0.99575585
7.04139e-06
1.0
0.009994661
9.0563293e-07
0.0042465725
1.0
0.9999994
0.99999976
0.09760369
0.961794
0.9748907
1.0
1.8661743e-10
0.7911011
1.0
0.9999999
0.0012928372
0.993618
0.26131955
2.9935117e-11
3.739519e-10
5.947126e-10
1.0
0.08739938
0.00011509833
2.980097e-10
1.2057577e-09
0.003156544
1.0
1.0
1.1949543e-08
0.9999999
1.0
0.9999962
0.9971078
1.7004819e-09
3.5000392e-07
0.9999999
1.0
5.437311e-08
0.00022198839
0.99999714
0.9992925
1.0
1.0
0.02098455
0.029125545
4.7271613e-09
8.084308e-09
9.4279225e-05
1.13007296e-07
3.1807304e-10
0.9999995
0.99999475
1.0
9.542865e-05
0.0007503461
0.99999714
4.418258e-05
0.15573595
6.3296535e-11
0.0001979523
0.00044014803
0.9999999
0.98630977
0.99999976
1.0
5.2724627e-05
1.0
0.003046143
0.9999999
0.0006437764
5.152116e-06
1.358454e-06
0.99987507
0.9999933
0.9991341
7.1920645e-08
0.9999896
8.570582e-09
1.9625412e-07
0.1045876
1.0
0.24370793
7.109627e-09
1.0
7.385037e-07
0.9994491
1.2710594e-08
0.99998605
7.576409e-08
5.4232924e-10
2.0221116e-06
1.745583e-08
4.8645084e-09
1.0
0.9999882
3.094172e-05
9.173818e-09
5.211154e-05
3.482625e-05
1.0
2.390924e-10
1.0569015e-08
0.99998903
1.0
1.0
0.91982895
0.9999995
0.9999901
3.6479792e-05
1.0
0.9999943
3.8803384e-05
9.186061e-08
4.5128598e-07
0.3752996
0.019339886
0.49524716
0.00021124951
1.7326414e-10
0.00014571605
1.0
6.7014985e-06
2.9825649e-06
0.7957416
2.336385e-10
6.035701e-10
1.0
0.99963284
1.0
0.00010784831
0.39582476
3.6136598e-08
1.0
9.670079e-09
1.0
0.9999999
1.0
0.009169727
3.2656985e-11
0.11526296
0.9997713
9.49899e-13
3.019212e-11
4.2820498e-06
0.9999918
1.0
0.9999902
0.9999995
1.0
0.007884125
1.0
8.220088e-05
0.0001142146
0.00300518
0.00038642169
1.0
2.7721061e-08
0.36285454
0.38154775
4.4737894e-06
0.030954339
2.294943e-06
1.1825822e-06
1.1577541e-06
1.0
2.830836e-07
1.6089869e-08
1.2406251e-07
1.0
0.99999726
0.00010726914
0.00016136568
6.116185e-10
0.9999995
0.16320173
0.65157074
0.19073264
0.99970764
0.37183204
1.0
1.0
2.2005918e-06
3.5893066e-09
1.1952142e-08
2.365713e-09
1.0
0.99995005
0.99586284
1.6497265e-07
0.41766575
1.2897934e-05
0.0010307864
0.0009286755
1.0
1.935131e-08
0.99995637
7.963265e-06
1.462933e-08
0.00010597214
0.99999726
0.9999875
1.0
0.9999999
1.0
4.1738957e-08
1.0
0.9999925
0.35334605
5.0120334e-06
5.414778e-09
1.11249975e-07
0.04024569
0.9999994
0.45894602
0.21775813
8.879354e-08
2.1652511e-07
0.99982834
0.020566799
0.02348986
1.3816201e-06
0.99995685
0.99999034
1.0
1.0
2.0682027e-09
3.647912e-08
0.99999976
1.0
5.2314892e-05
1.0
2.1803863e-09
0.31053817
0.9954594
1.0
0.99989235
6.750356e-08
0.9999989
8.683353e-05
0.94674945
0.9999622
1.38895275e-05
1.0
0.114431314
1.4662525e-06
0.99949646
0.9999995
1.0
0.00028483686
0.9999993
1.553582e-05
1.0
3.0320518e-07
8.796166e-06
0.6703056
1.0
0.99946934
1.0
4.6384117e-05
8.1811275e-05
9.234437e-09
0.9999862
2.3283767e-06
8.495362e-08
0.0025257128
1.8444163e-09
2.9087501e-09
1.0
0.99999976
3.0952983e-06
1.6543491e-09
0.3105199
0.99997604
0.9191859
6.9504286e-10
1.0
1.0
0.9463933
0.0041773794
1.0
0.99999964
0.0001186433
2.1709332e-09
1.3419764e-08
3.7642226e-07
0.99999833
0.0011201116
0.9999982
0.995099
0.9894986
1.0
0.9999993
0.9999995
0.999992
1.852828e-10
1.0
0.00084568816
0.9999969
3.392682e-11
1.3747082e-06
0.9999993
1.0
1.0
0.00012366739
0.99999857
4.2356326e-08
9.0053085e-09
0.0004517137
0.00032229483
0.9969356
4.44329e-06
1.6991192e-10
0.34471273
0.34788784
1.253993e-07
1.0
2.9281144e-10
2.5695248e-09
9.054508e-05
0.9999995
0.99705976
2.8921109e-08
4.681734e-07
1.0
0.99999976
0.9997869
8.162352e-09
0.00037550088
0.9998523
1.0
0.049189847
3.92044e-06
0.99995255
1.0
1.8128281e-05
2.9090177e-08
0.000103802624
0.013760778
0.9999989
0.9999703
1.208112e-06
2.414613e-10
8.8058645e-05
3.0102505e-09
0.99951935
0.99999964
0.0019258215
0.9053185
0.41176108
1.0
1.0
1.0
0.015494117
0.9999145
0.005406354
1.0
1.0
1.5028519e-10
6.005133e-10
0.99986243
4.0653228e-10
1.0
0.00018061638
8.2829826e-10
0.00021850981
2.4613925e-07
0.00075752323
1.0
1.0
0.99999964
0.0010982597
9.361476e-05
0.0012152554
2.432675e-07
0.9999999
0.0009828086
0.0003939985
5.4224156e-06
3.2009495e-09
1.0
0.9994205
0.9945485
9.286036e-05
2.6567163e-11
2.2699155e-06
9.926464e-11
0.9999759
1.0
3.034013e-07
0.99999976
1.0
0.22438452
0.9999999
0.99984324
0.44223505
0.9859613
1.2921196e-09
6.1436214e-05
1.1991806e-05
1.0
0.8620385
8.846543e-08
1.6104346e-10
1.0
1.0
4.280326e-11
0.97164506
1.1793622e-06
1.0
0.9999789
0.0006628591
1.6586333e-09
4.9173834e-09
0.012468427
1.6893513e-09
1.0
1.0
1.214385e-07
0.99994385
0.999767
1.6300261e-07
0.9999995
0.0017711291
5.9791944e-07
0.0008279004
0.0021730596
1.0
5.2190007e-06
0.00079390383
3.033942e-05
1.0
0.99999976
0.20309934
0.95642906
0.9998172
1.0
0.9999478
0.44721916
0.45254692
1.0
3.2702165e-08
0.00048514613
0.9999317
0.000111678215
0.9999999
1.9798126e-08
2.6828828e-09
0.9992094
0.9999999
8.672594e-07
0.0058918283
4.1618084e-10
0.100558326
1.2342997e-07
0.99942976
5.4724545e-09
1.0
0.00587098
0.00024932806
1.0
0.00018381525
2.4893695e-11
1.3174245e-07
1.0
0.93882954
1.2400793e-08
0.9999219
1.0
0.9960943
0.3047396
4.2994913e-10
0.9999746
2.4664815e-10
0.9999684
0.34261826
2.6296632e-08
0.50292903
5.205308e-08
2.7255415e-10
3.7366408e-09
0.44225082
5.7597567e-06
1.0
0.3800881
0.9999896
0.2504976
1.0
3.43291e-05
0.0004008231
6.437565e-11
1.8070867e-09
4.243604e-06
0.9999931
5.2545807e-10
2.819445e-07
0.35377288
0.9999999
1.0
0.22021052
4.8504094e-06
1.6594e-08
4.143388e-09
0.99999964
2.2928039e-10
1.0
0.000981587
0.0005426301
1.0
2.686682e-07
0.9997298
0.9999999
2.9227613e-07
0.99992776
0.9999069
1.5650222e-09
0.9998512
8.943467e-08
1.0
0.9999826
1.0
0.99999654
0.9996648
4.238235e-05
5.1108415e-09
3.7556394e-09
9.843422e-09
8.255611e-05
0.9999999
0.99715567
2.158836e-08
0.9824609
3.2701703e-07
1.0
1.0607689e-08
1.0679864e-05
3.47524e-05
5.6138586e-05
0.9999385
2.11042e-08
3.5587734e-06
5.0899454e-09
0.99999976
4.0240315e-07
1.0
1.0
0.99972886
2.4475867e-07
0.9997663
3.6716485e-10
0.29837158
0.03452703
7.555451e-05
1.0
1.4048322e-08
0.99957496
1.8942349e-07
0.9999745
0.0019846153
1.8432181e-06
3.8577833e-05
6.362744e-08
0.99999976
1.0
0.99998975
1.7233046e-06
1.6676614e-07
0.99989927
0.86949486
0.9999999
1.4069775e-08
0.99932194
0.9968453
0.2811254
8.3627896e-07
0.00028818272
1.0
1.0
1.261525e-06
1.0
0.99992275
0.014342584
1.9193585e-05
1.4099291e-09
0.9999851
3.2401007e-10
0.9998173
0.9999999
3.0889496e-06
2.042193e-10
0.0045684814
2.6237963e-08
1.0
0.9999176
0.99999714
0.99884975
0.45282155
1.0
2.9064777e-06
1.0
0.9999989
1.0
2.2701106e-05
5.742858e-06
0.0044365632
1.28137065e-08
1.0
0.9692346
1.850011e-07
0.9999895
2.5008244e-11
2.6001098e-10
0.9999914
1.953667e-05
0.9999124
0.9999999
1.475897e-05
0.9998925
0.9999968
0.9999999
0.0055186427
9.443082e-07
1.0
0.99997556
0.0059589613
2.4430896e-10
0.97722214
1.0
0.9998035
1.0
0.99987864
1.0
0.9999198
6.078649e-08
0.030327806
0.99990034
1.4068104e-09
0.002546994
2.1633305e-06
2.4035818e-09
1.2892596e-08
2.768606e-07
0.9999999
0.9497491
0.40066883
1.0
1.0
0.0023222675
5.3201415e-10
0.9999999
4.803772e-07
1.0
1.0
0.99999714
0.48572356
0.99997747
3.3323764e-07
2.9268224e-07
1.0
0.003432299
1.8027396e-08
0.99992037
8.2522794e-10
0.6201113
2.2984425e-05
8.297518e-09
0.9993925
4.5694816e-11
1.2149659e-06
7.970066e-08
0.00024479604
0.030624341
1.2266198e-06
0.00089901884
0.9999927
0.9999999
1.36309945e-05
5.1841587e-10
0.99900156
0.00075640436
7.583627e-11
1.0
1.0
4.2949839e-07
0.99998915
0.17014661
0.9999988
3.070015e-09
1.0
8.906946e-05
2.7860679e-08
0.00021692697
2.2119508e-05
0.30024838
1.4996625e-07
1.5634507e-08
2.2697341e-10
0.9996464
0.61872405
1.4627105e-06
0.9999579
0.00034431755
1.6632302e-09
0.009229175
1.0539427e-05
0.9999857
1.0
0.99991083
3.131571e-07
1.8980717e-06
7.845023e-05
0.99928826
8.2847185e-07
0.9999968
7.2154216e-07
1.8651256e-09
1.0
5.4505267e-09
9.653143e-09
0.9999864
1.0
2.3664132e-05
0.9999999
2.7166056e-09
4.382956e-06
0.9999994
0.0735126
0.99999833
1.1554325e-10
0.9999999
0.999998
0.99993837
1.0
0.00035367603
1.0
0.9999924
1.0
5.2664276e-05
6.0774724e-05
5.5128066e-07
0.12735061
2.0670983e-07
1.0
9.323726e-09
1.0
0.004781247
0.9995671
1.0
3.8745904e-09
2.379343e-09
5.5588634e-10
0.7556356
1.0
0.9999882
1.0
1.0
0.9999949
0.99972886
7.8912954e-10
0.14367035
0.99977785
0.9927321
4.0871703e-10
1.0
0.9999963
0.9999999
0.9999993
1.3861381e-10
0.008173896
0.9999647
1.0
2.1352144e-09
0.27299932
0.018734071
1.0
3.125737e-10
2.766452e-07
0.9999999
0.99999106
0.4374012
0.99999905
0.99996173
1.2518811e-08
1.4614191e-07
0.000101063226
1.0
1.0
0.29406407
1.0
0.9999814
0.99999976
1.0
0.99999404
7.127958e-09
2.9539056e-05
1.0
1.306568e-09
0.00032804217
7.2672686e-09
0.9999553
4.6215996e-11
2.4408937e-08
3.7664574e-09
0.4059881
1.0
0.0052105417
0.99967575
0.00056936766
0.9999995
0.00016624901
6.989493e-07
4.2325553e-12
1.5895767e-09
1.3594114e-09
8.661348e-08
0.6104347
0.10676247
0.99993336
1.0145954e-08
1.0
0.0011331544
3.686019e-05
0.00023587277
0.15932618
0.9999995
0.18977615
0.702112
1.7552108e-09
0.00017826789
7.154934e-11
1.0
0.0011495228
0.0028597494
0.36865044
0.4030881
1.0
5.9343844e-08
0.9999999
0.9999999
0.99991643
0.99736303
1.0311392e-06
1.0
0.9999994
0.8571575
2.3021121e-07
0.9999926
0.0016474177
1.0
4.4639844e-05
1.9878718e-05
0.99999905
0.9999927
0.24615864
1.0
9.7165335e-05
1.5950009e-09
4.3610765e-07
0.0017828039
1.0
0.9999883
0.0024192159
1.0
1.0
6.982581e-11
1.0
1.0
0.99938595
0.99999654
0.9995437
0.382585
0.00023200939
0.99999976
0.115844235
0.99999976
0.3479848
1.0
0.99999976
0.99954575
1.0
7.779213e-06
1.0
1.0
8.095071e-11
0.9999995
5.6586424e-09
2.4371565e-07
3.623934e-10
5.1957736e-09
0.12843414
1.1114705e-06
1.0
0.9942357
1.0
1.0572633e-06
0.9999975
0.65819603
0.0003582267
8.951454e-08
0.999899
0.999967
0.013937592
0.9999988
0.9999999
0.9999962
1.7736335e-08
1.0
4.218532e-08
0.9999999
7.3579134e-09
1.3820956e-07
0.00022340911
0.99991965
3.2930922e-09
1.0
2.8775501e-05
0.9998443
0.38370627
4.886923e-07
0.9998111
1.0
0.00090096163
1.0
0.9999964
6.9702e-09
0.9999231
0.000114367496
7.676867e-06
0.43558684
2.573859e-05
0.999734
0.0057364465
0.9999999
0.9999988
0.9979146
0.019787125
1.0
1.3966908e-09
0.9945791
0.40520275
0.16909853
5.245999e-07
3.7819623e-06
1.0
0.2912705
0.9981687
2.6750614e-08
1.0
0.8937755
1.2286334e-06
0.9999995
1.6487905e-06
0.23659563
0.9998869
3.2751015e-07
5.3159827e-10
0.9999999
1.0
0.02909529
0.0003989476
1.0
2.3080028e-10
0.02558437
1.0
0.829589
0.016719176
3.1368635e-10
1.7098248e-10
3.0807547e-05
0.2660513
0.00072216266
0.99999154
0.9999993
0.99958366
6.6156867e-09
0.20143877
0.9999962
8.023333e-07
1.8405416e-07
0.985881
3.2816026e-06
0.9999994
1.0
1.0
1.0
2.6997677e-08
6.565583e-08
0.997976
1.0
1.0
0.99993455
0.9999914
0.00023637639
1.0
2.416883e-07
1.0
1.0
1.7529821e-05
8.336279e-06
7.324339e-07
6.908541e-11
0.999997
0.99991167
0.9999924
7.877888e-08
1.0
6.629228e-09
1.0
3.974116e-08
0.99999964
0.9999981
0.9999999
1.0
0.99999964
1.4302188e-09
0.00010811088
4.3185737e-06
0.99980503
0.9999994
0.9996922
4.1239236e-08
1.0
1.0
1.0
1.8750996e-05
0.9999995
7.027717e-06
1.0
0.99992824
1.0
4.198024e-07
0.11177977
1.0
9.176251e-09
3.6612363e-07
2.388964e-10
0.99999976
0.00045682339
0.59472734
0.99988353
0.99988174
0.00011535643
3.4168643e-08
0.99990547
1.0
2.767114e-08
0.9999999
0.99818426
4.7549154e-08
2.5969973e-10
1.691148e-08
1.110545e-07
0.99998665
0.003756108
0.0003500344
0.99999535
0.9999933
1.1353255e-10
1.2949767e-09
0.9999999
8.933503e-10
0.9999676
0.00017240446
1.3138578e-06
1.8896861e-07
8.455432e-08
0.9998802
1.6845664e-06
4.3146917e-09
0.99999845
3.187085e-06
0.00014293988
0.9999857
0.00057767617
9.204806e-06
0.00017827266
0.3260318
0.361765
0.9999951
0.9999882
1.0
1.6483813e-08
0.9979721
1.6193106e-11
0.9999957
0.00376293
0.99999976
0.9999932
1.0
0.99998665
2.024339e-05
0.0008089831
0.1428789
0.9975974
0.440851
0.9423818
0.00018761074
0.88967514
0.22413433
0.95792395
0.7648572
0.4151996
0.99999833
0.99177223
1.0
0.9999999
0.99999046
3.0818555e-08
2.3768572e-09
0.9998803
0.00028588402
1.0174441e-06
2.463296e-05
0.00075637666
0.9997845
0.99998415
1.0
0.9999896
3.4377214e-07
1.0
8.765683e-05
1.0451228e-05
3.6444067e-08
0.9999459
5.6157285e-07
7.2927503e-07
0.033663984
1.0
1.0102341e-10
0.0057072924
9.4662155e-06
1.3970238e-09
4.5778323e-10
4.2141536e-07
1.8434275e-05
0.99999213
8.074301e-07
0.9999999
0.0004623688
0.09969808
7.4261834e-07
0.99999917
0.9937038
1.0168683e-07
0.0003986005
1.0
0.9999447
4.715857e-10
3.162169e-08
8.9473323e-10
0.43146798
0.99318236
1.0
0.00085129176
0.99999666
0.9951025
0.99999785
4.758926e-08
0.9999999
1.6480323e-08
2.3361793e-06
0.07224888
0.9999988
2.933959e-05
0.009181766
0.9996288
1.1823133e-07
1.3262782e-05
1.5406587e-07
0.0001546669
1.0
1.0
3.5291735e-06
0.4106439
0.9999987
1.0354148e-06
0.08345948
0.99999297
3.424256e-08
2.361519e-10
1.0
7.1365283e-09
4.919909e-06
1.0
0.42797256
1.0
4.5018257e-07
2.3860827e-09
1.6119973e-08
9.253916e-10
8.074215e-09
0.9999981
9.9014025e-05
0.00011306067
0.44282
1.0
1.0
0.9997881
0.9999583
2.6057114e-09
1.5033262e-05
0.9999949
2.1272094e-10
0.35405698
9.164594e-05
0.40646017
0.99999774
0.227774
1.7006805e-08
1.0
0.26219597
6.188338e-05
8.8719105e-05
0.99771655
0.99999857
7.930125e-08
0.99999964
1.5506203e-07
0.00014022089
8.4045154e-05
0.99999964
5.4501945e-09
1.0
0.9999994
1.7124114e-08
1.1125087e-10
1.0
7.866829e-06
1.0
8.629564e-06
0.93895435
0.03166999
8.751959e-07
0.9999987
3.1593657e-08
9.510017e-08
0.7140751
1.0
4.6266607e-05
6.3987805e-08
1.0
0.99998057
0.9999995
0.9999968
1.0
0.9999883
1.0
2.9976927e-06
1.0
2.7515517e-07
0.4798002
2.4507871e-09
1.1938833e-06
1.0
1.1360501e-06
0.99998355
0.9999901
4.939434e-07
4.4798934e-08
1.0241564e-06
0.00014458418
0.99999464
0.00014743036
0.9999974
1.0597345e-06
0.18493721
1.0
0.9999969
0.99999845
0.99967754
8.284037e-06
0.99911803
1.2183442e-07
0.0013330049
0.0009547799
0.0010431196
2.3381024e-09
0.9999999
0.0001926587
0.34231788
4.118472e-10
5.7450514e-05
0.99999905
0.9999969
0.9999682
1.0
0.9999943
0.97991174
0.9998275
0.9999906
0.0001666577
0.99999154
1.0
2.006204e-09
0.9737463
1.0
2.6777233e-10
0.9999999
4.1367375e-07
1.0
1.0
1.0
1.0
1.0
0.9999999
1.3427731e-07
1.7645734e-08
1.146525e-08
1.1162623e-06
0.000741913
2.433594e-09
4.1960044e-09
0.9999993
0.9999969
0.99995756
0.3645755
0.24574253
4.7731846e-10
0.36416817
0.0031962912
0.43200824
5.2979907e-08
0.99999094
0.0016448253
0.99999774
1.0757815e-08
0.5184279
0.9999999
0.9999999
1.0
1.8906274e-09
0.99998164
2.9951729e-05
0.9985354
1.818365e-09
9.436334e-08
3.1647438e-09
0.030072903
1.0
3.8209592e-08
1.6621866e-06
0.9999999
1.0
1.0
4.687414e-09
0.99999785
0.98770636
1.0
4.2594708e-10
2.1623159e-10
1.0
0.014359945
8.806346e-07
0.27819625
0.9323053
0.99999976
0.006760908
0.0009570514
0.9999989
0.9999902
1.5068237e-06
1.0
0.36326212
7.338015e-08
3.5066605e-10
1.0
1.0
1.04402655e-08
2.3501671e-07
0.00013375528
0.999752
0.0028911175
0.9990294
4.1091644e-05
1.0
1.20589405e-08
4.245624e-06
0.9999999
1.0
0.9999999
1.0
0.00018356706
1.0
2.4345988e-07
4.5811106e-05
1.3221395e-11
1.0