0.99953544
0.9999497
2.4006335e-06
0.99989474
1.5511408e-05
4.6611167e-06
4.9292594e-06
0.9999914
5.1864668e-06
0.88887495
3.907962e-07
6.8689025e-07
9.728246e-06
9.802217e-05
0.9999932
0.00010535912
1.8775887e-05
0.61592937
6.140798e-05
0.9329268
0.95187306
2.058495e-05
6.846595e-06
6.310535e-06
2.0910025e-05
0.003360679
0.8309895
0.9950991
0.0001559141
0.99978715
8.8390516e-07
0.00012254316
0.16867833
0.00016578061
1.8003631e-05
3.9759553e-07
0.99786574
0.99975723
0.9999969
0.9996363
0.00011771439
0.10036087
1.1278962e-05
9.4724317e-07
3.7955517e-06
0.00011763135
0.99941075
0.98508507
1.1761571e-05
0.9997886
0.99967563
1.7617167e-05
0.99949265
0.9996537
0.9547514
0.00015485311
0.99954295
0.007838191
0.00012457826
0.0009777998
0.99968004
0.99987864
0.9988697
1.4694043e-05
0.97887415
0.91512716
0.99998546
1.7700024e-05
0.98400325
0.9996339
0.99984205
0.00057116675
0.9992374
0.2761354
3.8467178e-07
8.746327e-07
3.013351e-06
0.99948287
1.1921793e-05
4.1635317e-07
1.5271511e-06
3.6526053e-06
2.1081707e-06
0.9999397
0.9993129
1.8058794e-05
0.9963995
0.9998343
0.99855465
0.98177916
1.0554128e-06
1.131677e-05
0.9995635
0.99999094
8.721804e-07
0.00017598603
0.998912
0.979618
0.9999957
0.9998313
8.118924e-06
1.3600403e-05
9.777308e-06
5.126503e-06
5.010916e-07
4.2131098e-05
1.2598622e-06
0.9942411
0.9989489
0.9987062
9.067278e-05
2.8579457e-06
0.99950826
2.8040957e-05
3.9745708e-05
9.716022e-07
6.462505e-05
0.019775646
0.99972934
0.93804824
0.99958867
0.9998952
0.00020019167
0.9999608
0.0011779902
0.9999441
9.115297e-05
2.4675584e-05
1.2917703e-05
0.99449724
0.9982874
0.99015135
7.968859e-05
0.97730356
8.49636e-06
2.319033e-05
0.0068829334
0.999889
1.0452166e-05
1.2975213e-05
0.9999355
7.2193084e-06
0.9706199
5.077898e-06
0.82719094
1.5146112e-05
3.2344597e-06
2.481611e-07
2.348894e-05
2.0924468e-05
0.9999784
0.9995309
7.4259066e-07
1.9201543e-06
6.7914065e-05
2.1098148e-07
0.99997675
1.3766813e-06
5.5746805e-06
0.99670225
0.99992037
0.999998
0.45942852
0.9999498
0.9992849
0.00015363723
0.99999774
0.9987526
0.00018409413
9.182992e-06
4.3447497e-05
7.2216455e-05
0.00072505994
0.34131736
0.0002811709
7.796228e-06
0.00013698619
0.99998057
0.00011544192
7.10425e-05
0.81444424
1.4384207e-06
9.964546e-07
0.99999523
0.98879343
0.9998223
1.0412751e-06
1.3174338e-05
7.389e-06
0.9998926
2.3476346e-06
0.99989796
0.9998958
0.9997013
0.0011415911
9.707912e-06
7.423043e-06
0.99849164
3.001684e-05
7.34601e-07
0.0002354178
0.99972945
0.9996145
0.9996456
0.9998981
0.99993265
0.0004381266
0.9999771
0.00023105374
0.0013404347
7.4935974e-07
5.9117274e-06
0.9999907
7.349567e-06
1.1438423e-05
4.155737e-05
8.0291335e-05
0.028724695
7.3954e-05
0.00015231148
8.635917e-07
0.99959856
1.9139265e-05
9.126888e-06
4.269691e-05
0.9999627
0.9980806
7.288436e-05
4.58597e-06
6.914436e-06
0.9997397
3.1246484e-06
0.22794959
1.9944e-05
0.9963492
0.00033446346
0.99994814
0.9999975
2.6988084e-05
3.4538803e-06
2.121661e-05
3.4027335e-06
0.99972826
0.9971219
0.9865202
1.9304462e-05
1.7612583e-05
0.002476803
1.8462775e-06
0.14211118
0.99999833
1.3037717e-05
0.96432954
1.5815016e-05
3.0645417e-05
1.8429619e-05
0.9990299
0.9969723
0.9931096
0.9999242
0.9999646
9.493327e-05
0.9998265
0.9985103
0.82377315
0.00032767738
6.005419e-06
2.137775e-05
0.6023577
0.9996742
0.00040840736
0.12013817
6.9671246e-06
3.045459e-05
0.99704933
0.0042623817
0.10987122
2.0682253e-05
0.9983991
0.9990169
0.999997
0.99999225
8.66389e-07
3.1122977e-06
0.9955604
0.9997714
3.8264628e-07
0.9999857
1.5439506e-06
1.6379658e-05
0.88478506
0.99835134
0.9992755
1.1935092e-05
0.99972004
0.00013795108
0.71064234
0.99940515
3.520203e-05
0.9999931
2.233685e-05
2.675961e-05
0.32255462
0.9998136
0.99997044
0.0015008477
0.99821633
0.00063203386
0.99953365
1.7025073e-05
9.1402435e-05
0.074110724
0.99999833
0.99794644
0.9998932
3.7500307e-05
0.00022780294
6.0751363e-06
0.99898785
2.314636e-05
6.034276e-05
0.0018381893
2.4135784e-06
3.6682368e-06
0.99998665
0.9983758
0.00010365287
1.3350738e-05
1.3448661e-05
0.99766445
0.9636604
1.2080556e-06
0.99989796
0.99966383
0.96053755
4.198351e-06
0.99963033
0.99973637
4.3894608e-05
2.6548798e-06
4.728156e-06
2.417842e-05
0.99905056
2.3053074e-06
0.9993318
0.8717477
0.95540696
0.99995756
0.99976724
0.99868935
0.9945898
1.1468572e-06
0.99989593
1.2419231e-06
0.9960603
6.7140223e-07
2.4034875e-05
0.9999206
0.9999927
0.99992645
0.00062851765
0.9957241
7.497009e-05
8.563038e-06
0.0003043242
8.999342e-07
0.9973544
9.36477e-05
1.2824606e-06
8.749149e-06
1.2729049e-05
1.4473785e-05
0.9999783
6.7527317e-06
2.9361875e-06
0.0014731516
0.99895823
0.95840317
9.494505e-06
6.461278e-05
0.9999722
0.9658194
0.9886873
4.040714e-05
4.309666e-05
0.9896834
0.999315
1.6912935e-06
0.00010589567
0.9981238
0.99994135
0.00015561958
9.959616e-06
3.606362e-07
6.9710063e-06
0.99363506
0.99808407
6.807318e-05
3.1243744e-06
8.90557e-05
2.926738e-06
0.9470567
0.9989525
1.4698504e-06
0.95075
0.000113826114
0.99964607
0.99990106
0.99994516
1.4091405e-05
0.997232
2.6904945e-06
0.9998857
0.99995685
1.2604366e-06
1.155828e-06
0.99644655
1.6771719e-06
0.9998938
0.0001768225
2.3720888e-05
6.36312e-07
1.8883198e-05
2.7371874e-05
0.9995283
0.9999995
0.999811
4.143804e-06
7.560093e-05
0.0005391234
2.9808883e-05
0.9937071
4.0223194e-06
0.09516365
5.71168e-05
2.9288183e-06
0.999816
0.98123497
0.98540306
2.9754148e-07
7.4273237e-07
0.00026458624
1.0631773e-06
0.9981658
0.9997558
1.4072805e-05
0.99970776
0.99980587
2.087657e-05
0.9997552
0.99935645
0.0003274004
0.94180924
6.0460234e-06
0.07329347
9.010803e-05
0.9998679
0.9857119
1.9479741e-05
2.5103418e-06
0.9998889
0.99997485
5.440854e-07
0.8679632
0.00012997082
0.99995387
0.99965537
0.04277901
1.2162423e-06
1.5632302e-05
1.3628317e-05
6.3745597e-06
0.9999558
0.99995196
2.0976195e-05
0.9919733
0.98638874
0.0002323966
0.9996538
0.00010140835
6.0559392e-05
6.27233e-07
2.570638e-05
0.9999461
4.440027e-05
0.00024036955
0.00052889186
0.99973446
0.99899536
2.4883515e-05
0.7428501
0.996046
0.9999627
0.9987049
0.0018068436
0.00084794825
0.9999498
7.461384e-05
0.00025261435
0.9976701
2.0165653e-06
0.99952865
0.0001065748
9.93911e-07
0.9945468
0.9976708
9.267777e-05
3.0453604e-05
1.5434367e-06
0.13808286
1.3633244e-05
0.9906911
8.689321e-06
0.9997831
3.7415712e-06
1.9744557e-05
0.9996983
2.0678783e-06
6.156329e-07
3.287029e-05
0.99984074
0.31095266
9.779453e-06
0.9990727
0.99997485
0.98817354
1.0084986e-05
1.0099201e-06
0.9991043
5.284999e-06
0.99647516
5.8144033e-05
5.188002e-07
2.9175195e-05
1.41203e-05
1.5214788e-06
8.302694e-06
0.00020361131
1.5781885e-05
0.9998196
4.649813e-06
0.9991339
2.1454072e-05
0.99976856
3.878326e-06
0.00035975274
4.9632655e-07
2.7854173e-06
6.331928e-05
0.99837047
2.0289233e-05
2.4508934e-05
1.3865548e-05
0.99970835
0.9999963
1.812451e-05
4.3402735e-05
7.5080544e-07
3.6997653e-06
0.9998952
1.0295041e-06
0.9998313
0.01575106
6.016988e-07
0.9995491
2.7631098e-05
0.9980013
0.9997478
1.0719731e-05
0.9998584
0.99961567
1.636729e-06
0.988653
9.036495e-06
0.99999166
0.999509
0.99984753
0.9979963
0.9905849
8.473974e-05
1.6196286e-06
2.9605304e-05
4.2219835e-06
0.00030293007
0.9999634
0.20934913
1.2485397e-05
0.91110396
1.3718931e-05
0.9999969
2.3242967e-06
2.7657039e-05
2.0731957e-05
0.009044458
0.9994504
6.939447e-06
0.0007420767
3.8809676e-06
0.9994653
1.9121475e-05
0.99999774
0.99999726
0.99785656
2.5625266e-05
0.99828535
9.700515e-07
8.153498e-06
8.864995e-06
0.00013474868
0.9997484
7.4866934e-06
0.31704858
1.8008748e-05
0.9977437
0.7588911
0.00013955595
0.00012291872
9.47204e-06
0.99979824
0.99941754
0.9978688
4.5040758e-07
5.111015e-05
0.99752945
0.40956256
0.99995136
4.639196e-06
0.98948
0.23030381
8.201968e-06
6.939169e-05
9.463376e-07
0.99999845
0.9995993
2.0069572e-06
0.99994826
0.99962676
0.0011869152
0.00016555772
1.938796e-06
0.9993636
2.1491591e-07
0.9946832
0.99973744
0.00012736763
1.2906851e-06
0.00014107357
8.136184e-06
0.9999912
0.99333584
0.99984455
0.9988022
3.925272e-05
0.9999857
0.0001631262
0.99993503
0.9998884
0.99999666
0.00010714299
1.7192671e-05
8.7182725e-06
1.1041007e-05
0.9988071
0.7544589
0.00020191754
0.99952877
9.497588e-07
1.7689849e-06
0.9993142
2.484495e-07
0.9973707
0.9996666
7.415257e-05
0.9920176
0.8608901
0.9993857
0.045197316
5.16764e-05
0.999121
0.9996637
0.97139335
1.8406674e-06
0.9374821
0.9999888
0.99655604
0.9997708
0.9987507
0.99996257
0.99943024
5.3038446e-05
0.0013865081
0.9961868
1.8648565e-06
6.3030348e-06
0.0022999723
3.642017e-06
8.000122e-06
3.3442047e-05
0.9997384
0.58098656
1.5282716e-05
0.9997651
0.9999716
0.0012239908
3.1168036e-06
0.99955124
1.6168156e-05
0.99999154
0.9999473
0.99991345
0.49876556
0.9992416
9.610701e-06
3.971782e-06
0.9997855
2.9019245e-06
2.3659912e-05
0.9991609
2.3691066e-06
0.47932428
1.4968614e-05
6.1272344e-06
0.9823156
8.6554496e-07
2.451445e-05
6.141339e-06
0.00011973243
2.3681985e-06
8.973357e-05
0.0002222847
0.99952734
0.99765694
4.946552e-07
1.8543699e-06
0.9949114
5.4977227e-05
8.200757e-07
0.99985266
0.9998386
2.5910736e-05
0.99663466
6.4756114e-06
0.99963117
2.8313866e-06
1.0
0.004654377
1.3690687e-05
7.982136e-07
5.1455854e-06
3.0208696e-05
2.1735483e-05
3.90108e-06
1.1771396e-06
0.9975751
0.15724002
1.3825671e-05
0.99854493
0.00037352522
1.1442449e-05
2.4581793e-06
9.914319e-05
0.9968849
0.999183
0.96203154
6.3514217e-06
6.651826e-05
0.0001249715
0.9976472
4.718742e-05
0.9994166
1.4128585e-05
6.703633e-06
0.9999995
5.8284345e-06
5.7539046e-06
0.9936738
0.9999913
8.998535e-07
0.9991911
5.7459097e-06
1.7806415e-05
0.9985
0.2543746
0.8526514
9.174318e-07
0.9999056
0.9999474
0.9963946
0.9999441
0.00043613891
0.9999993
0.9404595
0.99992645
0.00026663695
0.0009819771
1.256544e-05
2.96973e-06
1.4814557e-05
0.99999416
2.1065107e-06
0.99999654
1.8373721e-06
0.9773342
0.9999887
4.041518e-06
4.80837e-06
1.5257463e-06
0.8598728
0.99979347
0.9989281
0.9999963
0.9999808
0.90638584
0.9940175
1.9293157e-06
3.266798e-05
0.9993869
0.9122043
2.6159992e-06
0.9993074
0.99884677
0.9999778
0.9995276
4.136247e-06
0.0005084516
0.99863154
0.99998903
1.6106625e-06
0.5163362
1.0201927e-05
0.9999634
1.4584399e-06
0.00016778645
0.99948406
0.99920005
0.10679785
0.99986076
0.99502426
6.6206894e-06
6.916006e-06
0.00013162676
0.99996436
0.99996746
4.9179438e-05
0.99999166
0.99904126
0.9995869
0.99998105
0.99978274
1.0021058e-05
1.4279743e-05
0.9999902
1.3734221e-05
0.0021403518
4.0513196e-06
0.91654396
4.4802778e-07
7.259282e-06
3.8870535e-06
0.00017465254
0.9999869
3.5333087e-06
0.9981359
0.002031244
0.9998049
0.00037962515
2.937804e-07
9.4335845e-11
8.0390955e-06
7.958467e-06
1.0952914e-05
0.7530112
6.8286367e-06
0.9985506
5.0043964e-06
0.99998295
1.4617623e-06
0.00074561354
0.00036012143
0.112779915
0.99905366
5.530106e-06
0.12753762
8.2133565e-06
1.0412999e-06
2.2586587e-06
0.9999522
2.7813508e-06
0.091883644
7.773332e-06
0.0002923718
0.99999404
8.816028e-06
0.9999057
0.9990723
0.9947826
0.9955621
2.6361915e-05
0.997186
0.99977034
0.4740881
8.266194e-06
0.99975795
0.05313413
0.9997975
4.7422353e-05
9.1206704e-05
0.9995474
0.9960747
3.0095114e-05
0.99985373
7.323913e-05
1.8443156e-05
3.4301742e-05
0.016363159
0.99976414
0.9983512
1.3732584e-05
0.99998057
0.99977225
1.4794995e-06
0.9999982
0.9999056
0.99917394
0.9987841
0.9991549
3.0054907e-05
0.0001886447
0.99941516
3.142834e-06
0.99977463
1.4139908e-05
0.99994063
0.99972636
0.99679995
0.99998474
2.4695612e-06
0.9999728
0.9999138
8.1901976e-07
0.9992176
6.9713715e-06
1.0319319e-05
3.5014652e-06
1.8017809e-06
1.5011056e-05
2.2839407e-05
0.9996524
0.947562
0.999718
0.0002882311
0.9839189
0.8856808
0.00029448592
6.9304783e-06
0.9998386
0.977689
5.3336826e-06
0.99617094
0.9998493
0.99794585
6.42123e-06
0.9999757
8.619942e-06
0.99993694
2.3583792e-05
9.3187686e-05
1.4993338e-06
0.99920636
3.3214033e-06
0.99999607
2.6481814e-07
0.9888254
2.8237522e-05
0.00018081056
0.91589147
0.9999975
0.0029651567
0.99999666
0.9998746
7.373626e-06
0.9964175
3.4103236e-05
1.7491046e-05
0.00030577162
3.5205068e-07
0.97239417
0.034525853
0.99979705
0.99683374
0.9721052
1.7797759e-06
0.99997485
7.1755665e-07
0.977407
3.1068892e-05
2.7627437e-05
6.22491e-05
1.941122e-05
0.9237193
1.1264579e-05
0.98294705
7.994608e-06
0.9998511
0.8614184
3.8784037e-05
0.9985732
1.2300145e-05
7.718763e-06
0.99924564
0.00021610966
3.281174e-06
0.99800783
0.9999825
6.422743e-06
0.009186725
0.99999285
1.2856483e-06
7.866491e-06
0.9998683
0.008144269
3.0032152e-06
3.27212e-05
2.3215875e-06
7.9280136e-07
4.769834e-05
1.0775249e-06
0.9950901
0.9999727
0.99851984
4.6851215e-05
2.798459e-05
0.9990388
0.00022897516
7.3360725e-06
0.97044456
3.023772e-05
0.99692756
0.9999229
0.99964666
0.9998841
4.3527853e-06
8.888257e-06
0.99801147
0.9999429
0.9998591
0.99920577
0.9999076
1.5374181e-06
0.99977785
8.1798804e-05
0.9999726
0.999979
2.9161705e-05
0.00034272054
1.8378509e-05
1.1091336e-06
0.9964174
0.9994295
0.9991598
6.3749426e-06
0.99996305
1.05226e-06
0.9999504
8.770183e-06
0.99823403
0.99923587
0.99992824
0.999966
0.9998714
3.1419855e-05
4.8524316e-07
1.5733525e-05
0.9986834
0.9995547
0.8742164
5.2518135e-06
0.9999697
0.99998677
0.9999901
0.00030116254
0.9997613
0.00011343593
0.9969584
0.9988825
0.9999602
4.42203e-05
2.2914828e-05
0.9998857
1.0318836e-05
9.943502e-06
6.23279e-07
0.99944097
0.00017160442
0.1827745
0.99917597
0.99203014
0.0002936647
1.3928194e-05
0.9990453
0.9989027
7.2631046e-06
0.99954
0.8174926
1.9806432e-05
3.7711536e-05
6.816263e-05
9.762661e-06
0.9988142
3.7056097e-06
0.0002735002
0.99535936
0.99753124
9.425732e-06
1.582372e-05
0.99979514
2.3631746e-05
0.90100074
3.907774e-05
0.00010070305
0.00016902802
1.5512947e-05
0.99691015
3.680687e-05
1.9764545e-06
0.9992223
3.496192e-05
0.00016775797
0.98807144
0.014426264
0.00010889183
0.00022594353
7.707103e-05
1.906374e-05
0.9985812
0.99902105
0.9996445
1.0049951e-05
0.9955503
8.2970615e-07
0.99867404
0.0063677235
0.9998976
0.9991742
0.9995821
0.99885905
8.316388e-05
0.0001311782
1.6572827e-05
0.9733618
8.434905e-05
0.6517922
0.001529506
0.6269123
7.0896476e-06
0.9716888
0.1436156
0.00011597329
0.9985649
0.87058187
0.9994854
0.99949956
0.99993324
3.686571e-05
4.431948e-06
0.9989196
0.0009470067
9.719842e-05
8.783648e-05
0.0002742849
0.9957824
0.99936074
0.99999595
0.99983823
1.5966405e-05
0.99997973
6.202979e-05
0.00044018222
2.1293089e-07
0.9908875
1.472044e-05
1.4957555e-05
9.848336e-06
0.9999579
2.791342e-06
3.4386699e-06
3.786151e-05
6.013832e-06
2.7558926e-06
1.9460022e-05
0.00011484978
0.996807
1.7782333e-05
0.9999114
9.198593e-06
9.027838e-06
1.5258673e-05
0.9983034
0.35376438
4.2353e-06
0.00010474115
0.9999659
0.9977422
1.5837736e-06
4.2259235e-06
3.3930737e-06
0.00024393725
0.8034803
0.99990046
0.00019715645
0.9997521
0.9787719
0.9998467
1.3369798e-05
0.9998586
6.9988037e-06
7.234521e-05
0.27449647
0.9999429
1.856242e-05
2.6570735e-06
0.9993888
6.247606e-06
6.133119e-05
1.6457838e-05
0.0003323824
0.99992454
0.9997776
2.8148073e-05
0.00020721283
0.9998747
3.585788e-05
0.03774913
0.99959344
1.3027563e-05
1.7597959e-05
0.9999752
7.0053684e-06
3.2205324e-05
0.9997974
2.3207034e-05
0.99974734
1.7101962e-05
3.6520862e-06
7.491979e-06
1.9130884e-07
5.1275147e-06
0.99828076
6.788658e-07
2.9644123e-05
8.708844e-05
0.9998884
0.9999964
0.99913895
0.99232167
2.3955678e-05
2.1432763e-05
0.9994629
7.968666e-06
1.8574461e-05
0.0002582609
4.9163915e-05
0.9993369
1.2518386e-05
1.8976262e-08
0.9996092
4.3350587e-06
0.00053383707
0.008456891
0.9966839
0.99971205
2.6959606e-05
0.99982554
7.034932e-06
6.654611e-07
0.018672192
0.99934775
3.324233e-06
0.9998005
0.99829775
1.7728576e-06
1.1589495e-06
0.9997987
6.2713785e-05
0.9997745
2.3393863e-05
0.9676835
4.4239237e-05
0.000102789265
0.99981934
8.536368e-05
5.901695e-06
0.92947537
0.99984384
2.2995346e-05
5.022106e-07
0.9999672
0.99946123
0.99944097
0.9987451
0.9999014
0.9992249
0.99955565
5.4064367e-05
0.9999664
1.0722932e-05
0.0006153751
4.2941465e-06
0.00031020094
0.99999845
8.3715e-06
0.99785054
0.9997756
9.448728e-06
9.420718e-06
0.00011419292
4.2917884e-05
0.99870086
3.0391024e-05
0.99873334
1.4904131e-05
6.361212e-06
0.99967575
0.999905
0.99839455
0.99896383
0.00012890014
0.9938121
2.8129234e-05
0.00049428345
5.7647692e-05
0.004349257
1.0592865e-05
0.99943894
1.3618784e-06
9.180443e-06
1.3919199e-06
0.016523983
0.9996917
0.99894184
0.99922466
0.9998971
0.99946815
0.78039145
0.96041626
0.9970325
0.00010057062
0.9976185
0.9999558
1.3973918e-06
0.37490618
0.99915695
1.1059533e-06
0.99928856
4.727854e-05
0.9999038
0.99993443
0.99994147
0.99993694
0.9999583
0.9999051
3.990039e-06
8.295532e-06
1.4081411e-05
1.9075123e-05
2.900696e-06
6.2951176e-06
1.0785005e-06
0.99902034
0.9992918
0.97203064
5.7144657e-06
2.629598e-05
1.3853322e-05
1.4859113e-05
3.3034696e-06
0.0020210394
1.9433206e-05
0.99878246
6.6359994e-06
0.99763477
3.7891934e-06
0.16770202
0.99976486
0.99989486
0.99998975
3.926921e-06
0.99418515
0.00045381513
0.9904288
9.64157e-07
3.264531e-05
2.5703112e-06
2.8674433e-06
0.99966586
3.8068943e-06
9.0904025e-05
0.99964774
0.9998173
0.999998
3.8612025e-06
0.9994506
0.9708085
0.9999999
1.2292711e-06
2.9155115e-06
0.999987
0.090538055
5.9890153e-06
0.00021474251
0.35082456
0.99778086
5.443228e-06
0.000121303834
0.9997706
0.77692753
2.1208134e-05
0.99994206
2.0529234e-05
1.3193915e-06
6.025785e-07
0.99989355
0.99987125
1.432437e-06
2.3611698e-05
9.1008624e-05
0.9968354
0.004574696
0.9865672
4.552599e-07
0.9999639
2.4393103e-06
0.00034297517
0.99967957
0.9999261
0.99878055
0.99994266
0.0021871803
0.9999808
1.9248633e-05
9.319044e-05
7.818892e-07
0.9988921