0.9997149
0.99996746
3.3013437e-06
0.99988234
1.5028817e-05
1.2127931e-05
6.7981687e-06
0.99999154
1.460324e-05
0.91806585
4.095308e-05
1.8808419e-06
1.853691e-05
0.00011738339
0.9999869
1.2372663e-05
3.378742e-05
0.9998754
5.7566005e-05
0.993447
0.989087
3.548258e-05
2.0730555e-05
1.1254283e-05
2.502986e-05
0.0017625071
0.98094934
0.99740773
0.00025929516
0.99975663
5.267257e-06
9.373177e-05
0.15903795
0.0001288828
8.156178e-05
1.962902e-06
0.9995995
0.9999496
0.9999387
0.9998393
8.308176e-05
0.47674552
2.3311686e-05
2.980836e-06
1.0317714e-05
0.0001738308
0.9997904
0.9970637
1.1294484e-05
0.9999882
0.9994954
2.0864649e-05
0.9997204
0.99910104
0.9790652
0.00015477827
0.9997553
0.0050475905
8.274463e-05
0.00016923445
0.99991083
0.9999187
0.99977106
1.1689045e-05
0.9981824
0.9891952
0.9999877
3.403611e-05
0.90299374
0.9995214
0.99985945
0.00043426955
0.9927309
0.5238777
1.4474988e-06
1.7598664e-06
6.747266e-06
0.9998271
1.0237891e-05
3.7727543e-06
9.5245505e-06
6.226413e-06
3.433571e-06
0.99996114
0.99942255
1.3463854e-05
0.9988938
0.9998746
0.9999521
0.9984353
2.9605656e-06
1.5079122e-05
0.99982136
0.9999765
2.5953494e-05
0.0001633114
0.99937135
0.998047
0.9999943
0.9998092
1.6351501e-05
6.997903e-06
3.2642103e-05
1.5893955e-05
2.9561136e-06
2.585737e-05
2.6593957e-06
0.9989355
0.9997434
0.9999716
8.1832506e-05
4.0091336e-06
0.9999155
3.7366757e-05
6.982781e-05
2.4572676e-06
3.341208e-05
0.038552456
0.9999347
0.9502309
0.99910647
0.9999734
0.0012126953
0.99995506
0.00035653327
0.9999763
0.00021620035
4.3542525e-05
1.7712382e-05
0.99859995
0.99933076
0.9973521
0.00012753582
0.9995425
9.932214e-06
1.9870095e-05
0.05333796
0.99968326
3.3488195e-05
2.6393862e-05
0.9999937
2.1784354e-05
0.99874973
1.2324815e-05
0.864989
1.7465143e-05
5.414809e-06
5.1743727e-06
0.00020946705
9.587596e-06
0.9998956
0.99820745
1.882938e-06
3.660315e-06
5.5279514e-05
1.4481367e-06
0.999835
5.3662293e-06
1.1154515e-05
0.99938095
0.999954
0.99998856
0.74508363
0.99999857
0.99971396
5.642621e-05
0.99998903
0.99908364
0.00031341528
1.1889015e-05
3.0503015e-05
6.856369e-05
0.00036502094
0.97456384
0.00043028197
3.755019e-05
0.000428432
0.9999826
0.00033534758
3.6285044e-05
0.93017465
3.646121e-06
1.5178803e-06
0.99997354
0.99772483
0.99987364
4.8121174e-06
2.2705435e-05
1.1254497e-05
0.9998362
5.042992e-06
0.99993074
0.9999565
0.9993918
0.0008898518
8.8544664e-05
8.17919e-06
0.9993728
1.9967167e-06
3.7340671e-06
0.0010710938
0.99943835
0.9999112
0.99672455
0.99989307
0.9999335
0.00049820077
0.9999896
0.00014852842
0.0014008384
3.6792276e-06
6.3902453e-06
0.99992955
7.3104246e-05
9.86233e-06
2.8890769e-05
7.844559e-05
0.6345631
6.0779883e-05
8.336008e-05
4.7455615e-06
0.9999318
0.00011876147
2.0443682e-05
3.980416e-05
0.99997234
0.9992593
6.7312314e-05
8.942749e-06
1.5006977e-05
0.99976355
9.604013e-06
0.39050397
9.932166e-06
0.9743172
0.0006464629
0.99999106
0.99999285
2.0118236e-05
5.980192e-06
4.9954437e-05
7.763005e-06
0.9995926
0.9995844
0.99759287
1.1635604e-05
2.6410404e-05
0.08426409
3.49489e-06
0.055207655
0.99998796
1.4174862e-05
0.9849989
7.507447e-05
7.367911e-05
5.1026575e-05
0.99945396
0.99524623
0.9983443
0.99993336
0.99983335
3.4027933e-05
0.9999231
0.9986754
0.95861995
0.00066510175
7.127428e-06
1.3247803e-05
0.10097583
0.99977714
0.0005101731
0.9976718
1.0146206e-05
0.00011072937
0.9995498
0.03715826
0.5739021
2.9866049e-05
0.9998455
0.9995951
0.99996936
0.99998856
1.4575135e-05
1.1193026e-05
0.9988575
0.99992466
2.5408074e-06
0.9998889
4.1780604e-06
5.6013687e-06
0.87603694
0.9997167
0.9972109
1.5588505e-05
0.9995264
7.5840435e-05
0.41922176
0.99971837
3.3359836e-05
0.9999149
2.112781e-05
1.8287159e-05
0.94694245
0.99988556
0.9999902
0.0013421075
0.9996631
0.0020838869
0.9998294
8.8148345e-06
7.29146e-05
0.776992
0.9999912
0.999343
0.99997354
2.0485992e-05
9.263589e-05
1.1676778e-05
0.9998171
2.4641346e-05
6.07501e-05
0.00023794248
3.916834e-06
1.200121e-05
0.99999535
0.9982687
0.00019323455
4.8036218e-05
1.0622413e-05
0.99912137
0.987038
2.0113257e-06
0.9998031
0.99988246
0.9814353
1.2273405e-05
0.9998863
0.999637
3.2939264e-05
4.363429e-06
7.0146534e-06
1.10474e-05
0.99965084
7.7322975e-06
0.99971455
0.97707444
0.99578923
0.999925
0.99949837
0.9996294
0.98625433
2.128518e-06
0.9998995
1.0456952e-05
0.9988951
2.0995353e-06
1.5310286e-05
0.9995209
0.9999912
0.9998907
0.0005383937
0.9998902
0.00067981594
8.162625e-06
0.0001527232
1.4134579e-06
0.9989973
0.00042074002
5.092306e-06
7.92459e-06
1.547183e-05
1.0332849e-05
0.9999912
1.982618e-05
6.2706827e-06
0.013017599
0.99984396
0.9950563
1.2765262e-05
0.00016341609
0.99999356
0.9985806
0.99884605
3.0464349e-05
1.7910454e-05
0.98898005
0.9998417
1.7502593e-05
2.562446e-05
0.9997272
0.99996877
0.00026774232
1.4733543e-05
6.801583e-05
1.5137548e-05
0.99767774
0.9969807
5.804824e-05
8.6530345e-06
0.00026299976
6.568741e-06
0.9964702
0.9996432
2.9492727e-05
0.9331886
0.00024650674
0.9999497
0.99949586
0.99997056
2.7427559e-05
0.9998252
4.9353835e-06
0.9992017
0.9999784
3.8419184e-06
2.838286e-06
0.9984138
5.601459e-06
0.9999863
0.00010116051
2.1956714e-05
2.8546197e-06
1.764848e-05
5.5752218e-05
0.9993549
0.9999939
0.99986744
2.1012673e-05
0.00014515275
0.00085750106
3.551477e-05
0.9996314
4.446003e-06
0.10004545
4.9455033e-05
5.41406e-06
0.99988496
0.9973373
0.99522483
2.5076308e-06
3.2560033e-06
0.000421001
6.2553145e-06
0.9990575
0.9999769
0.0001279883
0.99978703
0.9999529
2.0695057e-05
0.9998723
0.9995074
7.491635e-05
0.98517543
2.9880948e-05
0.60702676
7.08536e-05
0.9999765
0.9911351
2.2227416e-05
6.7826336e-06
0.9998029
0.99998987
2.8632708e-06
0.984582
0.00011552595
0.999879
0.9999136
0.6326389
5.9491454e-06
3.7485934e-05
2.100534e-05
5.288584e-06
0.99998355
0.9999337
2.071105e-05
0.99900013
0.9998022
0.00030331645
0.9998487
8.112468e-05
0.00013312201
3.4120173e-06
2.0479509e-05
0.9998956
1.350878e-05
0.00056762155
0.00077659043
0.9999349
0.9993839
1.9853162e-05
0.8426155
0.9048892
0.99993646
0.99987984
0.00028563038
0.0012053439
0.99993515
0.00027858446
0.0003715012
0.9958834
4.6656664e-06
0.9998292
9.2807684e-05
6.6080293e-06
0.9994906
0.99959034
4.8341353e-05
4.1799856e-05
7.1139757e-06
0.21618961
3.5332927e-05
0.995531
6.689828e-05
0.9999865
1.0435363e-05
7.6206206e-06
0.9999192
1.5626565e-05
2.9447374e-06
2.0870162e-05
0.99997425
0.63062686
5.1421906e-05
0.9998863
0.9999894
0.99514055
1.3413629e-05
3.7304656e-06
0.9993119
8.2271545e-06
0.99971265
9.275708e-05
3.9560714e-06
0.00022315791
2.060392e-05
3.954234e-06
5.5410815e-06
7.500413e-05
3.4776735e-05
0.9998679
2.5085585e-05
0.99983776
2.6387319e-05
0.9996201
1.3045128e-05
0.00027837206
2.5752236e-06
8.45579e-06
2.3615978e-05
0.99989843
1.6619058e-05
1.1988147e-05
1.0975729e-05
0.99919945
0.9999924
4.790936e-05
1.750907e-05
1.3459363e-06
5.6314493e-06
0.99998033
4.691657e-06
0.99989974
0.023597136
3.914698e-06
0.9999001
3.7577236e-05
0.99968123
0.9993123
1.7666127e-05
0.9998441
0.99927
4.4256212e-06
0.99610823
8.25374e-06
0.9999962
0.9997553
0.9999325
0.9989465
0.99891675
6.6737586e-05
8.996845e-06
6.4355695e-06
6.568704e-06
0.000747439
0.99999356
0.9463311
1.6374785e-05
0.7161063
2.8494398e-05
0.99998605
2.3777147e-05
3.8803235e-05
6.334906e-05
0.03024604
0.999813
1.4169592e-05
0.00086523127
6.2648314e-06
0.99996066
1.3159434e-05
0.99999714
0.99999034
0.99910444
1.6780641e-05
0.9993979
7.0527535e-06
2.7202159e-05
8.721242e-06
0.000100135025
0.999866
2.7044041e-05
0.9992508
1.3459708e-05
0.99922
0.59558713
0.00020525864
0.00011580985
1.4028238e-05
0.99995995
0.99987316
0.9989396
2.6128002e-06
4.221789e-05
0.9982223
0.8420356
0.9998846
5.6326307e-06
0.99887544
0.9769033
1.043624e-05
0.00010731435
4.48683e-06
0.9998605
0.99971527
4.924448e-06
0.9999064
0.9997831
0.00036424265
8.560725e-05
4.425773e-06
0.99994254
2.2991926e-06
0.9806142
0.9999763
7.480684e-05
3.7229559e-06
0.0001298669
7.003894e-05
0.99960274
0.99927586
0.9999471
0.99947566
3.4695644e-05
0.99994266
0.0004179958
0.99993
0.99993
0.99999917
0.00010759747
3.2518816e-05
3.7097006e-06
1.2751051e-05
0.99992406
0.89546466
0.00012133715
0.99981505
2.9187022e-06
4.5909455e-06
0.99982697
2.0622654e-06
0.9990569
0.99931705
6.0979248e-05
0.9982522
0.99949825
0.99956816
0.19390345
7.890979e-05
0.99965763
0.99925643
0.4448692
5.3912713e-06
0.96147865
0.99991775
0.99865973
0.9998696
0.99906546
0.9999511
0.9996221
6.8728325e-05
0.0009961923
0.99887735
2.779826e-06
4.6034496e-05
0.0063297166
7.1261297e-06
1.0605691e-05
1.6641181e-05
0.99986756
0.86791533
1.4755001e-05
0.99989426
0.9998814
0.0008105665
4.5701263e-06
0.9997634
2.0034875e-05
0.99997544
0.9999541
0.9995351
0.8742058
0.9995117
1.848122e-05
2.2432185e-05
0.99993634
4.2654046e-06
3.371738e-05
0.99991286
1.0278529e-05
0.98096555
3.7017828e-05
1.0611721e-05
0.9885719
2.8891448e-06
4.9579983e-05
7.069656e-06
6.602796e-05
8.837948e-06
0.00012080931
0.0003595931
0.9994809
0.9995041
2.3714554e-06
3.0570934e-06
0.9987148
5.2128788e-05
4.5303123e-06
0.99996984
0.9999664
7.644936e-05
0.999255
7.863446e-06
0.9989969
1.0827014e-05
1.0
0.003463425
1.1528454e-05
2.9591993e-06
1.6465374e-05
3.9580795e-05
7.5190133e-06
7.446136e-06
5.7867073e-06
0.9994349
0.109550685
1.2357817e-05
0.9998349
0.00011333203
9.459357e-06
3.956671e-06
0.00013899764
0.9991849
0.9997861
0.9736241
1.4875304e-05
4.6560723e-05
0.00012854357
0.99843174
0.00012177669
0.999635
1.1515609e-05
1.2410007e-06
0.999995
1.9012612e-05
1.733062e-05
0.99986875
0.99999213
4.144112e-06
0.9995072
6.340093e-06
2.587619e-05
0.99881774
0.74169713
0.999522
4.8251454e-06
0.99993837
0.9999567
0.99848443
0.99992824
0.0005385387
0.9999976
0.99951506
0.9999826
0.00013526993
0.002365082
1.3386703e-05
3.8204475e-05
2.2235134e-05
0.9999449
4.200866e-06
0.9999938
3.7518757e-06
0.99773633
0.9999753
1.2141146e-05
7.656564e-06
4.1345784e-06
0.9527256
0.99956137
0.9992667
0.9999918
0.9999782
0.9322039
0.99322766
3.3962851e-06
1.821107e-05
0.9966858
0.9462018
9.8805185e-06
0.9995303
0.9999429
0.9999975
0.99987125
1.1259113e-05
9.697429e-05
0.9995747
0.9999901
4.0467094e-06
0.9856597
9.653912e-06
0.9999831
2.8229852e-06
0.0002335323
0.999915
0.99993634
0.095668234
0.99945575
0.99732685
6.424427e-06
2.4952378e-05
1.6113031e-06
0.99998856
0.99996436
0.00016278421
0.99997914
0.9995024
0.99979395
0.9999931
0.9995912
9.781169e-06
1.9883819e-05
0.99995744
2.2283213e-05
0.0014071225
1.0885686e-05
0.99334335
2.2434874e-06
2.5013178e-05
4.970109e-06
7.4443975e-05
0.9999783
4.1045396e-06
0.99893373
0.0019813813
0.99989605
0.0002180008
4.4360713e-06
4.3696605e-08
1.091151e-06
1.0292683e-05
2.2993458e-05
0.96447664
2.240467e-05
0.99392575
8.223664e-06
0.9999496
4.3527393e-06
0.00056833454
0.0011210274
0.3542375
0.99970907
1.7493781e-05
0.9106052
1.8745652e-05
3.9903666e-06
7.1662507e-06
0.999938
4.496665e-06
0.052056704
2.1563153e-05
0.00081422774
0.99999857
1.05727495e-05
0.9999677
0.9997409
0.9993067
0.99865925
3.7687016e-05
0.9999622
0.9999168
0.30836445
1.4119601e-05
0.9996644
0.039344344
0.9999708
0.00022962905
3.5119443e-05
0.9993455
0.9998723
1.952015e-05
0.9999752
5.298916e-05
6.822649e-05
4.4032164e-05
0.16071749
0.99996245
0.99934405
6.454353e-06
0.9999875
0.99946207
1.016164e-05
0.9999528
0.99997663
0.99973065
0.99845624
0.99995136
8.731479e-05
0.00019938302
0.9999268
1.3932818e-05
0.99987936
1.7054599e-05
0.9999814
0.99926025
0.99969304
0.9999449
1.2195908e-05
0.99998164
0.99997306
4.604766e-06
0.9998976
1.2793731e-05
1.4761868e-05
1.2933864e-05
3.1232632e-06
8.416802e-06
3.0240806e-05
0.9998392
0.9796779
0.9999385
0.00018283339
0.9989625
0.97163874
0.00016701802
1.5225197e-05
0.9998344
0.9908552
7.12348e-06
0.9992275
0.9998864
0.999696
9.74744e-06
0.9999671
1.8899014e-05
0.99998665
0.0004445719
3.3183424e-05
4.757974e-06
0.9990854
6.690368e-06
0.99999726
2.2656507e-06
0.99979466
3.5825888e-05
0.00012154884
0.99053943
0.9999865
0.0013428706
0.9999981
0.9998989
1.3049472e-05
0.9980293
3.4375553e-05
1.4423093e-05
6.0143757e-05
3.785199e-06
0.992187
0.25830647
0.999708
0.9991047
0.9555602
8.8838e-06
0.9999523
2.5191962e-06
0.9982899
1.2403202e-05
7.172601e-05
4.159194e-05
1.6706026e-05
0.99999774
1.1750528e-05
0.9157867
1.0389616e-05
0.9998536
0.85442764
3.460761e-05
0.99953234
1.1863645e-05
1.7680992e-05
0.9995074
0.00026873383
1.3240149e-05
0.9991986
0.9999894
1.0640988e-05
0.23717284
0.99998355
2.5221507e-06
1.0878597e-05
0.99995923
0.0016109884
4.228552e-06
2.4028848e-05
6.4770747e-06
5.210859e-06
3.436395e-05
2.5240586e-06
0.99806803
0.9999895
0.99904937
2.745247e-05
3.6517937e-05
0.99975437
0.0003324933
2.5857196e-05
0.7629827
6.4680535e-05
0.99950314
0.99997044
0.999913
0.999946
6.9812386e-06
9.3587605e-06
0.94666034
0.9999553
0.9999536
0.99962056
0.99945563
6.2820795e-06
0.9999422
0.00038146152
0.99998116
0.99994755
5.062188e-05
0.00090631266
2.5138223e-05
4.211661e-06
0.9997582
0.9998989
0.9994186
0.00011922965
0.99976844
2.2220515e-06
0.9999598
2.1389822e-05
0.9996087
0.9996542
0.9999478
0.99991167
0.9995359
7.0957826e-06
3.1073776e-06
1.1290704e-05
0.99960726
0.999373
0.9756545
1.3303064e-05
0.99996567
0.9999851
0.9999887
0.00010248674
0.9996277
0.00013854679
0.9998901
0.998692
0.99994075
5.1509858e-05
3.4390407e-05
0.9995167
1.5008753e-05
2.2355645e-05
3.725765e-06
0.99982196
0.00025264156
0.6120074
0.9996755
0.9981194
0.0010936408
1.36491535e-05
0.997858
0.9991116
1.5221538e-05
0.99926096
0.9885888
5.475434e-05
3.8454786e-05
2.1618995e-05
1.4837419e-05
0.99976665
4.6875066e-06
0.0006099624
0.9983309
0.9994822
1.8176699e-05
2.2734426e-05
0.9982344
3.4790995e-05
0.9994678
3.785588e-05
0.00014504399
0.00014519482
1.2824516e-05
0.999653
2.610429e-05
4.5884726e-06
0.9997346
6.188374e-05
9.053592e-05
0.9988809
0.005169901
0.00012572619
0.00025685187
0.000107380896
1.8227613e-05
0.99958044
0.99988616
0.9997638
1.6901417e-05
0.9090372
2.8283127e-06
0.99952924
0.0052128206
0.9999665
0.9995844
0.9995178
0.9984242
3.7365193e-05
4.890365e-05
7.636015e-06
0.9919517
5.4196513e-05
0.8874979
0.00074925
0.8708193
1.0198454e-05
0.99369264
0.92940235
5.3838405e-05
0.99569654
0.87435883
0.99996734
0.9997677
0.99995685
8.760302e-05
8.356242e-06
0.99905616
0.0018904579
2.5839989e-05
0.00012759774
0.00022862872
0.955921
0.9992593
0.9999982
0.99880505
7.2577386e-06
0.9999474
5.294617e-05
0.0011999044
9.85277e-06
0.99937505
2.0501902e-05
2.1945662e-05
8.817163e-06
0.99997675
2.55592e-05
9.287356e-06
1.3642165e-05
6.5506806e-06
4.537438e-06
3.17957e-05
0.0001183905
0.99992955
7.1500854e-06
0.999838
5.4851072e-05
1.5088401e-05
1.8159339e-05
0.99955636
0.851648
1.3643258e-05
8.7124405e-05
0.99998057
0.99893206
4.6128316e-06
1.1376631e-05
5.466904e-06
0.0001669927
0.987633
0.99998033
0.00014593881
0.9998858
0.99709725
0.9999566
1.7576944e-05
0.9997327
2.0083156e-05
7.942359e-05
0.27620238
0.9999716
1.6379487e-05
9.437525e-06
0.9995727
1.5311893e-05
4.9802416e-05
1.3422957e-05
0.0010481547
0.999864
0.9999633
1.4473274e-05
0.000729723
0.9996309
3.8294645e-05
0.9892625
0.9999304
1.7144861e-05
1.6943457e-05
0.999821
1.8786184e-05
2.7686436e-05
0.9999628
2.4007408e-05
0.9999082
3.0154411e-05
8.587416e-06
1.1625966e-05
9.717991e-08
1.0468985e-05
0.99934775
1.8456437e-06
1.9957186e-05
8.248458e-05
0.99988484
0.9999918
0.99939346
0.991106
8.1610946e-05
1.47751225e-05
0.99906355
3.7521768e-05
1.4279934e-05
0.00017676805
3.2407148e-05
0.9999198
3.1753276e-05
2.0820924e-08
0.9998498
5.361661e-06
0.0005929976
0.04690888
0.9989918
0.99181026
2.2914195e-05
0.9998104
8.593512e-06
3.471786e-06
0.045065667
0.99861526
1.0948414e-05
0.9998611
0.9994727
3.6650586e-06
3.7897678e-06
0.9997968
8.199942e-06
0.9999801
1.9916954e-05
0.9065241
5.3461037e-05
4.5044122e-05
0.99970776
0.00018222773
7.6216825e-06
0.98963135
0.9997485
2.2936933e-05
1.0121648e-05
0.9999715
0.9998715
0.9997323
0.999846
0.99989533
0.9990866
0.9999367
2.4221808e-05
0.9998919
1.6236578e-05
0.00011601733
8.500915e-06
0.00014434641
0.9999995
1.0453641e-05
0.9979559
0.9999052
1.7206301e-05
1.4034046e-05
0.000117142314
2.4115507e-05
0.99964714
2.8129693e-05
0.9999161
1.3837874e-05
2.177403e-05
0.99961746
0.9997459
0.999673
0.9993087
8.161616e-05
0.9966439
3.815554e-05
0.0003874521
3.4956316e-05
0.002163635
1.5858346e-05
0.999944
4.8620896e-06
1.7212653e-05
4.6191662e-06
0.00791917
0.9998741
0.9997625
0.9996666
0.9999764
0.9995012
0.87202823
0.9994209
0.9997793
7.234728e-05
0.99213326
0.99994314
4.0448226e-06
0.753141
0.99978226
5.5757646e-06
0.9997477
2.7582762e-05
0.99990296
0.99991155
0.99972576
0.9998253
0.9999597
0.9999155
6.5854883e-06
6.0632938e-06
1.9915093e-05
1.0957239e-05
3.9988077e-05
3.588868e-06
3.681351e-06
0.9994836
0.9986488
0.9984053
1.642704e-05
8.622268e-06
0.0001261596
1.5643966e-05
4.465584e-06
0.017837591
2.8131195e-05
0.9993856
0.0001268519
0.9995521
6.4812025e-06
0.6734271
0.9999778
0.9997038
0.9999857
9.122876e-06
0.9994042
0.00019089178
0.9986363
3.0539204e-06
5.9978345e-05
9.324817e-06
3.6931804e-06
0.9988815
7.869883e-06
0.00023815765
0.9999155
0.99991524
0.99999344
5.8245673e-06
0.9997744
0.98409307
1.0
5.881681e-06
4.4098138e-06
0.9999745
0.012557685
1.0411765e-05
0.00029605927
0.93791014
0.9996197
2.8725892e-06
7.8012104e-05
0.9998293
0.9739449
1.0620448e-05
0.9999286
1.1435424e-05
1.3084264e-05
4.0642367e-06
0.9999447
0.9996697
2.9829034e-06
3.2106458e-05
6.552222e-05
0.99314064
0.0022152239
0.9989116
5.302315e-06
0.9999682
6.69778e-06
0.0003505741
0.99991834
0.9999324
0.99952304
0.99967813
0.019538302
0.9999938
1.3160702e-05
0.0002258268
2.2533488e-06
0.9999536