0.43307656
0.6498071
0.37692812
0.49443197
0.39251873
0.17878135
0.18439683
0.6494999
0.3903206
0.50313544
0.26374015
0.18193603
0.17084229
0.33052844
0.64690953
0.19203709
0.19507651
0.53425926
0.16688721
0.43457726
0.6396875
0.19031566
0.393384
0.18085317
0.18969506
0.19813311
0.41728318
0.63175756
0.35268825
0.6417359
0.17750074
0.36954314
0.62653136
0.33695534
0.40716994
0.3956794
0.41758302
0.6482499
0.66086376
0.64080393
0.19040187
0.4329529
0.1787624
0.38519347
0.16949837
0.20413719
0.43786156
0.6316754
0.1813984
0.6409329
0.6376964
0.1746338
0.6433984
0.63098484
0.45730194
0.18325214
0.45116484
0.2284284
0.1814648
0.19766901
0.43820587
0.6428655
0.4322229
0.4034541
0.5987075
0.63763297
0.4338781
0.17644267
0.592682
0.44098607
0.6491988
0.1896339
0.64268714
0.42921868
0.24155228
0.17925055
0.17583184
0.4373528
0.3912435
0.3846158
0.17346852
0.18118069
0.39113098
0.6405329
0.6482255
0.17593767
0.45025706
0.5909528
0.5794985
0.51331234
0.18558922
0.18549104
0.64213467
0.6460994
0.22842039
0.1917087
0.63918096
0.60439664
0.6657463
0.6386001
0.39203468
0.3853849
0.17637704
0.17639765
0.39676818
0.21136285
0.17705145
0.63439256
0.6363066
0.6569491
0.1755711
0.38861623
0.631789
0.22645184
0.3774111
0.1736653
0.200574
0.20431711
0.6481073
0.5950533
0.64860845
0.64075804
0.22668631
0.6535514
0.19901042
0.66012496
0.1882054
0.18119882
0.1768655
0.61888474
0.63261634
0.5777806
0.1825956
0.55201745
0.17763539
0.18222846
0.5298165
0.64331406
0.40069526
0.1980045
0.6442694
0.17987297
0.64167494
0.16833067
0.54222643
0.17132665
0.17909044
0.3231215
0.19715306
0.18771896
0.6331822
0.6425327
0.38378653
0.18292435
0.17085306
0.39612368
0.64778554
0.18333268
0.17241685
0.6266082
0.63537115
0.66484326
0.40919846
0.62880826
0.6385811
0.19960228
0.48128313
0.4289044
0.20152278
0.17902915
0.19013502
0.3651253
0.19173251
0.48136836
0.17022493
0.18511544
0.17865887
0.6429359
0.17868674
0.19119157
0.38562554
0.17941828
0.17755179
0.6323252
0.5880494
0.61979985
0.397773
0.39152405
0.17403725
0.6286581
0.18429759
0.6520027
0.649432
0.633655
0.18952274
0.18374237
0.39254263
0.62914705
0.2642493
0.18160468
0.19085063
0.6451097
0.6444566
0.6027621
0.6442227
0.63961995
0.18193978
0.6486362
0.16919515
0.18091814
0.39021048
0.3841313
0.6402381
0.17152783
0.39225927
0.40359172
0.20308273
0.512942
0.19230768
0.18542314
0.22414163
0.65245444
0.16323471
0.17376462
0.17826228
0.64871013
0.6155657
0.17242831
0.3890876
0.18750975
0.6333344
0.39138034
0.56775486
0.3939461
0.43420044
0.34162533
0.6610216
0.6627903
0.23655972
0.17749989
0.17400363
0.17695473
0.638549
0.6380723
0.61286455
0.17497177
0.38683945
0.22545779
0.39509296
0.52540123
0.6442475
0.18438014
0.5859131
0.314679
0.18869314
0.19207592
0.6415134
0.6138601
0.65086555
0.65865725
0.65310025
0.18418454
0.64263594
0.63868296
0.55471116
0.19572102
0.17681189
0.1822909
0.5228886
0.6351322
0.35209647
0.43148458
0.17584813
0.17096077
0.61906964
0.41570222
0.61183566
0.18361495
0.63881516
0.6487683
0.6384182
0.65420973
0.24364561
0.17569834
0.58599067
0.6310243
0.39413336
0.6326432
0.18177487
0.39277864
0.60392636
0.62993866
0.43372014
0.1836724
0.64646304
0.17652419
0.5931164
0.6393114
0.23624282
0.64065725
0.39835376
0.1833683
0.58039033
0.63368857
0.63809735
0.19933578
0.44406322
0.17841247
0.64508027
0.17736137
0.19015408
0.6000515
0.67562896
0.6318321
0.6407417
0.2002377
0.1953699
0.17534748
0.63314617
0.18361014
0.19090964
0.223335
0.17326505
0.18712659
0.6560622
0.42897102
0.19441843
0.19841942
0.4009645
0.6374582
0.610802
0.17419383
0.64671654
0.64364785
0.58863986
0.38729474
0.64452463
0.6444227
0.16955425
0.17592835
0.17658709
0.178003
0.6440187
0.33126476
0.63779235
0.5807898
0.56345457
0.6255931
0.6552303
0.6293553
0.55789083
0.17859584
0.649981
0.31543684
0.6386775
0.18019104
0.17514117
0.47771567
0.64700085
0.49553847
0.20810488
0.5979825
0.17522857
0.17304006
0.22579992
0.37909147
0.6269714
0.17621769
0.177036
0.39071614
0.38458458
0.17475419
0.6620153
0.19298361
0.1737438
0.23172753
0.6410768
0.5898315
0.17238475
0.18343519
0.64737403
0.5632613
0.6089638
0.20027779
0.2918079
0.5785159
0.63416797
0.3262531
0.1829354
0.6143111
0.45049307
0.18778647
0.17398435
0.24964318
0.40046704
0.6267622
0.6397179
0.18338239
0.1839234
0.17782521
0.17212692
0.6155287
0.6242445
0.32060358
0.3913828
0.3297472
0.63378733
0.6377703
0.64291143
0.36205673
0.6490809
0.38141105
0.64275813
0.65172935
0.17708296
0.1783597
0.61263347
0.1764832
0.6544159
0.21027754
0.18607302
0.39122584
0.17419076
0.19692387
0.6367235
0.67188424
0.64090276
0.330356
0.16707201
0.16294283
0.18515857
0.5482068
0.40338922
0.4837599
0.1704457
0.18173975
0.644028
0.44909483
0.6196634
0.3972027
0.18532066
0.17499807
0.1766553
0.63311493
0.6512156
0.1726131
0.6468533
0.6394979
0.40032777
0.6383364
0.63127005
0.38202065
0.5694553
0.18338884
0.628346
0.1834961
0.6464818
0.6258805
0.18435131
0.17880814
0.6372671
0.6484248
0.19001195
0.6006284
0.20285277
0.63285947
0.6433264
0.57060266
0.17398588
0.17650819
0.4030558
0.18224865
0.64158684
0.4378644
0.17566647
0.56447834
0.6217707
0.1709004
0.6448917
0.16986746
0.17916088
0.4021305
0.3795178
0.62202877
0.18074045
0.18309243
0.2060175
0.6467149
0.62491286
0.3994337
0.43168712
0.6347713
0.6488975
0.6348023
0.36979854
0.364664
0.6373865
0.23354684
0.19858687
0.4303434
0.3987296
0.63960075
0.197598
0.17224242
0.6378927
0.6014208
0.17441873
0.40428954
0.17753993
0.46524793
0.1806687
0.64326984
0.17815328
0.65011084
0.3984092
0.3718449
0.43079254
0.19597392
0.1779888
0.18265189
0.5522644
0.632351
0.17970432
0.63790005
0.6603925
0.6122525
0.3682185
0.17793776
0.63767296
0.17877886
0.59314704
0.40265855
0.24475735
0.3490944
0.17854661
0.17886879
0.24853927
0.37379104
0.1841322
0.42586824
0.40693086
0.6253548
0.39134672
0.6041798
0.38819212
0.1738065
0.18280548
0.18318935
0.19042729
0.6478522
0.17288725
0.17737706
0.39273584
0.6384689
0.65891755
0.39914873
0.18623897
0.19975054
0.17899404
0.6504926
0.18464565
0.6466359
0.41933593
0.39962634
0.6433933
0.17717786
0.6272072
0.63561887
0.17231429
0.64350855
0.6257985
0.17653123
0.4508795
0.17493151
0.58696306
0.59329355
0.6361298
0.57774323
0.6196762
0.16927505
0.17314163
0.17565851
0.17573315
0.211912
0.6484333
0.46627915
0.18226637
0.6363195
0.18221106
0.6642758
0.24884568
0.18416174
0.27459428
0.5937598
0.47100222
0.21995766
0.19271989
0.1668159
0.63614196
0.17934531
0.648601
0.6608821
0.6373161
0.20187521
0.5167954
0.175561
0.39039952
0.39651167
0.19661926
0.449531
0.18152347
0.4593289
0.17449301
0.6424588
0.60352015
0.2040933
0.17989306
0.17412496
0.64986795
0.6359688
0.6292143
0.2945677
0.21123518
0.62745726
0.42071983
0.6398917
0.17612557
0.5578969
0.5516386
0.3926471
0.16946574
0.39985162
0.67069423
0.6400977
0.23038092
0.645069
0.63868046
0.19420737
0.1749607
0.18160735
0.6351386
0.23296139
0.51947343
0.6542938
0.19305423
0.17804144
0.18523626
0.20941691
0.49120405
0.5955282
0.636889
0.6274135
0.38956118
0.5192678
0.24201152
0.62796944
0.65705436
0.6649878
0.20875509
0.17378254
0.38038287
0.16881569
0.6066253
0.5569367
0.18042381
0.634379
0.18021742
0.17910197
0.5628828
0.32233348
0.43563935
0.637989
0.19422714
0.59098756
0.582561
0.638268
0.49716592
0.18585792
0.6240992
0.64667046
0.6185863
0.18322913
0.5812063
0.6519881
0.6368676
0.6513484
0.58557934
0.6363934
0.62868553
0.1839242
0.18364304
0.59508216
0.17465967
0.23832335
0.173594
0.17395309
0.18483257
0.1816074
0.6500958
0.50900316
0.38365477
0.44723004
0.6412721
0.2033951
0.18000732
0.6427104
0.18682103
0.65186936
0.64469075
0.4497981
0.42987782
0.6430087
0.17499818
0.2552975
0.6469777
0.3900777
0.17731674
0.63276535
0.17557809
0.57480836
0.19283818
0.18606976
0.58320284
0.17828488
0.17806143
0.17552976
0.20197888
0.39739004
0.18317902
0.21061869
0.6434104
0.63686824
0.3784499
0.171287
0.63150346
0.19160594
0.17471316
0.6504127
0.44792166
0.16243763
0.43002427
0.4006564
0.6438896
0.19026238
0.55532783
0.44451407
0.17473656
0.39098734
0.22003658
0.39814734
0.17349598
0.1828631
0.17446999
0.63338524
0.4214321
0.1888005
0.6370063
0.16637222
0.18200754
0.38839427
0.18457966
0.6346497
0.4345523
0.6135096
0.17824331
0.253759
0.18366328
0.58892864
0.19524096
0.6464868
0.17382737
0.28056666
0.56591254
0.17226155
0.18768783
0.63976073
0.65665686
0.3196506
0.64292306
0.18165164
0.18380053
0.63566446
0.52772915
0.5006735
0.17690282
0.64600646
0.6453476
0.44996175
0.65192556
0.16723876
0.65723604
0.6347119
0.64999455
0.18105951
0.1983209
0.17787936
0.3291206
0.17729683
0.64519715
0.18286198
0.6496176
0.37609318
0.61904234
0.6500865
0.17355768
0.18649387
0.18772222
0.5762008
0.6384077
0.6303413
0.6520916
0.43539655
0.4265233
0.6430738
0.18088272
0.38349867
0.66635126
0.58307207
0.18245701
0.64377934
0.61066395
0.66651094
0.63714033
0.1780978
0.18229625
0.62887824
0.6504855
0.17725016
0.55684483
0.4078634
0.63492316
0.17921942
0.188413
0.63947827
0.55803865
0.41830075
0.6076483
0.568343
0.17055269
0.18250726
0.2656649
0.6457374
0.64883816
0.3505585
0.65533155
0.4253642
0.6420617
0.65235716
0.64213216
0.19778492
0.23869526
0.65513307
0.17831212
0.2196069
0.18798718
0.58890295
0.18541779
0.15550463
0.17375585
0.3998348
0.64971286
0.38583094
0.5621931
0.21935591
0.47204596
0.17470446
0.32263905
0.29074714
0.2085826
0.19307895
0.17370334
0.5880458
0.4010572
0.6292413
0.17242914
0.64960986
0.3942103
0.27041873
0.17411767
0.50306195
0.43533814
0.38846242
0.56725484
0.17461048
0.39372307
0.18237624
0.51557094
0.39354816
0.59286183
0.39610687
0.3704391
0.67168987
0.17329083
0.6458493
0.6274661
0.6198488
0.63779247
0.17039911
0.5891555
0.63358057
0.51296633
0.18027885
0.6480497
0.547713
0.6536606
0.37922207
0.19529392
0.4452165
0.63535815
0.39997563
0.63036895
0.19748335
0.18657243
0.18630575
0.42398664
0.64309806
0.41631106
0.38906446
0.43801513
0.6302722
0.18429904
0.6552801
0.6378546
0.58039397
0.6382277
0.6330285
0.3983784
0.18962812
0.63767636
0.39407432
0.64362156
0.39141506
0.6616924
0.45806697
0.53723687
0.659958
0.24491568
0.41484997
0.6614108
0.17524348
0.63607913
0.18607868
0.17003553
0.16481112
0.1757407
0.3904657
0.1831502
0.4423544
0.45013744
0.64660966
0.17283505
0.5851458
0.6067012
0.19941607
0.17712179
0.64820987
0.5352613
0.37742656
0.64016634
0.6525871
0.6296574
0.17306907
0.6449622
0.14830631
0.64715886
0.1873638
0.21218306
0.39015105
0.6402516
0.17249024
0.6521498
0.39003873
0.5673242
0.39212093
0.20662916
0.58036435
0.65669245
0.18440665
0.6304662
0.6382327
0.16981468
0.64417225
0.1986329
0.1838928
0.38048917
0.2953301
0.54372114
0.5831667
0.5058542
0.43264994
0.61966527
0.39196622
0.53176016
0.18312564
0.61168873
0.38253015
0.3867426
0.18069348
0.18495955
0.5609792
0.39500958
0.4491558
0.18239139
0.6365751
0.524349
0.19020353
0.6299389
0.18188944
0.39416662
0.6266873
0.20726441
0.18154615
0.62423897
0.6497128
0.40753087
0.58086157
0.6126778
0.1789823
0.4104513
0.64674675
0.37848252
0.38628966
0.20619872
0.17573574
0.3877923
0.4082541
0.36369708
0.6189911
0.6648028
0.63870746
0.18437581
0.403107
0.6156143
0.21227449
0.1814773
0.6317137
0.17733784
0.6314351
0.651587
0.641938
0.64498216
0.17942789
0.16963425
0.62154603
0.6496716
0.63464844
0.63787377
0.47340304
0.39886966
0.6591227
0.19303001
0.6350675
0.6508628
0.18127519
0.2200624
0.17546593
0.17789315
0.6377763
0.59289116
0.6297526
0.16554773
0.6531678
0.17407885
0.42320454
0.17252444
0.6401638
0.64207155
0.59625757
0.6387746
0.62832993
0.16490789
0.394936
0.18275999
0.6272915
0.60467196
0.41522393
0.1723062
0.6503777
0.66000515
0.46839437
0.23591712
0.6438192
0.18313166
0.5360768
0.6420985
0.6360638
0.18831895
0.37248906
0.61444867
0.17883757
0.18568969
0.17529994
0.64316654
0.17548887
0.4834396
0.63095576
0.53894514
0.17394978
0.17721729
0.5844684
0.6293325
0.17844006
0.62449026
0.42022377
0.1754802
0.20252351
0.1736886
0.21359424
0.6324368
0.39367625
0.19736189
0.627444
0.6387542
0.1779192
0.18874358
0.6127984
0.17707773
0.5867881
0.19408706
0.18591489
0.1790944
0.17431891
0.63922185
0.1750001
0.17958272
0.63535047
0.16760734
0.17573072
0.43368694
0.4967038
0.1895654
0.21162196
0.3908505
0.3930539
0.61006165
0.62847227
0.59729034
0.19080952
0.6250622
0.18075477
0.63201845
0.21874563
0.6407983
0.633875
0.6446691
0.6255438
0.1959957
0.19288637
0.38686264
0.638617
0.38980913
0.55391484
0.34517947
0.5560447
0.39274478
0.54716474
0.6106898
0.41833335
0.49051782
0.6296042
0.6498299
0.43280566
0.64124644
0.21312737
0.18572842
0.61719126
0.17395084
0.20429711
0.17232598
0.18462971
0.58637136
0.5984389
0.6787786
0.6302795
0.17584133
0.65293145
0.1763554
0.19977094
0.22994243
0.6385215
0.18050642
0.17423467
0.40101644
0.6511404
0.1590979
0.39918515
0.18265907
0.17868756
0.17745113
0.18424273
0.18242516
0.6437113
0.17572236
0.62416077
0.24629556
0.3932479
0.18941736
0.6374652
0.57291555
0.17606404
0.1843499
0.65550196
0.6262573
0.17545268
0.17514637
0.18081959
0.39362285
0.62077844
0.64461946
0.21707122
0.64348716
0.57960176
0.64547056
0.18385895
0.6500978
0.17786518
0.18889053
0.5424699
0.653788
0.19805877
0.38376722
0.63040096
0.1756816
0.18910696
0.17311294
0.1879997
0.66368204
0.6372629
0.17911667
0.3194334
0.6533163
0.18613996
0.47234264
0.6487911
0.17430738
0.21034265
0.63124114
0.18869807
0.16895534
0.6269121
0.38917288
0.6499535
0.17765021
0.17077771
0.18183273
0.1712592
0.2483209
0.62374395
0.36475947
0.19976312
0.37127736
0.642646
0.5820408
0.6359902
0.4226637
0.19210753
0.19342433
0.6143255
0.1938556
0.3899332
0.17718631
0.369157
0.64895844
0.3996279
0.22610772
0.6353764
0.3912038
0.19565868
0.5474617
0.63358265
0.6447503
0.17836079
0.61820406
0.18447222
0.3985043
0.57370543
0.61944544
0.17313893
0.4394931
0.6438872
0.17939161
0.17726806
0.64867705
0.18576875
0.63803357
0.17776847
0.6181148
0.35801727
0.1872297
0.63591075
0.18222688
0.17745318
0.4598976
0.6406576
0.19123241
0.23215304
0.6316673
0.57430196
0.60782427
0.6296071
0.42500824
0.62890774
0.47161964
0.17827816
0.6344371
0.17174166
0.37945014
0.17182314
0.20803049
0.5096248
0.18592744
0.62061167
0.4785738
0.18019702
0.17264292
0.1768862
0.20477648
0.6339441
0.18820894
0.6459896
0.18855716
0.39878798
0.43106902
0.63664734
0.637081
0.63569057
0.17703791
0.5991219
0.1638296
0.17496005
0.21065514
0.2529042
0.18163183
0.5733493
0.3935059
0.39432478
0.18375175
0.43665963
0.6414522
0.62818784
0.6342888
0.64752674
0.6280573
0.604609
0.63466245
0.63310295
0.17542952
0.6145585
0.42705873
0.18230362
0.53620625
0.6055428
0.1709963
0.64251316
0.18728445
0.42762244
0.6422858
0.64835984
0.4446082
0.4583774
0.63795006
0.18249911
0.17082034
0.18241921
0.16829747
0.34296313
0.27026013
0.18343022
0.62765324
0.6348845
0.6203193
0.39614323
0.39867598
0.15512237
0.3953099
0.38642338
0.41445524
0.17490488
0.63896644
0.22874904
0.6152759
0.18490465
0.4575174
0.65143704
0.63464576
0.43779063
0.18491273
0.5953437
0.19429263
0.6170995
0.18628924
0.17414679
0.16630131
0.38587514
0.6313145
0.18189985
0.17698005
0.4203206
0.6527112
0.5780883
0.17464225
0.6499731
0.62766254
0.5445817
0.16975284
0.1709356
0.6495444
0.23261622
0.17194447
0.3607946
0.44019762
0.42952865
0.38541752
0.17599432
0.6444589
0.510514
0.17791104
0.41884407
0.3976077
0.21315303
0.17550333
0.6461797
0.6318705
0.17842913
0.18361932
0.1700788
0.6396276
0.20858438
0.5949987
0.31447482
0.54206294
0.17444019
0.19358997
0.64290214
0.64438486
0.6285306
0.4605241
0.43971682
0.6405722
0.17538887
0.2023578
0.17813382
0.5957562