0.52019984
0.99623054
0.42794234
0.5025207
0.42734057
0.0012321626
0.0018391449
0.9947695
0.43548828
0.61738205
0.0026974676
0.0014244709
0.0025991646
0.43204102
0.9931344
0.0008214994
0.0022722485
0.30975214
0.0009875416
0.5039242
0.87130064
0.0067975577
0.42540988
0.001528024
0.00031883406
0.003293945
0.48961157
0.8666109
0.43501016
0.9571797
0.0013099008
0.4199097
0.5163471
0.46395907
0.3841844
0.42403242
0.4994558
0.97835356
0.9966708
0.98139143
0.0010202185
0.49723807
0.0015458909
0.43453753
0.001671826
0.00016401724
0.5066701
0.59503525
0.001453518
0.9902866
0.9551537
0.0034514284
0.9531715
0.9589524
0.48138675
0.0008811657
0.5131961
0.00049753516
0.0013177282
0.0021411597
0.5928329
0.98108184
0.52159554
0.4216621
0.74033016
0.76514363
0.5415741
0.0019534642
0.65734595
0.52375793
0.99066144
0.000881122
0.93053097
0.11412061
0.00025115878
0.0012322407
0.0014528352
0.518274
0.43126145
0.42405972
0.011842435
0.0007717178
0.43292984
0.97813463
0.9957973
0.0013169014
0.51526624
0.9872662
0.99338233
0.980601
0.0010261148
0.0016922711
0.99163264
0.96775985
0.0013039676
0.01050385
0.9888065
0.8576415
0.9975829
0.99837697
0.4288579
0.42396343
0.0023110986
0.0014319917
0.43471217
0.008522758
0.0007922866
0.9847416
0.98486644
0.9721923
0.0013544493
0.43016243
0.98854136
0.00087146444
0.4087075
0.0069383522
0.0032795286
0.00010928398
0.991097
0.59847444
0.99744534
0.9916642
0.0077404557
0.9945793
0.0010135189
0.9964288
0.002445096
0.017304279
0.0029152052
0.92560273
0.98854536
0.9351236
0.0017770436
0.92643106
0.0022734713
0.001489701
0.3453195
0.995843
0.43262377
0.00032884782
0.98163235
0.0033017162
0.79264
0.001745963
0.79545134
0.0030814868
0.0005855196
0.18988283
0.024702612
0.0065629277
0.96223646
0.942579
0.42338088
0.011850742
0.0016844837
0.420914
0.9987888
0.0006651965
0.0014380346
0.9559185
0.99562824
0.9965333
0.31072944
0.9359808
0.9377621
0.0016638957
0.5768291
0.5020824
0.0006217587
0.0008267207
0.0018493122
0.39185545
0.0033695097
0.45564967
0.003072107
0.0036641124
0.003004583
0.9933795
0.0010461939
0.0012005698
0.16789177
0.001135788
0.0017336517
0.9946489
0.95607555
0.98256195
0.43518326
0.4285183
0.0049708346
0.96723735
0.00096541556
0.98113924
0.99466926
0.992547
0.0013879092
0.00808186
0.4332432
0.964269
0.0030306517
0.00086783007
0.0029010493
0.990397
0.9957449
0.9913155
0.97871506
0.9976318
0.0014401774
0.9889368
0.0009802753
0.0029203629
0.42890728
0.4293131
0.9854998
0.0038247542
0.4330679
0.42605263
0.00078516407
0.12661785
0.00073425967
0.0016095672
0.025479488
0.99431926
0.0014076211
0.0015832296
0.003033982
0.996539
0.96933436
0.0013383012
0.43290147
0.0007607725
0.9875246
0.43545932
0.5528794
0.41707888
0.5022697
0.40236405
0.9981706
0.9995814
0.00013262394
0.0009205026
0.0037084718
0.0010749932
0.99420714
0.898442
0.6231567
0.0008166023
0.4244884
0.013894947
0.42945597
0.46848375
0.99741673
0.0006992242
0.49950424
0.00028787903
0.00065726985
0.0029173128
0.96335506
0.7782926
0.90975
0.98898613
0.9953015
0.00062454917
0.9894049
0.97309285
0.2890825
0.0030055472
0.0010437767
0.00082127587
0.37176433
0.98461735
0.43542698
0.067508586
0.0059817364
0.0038131496
0.768367
0.49083272
0.45093098
0.0015102689
0.90447485
0.9452916
0.99591786
0.9993298
0.00051285495
0.003173158
0.9750141
0.99575126
0.42234057
0.99132663
0.0005983842
0.41799837
0.6435945
0.9919259
0.4974817
0.0006300008
0.99246687
0.00042157387
0.52666533
0.9680853
0.0129051395
0.9664786
0.4255859
0.0017592164
0.43965155
0.9512657
0.9957071
0.0003186587
0.50760156
0.0014958426
0.99431866
0.00056655594
0.0018030008
0.50329655
0.99765503
0.97804767
0.9601595
0.0019574733
0.0021209316
0.005148235
0.8654651
0.003798232
0.0002502853
0.0009038877
0.0009299691
0.0002304597
0.99598855
0.50329065
0.0011217068
6.211894e-05
0.42773592
0.89100546
0.53928363
0.00086525554
0.99414426
0.9955147
0.43312064
0.43532452
0.9968092
0.986453
0.0021313843
0.0010043058
0.0011920405
0.0007480946
0.98186505
0.22203279
0.9924044
0.72541064
0.7780615
0.8744101
0.9720086
0.99170285
0.97167665
0.0007863472
0.9986248
0.1884238
0.9854113
0.00823034
0.0018881093
0.50708437
0.9989704
0.5469133
0.00051859475
0.7966708
0.017025307
0.000891215
0.005397364
0.42868966
0.8522667
0.0008765741
0.0009894285
0.43188256
0.39495763
0.0009064526
0.988632
0.00042023158
0.001375815
4.2923206e-05
0.98238856
0.8730256
0.00096979825
0.0063749207
0.9660049
0.85607284
0.89879274
0.00019767974
0.0021405935
0.9424605
0.9895828
0.2279541
0.0003186344
0.93895215
0.5475193
9.3938026e-05
0.0023678998
0.0014755207
0.43134865
0.9762173
0.8504263
0.0011353375
0.0026882475
0.0020504587
0.0025332924
0.65426755
0.9920324
0.23416251
0.50348973
0.4226148
0.97843766
0.9454506
0.9908188
0.42862254
0.87388015
0.42961887
0.92028
0.998939
0.0014540982
0.00083218655
0.97159487
0.0011712383
0.9822463
0.0011368251
0.0010173634
0.43537012
0.0010276934
0.002966103
0.8773884
0.9982717
0.97323745
0.2500551
0.002003564
0.008521429
0.00085074076
0.9956345
0.39574745
0.11122711
0.010085696
0.0008236482
0.9931718
0.5004674
0.8962705
0.42871237
0.0009564798
0.0006552965
0.0015936557
0.98068833
0.98422223
0.009916015
0.9793835
0.8837277
0.4226084
0.9955414
0.9675024
0.43342707
0.8752077
0.0008525317
0.45119667
0.0029928472
0.99209857
0.7216481
0.0007198502
0.00097348535
0.98909235
0.9988655
0.0013496303
0.65512645
0.0010509748
0.99535084
0.90183
0.42355007
0.0018864208
0.002050762
0.4289308
0.0016455952
0.99251723
0.5707385
0.0019070612
0.87356645
0.8739525
0.005046324
0.98596394
0.0012559185
0.004599805
0.43621886
0.40310723
0.9889675
0.001075387
0.00015857028
0.00013651857
0.99499536
0.97751063
0.4265268
0.496221
0.6649206
0.9983316
0.94898885
0.37312353
0.43479067
0.9978946
0.0009066366
0.00018920528
0.4940993
0.42580098
0.9950853
0.00057471497
0.0022385844
0.97520465
0.99236614
0.0008295331
0.2945561
0.0011726336
0.30544698
0.005663245
0.72864884
0.00080440246
0.9956436
0.4335466
0.40542954
0.524831
0.0008053497
0.001228456
0.00146437
0.5586238
0.6572503
0.004325458
0.93898934
0.99500763
0.84211564
0.4488383
0.0017409655
0.9232718
0.009001263
0.95354825
0.4057741
0.0037463815
0.26962075
0.0030814076
0.0011114706
0.00060869724
0.43872422
0.0028773916
0.5161569
0.42567953
0.9631833
0.43356273
0.86349624
0.4203925
0.0026380245
0.0014378238
0.012650165
0.0019338221
0.9296816
0.0036076906
0.0013894882
0.42775074
0.98938507
0.9931339
0.4314944
0.0014912325
0.08424608
0.0014503007
0.98898214
0.0012705063
0.9907748
0.4942346
0.4355332
0.9775442
0.00059873296
0.9895447
0.9491858
0.002492526
0.977799
0.91812474
0.00074841623
0.5045479
0.0013478037
0.99778205
0.95818657
0.99891067
0.7799993
0.903333
0.0019430611
0.002106451
0.00220013
0.0006682659
0.006976076
0.9657516
0.55057985
0.00093843834
0.49036774
0.007048794
0.99472094
0.0005737509
0.0033908305
0.0005476977
0.42656213
0.5068573
0.00070351
0.00060312334
0.0015109875
0.97549236
0.0027748013
0.9939207
0.992847
0.7756052
0.00064991525
0.72361875
0.0018631084
0.4320237
0.41336378
0.0022699912
0.56411433
0.0029176138
0.55764675
0.0010333684
0.90896857
0.35325482
0.002246901
0.0068085175
0.00096948043
0.9810034
0.9975407
0.96263266
0.18205725
0.027819593
0.85744095
0.48689088
0.99057275
0.0013722117
0.95122296
0.48724565
0.43361598
0.0018998819
0.4354335
0.99211496
0.99421966
0.021657787
0.9831797
0.9564823
0.0042027747
0.0025216942
0.0007196931
0.87007076
0.00024209222
0.37017813
0.95116484
0.0007539281
0.0011942567
0.0019399639
0.015101424
0.5084134
0.9234286
0.9935336
0.9631593
0.43159828
0.5352905
0.0015630822
0.9748965
0.9953656
0.9983039
0.00033261854
0.0008899184
0.42514116
0.0005842608
0.9764494
0.6016005
0.00079178653
0.7926108
0.0005852169
0.0007275281
0.9902547
0.14861399
0.50147116
0.96074075
0.0028169372
0.930941
0.8695165
0.995946
0.22591424
0.00066919957
0.9951565
0.67345464
0.5228186
0.013565327
0.43960068
0.99731183
0.9138064
0.9826256
0.90442306
0.97167236
0.9768713
0.0013562649
0.005875674
0.82562065
0.00076514937
0.0009987607
0.0036375488
0.0009009028
0.0016455451
0.001370471
0.9816466
0.41630182
0.3953406
0.5078824
0.9972203
0.0010915961
0.00041684066
0.98704547
0.0019154607
0.9909808
0.99413955
0.4989312
0.49154526
0.97228056
0.0025631578
0.0010385053
0.9935189
0.43503574
0.00067982636
0.9912344
0.0012966644
0.48277113
0.002409878
0.00085594994
0.51621467
0.001848105
0.0024273908
0.001395394
0.0024615969
0.43580657
0.0017914122
0.0012118737
0.91481733
0.9889116
0.4184832
0.0007704599
0.9266082
0.0014369389
0.0014616624
0.9889397
0.5139923
0.0017295099
0.49950552
0.4239809
0.9813101
0.0008305419
0.999003
0.2523989
0.0012815369
0.4352526
0.008390164
0.43427226
0.0007051384
0.00094192964
0.0015294674
0.96680856
0.49035886
0.0017484006
0.93545306
0.0054364433
0.00060066005
0.42374438
0.00021477875
0.9782024
0.52686644
0.84044695
0.003462915
0.004832505
0.010827225
0.9579632
0.0057049985
0.9792436
0.0020705606
0.0130476765
0.5733498
0.002495474
0.0009879853
0.91773057
0.9799744
0.14349958
0.99335104
0.0013057746
0.0069199745
0.95611393
0.062150434
0.38683227
0.0012335735
0.98802406
0.99803346
0.4940054
0.9951291
0.0020498615
0.99865484
0.9505864
0.9937656
0.0033130776
0.0021159793
0.00062379247
0.27087986
0.002847129
0.99791473
0.0011804862
0.9975164
0.42854092
0.8911428
0.99626017
0.002187273
0.0010007499
0.0010040102
0.6483983
0.9566492
0.9733927
0.99847895
0.63145715
0.40334314
0.73540425
0.0009879915
0.40758234
0.5641597
0.77816236
0.0021541468
0.9934614
0.7276525
0.9990275
0.99311286
0.001562821
0.0028600267
0.9581921
0.9945262
0.0009309102
0.45288393
0.4273919
0.9912513
0.00048566223
0.001988889
0.99151915
0.85147697
0.31930026
0.9692516
0.9335895
0.0006066791
0.003429384
0.017014993
0.995014
0.99808025
0.3093388
0.99960536
0.5054844
0.9907656
0.9980398
0.9739032
0.0003927774
0.006001994
0.98932505
0.006678468
0.000948671
0.0014951334
0.84733474
0.0013968745
0.00451958
0.0007628404
0.43264565
0.9961377
0.42815053
0.9119804
0.0006700845
0.51280075
0.0015751506
0.1627709
2.8233254e-09
3.146048e-05
0.00032136636
0.0024632611
0.5301141
0.43411002
0.8389886
0.0013307743
0.99775785
0.43415457
0.009936968
0.006503583
0.18708763
0.5162555
0.4154324
0.85425013
0.0065007117
0.43420285
0.00071549934
0.5756101
0.42945525
0.252179
0.42942867
0.40701628
0.99848
0.0013742292
0.9862178
0.9894839
0.7742207
0.67276907
0.0045799557
0.977464
0.9915279
0.72856474
0.003843957
0.982239
0.3549903
0.98642236
0.31276226
0.0029986226
0.5005582
0.94512
0.4275453
0.9599138
0.0010139467
0.0042831614
0.0056606866
0.31730044
0.97952646
0.5183387
0.4291236
0.56760097
0.9734806
0.0057651973
0.9969171
0.99401134
0.7556452
0.8549824
0.7896219
0.42193434
0.0025860793
0.9846847
0.43499598
0.97137356
0.4314945
0.9991653
0.5045272
0.9573276
0.99555475
0.004256935
0.5119705
0.98988205
0.0014021804
0.9913516
0.0004902829
0.0022349078
0.008524318
0.0014302377
0.43106315
0.009198382
0.5197682
0.49098843
0.98856676
0.0015522277
0.93472224
0.47319275
0.0009400115
0.0034855087
0.9772265
0.8822833
0.3619628
0.9751667
0.96962756
0.9718159
0.0010832631
0.99322057
0.00013654266
0.9499677
0.00701679
0.00046542066
0.4356388
0.94631594
0.0016158151
0.98998624
0.4256069
0.91551554
0.4311052
0.00037816155
0.9522607
0.99502194
0.001126022
0.999253
0.9965648
0.0020597177
0.7755495
0.011560705
0.0016232909
0.42773783
0.10260644
0.7176868
0.4976889
0.50847715
0.49781063
0.8620527
0.43504053
0.56117594
0.0011164577
0.8305781
0.407398
0.41788647
0.0017722826
0.0019646212
0.9483781
0.43145278
0.49560416
0.0010749471
0.9953311
0.48026583
0.0009115796
0.9917698
0.0017047022
0.43453214
0.9347775
0.0027690623
0.001989188
0.98956966
0.99841475
0.43066785
0.11271844
0.6054752
0.0005452361
0.42964134
0.98630905
0.37627167
0.43460187
0.00041673993
0.0033972142
0.42966217
0.42503324
0.4220927
0.8948463
0.9920621
0.8707972
0.0008910087
0.4237499
0.9086366
0.006046221
0.0028465996
0.70537776
0.0019051307
0.97950953
0.9962134
0.9952716
0.99773645
0.0009652017
0.0014570311
0.7993741
0.9979699
0.988906
0.9551324
0.49798706
0.43557787
0.9991678
0.0029491857
0.98379505
0.99077374
0.0031291177
0.00010346051
0.0012675993
0.00094292406
0.78454334
0.9839835
0.6189234
0.013859848
0.99935323
0.008177879
0.5258638
0.0024024108
0.98542273
0.9245851
0.94913995
0.99723524
0.98775905
0.0013864151
0.434723
0.0012336834
0.9192276
0.87743723
0.37418866
0.0024837411
0.9941742
0.997715
0.5647952
0.0020707094
0.99322516
0.0007187582
0.94558895
0.8574895
0.9764005
0.0008872696
0.4350773
0.96137154
0.01931634
0.011677134
0.0019455946
0.9876879
0.0008807816
0.7026134
0.96288025
0.61188745
0.0026732106
0.0026668198
0.95707047
0.96285605
0.0041637323
0.9872416
0.49020475
0.0015214151
0.0010442929
0.018675637
0.0005493085
0.94555706
0.43214703
0.00064405653
0.9274545
0.9535946
0.0016699837
0.0008066227
0.99244237
0.0016259274
0.8590796
0.0012870817
0.0006746938
0.0017731949
0.0014850348
0.7905082
0.0012778973
0.0008530765
0.9844981
0.001551935
0.003010754
0.488704
0.07418258
0.00033071218
0.00024689836
0.40683594
0.42913148
0.9192589
0.9931236
0.96116436
0.00089555245
0.8725411
0.0005955992
0.9868932
0.0029806287
0.99591535
0.9416985
0.99641645
0.90480185
0.0018374737
0.0034281376
0.42187694
0.6010529
0.4359503
0.84754515
0.05757176
0.57795185
0.43180963
0.4301039
0.5701052
0.42435375
0.6256174
0.5994063
0.9881175
0.50635195
0.9786284
0.00071838225
0.0005376624
0.91616106
0.0009275784
0.0005976725
0.0034330296
0.0014545836
0.6551868
0.98740363
0.9994524
0.9671976
0.0010154103
0.9975503
0.009307814
0.00089431007
0.00078700914
0.9463211
0.0013171359
0.0021026605
0.42222315
0.99563533
0.0020129269
0.43426967
0.0015691746
0.0011159516
0.0005144503
0.005243958
0.0014403076
0.93076736
0.0011702664
0.98116654
0.008360244
0.43511543
0.00034916835
0.98235095
0.41359156
0.0027737566
0.012950251
0.9944067
0.9707918
0.001479301
0.00286279
0.000825517
0.41523483
0.50205463
0.981212
0.0025275298
0.97220355
0.58291984
0.9920747
0.0005104576
0.98403716
0.0028663052
0.002283595
0.37609527
0.99169683
0.002707206
0.434528
0.94571185
0.0026715458
0.00072193216
0.0015014888
0.00020661722
0.9979886
0.96992123
0.0011142206
0.3981064
0.9921699
0.00046566292
0.4338631
0.98495364
0.0012737456
0.0005035223
0.9930396
0.00059085345
0.0007791196
0.94168645
0.42805734
0.9946852
0.0023856654
0.002217283
0.013094272
0.011593984
0.00040011015
0.97640765
0.41260514
0.0023395359
0.44025213
0.99103093
0.53184575
0.939193
0.49549362
0.0044273436
0.0022825329
0.9092866
0.0012431405
0.42728117
0.0059630326
0.4337293
0.91635734
0.4323874
0.13541217
0.99834216
0.43478352
0.0009849599
0.47426084
0.89228344
0.79598576
0.00084811426
0.95863396
0.0014176684
0.43511426
0.47305492
0.96164644
0.0031082325
0.58118045
0.96867174
0.0015982053
0.0024205763
0.99666446
0.0011141044
0.98808366
0.0024486284
0.64389527
0.42429906
0.0015439095
0.95579606
0.00089442
0.0011949202
0.49211258
0.98199505
0.0016411062
0.0013643203
0.99089724
0.5079794
0.9846624
0.9640809
0.50081813
0.99256355
0.52706933
0.0008908406
0.96579736
0.0033394864
0.4215363
0.006991711
0.004255502
0.9973339
0.002359095
0.98953396
0.5100042
0.0028102694
0.0019554594
0.0030693365
0.0017449927
0.99065936
0.01010181
0.9584619
0.0012466147
0.43343654
0.51858056
0.8163486
0.9877965
0.88827574
0.0020303233
0.6522361
0.0001505545
0.0047121122
0.0053295353
0.00044149673
0.0011516814
0.9673794
0.4348648
0.42084405
0.0027466882
0.27916276
0.9862033
0.98124355
0.98455876
0.9858618
0.9125618
0.52166194
0.8540768
0.97993416
0.0015213058
0.35522246
0.5739831
0.0011900688
0.7079218
0.9929069
0.0014694114
0.98446506
0.003335377
0.51032114
0.99628264
0.9956037
0.55731976
0.54564625
0.986484
0.0014426482
0.00070130837
0.005433116
0.0027527367
0.24013029
0.00066845765
0.0010631339
0.98997366
0.90486705
0.9228295
0.42912793
0.42334825
0.002441708
0.4305405
0.42862672
0.44597822
0.0014409286
0.91945606
0.0057543046
0.93046427
0.0016224347
0.2794412
0.9853099
0.9416909
0.5362106
0.001382634
0.47526678
0.00096160074
0.6635369
0.0008571898
0.0062962295
0.0022185093
0.43440977
0.9899103
0.0015661423
0.0001577237
0.5125057
0.98889565
0.54950315
0.00067175075
0.96687025
0.533797
0.99323905
0.0015523104
0.002804576
0.99616325
0.00089888746
0.0038941733
0.4099309
0.49282953
0.50097764
0.428468
0.0011991492
0.9718882
0.49578777
0.0014510005
0.50851095
0.42703357
0.0016484037
0.0017668195
0.99622214
0.9848241
0.006639967
0.0017029177
0.00073071785
0.7764524
0.004265933
0.9472947
0.18158361
0.50712353
0.0026771622
0.00034020725
0.9771792
0.9888065
0.99299073
0.5393156
0.3648199
0.963644
0.0025630945
0.00018904281
0.0036974964
0.9934729