0.5235938
0.9979512
0.4014107
0.5588905
0.40227836
0.00060291984
0.0019410048
0.9971566
0.41646346
0.7592499
0.021367367
0.0019329268
0.0023582648
0.40717638
0.9705273
0.00043725935
0.0013931725
0.9730266
0.0032677848
0.4774309
0.84256893
0.005409206
0.4188705
0.004593539
0.0013605587
0.0036917902
0.4945692
0.9558357
0.4125441
0.9767413
0.002712905
0.4133742
0.54241574
0.41497758
0.41087613
0.40630114
0.51844805
0.9317577
0.9980405
0.9977203
0.0041567353
0.44903144
0.0018011935
0.40691772
0.0022259345
0.0010763495
0.5192052
0.85091615
0.0018497179
0.9671308
0.95890343
0.005108184
0.98804456
0.97591996
0.48056027
0.0024547228
0.5488595
0.00334321
0.0030213385
0.0024163234
0.58571696
0.9945523
0.547702
0.40593156
0.88563323
0.7646858
0.5705239
0.0019905658
0.8809112
0.5725969
0.984665
0.001582672
0.9157601
0.10277538
0.010589477
0.002899083
0.003158174
0.56346804
0.40236625
0.40677324
0.0037386245
0.0010004768
0.40892574
0.9472992
0.9812701
0.0025162676
0.5275288
0.94871336
0.9863622
0.8921686
0.0016850437
0.0011965021
0.9898825
0.9284677
0.011783244
0.0005253249
0.97037584
0.86710787
0.99506664
0.99397546
0.41044185
0.41210538
0.0015027276
0.0014496765
0.40519112
0.0028802166
0.0017897264
0.8683579
0.9589202
0.99988806
0.0008826345
0.40945977
0.9658067
0.0040659956
0.41230333
0.0018214224
0.0014371249
0.004708542
0.9778643
0.64051145
0.9978886
0.9900675
0.0006110668
0.99717987
0.0037155908
0.98979586
0.0016415876
0.00083504413
0.0014636946
0.89585644
0.9561726
0.8831347
0.0010765688
0.9702349
0.0011384094
0.0013197435
0.10120791
0.99715483
0.4120994
0.002851746
0.9948709
0.002227173
0.83110213
0.0013416435
0.98361224
0.0010058196
0.0015452603
0.41396958
0.00015509457
0.0031510408
0.98518765
0.9313407
0.41024002
0.00093561265
0.006697249
0.40475622
0.99240655
0.0029127584
0.0025448462
0.9816328
0.9892709
0.9931238
0.31270418
0.92224705
0.96069133
0.0015357243
0.5965578
0.49543312
0.0009493587
0.0019144671
0.0018855634
0.41414982
0.0037904542
0.48745856
0.0020538932
0.0029044957
0.0031268576
0.98525596
0.00066230027
0.0011708038
0.29132462
0.0035047373
0.0019768989
0.9968919
0.9114668
0.9690262
0.40618378
0.41952464
0.00077445613
0.9451251
0.0014233508
0.9814057
0.99274254
0.9468489
0.0032822546
0.005005126
0.41220576
0.9911753
0.011994562
0.003768513
0.0017157666
0.99140644
0.9939738
0.98881674
0.99085677
0.9974841
0.0038135047
0.9901079
0.0034586755
0.0008352172
0.40665856
0.41164824
0.9886685
0.00015221014
0.41277003
0.41431698
0.00080186466
0.19880679
0.0010218224
0.0011572163
0.003015963
0.9969168
0.00039094884
0.0015763412
0.0025747702
0.9742854
0.9110534
0.009370716
0.41227293
0.0027269
0.9707022
0.41643348
0.41533527
0.4096319
0.4959104
0.40543556
0.9697418
0.9971956
0.003842075
0.0010579656
0.0016231069
0.0012417359
0.9918662
0.91083556
0.94413656
0.001097791
0.4173444
0.074771
0.41225907
0.39091328
0.9925605
0.00079147954
0.6941932
0.09315821
0.002099936
0.0019366707
0.98123103
0.87794644
0.999605
0.99461305
0.9884072
0.001133981
0.9973328
0.9900445
0.47415993
0.0029261822
0.0011541382
0.0008361648
0.42983365
0.9920127
0.40755334
0.4932624
0.0006883555
0.004292883
0.63138723
0.42147675
0.44421124
0.0012543316
0.9789109
0.94565576
0.99478275
0.99627966
0.011102008
0.0023796095
0.99574184
0.97102207
0.40679634
0.95890176
0.002012767
0.37826288
0.60170215
0.99813795
0.50316083
0.00132094
0.9779162
0.0041120495
0.48394725
0.9707637
0.0018764534
0.97245973
0.41468912
0.0009941042
0.7506737
0.9842093
0.9803656
0.0018862968
0.54671377
0.0033344354
0.99419594
0.0010478871
0.0034518451
0.52761704
0.9937224
0.9935435
0.9903724
0.0006632228
0.004265301
0.0013593613
0.9759706
0.0028556786
0.0014253183
0.009070535
0.0015972493
0.0007290599
0.9923154
0.51925385
0.0015197905
0.0034518924
0.41155878
0.87317085
0.57509696
0.0006527176
0.9722295
0.99672085
0.5056287
0.41142216
0.99801385
0.99069923
0.0013460513
0.0010677986
0.00087979314
0.00097600947
0.9867329
0.40255985
0.9824709
0.7114136
0.67496425
0.94441
0.9979625
0.98714995
0.90143013
0.002463485
0.99119335
0.40617102
0.94063866
0.0023303486
0.0020619722
0.5207603
0.9947278
0.5776329
0.0011677782
0.9684902
0.00068278034
0.0008997447
0.0011985268
0.4098879
0.89022964
0.002937945
0.002899476
0.40554225
0.4128914
0.0012164743
0.9962076
0.0020313824
0.0025901343
0.0005475523
0.99023294
0.6895068
0.0016206831
0.0035686826
0.9804608
0.9243705
0.804942
0.007613954
0.0035383904
0.92452836
0.95365536
0.3900992
0.0019678045
0.9960765
0.58842885
0.0038638776
0.0014509949
0.032296073
0.41135004
0.9447785
0.9246023
0.0014126025
0.004209543
0.0009774608
0.004352903
0.91961265
0.99281913
0.39923412
0.4287052
0.40768674
0.99642247
0.97757906
0.973609
0.41421515
0.90287614
0.4139373
0.911906
0.99785346
0.0034807734
0.0011926356
0.9652965
0.0034730711
0.9985586
0.0014082635
0.0027437194
0.40621364
0.0015176791
0.002264472
0.8414398
0.99883825
0.99601716
0.4053607
0.0039632358
0.006562732
0.002782949
0.9872164
0.4011111
0.07920664
0.0013253221
0.0012942207
0.99698573
0.52634746
0.86205083
0.4055707
0.0031534291
0.0023376634
0.0033083807
0.97962004
0.9969349
0.00015706172
0.9879921
0.97616893
0.40092814
0.99842864
0.9843052
0.39582163
0.87320954
0.00053462456
0.411152
0.004935767
0.98133916
0.61668795
0.0021023124
0.0015407938
0.9274183
0.99287945
0.0042212866
0.64003515
0.0016274754
0.99521
0.9959117
0.46705195
0.0029660321
0.00044677337
0.403746
0.0011228459
0.9943849
0.572117
0.0019754318
0.9691001
0.91462076
0.005283957
0.9958995
0.0021271645
0.00093432405
0.4074991
0.41347626
0.93094647
0.0010409971
0.00429998
0.0013376437
0.9965636
0.9759354
0.4121323
0.47263566
0.8338228
0.99930143
0.96364754
0.41145852
0.41537535
0.9693355
0.0010669322
0.0022429822
0.4826507
0.41040924
0.99556893
0.000590566
0.002763004
0.9469496
0.9927899
0.0025329515
0.41053435
0.002280798
0.34219053
0.0010655061
0.87314427
0.002346117
0.9958222
0.40794638
0.41447222
0.57999265
0.031421907
0.0042324555
0.0017230207
0.6272901
0.5581601
0.00014721318
0.98472
0.9947633
0.8082037
0.41333625
0.0037576319
0.95692974
0.0025812245
0.9795155
0.41628945
0.04387218
0.37652725
0.0031616825
0.0034033968
0.0015539874
0.40271413
0.0024346542
0.5319614
0.42209047
0.99704534
0.41437125
0.9282285
0.40592334
0.0013642346
0.0044282414
0.0018339753
0.0011996855
0.9894391
0.004105503
0.002537338
0.41374218
0.9747984
0.9842519
0.41346142
0.0009726033
0.0020798035
0.0013642508
0.9788873
0.0050859693
0.99775404
0.42451972
0.40668648
0.9919373
0.0011766471
0.9223642
0.99389327
0.0016821424
0.93324316
0.9412122
0.0010888578
0.4937904
0.0008594405
0.98175037
0.97476375
0.9987826
0.9367732
0.9898593
0.01132936
0.002265875
0.0012688253
0.0020783818
0.0022866728
0.9430023
0.46636438
0.0011260026
0.81664073
0.00083750876
0.9867779
0.0066530993
0.0024698374
0.0018760427
0.37059063
0.55468136
0.0016380972
0.004066776
0.0010032271
0.9878582
0.0023978986
0.9957201
0.99536574
0.92120177
0.002094548
0.53574646
0.0036513903
0.41873643
0.40807605
0.0033371605
0.5669723
0.0020940497
0.5907277
0.0015147633
0.9368351
0.26952693
0.0018477549
0.0007543845
0.0018372551
0.94903624
0.9852445
0.98848766
0.40389335
0.0026002985
0.8117399
0.45785287
0.9906816
0.00097457203
0.83924985
0.6426092
0.4139671
0.0027079554
0.40659648
0.98466325
0.9924287
0.00393326
0.996347
0.98123163
0.0019327925
0.0038165783
0.0014718727
0.9953243
0.008895831
0.5956453
0.99313664
0.0012976106
0.0030379754
0.0020850385
0.008015989
0.55359626
0.9388039
0.9856192
0.9296494
0.4263079
0.5750206
0.0007351492
0.9822035
0.9265387
0.9964818
0.0020470154
0.0016326685
0.4143709
0.0006501733
0.9843523
0.63099897
0.00018673466
0.8836633
0.0023799718
0.0028843363
0.9916447
0.41022447
0.51843494
0.98224336
0.002243664
0.778317
0.79207224
0.98130345
0.1369065
0.005289351
0.9927983
0.9438451
0.5277582
0.0034313155
0.7307139
0.99443865
0.9296914
0.99634117
0.959073
0.98702335
0.98759973
0.05348706
0.0073855747
0.82789403
0.0005666858
0.0033882277
0.0069724075
0.0005526946
0.0017891303
0.0014091287
0.9867011
0.38086984
0.41859162
0.518211
0.9886469
0.0076232557
0.0013553553
0.99834967
0.0010711285
0.98915696
0.99407744
0.55563366
0.45129916
0.9292918
0.0014656214
0.0040455926
0.99762505
0.4111143
0.0011770189
0.9808609
0.0022019134
0.5115877
0.0016524256
0.0015249671
0.76143503
0.005140345
0.0020836003
0.0009794091
0.003242468
0.4130485
0.0020711669
0.001661246
0.84861046
0.9928169
0.40522656
0.0012456403
0.9846891
0.0013550486
0.0036167249
0.97477347
0.53124005
0.0018615571
0.5368738
0.4092028
0.99046624
0.0013039117
0.9780538
0.14457701
0.0021358503
0.40778702
0.005256691
0.41685262
0.0006692628
0.0007475715
0.0024293337
0.83853936
0.46180254
0.0014038406
0.9532535
0.010098382
0.0008414356
0.4110007
0.0033830483
0.9644733
0.5574857
0.57935995
0.0025686387
0.0031380667
0.00145553
0.90188825
0.003076459
0.9880555
0.0013681118
0.004597626
0.57773066
0.002819348
0.0026214584
0.9833481
0.99541616
0.38657737
0.9856878
0.0010219149
0.0011045418
0.899152
0.70944846
0.79427797
0.002893982
0.9940434
0.99676645
0.5192551
0.99585235
0.00072512
0.99350536
0.9069798
0.98229593
0.0039513516
0.0006873322
0.00248241
0.40246177
0.0024076367
0.9953629
0.0015213346
0.99500364
0.40895477
0.7841044
0.9970734
0.002198809
0.0025863883
0.00195778
0.42350706
0.9448481
0.9363111
0.99808335
0.60470563
0.5972628
0.7913733
0.002867888
0.41310403
0.7068351
0.7687665
0.004488476
0.9569207
0.9621595
0.99969256
0.9934301
0.004753749
0.0030909863
0.9708081
0.9955863
0.0011037829
0.46232954
0.39268973
0.99653316
0.0021319746
0.0044147554
0.9872622
0.9492502
0.3872753
0.8856959
0.85402703
0.0017918609
0.0018597967
0.051504016
0.98727524
0.99893945
0.41066825
0.9971928
0.5262342
0.9861232
0.9954444
0.9181138
0.0024167695
0.0020125879
0.98111904
0.0012466967
0.002627332
0.0013538282
0.995199
0.0051952326
0.0014557954
0.0017421999
0.41534543
0.9954841
0.3910932
0.7991686
0.0021520117
0.5532111
0.0021891803
0.41442218
0.6530367
0.0014975736
0.00053425576
0.0016656433
0.36837825
0.41288581
0.9336881
0.00218049
0.98133886
0.40692773
0.0014817188
0.008122642
0.15447348
0.56224835
0.41006336
0.625006
0.00073973084
0.40418422
0.0029240989
0.6465461
0.4085493
0.24323136
0.4191539
0.41129112
0.99239796
0.00070099294
0.98908323
0.9859389
0.9203837
0.8584264
0.0052602557
0.98582876
0.99361223
0.4190428
0.004106213
0.99299216
0.45650953
0.9831397
0.42452985
0.0017422355
0.5282407
0.99058306
0.41276416
0.9801165
0.0009977302
0.0011333947
0.004179175
0.2726764
0.9953343
0.52085024
0.41759366
0.5706259
0.9724796
0.0063390927
0.9967963
0.98549867
0.8945904
0.94142216
0.94076186
0.41463557
0.0043083383
0.992385
0.4117434
0.9928033
0.41696522
0.99637705
0.51901793
0.72855216
0.99404067
0.018672941
0.5349748
0.9996971
0.0034324133
0.98888063
0.0012657716
0.001386627
0.0009552103
0.0011021002
0.40924302
0.0006875195
0.5609855
0.5068925
0.98798984
0.0034496672
0.92751575
0.7666846
0.0028150813
0.0028648488
0.97895205
0.99148446
0.41393963
0.9103701
0.9849582
0.9950736
0.0020978125
0.99209595
0.0032949348
0.9638218
0.0031333014
0.0025516902
0.4100598
0.98481846
0.0028336006
0.99613535
0.40243974
0.98722374
0.4144337
0.0015161019
0.9366826
0.9900922
0.006666038
0.99828666
0.99542964
0.002443065
0.9218449
0.0010495436
0.0018257761
0.40953225
0.41047397
0.760003
0.3087999
0.5612757
0.50611305
0.95743096
0.4105575
0.5971598
0.0014458589
0.84058046
0.409518
0.40434304
0.0009492026
0.0006535959
0.99994195
0.4083208
0.4741806
0.0012645351
0.9819709
0.4790328
0.0006044394
0.9938373
0.0018941143
0.4041401
0.8370962
0.013804196
0.0030463068
0.97327733
0.98846567
0.39894974
0.15799446
0.59350985
0.002171965
0.39801815
0.99440825
0.40539134
0.41129217
0.01102178
0.0026047137
0.40539733
0.40713698
0.4085604
0.8897672
0.9853565
0.9516492
0.0010601045
0.40777555
0.9420653
0.000905742
0.0014256455
0.5814825
0.002353525
0.9917143
0.99783367
0.99448746
0.9859839
0.0019983791
0.0008472831
0.68083936
0.9942
0.98159367
0.9143821
0.54312944
0.40717453
0.9982792
0.0006832201
0.9740326
0.99029255
0.0031699273
0.0034197094
0.0011522998
0.003046136
0.9891896
0.9464326
0.82121015
7.556619e-05
0.9883823
0.0004706669
0.5558502
0.0019076122
0.98908186
0.992334
0.8409564
0.98091424
0.9571952
0.0017194033
0.40362865
0.0016160128
0.96930164
0.8491896
0.48351607
0.001444253
0.9953702
0.9963367
0.5973715
0.0008499127
0.98778176
0.00090484065
0.849655
0.97921675
0.9904179
0.0020257353
0.40800583
0.98469895
0.0019260305
0.0010184369
0.0043817083
0.99404645
0.0016336326
0.49163398
0.9738974
0.71576226
0.003344709
0.0026207054
0.99529123
0.9971439
0.0041424553
0.99401903
0.47108632
0.0009811103
0.004869307
0.006713322
0.0030080103
0.9963787
0.4045289
0.0031986695
0.868594
0.94545764
0.0033018165
0.020474933
0.9934529
0.0053819865
0.9025047
0.00095787377
0.0036939671
0.00082238007
0.00086437183
0.9252549
0.0015259469
0.0008950206
0.982787
0.008211876
0.0022323222
0.5550475
0.07465189
0.0006642671
0.0014071754
0.39920127
0.40450522
0.9889365
0.98281187
0.9873883
0.0007415709
0.8425653
0.002699594
0.98180056
0.0033059823
0.9968046
0.9594767
0.983479
0.949988
0.0014991752
0.0018189352
0.40432918
0.8249591
0.4146843
0.55662024
0.38305035
0.3766472
0.4109171
0.77714497
0.5822274
0.4107856
0.6607561
0.8809826
0.99676067
0.52710927
0.86177963
0.0006115699
0.0011054155
0.9121312
0.0128921345
0.0008082816
0.0042695072
0.0017121418
0.7876422
0.8495815
0.9980544
0.9851723
0.00042759272
0.99847764
0.0008134166
0.0027392611
0.019433362
0.94492483
0.0009197141
0.001577206
0.4064835
0.9823429
0.022037325
0.40688327
0.0011783111
0.004076568
0.0014815262
0.005275545
0.0020163215
0.99051404
0.00042817392
0.9367315
0.003827633
0.41450083
0.0022289485
0.980101
0.22639956
0.0029084506
0.0014938142
0.99527526
0.9755668
0.002863762
0.00268717
0.0032301762
0.4172545
0.94491035
0.9978544
0.0030061274
0.995948
0.8167891
0.97691286
0.0010296823
0.99379694
0.0023213034
0.0019259655
0.49410552
0.98099434
0.0010299982
0.41536832
0.94764304
0.0023614361
0.000702939
0.0019675526
0.00474866
0.9978371
0.94943655
0.0012492685
0.39996177
0.99582267
0.001606873
0.45238042
0.9894079
0.002371965
0.0010708394
0.9956066
0.002637656
0.0023409263
0.97012806
0.41667604
0.9979467
0.0016907371
0.0017337499
0.00095703173
0.0012050082
0.0048219697
0.9891228
0.4031593
0.0011373082
0.40761775
0.9886369
0.6359827
0.8512343
0.49409455
0.00020035895
0.0013479231
0.99645835
0.0044680596
0.39480576
0.0009213182
0.41200626
0.988186
0.40965372
0.0035963098
0.9951944
0.41628042
0.0006226452
0.3965839
0.97497344
0.8580288
0.0025782087
0.90574175
0.0015264861
0.40673932
0.468172
0.9798335
0.003343328
0.5688438
0.9840789
0.0014752946
0.0051718657
0.9804741
0.0004269433
0.99708503
0.0015226969
0.93458503
0.41729933
0.0017263185
0.98004854
0.0005865113
0.0021930127
0.48270878
0.9781295
0.0012035617
0.014231347
0.9953602
0.54682696
0.9684326
0.98014885
0.5234039
0.9499055
0.5683419
0.001181229
0.9766508
0.0019157167
0.3968498
0.0014899592
0.0040880754
0.9724955
0.0013921711
0.97966844
0.53551036
0.0023166277
0.001751346
0.0013183746
0.0006616281
0.9829454
0.011003644
0.9871011
0.0006904868
0.4098988
0.5455973
0.97769576
0.9883582
0.85678506
0.0023302021
0.8055587
0.0007981742
0.004957494
0.0014217184
0.0073283156
0.0013500198
0.99729127
0.40546885
0.41583303
0.00377359
0.3790976
0.9484134
0.9975454
0.9776719
0.9703879
0.9257531
0.63565505
0.9059289
0.9909053
0.0011587942
0.8777324
0.572528
0.0012363531
0.42265517
0.9925296
0.0026273269
0.9567258
0.0030891912
0.5440865
0.99101233
0.9946214
0.57612973
0.5875806
0.98136204
0.0033968932
0.0007592512
0.0011874422
0.0016914416
0.39550585
0.002809612
0.001193351
0.99321496
0.9630669
0.8320328
0.41848898
0.3843405
0.017492888
0.4099479
0.3941407
0.41857496
0.0006538732
0.93824357
0.006086083
0.98556143
0.0014650911
0.28634655
0.9968528
0.9869472
0.61120087
0.001309456
0.8948971
0.0013582568
0.56198657
0.0016028435
0.0009279462
0.0024468808
0.41119576
0.969464
0.0010293322
0.00051178085
0.5208092
0.9972439
0.5806998
0.0019146694
0.97290015
0.86855406
0.93740106
0.002444447
0.0036150014
0.9954976
0.0072116856
0.0038756875
0.41311234
0.51812327
0.5221603
0.41415268
0.0014014962
0.97675836
0.5074574
0.0011874009
0.52998513
0.40959603
0.0063006137
0.0037297353
0.9964736
0.9741434
0.0004370579
0.0013498913
0.0032501316
0.80625
0.0023856529
0.8865901
0.4141885
0.5698024
0.0027750796
0.0009425469
0.9889846
0.99096453
0.9944132
0.58971155
0.23697586
0.9878929
0.0020707243
0.0036778885
0.0021289173
0.987882