0.5225122
0.9999231
0.4057148
0.51443386
0.40302444
8.299039e-05
0.00031435405
0.9998938
0.4030417
0.73940045
0.0008003593
0.0005292963
0.00038550847
0.40318713
0.99809927
0.00078157947
0.00041459862
0.99993515
0.0044499086
0.4625389
0.8666599
0.0002753831
0.4039222
0.0011603428
0.00072164874
0.0073262975
0.41498968
0.93358606
0.40182638
0.99932253
0.00017935362
0.40154544
0.589908
0.40214586
0.4058316
0.40075278
0.5254217
0.9968015
0.99997246
0.9997011
0.00044477914
0.5144479
0.00020711229
0.40500513
0.00029402974
0.00085838314
0.5511988
0.952919
0.00064112607
0.9996716
0.9998271
0.0011385146
0.98463714
0.9998424
0.40901726
0.00044070097
0.5200228
0.0034861662
0.0010028501
0.0011623667
0.5595648
0.99233454
0.5118261
0.40461737
0.81694365
0.7209244
0.52876437
0.003297468
0.678628
0.52985805
0.99741733
0.00034961704
0.83890593
0.17042972
0.012265751
0.0013187948
0.00063427835
0.5269255
0.40369707
0.39809608
0.0015145094
0.00016537879
0.40287343
0.99699724
0.9986726
0.0005555787
0.5601227
0.98820424
0.9959478
0.9892201
0.00030957785
0.0002220212
0.9988319
0.99304646
0.0020333717
0.0019618557
0.98750955
0.95205826
0.9999802
0.99945337
0.40493333
0.40503782
8.923864e-05
0.0001951677
0.4013065
0.00039376813
0.0009815758
0.9942105
0.995983
0.9999726
0.0008614516
0.4048809
0.99854326
0.0005295206
0.40319398
0.002757672
0.0003126856
0.002830183
0.9995419
0.5978742
0.9999981
0.9999348
0.0012736686
0.99999094
0.0015705663
0.9989491
0.0004336997
0.00037064884
0.00032069246
0.9410396
0.9992487
0.96005464
0.0014590041
0.9886148
0.001359481
0.00057314226
0.44878295
0.99991524
0.40259856
0.00022174005
0.99957544
0.00016337432
0.99577564
0.00027902785
0.9940069
0.0021866227
0.00035670563
0.40950727
0.0019456919
0.0017346242
0.99671566
0.9907419
0.4042317
0.0008984314
0.003265012
0.40075138
0.9999356
0.0007846974
0.0007026423
0.9357591
0.9994382
0.9996531
0.5665911
0.9853233
0.99972004
0.00036650535
0.5309805
0.5314848
0.00020865834
0.002059361
0.00057786587
0.40513253
0.0016923371
0.52133924
0.00045354094
0.00019185689
0.00019967183
0.9970042
0.0006337711
0.0007502056
0.21032481
0.001205867
0.0005566738
0.9997497
0.94614714
0.99318355
0.40114307
0.40454006
0.0013128445
0.9995641
0.00024087401
0.9999951
0.9992453
0.9999614
0.0030772767
0.00071979046
0.40408024
0.99656516
0.0060998225
0.0006056755
0.0034213818
0.99997497
0.9993048
0.9985556
0.99157614
0.9999751
0.0012851242
0.99980134
0.0044147028
0.0011831608
0.3989116
0.40257823
0.99908507
0.00031116477
0.4039758
0.40536493
0.0003882974
0.34421095
0.00024274031
0.00046258175
0.016636472
0.9999467
0.00040502017
0.00021223535
0.000450918
0.9985719
0.9958248
0.005357319
0.40467232
0.0006986324
0.99301857
0.40249845
0.52277565
0.40363017
0.51773965
0.3917916
0.9987429
0.99989593
0.00019794097
0.00024173126
0.0019065839
0.00025215163
0.99539196
0.95971
0.913311
0.00053125847
0.40377942
0.03610361
0.40340987
0.52802664
0.9999808
0.00014938205
0.72260046
0.0020283717
0.00019259389
0.00013462474
0.97652787
0.9987539
0.9999238
0.9979609
0.9999895
0.00035500567
0.9996326
0.9821812
0.59109044
0.0011517912
0.00027049103
0.00062032294
0.6225624
0.9994604
0.40397945
0.7944934
0.001098951
0.0005111412
0.5805582
0.512105
0.5171493
0.00013823959
0.9971425
0.98147744
0.9999864
0.99977106
0.0064483588
0.0001894553
0.9995629
0.9984281
0.40040076
0.99973744
0.00032467223
0.39861846
0.9581221
0.9977769
0.5317509
0.0003664863
0.9955101
0.0032491232
0.53640646
0.996326
0.00036190508
0.9998299
0.4021668
0.0004997815
0.851457
0.9960084
0.9985832
0.0017227165
0.49083227
0.0046432144
0.9997451
0.002170961
0.00044297264
0.7666596
0.99975294
0.97921354
0.9993356
0.0002742407
0.001243965
0.0014647626
0.99468863
0.00031182406
0.00054902607
0.0017829702
0.0004409504
6.5569475e-05
0.9998956
0.55400807
0.0013646354
0.000306411
0.4033392
0.9975828
0.71422327
0.00025302824
0.99994314
0.9995633
0.7721564
0.40373915
0.999571
0.9998876
0.0014145789
0.00028457167
0.00021392037
0.0006159604
0.9948474
0.40653023
0.9982445
0.9561496
0.6169306
0.964971
0.9991291
0.99837875
0.9880074
0.0017592106
0.9991479
0.4081826
0.98568547
0.00290947
0.0011060444
0.530249
0.9995115
0.8222107
0.0005422222
0.99799985
0.0010461255
0.00061298243
0.0010142786
0.40470636
0.8298132
0.00033767684
0.00065384485
0.40364707
0.40127861
0.00063379074
0.99973315
0.0003592385
0.0007204071
0.00045747988
0.9973053
0.865773
0.0009005998
0.004478939
0.9998821
0.97098035
0.93387264
0.00049958884
0.00971971
0.9874635
0.99714273
0.40694293
0.004200795
0.9912636
0.54164237
0.00094318646
0.0002544071
0.97894055
0.40224287
0.99173146
0.99481803
0.00024523967
0.0005601336
0.00026038545
0.00034015
0.9904784
0.99797624
0.40766394
0.4778594
0.40214625
0.9997986
0.9984231
0.9987496
0.4028999
0.99842
0.4046453
0.9841924
0.9998337
0.00081498077
0.0002961352
0.94808257
0.0006115792
0.99985707
0.00088163215
0.0005642144
0.4028185
0.0011388157
0.00015830302
0.9918001
0.99999964
0.99892575
0.41132927
0.00040039062
0.0019690439
0.00053601345
0.99165064
0.39976674
0.523841
0.0031924786
0.00043212823
0.9999068
0.5141622
0.9556276
0.39951116
0.00063546404
0.002829977
0.00015116499
0.99305433
0.9999664
0.00015932291
0.9953425
0.99892884
0.40341696
0.99948597
0.98128074
0.4040687
0.9222923
6.640291e-05
0.8294336
0.00057845964
0.99850595
0.67876655
0.00039296882
0.00022300582
0.99612
0.9999132
0.00082347286
0.98094225
0.0003715067
0.9999019
0.9882274
0.5865951
0.00020931174
0.0001059088
0.40387142
0.00041653082
0.99984765
0.54646885
0.000579754
0.9639224
0.9944852
0.0012965599
0.99955004
0.0009738086
0.0005565812
0.40202144
0.40251255
0.9998951
0.0010543173
0.00049224874
0.0006263225
0.9993241
0.9981066
0.402566
0.486552
0.90233785
0.9999865
0.9972868
0.4042511
0.39938048
0.9983115
0.0025049138
0.0005771341
0.5098524
0.40220076
0.9987178
0.00027189398
0.00012659366
0.97386664
0.99700314
0.002339508
0.39774823
0.00024545746
0.94718236
0.0012106149
0.90052253
0.00011612346
0.99987996
0.40181962
0.40437305
0.5272747
0.9678266
0.00054503477
0.0009790522
0.5642761
0.65614396
0.00025953757
0.9996086
0.99999785
0.86256015
0.40435952
0.0004467787
0.9941829
0.0029470844
0.9944419
0.40668485
0.0019712802
0.4088728
0.00030165882
0.0012018553
0.00025560523
0.40436712
0.00018198843
0.52078176
0.40294454
0.9989773
0.4023207
0.9976337
0.39846525
0.0019017173
0.0005935698
0.0010070758
0.00060243305
0.99906904
0.00099848
0.006680246
0.40310273
0.999948
0.99842405
0.40267748
0.0005725785
0.00075268076
0.00080780603
0.9985422
0.0007729484
0.9995127
0.5104559
0.4008835
0.99907327
0.00018607276
0.979536
0.99989605
0.00034577594
0.99941254
0.93688565
0.00016063922
0.5098799
0.00060485234
0.999178
0.99899644
0.99889576
0.81038916
0.9924833
0.006430686
0.00013208731
0.000614744
0.0017246174
0.005003248
0.99872106
0.84226125
0.00016641348
0.6821483
0.0010747388
0.9999883
0.0042863498
0.00020721619
0.020128803
0.61675
0.50641197
0.00010213006
0.00077318965
0.0003410012
0.9967878
0.0014935468
0.9999783
0.99991095
0.9783199
0.00014702773
0.8755567
0.00014612247
0.39899743
0.40520385
0.00041505793
0.62977546
0.0031602446
0.6227312
0.0013155374
0.99960595
0.57063186
0.00015556824
0.0029689174
0.0009855602
0.9991591
0.9965772
0.9915931
0.40356132
0.0009146729
0.99071103
0.47520012
0.999785
0.00033928434
0.9184633
0.8708264
0.40350333
0.0002231843
0.40274987
0.99999595
0.9988966
0.087003775
0.9999865
0.994936
0.0014530703
0.0025097462
0.00036676452
0.9943197
0.003412654
0.71911746
0.9998217
0.00041564152
0.000660954
0.0004894069
0.0015935913
0.5412332
0.9696936
0.9996747
0.9231994
0.4055429
0.9622404
0.0003194639
0.99959
0.9866528
0.9999883
0.0006859158
0.00034801834
0.4030403
0.00085014995
0.9877094
0.5945772
8.54738e-05
0.9835791
0.0013361978
0.0016626859
0.99949837
0.40747216
0.5116888
0.99983454
0.00080573966
0.9280573
0.758688
0.99634546
0.2336006
0.0011763211
0.9991622
0.99467576
0.83393216
0.0017364797
0.8890009
0.9993387
0.94242895
0.9985862
0.96030843
0.9944669
0.9891292
0.00047008402
0.0007258339
0.95349795
0.00021328576
0.0028697595
0.012052779
0.00024430035
0.0002569018
0.0019462346
0.9985215
0.7377388
0.4048377
0.5290531
0.9999428
0.0037094885
0.0027155124
0.99927586
0.00018950933
0.9972253
0.99999416
0.54337233
0.48366374
0.9887938
0.00025741523
0.0037161997
0.99992
0.40313807
0.00021468336
0.9993599
0.00026530694
0.5144687
0.00018907092
0.00023783883
0.78463393
0.0022655204
0.00017836787
0.0004384646
0.00062685553
0.40293506
0.00017914597
0.00095459167
0.96450037
0.99562114
0.40013188
0.002428629
0.953552
0.00023168663
0.00036807152
0.999962
0.5242335
0.0011410748
0.5065476
0.40329364
0.99993825
0.00019094531
0.9992093
0.491395
0.0014029712
0.40423808
0.00079688407
0.4036664
0.0018294966
0.000100706995
0.00020118499
0.8573304
0.47257408
0.00038779396
0.99496883
0.0024763625
0.00038014972
0.40299514
0.0009271535
0.9892287
0.51766807
0.9238386
0.00024156216
0.0010793426
0.0005789252
0.9677587
0.00022378689
0.99108446
0.0005164145
0.036935262
0.5400804
0.00015169158
0.00038362335
0.99944943
0.9999045
0.40558815
0.99879164
0.001333812
0.00076259614
0.99971956
0.8177397
0.6534811
0.00027192198
0.998497
0.9999881
0.5137319
0.99984634
0.0011149097
0.99926895
0.98235244
0.999102
0.0012786861
0.05402647
0.0016190431
0.408316
0.00032047756
0.99994385
0.0002895951
0.9999821
0.40269384
0.9692635
0.99960524
0.00016083848
0.00047660677
0.00029613663
0.6636669
0.9992016
0.9757638
0.9997608
0.6657744
0.5268908
0.9467021
0.00075583835
0.40001217
0.6438124
0.85613304
0.00014048495
0.99871266
0.9831768
0.9998647
0.9968143
0.0005342889
0.0011170907
0.98022723
0.9996685
0.00024923086
0.5194725
0.40472996
0.99962425
0.0010568086
0.00070199446
0.9984426
0.89703465
0.5694424
0.990158
0.9798376
0.0015902179
0.00010535078
0.0017197201
0.99974126
0.99990475
0.33182856
0.9999795
0.5125291
0.99735355
0.9998252
0.9996488
0.00036583093
0.0018518533
0.999076
0.002355017
0.0027483907
0.00039214664
0.9997892
0.0010580512
0.00033182988
0.0009908916
0.40348744
0.9998079
0.40417287
0.7778829
0.002122556
0.5156528
0.0022893765
0.41015115
8.314755e-05
0.00060415204
0.00020180247
0.0002136067
0.5433521
0.40236506
0.9581454
0.00078459235
0.9992698
0.40507558
0.0015514503
0.003795258
0.1642059
0.51381123
0.40344056
0.6881279
0.00047100286
0.40000397
0.00094211276
0.91983235
0.4052246
0.48523584
0.40339047
0.40276867
0.9998957
0.00024383518
0.99899024
0.9916169
0.9541314
0.77482134
0.0009648385
0.9998429
0.99867225
0.82606995
0.00028222613
0.99106324
0.44014484
0.9994299
0.5173346
0.00070933165
0.51163113
0.99907255
0.40318444
0.99937445
0.00019958311
0.0009926108
0.002581524
0.5047584
0.99989665
0.5135554
0.4034831
0.57488185
0.99823797
0.0032468925
0.9999784
0.9997644
0.94970906
0.96789664
0.95987856
0.40379277
0.00039737087
0.999046
0.40194756
0.9989078
0.40275192
0.999838
0.53458035
0.90933853
0.9999862
0.0053538186
0.5298007
0.9999826
0.00032495623
0.9989164
0.00013588103
0.00036703958
0.0016517617
0.00046406704
0.40467826
0.0005461989
0.5355336
0.5056463
0.9989096
0.00039103976
0.96130234
0.80284345
0.00047855108
0.00022334671
0.99825865
0.9993291
0.40337405
0.99328315
0.99908304
0.99027854
0.0009891895
0.9993662
0.00021693297
0.9970697
0.0013912612
0.0002793254
0.40449086
0.9942484
0.000792387
0.9999807
0.3986679
0.997823
0.4016111
0.0013337554
0.908243
0.99954563
0.0012252424
0.99957055
0.9922201
0.0004970062
0.97297895
0.0004056577
0.00089597073
0.40434104
0.40474188
0.82160664
0.52034783
0.52911335
0.5166221
0.987417
0.40122125
0.51900846
0.00021133837
0.99528164
0.40512103
0.39879963
0.00051140535
0.0003077472
0.9999987
0.40376216
0.5209561
0.00040548702
0.99656624
0.54741204
0.00016628247
0.99678755
0.0005755611
0.40187916
0.9933903
0.0021083169
0.00017268349
0.99159485
0.9993679
0.4036923
0.2440624
0.86123985
0.0008144703
0.40401322
0.99969125
0.40447858
0.40251797
0.005823567
0.0033572803
0.3964129
0.40427566
0.40291592
0.998752
0.999236
0.94829327
0.0016198903
0.40317884
0.99459004
0.00030125014
0.0015587171
0.9477371
0.00041403322
0.9961344
0.999913
0.99991274
0.9996946
0.0005443419
0.00037653738
0.98453486
0.99986684
0.99319905
0.9983882
0.54447925
0.40206185
1.0
0.0013094142
0.9977064
0.9998609
0.00041989598
0.0011023224
0.0002849838
0.0006039206
0.99923396
0.9926086
0.9268538
0.000116870964
0.99999547
0.00084423396
0.52152187
0.00027543926
0.9991161
0.9957189
0.9902976
0.99982953
0.99625766
0.00020130204
0.39999202
0.0007501967
0.9799081
0.9069684
0.51919776
0.0002077107
0.99985266
0.9997297
0.5635327
0.0004810342
0.9996006
0.0006687731
0.9624866
0.9949249
0.99779886
0.00069939386
0.3722516
0.99672675
0.0014724684
0.00045812834
0.0003196153
0.9965379
0.0004014862
0.6363453
0.9907314
0.83886284
0.0037929402
0.0018142168
0.82304597
0.9999751
0.0004953083
0.9998902
0.50678194
0.0001386668
0.00068735605
0.00025093617
0.00048548498
0.99084353
0.40091804
0.001517317
0.98130816
0.9829055
0.00040755447
0.0029791938
0.9961926
0.00043584386
0.9634727
0.00011835843
0.0006018259
0.00022845397
0.00036762247
0.96229476
0.00038775548
0.00013877884
0.9974974
0.00037353946
0.003376436
0.5178801
0.24305727
0.00028755973
0.0005746865
0.4033196
0.40348515
0.99415034
0.976631
0.9924654
0.00028333743
0.91077566
0.0012643948
0.99758387
0.005116367
0.99996257
0.9990938
0.9992231
0.8605191
0.00055670325
0.0007468377
0.4056386
0.9624089
0.40356
0.8685635
0.39402294
0.5545471
0.40335378
0.77462214
0.7418802
0.40457052
0.9760465
0.9401253
0.99995005
0.51895505
0.9986965
0.00046519467
0.00021222461
0.9736442
0.007995922
0.0007691687
0.00043416524
0.00028177875
0.88647985
0.9519045
0.9999963
0.999164
0.00046586074
0.9999981
0.0027431012
0.00020293471
0.00041786215
0.98904115
0.00050782727
0.00034152938
0.40521583
0.9985122
0.0021509614
0.4026659
0.0022138066
0.0021519659
0.001852026
0.0002488239
0.0003618847
0.9993179
0.00052470213
0.99980634
0.00034145222
0.40347394
0.001943951
0.996119
0.5797861
0.00020494769
0.00066742324
0.99935037
0.98656505
0.00053207105
0.00028298944
0.0008596108
0.40574852
0.885327
0.9997918
0.00095092156
0.99140817
0.8596394
0.9961552
0.0002723763
0.9999552
0.0001382098
0.00088983617
0.71839184
0.996403
0.00019358935
0.40362015
0.9906234
0.0002280235
0.0020731762
0.0018181086
0.0003664849
0.9999651
0.9955649
0.0018576398
0.3876822
0.99978215
0.0014040124
0.6052273
0.9995559
0.0008198571
0.0005102129
0.99972636
0.0003452797
0.002333608
0.99932635
0.40394437
0.99993277
0.00023687545
0.00017954012
0.0008947133
0.0003490038
0.015084532
0.9931786
0.39807466
0.00020568827
0.4038197
0.99995434
0.9426366
0.9897674
0.5088418
0.0001248737
0.00034621466
0.996366
0.0003178395
0.402459
0.0010515507
0.39904815
0.9996043
0.4027539
0.0012266828
0.9995308
0.40369517
0.0005846424
0.53101027
0.9801573
0.99987113
0.00063752657
0.9732756
0.00039206346
0.40262434
0.5306497
0.99719465
0.00020876182
0.59773535
0.99361366
0.0003384287
0.0003823743
0.99885345
0.00075386453
0.99983525
0.0008838148
0.7564995
0.40221044
0.0009476732
0.9800961
0.0010160427
0.0007310309
0.4899312
0.9997009
0.00016534995
0.00132086
0.99999595
0.5438512
0.99247783
0.9933462
0.51655394
0.99805534
0.6439397
0.0023674592
0.99997604
0.0004250527
0.40446115
0.0029772199
0.0012965117
0.9963039
0.00034229603
0.9815856
0.5208616
0.00027016396
0.0004982459
0.00072302995
0.00018965683
0.99385756
0.0054327836
0.999514
0.00020471527
0.40245202
0.5188541
0.9998672
0.9979837
0.98386776
0.0008181067
0.980719
0.00022997482
0.00037092844
0.000415654
0.009620295
0.0003601587
0.98831123
0.40145466
0.40394366
0.0008024207
0.50961095
0.994676
0.99825186
0.9930607
0.9865263
0.9991978
0.7052904
0.98534966
0.9888494
0.0010214769
0.96086895
0.6106456
0.00016896245
0.5564478
0.9988722
0.0002138957
0.9960006
0.0012648002
0.5212896
0.9999949
0.99993265
0.5269815
0.5841223
0.9951427
0.00045099776
0.00125646
0.0015610467
0.0022590056
0.40933868
0.0034266294
0.00015138986
0.9997036
0.9994179
0.9756453
0.40281007
0.40471646
0.005200598
0.40332916
0.40407044
0.47445348
0.0001558184
0.989592
0.0007049795
0.99476105
0.0007557199
0.63375425
0.99971825
0.9986999
0.6863626
0.0005358301
0.9836817
0.0005389808
0.62320834
0.00019382486
0.000350872
0.00025369663
0.40429252
0.99966073
0.000175851
0.00021131299
0.51681536
0.99980265
0.5287664
0.00096380676
0.996968
0.69789827
0.98788095
0.00019575308
0.0013320321
0.99963284
0.013853104
0.0005110021
0.40278515
0.46201557
0.5279699
0.4032762
0.000656224
0.9960808
0.56548977
0.0015942098
0.5199711
0.40326348
0.0013988314
0.00020855253
0.9999535
0.99530894
0.00071261334
0.00024615563
0.0025715772
0.99979395
0.008037524
0.9939957
0.40887967
0.61982423
0.00022648339
0.0003581803
0.99899703
0.99949956
0.99660623
0.9287134
0.40140605
0.9998332
0.0016522264
0.00027569832
0.0032178804
0.96650666