0.5087311
0.99984384
0.42503664
0.7916687
0.4250667
0.00925066
0.01769869
0.9999479
0.4247646
0.6223183
0.08863897
0.013024247
0.0055664796
0.4192554
0.99905866
0.0041719773
0.04337332
0.9878611
0.00517735
0.5043489
0.95484906
0.0036917618
0.42540056
0.008570052
0.003398726
0.086108126
0.52803797
0.96934164
0.42422473
0.99883074
0.008014052
0.4173926
0.4777031
0.4347688
0.4170211
0.42143086
0.5619484
0.9818361
0.9998828
0.99694604
0.021560306
0.44734094
0.008483711
0.42437673
0.0067788595
0.007843307
0.57315886
0.9074439
0.0035081364
0.9988819
0.92241085
0.016409697
0.9734788
0.9567527
0.51627654
0.020642987
0.5475677
0.004867912
0.0037044657
0.014177443
0.7135328
0.9985663
0.6747595
0.4228499
0.7180879
0.9173161
0.84127325
0.007950031
0.51592404
0.5547225
0.996384
0.0054023685
0.8492054
0.317976
0.010875463
0.00603519
0.0038944357
0.6209639
0.42159343
0.42178905
0.01102663
0.014400144
0.42496178
0.99924505
0.9983205
0.016218446
0.5836823
0.8842133
0.97726566
0.9945696
0.008211845
0.0064805127
0.9988745
0.9973183
0.015479038
0.022325717
0.99274325
0.9064995
0.99988675
0.9996735
0.42551658
0.42440024
0.005952124
0.0034463415
0.4225597
0.0075994763
0.008057241
0.9872953
0.99221885
0.9795376
0.013492036
0.42445433
0.99810565
0.0083730705
0.42205626
0.008801074
0.0056652003
0.010619033
0.9991285
0.786781
0.9992391
0.999972
0.4077453
0.9999205
0.0035794403
0.99053407
0.0052509895
0.0130992215
0.0035932304
0.9766486
0.99038553
0.9677978
0.013944042
0.9918853
0.015276313
0.008400103
0.66716427
0.9996551
0.42499012
0.007914316
0.9999956
0.0041875774
0.9883257
0.0042660525
0.6075793
0.0051779514
0.0048590056
0.4229722
0.104330525
0.008928752
0.9993123
0.98983675
0.4249165
0.012015126
0.0035908818
0.42170432
0.99917895
0.0030389735
0.004695722
0.9934481
0.9998523
0.9991223
0.27321833
0.99264103
0.98869306
0.0042464095
0.8383608
0.5245115
0.008825192
0.0025293878
0.006952277
0.42559153
0.11190404
0.34440196
0.006075869
0.016775278
0.005625297
0.9777951
0.0055890237
0.005212806
0.27646437
0.003234284
0.012195524
0.99981564
0.9754741
0.99934334
0.4226317
0.4252916
0.008112694
0.97788197
0.0064434237
0.9991036
0.9997644
0.98420507
0.017173601
0.023452599
0.42506927
0.9942215
0.0063680587
0.0056988345
0.04482327
0.88303417
0.99390936
0.9999832
0.9966648
0.99970824
0.02580624
0.99991286
0.006341133
0.02238222
0.42506927
0.42388287
0.9996662
0.011337621
0.42506927
0.42337716
0.013164595
0.231952
0.005230278
0.010744384
0.011869586
0.99976224
0.00375173
0.010930449
0.0055297
0.9997862
0.9919769
0.003364423
0.42296392
0.0034833578
0.99827206
0.42506927
0.41482148
0.42135274
0.5050458
0.4075429
0.997399
0.999951
0.006147163
0.012384553
0.011744351
0.012114103
0.9816636
0.9296512
0.5359778
0.0025907538
0.42508885
0.82901216
0.4246263
0.5072452
0.9998184
0.014265604
0.83526915
0.08068933
0.0052702655
0.0048766695
0.9941227
0.7263651
0.81518376
0.9995247
0.994601
0.0225873
0.99932265
0.979533
0.3997638
0.01356349
0.019485146
0.003487709
0.5207275
0.99841225
0.42431894
0.30791146
0.008835387
0.008546556
0.94568396
0.47967997
0.41530213
0.0073930416
0.9997787
0.99323493
0.99969745
0.99994123
0.010279736
0.004809465
0.9892291
0.9996381
0.4218751
0.9982412
0.0036799037
0.42493007
0.95782965
0.9976023
0.56569856
0.008382831
0.9917699
0.0035509346
0.48937792
0.9903167
0.0406131
0.9921898
0.41568747
0.0055827755
0.8672687
0.99838424
0.9897752
0.00777552
0.5727768
0.016352242
0.9997634
0.0022070494
0.0041205487
0.6896729
0.9995383
0.9830635
0.99960047
0.0043496327
0.008000477
0.006767706
0.99761957
0.003745353
0.005897973
0.011177509
0.004708978
0.008082407
0.9996486
0.52622974
0.019093672
0.015511852
0.42486498
0.9888283
0.6962264
0.021091156
0.9967429
0.9979006
0.50827336
0.42352933
0.9997602
0.9957247
0.007344892
0.017131303
0.012448206
0.0022319632
0.99447757
0.42258173
0.9990324
0.83213764
0.4955545
0.99678
0.99313897
0.9952277
0.870704
0.005741815
0.99969256
0.42194614
0.99148726
0.008599581
0.0027876904
0.52185136
0.9992706
0.666724
0.0074445843
0.9608307
0.023736266
0.0038197215
0.03414925
0.42497325
0.9556853
0.00820239
0.0025045136
0.424926
0.42362583
0.002855247
0.99995124
0.020911574
0.002739309
0.020907255
0.9985537
0.97187966
0.0026579848
0.014469787
0.99991834
0.94701415
0.987668
0.004380527
0.01963391
0.974648
0.9877594
0.41962108
0.0026146064
0.995423
0.63925904
0.012263707
0.0047521633
0.23624706
0.42496213
0.98188156
0.8898683
0.0069315745
0.008863392
0.005525066
0.006385092
0.73842394
0.99708587
0.4220154
0.4571531
0.41312182
0.99339795
0.99914885
0.999658
0.42506927
0.9959227
0.42298102
0.97175974
0.98955256
0.0045755208
0.012769414
0.98657507
0.00397888
0.9999721
0.008262524
0.01421641
0.4232124
0.00253844
0.005154488
0.99588996
0.99995136
0.9995359
0.42452806
0.0038547867
0.010002917
0.012758191
0.99744606
0.42473224
0.2723867
0.013124025
0.00738791
0.9997776
0.47571316
0.89355487
0.42167717
0.004502223
0.012897735
0.013307668
0.98082113
0.9999281
0.011520589
0.9971288
0.9997521
0.42196855
0.99940085
0.8506737
0.42506927
0.964724
0.017674275
0.5409106
0.005899052
0.99969363
0.49978837
0.004490927
0.011166683
0.9985203
0.9999044
0.004513695
0.9901051
0.0096931765
0.9994155
0.986048
0.47951618
0.0045725377
0.012541985
0.42537835
0.022484915
0.99954706
0.6788443
0.0033475442
0.9864001
0.9958812
0.031342097
0.9984182
0.007315787
0.016274255
0.42257023
0.4187871
0.9952584
0.0026337637
0.013815353
0.0086289495
0.999671
0.99411374
0.41934818
0.48740578
0.73600173
0.9930428
0.9966036
0.4187056
0.44134963
0.9744864
0.008901408
0.0071309493
0.5029263
0.42176962
0.9956298
0.02491175
0.0066928985
0.9706796
0.99368554
0.004934479
0.42121142
0.0047602844
0.73380554
0.014363429
0.937202
0.011004526
0.99993634
0.4249814
0.4195576
0.5832117
0.10755548
0.0066594994
0.0077160583
0.8511257
0.7278427
0.0073437616
0.9994931
0.99999046
0.8982383
0.42506927
0.003498782
0.9711784
0.009089576
0.9995136
0.41887167
0.024680564
0.42219958
0.004308866
0.0030099284
0.017804114
0.42461926
0.004573782
0.5892303
0.4254535
0.996897
0.4221662
0.9960114
0.4224336
0.006053283
0.004541261
0.007748795
0.0060259835
0.999798
0.023627741
0.0027199853
0.42323297
0.9812794
0.9928236
0.42523843
0.0042445124
0.40960956
0.017866677
0.9990702
0.0044324603
0.99965465
0.4780008
0.42275798
0.9994784
0.013420632
0.9680798
0.90415555
0.003890391
0.9594403
0.9771733
0.012747841
0.50796705
0.006228732
0.9983942
0.9737854
0.9996141
0.9856414
0.9736211
0.0032367231
0.0051625515
0.01082051
0.00482826
0.011802215
0.9440376
0.71210015
0.011045334
0.7116501
0.015776897
0.99965775
0.0099817095
0.0036336728
0.013396327
0.4904903
0.53430957
0.012415305
0.013169272
0.0063933046
0.95498616
0.0036731877
0.9999273
0.9999795
0.98485523
0.003661817
0.55326897
0.009348331
0.42530558
0.42434138
0.0041438993
0.59233654
0.0071118637
0.6374675
0.0026470704
0.99536276
0.41171014
0.005109544
0.013560332
0.0022611592
0.9949261
0.9979527
0.9854107
0.42051393
0.003293981
0.9381686
0.4514483
0.97863835
0.013155367
0.9774993
0.6639178
0.42506927
0.0051262113
0.42370847
0.99575967
0.99660337
0.02395725
0.9999604
0.99596703
0.037380256
0.014069189
0.008339355
0.9939229
0.015308538
0.5899236
0.9998167
0.005491946
0.0032803158
0.003947585
0.009107043
0.5909776
0.98192376
0.997948
0.93568563
0.4235834
0.905289
0.02193495
0.9983748
0.9157576
0.99981946
0.0034480218
0.008007986
0.42321873
0.0045149527
0.99231577
0.767429
0.012121615
0.99618715
0.006624455
0.0032160946
0.9820586
0.42319095
0.5036996
0.99257255
0.0073947073
0.94816583
0.94367284
0.99615747
0.21784289
0.0028466904
0.99724054
0.9960731
0.531959
0.0050827996
0.9508553
0.99933004
0.95487213
0.9866629
0.907636
0.9997782
0.99305564
0.022916086
0.009844895
0.9825629
0.016731622
0.022626901
0.012118074
0.013237414
0.012538696
0.0063863904
0.9979588
0.5173341
0.4246768
0.5204652
0.9985386
0.008435522
0.0025039266
0.9968125
0.006906415
0.99929583
0.9995338
0.5964244
0.45836163
0.98981994
0.0038801597
0.004587429
0.9994867
0.42477325
0.00845845
0.99769634
0.005136318
0.41197753
0.0057441755
0.00861104
0.9362871
0.0067098704
0.0035010686
0.009345077
0.0064152665
0.42506927
0.003903618
0.008584499
0.9984596
0.99307644
0.42198437
0.009201385
0.97641444
0.00520668
0.008255962
0.99958366
0.7942391
0.0025638638
0.52436215
0.42474705
0.97303784
0.015476233
0.9469865
0.19607805
0.0056957556
0.42384946
0.011927137
0.42455494
0.0036978421
0.009715209
0.009146521
0.9120807
0.47541562
0.004586905
0.9975504
0.0073190914
0.017537534
0.42506927
0.0054742955
0.9940341
0.6662055
0.71073323
0.0040553547
0.017013285
0.017614791
0.9784797
0.0067002126
0.99519795
0.0050364602
0.0057228566
0.7889627
0.007168447
0.0026556877
0.9990491
0.9999664
0.42269105
0.99657047
0.022594033
0.009902429
0.71594566
0.46512213
0.94969785
0.006660859
0.99953794
0.99666166
0.5290407
0.99984956
0.0068432717
0.9987196
0.9949032
0.99972373
0.0048279185
0.027033811
0.0059013846
0.4219904
0.0039059697
0.9998747
0.005999719
0.9974451
0.42506927
0.9585406
0.9996656
0.006684858
0.012195282
0.010616454
0.33523244
0.9983335
0.8833824
0.9998387
0.9724855
0.53778106
0.93819964
0.004867369
0.41859972
0.8826194
0.9281738
0.025018813
0.9950222
0.87433016
0.91090167
0.9811014
0.011545834
0.038453575
0.96835804
0.99983966
0.013476877
0.3532982
0.4223288
0.9998311
0.003458529
0.016642457
0.9985468
0.9173811
0.49107695
0.9983014
0.90855515
0.0035987236
0.004159243
0.048783697
0.99997246
0.99972194
0.41562462
0.9999174
0.58030915
0.9916979
0.9998323
0.59434366
0.008160265
0.010554218
0.99764425
0.008574959
0.024626572
0.020412648
0.81916374
0.0045463922
0.004946188
0.003574155
0.42006814
0.9998598
0.425014
0.74710894
0.020879595
0.60803455
0.0116248
0.42375588
0.83776456
0.0066219135
0.008653451
0.004567204
0.46655
0.42511436
0.8007331
0.0024449076
0.99768746
0.42510676
0.86612236
0.09178854
0.22662525
0.5558287
0.42506927
0.7587019
0.007995135
0.42275035
0.00953914
0.65047354
0.42450735
0.35024264
0.42528108
0.41337073
0.99952567
0.0050913063
0.9994753
0.9973111
0.9773129
0.9668433
0.00613412
0.9999441
0.9992812
0.36945435
0.0037260042
0.99476373
0.1672378
0.9135105
0.3513248
0.0058696023
0.5265532
0.99884593
0.42506927
0.99978
0.0064944755
0.029241774
0.047314722
0.39344472
0.9999298
0.5644783
0.42280343
0.6786068
0.9991371
0.007417018
0.99981326
0.99978656
0.98906577
0.977005
0.88658273
0.42485875
0.004758191
0.9983512
0.42506927
0.99655163
0.42343208
0.99640983
0.5700371
0.6108419
0.99878067
0.042865507
0.76564914
0.9921767
0.008068713
0.99745315
0.013628564
0.0043075383
0.00780713
0.014796956
0.42501414
0.012599486
0.5426879
0.47923747
0.99948263
0.008427481
0.9842839
0.6250666
0.011185454
0.004355865
0.9939633
0.57637167
0.41395605
0.989963
0.99830973
0.988463
0.0022524355
0.9993217
0.01502691
0.9996773
0.012815572
0.0026259767
0.42353326
0.9934237
0.0029341928
0.9999926
0.42203885
0.9932126
0.4230846
0.009030878
0.984202
0.99952686
0.0053186594
0.9928402
0.9364862
0.0043855417
0.93055445
0.01756531
0.00367603
0.42259163
0.42407963
0.6079187
0.38086396
0.62703264
0.5333219
0.84329736
0.42488298
0.6723426
0.01105253
0.9387812
0.4234109
0.4217013
0.0060955742
0.0049846885
0.9206905
0.42506927
0.48771012
0.009135189
0.9983777
0.39630815
0.004796667
0.99690765
0.0036882313
0.42478293
0.672038
0.0032153013
0.007400183
0.99494755
0.9998826
0.42283392
0.3953352
0.64254034
0.0040801237
0.42272204
0.99988484
0.420825
0.42496127
0.0069756797
0.0070184553
0.42277524
0.42339286
0.42506927
0.98555213
0.9991904
0.88976353
0.020467604
0.42419666
0.9956577
0.011792988
0.015583558
0.56903714
0.0030232954
0.99275404
0.99988306
0.9997273
0.9991534
0.003999898
0.0053112456
0.783705
0.99965644
0.99884737
0.9917563
0.59102994
0.4231449
0.9997683
0.018643823
0.9997191
0.99999154
0.0046302876
0.018175285
0.008420077
0.0055505903
0.99863064
0.920464
0.9962107
0.022600044
0.99905926
0.025400428
0.7955116
0.004832569
0.9936179
0.99052775
0.99762136
0.999395
0.9961378
0.0058572837
0.42244476
0.0029658137
0.99192894
0.97611225
0.52922887
0.004078078
0.9994825
0.99984455
0.97528875
0.008399579
0.9956398
0.014912827
0.9258554
0.98813474
0.9994881
0.002562423
0.42222765
0.9975177
0.017887557
0.014766603
0.007495653
0.99890494
0.00901745
0.3639791
0.98157805
0.7935481
0.018503414
0.019076852
0.98793167
0.87728393
0.0067808502
0.9971775
0.5011441
0.0033080853
0.024477646
0.030314349
0.0071814633
0.9946321
0.42373085
0.014575549
0.9923056
0.98296124
0.013843344
0.01964562
0.9891595
0.018254114
0.99017954
0.0043396098
0.004797712
0.015615015
0.0051009096
0.92524767
0.0076950905
0.009067424
0.9871033
0.004489945
0.007789077
0.57041144
0.23761721
0.0070401286
0.0069812243
0.42129132
0.42506927
0.9839881
0.94689155
0.99932206
0.017280577
0.6742822
0.0075476915
0.9958703
0.049711656
0.9995875
0.9936119
0.9973226
0.9830156
0.0042717783
0.005438197
0.42506927
0.93346256
0.42506927
0.83163786
0.10873773
0.36365163
0.42506927
0.6278262
0.4299617
0.42354196
0.7119887
0.8641175
0.9999074
0.54339534
0.8711417
0.004891014
0.01229954
0.99226826
0.01077666
0.010367296
0.0049703345
0.005963513
0.83654565
0.781145
0.9999857
0.9109602
0.006747878
0.9996724
0.021849198
0.012036848
0.018144444
0.9433899
0.008778972
0.0035873265
0.42310032
0.99917114
0.0031585775
0.4250462
0.0035294252
0.00633982
0.0031451883
0.0037913674
0.0036553442
0.9990301
0.00684721
0.9844812
0.008467433
0.4241477
0.0049920916
0.99431324
0.36133844
0.0046915
0.03131487
0.99991345
0.99108255
0.0035100905
0.004020618
0.005992665
0.42394575
0.59913605
0.9999527
0.0052162446
0.9697537
0.903572
0.9969721
0.0033983367
0.9883886
0.0055940324
0.010123782
0.38980052
0.93974435
0.004508301
0.4229942
0.98696846
0.0034802128
0.016441574
0.0027924995
0.011071341
0.99814355
0.9996767
0.00363847
0.41629735
0.99466336
0.003941065
0.44337454
0.9823109
0.0027013316
0.020252088
0.99893755
0.006943772
0.004456731
0.9995315
0.42506927
0.99973124
0.004011394
0.0045048418
0.019216824
0.18473701
0.01117557
0.9953323
0.4255468
0.004176628
0.42506927
0.9997029
0.9966912
0.9930708
0.5419441
0.052994158
0.0043830606
0.9262831
0.022678694
0.42502952
0.01767142
0.42754474
0.9995022
0.42475736
0.41453344
0.9997466
0.42506927
0.016433487
0.509445
0.9211633
0.99197793
0.013331631
0.99256563
0.00489754
0.42304406
0.51974154
0.99239665
0.006521869
0.5803952
0.9935913
0.008704095
0.01001367
0.9990984
0.004555214
0.99927264
0.0044557136
0.8412964
0.42436722
0.009472707
0.99209774
0.038135644
0.0044696657
0.46556786
0.99848735
0.0047495123
0.007206355
0.99593973
0.69729686
0.9992962
0.98524255
0.5898205
0.9924313
0.878193
0.0027878387
0.99975055
0.0045172228
0.42428717
0.00991089
0.007836164
0.99293834
0.006212163
0.9695878
0.5463427
0.0034144693
0.0033544495
0.008686541
0.004310245
0.99680114
0.015884327
0.99969244
0.0041714585
0.42459938
0.6013053
0.9874142
0.9967625
0.9885206
0.010913852
0.5247431
0.01411577
0.006948002
0.011811368
0.029712738
0.01395142
0.9992387
0.4232069
0.4240058
0.005024691
0.43231735
0.99906677
0.9954281
0.9962626
0.99937314
0.97191113
0.5225182
0.9945251
0.9854812
0.007269977
0.93447196
0.81449705
0.012114221
0.8425361
0.9989141
0.00919186
0.9986358
0.004994207
0.5975023
0.9998386
0.99879694
0.6687354
0.6487846
0.9983436
0.006063864
0.0053331815
0.015656535
0.004487422
0.42109954
0.037888836
0.010300861
0.9924706
0.97799015
0.95315665
0.4244045
0.42349416
0.0047038565
0.42506927
0.42500997
0.44048145
0.009689648
0.9676609
0.020407554
0.98376805
0.013012906
0.77719736
0.99984634
0.9968449
0.92375773
0.025307493
0.9983651
0.013513091
0.75288653
0.006790208
0.014233435
0.006124427
0.42506927
0.99767965
0.008909636
0.014571517
0.61020243
0.99947864
0.7366655
0.0041508
0.98009
0.9365225
0.86302286
0.008433743
0.017128035
0.9991211
0.014366886
0.0036371702
0.42060834
0.4583803
0.54824346
0.4234232
0.0066588023
0.996018
0.5194032
0.0035401478
0.5689741
0.4232525
0.008618363
0.006793332
0.9993575
0.9944687
0.02308036
0.0031266466
0.004920416
0.9408277
0.026635189
0.9634197
0.42233664
0.97799486
0.0063101863
0.011420945
0.99745613
0.9990565
0.99562436
0.59335154
0.19651616
0.99979395
0.0039432487
0.009376481
0.0076650875
0.9939095