0.4637598
0.5835643
0.41172355
0.46663707
0.37761474
0.24713986
0.25022686
0.5867626
0.37645736
0.509061
0.2234016
0.25629827
0.27984387
0.3477231
0.5792453
0.28781438
0.27777746
0.35980758
0.27511975
0.46509945
0.5130063
0.2790994
0.39271665
0.27317017
0.2745311
0.28680646
0.46747226
0.54162455
0.3799262
0.5372978
0.26529634
0.3654114
0.4877176
0.38479593
0.35980645
0.38858327
0.46092606
0.60863197
0.5435609
0.5914722
0.2771747
0.45753512
0.25694823
0.4064714
0.27665636
0.25772962
0.45922792
0.529309
0.27905765
0.63502973
0.5005695
0.2637758
0.5280902
0.55979145
0.46894178
0.26485386
0.4692305
0.29478523
0.2876526
0.28047115
0.46968827
0.56396407
0.4666045
0.4140523
0.54415506
0.5006718
0.4625626
0.24999976
0.537437
0.46614763
0.5442221
0.26227006
0.557976
0.43136445
0.24462326
0.26726997
0.28143966
0.47118446
0.4104831
0.37584668
0.26698175
0.25164816
0.38306978
0.5432248
0.5798046
0.25480965
0.45905995
0.50793916
0.6198787
0.48339987
0.2568751
0.26179144
0.5731516
0.54397184
0.2574164
0.25469118
0.576535
0.51900697
0.5883321
0.5940032
0.4065024
0.40270054
0.2583907
0.27353862
0.39214686
0.257698
0.2660644
0.5432573
0.58005625
0.5551412
0.2672906
0.4127602
0.5708747
0.27938324
0.36345363
0.2688143
0.26894426
0.2725638
0.5765118
0.50825614
0.32826898
0.52669346
0.2611274
0.60993284
0.27946085
0.6483003
0.26423326
0.26210245
0.2836656
0.52526826
0.5184009
0.53095627
0.2569627
0.53571564
0.25337574
0.27272573
0.5017874
0.56914604
0.38441983
0.24286577
0.5520392
0.2723195
0.535428
0.28033972
0.50032103
0.27839753
0.2649405
0.30697942
0.2154275
0.2701221
0.4983576
0.5521588
0.3947526
0.25638825
0.28642857
0.38260722
0.58607864
0.28079626
0.28866315
0.48758584
0.5731734
0.5870556
0.43034676
0.5539998
0.54677796
0.27279615
0.46923837
0.46224716
0.26250803
0.30112037
0.2706901
0.38601333
0.27232662
0.49802402
0.26843295
0.25201198
0.27382088
0.5102419
0.24815024
0.279713
0.45344132
0.28523436
0.2514137
0.5595668
0.51064074
0.531086
0.3946722
0.39389122
0.26934546
0.5599937
0.25900862
0.58762157
0.5776453
0.55240035
0.29069614
0.25289384
0.3911139
0.52487004
0.25278655
0.2715261
0.26092115
0.49223652
0.5981094
0.4952261
0.56220186
0.55956626
0.27740437
0.5642533
0.2780312
0.23980135
0.3770297
0.3811681
0.51347876
0.2238809
0.3893252
0.39855754
0.26622167
0.5046987
0.26954764
0.26319087
0.2306511
0.59495896
0.24950346
0.25192583
0.27846405
0.560467
0.5307711
0.28774583
0.4071382
0.28008652
0.55417776
0.37732404
0.485297
0.40373603
0.46053427
0.33669347
0.6408483
0.6176738
0.2896723
0.2580264
0.25422996
0.24686036
0.5682011
0.5600695
0.5210406
0.2802894
0.38639656
0.2700076
0.38667485
0.46633336
0.619789
0.2592305
0.47334
0.26908094
0.2712248
0.26410952
0.53762937
0.54235214
0.54713565
0.5728342
0.56653845
0.26013535
0.59822524
0.5582539
0.48445815
0.27920848
0.26157483
0.28965586
0.46760607
0.5581697
0.37938997
0.49851432
0.26873183
0.26708093
0.47476625
0.45600927
0.480866
0.2588796
0.5511098
0.5320822
0.56565475
0.59376633
0.25134537
0.26971596
0.551803
0.6049406
0.37958422
0.5449384
0.2621875
0.38906842
0.5028348
0.57328635
0.4591072
0.2768125
0.59875774
0.28213933
0.47168744
0.5657957
0.2760975
0.5702009
0.38191774
0.27658024
0.54526526
0.5648234
0.5119214
0.24726017
0.46582127
0.26256287
0.57325053
0.28870606
0.28348216
0.4692104
0.58231765
0.5632194
0.58509177
0.27074614
0.2806832
0.27031156
0.5126006
0.2846949
0.26813206
0.3015907
0.2700016
0.25011584
0.5352501
0.4663407
0.2716443
0.27296594
0.39893398
0.5512
0.5320327
0.2622493
0.52534366
0.62186974
0.494882
0.40203738
0.57933265
0.5575985
0.27387148
0.26034835
0.2583225
0.28236914
0.5737536
0.33524415
0.5762989
0.50449514
0.52910197
0.5035244
0.5662211
0.56271905
0.5256941
0.27311203
0.57631385
0.3192508
0.53918827
0.2616385
0.2963184
0.4609781
0.63082105
0.4729047
0.2512184
0.5899083
0.260083
0.28972405
0.26798847
0.38807425
0.52847373
0.26010898
0.27873373
0.39185035
0.3908231
0.28087604
0.58448565
0.24422076
0.2869171
0.24696724
0.5450082
0.5052577
0.29148903
0.26956195
0.60870343
0.43146676
0.5082599
0.26285213
0.25988537
0.5027999
0.5353468
0.3085624
0.28968444
0.55053097
0.46298262
0.26541266
0.27620342
0.20979781
0.38665393
0.5328777
0.5343082
0.263282
0.26467037
0.25628966
0.27021185
0.5053965
0.55740523
0.32408008
0.4687801
0.34236127
0.63743067
0.5519361
0.5537293
0.37200147
0.56709933
0.38607818
0.53606343
0.64219373
0.2802274
0.26198965
0.52397966
0.2813429
0.599141
0.27505055
0.27710608
0.40070435
0.29382443
0.26806536
0.5327476
0.5787832
0.579583
0.33750156
0.27053255
0.27730143
0.27250883
0.55149215
0.38772166
0.49194598
0.26085392
0.26636997
0.5680069
0.4628282
0.5255002
0.3848666
0.2740854
0.25951284
0.25850278
0.5600863
0.6023893
0.2212406
0.60512483
0.57681924
0.39053836
0.5998368
0.562848
0.39723134
0.50857747
0.23831758
0.4705777
0.2856289
0.5826307
0.4879161
0.2694189
0.27182284
0.55983
0.6002891
0.26926374
0.5354329
0.26036492
0.5706655
0.5974206
0.4984056
0.2694905
0.22674158
0.40664965
0.2538697
0.50627697
0.46673906
0.28780448
0.5208672
0.55847913
0.26547372
0.5728895
0.26372427
0.2540032
0.39588282
0.37516883
0.56000006
0.2867822
0.27249703
0.2579954
0.57498044
0.536668
0.3829915
0.46592677
0.4698564
0.58916
0.54457957
0.39582133
0.37118667
0.54740316
0.25355887
0.2717727
0.46736068
0.3814809
0.6055579
0.24404936
0.26069975
0.5471478
0.5883146
0.27974883
0.37302488
0.2732637
0.4666046
0.2571152
0.53419465
0.25465575
0.5912372
0.39398715
0.3813033
0.463988
0.21022014
0.2717932
0.2770674
0.5109489
0.49338862
0.22662589
0.55568683
0.59604496
0.5098127
0.4048775
0.27421436
0.5454488
0.25987288
0.5187859
0.38771263
0.23149972
0.313282
0.2785357
0.285214
0.24245837
0.39673525
0.2762547
0.46375582
0.391282
0.5771592
0.3729316
0.5183059
0.37166387
0.275636
0.2701485
0.2783062
0.291902
0.5749809
0.2694229
0.30467555
0.38190028
0.55648583
0.5309595
0.38325098
0.28155124
0.26142317
0.25956288
0.5645118
0.27235568
0.5855119
0.45940095
0.392496
0.57304186
0.25536564
0.5194263
0.5569627
0.2843297
0.5638242
0.49933794
0.25426054
0.465766
0.27745456
0.5258594
0.5457475
0.58602047
0.5034051
0.5418212
0.29528907
0.2636362
0.24887127
0.2810002
0.29345918
0.49661264
0.49121672
0.2575847
0.537102
0.26359996
0.6145505
0.25433594
0.28021523
0.26385918
0.46782795
0.46204677
0.24946785
0.26258278
0.2848316
0.5450254
0.2958589
0.67801356
0.5942751
0.5414976
0.28242803
0.4713324
0.25779605
0.3808526
0.40017128
0.28100574
0.47404853
0.27502877
0.43834728
0.29720512
0.56614614
0.51994985
0.27395588
0.25909427
0.29325652
0.5873845
0.58451515
0.5718017
0.3163316
0.27620807
0.49856135
0.45979115
0.5847553
0.26580006
0.5186442
0.51359504
0.388755
0.2719569
0.40050218
0.47633386
0.5878291
0.24613304
0.55568707
0.5526191
0.27474114
0.26680353
0.26538897
0.5905167
0.24043919
0.48911273
0.58458203
0.27452198
0.2811245
0.25603452
0.2526376
0.4627787
0.50623995
0.53911453
0.57841855
0.39221355
0.47505146
0.24879633
0.5301643
0.64460653
0.5909281
0.27685478
0.2537916
0.37099928
0.27885094
0.52149695
0.48771283
0.2323797
0.529585
0.2856646
0.28910786
0.59435624
0.32611713
0.46588004
0.5667625
0.27100733
0.5260609
0.47508317
0.5698404
0.4690456
0.2869128
0.59190285
0.49371308
0.47278303
0.2849482
0.5016461
0.60008794
0.53903735
0.6264168
0.54334915
0.5456825
0.5686883
0.27127516
0.27735752
0.5136917
0.2639539
0.26024738
0.27762428
0.26598713
0.25291446
0.28531423
0.58307517
0.5026017
0.39596
0.4631678
0.54936886
0.27087173
0.2974044
0.58521533
0.25770167
0.5785772
0.5821525
0.46119857
0.45977518
0.5265902
0.2791981
0.2744178
0.62585914
0.37625995
0.24811326
0.47837272
0.27302063
0.49633375
0.26414135
0.25497788
0.48151553
0.2819749
0.27352515
0.27450055
0.27721226
0.38675302
0.27037144
0.25205183
0.545674
0.58345
0.37773368
0.2802461
0.54377985
0.26971546
0.270154
0.60927844
0.4578082
0.27194425
0.46402743
0.39653075
0.52735144
0.24804711
0.4881265
0.4799054
0.27948624
0.40422288
0.27055755
0.39631417
0.29065004
0.25338557
0.2682119
0.5724221
0.46485525
0.27248845
0.53193367
0.29747188
0.26845244
0.37309727
0.26308984
0.5375074
0.46748328
0.5061668
0.27798018
0.28896773
0.2636663
0.53352016
0.27463686
0.5654327
0.27094117
0.26282206
0.52638847
0.26163563
0.2796078
0.5717008
0.5748839
0.3382541
0.5829056
0.26058882
0.27575803
0.53020597
0.52130204
0.48470494
0.270724
0.57374763
0.5903493
0.46422958
0.5840418
0.2675279
0.6293372
0.523004
0.56859267
0.29195803
0.25891802
0.28943303
0.3297855
0.28217882
0.58134574
0.2614876
0.5791097
0.38359064
0.5185255
0.5569883
0.26723054
0.2570677
0.2522625
0.51728565
0.5708849
0.54193205
0.6086574
0.4817681
0.45409286
0.5290598
0.26601318
0.38255703
0.49803603
0.4988321
0.26698074
0.5804248
0.57538784
0.6610108
0.6098201
0.27020544
0.28266317
0.55780065
0.57182294
0.2558262
0.50591594
0.41165903
0.5234613
0.27376106
0.26912096
0.56821406
0.4852523
0.47121462
0.5575335
0.52168477
0.27861303
0.26176742
0.22966579
0.5820005
0.6149538
0.3792129
0.62975204
0.4655378
0.5921533
0.6114423
0.55364007
0.2729852
0.23538058
0.5835504
0.2596228
0.27595043
0.25065133
0.56739753
0.27273235
0.2717873
0.2769715
0.38274208
0.58746034
0.40744394
0.47363868
0.2718518
0.46650317
0.27198458
0.32030088
0.33292574
0.19905365
0.26838696
0.2754306
0.5035307
0.38486493
0.5014357
0.29095158
0.5622813
0.4091775
0.26561615
0.25995085
0.48201957
0.46311742
0.3731191
0.5290288
0.23464428
0.3860245
0.2802482
0.49962798
0.41294444
0.4825813
0.38598028
0.35283446
0.5361143
0.2830144
0.535647
0.5440291
0.5290929
0.53934276
0.2786613
0.4530504
0.5863141
0.5224536
0.2722541
0.5536153
0.5186737
0.5124343
0.40055788
0.2755301
0.46657562
0.56826746
0.38299444
0.56073713
0.27104887
0.24749917
0.27961874
0.4595511
0.6017547
0.46252358
0.39028442
0.4643233
0.54763347
0.27483702
0.543654
0.5696096
0.5455406
0.5639214
0.56076133
0.38979855
0.2792384
0.5747375
0.38560757
0.5726668
0.380959
0.65195173
0.4593054
0.52366126
0.5979782
0.24080224
0.46468022
0.56779695
0.26974252
0.5972317
0.26220196
0.2857604
0.2567928
0.26801738
0.39585307
0.2688457
0.46575552
0.46249118
0.55083495
0.2728347
0.51423305
0.50786805
0.27584597
0.2757107
0.5369187
0.58805406
0.3878128
0.5294558
0.5964863
0.5554216
0.29376844
0.55299896
0.23168303
0.53857166
0.2668875
0.28715017
0.4046108
0.54025936
0.28728506
0.56997365
0.3812359
0.5511308
0.37241277
0.2715532
0.50841737
0.58830595
0.2791726
0.63536495
0.62376225
0.28219303
0.54478693
0.27120218
0.2824013
0.40495488
0.3113535
0.51155734
0.4657745
0.47687098
0.46796355
0.54195994
0.38114464
0.49146324
0.250784
0.56749195
0.39486626
0.35229337
0.2689455
0.27123752
0.5746186
0.3873887
0.4409792
0.26966795
0.5619941
0.48524395
0.2643849
0.5610778
0.2781988
0.39727485
0.5337818
0.28039852
0.25872627
0.54631007
0.58554405
0.4070719
0.48934305
0.5253603
0.27109802
0.4093442
0.5685902
0.40094605
0.36878952
0.26896375
0.27373773
0.38120478
0.40663728
0.36658728
0.5303306
0.6045216
0.57161593
0.26113638
0.38451067
0.5143184
0.2552885
0.27035195
0.48777047
0.28030118
0.56669056
0.5881172
0.576128
0.6196593
0.27062678
0.28799936
0.4722348
0.55449563
0.54449993
0.5445235
0.46005514
0.39953065
0.4276225
0.25224134
0.5506806
0.5466808
0.28661108
0.2705439
0.25262514
0.27797914
0.5447745
0.59293616
0.5196765
0.21977141
0.611828
0.2654249
0.4666822
0.27656168
0.5762113
0.5539063
0.5298739
0.57511586
0.54825777
0.21870087
0.38934252
0.28245115
0.55880743
0.51232994
0.45901603
0.2757885
0.56534785
0.59688824
0.4856575
0.2527592
0.52262086
0.25026903
0.48505315
0.5606462
0.57032555
0.2876514
0.35604754
0.53364354
0.25700605
0.26538005
0.26524603
0.5700094
0.2552238
0.49236318
0.5694675
0.500757
0.25313818
0.28098184
0.5322871
0.5661469
0.27502826
0.5473588
0.4606629
0.26602426
0.26825196
0.23995802
0.2674173
0.57242835
0.3741456
0.27326593
0.53395265
0.54708487
0.26229027
0.25626996
0.54644626
0.26447305
0.4930845
0.2636625
0.27791804
0.24800938
0.28614646
0.49968162
0.2703035
0.25778154
0.56150705
0.26627845
0.2817333
0.456709
0.43979585
0.25620586
0.25013518
0.36127257
0.38134104
0.55389506
0.6103614
0.5153215
0.25641644
0.49659276
0.2839499
0.591874
0.27224314
0.5489042
0.5511598
0.5786692
0.51529557
0.27516845
0.27804446
0.40048203
0.52010506
0.37727386
0.48475444
0.3492225
0.49392483
0.38179183
0.47811925
0.5391393
0.39017123
0.47532696
0.5113028
0.59700876
0.46227267
0.60863745
0.24566366
0.2613716
0.5248227
0.2842541
0.2797775
0.28295785
0.2638715
0.49296024
0.55913216
0.5774093
0.538716
0.2826353
0.6037636
0.26623803
0.26121384
0.24479961
0.54134595
0.26385355
0.28472194
0.4140721
0.574802
0.25255415
0.39879218
0.2917416
0.27065626
0.29382452
0.27373
0.2812919
0.57725656
0.28371304
0.54433256
0.2831958
0.4049541
0.28660703
0.5563771
0.49264133
0.2750407
0.26706165
0.5835903
0.52515393
0.28047696
0.27552918
0.2645828
0.393785
0.50837964
0.56716496
0.265756
0.6015429
0.50252485
0.58483
0.27068368
0.5834524
0.2651997
0.270668
0.49674264
0.6246114
0.26726145
0.38067433
0.5603962
0.27614355
0.28000978
0.29601455
0.2626036
0.5841832
0.5429746
0.29024598
0.32950586
0.57113045
0.28125963
0.4464312
0.57541174
0.2905785
0.22281967
0.5512855
0.26466122
0.27956972
0.5617025
0.37492287
0.56535137
0.27874157
0.27239716
0.25826287
0.2421166
0.255275
0.55486035
0.3641995
0.2712789
0.383441
0.5752134
0.4704831
0.55489326
0.46656954
0.20742445
0.27507898
0.5210864
0.25366786
0.38351044
0.24605875
0.39098614
0.5700865
0.39018077
0.19561557
0.58320713
0.37685525
0.26180676
0.46429786
0.55133295
0.48725668
0.25815362
0.53113276
0.2688978
0.39742008
0.4698157
0.5497083
0.26514044
0.50845736
0.55748636
0.26068428
0.26122138
0.55815446
0.2894969
0.6382823
0.27758178
0.5217096
0.38440496
0.2753488
0.5656844
0.25102508
0.27444178
0.46239346
0.5499831
0.26825982
0.26235288
0.56552225
0.46966323
0.56580824
0.55769897
0.46659884
0.58919394
0.49916032
0.2883607
0.5987068
0.28503308
0.4033867
0.26361975
0.28659764
0.499546
0.26731852
0.56860864
0.45959958
0.28158402
0.28531283
0.25875598
0.27089533
0.5607023
0.26770195
0.5676726
0.26961213
0.39033896
0.46388748
0.5496273
0.5818893
0.5211088
0.26208544
0.5094791
0.2369614
0.27648786
0.26545182
0.2880821
0.24914262
0.52533966
0.39499068
0.39098883
0.2720811
0.46825057
0.5441509
0.5750537
0.5545941
0.5469566
0.5307381
0.47655272
0.5738886
0.5788166
0.27082893
0.4745115
0.47307384
0.24591479
0.4841422
0.5602247
0.270447
0.5504613
0.2912533
0.46353358
0.57826555
0.5807189
0.48448357
0.49093568
0.5762036
0.2475282
0.286721
0.26502064
0.3018018
0.31763056
0.2410083
0.24963534
0.5558464
0.5384679
0.5176395
0.38790745
0.39791653
0.25769493
0.3837934
0.40704966
0.45875788
0.25336838
0.5686079
0.26744664
0.56316966
0.2545833
0.48952836
0.5870232
0.5336693
0.48857784
0.24663593
0.52847135
0.25515512
0.47383103
0.25567815
0.24057224
0.27387604
0.39278495
0.5343135
0.25319326
0.23060626
0.46295926
0.59695935
0.4853749
0.27108216
0.57191247
0.5179409
0.47770137
0.2709151
0.27435535
0.5181827
0.27794215
0.28242302
0.37690863
0.46068782
0.4599853
0.37123796
0.26859763
0.5548044
0.46209428
0.28826857
0.4615542
0.40017128
0.26216346
0.2638753
0.6045934
0.5600099
0.2635204
0.2787331
0.2753389
0.4958758
0.27771208
0.5518134
0.29765093
0.4702918
0.27421483
0.25726327
0.5857689
0.55166847
0.5657677
0.46486273
0.4601004
0.58955157
0.2964272
0.26783794
0.26459587
0.5309116