0.5122525
0.99962425
0.46045652
0.52991766
0.4601098
0.0040763896
0.0049341675
0.9998031
0.45492265
0.91881466
0.28464183
0.0024744517
0.007528128
0.44296148
0.99981123
0.0037761866
0.04953424
0.3304666
0.001807283
0.48154372
0.98293674
0.0061941994
0.4564372
0.0056586526
0.001373794
0.0012950394
0.47339848
0.97675574
0.45381978
0.9998605
0.004697652
0.4500553
0.8765048
0.45433396
0.4633654
0.42919248
0.52014893
0.9989849
0.9999422
0.9999207
0.00553506
0.46630517
0.0021611298
0.4526772
0.007469748
0.00080936716
0.53877366
0.9673053
0.0033555464
0.9980496
0.97576445
0.005456259
0.97390443
0.9955077
0.46886867
0.013283753
0.52260387
0.0012836563
0.0072663305
0.0042132586
0.5428337
0.9985776
0.5323427
0.46357834
0.9602126
0.9305375
0.5419411
0.011675505
0.9798005
0.52546686
0.9975272
0.0018031492
0.9959462
0.124171786
0.009219357
0.0021190422
0.004779258
0.5351146
0.46357834
0.43934438
0.020927586
0.0026117445
0.45199946
0.998963
0.99962354
0.0027130777
0.53410214
0.93408924
0.9989851
0.9882796
0.0021474427
0.0036217028
0.9993414
0.9991129
0.013084563
0.0064545027
0.9995982
0.97109354
0.9996983
0.9997576
0.46121866
0.45987958
0.006022648
0.005194676
0.44768366
0.02170458
0.0017512934
0.988526
0.99679106
0.9999716
0.0021453449
0.45839918
0.9958276
0.0008988767
0.45158958
0.020211231
0.005850709
0.002365668
0.9849722
0.93282187
0.9043948
0.9994392
0.026868539
0.99986947
0.0023428905
0.99880147
0.0014500811
0.016486017
0.008052433
0.98316514
0.9987079
0.98921776
0.0081250435
0.98873526
0.001674983
0.0028092822
0.43055958
0.9999224
0.4611507
0.0032063567
0.9999112
0.006540594
0.9668035
0.00674683
0.9852959
0.011074761
0.0026140546
0.44759133
0.0026935092
0.013257285
0.9996463
0.998069
0.43887997
0.01719256
0.0031064542
0.42606354
0.9999014
0.002400222
0.006273228
0.996582
0.99974424
0.9998735
0.07932752
0.8652891
0.9982339
0.0054305037
0.56021726
0.52298903
0.002238461
0.0082854135
0.0035715525
0.45789775
0.0033232474
0.37331232
0.0055378377
0.0031161592
0.0018243543
0.99276954
0.001496885
0.0034927423
0.16111082
0.00319226
0.0035424244
0.99992085
0.99377525
0.998004
0.45100868
0.45784527
0.013234088
0.9979236
0.002545691
0.99905854
0.99976546
0.9996381
0.0010738898
0.016656095
0.46061227
0.9965508
0.00025833625
0.0038022755
0.01634383
0.988482
0.9999224
0.9815933
0.9950583
0.9999708
0.0011292939
0.99975234
0.001682164
0.006154202
0.455357
0.43140933
0.9997099
0.0011092378
0.46084088
0.45825896
0.002696997
0.2568222
0.0030264144
0.0039519295
0.013126644
0.9997645
0.0033478006
0.002609054
0.0072112246
0.99927014
0.9967366
0.003780803
0.4477689
0.0026477103
0.9987099
0.45641866
0.6760797
0.4673991
0.5168992
0.44405133
0.99991715
0.999985
0.0020099077
0.0021175556
0.010943483
0.0011345872
0.9981962
0.9948887
0.9877958
0.003661321
0.45372713
0.5294598
0.44488096
0.77704847
0.9998996
0.0023524282
0.9151
0.12373699
0.005180472
0.0019198039
0.99474055
0.9758799
0.99948514
0.99982685
0.99989593
0.0024502315
0.9996995
0.99970955
0.6750723
0.004918504
0.0029351262
0.0071553662
0.535663
0.99911803
0.4404694
0.12276507
0.012970961
0.0030765207
0.93391746
0.47175735
0.39523134
0.004399127
0.9823515
0.99277484
0.9999083
0.9998661
0.019484732
0.006131524
0.9996817
0.99974483
0.4325553
0.9997298
0.0016490668
0.4610108
0.8340672
0.9998462
0.5287088
0.004601731
0.9997714
0.0026726692
0.9345661
0.99948466
0.0017464659
0.9967188
0.45771816
0.004560326
0.9354593
0.99462104
0.995876
0.0014424867
0.51941997
0.012758034
0.994749
0.0033001755
0.010369923
0.96474564
0.99992144
0.99805814
0.99517894
0.005588936
0.0063270987
0.01452613
0.9960252
0.008753195
0.0008993124
0.0058140224
0.0029997332
0.0017981482
0.9984964
0.5314137
0.0011996427
0.0011670464
0.4613054
0.9919626
0.4709468
0.003255337
0.999225
0.99991643
0.5046804
0.45513275
0.9999279
0.999806
0.002026438
0.002671565
0.0022229964
0.0039563486
0.9990563
0.45071915
0.9997476
0.95518535
0.49842972
0.99873406
0.9999124
0.9985104
0.99900264
0.0020344248
0.9994678
0.45374525
0.9927521
0.0259214
0.0067355176
0.5350135
0.9999485
0.57146716
0.004069413
0.9954135
0.004722034
0.009398369
0.026762985
0.44214395
0.9823522
0.0024469797
0.0024752838
0.4614339
0.46391273
0.0035133741
0.9993912
0.0017713372
0.00475578
0.001531854
0.99945146
0.97871256
0.0052890424
0.017060751
0.9968267
0.97260135
0.9834389
0.0027272005
0.008344868
0.9938379
0.96390647
0.4769306
0.0067315223
0.998511
0.53869003
0.00052221364
0.0077677104
0.008084143
0.4597282
0.99873835
0.9936678
0.0027173737
0.0029746916
0.0010715098
0.005015236
0.9979382
0.99920577
0.44399425
0.46200398
0.44470936
0.9995802
0.9994086
0.99888474
0.44538826
0.99206626
0.43130562
0.9961093
0.9999436
0.003706774
0.0031245009
0.9851568
0.004451764
0.99666107
0.0042585665
0.006801695
0.44858986
0.0049155992
0.0019820197
0.98441595
0.9998123
0.9994727
0.44467306
0.0033890728
0.0031614436
0.006877873
0.9982412
0.45479682
0.1113117
0.014247237
0.0016299008
0.9998522
0.48617464
0.9629765
0.44062415
0.0034555653
0.0049279747
0.0054969904
0.9986676
0.9978326
0.002330416
0.9976102
0.9919127
0.46357834
0.99945897
0.9946602
0.4719068
0.9893471
0.0020770065
0.5163501
0.014280967
0.99519557
0.71105283
0.002264336
0.006347054
0.98796797
0.9983095
0.002777008
0.9179136
0.006618339
0.9998661
0.99163306
0.49483943
0.0051694154
0.0014520314
0.4631049
0.0036439332
0.99858
0.5371986
0.008455408
0.9730853
0.96952754
0.05004012
0.99901986
0.002038529
0.010092639
0.44723204
0.44399637
0.9991485
0.004014579
0.0005226493
0.0012664655
0.9994252
0.9994991
0.46035197
0.4745101
0.9412035
0.99987566
0.9933207
0.47588426
0.45580867
0.9910104
0.0018010186
0.0010027216
0.5032038
0.42711034
0.9983368
0.0033490146
0.0064062886
0.99604577
0.99960953
0.0016204023
0.42652544
0.0044235666
0.8731051
0.01059236
0.9903369
0.0026616275
0.99902475
0.46049643
0.41883
0.529352
0.00070007634
0.004876431
0.004032752
0.53608227
0.76376456
0.0010282618
0.9874856
0.99953485
0.9877123
0.44643265
0.0041028294
0.9927776
0.024087824
0.66233504
0.45726088
0.092620835
0.46640813
0.007930225
0.0030076485
0.00019848073
0.46833193
0.0032657944
0.5259505
0.45505947
0.9996469
0.4529753
0.9963955
0.44611475
0.0013908433
0.0040737577
0.020023836
0.01402971
0.99123526
0.006806139
0.004391077
0.4549028
0.9995036
0.99437076
0.46115214
0.004998821
0.5033864
0.00086789584
0.9984291
0.0039296355
0.999856
0.47503442
0.4524611
0.99975556
0.0038109007
0.9867337
0.99992156
0.008676884
0.994007
0.9985788
0.0011570725
0.5208033
0.0033801908
0.9971872
0.9992042
0.9998054
0.9863847
0.984562
0.0051541557
0.0057717464
0.016937066
0.0019642941
0.010807799
0.93651223
0.9176051
0.004840772
0.47652766
0.011102678
0.9994091
0.018458214
0.008423008
0.032002892
0.4414674
0.49778268
0.001041441
0.0013000799
0.008827102
0.91262937
0.0054903757
0.99684334
0.9998004
0.96559197
0.007822081
0.68208486
0.005940765
0.45435268
0.46016523
0.0123292
0.53626674
0.012849539
0.5806229
0.0073663453
0.99475706
0.42192456
0.010728799
0.009716631
0.005099119
0.999419
0.9986908
0.99962556
0.43225533
0.02212479
0.95123106
0.4625274
0.9994242
0.0033527156
0.98738885
0.8440627
0.46039805
0.0042940327
0.45519617
0.98235923
0.99966395
0.023156516
0.99968493
0.9916808
0.009719504
0.0030595907
0.0020534827
0.9647839
0.017619826
0.8267004
0.9895483
0.002900444
0.0039304625
0.0024983766
0.335699
0.5738642
0.99349916
0.99572337
0.9897878
0.455128
0.6106879
0.0049008643
0.99942136
0.9992011
0.999446
0.0017918214
0.0020140086
0.42458996
0.0024554036
0.99679655
0.89199686
0.0028325203
0.987905
0.0045257756
0.002817887
0.9987608
0.43621308
0.49787822
0.9976883
0.003618385
0.99082303
0.99498796
0.9916299
0.36710632
0.0020493993
0.99824035
0.9822729
0.71188706
0.027463196
0.8085334
0.99974877
0.9903458
0.9990381
0.9500571
0.9997981
0.9975879
0.014656106
0.005784704
0.95503944
0.0038141443
0.017227279
0.019620491
0.0025796192
0.0046306676
0.0029823114
0.9997944
0.93247175
0.45651415
0.5184466
0.999897
0.007867315
0.005948573
0.99986875
0.004373165
0.9996419
0.99987817
0.528811
0.46561342
0.99763334
0.008068706
0.005537457
0.9999577
0.45270935
0.0014159374
0.9946792
0.0035513884
0.4051306
0.0014438714
0.0020729632
0.9928076
0.0028093515
0.0059814863
0.0030924971
0.005949357
0.46032736
0.004805678
0.0025365187
0.9931671
0.9986482
0.42234722
0.0022078813
0.998312
0.0025185319
0.003908057
0.9981881
0.586288
0.0039032786
0.5052322
0.4608237
0.9986482
0.0017443724
0.9716043
0.17930728
0.0027187245
0.44911444
0.022946961
0.46048322
0.003183968
0.0045093047
0.0052444534
0.9912101
0.4661837
0.0042848196
0.99521446
0.019139562
0.0044115623
0.44360143
0.0008760122
0.99842346
0.5341244
0.9379367
0.0075339517
0.024718475
0.017339554
0.9785371
0.005424666
0.99937904
0.0026230246
0.032262105
0.8562663
0.005193087
0.0025788918
0.99166685
0.99928457
0.43250513
0.99938405
0.0012954379
0.013755809
0.99901533
0.6417151
0.9871991
0.0043233354
0.9996958
0.9998592
0.50999415
0.9999671
0.003335526
0.999949
0.9842743
0.99597377
0.0040362426
0.0023019067
0.0029692913
0.44607785
0.008796321
0.999866
0.003081922
0.9987476
0.45724612
0.9731962
0.999366
0.0066955173
0.0024805984
0.0027284084
0.53796273
0.9963899
0.98407376
0.9998242
0.55855304
0.5266802
0.98377603
0.0021393052
0.45930174
0.8742882
0.9736389
0.038104933
0.9987066
0.99939907
0.99999464
0.9988348
0.0064881616
0.0037583534
0.99377054
0.9998154
0.0009620811
0.3491522
0.46357834
0.9986828
0.0018286112
0.006318219
0.99949443
0.84489113
0.60777307
0.9960908
0.99914384
0.002124956
0.0077597727
0.055334702
0.9999137
0.99960417
0.43406823
0.99997115
0.52147543
0.9988116
0.99961567
0.9983103
0.0029956445
0.02166929
0.99973613
0.012216192
0.004598877
0.0019492686
0.9978873
0.0032547151
0.006183726
0.0025398883
0.45570606
0.99983895
0.46241584
0.89076996
0.0022707323
0.52466804
0.0029609501
0.4271589
0.0053792302
4.0289935e-05
0.0031674798
0.0073886756
0.38924423
0.4609533
0.9990982
0.0051673534
0.9982395
0.4590686
0.0111380415
0.047363427
0.4244986
0.5230827
0.45463616
0.81327677
0.020525046
0.4541012
0.003492276
0.60350937
0.46058112
0.15747668
0.46005934
0.46040118
0.99618137
0.0069118496
0.9982266
0.99737084
0.93573993
0.954344
0.0029993039
0.96138376
0.99978775
0.94711673
0.00401579
0.99966383
0.36263216
0.9955918
0.41962764
0.0046585137
0.5192161
0.99578756
0.45894933
0.998467
0.006097149
0.009444003
0.04418312
0.37656614
0.99941504
0.52419406
0.42495963
0.54350156
0.9962979
0.02359718
0.9999181
0.9984654
0.7060011
0.9918641
0.8791365
0.4582593
0.011643651
0.99615425
0.4610027
0.9956761
0.45623997
0.9999732
0.5375986
0.9572602
0.9996774
0.10847089
0.5361921
0.99994826
0.0040722704
0.99614006
0.0050826166
0.008867926
0.011034164
0.002891263
0.4601412
0.005337453
0.52654374
0.476092
0.99964726
0.0050592613
0.9925344
0.6514092
0.0058301794
0.008146098
0.9971992
0.998047
0.46431047
0.99717927
0.998963
0.99947244
0.0051796464
0.99967074
0.00086750556
0.9959739
0.0125771295
0.009682773
0.44749543
0.9976788
0.0047550625
0.998985
0.44072968
0.9848299
0.45575246
0.0027711906
0.9821078
0.9997924
0.0013989873
0.99998367
0.99846846
0.0067233713
0.99585634
0.011570534
0.003024358
0.47742796
0.43686545
0.93028986
0.45757928
0.5230129
0.5212431
0.99616784
0.46037576
0.5514974
0.002870361
0.9938969
0.4671639
0.45848814
0.0041020676
0.0044661597
0.9999833
0.46092543
0.5050549
0.0022643728
0.99945766
0.65869
0.0024917994
0.9995371
0.003479409
0.46357834
0.99775887
0.0042529325
0.004232379
0.99918896
0.9991755
0.46357834
0.11543162
0.71770203
0.0022101346
0.46357834
0.99983406
0.49692342
0.45526505
0.0065681213
0.018160574
0.43898246
0.4605972
0.4457228
0.9794448
0.99995756
0.9377107
0.0026172316
0.46170983
0.9637077
0.017911749
0.010785107
0.9400096
0.0042743264
0.9991042
0.9998165
0.99981135
0.999426
0.0021355352
0.008251478
0.9823167
0.99974793
0.99894315
0.9938799
0.5373134
0.45572695
0.90057504
0.004128589
0.99913067
0.99996066
0.0031206657
0.0014805807
0.0022092422
0.0041999975
0.9896488
0.9986223
0.99548644
0.0013654747
0.9999565
0.011975618
0.5373091
0.0046238964
0.99966204
0.9992593
0.99647164
0.9996877
0.9997223
0.017125603
0.44977772
0.0035269512
0.99520606
0.99781126
0.5182539
0.007497264
0.9987319
0.99995637
0.56116396
0.028309077
0.9987941
0.0008864613
0.84097517
0.9972364
0.99845123
0.0039682304
0.4460637
0.9989126
0.024506189
0.0049363384
0.0040411623
0.9995321
0.0018118455
0.88544226
0.997792
0.98147327
0.009925316
0.0029023807
0.9857605
0.99993205
0.0045841555
0.9996408
0.501288
0.004684514
0.0074043
0.11249384
0.0005826981
0.997879
0.4569549
0.0026789834
0.9892263
0.99750817
0.0064418125
0.019488655
0.9986267
0.008072355
0.9368444
0.0034241762
0.0023487078
0.008953225
0.01011645
0.89791757
0.0029530367
0.0040230476
0.9996275
0.0075067542
0.0022305143
0.5290585
0.19624427
0.0011434
0.00087397953
0.46242297
0.46108657
0.9962625
0.99697423
0.99967074
0.00250131
0.9876379
0.004627609
0.98702466
0.013587466
0.9988405
0.99633765
0.9992366
0.991091
0.0040151416
0.003906391
0.4605879
0.85795766
0.45655936
0.93948185
0.32027122
0.6419949
0.4605413
0.7693224
0.44098058
0.45802414
0.91224813
0.9777323
0.99945515
0.51963896
0.998803
0.010022357
0.0019417087
0.9930553
0.0014968656
0.003886584
0.0023718535
0.0035210836
0.9890142
0.987783
0.99993753
0.99899954
0.0043709003
0.9999609
0.0144627625
0.0037584978
0.011524059
0.97369576
0.0012084236
0.007914555
0.46357834
0.99610245
0.02569072
0.46102408
0.0027411126
0.0020647626
0.0057438137
0.005726705
0.003969641
0.9958205
0.0040478255
0.9993249
0.00996268
0.46202844
0.002263246
0.99851173
0.31336653
0.007565611
0.01443322
0.9998634
0.9956489
0.004756455
0.0054395255
0.002111406
0.4690202
0.80022126
0.99952173
0.0043706326
0.9984268
0.9739932
0.9997713
0.0021077853
0.9997657
0.0077524036
0.0022584973
0.31214327
0.9969758
0.00486503
0.4203592
0.9916013
0.006604253
0.000885983
0.004890991
0.0016969887
0.99992216
0.9991947
0.0027344415
0.41946572
0.9997768
0.0012375454
0.4565875
0.9985366
0.005142545
0.001029167
0.99981683
0.0055734864
0.001661177
0.9973699
0.4581014
0.9997565
0.008123468
0.0051560337
0.015468643
0.47651455
0.0092508085
0.9995828
0.454032
0.0059670475
0.45663172
0.9993579
0.6592548
0.992215
0.49134204
0.001268231
0.0049224216
0.9986588
0.0033368769
0.46147248
0.012466983
0.46295676
0.9909196
0.46221235
0.5167434
0.9998109
0.4560539
0.008654834
0.6945156
0.99482214
0.8917548
0.001517294
0.993192
0.0036234872
0.45025292
0.8036626
0.9988167
0.0049773906
0.5498548
0.9986412
0.0030788921
0.0054215104
0.99965155
0.0046880012
0.9981542
0.0018391265
0.96096385
0.44081935
0.004164879
0.9937867
0.006238211
0.0024065513
0.46970183
0.99985886
0.0040586586
0.0048839524
0.99957913
0.518859
0.9982622
0.99637455
0.5207035
0.99922764
0.53741175
0.0026873283
0.9961293
0.0072402796
0.48201078
0.015721895
0.016536612
0.98529
0.004054047
0.9991685
0.5219241
0.007860644
0.007179414
0.012687968
0.0075580385
0.9964037
0.023582423
0.9981225
0.0051995744
0.4618301
0.536314
0.9848818
0.99858654
0.99622005
0.0036277093
0.99283534
0.0005204771
0.006473836
0.009856341
0.0060150973
0.0020097643
0.9975654
0.45471427
0.46013954
0.0025381276
0.42263046
0.99914384
0.9994173
0.99786466
0.9987388
0.9939236
0.9608697
0.9692109
0.99934334
0.0018096891
0.9410927
0.55783665
0.002821519
0.8886419
0.9996605
0.0059565865
0.9983375
0.0055432175
0.52857876
0.9996824
0.9998666
0.5339023
0.54121107
0.9956382
0.003871601
0.0033852695
0.012748057
0.0047305035
0.45630372
0.025290234
0.003117567
0.9997856
0.99599767
0.9890627
0.4603236
0.4623888
0.010685322
0.46075496
0.46147737
0.4574939
0.0027922688
0.99899644
0.033662163
0.9989153
0.00087868393
0.3390091
0.9953955
0.99962115
0.5553819
0.0018432419
0.8291565
0.010795261
0.86031514
0.0027990097
0.0019493297
0.0052980036
0.46016115
0.999268
0.0035858306
0.00058685127
0.5301482
0.9999331
0.61902887
0.0016839299
0.9996743
0.89233375
0.9641978
0.0064026015
0.005491774
0.9973363
0.00031609889
0.0049963025
0.448012
0.48210037
0.51679754
0.42961735
0.0026636133
0.99842083
0.45645675
0.0030654753
0.5242752
0.46212578
0.0095516555
0.004891771
0.9992908
0.998706
0.010162191
0.0076021305
0.0021586355
0.828968
0.022156626
0.9924556
0.44462088
0.5558335
0.0019382243
0.001117295
0.9995814
0.99856997
0.9996995
0.7289343
0.36327407
0.9957248
0.005330974
0.00059928134
0.017286278
0.9893126