0.46840835
0.9922386
0.43716034
0.46840835
0.4365399
0.0127464365
0.012994595
0.99127907
0.43668374
0.7072002
0.003019007
0.015381279
0.008539533
0.43489122
0.98679626
0.0056704967
0.0013283442
0.8763351
0.0147081725
0.46840835
0.47566843
0.0030189208
0.39829308
0.018528767
0.010195023
0.0022019865
0.46840835
0.9366831
0.4291593
0.7909118
0.0149236685
0.42385253
0.46840835
0.40790316
0.43273947
0.45158598
0.46840835
0.92042255
0.93365496
0.99588937
0.0025398857
0.46840835
0.004359991
0.44493422
0.013874669
0.008333516
0.46840835
0.80180705
0.008312389
0.9982406
0.9622782
0.012807726
0.91394544
0.98565936
0.46840835
0.0008600078
0.46840835
0.009212843
0.008522255
0.0033483286
0.47160724
0.9390076
0.4752748
0.433848
0.9187223
0.6050693
0.46839643
0.025101647
0.8704719
0.46840835
0.9537653
0.003808215
0.9579223
0.4271036
0.07633833
0.016327731
0.016424017
0.47162896
0.4315306
0.43644148
0.015266016
0.017187402
0.4393968
0.92425716
0.98594844
0.016600322
0.46634352
0.8433956
0.98170483
0.90916944
0.015283258
0.0076602907
0.9762423
0.9157449
0.0075314175
0.0021841293
0.9790536
0.69874215
0.99257
0.9888736
0.4415804
0.43736207
0.0087560015
0.008846653
0.4404121
0.0039007433
0.020459134
0.84572357
0.971301
0.8708506
0.0093239
0.43921083
0.9584759
0.000523735
0.4366503
0.018703073
0.0031887568
0.10439774
0.9915699
0.8212317
0.987502
0.97947466
0.002874975
0.98423785
0.0047109853
0.99735814
0.0015968296
0.0036959173
0.004360243
0.91549546
0.95655787
0.85618144
0.0071112877
0.9550136
0.0052484595
0.010824901
0.61968815
0.97724354
0.42789012
0.003994429
0.9950421
0.0048605856
0.6289555
0.009115321
0.8411221
0.009471638
0.018684018
0.46702948
0.01799019
0.007590714
0.90100783
0.8350686
0.44330275
0.00895942
0.012170996
0.4489521
0.962297
0.017624853
0.008257743
0.9864318
0.98203397
0.98138684
0.4348885
0.9718472
0.97745013
0.006069031
0.47258186
0.46840835
0.0021825046
0.009625603
0.008629537
0.43458426
0.0015394029
0.4856856
0.0051599117
0.007086309
0.0017230223
0.98261756
0.01736209
0.006210129
0.6383373
0.016265387
0.014496153
0.9692485
0.8572649
0.9501843
0.44415405
0.42108113
0.010287418
0.95365405
0.012366581
0.99071807
0.9852734
0.9542191
0.0030842859
0.0019598391
0.44128737
0.9734364
0.011891511
0.02107002
0.004531892
0.93302155
0.9906639
0.9676741
0.9438514
0.9844726
0.0014322966
0.97363913
0.014429246
0.0017555819
0.4434738
0.43907934
0.94846845
0.07297055
0.42771778
0.4387735
0.003659005
0.615646
0.009897531
0.011914046
0.02568546
0.993789
0.021844013
0.0061394037
0.005699553
0.9653976
0.899536
0.016070843
0.4491992
0.017024223
0.9462493
0.4323295
0.4805769
0.43118507
0.46840835
0.44422594
0.99395317
0.99288875
0.0004961073
0.011977046
0.011538446
0.005860769
0.98320884
0.9759675
0.826084
0.010535944
0.4138165
0.0022157119
0.45071226
0.46840835
0.9900564
0.013734373
0.8117382
0.003993613
0.008723887
0.0025103886
0.9370488
0.8450312
0.8978793
0.9785719
0.9080536
0.017526874
0.9967181
0.9682341
0.505934
0.008150811
0.012370449
0.0071799406
0.50727123
0.9735218
0.42199257
0.7509727
0.009561684
0.004976
0.5488868
0.46840835
0.46828446
0.008424466
0.97867215
0.88540316
0.9768074
0.9940408
0.03659175
0.0067659332
0.97910106
0.9927747
0.4395592
0.94939333
0.017863909
0.42955878
0.5419064
0.9919783
0.46840835
0.009823379
0.9749825
0.015151804
0.4709032
0.96003324
0.0020230957
0.9158855
0.43214226
0.0076915044
0.9478488
0.9405762
0.9819447
0.0025312365
0.46840835
0.018912917
0.9157929
0.008999452
0.004596062
0.4677743
0.98518723
0.97159755
0.93288517
0.0034957642
0.0095398165
0.010843011
0.91725814
0.005503477
0.013255888
0.0039234348
0.015960043
0.011715182
0.99851733
0.46823025
0.0054070284
0.00128198
0.437402
0.77911764
0.825141
0.020330288
0.90238017
0.9960587
0.54161817
0.4410124
0.9937511
0.9679557
0.0077565787
0.016630474
0.010400282
0.010106531
0.97998834
0.46695283
0.98621154
0.7881679
0.65203714
0.47841015
0.9669962
0.9564667
0.91492593
0.019385876
0.98395663
0.46654028
0.89151984
0.016547099
0.0058563203
0.46840835
0.9961964
0.46840835
0.0111127915
0.99637586
0.002777526
0.010078796
0.0024350584
0.4486688
0.83589673
0.0030006662
0.021991292
0.43598393
0.34451854
0.010243766
0.99127907
0.012999023
0.013544694
0.008052586
0.97198695
0.6101306
0.009724361
0.008028413
0.97554046
0.9848015
0.7478549
0.001209691
0.022266831
0.8426524
0.9646203
0.454398
0.013583907
0.9883328
0.46840835
0.011882215
0.0062869815
0.0020077045
0.4285964
0.9514355
0.90876186
0.00844915
0.0106221
0.0024646034
0.0090983845
0.5529535
0.9700351
0.46650028
0.46840835
0.44783026
0.99837756
0.8088772
0.9577343
0.4353434
0.8729177
0.4190001
0.5607106
0.995145
0.015975237
0.020054558
0.8630167
0.01388327
0.9933375
0.003002658
0.019082822
0.44646814
0.007052583
0.0022311267
0.8654701
0.9768463
0.9878934
0.46603912
0.006612924
0.0050104316
0.0048778635
0.9455009
0.4258859
0.53473896
0.0121492185
0.014888323
0.986641
0.46840835
0.8422468
0.44436732
0.017788835
0.0095179
0.015116637
0.9673962
0.9730182
0.025162807
0.98717684
0.9818143
0.42182606
0.9842367
0.9287657
0.43585554
0.81529295
0.0102216285
0.4670736
0.005552913
0.9371876
0.48761702
0.012029058
0.014950863
0.8371227
0.9886691
0.016394496
0.8354399
0.00531825
0.98747677
0.9932569
0.64986396
0.012449026
0.014926094
0.43961516
0.015306168
0.9810176
0.46840835
0.007958855
0.9334718
0.88585496
0.0005714491
0.99045616
0.007799045
0.0031862934
0.44673496
0.44242546
0.96947193
0.0065429583
0.011181078
0.004864503
0.9854204
0.9646868
0.42998445
0.46840835
0.46824843
0.9351691
0.9646372
0.43686727
0.39467868
0.98148227
0.007564837
0.008093987
0.46840835
0.4370366
0.99535096
0.010536729
0.010150687
0.8998054
0.98768836
0.012545323
0.29749882
0.014506197
0.46679726
0.0071335565
0.6525592
0.0059087775
0.9847438
0.43536237
0.4491169
0.46840835
0.0055119554
0.020406762
0.012869853
0.5415192
0.5623512
0.04291702
0.98129785
0.9610744
0.7968774
0.4408019
0.015060386
0.67272776
0.018779214
0.962216
0.40034553
0.002122756
0.45641962
0.009655614
0.016694995
0.0076305666
0.4383345
0.00224536
0.46840835
0.32623592
0.97274786
0.4373517
0.5038532
0.44425017
0.005441778
0.019770827
0.010793707
0.0058996202
0.985794
0.017616162
0.0052382825
0.40561083
0.9546172
0.9667241
0.43322593
0.0070858058
9.3602255e-05
0.006733454
0.9965013
0.014546909
0.9907736
0.46840835
0.44431573
0.9957838
0.009198595
0.9118819
0.9789569
0.006170872
0.9874529
0.57368225
0.0062434836
0.46840835
0.009679327
0.9817407
0.9078136
0.9935917
0.4943514
0.92647505
0.011807227
0.009423489
0.013354243
0.011211612
0.017723138
0.93775743
0.6591111
0.015224938
0.74790585
0.0072822073
0.9821071
0.022677166
0.004453455
0.022172125
0.46828008
0.46840835
0.0079222685
0.011336776
0.010440425
0.9384518
0.005074405
0.99989605
0.9778668
0.85962653
0.0014821374
0.759062
0.014714089
0.34214845
0.44016558
0.0036089474
0.46840835
0.01072677
0.6606002
0.007890827
0.89743906
0.75997573
0.003411214
0.00922849
0.009593029
0.9422369
0.9899692
0.98069406
0.46744546
0.0025265766
0.89847004
0.46840835
0.9920088
0.012461636
0.88502467
0.5936124
0.43544492
0.0058467668
0.44143203
0.98748606
0.9872667
0.052106235
0.993764
0.9670392
0.0044236947
0.010664689
0.015593138
0.9961308
0.05854746
0.715245
0.9410848
0.009778029
0.016574848
0.008456008
0.005314871
0.46808356
0.88527787
0.99340665
0.9577998
0.39819172
0.4894562
0.0024525297
0.6587493
0.97255445
0.99817324
0.008408889
0.010391374
0.42801747
0.013486078
0.9883956
0.63518924
0.016906543
0.9299423
0.023669684
0.01678445
0.9945803
0.46684125
0.46840835
0.9890054
0.0045081573
0.8230196
0.9426977
0.98528117
0.4568474
0.013058119
0.98996186
0.9391239
0.467896
0.013804554
0.59496915
0.9719991
0.8659917
0.990617
0.9496042
0.82099336
0.9475484
0.0002959639
0.0028204205
0.8138075
0.017748524
0.004180219
0.032494694
0.019310629
0.012479124
0.009934683
0.9573621
0.63858855
0.2783573
0.46840835
0.973569
0.011423739
0.01547242
0.9817794
0.005918302
0.98754495
0.98401237
0.46840835
0.46840835
0.9190869
0.0053127594
0.026416406
0.9987919
0.4429672
0.014854499
0.98717624
0.012750277
0.47006902
0.0021645701
0.014113368
0.46275184
0.017602295
0.00555737
0.009459915
0.005867246
0.43330795
0.00449313
0.009328728
0.88117343
0.99064964
0.45214644
0.02163912
0.9630184
0.0042602834
0.017365653
0.9911842
0.46840835
0.017084878
0.46840835
0.44245952
0.8756727
0.0070146774
0.99231285
0.46270072
0.014049855
0.4468594
0.0029726147
0.41803378
0.008547353
0.011023334
0.014000836
0.94435644
0.46840835
0.0073115462
0.9590716
0.008350715
0.02328379
0.43115112
0.014375396
0.9467689
0.4713059
0.59102064
0.0065329983
0.012583788
0.002780732
0.8476235
0.0026155557
0.9699131
0.0051402887
0.036746472
0.46840835
0.008611809
0.012021614
0.9594981
0.9677096
0.4668089
0.97552615
0.009022667
0.0056033316
0.83765656
0.924304
0.89979
0.016841415
0.9831729
0.9893533
0.46840835
0.98585725
0.011305351
0.9962082
0.8710725
0.97311485
0.002577982
0.015329471
0.0060847336
0.4641785
0.0071593644
0.8656579
0.011912136
0.9997669
0.4354915
0.70302767
0.9847244
0.008282702
0.020833366
0.018932804
0.49954033
0.89757377
0.8019778
0.99307644
0.56896824
0.4851056
0.49785638
0.018163253
0.433013
0.8863051
0.7095099
0.004000774
0.9674769
0.97891915
0.99364233
0.9829223
0.023326494
0.00486515
0.9485814
0.9786106
0.0061355126
0.5537098
0.43595922
0.9737108
0.018664846
0.009267978
0.98902446
0.91654533
0.4619712
0.9749976
0.90372473
0.015177114
0.0048650713
0.0005383421
0.9856894
0.97709
0.07960622
0.99352384
0.46840835
0.9887716
0.9982122
0.87290376
0.004834982
0.01263331
0.93731004
0.018861907
0.0036181116
0.006573472
0.5470974
0.01989174
0.009530467
0.014307289
0.41652107
0.9710579
0.4317193
0.7420595
0.0028228813
0.46840835
0.00975991
0.46711895
0.004329397
0.012995034
0.017823428
0.006591614
0.5694905
0.43515506
0.6035435
0.01194336
0.9446068
0.44438618
0.002519789
0.0048060636
0.47186583
0.48074126
0.38936165
0.6553938
0.0064682164
0.4352248
0.023176266
0.46840835
0.4401191
0.46592352
0.42667943
0.43951103
0.98699445
0.006504612
0.9734957
0.94638413
0.8957165
0.8169055
0.0052817045
0.9431344
0.99244434
0.7640654
0.0041969535
0.9533064
0.560218
0.97488314
0.44378045
0.005005722
0.46840835
0.98370415
0.43369937
0.9728872
0.004062726
0.0054577654
0.0010394566
0.44499642
0.9905924
0.46840835
0.43125302
0.46840835
0.7458845
0.013475208
0.93634564
0.98368555
0.9725954
0.97215265
0.9491402
0.36690736
0.0037078694
0.98116344
0.4343399
0.97622
0.40554947
0.99281776
0.4679536
0.6949819
0.98647493
0.0056101796
0.46840835
0.9679307
0.01736013
0.9864356
0.01405621
0.00632879
0.021568058
0.014890729
0.43951204
0.0030030636
0.46840835
0.46840835
0.9755992
0.006733773
0.8806194
0.5377471
0.006103501
0.008004584
0.9870632
0.9161913
0.41585347
0.8911553
0.987857
0.98040605
0.011118788
0.98207045
0.0066399234
0.98168176
0.0034931507
0.0017339933
0.44770905
0.90481955
0.012447409
0.99842095
0.4392843
0.9911719
0.42279452
0.008194123
0.83867073
0.96212167
0.0053559165
0.9964401
0.9851349
0.01103256
0.77966154
0.002902792
0.0062915357
0.43111318
0.46717176
0.7413832
0.46840835
0.46840835
0.46840835
0.7473527
0.43427217
0.46840835
0.014088323
0.891685
0.4184108
0.44033873
0.008225059
0.0056841713
0.87727994
0.4394845
0.4571853
0.012178566
0.9674013
0.4218016
0.0060301977
0.9788448
0.0080132065
0.4339138
0.8856422
0.010735436
0.010311585
0.9627479
0.9826744
0.43677244
0.46837664
0.59958804
0.019877408
0.43685433
0.98646694
0.4069747
0.43417305
0.04737636
0.015356254
0.44334862
0.43351853
0.43220118
0.91533005
0.9875975
0.962447
0.009400966
0.4237143
0.9458824
0.007475212
0.0068871393
0.4597458
0.007894322
0.98722863
0.98722976
0.98180145
0.9970252
0.012223461
0.0075818393
0.8512067
0.98339224
0.96894526
0.9773048
0.46840835
0.44395164
0.9931356
0.0041936585
0.95483726
0.97506046
0.0023540368
0.00288993
0.007591856
0.018467499
0.96239763
0.9489528
0.67313385
0.025661191
0.9795705
0.018334972
0.47032872
0.006099429
0.94398844
0.96284026
0.86955595
0.9571748
0.9488273
0.010581327
0.43971986
0.0076268488
0.9723059
0.59487027
0.46758336
0.006782373
0.9912776
0.9902552
0.46840835
0.0036903415
0.96621156
0.003065159
0.89127195
0.87764496
0.9763678
0.007881321
0.44575638
0.8817789
0.008869368
0.0026958005
0.015168934
0.9687449
0.0063753007
0.54069406
0.9488426
0.8029008
0.013688498
0.0037570696
0.97769976
0.97117686
0.00645048
0.9566484
0.46840835
0.0072148647
0.025089363
0.00576669
0.00094791927
0.99400383
0.44052014
0.003268243
0.84799266
0.93339133
0.019715741
0.007926437
0.9273983
0.025948068
0.83406794
0.0051518064
0.008295199
0.018093329
0.007288022
0.76744527
0.007716562
0.012941945
0.93770653
0.005633526
0.0048688357
0.48075083
0.45450866
0.0065387446
0.0016150883
0.42416862
0.43682122
0.9562617
0.9612148
0.9643345
0.0055287248
0.4855236
0.024610816
0.98241687
0.008646467
0.99641895
0.96746427
0.9749971
0.50097406
0.0049622357
0.0034548924
0.44051504
0.66654485
0.41882917
0.601499
0.5891989
0.46840835
0.43992177
0.7923074
0.46305624
0.41442028
0.6886446
0.6180526
0.98998755
0.46840835
0.9944027
0.009833254
0.020253316
0.84017676
0.023771461
0.008963689
0.0021113227
0.0050357743
0.4964516
0.9409847
0.99688184
0.8767427
0.008631201
0.98893774
0.006952043
0.0022710478
0.0042094714
0.6809057
0.0030066893
0.005857642
0.43508488
0.8385921
0.009019657
0.43829134
0.0050994167
0.01970702
0.01674069
0.004505924
0.003985795
0.9787799
0.0077698026
0.96089363
0.010180329
0.43706894
0.0050533605
0.9466392
0.46840835
0.006713825
0.002719244
0.9898616
0.9226458
0.015000665
0.008262571
0.020061104
0.40126365
0.7532714
0.98643154
0.0014579868
0.9958378
0.76852894
0.9849856
0.010184798
0.960673
0.007966847
0.00411746
0.44826928
0.9887348
0.003956189
0.42548195
0.94212264
0.0079007335
0.004187848
0.0064532612
0.004871886
0.978779
0.8791145
0.005608042
0.44746202
0.95647335
0.007621026
0.43738022
0.9650978
0.010911798
0.0075569944
0.93775463
0.00942104
0.009074883
0.893523
0.4350188
0.98999184
0.0055815605
0.011653247
0.011510753
0.00042697336
0.042586498
0.9818823
0.36435685
0.004933346
0.43345273
0.9500989
0.46840835
0.88876516
0.46840835
0.017069014
0.006046631
0.9802255
0.007477201
0.4353948
0.004935692
0.42886895
0.9581206
0.43429974
5.644823e-05
0.9920603
0.43872395
0.009876517
0.46828577
0.9176587
0.97275984
0.014701375
0.93682724
0.009272884
0.44184464
0.46824226
0.9618957
0.0072810496
0.46840835
0.9332204
0.011341246
0.013558437
0.98211306
0.005939881
0.99929214
0.0042810957
0.66966283
0.41425028
0.0096139
0.951775
0.0047024344
0.009830821
0.46840835
0.9314893
0.0063213515
0.025923941
0.99692035
0.57688564
0.96208054
0.9928498
0.46840835
0.9121941
0.46840835
0.007312156
0.948645
0.0056323023
0.43535012
0.01778972
0.0053272177
0.97057885
0.0067961407
0.96661466
0.46840835
0.007106058
0.007842484
0.005749028
0.004475891
0.97275734
0.004594409
0.97466314
0.0072436663
0.4340856
0.46840835
0.9957884
0.99208164
0.83220696
0.007735256
0.84215766
0.009593736
0.0035191935
0.002093113
0.002628287
0.0070016505
0.991835
0.43975255
0.4266956
0.010044286
0.45862675
0.9417522
0.98303384
0.9246978
0.9386293
0.9334635
0.4879542
0.94526523
0.9896487
0.0070937676
0.9696297
0.47791287
0.011134832
0.46926776
0.98169965
0.016061006
0.94302607
0.004528146
0.46840835
0.9870811
0.9841352
0.46840835
0.46840835
0.99019986
0.0051490944
0.011956963
0.017470602
0.0043459376
0.46625903
0.045369875
0.012953317
0.9851614
0.6103045
0.8282917
0.42354617
0.436381
0.026678633
0.434138
0.43223596
0.46840835
0.012736576
0.962086
0.008365875
0.91993713
0.004776546
0.76859885
0.9854756
0.7373554
0.46840835
0.0072360653
0.94542193
0.006994062
0.61337185
0.015997501
0.0133934915
0.010401706
0.4418372
0.95641917
0.008734837
0.006862851
0.46840835
0.98199916
0.46840835
0.015817737
0.90359694
0.7171769
0.97307926
0.015086551
0.013321775
0.97899026
0.024134286
0.004772209
0.44857955
0.46230462
0.46840835
0.4277881
0.007694664
0.98869085
0.46840835
0.0064942357
0.46840835
0.4343812
0.033381946
0.015377452
0.99792373
0.8792403
0.017415455
0.005570466
0.016804954
0.9647606
0.012599047
0.89031833
0.4665848
0.46840835
0.0038045268
0.009727814
0.9691009
0.9810373
0.98799944
0.4796072
0.45882317
0.99778074
0.0052108727
0.006539135
0.022295512
0.97933334