0.5336279
0.9999956
0.44904846
0.59875584
0.44914508
0.011760788
0.010999779
0.9999964
0.44860074
0.8458058
0.0020628416
0.00981711
0.014709411
0.4073027
0.99919754
0.038252506
0.02830741
0.9997956
0.025216913
0.5254615
0.93498576
0.009521977
0.4490652
0.00952052
0.01216448
0.020780288
0.5220458
0.9905488
0.4491628
0.99991894
0.006863329
0.44907808
0.53621924
0.4489774
0.4379988
0.43903598
0.5298731
0.99677855
0.99999964
0.99998605
0.01938512
0.519976
0.007734539
0.44864485
0.012941464
0.008584203
0.5904208
0.9364343
0.013492061
0.99991465
0.9996884
0.009515149
0.9995828
0.9998976
0.5219008
0.023975076
0.5360395
0.06502625
0.031735785
0.019254278
0.5973663
0.99986553
0.539666
0.44900098
0.96791226
0.70887315
0.5666822
0.023997927
0.80589926
0.5411003
0.99977416
0.012509523
0.70452267
0.2208726
0.0009100032
0.008862923
0.008878825
0.54711956
0.44906938
0.4453001
0.023168461
0.009719958
0.4491106
0.9994417
0.9996691
0.018763985
0.59093004
0.9993185
0.9989189
0.9625573
0.008418756
0.00996285
0.99956006
0.9812244
0.00047742677
0.023270817
0.998467
0.9157515
0.9999932
0.9999552
0.44902107
0.44900954
0.009458843
0.010762156
0.4458173
0.0046084784
0.0091528455
0.9783382
0.99713635
0.99996567
0.020993356
0.44900954
0.99464345
0.0087145595
0.4489993
0.02004502
0.01465862
0.032962568
0.9997466
0.5749246
0.99971694
0.9999131
0.006719977
0.9999863
0.034134146
0.99903095
0.009764294
0.015869925
0.018523728
0.96440405
0.9997148
0.97835255
0.03954905
0.99852127
0.006652346
0.017347144
0.5269804
0.9999927
0.44905517
0.011064237
0.9999901
0.010975623
0.9969008
0.016844835
0.99574524
0.03223092
0.0077985246
0.08453933
0.022326956
0.008209654
0.9999478
0.9664944
0.44904622
0.020942546
0.0180686
0.43849394
0.99997663
0.007450097
0.015348886
0.9998745
0.99995947
0.99942076
0.533768
0.9991792
0.99898404
0.01592543
0.6009392
0.55952126
0.017888889
0.016129587
0.013679398
0.44889337
0.013040966
0.44678414
0.015942357
0.0036858998
0.0047426173
0.9998318
0.05318507
0.020526811
0.4102875
0.0077359374
0.0064253807
0.99999356
0.99065137
0.9977023
0.44763154
0.44896162
0.032177456
0.99991703
0.009324674
0.99998856
0.9998921
0.9999759
0.025897559
0.017800746
0.44909957
0.9990742
0.0011869112
0.0064956136
0.016521411
0.9997265
0.9995888
0.9977095
0.9998541
0.9999988
0.01370724
0.99998415
0.028635468
0.018353518
0.44910684
0.4490665
0.9999682
0.04696752
0.44909275
0.4489066
0.014103637
0.30259165
0.019485548
0.024403503
0.04533703
0.99997866
0.03828809
0.008108167
0.014061247
0.9998217
0.99338007
0.019537037
0.44898757
0.007849332
0.99932706
0.44844776
0.35757795
0.44904608
0.53585094
0.44574118
0.99950886
0.9999932
0.01177372
0.009929971
0.035081964
0.0045823953
0.9997836
0.96900284
0.9386589
0.014528941
0.44899136
0.1199915
0.44905612
0.33936462
0.99999857
0.016641488
0.94533515
0.005881754
0.010672249
0.0071873544
0.9974287
0.9957201
0.9999442
0.99998474
0.9999974
0.021907397
0.9999896
0.9988846
0.61904186
0.009777776
0.013205027
0.03140721
0.40266532
0.99995756
0.44906732
0.70512056
0.03370471
0.007712456
0.9957883
0.5156944
0.31887314
0.010316977
0.9994099
0.98250157
0.99998546
0.9999814
0.00061639765
0.008651004
0.99998736
0.9978976
0.44462904
0.9990482
0.008424079
0.44919994
0.5315474
0.99991286
0.5345831
0.018239854
0.9967411
0.028444223
0.52553844
0.9930636
0.008332877
0.9999703
0.4491495
0.020117754
0.88022405
0.99947125
0.9996007
0.0115692895
0.5392669
0.062414948
0.9998771
0.016731534
0.026565842
0.91003025
0.99980515
0.99917537
0.9996026
0.016451247
0.039635282
0.027678808
0.99974185
0.016938971
0.015237985
0.025712123
0.010496983
0.009266998
0.9999548
0.5775014
0.0066707633
0.0070072254
0.4491203
0.9953999
0.5429835
0.015024878
0.9999336
0.9999689
0.7019841
0.44906625
0.9999832
0.9999696
0.025712023
0.013565588
0.011209021
0.014366007
0.9992924
0.08625411
0.9995678
0.8588488
0.58548945
0.99824095
0.9999944
0.999481
0.9969062
0.007872176
0.99995446
0.07168832
0.9964903
0.02196391
0.022398895
0.55133224
0.9999161
0.9420679
0.00408364
0.9996544
0.0405285
0.023486316
0.011305106
0.4490641
0.9337469
0.0071309768
0.007941975
0.44921204
0.4490391
0.01446553
0.99998915
0.0041125864
0.009834907
0.012023363
0.9998286
0.88905346
0.016600532
0.056659814
0.9999527
0.99997973
0.94625616
0.0037225855
0.00054528157
0.9696536
0.9996246
0.10920526
0.030012565
0.9999181
0.6471918
0.08649302
0.013502747
0.09633399
0.44906113
0.99968433
0.9977786
0.01156277
0.004943135
0.0071918303
0.007866221
0.99877864
0.9998048
0.0682197
0.52739817
0.4308838
0.99999833
0.99994373
0.99954766
0.4491255
0.98806727
0.44550878
0.9854762
0.999814
0.007657674
0.012067944
0.9933448
0.008622515
0.9999974
0.022635903
0.017663598
0.44564998
0.02223289
0.0080266055
0.9906713
0.9999869
0.99993634
0.11985532
0.012610163
0.024279548
0.011468051
0.99881124
0.44757804
0.44023868
0.049007628
0.010982747
0.99997926
0.5249788
0.71524626
0.44354418
0.005090664
0.050483726
0.007145089
0.99902546
0.99998975
0.023950204
0.9999722
0.999258
0.44905525
0.9999585
0.98961335
0.44913316
0.9783238
0.008196128
0.49061248
0.03079137
0.99954504
0.7274105
0.009827266
0.010774638
0.9991041
0.99998176
0.004770097
0.877496
0.008185978
0.9999598
0.999954
0.37656736
0.0073147584
0.011441852
0.44905165
0.011443011
0.9999057
0.59460425
0.018785032
0.997338
0.9819884
0.030107751
0.99996674
0.018796796
0.013277022
0.44757202
0.4490616
0.9997732
0.021211704
0.10789089
0.007731773
0.9999598
0.99991405
0.44904846
0.52232224
0.96476585
0.9999995
0.94379354
0.44889882
0.44913098
0.9997055
0.010966081
0.043353725
0.5233376
0.44898954
0.9999608
0.010260948
0.00702738
0.99035406
0.9997613
0.01948384
0.4467441
0.008310731
0.8889149
0.022457216
0.8884395
0.0054480988
0.9999782
0.44906405
0.4490276
0.5474799
0.04870829
0.006942865
0.017311618
0.5814325
0.5264189
0.028018719
0.9982639
0.9999994
0.9347388
0.44907954
0.0063890107
0.9948894
0.032811858
0.99835265
0.4489362
0.0011100243
0.13270265
0.011383405
0.008073902
0.00433789
0.44906977
0.008910406
0.535688
0.44902328
0.9999907
0.44910926
0.99912256
0.44456354
0.023659851
0.005471142
0.0308387
0.037847646
0.9998834
0.015737701
0.032832187
0.44907978
0.9998467
0.9999329
0.44906422
0.022611162
0.11576114
0.0070528802
0.9995839
0.006807599
0.99998426
0.4668253
0.4490417
0.9999577
0.012223231
0.995272
0.999954
0.01925092
0.9948673
0.98398244
0.0061951475
0.52874607
0.017080193
0.9999336
0.9993254
0.99998903
0.9902686
0.9981793
0.022713251
0.0071957875
0.0062689018
0.012493171
0.0147974845
0.9998229
0.6609496
0.013464791
0.38841802
0.022541532
0.99978346
0.0006903486
0.0137419775
0.0052599963
0.41966498
0.53477186
0.00495553
0.019785438
0.022370318
0.99986553
0.025850885
0.9999975
0.9999968
0.9979814
0.016327824
0.9242747
0.006267541
0.4489756
0.44905785
0.027121248
0.574975
0.02890949
0.8238522
0.020333735
0.9980611
0.55257565
0.0068973415
0.04517333
0.014423878
0.9952136
0.9998739
0.9997044
0.16724725
0.012647109
0.91339296
0.5204779
0.99997413
0.014173639
0.95830464
0.9908324
0.4491106
0.012528085
0.44905925
0.9986792
0.9998148
0.110103436
0.9999949
0.9996401
0.010047098
0.025246672
0.010586205
0.9999213
0.0007602199
0.54524463
0.9998841
0.021731662
0.0075394623
0.018683165
0.004586384
0.5624862
0.98237085
0.9989697
0.9111672
0.44893005
0.68096006
0.011862496
0.99993646
0.9904834
0.99991703
0.020652976
0.011871593
0.4490573
0.02147055
0.9998671
0.69209474
0.008239378
0.96128464
0.009231142
0.009363411
0.9999608
0.068369865
0.52717537
0.99998605
0.020758675
0.95539194
0.9994229
0.9997812
0.46905187
0.018780207
0.99974924
0.9990386
0.5043198
0.02291172
0.9303423
0.999913
0.972712
0.9998142
0.99656916
0.999788
0.99709976
0.026484946
0.017377382
0.92322046
0.014774701
0.0027450991
0.09411575
0.018686768
0.010494453
0.022558684
0.9996644
0.64852107
0.4489173
0.5251809
0.999997
0.08581744
0.014567382
0.999972
0.008140383
0.99918085
0.9999827
0.6475917
0.5229071
0.99727696
0.016170653
0.0012372236
0.99999905
0.44906121
0.011855947
0.9913735
0.0093679195
0.52394897
0.005745208
0.008856915
0.8705003
0.0074429987
0.01184728
0.017799428
0.027554113
0.44901857
0.009409797
0.01818928
0.96586645
0.9993963
0.4428661
0.012321254
0.99434763
0.021342544
0.007856484
0.99991167
0.56529987
0.025635708
0.52041703
0.44907233
0.9999802
0.0059458357
0.9999989
0.17933708
0.014341876
0.44841534
0.0021916223
0.44904396
0.025608601
0.010359832
0.009320001
0.8554499
0.5220968
0.013753279
0.99786735
0.02721567
0.015635919
0.4490904
0.02540397
0.998665
0.5405712
0.9826506
0.012389758
0.0016503541
0.014965849
0.98937184
0.0046746996
0.99850357
0.011210866
0.00083930074
0.5528354
0.006753096
0.0078017656
0.99910283
0.99999845
0.062194116
0.9997546
0.010233285
0.02580886
0.9997819
0.8348357
0.8437116
0.007475955
0.9997646
0.99982065
0.5209539
0.9999968
0.036611177
0.9983557
0.9918886
0.99839467
0.023703652
0.05431221
0.018100718
0.041550837
0.0153759075
0.9999908
0.009150545
0.9999994
0.4490402
0.916855
0.9999006
0.009265422
0.010090873
0.007066107
0.3554396
0.9999963
0.99790984
0.99999356
0.6144457
0.93475235
0.946322
0.008754172
0.4490505
0.99898714
0.8410804
0.020504978
0.99942386
0.9966204
0.999969
0.99933857
0.009953063
0.024452113
0.98743665
0.99999857
0.006129409
0.4401623
0.44906992
0.99986994
0.00728187
0.013039812
0.99966705
0.99697363
0.34453604
0.9709182
0.9947753
0.011441841
0.007430275
0.071369186
0.9999943
0.99999905
0.4442155
0.9999771
0.5318647
0.9997017
0.99998677
0.9991923
0.01504829
0.00959937
0.9994561
0.028504374
0.011171382
0.008351505
0.981628
0.005578587
0.024003156
0.00992511
0.44902453
0.9999846
0.44907838
0.9474675
0.009659956
0.55004567
0.022424698
0.081579365
0.22178942
0.010002393
0.013532244
0.014208119
0.50899726
0.4490528
0.99521
0.01181944
0.999129
0.44904947
0.006229136
0.029056292
0.45684287
0.53588855
0.44472522
0.5030248
0.009825309
0.44687602
0.012266797
0.91002965
0.4490072
0.1501984
0.44907156
0.44336802
0.9999838
0.022587074
0.99990773
0.9994276
0.95364666
0.8351078
0.011791738
0.999851
0.9997212
0.552487
0.0075216154
0.99951077
0.25841084
0.99986994
0.5239216
0.018722793
0.5271614
0.9996854
0.4491504
0.9991154
0.01976017
0.010740344
0.034103606
0.3617746
0.99997044
0.52847636
0.44907188
0.69477373
0.9996551
0.02298133
0.9999995
0.99986374
0.99794894
0.99729556
0.98363954
0.4490753
0.023031252
0.999605
0.44903928
0.99994326
0.44913223
0.99991035
0.5667594
0.9714076
0.9997229
0.003007025
0.5415417
0.9999931
0.0077893063
0.9994624
0.015242781
0.022386305
0.02558636
0.015736762
0.44905528
0.012661157
0.54807687
0.5229283
0.99977785
0.020134922
0.9832355
0.5549158
0.039553367
0.011173589
0.9998092
0.987398
0.449039
0.97704494
0.99976486
0.9994184
0.012847155
0.9995957
0.04276027
0.9971011
0.008552482
0.014491767
0.44905674
0.99957055
0.0108489245
0.9999958
0.43962318
0.9978656
0.44905755
0.011486537
0.9856124
0.9996362
0.037426393
0.9992317
0.99853027
0.011930414
0.9273159
0.016685542
0.019585008
0.4489336
0.077352345
0.86192614
0.4987881
0.5426346
0.52688926
0.9782462
0.44902626
0.5749749
0.007864174
0.8989293
0.44900155
0.4482551
0.016195767
0.017834015
0.99999714
0.44916207
0.54013747
0.014202245
0.9994012
0.42006242
0.013461504
0.99983406
0.013604125
0.4490729
0.9978409
0.018184502
0.0049316986
0.99936277
0.999964
0.4490693
0.44085303
0.6312458
0.0072134887
0.44906434
0.9999763
0.44913608
0.44903094
0.017368598
0.027118675
0.44139212
0.449005
0.44886163
0.99697435
0.971338
0.97582245
0.008499179
0.44907057
0.99009633
0.009099201
0.0252641
0.6143371
0.015806703
0.9992324
0.99998903
0.99997735
0.9999654
0.0105421245
0.026594095
0.98065245
0.99994075
0.9995939
0.9924229
0.58531356
0.44906434
0.9999659
0.016133688
0.9995078
0.99913895
0.0124721145
0.00764769
0.008045406
0.007980415
0.9998017
0.9843828
0.97240293
0.03634241
0.99999225
0.032412823
0.56637806
0.01299911
0.9998504
0.99943036
0.98860335
0.99989593
0.99301285
0.0057508517
0.44513783
0.015408253
0.99886703
0.77344406
0.57162833
0.013244709
0.999992
0.9999876
0.6147794
0.007958719
0.9998964
0.010385075
0.98614997
0.9965725
0.9997985
0.01745963
0.44937423
0.99974424
0.039633814
0.011966791
0.0061854552
0.9998821
0.012088603
0.55055064
0.993911
0.89712006
0.038746033
0.01047325
0.9999671
0.99998546
0.008922791
0.9999695
0.50594413
0.013110353
0.009365251
0.20975505
0.006132152
0.9999292
0.44915384
0.024375372
0.9704409
0.9803492
0.009506138
0.0082597975
0.9996111
0.006286854
0.98429906
0.013077049
0.025646793
0.019219248
0.024375688
0.95761555
0.017428605
0.01068707
0.9987256
0.017455066
0.02246136
0.7849853
0.11312578
0.011467262
0.041295525
0.444387
0.44913718
0.9992654
0.99697125
0.9998216
0.008848551
0.98036855
0.008839005
0.9970341
0.045551743
0.99998593
0.99690765
0.9998523
0.996953
0.017662069
0.020672427
0.44910818
0.97742873
0.44907007
0.70756036
0.17237645
0.38409838
0.44921267
0.73252237
0.5596007
0.44904682
0.91886955
0.879218
0.9999825
0.53462964
0.9693161
0.010945935
0.014105494
0.97261536
0.068381675
0.029896988
0.0093188705
0.012163746
0.924098
0.9735441
0.99986947
0.9994493
0.028770119
0.9999944
0.05009398
0.0059500453
0.0003190165
0.9913959
0.006237951
0.020326165
0.44899678
0.9999186
0.008530938
0.44907594
0.028660892
0.012749407
0.014008953
0.0075760293
0.020890722
0.9987972
0.030859996
0.9988201
0.0046039573
0.44906121
0.018622398
0.9983063
0.2649192
0.011714074
0.01663524
0.99999166
0.99725777
0.008616631
0.00994035
0.009742032
0.44906783
0.96091694
0.9999957
0.011718313
0.99965525
0.9056011
0.9986217
0.011265468
0.99999225
0.007482918
0.0074657514
0.5409596
0.99918145
0.012082449
0.4461124
0.9922903
0.011629907
0.024140699
0.022558244
0.01455224
0.9999335
0.9991109
0.025469024
0.4423735
0.99989665
0.023740742
0.55529803
0.999172
0.014092013
0.014949446
0.9999877
0.014280854
0.019428052
0.9996886
0.44906688
0.9999882
0.016442552
0.010384193
0.024110898
0.110710755
0.0019681558
0.99974996
0.43990645
0.014081801
0.44906098
0.9999367
0.9492914
0.96183795
0.523846
0.007404177
0.016595613
0.99983346
0.0030220656
0.44921824
0.02212352
0.44907823
0.9990427
0.44907048
0.067045234
0.9999579
0.44911703
0.0086746905
0.33974788
0.9750826
0.9995012
0.029172571
0.9555142
0.0111726355
0.44867525
0.5316397
0.9991123
0.0068794168
0.54285926
0.9983051
0.010416402
0.0052815545
0.9999106
0.036625512
0.9999918
0.015033334
0.9459683
0.44990942
0.022797525
0.9991903
0.0369549
0.012145693
0.52378845
0.9998615
0.014484693
0.00055144855
0.9999989
0.53670603
0.9987973
0.9980849
0.5279309
0.997717
0.5573463
0.027998447
0.9999019
0.018959902
0.44899097
0.031217322
0.017172726
0.9999602
0.012717623
0.9917442
0.54990834
0.012752847
0.015976159
0.02196974
0.017538842
0.9992805
0.04069608
0.99913627
0.014682289
0.44906002
0.6036105
0.99971277
0.9998067
0.9490581
0.012763621
0.9854408
0.04669587
0.013018818
0.009773575
0.0143902665
0.004074733
0.99999666
0.44833732
0.44905567
0.005246797
0.31088907
0.99943656
0.9999567
0.9988643
0.9996842
0.99923575
0.9002458
0.96543604
0.9985252
0.020417249
0.99980897
0.7040388
0.006519494
0.45244285
0.99980325
0.010900173
0.99859804
0.019000461
0.55697715
0.9999995
0.9999833
0.560666
0.7051993
0.9996356
0.007151163
0.019693635
0.03924238
0.042970553
0.081393726
0.00031600127
0.008570728
0.9999664
0.9998971
0.9315075
0.449069
0.44920468
0.082143866
0.4492054
0.4490993
0.44456056
0.016471906
0.9928878
0.0033189433
0.99904174
0.0047161286
0.34279853
0.999938
0.9999738
0.7005149
0.00727114
0.9969734
0.0050713704
0.9957118
0.00809076
0.021219641
0.011630095
0.4490777
0.99992025
0.008277299
0.014682538
0.54417276
0.9999857
0.5677562
0.0099133095
0.99711895
0.89983255
0.99995697
0.011654977
0.01014799
0.9998435
0.046000022
0.014673779
0.44900358
0.5251614
0.52906024
0.4490529
0.022592334
0.99983954
0.5290966
0.022271505
0.5312698
0.44912297
0.0027569248
0.006392908
0.999998
0.9980203
0.03559645
0.013037665
0.02537212
0.9896214
0.07808476
0.9861078
0.1313
0.5851143
0.0063272943
0.036987353
0.9998227
0.99997926
0.9998709
0.7789358
0.19958082
0.9998603
0.0262879
0.041039728
0.01874667
0.9999931