0.5750101
0.63642144
0.066237725
0.62022567
0.05857454
0.0018314187
0.00044600255
0.670875
0.0107985865
0.53556186
0.0013018369
0.0004044792
0.0151882
0.009451081
0.6547622
0.19928995
0.047991067
0.21464288
0.0100237485
0.5279223
0.5945487
0.034717936
0.020939616
0.0009986493
0.016203152
0.024010612
0.54528975
0.5916501
0.010240344
0.5873477
0.0012955021
0.061297078
0.5754348
0.058057997
0.15161388
0.0041517876
0.6249492
0.54735523
0.5994635
0.52990603
0.055530306
0.5473238
0.00075170596
0.016112268
0.0054700295
0.005041248
0.5803124
0.5277866
0.04837579
0.5324536
0.41866687
0.00062564836
0.59644246
0.57166797
0.55600196
0.027422432
0.5588724
0.112352766
0.11421023
0.08127866
0.6245393
0.6473309
0.5805343
0.5364152
0.5540587
0.59500206
0.70758474
0.0003772565
0.5660841
0.6008605
0.63676786
0.041922085
0.6018865
0.09875986
4.3191e-05
0.0011055956
0.0053561153
0.5805742
0.41607112
0.0017175187
0.00032720694
0.0004482274
0.0023198063
0.6567157
0.5464215
0.00058076443
0.56899166
0.58178157
0.5487631
0.21699838
0.001003631
0.00683804
0.59224427
0.6797436
3.9053113e-05
0.00083068
0.53596824
0.5295903
0.6563478
0.61433434
0.12450306
0.09281506
0.004653566
0.01456142
0.0039337776
0.0068857437
0.000488602
0.6038645
0.52981335
0.5939499
0.0038915405
0.10717903
0.53734106
0.017074319
0.011383207
0.00038864888
0.046488687
0.014585114
0.59457326
0.5546473
0.5863098
0.5374541
0.008598898
0.56403
0.14891385
0.5705948
0.009890248
0.004996113
0.1047006
0.5408751
0.5576031
0.52938616
0.001107147
0.5591413
0.00013191286
0.0049214363
0.089668706
0.5838481
0.14881991
0.0019887707
0.5516093
0.029700177
0.5666912
0.021119189
0.16958028
0.01004393
0.0022524302
0.0001303239
0.0010893481
0.0008127739
0.5949306
0.56690365
0.010833686
0.00034184667
0.028535796
0.0017030701
0.6024654
0.0064581856
0.017641637
0.5380267
0.64462954
0.63811475
0.029652746
0.62895036
0.5435901
0.07889208
0.71702045
0.5771978
0.026471438
0.47409466
0.010144911
0.103075914
0.046972964
0.5253344
0.028705742
0.00042179137
0.00868081
0.61281496
0.03671499
0.031529207
0.09058621
0.0061181663
0.0001468502
0.63890266
0.5856095
0.6564419
0.006544663
0.05000452
0.0027093273
0.56261003
0.0024797148
0.5593099
0.6277098
0.5880804
0.015784865
0.00012615659
0.033700764
0.5282785
0.00067238323
0.0010317286
0.0010291693
0.5607197
0.54922897
0.570593
0.65564024
0.57628816
0.013364463
0.6703177
0.008870504
0.003592005
0.0054444056
0.0015643084
0.62025934
0.008558197
0.058356974
0.1485648
0.005340935
0.11654556
0.03267788
0.007378716
0.0037546218
0.5327892
0.048694804
0.0003842031
0.01376852
0.68624187
0.55549
0.034762997
0.016411437
0.007200589
0.6054972
0.010887118
0.5393542
0.4059452
0.5944443
0.08047511
0.5478019
0.67628706
0.05272144
0.0005391874
0.0011664819
0.00018329735
0.55086493
0.5298006
0.31000605
0.07088897
0.010692523
0.044634905
0.007838229
0.59657073
0.60075665
0.001321437
0.43115315
0.000792524
0.011548287
0.014970947
0.6272521
0.5599007
0.5732722
0.6431066
0.5579706
0.001366192
0.56207097
0.33988696
0.52500755
0.0073423088
0.0004852911
0.2908396
0.47179735
0.5876451
0.010005632
0.51867926
0.0021559855
0.0011225386
0.5907085
0.60015184
0.54391783
0.009686153
0.5495231
0.6338332
0.62400216
0.6944875
0.00012943876
0.008079816
0.5610987
0.56425846
0.0014639259
0.60599715
0.0036162126
0.22261584
0.5435206
0.5368102
0.5828236
0.0072052027
0.53865653
0.04649476
0.5747575
0.52993035
0.0036609557
0.5855304
0.028948471
0.02680247
0.54003423
0.63150615
0.60729885
0.020806909
0.5806945
0.0068314984
0.60054904
0.15059267
0.14839107
0.5778024
0.6556373
0.5702713
0.6176633
0.05682411
0.05747845
0.0026248791
0.6159416
0.10437193
0.007386861
0.2101257
0.0028798704
0.0011234595
0.609419
0.5911403
0.0017094404
0.00067081733
0.19710435
0.54078674
0.5309895
0.0003886996
0.56724083
0.532675
0.5619642
0.017983658
0.60629547
0.55517143
0.009164888
0.0004418348
0.0007745613
0.12592429
0.53241795
0.0025605054
0.55548054
0.5762413
0.5396854
0.62363714
0.5641506
0.5947319
0.5845744
0.0014069751
0.6460918
0.00024785762
0.5932463
0.00026424212
0.25417864
0.5975546
0.6338338
0.57776946
0.017418068
0.52976227
0.00082385546
0.11147981
0.035970703
0.0028521544
0.58762014
0.0040022563
0.0108040115
0.11904906
0.2035063
0.04226057
0.6284915
0.00040660548
0.017107634
0.016910378
0.5973686
0.5670607
0.11495288
0.004435096
0.64600194
0.116442785
0.6168708
0.003661043
0.0009139734
0.58487505
0.5959755
0.001414127
0.102680266
0.54538476
0.65893525
0.08993516
0.013325674
0.096962705
0.02297238
0.5689839
0.557569
0.009512152
0.00085621054
0.0028538692
0.0016926652
0.5726389
0.5828054
0.0012555132
0.34282777
0.016830927
0.5234713
0.5613359
0.6631233
0.0022383716
0.55390114
0.0013052349
0.56598127
0.55667406
0.0024662004
0.0006618854
0.6255983
0.0036655732
0.57514334
0.02205883
0.0036752946
0.0077449903
0.23560636
0.028028611
0.56000006
0.6095625
0.5702083
0.00096271094
0.02660354
0.013474669
0.0056633013
0.6466744
0.008158672
0.26333913
0.0013753937
0.0015207365
0.537742
0.5582012
0.583743
0.0040563256
0.0016440762
0.009965601
0.0005137287
0.52791405
0.5846583
0.007345531
0.5415467
0.596792
0.40693307
0.60131586
0.5328869
0.1601585
0.5258875
0.00070588203
0.5791512
0.08309823
0.6556677
0.5464114
0.010805404
0.002342009
0.60141563
0.674816
0.0010674974
0.5211298
0.00781503
0.55577826
0.16827571
0.55710644
0.0037913674
0.0007707966
0.17664649
0.00027463003
0.64419717
0.6609318
0.09240444
0.5532055
0.52280325
0.008419834
0.5565961
0.014332005
0.0024670593
0.010635865
0.006948824
0.5741265
0.15543887
0.3475157
0.010991617
0.642562
0.56002325
0.03152907
0.5434008
0.5771998
0.564351
0.5536557
0.3897337
0.037919875
0.5982218
0.0015203361
0.18045323
0.5945144
0.001554706
0.5628773
0.0020479436
0.0019135026
0.53224885
0.53045136
0.008978633
0.007995918
0.0040749786
0.2753986
0.0012811158
0.5455578
0.0010538644
0.62162405
0.026915152
0.006127022
0.5715879
0.34257275
0.0008852349
0.007056886
0.5478525
0.5750905
0.00447258
0.52436954
0.61929184
0.5214716
0.012228701
0.0028554476
0.57921237
0.00025268758
0.2290043
0.052976895
3.5052857e-05
0.012916095
0.020354485
0.007502492
0.0003251028
0.06539933
0.025760535
0.6263299
0.030035708
0.4689039
0.016380953
0.59484893
0.0015718671
0.008173653
0.0012159836
0.0019960296
0.20177938
0.5367304
0.00073254487
0.22241203
0.00887695
0.56490856
0.6957683
0.11947905
0.07366828
0.048723172
0.00015938735
0.59688956
0.0019183188
0.56276315
0.608304
0.01071904
0.5987912
0.0016367667
0.5958741
0.5831026
0.076373436
0.50389844
0.5960026
0.00024968776
0.565405
0.009968142
0.6992302
0.5732858
0.62237483
0.5910399
0.52532846
0.063583404
0.003223693
0.0010683425
0.006140417
0.00575774
0.5830246
0.5453027
0.0024119709
0.5170155
0.00073718856
0.5687452
0.0003614093
0.12737799
0.001326405
0.2543027
0.55265766
0.00079832703
0.011174216
0.017515644
0.6088918
0.11957694
0.6107064
0.64722407
0.53736055
0.121604204
0.576913
0.00093571475
0.0034212728
0.14498682
0.16793573
0.5936202
0.0073500383
0.6846618
0.37502465
0.5481791
0.14931004
0.03888519
0.0016350462
0.16148613
0.53403145
0.56855285
0.42732605
2.6519965e-05
0.0016245039
0.57299405
0.5153051
0.5833494
0.001131184
0.61395353
0.5441442
0.024459815
0.020327548
0.011541557
0.6185334
0.5448383
0.0057899007
0.56533784
0.55462825
0.019362869
0.0027434705
0.0011077531
0.38154244
3.8687696e-05
0.41048005
0.60049546
0.031458255
0.0045992327
0.042333484
0.00065855216
0.60243386
0.57689375
0.5635185
0.5442392
0.04271292
0.56941026
0.0065990803
0.6192256
0.56948304
0.61147046
0.20837562
0.00288064
0.00090883987
0.013360785
0.5499055
0.5525197
0.0051755523
0.60332745
0.0038623323
0.011612775
0.5398305
1.8376702e-05
0.54004866
0.57428926
0.0134818405
0.53536135
0.22567596
0.5528441
0.5369594
0.08249768
0.56837946
0.5612846
0.59987
0.0021394673
0.53578603
0.649703
0.5305451
0.2277864
0.18807545
0.6214433
0.574958
0.0048488183
0.16491958
0.5940593
0.00082697946
0.00025680754
0.0071320035
0.0016082827
0.000940808
0.017093368
0.54401076
0.54250485
0.1744471
0.6638276
0.59525245
0.058317997
0.096382424
0.5319441
0.0052007805
0.66755795
0.55784845
0.57994276
0.5034144
0.5581904
0.05766811
0.0029792038
0.53845066
0.004793941
0.0018572243
0.48181593
0.0032895068
0.53352535
0.00590183
0.0012312845
0.5769686
0.0011839303
0.058016073
0.0036809072
0.068047225
0.016495747
0.033246066
0.021706901
0.56312567
0.5420865
0.0033902905
0.001425619
0.5336117
0.09727295
0.0011720837
0.5508913
0.64681035
0.04014027
0.26407894
0.12840292
0.5597216
0.0004009727
0.6802694
0.5350683
0.004695931
0.013121525
4.704709e-05
0.14856954
0.045377508
0.0019415221
0.0013897086
0.5514031
0.5487926
0.037572462
0.5750014
0.24422242
0.0015504084
0.0005269809
0.017281305
0.57964414
0.5844815
0.5768395
0.03363182
0.00013897775
0.008384766
0.5856171
0.009468345
0.58673847
0.004143067
1.2816079e-05
0.6764443
0.002069303
0.01797561
0.5251585
0.65728134
1.1230448e-05
0.5335009
9.8781566e-05
0.024869332
0.5594059
0.53136015
0.56711566
0.0020542294
0.61898124
0.55124336
0.53159606
0.61818105
0.027736023
0.66868675
0.6298499
0.6822539
0.097987264
0.015661405
0.023230765
0.0014982233
0.051733013
0.6288245
0.0031914224
0.55593455
0.0027496165
0.5489722
0.67228264
0.003466758
0.00065725605
0.0005565324
0.52835286
0.607428
0.5480335
0.6853474
0.6799666
0.120868504
0.5787999
0.0021640696
0.055303875
0.33308634
0.58731717
0.0012913326
0.54680103
0.071378335
0.5638141
0.53599936
0.0010858967
0.105786085
0.5405585
0.6884309
0.00020938019
0.52615327
0.46971837
0.6377542
0.0057982975
0.004072319
0.53818303
0.62482065
0.60382557
0.5963125
0.5606769
0.0094959205
0.013521345
0.060952097
0.66563153
0.62146896
0.220199
0.6412069
0.6514696
0.54248285
0.66249293
0.4867852
0.0031853577
0.01262388
0.62122744
0.00036725137
0.021313833
0.00029457884
0.5708658
0.0013580951
0.015930146
0.008412727
0.0975239
0.6565171
0.123904295
0.5755688
0.024005646
0.5905349
0.0061825924
0.00014511053
0.0005018141
0.0033720455
0.004149612
0.021384116
0.53131896
0.060402747
0.5756344
0.049175892
0.6988781
0.037161864
0.015476668
0.013306584
0.31677896
0.5407352
0.026764542
0.5609314
0.00024154948
0.003616211
0.0016703026
0.60859466
0.113674566
0.3898986
0.09263508
0.07502355
0.6555618
0.04458476
0.63994616
0.6387603
0.52694726
0.5755909
0.008609075
0.5582186
0.5646658
0.5534923
0.0063944836
0.595909
0.5371424
0.6254651
0.63431406
0.032890912
0.6143694
0.42379335
0.028127434
0.6509509
0.052950773
0.00019464361
0.041270614
0.5058029
0.5478679
0.58072335
0.001938526
0.67718476
0.586408
0.0007299341
0.5890282
0.62219405
0.5751594
0.14469017
0.5582462
0.17630237
0.16873635
0.5369454
0.048485793
0.6222425
0.008261649
0.54665726
0.58713555
0.5743916
0.55165225
0.00013134278
0.684972
0.56982106
0.0012959926
0.53531766
0.0016066426
0.07504508
0.0010082234
0.00077914627
0.049018394
0.00054145185
0.55932426
0.57600486
0.61047626
0.018056776
0.59182924
0.50952226
0.0542888
0.017252687
0.55110425
0.5383847
0.015130366
0.60874057
0.54220825
0.42678306
0.09962584
0.67629945
0.0034638613
0.6574064
0.0010907042
0.13743596
0.011340978
0.61048347
0.0138812605
0.66712445
0.0016892152
0.3163906
0.029615741
0.007847791
0.6210787
0.66024584
0.109583065
0.6535396
0.5472394
0.013926836
0.5394319
0.020808363
0.066271916
0.1594547
0.000107579726
0.53854007
0.54223204
0.55545443
0.6459317
0.5258025
0.015196461
0.6371072
0.0005338025
0.5034883
0.20405166
0.018536855
0.010918676
0.032253083
0.6340233
0.06250286
0.59962904
0.0022755438
0.66430855
0.5506166
0.012933323
0.55628616
0.040220276
0.3650906
0.5785971
0.025973782
0.0011223792
0.566379
0.6975666
0.27628514
0.14300306
0.6178344
0.0030363828
0.37412238
0.6134837
0.5457134
0.003562431
0.0004307172
0.0018869981
0.002730193
0.40127358
0.00036249103
0.54833907
0.55204237
0.5504216
0.00048756332
0.24907166
0.629506
0.038827803
0.0018121947
0.5636063
0.14346415
0.53358364
0.63240296
0.5729188
0.58878946
0.007994061
0.06796647
0.5918885
0.6289532
0.67163527
0.527927
0.5789625
0.012564913
0.608642
0.0023595574
0.67607224
0.5844854
0.04054005
0.0031402719
0.0019291919
0.0020015105
0.5454108
0.5613523
0.62815136
0.0019151971
0.56370616
0.00014447048
0.6640797
0.013148338
0.52127475
0.5299979
0.6623772
0.62371504
0.5762391
0.0010683363
0.0041017737
0.10985729
0.53552794
0.5964913
0.55226195
0.021907939
0.6213401
0.642879
0.6566332
0.041169774
0.5415728
0.0012983066
0.639347
0.5247864
0.651314
0.16401231
0.008903604
0.58401847
0.00022153104
0.00042642956
0.0010203175
0.58863723
0.0075856796
0.5592962
0.54492575
0.47041923
0.010773159
0.00078127487
0.570482
0.5858267
0.0052339407
0.5613242
0.5666526
0.02460352
0.0015144965
0.01197788
0.0014736047
0.4577854
0.004048218
0.0043027163
0.6030793
0.5280614
0.0009252006
0.00016218214
0.61702085
0.0020077531
0.6170083
0.08418189
0.056360938
0.0095090745
0.079170495
0.6069186
0.003065299
0.0016416627
0.53891593
0.033671826
0.004419935
0.5778058
0.28407016
0.006352376
0.05054437
0.07505023
0.12148143
0.14596286
0.5557915
0.57129216
0.00064744084
0.59271747
0.0027180314
0.5566535
0.046526644
0.60148335
0.5481979
0.55416226
0.59356713
0.06767787
0.08219436
0.109404095
0.5344062
0.02862198
0.5744518
0.00438942
0.5319878
0.027087983
0.14304732
0.58582085
0.3442394
0.60509056
0.52580106
0.52811664
0.66616803
0.5771496
0.008297705
0.0009409905
0.60589904
0.016397871
0.017218634
0.021696487
0.029620307
0.58209985
0.55909574
0.60075945
0.5726142
0.027726261
0.5480771
0.0012624051
0.015243367
3.7801405e-05
0.5837472
0.0011391449
0.11521375
0.48149744
0.674268
0.00014345848
0.032284383
0.10170954
0.0017940985
0.043495733
0.008499963
0.13032629
0.52691835
0.0315043
0.5760621
0.002065194
0.10909169
0.039231334
0.5521462
0.53033465
0.01621334
0.012390049
0.6454602
0.5885865
0.0048063276
0.011834068
0.0014532863
0.049198274
0.45174128
0.61131567
0.02449653
0.24433218
0.4894256
0.578745
0.017489446
0.5462118
0.0058906055
0.0036263412
0.55657506
0.5523388
0.043879125
0.0011392762
0.5584041
0.030388098
0.0029002922
0.11249151
0.009293917
0.5558286
0.62986803
0.07390219
0.021818893
0.57984775
0.027979352
0.6306409
0.30091208
0.07170098
0.0001257841
0.61269206
0.006650298
0.014660499
0.6118114
0.021668278
0.5384383
0.048901793
0.0036245706
0.00018955035
0.0058263475
0.00019239822
0.48661512
0.0013798749
0.11256956
0.014031965
0.5566706
0.6267974
0.54564595
0.62714136
0.00094592676
0.06920535
0.27439767
0.0005334378
0.23083478
0.0019055051
0.05126524
0.5493364
0.1831459
0.0226344
0.6059622
0.0052419417
0.007879215
0.58791465
0.5261365
0.5539591
0.0016591541
0.6517283
0.014643949
0.00640316
0.5890176
0.549597
0.002068532
0.6314854
0.5461264
0.0016640772
0.0002999127
0.6093307
0.16277704
0.52503055
0.009088425
0.5642917
0.011440515
0.008115768
0.6359045
0.00043586857
0.010222366
0.57090366
0.5626296
0.05937536
0.00020771864
0.5652599
0.52869076
0.6062745
0.5294624
0.6884812
0.5717574
0.5652874
0.13307907
0.57362473
0.04649648
0.30941114
0.00031812358
0.039277945
0.662475
0.012496942
0.60684323
0.6697313
0.08289035
0.05942911
0.009047984
0.11827764
0.60763794
0.014507656
0.5286843
0.03368438
0.14596187
0.581716
0.54202294
0.587962
0.5846574
0.0033358985
0.36260486
0.0033691525
0.10988033
0.03601377
0.08201554
0.00036819995
0.58519465
0.0057762936
0.1342699
0.0011122603
0.5698167
0.6180003
0.52594584
0.583175
0.67817956
0.5863357
0.5850425
0.54059476
0.5282683
0.009307423
0.01339665
0.6446022
0.00044641344
0.58435154
0.5837094
0.0018369046
0.60649735
0.037132323
0.6670419
0.5458941
0.5508124
0.6371567
0.6433625
0.60163414
0.0013761217
0.01260567
0.00058921805
0.11655657
0.0018691567
5.601869e-05
0.000785718
0.5609408
0.5571896
0.5427024
0.11407517
0.3940649
0.00055626384
0.09483403
0.09072478
0.29134822
0.0025507691
0.5276058
0.00060804724
0.11765688
0.00022970638
0.18430097
0.61809725
0.5865738
0.65686214
0.00014297043
0.54420304
0.009040557
0.6186447
0.0018563007
0.0015714377
0.0039612954
0.021602036
0.5710986
0.0017537961
0.0023216356
0.680484
0.5266612
0.6453387
0.0032291294
0.52672386
0.55935055
0.6743043
0.0023102511
0.00032345497
0.59543175
0.09940586
0.025385205
0.008511665
0.33769953
0.54085034
0.001012794
0.025619045
0.5578413
0.57292986
0.052498117
0.68909115
0.30800122
5.0459883e-05
0.0013104103
0.58796495
0.6176493
0.00015844619
0.07764146
0.01406243
0.5503334
0.020764476
0.5148155
0.00011691533
0.6218917
0.0012640764
0.026901381
0.5309776
0.6233937
0.5457608
0.5942463
0.2920581
0.65436906
0.10386951
0.26187447
0.0003486511
0.60959655