0.99999833
0.9999999
1.5194514e-07
0.9999993
3.073505e-06
3.267928e-08
3.1041374e-08
1.0
4.6621926e-06
0.99367946
1.3410572e-09
6.092866e-09
5.367992e-08
0.00042417538
0.99999976
2.865792e-08
1.083963e-07
0.41603273
2.1073578e-05
0.99964225
0.9997217
6.8768077e-07
3.0240776e-06
6.5315815e-09
8.2510915e-08
0.003296012
0.9994593
0.99944824
0.105119355
0.99998796
3.962549e-09
5.1829444e-05
0.038540997
0.08156895
5.025727e-06
3.7831555e-08
0.9999975
0.99999666
1.0
0.99999857
3.224484e-06
0.80137557
8.472529e-08
6.6892696e-08
1.0988799e-08
1.2174503e-06
0.99999917
0.99951327
5.4124268e-08
0.9999994
0.99998903
2.0945437e-08
0.9999988
0.99999213
0.9962612
5.6968463e-07
0.9999999
0.0031136333
1.485756e-07
3.288202e-05
0.99999917
0.99999774
0.99999905
4.198991e-05
0.94729596
0.98758334
1.0
2.0654726e-07
0.8753462
0.99999976
0.9999987
4.8726848e-05
0.9955467
0.41653845
4.4615298e-10
2.064494e-09
1.2319836e-08
0.9999995
2.8637294e-06
1.8298707e-07
1.7530201e-08
2.3243553e-08
2.4556223e-07
0.99999917
0.9999975
1.1583424e-07
0.99999976
1.0
0.99999905
0.9993505
7.136991e-09
1.4636997e-07
0.9999958
0.9999993
2.2451028e-09
1.3770904e-05
0.99996936
0.99929106
1.0
0.9999995
3.5317894e-06
5.896952e-07
8.234882e-08
4.063598e-08
4.787148e-08
2.5718214e-07
4.1609294e-09
0.99998343
0.9999833
1.0
2.7490496e-06
6.5638613e-07
0.9999993
1.3320988e-07
9.051606e-06
1.7254496e-09
5.137531e-07
0.0005284094
0.9999927
0.86184675
0.9999994
0.9999999
0.00037511982
0.99999964
2.6659013e-06
0.9999976
3.8852004e-06
6.7695663e-07
7.053334e-08
0.99983287
0.99999654
0.99950576
1.1908802e-06
0.9983808
1.8746384e-08
7.919363e-08
0.27063772
0.9999989
5.3368483e-05
3.2062733e-08
1.0
2.0472714e-07
0.9999827
2.0880181e-08
0.99998
2.9375599e-08
1.12551e-08
2.0136566e-09
0.00014532254
1.1339546e-08
0.99999845
0.99997973
1.36444385e-08
5.399218e-08
0.0007537381
3.6893496e-08
0.9999999
7.213988e-09
1.0695006e-08
0.9999902
0.99999976
0.9999999
0.7269222
1.0
0.99999475
3.4547094e-07
1.0
0.9999918
2.0015325e-06
1.6240693e-06
1.3519475e-07
6.3038286e-05
0.0001012971
0.64844495
3.7321388e-05
5.2472647e-08
7.162178e-05
1.0
6.575427e-07
1.6546915e-07
0.994511
3.7046495e-09
1.8569766e-08
1.0
0.99950373
0.99999964
7.5771894e-08
5.0286853e-06
2.8371899e-08
0.99994814
2.0986588e-08
0.99999976
0.9999988
0.9999994
4.8418126e-05
1.06445e-07
1.4872971e-06
0.99994695
4.058215e-08
3.2127303e-09
2.6852173e-05
0.9999876
0.9999957
0.9999999
0.9999995
0.99999976
0.00013367635
1.0
3.881223e-06
0.00017720937
3.6802766e-07
1.1606955e-07
0.99999964
1.18309345e-08
2.284895e-05
2.150641e-05
1.350221e-07
0.09169865
3.570038e-07
1.4925928e-07
1.837405e-08
0.99999666
1.9171333e-08
5.7496205e-08
1.6858185e-07
1.0
0.9999659
0.010436115
8.996385e-08
2.7467113e-08
0.999995
4.0599875e-06
0.22668254
2.1404718e-05
0.99992
0.0016450548
0.9999987
1.0
3.6847435e-08
1.9910825e-08
4.899728e-07
5.063561e-08
0.9999999
0.999845
0.999782
3.852191e-08
2.3529017e-06
0.00036828298
1.8060253e-07
0.004532462
0.9999999
9.741447e-08
0.9986835
1.9402082e-09
1.9239143e-07
4.4449587e-07
0.9999833
0.99991274
0.9999993
0.99999976
0.99999964
1.4921073e-07
0.99999976
0.99998724
0.80078983
1.7985389e-05
1.8461241e-08
2.6152424e-08
0.35037732
0.99999845
0.20867616
0.2124591
4.7655845e-08
7.8256954e-07
0.99776316
0.00013600133
0.17706229
3.6445323e-07
0.9999889
0.9997545
1.0
1.0
1.9446984e-09
6.7599544e-08
0.9999993
0.99999976
5.39685e-08
0.99999964
1.4594632e-08
6.1072905e-07
0.9561295
0.9999976
0.99999225
3.02908e-08
0.9999912
3.206931e-05
0.011041465
0.9999385
6.6130394e-07
0.9999999
3.244327e-06
7.3318176e-08
0.99495703
0.99999845
1.0
0.00020721738
0.9999982
0.00021895947
0.9999999
2.576092e-08
1.5442642e-07
0.6483814
1.0
0.9999664
0.9999999
1.9859287e-07
1.4682252e-07
4.6756202e-08
0.9999579
1.2055288e-07
3.9250384e-07
2.5816882e-06
9.186583e-09
6.227669e-08
0.9999994
0.9999932
5.4858147e-06
4.539137e-08
1.3600896e-05
0.99996746
0.96793437
1.5550867e-09
0.9999993
0.99999964
0.56894207
9.0133165e-07
0.9999976
0.99999154
1.6447686e-06
8.781981e-09
3.7608242e-08
3.8621597e-08
0.99999166
2.243503e-08
0.9999889
0.9046464
0.9998228
0.9999994
0.9999864
0.99997985
0.9996942
9.89475e-10
0.9999999
9.002268e-09
0.99998796
2.3169753e-09
9.357597e-08
0.99999666
0.9999999
0.9999999
1.9155259e-05
0.9999939
9.0193276e-07
8.891552e-09
7.1417303e-06
2.773079e-08
0.9995864
4.1272788e-06
3.4788223e-09
1.9091776e-05
1.6652044e-06
3.4989004e-08
0.99999976
1.9806814e-08
1.5651453e-08
3.2636155e-05
0.9999957
0.99517316
6.5597e-08
6.1495166e-07
1.0
0.99998283
0.9994998
1.4035645e-07
8.342165e-06
0.99734735
0.99999475
2.8274494e-08
3.5871355e-05
0.99996436
0.9999999
6.818192e-07
4.689929e-08
2.4727506e-05
1.3294175e-06
0.9999964
0.9999683
8.205419e-07
8.271888e-09
4.4717335e-06
5.4883454e-08
0.9860897
0.9999913
1.7717507e-07
0.9999373
0.0033815713
0.9999999
0.99999976
0.99999964
1.4077545e-05
0.9999794
5.0354192e-08
0.99999845
0.9999995
4.1447628e-09
2.786109e-09
0.99981874
8.612106e-09
0.99999976
1.1215717e-07
1.5376564e-08
8.565291e-08
1.0389732e-07
5.724774e-07
0.9999974
1.0
0.99999976
3.2195963e-08
1.6293192e-05
9.8175864e-05
1.0734453e-07
0.9999999
4.816768e-08
0.00030801928
6.4570895e-07
8.264618e-09
0.9999995
0.9997259
0.9911629
6.678803e-08
2.3991984e-09
2.1864338e-05
7.547026e-09
0.9999696
0.9999999
3.3091684e-08
0.9999964
0.9999999
5.1471065e-06
0.9999988
0.9999926
0.07393583
0.9943883
2.0646368e-08
0.006204173
1.5769086e-07
1.0
0.99790037
1.07885185e-07
3.6044479e-09
0.9999993
0.9999999
2.8132305e-09
0.9997845
2.9411652e-07
0.99999917
0.99999094
0.017271891
1.14642225e-08
1.3889812e-07
1.2781677e-06
1.1206261e-08
0.9999999
0.9999999
4.4869996e-08
0.99925894
0.99996066
2.1525284e-06
0.9999856
3.9086084e-05
1.4189617e-06
2.0345966e-07
9.772383e-07
0.9999974
7.048546e-08
9.294718e-05
1.4603113e-05
0.9999987
0.99999905
2.4676708e-06
0.99746716
0.99977666
0.9999999
0.99998105
0.34639558
0.9740235
1.0
1.9524152e-06
2.6039572e-06
0.9999051
6.183084e-08
0.9999987
6.356364e-08
2.3482398e-08
0.99898237
0.9999925
3.2343505e-07
2.1034e-07
5.674725e-09
0.08755603
6.772601e-07
0.9990452
1.2409518e-07
0.9999999
7.3377475e-07
7.802104e-08
0.9999999
1.7987024e-06
2.4867854e-09
3.8751242e-08
0.9999999
0.30285555
8.921247e-09
0.9999918
1.0
0.9994715
9.278114e-05
9.073029e-09
0.9999821
2.577719e-08
0.9999925
5.1810684e-06
2.1190495e-10
2.4673702e-05
7.644998e-08
3.7704466e-09
9.705372e-09
0.040405735
1.2620156e-07
0.9999981
7.5651255e-06
0.999962
5.5626624e-06
0.9999994
8.1642085e-08
4.4956746e-06
3.1711427e-09
1.368891e-08
3.4940122e-08
0.99999475
7.685757e-09
4.212831e-08
6.181625e-06
0.99999666
1.0
3.4570796e-05
6.1635845e-08
1.3615586e-07
1.1745786e-08
0.9999994
7.266922e-09
0.99999964
6.4883716e-05
2.0267515e-07
0.9999989
5.237855e-07
0.99995124
0.9999783
5.5210293e-08
0.9998443
0.99993193
1.536639e-08
0.999967
1.497277e-08
1.0
0.9999281
1.0
0.9999982
0.999897
0.00051504816
3.9824325e-08
7.241149e-08
9.150716e-09
6.504981e-06
1.0
0.98580533
6.606132e-08
0.96743876
3.2865466e-07
0.99999964
2.599194e-09
2.8029035e-07
4.2485784e-08
0.0027163827
0.9999976
3.0653236e-08
1.8113573e-05
5.977208e-09
0.9999988
2.1032069e-08
1.0
1.0
0.9999386
3.6085634e-08
0.9999869
1.2282343e-08
1.8912466e-05
1.7728204e-06
2.725298e-07
0.9999999
2.5648596e-08
0.6205573
1.4351893e-07
0.9999335
0.38362116
5.925308e-07
4.360642e-06
1.338619e-07
0.9999913
0.99999857
0.9999926
5.9836642e-09
7.3277414e-07
0.9936532
0.99433196
0.99999785
1.4074955e-08
0.9994747
0.9995229
8.14735e-06
1.0759138e-06
9.081916e-08
0.9999932
0.9999989
4.289601e-08
0.9999989
0.9999908
8.9817724e-05
9.989865e-07
5.4043263e-09
0.99999
2.770079e-10
0.99914205
0.9999999
4.0149695e-07
4.915789e-09
1.8619152e-05
1.6739473e-07
0.9999999
0.9999379
0.9999918
0.9999417
0.00036021552
0.99999845
2.0874142e-05
0.9999999
0.99999917
1.0
3.106404e-07
1.7408719e-06
1.6314118e-07
1.2264224e-08
0.9999964
0.9604899
1.241447e-06
0.9999764
1.3443557e-09
5.120999e-09
0.9999982
1.946179e-09
0.9999831
0.9999994
2.7581882e-07
0.9996612
0.9999864
0.9999999
0.0952815
6.641354e-07
0.9999943
0.9999685
0.009973753
8.3005895e-09
0.9935675
1.0
0.9998486
0.99999523
0.99997246
0.99999976
0.9999894
6.6502786e-08
0.00016922622
0.9999349
2.4519093e-09
1.8634234e-08
0.0012549501
3.823808e-09
3.881819e-08
2.1860172e-08
0.9999975
0.43297043
1.1020398e-06
0.99999976
0.9999988
0.00054766535
2.479564e-08
0.9999976
1.9875051e-07
0.99999976
0.99999857
0.9999968
0.95705706
0.99997807
8.0632915e-08
2.884089e-09
0.9999999
3.4792194e-07
2.5339443e-07
0.99999154
1.1845701e-08
0.98000723
2.8984098e-07
7.062757e-08
0.9992481
1.213348e-09
3.0655377e-07
2.0685667e-08
2.442811e-07
1.5057147e-06
8.805649e-07
3.0372192e-05
0.99994206
0.99999845
1.1628445e-08
1.0747063e-09
0.9999708
1.3375424e-06
2.1440334e-09
0.9999993
0.99999976
8.320595e-07
0.99999595
3.707193e-06
0.9999956
2.8249104e-08
1.0
7.865316e-05
2.6727253e-08
7.51699e-08
7.657823e-09
4.7577996e-05
1.492353e-08
3.679013e-08
5.183252e-09
0.9999367
0.901217
7.103057e-08
0.99986446
0.00032901246
5.208146e-09
1.9127576e-06
4.2957845e-06
0.9999194
0.9999994
0.9999304
8.949832e-08
1.5982389e-08
8.597201e-06
0.9997758
6.256033e-07
0.9999813
2.2145996e-07
2.405829e-09
1.0
1.1965102e-07
6.464816e-08
0.9999957
1.0
1.0527041e-09
0.99999344
7.99334e-09
9.967857e-08
0.9999883
0.37099028
0.9693451
2.7210032e-09
0.9999988
0.9999844
0.999997
0.9999999
6.234149e-06
1.0
0.99886024
0.9999989
1.4551362e-06
0.0006100255
3.615294e-08
1.5420316e-07
8.826688e-08
1.0
1.1771084e-08
0.9999999
4.6784535e-07
0.997038
0.9999999
4.0834575e-08
3.076775e-08
8.262916e-09
0.48364836
1.0
0.9999956
1.0
1.0
0.999871
0.99990606
4.5279545e-09
4.222137e-06
0.9976197
0.9792134
1.5128098e-08
0.9999963
0.9999801
1.0
0.99999857
6.6438726e-09
6.951044e-06
0.9999924
1.0
1.2274357e-08
0.7899139
1.6462609e-06
1.0
1.878109e-09
1.2073749e-06
0.99999857
0.9999372
0.028020868
0.9999943
0.99985945
1.568627e-08
1.9675805e-07
1.753216e-06
1.0
1.0
8.473622e-06
1.0
0.99999845
0.99999774
0.9999999
0.9999906
1.1923657e-08
1.9403024e-07
0.99999976
5.8738447e-08
0.00041792067
1.7878204e-08
0.9999758
1.7226773e-09
1.3673618e-08
6.999456e-09
3.290473e-05
1.0
1.260489e-07
0.99999475
0.00036880036
0.9999993
2.4790213e-06
2.9081622e-09
4.185517e-13
8.4730615e-08
8.533913e-09
9.834925e-08
0.4893435
6.4140017e-06
0.9989753
3.1621994e-08
0.9999999
3.031829e-07
0.0002333222
0.0024531644
0.72710204
0.9999988
1.6473399e-06
0.9969309
1.280564e-06
9.4288495e-08
4.0353276e-09
1.0
9.395527e-07
0.00063546555
6.67437e-05
0.005825177
1.0
1.9529589e-08
0.99999976
0.999997
0.9999113
0.9994748
4.9362507e-07
0.99999964
0.9999945
0.8579796
3.2723852e-07
0.99999166
0.34092
0.999998
5.7623556e-06
2.0535249e-07
0.9999964
0.9999839
4.3122564e-06
0.99999917
4.8075395e-07
5.661528e-07
1.7994492e-07
0.026785033
0.99999976
0.9999769
4.592021e-08
1.0
0.9999999
1.0390224e-08
1.0
0.99999964
0.99993026
0.99992967
0.9999862
0.00013190656
6.3715726e-07
0.9999993
5.0580243e-06
0.9999988
2.3928027e-05
0.9999993
0.99999845
0.99999917
0.99999917
9.479169e-10
1.0
0.99999857
2.2853959e-09
0.9999987
2.7450564e-08
3.7261735e-08
5.6809526e-09
5.2346767e-09
7.574313e-07
2.6785847e-07
0.99999976
0.9994265
0.999997
1.1047547e-06
0.99989545
0.9320575
6.8829354e-07
8.794322e-08
0.9999795
0.9999716
1.4318935e-06
0.99995387
0.9999902
0.99999404
6.14546e-08
0.9999994
4.2794068e-07
0.9999981
8.1801835e-07
5.006727e-08
8.656476e-08
0.9999665
1.6895262e-08
1.0
2.9307936e-08
0.99996424
2.5314754e-05
9.014884e-08
0.9999312
1.0
1.7612061e-05
0.9999993
0.9999995
1.893696e-08
0.9995059
1.0158589e-06
8.751002e-08
0.041263018
7.627706e-09
0.9998273
0.0031676362
0.9999951
0.99998856
0.9995907
1.6786137e-06
1.0
9.2955625e-09
0.9991942
1.4278313e-06
2.1923404e-05
1.1413108e-07
9.5880246e-08
1.0
7.642301e-06
0.99998164
3.4087016e-08
0.99999857
0.99479204
5.2179473e-07
0.9999937
6.720807e-08
0.0001221478
0.9999722
5.2489745e-06
3.408539e-08
0.9999927
1.0
2.1560086e-06
0.023673983
1.0
2.003493e-09
2.787607e-06
0.9999995
0.9618729
8.1844826e-07
4.3925783e-07
3.0756468e-09
4.8182386e-08
5.176574e-06
6.075433e-07
0.99995756
0.9999999
0.9996911
2.6077112e-08
9.145062e-06
0.9998821
8.5968196e-07
1.2542453e-07
0.5596354
3.6018798e-07
0.9999932
0.99999964
0.999998
0.99999833
2.6669762e-08
1.3395392e-08
0.9839972
0.9999989
0.9999995
0.9999726
0.9999907
1.1488919e-07
1.0
5.1083885e-07
0.9999999
1.0
1.2360229e-07
5.0065114e-06
8.9568994e-07
3.714633e-09
0.9999552
0.999995
0.99999416
1.613003e-08
0.9999982
4.2812043e-09
0.9999999
8.9169134e-08
0.99997735
0.9999914
0.99999726
0.9999999
0.99997497
2.0730444e-07
6.1878616e-08
5.723164e-08
0.9998016
0.9999871
0.9997116
4.5045695e-08
1.0
1.0
1.0
1.1380638e-06
0.9999988
3.128361e-06
0.9999931
0.99998677
0.9999999
3.2003018e-07
1.3853057e-05
0.9999995
5.9976415e-08
3.642958e-07
4.2338693e-09
0.999995
3.6256613e-05
0.99662566
0.99990845
0.999887
0.0006022035
5.6624967e-09
0.99998164
0.9999976
5.970511e-08
0.99999785
0.9998896
1.8649405e-07
2.1632214e-08
1.6497486e-09
3.7729517e-08
0.99998736
2.1694078e-07
8.344281e-06
0.9996909
0.9999435
1.0039404e-08
1.4477884e-07
0.9999883
5.798009e-08
0.99564135
7.682688e-07
5.1981056e-07
2.7049276e-07
1.8123654e-08
0.9999578
2.0370295e-07
1.4308578e-08
0.9999958
5.2498075e-07
9.0061855e-07
0.99998355
0.00056705077
5.8042388e-06
1.0900102e-06
0.0009971923
1.9227204e-05
0.9999958
0.9999995
0.9999783
1.8315827e-08
0.999861
1.1257284e-09
0.9999925
0.00039926087
0.9999999
0.99999404
0.9999993
0.9998926
2.0079725e-07
1.9888867e-06
9.728428e-07
0.9993561
0.005938617
0.9382333
7.1600475e-06
0.82904685
4.889972e-06
0.99345773
0.99983096
7.62157e-05
0.99950016
0.99218166
0.99999964
0.9999963
0.9999236
6.6479e-07
1.887771e-08
0.9994879
0.0005166725
4.9130072e-08
1.8011383e-06
1.6178492e-05
0.9986903
0.9999968
1.0
0.99999523
1.22609265e-08
0.99999833
3.2663847e-06
2.2159096e-05
5.2489113e-10
0.99994695
6.735347e-08
6.909262e-08
2.3655512e-05
1.0
4.6756568e-07
4.5839363e-07
6.0136436e-08
7.4436524e-09
8.370863e-09
5.9636875e-07
5.1123794e-07
0.99999666
1.3687316e-08
0.9999995
2.960577e-08
4.6214486e-06
3.34658e-08
0.9999865
0.9848632
8.643393e-08
1.0535881e-05
1.0
0.99978393
8.5697645e-09
4.8369483e-08
1.1042818e-08
6.5244705e-05
0.9385939
0.99999976
8.281778e-06
0.99995875
0.9989648
0.9999925
9.7056535e-08
0.9999995
1.12913995e-07
2.3442688e-07
0.059215114
0.99999905
2.4688967e-07
2.3197364e-07
0.999985
7.045818e-08
6.759529e-08
4.7335245e-08
2.9858671e-05
0.9999956
1.0
5.973268e-08
0.002604234
0.99999595
1.4112447e-07
0.5175538
0.99994385
8.40645e-08
2.3953822e-07
1.0
4.5467797e-08
5.9145356e-07
0.99999964
7.95759e-05
0.99999976
1.5010791e-07
2.0179831e-08
1.1790603e-07
5.9436074e-11
9.181223e-09
0.9999906
2.4041055e-08
2.5365532e-07
0.009198308
0.99999845
1.0
0.9999305
0.99996054
1.34248e-07
1.2626788e-07
0.9999418
2.2751935e-08
5.301627e-06
0.00018114965
0.00036665003
0.9999982
4.5079963e-05
1.4177365e-12
0.99999917
2.9894222e-06
1.0393094e-05
0.00041769707
0.9997683
0.9998815
1.7408257e-07
0.99998546
3.0459102e-08
5.3002744e-08
0.010479232
0.9999832
4.6990714e-08
0.99999356
0.99995065
1.7299618e-08
1.7240687e-08
0.99999845
1.5121522e-08
0.9999999
4.2738395e-07
0.8870029
1.5861038e-05
6.424584e-08
0.99998784
7.2902054e-07
3.4061017e-08
0.9990165
0.9999943
3.8291748e-07
2.692726e-09
0.9999999
0.9999918
0.9999969
0.99999666
0.99999964
0.99999654
0.9999995
6.819422e-08
1.0
5.25968e-08
0.38271964
3.8518966e-08
2.5252356e-07
1.0
1.0102875e-07
0.99997926
0.99999845
7.353918e-08
2.8520779e-08
2.2107538e-06
2.0454331e-07
0.99996865
2.0760685e-06
0.99999857
7.446126e-08
3.0469988e-05
0.99999905
0.99987304
0.99998236
0.9996929
8.411156e-07
0.9998056
7.4259066e-07
5.4713313e-05
3.8951916e-06
9.342561e-05
6.4934625e-08
0.99999607
7.961117e-08
8.085312e-06
8.191564e-09
0.00084821973
0.99999654
0.9999981
0.9999486
0.99999964
0.9999796
0.9553862
0.9999796
0.9999887
4.561866e-06
0.9976299
1.0
2.2559254e-08
0.5982892
0.9999969
4.259717e-09
0.99998355
5.1033332e-08
0.9999995
1.0
0.99999917
0.99999976
1.0
0.99999475
3.3880445e-07
8.784528e-09
5.2614155e-08
9.73641e-09
8.532549e-08
4.455299e-09
2.1827717e-08
0.9999894
0.99999595
0.99976546
8.037928e-05
2.6721987e-06
3.4922714e-06
4.091896e-05
1.2845915e-07
0.005250915
1.1244376e-07
0.9999771
7.743115e-08
0.99999607
2.7626312e-08
0.15628962
0.99999964
0.99999845
1.0
1.4449547e-08
0.9999045
9.142176e-06
0.9993349
6.4485577e-09
8.568689e-08
2.070252e-08
3.7934453e-07
0.99999964
6.020932e-08
3.391275e-06
0.9999995
0.99999976
1.0
1.5540053e-08
0.9999547
0.9980811
1.0
5.4304166e-09
4.8088897e-09
0.9999989
0.003431482
1.4560202e-07
4.968453e-05
0.9991953
0.9999989
1.3083921e-07
7.678544e-06
0.9999875
0.99989855
4.5083347e-08
0.99999976
5.0257324e-05
1.4051297e-08
5.7566623e-09
1.0
0.9999969
7.965519e-09
1.330527e-07
7.1892755e-05
0.99975985
0.00023955938
0.99988973
3.1173435e-09
0.9999999
1.8537385e-08
1.1616993e-06
0.9999994
0.9999999
0.99999475
1.0
0.0006539386
1.0
1.8744347e-08
1.2953055e-06
1.0840944e-09
1.0