0.46933922
0.49801043
0.43733278
0.53753304
0.43243226
0.43251875
0.4354056
0.5299225
0.4340014
0.4537875
0.4430471
0.43630564
0.4328194
0.44115007
0.5188356
0.4353474
0.43344474
0.4481388
0.44402286
0.46166036
0.47573584
0.43665895
0.43495518
0.43434435
0.4335228
0.44940206
0.49732897
0.48411968
0.45055413
0.5067007
0.43486577
0.4373825
0.49144801
0.43536827
0.44447166
0.4426322
0.5115534
0.48445356
0.5105974
0.4801884
0.43542358
0.4760884
0.43459234
0.4414962
0.432905
0.43339732
0.52031237
0.47263598
0.43633914
0.48104137
0.46663648
0.43564415
0.48960453
0.48431987
0.510684
0.43220073
0.46454424
0.43356237
0.4339765
0.43547758
0.4762615
0.49619558
0.479165
0.44120735
0.4845346
0.48716608
0.53835714
0.43731692
0.47760227
0.48270503
0.4941931
0.43254685
0.49567434
0.44214863
0.44463196
0.44019076
0.43453753
0.48028484
0.43700084
0.43592578
0.4385264
0.4333757
0.4348419
0.5152549
0.46327063
0.435275
0.50460565
0.4613172
0.47458792
0.4353026
0.43594527
0.43173063
0.48557448
0.52854854
0.44055206
0.44438106
0.45630768
0.4631134
0.53193474
0.48298448
0.4362354
0.43842646
0.43274987
0.43285015
0.43903756
0.43579617
0.43973002
0.47852275
0.44817457
0.4384476
0.43707877
0.44024086
0.4355519
0.44570976
0.4394905
0.44067046
0.43679568
0.4330272
0.49893036
0.47048974
0.45386407
0.48037952
0.46161693
0.5028952
0.43730417
0.4503406
0.43794826
0.44268182
0.4349827
0.46195364
0.4863525
0.45265284
0.44493774
0.48017773
0.4353203
0.4317385
0.4628853
0.5062148
0.4354839
0.43188903
0.4802646
0.43444273
0.5063948
0.4332324
0.44440046
0.4414161
0.4352187
0.44330138
0.4414542
0.43333033
0.5065178
0.49587065
0.44353887
0.4375191
0.44266716
0.44306844
0.5061032
0.43894833
0.43424982
0.43056113
0.49895796
0.5224822
0.46960422
0.49579087
0.48888308
0.4347705
0.5434885
0.51406205
0.43365467
0.44303897
0.43147364
0.43663633
0.4463682
0.46407276
0.43344006
0.43437093
0.4328979
0.48689806
0.43150738
0.43226048
0.44369304
0.43934345
0.43740216
0.5258837
0.469499
0.5050423
0.43656614
0.4351978
0.43892333
0.50985265
0.43346795
0.51731277
0.49559742
0.5084485
0.44195914
0.43913996
0.4333041
0.47096014
0.4380897
0.439749
0.44382244
0.4647766
0.45582834
0.46801615
0.513645
0.5112837
0.44086304
0.5246001
0.4375302
0.4497198
0.43397737
0.43584648
0.5206645
0.43418533
0.4349458
0.435825
0.43372637
0.4593136
0.43214336
0.43455184
0.46621135
0.46879256
0.43320858
0.43528476
0.432063
0.5184471
0.4718863
0.4449993
0.43795055
0.4340693
0.48435414
0.43440852
0.46245646
0.4433659
0.51646894
0.43887097
0.44982907
0.52300453
0.44293743
0.43318042
0.44075993
0.4333179
0.46654084
0.46454382
0.4398732
0.4365238
0.44123003
0.45165557
0.43837082
0.51374155
0.5151398
0.43230549
0.4846188
0.43854582
0.43252409
0.4388662
0.493331
0.45616713
0.4383217
0.5039688
0.5000562
0.43517703
0.48917067
0.45392376
0.45448205
0.433155
0.4327855
0.4369839
0.48537725
0.4938327
0.43966618
0.5298915
0.4387016
0.4348799
0.43490312
0.5211307
0.4635964
0.43279284
0.49708933
0.50469345
0.5216989
0.51791227
0.4410143
0.4331657
0.47858155
0.44334543
0.43814826
0.51243067
0.4368518
0.4334105
0.46699694
0.46187577
0.5188357
0.43203765
0.45421544
0.43919882
0.49744558
0.46303147
0.4511956
0.51808935
0.45100248
0.43212047
0.49590382
0.51280046
0.48651668
0.43508548
0.50327295
0.44590807
0.48899913
0.43997535
0.43417385
0.5141837
0.5284692
0.46279055
0.5224571
0.43369517
0.43485987
0.43833068
0.5273455
0.4356945
0.4311252
0.4426739
0.4358939
0.43226776
0.51519793
0.51209086
0.43514484
0.43384975
0.43912536
0.48134992
0.47208348
0.43781316
0.49912557
0.45802817
0.4987866
0.43473434
0.47635567
0.5029265
0.4381673
0.43410173
0.43239436
0.43808356
0.46286806
0.4392623
0.46860665
0.48186687
0.45098597
0.5288285
0.5093893
0.47058743
0.49313924
0.44161585
0.49069145
0.44044176
0.47378165
0.43973222
0.4387889
0.5121302
0.49675733
0.49528182
0.43727526
0.48414958
0.43799224
0.43596733
0.4526983
0.44279552
0.50187224
0.43372306
0.4396368
0.4353221
0.43969765
0.43571457
0.52614766
0.43461052
0.4357699
0.4438943
0.48252127
0.46917528
0.43777236
0.4479026
0.54071903
0.43699762
0.49069554
0.43369627
0.43748122
0.48449588
0.5052761
0.44352385
0.44097614
0.4659347
0.50976515
0.4363427
0.4321247
0.44834206
0.43272474
0.4968342
0.4899197
0.43171173
0.4328603
0.43359867
0.43268037
0.50450134
0.46545377
0.43945938
0.45302165
0.43940252
0.47288653
0.50354475
0.5150155
0.44543242
0.4924404
0.4344575
0.49759442
0.45380706
0.43837908
0.4371822
0.47879222
0.43559617
0.51345116
0.43731812
0.4345432
0.4408673
0.43887088
0.44368714
0.50103384
0.5174236
0.49562466
0.43989432
0.43377697
0.4343269
0.43147624
0.48701435
0.43460074
0.4371829
0.43940905
0.43578625
0.4785336
0.5052094
0.48973402
0.43897516
0.43986502
0.45145583
0.4337792
0.45074657
0.49537325
0.43424267
0.49445966
0.5161405
0.43591678
0.48138547
0.44860432
0.4388705
0.46038738
0.43371138
0.48223296
0.43427002
0.5102415
0.45819262
0.43255275
0.43242475
0.51897985
0.50180334
0.44044194
0.4642376
0.4369798
0.4978758
0.46508303
0.4578192
0.43398944
0.4333944
0.43540815
0.4352761
0.5111423
0.49608272
0.4351972
0.4890224
0.45776027
0.44708064
0.47448838
0.4385439
0.4418998
0.439326
0.44368857
0.51611507
0.43834296
0.43895617
0.43311304
0.48932198
0.48950124
0.45064244
0.47428292
0.5038442
0.49264482
0.46608323
0.44062942
0.45139432
0.46468738
0.44515964
0.43938622
0.49129704
0.43496972
0.47628525
0.4345362
0.4336369
0.45951715
0.4509963
0.43243378
0.4377068
0.4347484
0.44964805
0.43983197
0.48401773
0.43474427
0.4927046
0.43351826
0.43615103
0.48000172
0.44217128
0.439461
0.43195614
0.4749535
0.47528788
0.43292394
0.46858728
0.5139819
0.4537589
0.44757825
0.43683505
0.49628899
0.4390918
0.44807225
0.4505949
0.4431674
0.43945467
0.43377256
0.4393872
0.43511397
0.44104314
0.4335281
0.49689728
0.43970484
0.48706493
0.4340802
0.5279456
0.43507883
0.43302184
0.43963763
0.43605617
0.4335945
0.48938602
0.43562746
0.439734
0.45369214
0.48543948
0.516151
0.43461207
0.4338887
0.45184708
0.43305504
0.49716526
0.43884283
0.48329392
0.52049387
0.43688592
0.4971026
0.43320814
0.49281487
0.4777842
0.43489036
0.44525257
0.51559097
0.43230742
0.502504
0.43279615
0.51195496
0.51237845
0.47297394
0.4992481
0.4710036
0.44175836
0.43324873
0.43326113
0.43578398
0.43682158
0.4665625
0.4588738
0.43327945
0.46137035
0.4413082
0.48351344
0.43978792
0.43593413
0.43930748
0.46296835
0.47794577
0.43484303
0.4332638
0.43281913
0.5204896
0.43599924
0.52960795
0.5510811
0.49130216
0.4346343
0.48359394
0.4343282
0.45848158
0.43837464
0.43454447
0.47435984
0.44160283
0.5140534
0.4403885
0.4966454
0.46462792
0.43513688
0.44090328
0.43918198
0.46517825
0.44932988
0.46228856
0.44359407
0.44270912
0.48476532
0.451026
0.49721938
0.43280828
0.48895904
0.4936092
0.43284068
0.43293044
0.43801767
0.50124687
0.47084478
0.46965402
0.50067526
0.49772975
0.43976408
0.4352673
0.43564543
0.4674534
0.44320846
0.47254103
0.5078991
0.43184584
0.43792722
0.44144222
0.43993556
0.52107877
0.4774207
0.4739272
0.4746684
0.4495723
0.48510823
0.45672214
0.52280205
0.4616633
0.5102987
0.43995538
0.43514276
0.4357274
0.43454775
0.4524758
0.46777943
0.43249267
0.53566515
0.44101858
0.43941763
0.46421584
0.44131085
0.47114778
0.4803191
0.43349785
0.45723525
0.44593486
0.46000627
0.4516688
0.43679634
0.46669275
0.51189625
0.48895434
0.4370705
0.4955723
0.5216683
0.46026936
0.460725
0.45458972
0.524029
0.48547012
0.4365043
0.4342347
0.49337614
0.43570673
0.44003385
0.44063553
0.4355365
0.43499875
0.4327183
0.48145935
0.46012112
0.4416682
0.51857895
0.50254494
0.4434133
0.43947652
0.4721569
0.4321569
0.52847767
0.49743003
0.50460476
0.46659234
0.4634983
0.43412703
0.43907124
0.4883379
0.4331856
0.4320391
0.45127848
0.4340007
0.45778996
0.43742573
0.4322114
0.51730525
0.44158006
0.4344097
0.43234944
0.43429887
0.43405223
0.4328489
0.4449665
0.513556
0.4532702
0.4437144
0.44109458
0.45709634
0.4354534
0.43708414
0.47269616
0.53009737
0.43872583
0.47011626
0.43835703
0.49386236
0.4341367
0.50542736
0.4440007
0.43261316
0.4417037
0.44057575
0.43602127
0.4351882
0.43249476
0.43373746
0.46717784
0.4802376
0.43427244
0.5050207
0.43836138
0.43303668
0.44169095
0.43472177
0.46851796
0.4748213
0.4956576
0.4347286
0.43848
0.4473314
0.47590455
0.43760574
0.484134
0.43207672
0.44112197
0.53429306
0.43318856
0.43552586
0.4665808
0.5583101
0.4412128
0.45689037
0.43544674
0.44588318
0.49312797
0.46773967
0.47735178
0.43620062
0.50173116
0.43386564
0.4792696
0.4933246
0.432715
0.52056825
0.51144725
0.5110804
0.43391985
0.433773
0.43522352
0.43933842
0.4342629
0.5214361
0.4336817
0.4899853
0.4406335
0.46669576
0.5123862
0.43257096
0.43341202
0.43431562
0.45768854
0.51315504
0.48085257
0.5247672
0.5136998
0.43222365
0.5005026
0.43747503
0.45241678
0.42956945
0.4794118
0.43424213
0.4699397
0.4418664
0.43565688
0.45266545
0.43409103
0.44008505
0.46396348
0.52002674
0.43244323
0.45908478
0.43765926
0.51085293
0.44073012
0.43349057
0.4635469
0.5024388
0.507062
0.49949774
0.4955775
0.44010577
0.43329605
0.45459884
0.5051708
0.49320024
0.44058144
0.50898296
0.50421697
0.4598584
0.50870734
0.48181665
0.4334018
0.461306
0.52004987
0.4394974
0.43965876
0.4355202
0.43289277
0.4412639
0.43254277
0.43678027
0.43781015
0.52472085
0.43478626
0.47436488
0.43947875
0.5057237
0.4350193
0.4409094
0.44435996
0.43326488
0.43263048
0.43297142
0.45993736
0.4338674
0.5091655
0.4371418
0.51889056
0.4386426
0.45884943
0.4478933
0.44485432
0.46070004
0.43291095
0.46569216
0.4390792
0.43491244
0.43729022
0.47816712
0.43954277
0.4456948
0.43891194
0.44213855
0.50145125
0.4328534
0.50418955
0.48162836
0.46791887
0.50890124
0.43287465
0.49664012
0.47690386
0.45693308
0.4330763
0.4871053
0.45691776
0.47223008
0.5326433
0.43347168
0.48433346
0.4672237
0.43168792
0.5128531
0.43417218
0.44065347
0.4341119
0.4534024
0.48759535
0.46950504
0.43581867
0.50538015
0.4968659
0.43830645
0.51217705
0.4954496
0.45923778
0.44828612
0.47304958
0.4360109
0.43558744
0.46312585
0.43439612
0.499894
0.45628366
0.4512009
0.5170231
0.49587798
0.48633853
0.4422562
0.5187473
0.43902755
0.43677723
0.45998982
0.4326366
0.43441135
0.43890482
0.43592766
0.4332465
0.44509426
0.48799372
0.51656216
0.4931339
0.4344433
0.47691604
0.46451718
0.43648455
0.43386146
0.46132824
0.43266976
0.44843268
0.49199504
0.47175092
0.45992136
0.43834624
0.5190213
0.4336922
0.5334314
0.44219548
0.4343969
0.4401539
0.50142866
0.4351631
0.545272
0.4396935
0.4577915
0.43445346
0.43302444
0.47804874
0.5346033
0.43447554
0.508235
0.46397814
0.4331583
0.48374173
0.45234257
0.43703023
0.44149524
0.44036815
0.4505078
0.4610579
0.46949238
0.49096555
0.44502777
0.4342916
0.51829517
0.43477824
0.44429293
0.44478798
0.43616536
0.43155068
0.4320302
0.43765113
0.43347576
0.5487443
0.43233725
0.49511793
0.4853539
0.43139595
0.46050283
0.435382
0.43787643
0.5064858
0.43560842
0.43323195
0.45982793
0.5146129
0.43680793
0.4386134
0.48818058
0.44044194
0.43757424
0.50323313
0.4440225
0.43332434
0.4411575
0.44010675
0.43720442
0.43511996
0.4402026
0.49130335
0.47822404
0.4688421
0.43488815
0.43428412
0.5203866
0.43323416
0.441112
0.483235
0.43720582
0.45463496
0.4992702
0.4759358
0.47273782
0.43443325
0.4337149
0.49271137
0.48518768
0.50211126
0.45743114
0.5045855
0.4359789
0.48913977
0.44252816
0.52507335
0.4695585
0.43560115
0.4343301
0.43273064
0.43816906
0.47962046
0.46804002
0.524646
0.43448594
0.47913623
0.44049275
0.50646216
0.43260202
0.45901552
0.47429016
0.5184908
0.49990204
0.49776626
0.4335388
0.4380279
0.43887097
0.4499943
0.5159354
0.4287797
0.4331701
0.50710917
0.511861
0.52405715
0.44207639
0.46793678
0.43466172
0.49700284
0.47590858
0.5261466
0.4372876
0.43317607
0.5097218
0.4394975
0.4441533
0.43607032
0.4784095
0.43384695
0.4583561
0.46917465
0.45563734
0.44506672
0.43341327
0.42962113
0.4858698
0.43247306
0.50121856
0.4866005
0.4326975
0.43415228
0.4350482
0.43261275
0.46088955
0.43326885
0.43914577
0.48790506
0.459832
0.4351455
0.44521168
0.48409337
0.4341972
0.50773484
0.43466425
0.43385783
0.43374306
0.43307048
0.50709933
0.432027
0.43267626
0.4667185
0.4340717
0.43665063
0.42924607
0.46191737
0.43326807
0.4396675
0.44631898
0.43478024
0.4573983
0.47622347
0.49426603
0.43466374
0.511601
0.4414177
0.47193676
0.455932
0.4877016
0.48885313
0.46604565
0.49541825
0.43491745
0.43487376
0.43568444
0.5097195
0.43417868
0.47114503
0.43898442
0.45227185
0.43273604
0.46431714
0.5161744
0.44011825
0.490939
0.47687685
0.4726856
0.4973565
0.4983847
0.44608924
0.43338755
0.505345
0.43526074
0.4322121
0.43304136
0.4329571
0.51625896
0.4729291
0.49422526
0.5081061
0.43250173
0.4859477
0.43953913
0.43384916
0.44110483
0.48395672
0.43275127
0.43553784
0.4407301
0.51600003
0.4387641
0.43400377
0.437248
0.43498465
0.43805116
0.43376184
0.43444657
0.46491334
0.4323919
0.51698285
0.4370794
0.4348633
0.43711025
0.46967155
0.4586559
0.4339137
0.4463649
0.51190853
0.47974858
0.436118
0.4332648
0.4356786
0.45642522
0.46563384
0.5274197
0.4539238
0.46641457
0.45625898
0.47359413
0.43374228
0.48583096
0.43314257
0.44235808
0.50411177
0.46579218
0.43375596
0.43489087
0.48150474
0.43455985
0.43712705
0.43743128
0.43456197
0.45489922
0.51120126
0.43690467
0.4362856
0.5025143
0.43399572
0.5372296
0.44938284
0.4365866
0.43824148
0.5215444
0.43198237
0.43805912
0.51790965
0.4366154
0.4850573
0.43345103
0.43278083
0.4379024
0.44903174
0.44211945
0.46079597
0.44197547
0.43537703
0.44233942
0.49737763
0.5300925
0.48429582
0.48309076
0.434432
0.4347705
0.44097465
0.43472007
0.43516293
0.43792513
0.4484181
0.48976466
0.43566322
0.44491702
0.4758903
0.43406117
0.43438357
0.51168424
0.4492736
0.48297638
0.43376964
0.51047003
0.43314758
0.43926147
0.5116644
0.4921494
0.43265676
0.46828175
0.46905145
0.4331891
0.4353856
0.4813742
0.4346498
0.4739547
0.43371427
0.49157423
0.44918138
0.43322265
0.5070135
0.4432373
0.43403903
0.48913857
0.5066646
0.43430153
0.44032001
0.51008874
0.45887855
0.49381226
0.46382043
0.5179912
0.47176564
0.49312133
0.4378997
0.5148815
0.4340013
0.4400854
0.44051975
0.43583846
0.4896506
0.43231377
0.4665117
0.5351833
0.4361955
0.4353351
0.44249198
0.43462595
0.4691673
0.45652387
0.4702839
0.43267268
0.43548775
0.4789363
0.45380378
0.47652096
0.49710223
0.43486083
0.49678886
0.4321938
0.43427926
0.44607612
0.44115657
0.4345008
0.43054315
0.43576592
0.43704027
0.43719012
0.4921582
0.48675302
0.46530986
0.47281575
0.50711155
0.51386315
0.5141087
0.47863016
0.45666286
0.43543378
0.43605006
0.495866
0.4335785
0.46733266
0.47543028
0.4338685
0.48527005
0.4325873
0.51565033
0.4842574
0.4851337
0.489056
0.51619875
0.50706047
0.4333572
0.43428814
0.43908656
0.43417057
0.44142172
0.43974447
0.4333744
0.48619577
0.49595132
0.46665666
0.43933293
0.43705198
0.44535658
0.43504143
0.43497628
0.46248853
0.4323104
0.45813122
0.4394233
0.44763145
0.4328192
0.46033856
0.49666893
0.51922375
0.54114425
0.43606597
0.5064897
0.43484542
0.4508377
0.4350509
0.43483534
0.43286878
0.43578136
0.5058106
0.43224812
0.43410856
0.508767
0.4677713
0.52961564
0.43935484
0.45673606
0.48870856
0.50742966
0.43357882
0.4354886
0.51352316
0.4363784
0.43462372
0.43442628
0.48091698
0.47899067
0.4355929
0.4350805
0.45749414
0.5001301
0.4356655
0.5317131
0.44090188
0.44156522
0.43501535
0.49137002
0.5062718
0.44036907
0.43423364
0.44348368
0.49318835
0.45213455
0.43452886
0.44244263
0.540662
0.4314957
0.43268627
0.46143764
0.5011149
0.45664623
0.51933306
0.43981597
0.5306706
0.4353238
0.43870783
0.4421075
0.42860603