0.91525704
0.8507706
0.18783623
0.8457173
0.19761851
0.10300836
0.1073353
0.8940558
0.20365523
0.35942274
0.08633553
0.087023035
0.13852766
0.2403955
0.9000913
0.16771343
0.13843296
0.8180727
0.17332004
0.7393069
0.82342106
0.1887114
0.2333785
0.12802085
0.16714577
0.2473949
0.750785
0.5567704
0.34286916
0.9197337
0.09866239
0.2872402
0.9039595
0.2696792
0.2537237
0.17983069
0.8746922
0.8897755
0.973827
0.80289936
0.17248444
0.8048245
0.13766833
0.18112454
0.11676037
0.19814625
0.96835035
0.8744205
0.18083152
0.7986137
0.85454035
0.12739338
0.77516043
0.9231805
0.77187926
0.20004869
0.7430219
0.31597644
0.22882465
0.1990237
0.80823493
0.78546
0.77981734
0.2803737
0.6682138
0.77471024
0.9371681
0.1794881
0.74541724
0.8864997
0.8049057
0.20967938
0.83836263
0.4201507
0.07205177
0.11233794
0.1341404
0.7465474
0.24069211
0.14049041
0.12859493
0.09250494
0.13633221
0.82785684
0.80926484
0.12603413
0.8829877
0.8742227
0.72620445
0.614505
0.10245963
0.13222228
0.8194484
0.90012646
0.09546348
0.21239977
0.7546035
0.6901388
0.92668116
0.82370067
0.24220571
0.22747706
0.123394564
0.13758779
0.14311299
0.16679567
0.0984438
0.8399506
0.8282855
0.86434686
0.13647796
0.2335524
0.9066544
0.16721249
0.23737577
0.13852173
0.17110677
0.2720904
0.9042525
0.6610335
0.8871418
0.6894284
0.23835985
0.92488134
0.2745489
0.92748415
0.19821034
0.17432281
0.1685015
0.63301134
0.8757919
0.6225971
0.193031
0.671654
0.11707108
0.12682816
0.64549613
0.9140424
0.2454754
0.12048889
0.8580727
0.15564425
0.93111813
0.13547194
0.74580276
0.19755423
0.12247902
0.10091342
0.17191267
0.1258662
0.95817626
0.8746875
0.18108085
0.12477994
0.19714205
0.15039778
0.95937556
0.14045456
0.13599484
0.5430084
0.83882535
0.93930733
0.7237078
0.8453984
0.91515505
0.20049281
0.95409256
0.94967055
0.2310425
0.24287458
0.15273389
0.26218733
0.2177544
0.7138097
0.18480648
0.12338743
0.20761657
0.88657266
0.20939654
0.16299224
0.40860304
0.13545576
0.087590955
0.96367204
0.5836664
0.7616451
0.15853271
0.24529678
0.16208096
0.9510639
0.116444476
0.9447041
0.836793
0.93649805
0.226868
0.15214784
0.20156439
0.709514
0.10908742
0.10857517
0.20926963
0.8732705
0.8399406
0.7788357
0.8407907
0.9420709
0.21483558
0.84403527
0.18222462
0.27415946
0.15519744
0.15658
0.97376627
0.16831245
0.20238544
0.29470006
0.16042605
0.53819287
0.16881731
0.16438586
0.23556083
0.682908
0.16930956
0.13136211
0.14757429
0.8712495
0.75800186
0.21221934
0.20856915
0.15212058
0.75658995
0.19493085
0.67042285
0.28258976
0.9439689
0.29652295
0.87237954
0.9141424
0.17790926
0.091034934
0.18209754
0.10417353
0.76223844
0.79327446
0.6707551
0.18050762
0.23322941
0.18948437
0.19069907
0.8975468
0.9640635
0.10569949
0.8967416
0.123011716
0.15392816
0.17110889
0.634873
0.8988071
0.7948026
0.8249614
0.9614854
0.13547696
0.8518249
0.60068154
0.3499933
0.19688015
0.08740098
0.18334007
0.916356
0.73146826
0.26507732
0.7769553
0.15443699
0.16760446
0.8862036
0.94529825
0.6438195
0.1447489
0.822734
0.8142783
0.97260416
0.8784737
0.086241506
0.12903878
0.7406719
0.9003218
0.1395641
0.9618203
0.13789931
0.19379465
0.77883035
0.5660184
0.9327636
0.1227064
0.85514426
0.20357272
0.9239298
0.78527087
0.19714397
0.969436
0.28570077
0.14778948
0.6731183
0.85955936
0.88811797
0.24761243
0.8490356
0.29860908
0.8401145
0.20149486
0.22033393
0.9402558
0.94257075
0.51301897
0.69101137
0.15756807
0.22263663
0.17890042
0.73569286
0.19033027
0.168433
0.22313398
0.11772142
0.10516312
0.9332291
0.9146444
0.16928472
0.14312354
0.24980316
0.8695875
0.83765674
0.07521621
0.9514166
0.8403124
0.8612382
0.19960791
0.67899805
0.9252769
0.14210775
0.08470824
0.09448548
0.19396023
0.76200974
0.12105557
0.7962063
0.5761327
0.75488484
0.9535788
0.92954206
0.65912724
0.8137837
0.11140535
0.8352282
0.10290488
0.77890795
0.13861488
0.20589256
0.98217624
0.9091422
0.96470124
0.2157759
0.5718797
0.18884724
0.15877269
0.20188668
0.14811978
0.7974577
0.18348484
0.1495445
0.21140894
0.24370503
0.16781534
0.8915385
0.11470048
0.15222345
0.19723472
0.61633104
0.7080775
0.18610573
0.22901759
0.8454782
0.35040888
0.7910052
0.18040399
0.14912415
0.59826684
0.8669249
0.120461926
0.19971848
0.6402001
0.8930745
0.2682951
0.13004352
0.3727534
0.18600577
0.8291596
0.916655
0.15761703
0.1076991
0.18472445
0.1150186
0.9179206
0.6085431
0.1367635
0.7992474
0.25229988
0.6133119
0.92854166
0.8605751
0.25203845
0.8126008
0.16728131
0.92166454
0.9257523
0.11780048
0.0867282
0.61828756
0.12334045
0.8575563
0.19631553
0.13690682
0.16828522
0.20258388
0.18328322
0.8956487
0.97291374
0.84372574
0.15625082
0.19108702
0.20407146
0.13394973
0.70409495
0.14113282
0.6682557
0.17925791
0.10573711
0.8358894
0.8803796
0.66102767
0.15545873
0.11430724
0.2943548
0.08779796
0.711144
0.8148421
0.14544335
0.8558777
0.79048884
0.24823008
0.7877245
0.79802096
0.2611017
0.4131237
0.106166914
0.9110025
0.2065355
0.8615078
0.86220235
0.1671018
0.09899328
0.9625554
0.8997808
0.11660178
0.76633877
0.17260727
0.9434685
0.84611267
0.8146984
0.120334536
0.1169524
0.23833808
0.09724896
0.77562976
0.899469
0.17962572
0.64011955
0.7635738
0.22562744
0.8530509
0.17385976
0.19474334
0.18819216
0.2802213
0.96725345
0.19230983
0.29287162
0.21628934
0.69449395
0.8434027
0.26350534
0.633832
0.9092583
0.9543521
0.8527842
0.34171832
0.38747278
0.89993834
0.22253565
0.24843587
0.80327845
0.15072069
0.8440505
0.13950484
0.10630154
0.60962117
0.6101144
0.1665618
0.21750352
0.11685447
0.3844129
0.16561352
0.82656044
0.14265509
0.73909235
0.18505585
0.22316842
0.90630746
0.34586683
0.10264453
0.13646616
0.9009462
0.79398996
0.15840936
0.76918656
0.9400358
0.42354968
0.20997776
0.12588671
0.81240815
0.1534318
0.8587609
0.23590998
0.08070983
0.21096432
0.16104664
0.13993627
0.14984082
0.24299823
0.16856952
0.9164991
0.22314285
0.6626544
0.22744884
0.89529026
0.15749726
0.18976726
0.11505647
0.14883368
0.18322834
0.81671333
0.11634861
0.20213494
0.23762803
0.89172477
0.9232004
0.2521159
0.16905735
0.10065282
0.094969556
0.8788848
0.12583275
0.8508774
0.93750477
0.17416409
0.62214506
0.118062034
0.8046349
0.95824784
0.16309953
0.8567136
0.9256219
0.09300834
0.89843166
0.12411216
0.905659
0.92836195
0.6775069
0.8061517
0.54358697
0.22024982
0.11673871
0.11739096
0.13371575
0.18857895
0.9192241
0.44037354
0.116117746
0.7559462
0.14418836
0.95922494
0.0906865
0.19842723
0.12440926
0.87153715
0.899948
0.13810386
0.21697795
0.121361166
0.88081056
0.17998664
0.88236874
0.9373444
0.8333133
0.16968316
0.92708665
0.10260803
0.23618317
0.24275774
0.2329363
0.7437563
0.2059285
0.8977261
0.21620557
0.8851741
0.85603154
0.21376494
0.18793719
0.20529543
0.8676814
0.69023156
0.5840363
0.13575897
0.19663447
0.80789113
0.6638326
0.9646667
0.09401398
0.6830275
0.8803464
0.1883894
0.17867768
0.16415155
0.9860263
0.79675925
0.26558775
0.94375736
0.85946405
0.22233701
0.16690251
0.0992161
0.82722694
0.066919126
0.8918699
0.83072287
0.17531835
0.12820177
0.20342498
0.085888416
0.97851163
0.52479917
0.84329194
0.80432856
0.25783142
0.9732309
0.24328752
0.9572998
0.8999947
0.9164183
0.2561491
0.13780436
0.14849943
0.13741183
0.41748258
0.42046043
0.15226187
0.88282293
0.11615186
0.14565912
0.6406545
0.09071
0.807722
0.9129485
0.17360404
0.6775754
0.82494205
0.82320035
0.35861552
0.24259841
0.7165616
0.8745345
0.9505159
0.16816032
0.6950955
0.9058385
0.7149127
0.83082384
0.7243891
0.93721294
0.73978585
0.15782894
0.27442175
0.6630524
0.08266149
0.12075491
0.3193691
0.09515132
0.11973288
0.14619997
0.8592415
0.5827787
0.25980046
0.924506
0.976658
0.24849987
0.17487843
0.79557407
0.12900087
0.9233386
0.932437
0.9768316
0.872688
0.79125303
0.15728757
0.10758199
0.68244076
0.16363543
0.13433444
0.7198622
0.1156036
0.7420592
0.15229613
0.11618931
0.9159474
0.10923532
0.18436371
0.107099086
0.20846553
0.18080007
0.19056268
0.20040487
0.8789416
0.69002396
0.16780299
0.10146125
0.41001242
0.18684776
0.098527856
0.847394
0.962996
0.185131
0.7827126
0.24716724
0.89576364
0.10185141
0.9802183
0.77310747
0.13436398
0.18298525
0.12605458
0.25128624
0.15140614
0.1025892
0.09412597
0.8178535
0.8492932
0.16109127
0.83416927
0.24490249
0.1027128
0.1840205
0.21364819
0.6236124
0.78722966
0.8746055
0.15803234
0.1447833
0.20840915
0.7134394
0.18645816
0.8020191
0.12889975
0.12247179
0.96756405
0.11853916
0.17731738
0.7631159
0.90613127
0.098866545
0.78019613
0.10137381
0.20430635
0.9101193
0.38130772
0.6119603
0.10615004
0.8405418
0.916826
0.8538219
0.83754486
0.17668003
0.9440612
0.8453548
0.87872607
0.20379987
0.19884995
0.15364997
0.1351666
0.16899228
0.96221083
0.117524005
0.9140985
0.19513033
0.7621278
0.8645832
0.11122258
0.10984215
0.100769535
0.7885623
0.9369977
0.80014116
0.92438316
0.8601584
0.76426876
0.83334285
0.12800828
0.29143357
0.71492416
0.5893722
0.09458262
0.8134986
0.7466917
0.91207063
0.8625409
0.107519284
0.20610239
0.7239622
0.8342124
0.091337234
0.753763
0.24290138
0.80390507
0.13717572
0.1496852
0.8321617
0.71271515
0.849311
0.8871434
0.82696116
0.14571497
0.14331208
0.18780203
0.824501
0.8545896
0.29300994
0.9082208
0.75881934
0.82535404
0.89108384
0.91518784
0.11563552
0.18935879
0.8991779
0.15857273
0.22682102
0.10702577
0.81922126
0.119180225
0.13186373
0.13994235
0.28671688
0.88983744
0.182899
0.78608376
0.23487408
0.92096955
0.17525421
0.09683819
0.036373865
0.21444583
0.113628395
0.14427538
0.8065599
0.22310282
0.94014525
0.17363757
0.89407855
0.20431423
0.2497009
0.23516765
0.38997924
0.7670857
0.22221553
0.7756774
0.144412
0.1377915
0.10967634
0.92404395
0.23466234
0.7559168
0.24635342
0.27224144
0.9223413
0.13863117
0.85545003
0.66361237
0.77364343
0.8020591
0.15098645
0.7560287
0.84491205
0.6457548
0.14195623
0.80110735
0.6616333
0.8776666
0.8403663
0.17415717
0.8431202
0.59503496
0.19728795
0.825743
0.16398074
0.15142536
0.14684066
0.7943389
0.80757695
0.78130996
0.16690971
0.90009063
0.8441117
0.16178176
0.9801381
0.8773546
0.8115131
0.68404514
0.86617464
0.32108173
0.2650335
0.82887983
0.2051961
0.8451602
0.24366488
0.90376884
0.97686106
0.79317486
0.9016748
0.0870355
0.911699
0.837184
0.09974849
0.8350722
0.103282094
0.1559327
0.16071361
0.08703481
0.19635323
0.15903604
0.8698574
0.9102549
0.8067468
0.19366421
0.62379444
0.5260588
0.20661792
0.14925401
0.8897862
0.8296852
0.22279458
0.81322646
0.8723783
0.4264339
0.19238664
0.7591775
0.19120617
0.9094118
0.1841874
0.19642383
0.18697584
0.6617916
0.14699784
0.91675943
0.12797847
0.6132
0.23628013
0.1650045
0.6178424
0.8969443
0.28841197
0.87486416
0.86205816
0.14011812
0.852961
0.19812399
0.18600436
0.27718088
0.09959666
0.42481858
0.710663
0.9212462
0.7193103
0.7561881
0.17939378
0.88399297
0.09084584
0.7804367
0.22524653
0.22477326
0.14389558
0.14368054
0.82402974
0.2131
0.95784485
0.11237828
0.75978285
0.807894
0.14193878
0.5716785
0.17517857
0.25545943
0.9436288
0.10795722
0.11063393
0.6283007
0.89392704
0.23286138
0.6376419
0.95913434
0.124843135
0.24443078
0.8058158
0.340205
0.15297915
0.08051271
0.17491983
0.14470068
0.2994647
0.1629135
0.81460285
0.9108624
0.8922551
0.12548505
0.25454837
0.79571766
0.20243734
0.15685834
0.9355451
0.22428003
0.675908
0.8419463
0.8155446
0.87009585
0.14877506
0.14491409
0.9449309
0.8472911
0.7333371
0.77727985
0.97483635
0.17198743
0.9507532
0.21338226
0.8586878
0.90240353
0.18333876
0.1971649
0.12528765
0.11202101
0.7749104
0.8557265
0.7740018
0.11825586
0.94526833
0.09984717
0.8928688
0.1341375
0.6919098
0.79981565
0.8508165
0.95661175
0.9345491
0.13304597
0.14254041
0.2009025
0.7942409
0.9186162
0.7253383
0.13818562
0.89419043
0.7996862
0.93431395
0.20548001
0.8307075
0.16434176
0.87690175
0.7966442
0.8622371
0.2218247
0.20250186
0.8763655
0.15035525
0.1503035
0.101800606
0.7558476
0.17491055
0.43025342
0.859429
0.40498078
0.2742833
0.12715629
0.65143913
0.8544104
0.12771155
0.861453
0.77099
0.15624654
0.123800516
0.14121974
0.12684001
0.7049782
0.14281118
0.17620766
0.7993651
0.77688193
0.12244387
0.060100924
0.71532017
0.1370027
0.70510405
0.18217629
0.22057053
0.15055282
0.15336236
0.8668215
0.1449871
0.09848647
0.8286092
0.20884857
0.17011894
0.87402767
0.42717323
0.15552911
0.2622789
0.2812035
0.23377913
0.70195174
0.8160545
0.85330653
0.113469176
0.92565423
0.11109571
0.82943887
0.32393077
0.82373124
0.90277463
0.7859969
0.8975688
0.18996418
0.18810453
0.21448939
0.8311932
0.2472541
0.5682919
0.3254249
0.5811793
0.19540355
0.69453305
0.8410209
0.31467867
0.93284637
0.7344392
0.81409806
0.87979597
0.9499592
0.23628095
0.10102069
0.76969
0.23421675
0.15690671
0.19302246
0.19421388
0.92369235
0.81713206
0.9286096
0.91345626
0.12835807
0.9324051
0.16156426
0.21464513
0.07265892
0.73646927
0.12242623
0.17396039
0.2727084
0.9042651
0.08963693
0.18634802
0.18141027
0.13413365
0.15668696
0.163994
0.20425756
0.7757831
0.12947565
0.96551603
0.152068
0.22738543
0.16729803
0.7678088
0.79747087
0.14278302
0.20596673
0.8643051
0.5411954
0.12684236
0.14012642
0.12799293
0.25625393
0.8150351
0.8713237
0.21858653
0.8306869
0.4248454
0.87367326
0.15800734
0.9285941
0.13395439
0.15895475
0.88152075
0.8892706
0.15638047
0.17698193
0.83230036
0.15952624
0.15836357
0.18305355
0.1973171
0.8876353
0.94148535
0.17697436
0.2750983
0.93774664
0.17650038
0.930804
0.75572366
0.18926392
0.186807
0.94705975
0.12178801
0.16652793
0.66855574
0.2234153
0.7227987
0.16168329
0.11293317
0.122198835
0.08119205
0.11373249
0.5356306
0.117512606
0.17791054
0.21648164
0.92035574
0.9789874
0.8044736
0.70438004
0.13073683
0.1696073
0.802866
0.12013437
0.21941327
0.20996077
0.29321644
0.8135311
0.25160652
0.035100587
0.7020667
0.17519732
0.16919778
0.9001085
0.8412826
0.9352125
0.14517991
0.7578664
0.14446019
0.15317553
0.88731164
0.85063934
0.11085997
0.86185473
0.6344664
0.10449542
0.094658144
0.8179264
0.15709144
0.80204946
0.14481358
0.537469
0.29153734
0.1591301
0.82987547
0.18663946
0.15046251
0.8973936
0.93025994
0.16993834
0.08560189
0.9594832
0.8239185
0.67426276
0.81151885
0.8828575
0.86798704
0.75804293
0.20302862
0.8556819
0.15302785
0.30024347
0.1458166
0.20308003
0.9244316
0.13530593
0.72946656
0.93934244
0.18155324
0.16275153
0.22624378
0.1713681
0.6810468
0.18114874
0.80894864
0.14536326
0.23563151
0.77246904
0.841296
0.64368856
0.78510547
0.16419387
0.90035117
0.17618376
0.23241599
0.18243885
0.26047915
0.11878118
0.7579081
0.14890788
0.2392013
0.11260429
0.73226655
0.7904789
0.68689734
0.7375238
0.82997155
0.9372268
0.9408909
0.7463211
0.6738082
0.15202215
0.7093485
0.82723135
0.09105849
0.72900337
0.63529617
0.097291015
0.8128834
0.16751699
0.8810594
0.9154056
0.8723465
0.91359675
0.9247169
0.8934178
0.12303309
0.13076763
0.1463771
0.15520996
0.13634382
0.079842195
0.096127756
0.8310913
0.9203237
0.7485192
0.24360776
0.2281837
0.12589616
0.21946241
0.17966913
0.72634506
0.11669534
0.84691274
0.13810086
0.43115398
0.10390382
0.42743132
0.81962496
0.9444253
0.92408603
0.10360955
0.6283287
0.17439412
0.9243587
0.11110765
0.13705912
0.1114791
0.18295653
0.92115617
0.107562415
0.2002073
0.80193627
0.8426443
0.94413835
0.12881202
0.8499282
0.6578569
0.97202533
0.099494584
0.09108382
0.8588126
0.32518774
0.15490502
0.21893325
0.66951275
0.8933424
0.14438286
0.16773212
0.8178292
0.8969359
0.16846523
0.9217261
0.25805214
0.11169677
0.10471254
0.74197775
0.71284485
0.10317015
0.17621471
0.17646179
0.9061388
0.28355533
0.7557858
0.11689494
0.92980164
0.10835472
0.21003883
0.8327659
0.86918366
0.57102054
0.969358
0.6553069
0.84073234
0.17053315
0.29891586
0.14680246
0.75582325