1.0
1.0
5.712809e-06
1.0
0.26171553
4.9527424e-11
0.00015055765
1.0
0.27127072
0.9999999
5.9868035e-09
6.5841785e-05
4.2188345e-17
0.22395103
1.0
1.17821216e-14
8.840102e-15
1.0
1.9780742e-05
0.9999552
1.0
1.18015085e-14
0.30445093
3.577987e-13
5.173702e-16
2.8363182e-05
0.9651581
1.0
0.19932921
1.0
4.252428e-16
0.13627647
0.032291625
0.10597166
1.1268283e-07
0.012525768
0.9999999
1.0
1.0
1.0
4.1343076e-10
0.40107733
3.8059616e-06
8.7081964e-05
3.9198657e-17
1.29189e-17
1.0
1.0
4.4975074e-14
1.0
1.0
7.627684e-11
1.0
1.0
0.99993837
5.585619e-16
1.0
3.805723e-11
6.6294882e-18
5.297096e-07
1.0
1.0
1.0
1.9980774e-07
0.9999982
0.9996654
1.0
1.7775235e-17
0.67498857
1.0
1.0
2.4644619e-08
0.9996196
0.8908391
1.6448777e-10
7.579282e-09
7.7112564e-18
1.0
9.754989e-07
0.1340486
6.1216457e-18
1.7139996e-08
0.21844931
1.0
1.0
0.00011020185
1.0
1.0
1.0
1.0
1.246318e-08
1.5397855e-10
1.0
1.0
6.638055e-14
5.4647353e-05
1.0
1.0
1.0
1.0
4.7879703e-06
0.09623808
2.1963303e-17
2.4283885e-19
0.0018672291
9.945512e-18
4.939297e-08
1.0
1.0
1.0
3.874411e-05
3.063561e-06
1.0
7.447799e-09
0.2793511
1.0548617e-15
9.601e-12
3.9694403e-09
1.0
0.9996619
1.0
1.0
1.5676453e-09
1.0
1.8886668e-09
1.0
9.3502706e-07
6.672197e-15
2.6318915e-19
1.0
1.0
1.0
1.9675065e-12
1.0
1.5379768e-05
9.361695e-10
0.02225226
1.0
3.0419122e-05
1.11652645e-10
1.0
1.9765663e-17
0.9999999
1.2084806e-18
1.0
7.6209194e-19
3.4788153e-13
0.08189349
1.0516513e-15
2.2673284e-10
1.0
1.0
0.0038498533
3.9136376e-12
2.4389903e-08
0.16135806
1.0
5.533099e-20
5.579158e-19
1.0
1.0
1.0
0.94275314
1.0
1.0
2.7613623e-15
1.0
1.0
1.6719393e-16
7.595285e-21
2.1160516e-11
0.056694333
5.0452677e-06
0.3843467
8.2611623e-10
4.3263862e-16
3.176185e-09
1.0
1.7673402e-14
6.266291e-14
0.40938315
8.586066e-19
0.000103250684
1.0
1.0
1.0
0.00016415336
0.27664837
1.1965088e-17
1.0
1.3903191e-10
1.0
1.0
1.0
8.549126e-06
7.837093e-16
0.19777173
1.0
1.4918395e-21
4.855351e-16
1.1897668e-08
1.0
1.0
1.0
1.0
1.0
5.413198e-06
1.0
9.778743e-06
7.232922e-08
0.25715995
0.2920759
1.0
1.4395653e-16
0.20099767
0.12127709
6.250666e-10
0.03599966
3.2329196e-15
5.364517e-10
1.63705e-10
1.0
3.80508e-17
1.5585148e-06
9.61316e-17
1.0
1.0
5.3058788e-08
0.00050305977
5.8274654e-20
1.0
0.2546206
0.9139867
0.006678269
0.9998363
0.14932846
1.0
1.0
7.816853e-15
1.1757882e-07
1.8044507e-14
6.3453945e-07
1.0
1.0
0.9999999
1.8050547e-16
0.24045457
7.8089264e-11
0.23185855
0.12739275
1.0
3.4485714e-09
0.9999181
2.1312837e-13
5.7719345e-20
2.200348e-09
1.0
1.0
1.0
1.0
1.0
6.8304736e-08
1.0
1.0
0.99986255
5.087778e-10
5.161221e-07
1.5940887e-20
0.5869192
1.0
0.16226725
0.9794815
2.942651e-16
1.01909885e-08
1.0
0.084403425
0.047725838
1.103156e-11
1.0
1.0
1.0
1.0
4.1159605e-13
6.2347745e-16
1.0
1.0
0.16430956
1.0
2.0192332e-13
0.021021713
0.99998987
1.0
0.9991109
6.943316e-13
1.0
1.1984123e-08
0.7876479
1.0
1.2147436e-10
1.0
0.0003395783
5.6779077e-13
0.9999995
1.0
1.0
5.593579e-10
1.0
5.1033332e-08
1.0
5.616083e-17
8.1065834e-18
0.1435212
1.0
1.0
1.0
1.407296e-13
3.0695932e-09
4.0864148e-17
1.0
1.0298622e-18
3.5495048e-14
1.9410966e-09
1.2815226e-11
9.0119736e-13
1.0
1.0
3.6482183e-07
1.8305807e-15
0.094680645
1.0
0.7473349
3.3970713e-07
1.0
1.0
0.92355424
0.0009049541
1.0
1.0
0.00013337142
6.654205e-07
2.825547e-07
7.3219043e-17
1.0
0.12392385
1.0
0.99998426
0.9999107
1.0
1.0
1.0
1.0
5.5686452e-11
1.0
0.09224943
1.0
3.9235813e-14
4.2746874e-19
1.0
1.0
1.0
1.5149625e-10
1.0
8.7191376e-10
6.3781336e-21
1.6378173e-11
0.21471606
0.99999976
1.7939046e-11
4.003136e-21
0.17339829
0.00406273
1.1410082e-15
1.0
1.31277715e-14
1.1006651e-19
1.2621147e-14
1.0
0.9999994
1.2799241e-20
5.6804374e-11
1.0
1.0
0.9999999
4.4070764e-15
8.5520986e-07
1.0
1.0
0.074075885
1.528794e-10
1.0
1.0
1.2189985e-13
2.3408551e-17
2.4618213e-12
4.2280422e-05
1.0
1.0
1.0715878e-11
2.1609222e-14
1.5055294e-06
1.7602973e-12
0.99999976
1.0
0.10890538
0.12253945
0.2492565
1.0
1.0
1.0
0.22798142
1.0
0.085361026
1.0
1.0
2.1228296e-16
1.8397301e-08
1.0
2.9222342e-17
1.0
3.3127442e-11
1.2869381e-15
0.0012363107
4.459627e-20
1.605672e-09
1.0
1.0
1.0
0.10448275
2.3223454e-10
1.3207978e-05
9.825194e-12
1.0
0.034815077
1.2061134e-06
2.3534053e-08
3.9095527e-10
1.0
0.9999852
0.9998964
0.004494017
2.8149095e-17
3.328786e-12
8.155359e-14
1.0
1.0
1.5851319e-13
1.0
1.0
1.03140906e-07
1.0
1.0
0.15315364
0.9999962
1.8599185e-12
0.0152265625
1.1181838e-15
1.0
1.0
4.5074692e-14
5.705568e-17
1.0
1.0
9.477205e-16
1.0
2.6005993e-15
1.0
1.0
0.6081304
1.00819255e-16
1.8240574e-10
9.767532e-08
5.987222e-05
1.0
1.0
1.9485044e-20
1.0
1.0
2.824589e-18
1.0
5.7021287e-05
4.5584626e-14
0.002040603
0.046969924
1.0
1.8180544e-15
2.213321e-16
1.1105863e-13
1.0
1.0
4.9352425e-06
0.7234648
0.999998
1.0
1.0
0.07851046
0.1694371
1.0
8.054635e-20
1.046226e-14
0.999995
0.19144216
1.0
3.930004e-16
1.9140693e-14
1.0
1.0
4.8434825e-09
0.005924287
3.0184007e-18
0.9860977
9.0373584e-14
1.0
7.0642827e-15
1.0
1.1513357e-05
0.2372783
1.0
1.3839548e-08
7.647115e-15
3.413648e-11
1.0
0.076362334
2.6982997e-16
1.0
1.0
1.0
0.22926407
5.01883e-16
1.0
4.649049e-12
1.0
0.26635978
3.2595237e-12
0.07880239
3.4852817e-18
2.5576006e-19
3.7307295e-09
0.17242564
4.7412517e-15
1.0
0.29256722
1.0
0.22504605
1.0
3.8535177e-07
2.1277883e-05
3.939973e-15
2.1352014e-21
2.3668936e-18
1.0
3.5038236e-11
1.3529333e-18
0.22922723
1.0
1.0
3.7703227e-05
5.4107355e-15
1.8072961e-10
2.217225e-06
1.0
1.4366147e-15
1.0
0.10754166
0.00053612585
1.0
6.5553095e-08
1.0
1.0
3.8932165e-19
1.0
0.9999999
3.349553e-07
0.9999651
4.448711e-12
1.0
1.0
1.0
1.0
1.0
6.5608483e-09
1.006821e-15
1.1332085e-12
1.2640505e-12
2.8931294e-07
1.0
0.9999788
6.4185116e-11
0.99999416
3.259499e-12
1.0
3.1285654e-13
3.9555213e-19
9.896419e-08
0.0033056773
1.0
1.2379076e-08
1.3000133e-12
9.588287e-18
1.0
2.1063948e-19
1.0
1.0
1.0
7.4170727e-22
0.99999964
2.5197955e-14
0.26535103
0.0070340247
2.6455031e-17
1.0
5.988372e-19
0.9821499
3.9398726e-20
1.0
0.9679299
1.0049497e-20
6.1070864e-08
8.517745e-21
1.0
1.0
1.0
0.08761413
1.976443e-12
1.0
0.24596573
1.0
1.5560866e-07
1.0
0.9999057
0.20292895
1.794207e-17
8.6280925e-05
1.0
1.0
2.5901338e-08
1.0
1.0
8.678886e-06
0.0006922731
5.9018584e-10
1.0
1.5427105e-10
0.9975656
1.0
1.24065754e-14
3.1804503e-18
3.832543e-06
1.683459e-16
1.0
1.0
1.0
1.0
0.1851929
1.0
3.550068e-17
1.0
1.0
1.0
1.1275253e-16
6.0564803e-06
0.20280431
1.8742323e-14
1.0
0.9999969
6.773382e-18
1.0
1.1632799e-18
1.850029e-20
1.0
0.077287026
0.99999094
1.0
1.7070558e-07
1.0
1.0
1.0
0.069707856
7.12922e-17
1.0
1.0
0.07231753
2.8391575e-21
0.7564235
1.0
1.0
1.0
1.0
1.0
1.0
2.5368463e-11
4.3275797e-10
1.0
1.3414184e-08
8.993396e-09
2.0504998e-09
3.0379005e-10
7.3438846e-06
1.9109085e-12
1.0
0.99956995
0.12263321
1.0
1.0
1.9146594e-06
3.0141835e-22
1.0
6.7040035e-10
1.0
1.0
1.0
0.34487748
1.0
5.92484e-19
1.2350455e-10
1.0
0.24365395
5.4809834e-11
1.0
2.8280624e-17
0.9541068
2.6210802e-08
2.264041e-09
0.99962664
7.773053e-15
1.9360285e-19
3.2204728e-09
6.569823e-10
0.015943045
2.0691154e-19
2.9545836e-07
1.0
1.0
0.029545702
8.44946e-10
1.0
2.0874962e-12
2.2145297e-15
1.0
1.0
3.5565392e-14
0.9993274
0.08829881
1.0
8.5643235e-09
1.0
0.0003291919
1.1889852e-10
0.00029172056
6.9507635e-09
0.009479819
6.850285e-14
2.2855343e-10
4.5793142e-15
1.0
0.3250533
7.01628e-14
1.0
2.0836846e-09
7.365432e-11
0.22597997
1.6224687e-09
1.0
1.0
1.0
6.613272e-18
3.849407e-12
3.5346132e-11
1.0
3.0638206e-16
1.0
1.6976719e-07
7.765641e-08
1.0
1.7358695e-14
3.2852506e-20
1.0
1.0
0.082210794
1.0
4.4735305e-05
5.8456363e-19
1.0
0.97549975
0.9999999
5.2276812e-17
1.0
1.0
1.0
1.0
6.783325e-07
1.0
0.9999999
1.0
5.3406905e-13
2.4539304e-09
3.061781e-13
0.12734947
5.7176115e-19
1.0
6.756026e-11
1.0
0.029195039
1.0
1.0
1.0025897e-15
1.530859e-07
1.4686531e-08
0.730484
1.0
1.0
1.0
1.0
1.0
1.0
2.7200455e-11
8.489533e-06
1.0
0.9998921
1.979667e-14
1.0
1.0
1.0
1.0
3.1906628e-15
5.376538e-07
1.0
1.0
8.792667e-07
0.69511014
2.8927383e-09
1.0
2.5920322e-15
1.2514982e-13
1.0
1.0
0.5097386
1.0
1.0
2.6612187e-12
2.291091e-17
0.0060133496
1.0
1.0
0.0035730377
1.0
1.0
1.0
1.0
1.0
8.514113e-12
3.6921546e-10
1.0
1.513802e-13
4.258076e-09
1.9057668e-05
1.0
1.0578759e-15
1.12056114e-17
3.011541e-14
0.15648109
1.0
2.426199e-07
1.0
3.006211e-09
1.0
7.119027e-05
0.05495258
4.1080503e-30
6.893828e-14
3.8147437e-14
6.0232447e-18
0.98514634
3.2996075e-05
1.0
1.2121036e-20
1.0
1.9089974e-05
1.0177982e-10
1.0856995e-06
0.864306
1.0
0.09330104
0.9999813
4.949191e-15
0.00047556544
1.3206617e-16
1.0
1.4591494e-06
3.162692e-05
0.23903283
0.23558709
1.0
1.3936506e-18
1.0
1.0
1.0
0.99975914
4.607818e-10
1.0
1.0
0.027823193
2.0570492e-13
1.0
0.0073333336
1.0
0.00014169331
5.7932335e-12
1.0
1.0
0.24307391
1.0
4.085634e-14
6.0051066e-15
4.291935e-11
0.883118
1.0
1.0
0.2578255
1.0
1.0
5.2972104e-20
1.0
1.0
0.9999908
1.0
1.0
0.0041281986
4.2052734e-17
1.0
0.0004376941
1.0
0.24237706
1.0
1.0
1.0
1.0
2.8080564e-07
1.0
1.0
9.851463e-16
1.0
4.6098642e-11
6.5866567e-19
1.6422918e-17
1.7541761e-06
0.21289521
1.8893946e-09
1.0
0.9859822
1.0
1.1045123e-14
1.0
0.9763654
1.6243103e-10
3.0762215e-17
1.0
0.9999999
7.991192e-07
1.0
1.0
1.0
5.5107467e-21
1.0
4.9069052e-14
1.0
4.745184e-20
1.9726358e-23
0.0010930091
1.0
7.8244746e-19
1.0
0.0072271335
1.0
0.22879738
3.298265e-17
1.0
1.0
8.5113696e-12
1.0
1.0
1.0899195e-18
1.0
4.568041e-16
2.926256e-13
0.11281263
0.09441304
1.0
0.00039627892
1.0
1.0
1.0
0.0033754797
1.0
4.190041e-07
1.0
0.22079174
0.020931704
1.0570788e-12
3.9082724e-13
1.0
0.19530565
0.99983656
1.9880344e-09
1.0
0.99997663
4.0694049e-13
1.0
1.7836163e-13
7.400791e-06
1.0
9.0684045e-14
4.8331967e-15
1.0
1.0
4.5924505e-08
0.0010659269
1.0
6.297167e-14
1.1503868e-08
1.0
0.10628322
0.23904115
1.1504564e-13
1.2148544e-18
0.0005871525
3.599928e-05
0.23637283
1.0
1.0
0.99999905
4.458301e-12
1.9271094e-07
1.0
1.4460011e-21
4.1471757e-16
0.99998546
5.066354e-19
1.0
1.0
1.0
1.0
1.0052816e-12
8.2386067e-19
0.99999595
1.0
1.0
1.0
0.99999964
2.8011158e-05
1.0
2.1618785e-14
1.0
1.0
1.1425157e-14
2.7985423e-11
1.253392e-06
9.040758e-17
1.0
1.0
1.0
4.6751834e-12
1.0
5.9217006e-11
1.0
5.6855796e-17
1.0
1.0
1.0
1.0
1.0
1.0239873e-12
0.00090884895
4.9050403e-15
1.0
1.0
0.99999976
2.787053e-18
1.0
1.0
1.0
5.0181954e-17
1.0
6.522536e-06
1.0
1.0
1.0
1.0770438e-20
0.24507226
1.0
1.819293e-07
3.5092935e-08
4.6142645e-14
1.0
3.52845e-06
0.99907744
1.0
1.0
3.9863615e-08
2.4249573e-09
1.0
1.0
8.8279915e-14
1.0
0.91913253
3.3260816e-20
1.7136369e-19
6.7275264e-16
6.961952e-08
1.0
0.25288388
1.2888872e-05
1.0
1.0
7.331824e-14
1.0102099e-12
1.0
8.3353393e-19
1.0
1.236613e-14
2.4623645e-17
2.5280294e-16
2.9483095e-19
1.0
2.4619753e-06
2.3036356e-10
1.0
1.3912978e-14
0.00015802584
1.0
2.2369955e-05
4.0212056e-09
1.046774e-12
0.013630993
0.21485192
1.0
1.0
1.0
2.637749e-07
0.999997
4.5715055e-18
1.0
1.1236207e-07
1.0
1.0
1.0
1.0
1.6582052e-14
1.896255e-08
0.12854971
0.99999976
0.20039037
0.98318464
0.20169364
0.993529
0.2230663
0.9865137
0.989578
0.09672737
0.9999957
0.9999987
1.0
1.0
1.0
1.805e-23
6.106312e-10
1.0
1.7823241e-07
2.2524618e-10
7.0643644e-11
2.6791206e-08
0.99998033
1.0
1.0
1.0
2.4974911e-12
1.0
2.6572432e-06
6.2383943e-15
3.6156347e-14
1.0
3.6501806e-08
1.1073277e-19
1.18817525e-07
1.0
8.47462e-18
1.6824692e-05
1.8018001e-13
9.676827e-10
2.0302777e-21
4.4240487e-14
4.2227586e-19
1.0
6.5476244e-12
1.0
6.1109084e-08
0.002139061
1.5511007e-15
1.0
0.9989598
3.90165e-17
3.760311e-10
1.0
1.0
1.3994209e-17
3.1478507e-17
2.6012506e-10
0.25903365
0.9999957
1.0
7.503664e-09
1.0
0.99999976
1.0
6.6335925e-16
1.0
1.700051e-16
7.009192e-10
0.106571
1.0
1.3012612e-12
0.29408336
1.0
6.024804e-19
7.3901947e-07
3.1080303e-19
4.0695706e-08
1.0
1.0
3.9868896e-14
0.18003544
1.0
5.4775683e-14
0.8876888
1.0
2.2463366e-20
1.59049e-16
1.0
9.398611e-16
6.506567e-08
1.0
0.23186737
1.0
9.188587e-19
6.6425535e-17
1.2363183e-10
6.710944e-06
1.78729e-10
1.0
0.23296207
2.9703928e-14
0.18229005
1.0
1.0
1.0
0.99999845
4.0292066e-16
1.0133994e-13
1.0
2.3935242e-18
0.11351701
5.046875e-06
0.15636986
1.0
3.1879223e-05
7.145022e-07
1.0
0.21832994
2.1420385e-09
0.0016093625
1.0
1.0
1.151406e-05
1.0
3.2114494e-13
0.0006355452
0.098218545
1.0
1.543971e-13
1.0
1.0
2.6632407e-07
2.2510187e-10
1.0
3.519901e-14
1.0
2.987388e-07
0.99884677
0.0005101942
5.9303082e-09
1.0
6.1757045e-12
1.0936843e-11
0.4641669
1.0
9.284465e-14
9.30094e-12
1.0
1.0
1.0
1.0
1.0
1.0
1.0
1.7194355e-15
1.0
5.8839636e-18
0.12101865
6.634985e-12
8.110168e-19
1.0
3.999846e-10
1.0
1.0
1.3044124e-19
3.2664312e-20
1.3431284e-16
1.0495718e-14
1.0
2.1934571e-05
1.0
1.1619829e-14
3.4892906e-05
1.0
1.0
1.0
1.0
4.7461486e-05
0.9999995
3.5665644e-11
3.7013188e-11
2.2028683e-08
1.7381947e-11
6.5522843e-12
1.0
0.00046437682
0.029716074
8.1178486e-14
0.011046705
1.0
1.0
1.0
1.0
1.0
0.8648867
1.0
1.0
2.1948235e-05
1.0
1.0
1.925849e-07
0.8442789
1.0
1.645316e-15
1.0
3.50464e-18
1.0
1.0
1.0
1.0
1.0
1.0
1.7629405e-05
9.022964e-13
4.5362067e-14
3.2658647e-16
0.08055386
6.271564e-14
6.841883e-08
1.0
1.0
1.0
0.19571243
0.0025086566
1.5765176e-13
0.19286376
3.3633205e-07
0.34780115
1.9871652e-10
1.0
1.5476758e-07
1.0
1.4593664e-06
0.26084986
1.0
1.0
1.0
9.146825e-06
1.0
7.025668e-10
1.0
1.9641778e-11
3.463525e-06
1.486045e-15
0.20636919
1.0
3.2279093e-08
5.9064385e-11
1.0
1.0
1.0
7.1810884e-11
1.0
0.9999763
1.0
1.0468442e-15
9.5281234e-11
1.0
2.0132507e-06
1.7554238e-14
0.24381536
0.29586655
1.0
0.20095283
2.36166e-06
1.0
0.99999833
1.0920593e-13
1.0
0.08829605
2.662817e-09
6.779337e-15
1.0
1.0
3.52985e-11
8.2879935e-21
3.613754e-06
1.0
7.2905927e-06
1.0
0.10067229
1.0
7.1760046e-12
1.322138e-13
1.0
1.0
1.0
1.0
7.2075403e-07
1.0
6.4541357e-19
3.623964e-20
2.727919e-17
1.0