0.53110737
0.99658966
0.45185682
0.551557
0.45173913
0.007766703
0.009735668
0.9942433
0.45148066
0.69914025
0.0009969643
0.0030097782
0.0067236167
0.45097822
0.99453604
0.005707804
0.0026266773
0.83191174
0.0031062253
0.47155845
0.6413609
0.0014313966
0.45187873
0.009278422
0.0027690213
0.004017474
0.46732193
0.87441087
0.48384425
0.9962333
0.0056345114
0.45148122
0.85302407
0.46569848
0.45245114
0.4511504
0.5090742
0.98550516
0.999788
0.99673826
0.0019640482
0.46277368
0.0036686866
0.45175782
0.009078176
0.0073385527
0.8785995
0.89985543
0.0023842053
0.99609727
0.9796022
0.006644684
0.9649598
0.99924624
0.5101016
0.0020004078
0.52890253
0.0070633637
0.0098550245
0.003722246
0.5414001
0.97300094
0.54744995
0.45270357
0.94367313
0.6464974
0.54052854
0.012644496
0.90994734
0.53531694
0.97922873
0.0021501766
0.97215515
0.19839302
0.024840627
0.002047322
0.0041023483
0.570818
0.45243263
0.45075914
0.01719492
0.00612015
0.45136467
0.95003915
0.9914175
0.0067563625
0.8436561
0.9481773
0.9918818
0.8056267
0.0034558463
0.0038769394
0.99197406
0.9742769
0.0031622793
0.009370406
0.98458046
0.8358312
0.9890515
0.9956304
0.45213383
0.4518778
0.0068804105
0.00456497
0.45134592
0.0052778656
0.0027692227
0.9030234
0.96648
0.9725771
0.007423663
0.45184427
0.96038294
0.0008607169
0.45107144
0.017582854
0.0038815015
0.022381792
0.9849627
0.7468044
0.9527391
0.9000973
0.013019424
0.99884367
0.0032030817
0.9969643
0.0031078781
0.009426302
0.004674161
0.8950646
0.99091935
0.89059424
0.0146614285
0.95797527
0.0032936758
0.00536384
0.4561322
0.99952817
0.45246133
0.005561511
0.9769967
0.0031909554
0.98616993
0.0075832787
0.945577
0.010298249
0.004627497
0.45075795
0.037832253
0.010524542
0.9988938
0.87978375
0.4509718
0.011478852
0.0020133464
0.4506091
0.9998573
0.0028449206
0.005278952
0.7915165
0.987422
0.99108523
0.609289
0.9958353
0.9953551
0.004444574
0.59510744
0.8516324
0.0055878474
0.0025356926
0.0043257535
0.46250337
0.0014965506
0.5467209
0.0062718876
0.0027377557
0.0011275166
0.9943809
0.0032860239
0.0044399807
0.32759446
0.0034613388
0.0014836842
0.999754
0.8291963
0.9146008
0.4516296
0.45229116
0.013113111
0.9988709
0.0033305616
0.99988174
0.99232554
0.9994703
0.0038842424
0.006719112
0.45192346
0.94936115
0.00049332465
0.003247763
0.028643992
0.9825895
0.9976157
0.894407
0.96893376
0.9998814
0.002115791
0.98802245
0.0041862833
0.012762809
0.45169494
0.4513456
0.9984112
0.0047325785
0.4524038
0.45206815
0.010155838
0.22820869
0.005243575
0.013447428
0.021159891
0.9935074
0.0047870614
0.004027494
0.005994278
0.9721593
0.9645349
0.0017145035
0.45190284
0.0034585635
0.97588354
0.45127788
0.5472213
0.45183906
0.64539677
0.45433486
0.99920243
0.9970421
0.0012356138
0.00480299
0.009705855
0.0020495201
0.99376833
0.96958447
0.9050221
0.004104544
0.45208043
0.003163136
0.45162815
0.58313835
0.99980575
0.0069643394
0.9598615
0.07283428
0.0046059988
0.0023230168
0.94314116
0.9903914
0.9780829
0.99260336
0.99989676
0.014598786
0.9963561
0.97586006
0.6574946
0.0030088697
0.0073528225
0.0081354715
0.30417708
0.98191684
0.45296913
0.53924453
0.012534464
0.003430287
0.9759754
0.45302168
0.38729835
0.004742273
0.9515435
0.91829175
0.9998927
0.9974022
0.007889734
0.0031620944
0.9977869
0.9668513
0.45084646
0.99914646
0.0020733667
0.45183706
0.4965689
0.995761
0.52002937
0.006268619
0.99026966
0.0023297523
0.9249152
0.98859495
0.0024711124
0.99950933
0.45200476
0.0054480005
0.6889786
0.95663553
0.99187213
0.012051786
0.5375135
0.017761204
0.95366424
0.0031116817
0.010316665
0.92844343
0.9929853
0.9872723
0.90727955
0.004621737
0.008851487
0.007575578
0.94665563
0.0039102095
0.0032380342
0.0023698346
0.0038134577
0.004057443
0.99379104
0.8656065
0.004101218
0.0035217276
0.45245588
0.9854
0.7720518
0.013013145
0.9988381
0.99747616
0.84341425
0.45200807
0.99495935
0.99949396
0.0047950125
0.007132992
0.004501721
0.0036635778
0.9852632
0.45173028
0.98817515
0.5822713
0.5876241
0.99590224
0.999775
0.977504
0.99265563
0.003142273
0.9924582
0.45151317
0.9310624
0.012118611
0.0026171545
0.9244011
0.9989543
0.95173085
0.010608378
0.96490365
0.045948636
0.01532193
0.007909585
0.45133936
0.874068
0.0054989904
0.0040700277
0.45329335
0.45183167
0.0040273736
0.9914215
0.006173759
0.0034524011
0.0060915197
0.97825533
0.74881595
0.0039723474
0.014287231
0.8974565
0.9449244
0.7263803
0.0054384936
0.0030332478
0.8556756
0.96278137
0.44915754
0.004108056
0.98751116
0.5515998
0.004644896
0.0078118294
0.21009795
0.45180115
0.9980867
0.9903402
0.0037354715
0.0029017818
0.004528365
0.0022090646
0.99372286
0.9807232
0.45059228
0.5186488
0.4501997
0.9965532
0.9969695
0.97063106
0.4524184
0.8989088
0.4511525
0.9925966
0.9990159
0.003230666
0.007722885
0.8567011
0.0028639934
0.99391925
0.010068349
0.030252354
0.45159113
0.0028078957
0.0022424466
0.99499136
0.9997558
0.9841173
0.45075572
0.002069297
0.0080399085
0.0036533822
0.9468154
0.45113853
0.2181064
0.021720143
0.004277914
0.99305093
0.52730566
0.86810374
0.45114663
0.0037224249
0.0095163705
0.006438795
0.9670866
0.9787732
0.008738293
0.99338585
0.8240542
0.45264632
0.9947286
0.97822535
0.46229035
0.4726774
0.009014476
0.70342946
0.01698742
0.82004994
0.8744774
0.002328991
0.018134698
0.995917
0.9904541
0.0017562856
0.74044967
0.013112568
0.9994978
0.9917841
0.5194273
0.0031305575
0.0041994173
0.4521363
0.0142663075
0.92724085
0.53190047
0.0065734196
0.92523235
0.8315357
0.0031853393
0.99240875
0.0035365112
0.0108301
0.4516113
0.45257145
0.99972624
0.0030316648
0.0060477024
0.0062877033
0.98637915
0.9962704
0.4506869
0.45752618
0.96246666
0.999902
0.8986851
0.46625873
0.5009412
0.9914894
0.017566446
0.0027882908
0.5065115
0.4508021
0.9945245
0.018619776
0.0032238693
0.9690186
0.9949929
0.0039588334
0.44901615
0.005130746
0.42247996
0.008773787
0.7925041
0.0070901117
0.94642377
0.45206335
0.45187017
0.5602726
0.054704987
0.0037058478
0.0068373536
0.6944876
0.52589935
0.004416564
0.925418
0.9970847
0.8068241
0.45085847
0.0020585593
0.89442253
0.009394707
0.9239674
0.45166293
0.0011870554
0.4503673
0.0045669805
0.003494869
0.0013124625
0.4577821
0.0028081415
0.5291111
0.4510272
0.9941142
0.45159265
0.9942374
0.45088363
0.0027846512
0.0020949587
0.01169743
0.01585995
0.96818537
0.020996107
0.002200958
0.45051014
0.99923754
0.9856124
0.45222846
0.0052146907
0.0022887678
0.0024155753
0.9832735
0.0018715487
0.9951357
0.4501285
0.45163545
0.9883432
0.007449279
0.8951601
0.9994671
0.005835923
0.98657113
0.99401397
0.00232076
0.6345847
0.005878276
0.9696574
0.9990368
0.9964998
0.88430965
0.9561454
0.0013193237
0.002940298
0.010956693
0.002537098
0.020524094
0.9288389
0.32411253
0.008226592
0.73804855
0.012540781
0.9990728
0.012758551
0.0036335345
0.01991829
0.70769197
0.54001915
0.0042949487
0.0044653434
0.017579848
0.9815672
0.0034259814
0.99355114
0.99636406
0.87349135
0.0027505085
0.94012624
0.0037963972
0.46040192
0.4523137
0.010920628
0.54810506
0.009097129
0.9391744
0.0036256711
0.9918434
0.5898914
0.008586951
0.021464372
0.003120084
0.99340254
0.99273527
0.96667606
0.44877562
0.006650251
0.6556738
0.49139822
0.9998745
0.0067961602
0.8906856
0.9261379
0.45325986
0.0024013629
0.4518984
0.99856406
0.997092
0.04767316
0.9992213
0.97391605
0.0041204584
0.010708129
0.0047497465
0.98770684
0.010672858
0.96373767
0.90738153
0.0060351416
0.0036248358
0.0030276566
0.017168991
0.95024973
0.8684538
0.9801808
0.97008026
0.45128396
0.9702335
0.017324595
0.9985734
0.9966043
0.9920752
0.002441766
0.0048573185
0.45105436
0.0071218973
0.96975327
0.51350296
0.015571661
0.97058576
0.0122749405
0.0043882616
0.97795004
0.45017028
0.5243886
0.9973847
0.00520831
0.89468694
0.95002925
0.9873968
0.27083024
0.001540595
0.99392384
0.71317625
0.9801437
0.006824039
0.70164263
0.98676586
0.9016596
0.9962443
0.9674443
0.9967577
0.9807123
0.0014582311
0.0033417584
0.74804175
0.014121026
0.002110899
0.02079573
0.011961487
0.009809872
0.006983374
0.9879745
0.40432
0.4519461
0.52093416
0.99969006
0.006799415
0.0076042973
0.9960859
0.0044884873
0.98946977
0.9995284
0.89029735
0.51218057
0.9639202
0.005696387
0.015549005
0.99785244
0.45132637
0.0032330223
0.95353407
0.0038669563
0.53931516
0.0020691266
0.003408338
0.9731531
0.002892502
0.0030678734
0.005167123
0.006690657
0.45167524
0.0027116383
0.011889752
0.92387736
0.9874555
0.4501695
0.0073352675
0.96745247
0.0017814686
0.004988008
0.9709901
0.55386764
0.0039464566
0.51770544
0.45214203
0.99860567
0.0049777827
0.9961448
0.4468918
0.0036319743
0.45170742
0.005663471
0.4519187
0.0063618403
0.0077173067
0.0071949256
0.97799486
0.51752734
0.0034402432
0.9475581
0.0012099065
0.021974597
0.4496959
0.0019636343
0.9540152
0.5437818
0.9676694
0.003740577
0.016553696
0.00925546
0.8440221
0.0041560465
0.9901709
0.00187919
0.06325857
0.742246
0.0031063522
0.0014309495
0.9649976
0.9866392
0.44869357
0.9890981
0.0041591856
0.008792334
0.9993813
0.513772
0.7882061
0.005644429
0.99222696
0.9887655
0.52188855
0.9953564
0.009582081
0.99900776
0.8595929
0.92982566
0.0021621583
0.012748249
0.0020583
0.45056373
0.0055878237
0.9981346
0.003888344
0.9979044
0.4535838
0.7830635
0.990044
0.005860314
0.003986128
0.004530771
0.62913054
0.9878719
0.9690167
0.99830806
0.6401997
0.5269501
0.7295634
0.002554426
0.4623931
0.8630582
0.42788416
0.0027428847
0.9909416
0.99737465
0.99985373
0.9926763
0.0074181524
0.0012381102
0.9742159
0.99333453
0.0020759474
0.5289522
0.45275834
0.97411466
0.0040430324
0.009170867
0.99274325
0.97745425
0.14831004
0.9410544
0.99732816
0.004164488
0.0038301176
0.0003194042
0.99214476
0.99724126
0.45051563
0.99759525
0.5130799
0.99351513
0.9976223
0.9996778
0.0033005252
0.043321885
0.9902428
0.01357395
0.010489729
0.0090119885
0.9702656
0.0019904075
0.005959416
0.0034993791
0.4510355
0.9850376
0.45198867
0.80804086
0.007657812
0.53997743
0.013020362
0.45137095
0.04992788
0.0034770772
0.015210476
0.005985968
0.53712374
0.4523096
0.9967706
0.0033750306
0.9786946
0.45225704
0.004915861
0.008275456
0.16321404
0.5307258
0.45174602
0.5217901
0.00859724
0.45133102
0.010173436
0.7276666
0.45210123
0.43284604
0.4516031
0.45141622
0.9786211
0.011677723
0.968082
0.9454812
0.86844635
0.8905076
0.0025440655
0.8557304
0.99280965
0.52092886
0.0011298733
0.98098594
0.42175886
0.9166291
0.4501982
0.004016856
0.5149434
0.9542303
0.4514997
0.92442554
0.0038973303
0.011006712
0.0008213631
0.5166768
0.98317355
0.5210848
0.45125535
0.5505833
0.97649354
0.0066788825
0.99991417
0.98599803
0.9389896
0.97678405
0.96916664
0.4528353
0.007896791
0.98563266
0.45220304
0.9727337
0.4510886
0.99920696
0.7918506
0.8971393
0.99954957
0.0028088773
0.5199529
0.97906953
0.0052262777
0.98945767
0.008395307
0.007663329
0.022295622
0.006109697
0.45154515
0.0068059745
0.5785107
0.52539176
0.9843494
0.009343361
0.871205
0.6785562
0.009208605
0.0040176497
0.9636072
0.9627862
0.49483287
0.926643
0.9943721
0.9895214
0.003483904
0.98948586
0.002833028
0.9684919
0.009448265
0.0036426866
0.45175028
0.9458797
0.0032301072
0.99173754
0.45103398
0.9581687
0.45163137
0.016436262
0.84227866
0.9933115
0.0018729147
0.99922526
0.99678254
0.0064843823
0.9227599
0.0074408962
0.0018968234
0.46430382
0.45023736
0.70326555
0.48145372
0.5801719
0.496129
0.921035
0.4517877
0.6374022
0.0037567397
0.9206877
0.4517771
0.4508106
0.0061499253
0.004729168
0.9861389
0.4522113
0.52820736
0.004574064
0.97911775
0.66825044
0.0034977715
0.9870587
0.0023683424
0.45277962
0.9981937
0.0038301924
0.0032631163
0.96854657
0.9889529
0.4527328
0.17960799
0.7639124
0.0039945673
0.45278153
0.9916946
0.45886296
0.45130023
0.01822467
0.011498882
0.45126307
0.45224443
0.45021755
0.9723469
0.9939049
0.9384406
0.012903899
0.4524515
0.9527416
0.012416854
0.013148189
0.97672063
0.0016039655
0.9884575
0.99518245
0.9923993
0.99658054
0.0019353715
0.013553974
0.9905438
0.9907161
0.9689112
0.9391071
0.8713806
0.4518838
0.9769116
0.032252092
0.95302737
0.89197373
0.0028059578
0.0047747623
0.0043232427
0.004626228
0.7118687
0.98396945
0.85228074
0.018664632
0.9997019
0.043125026
0.53278536
0.0041607996
0.98191273
0.9798677
0.8828865
0.99850637
0.9955456
0.011404874
0.4513418
0.0023193262
0.9454937
0.9827199
0.5156929
0.005745603
0.9935927
0.9971892
0.55474156
0.01469837
0.9769974
0.007410618
0.9860839
0.96594226
0.98304236
0.0029284076
0.45138395
0.9976745
0.018402297
0.0051335194
0.0027492766
0.989288
0.0043653487
0.3156399
0.96170604
0.8305069
0.018187134
0.009519918
0.8813098
0.9997379
0.0030558447
0.9991671
0.48077273
0.0040258225
0.021035166
0.0012833495
0.001013556
0.99164224
0.45128027
0.0073846453
0.83115226
0.9621414
0.018640077
0.002079751
0.96689713
0.007254957
0.86110246
0.0021175425
0.0034637577
0.011558858
0.016483342
0.805106
0.00447372
0.006468351
0.9812708
0.011429023
0.002945353
0.53412795
0.07432804
0.0036807866
0.010166093
0.4514788
0.45196405
0.96150887
0.9882017
0.9956404
0.01354091
0.99207
0.012714685
0.97918713
0.037264045
0.9908139
0.98576224
0.9910357
0.9456291
0.0034463773
0.0028279233
0.4518731
0.81100315
0.45519882
0.363331
0.4626368
0.56468326
0.45177963
0.7843185
0.5519559
0.45250407
0.98838323
0.8225184
0.99332833
0.51033413
0.99986327
0.013256461
0.006901076
0.8775504
0.0035037014
0.01728248
0.001794517
0.0038488223
0.9893059
0.98723596
0.9874649
0.99929357
0.010272083
0.999619
0.028235147
0.0038182775
0.0022116515
0.86617106
0.0025444126
0.004899674
0.45263508
0.9368628
0.018190386
0.45219272
0.002655439
0.0027959011
0.009895368
0.0012833171
0.0027008203
0.97591394
0.009179319
0.9998648
0.00805305
0.45188934
0.0018834745
0.9822365
0.4488156
0.003170869
0.009555697
0.9902664
0.9439723
0.0036039916
0.0028893996
0.0025347362
0.45088738
0.8024291
0.97422653
0.014316217
0.99705064
0.7800111
0.9931196
0.0027869695
0.9995363
0.004206512
0.006001465
0.62620974
0.99627566
0.00325236
0.45121598
0.9080464
0.0033381013
0.005117049
0.0025655034
0.0018390066
0.9895579
0.96878976
0.0023153862
0.45257643
0.9994592
0.0023753683
0.50943655
0.991032
0.0033972322
0.013747821
0.9997695
0.021913126
0.0022959514
0.8756316
0.45193928
0.9882705
0.005995801
0.003997549
0.015282885
0.00044921692
0.010336354
0.9860308
0.4479705
0.0034124332
0.45254838
0.9973519
0.9411429
0.9206604
0.46870467
0.0064084586
0.0033523042
0.9640807
0.0063466453
0.45207798
0.014619043
0.49496305
0.93065256
0.4525301
0.0003026625
0.9933961
0.45095825
0.020398227
0.25538504
0.8968234
0.9554847
0.0055759475
0.94788396
0.0037309618
0.45161462
0.68886524
0.99562246
0.0029084918
0.5549753
0.9465011
0.0032374756
0.0017907346
0.9914464
0.006885101
0.9972524
0.0012909455
0.5271833
0.4525921
0.01013952
0.9482027
0.019766252
0.0018823938
0.52751
0.9989489
0.0027585758
0.0048806905
0.9997049
0.5498745
0.97806466
0.9754201
0.51368386
0.96796566
0.5104682
0.003065675
0.9913386
0.005108795
0.46416116
0.01434913
0.009336208
0.97680557
0.0035119387
0.98070806
0.53478324
0.003941897
0.005816644
0.007892858
0.0055456473
0.96545905
0.0014423748
0.9378755
0.0063044005
0.45254213
0.5172039
0.86235017
0.9870095
0.92371637
0.009844128
0.9952918
0.0032689376
0.0018511729
0.0018688508
0.0037454471
0.003822733
0.9623347
0.45153207
0.45208153
0.0013934863
0.16771796
0.9667469
0.99119747
0.95960313
0.95497596
0.99800116
0.98727125
0.91241384
0.99269605
0.0049575246
0.84554654
0.5487435
0.003936368
0.5171316
0.9871405
0.007858681
0.9547741
0.004500473
0.5239298
0.9974293
0.9995882
0.55412847
0.55890965
0.9862023
0.0020746992
0.007468147
0.021133872
0.0065276
0.45188972
0.031105202
0.0037011239
0.9989268
0.99623823
0.8900311
0.45144954
0.4520911
0.0034113568
0.45229316
0.4519392
0.45198148
0.005294783
0.96935475
0.006620355
0.9639912
0.0017536258
0.19460131
0.98108417
0.9985915
0.53018415
0.008879312
0.6440239
0.010001874
0.989405
0.004691084
0.011050644
0.00468477
0.45227414
0.99858654
0.003957183
0.006937593
0.5078777
0.9974534
0.64157236
0.0029141672
0.99042577
0.6995811
0.99162453
0.007939316
0.0060295747
0.9759601
0.0030917975
0.0015941072
0.45092633
0.46332026
0.52875316
0.45112482
0.0044153943
0.9818995
0.5096656
0.0027835644
0.5173622
0.4524942
0.009387117
0.0030627556
0.9897518
0.9169813
0.03603931
0.0057447236
0.0038813709
0.9363368
0.06340017
0.952108
0.44759
0.5339782
0.002030215
0.008640072
0.989778
0.98497033
0.9933054
0.9932024
0.4012643
0.9652483
0.00445532
0.0033221166
0.01700391
0.881261