0.51237637
0.9954652
0.38539788
0.52097267
0.44814545
0.0043086614
0.005053089
0.99229735
0.45432708
0.8213588
0.055795554
0.003936301
0.006353701
0.45589963
0.99255824
0.006332495
0.010562289
0.9826752
0.005110196
0.5003815
0.63232887
0.021497676
0.43798375
0.005669373
0.0060129305
0.037656773
0.48309642
0.90538234
0.39831358
0.93110913
0.003382468
0.42578223
0.48877865
0.41622397
0.44657835
0.32599658
0.50898665
0.9912758
0.9867865
0.982599
0.013387029
0.4520671
0.013088222
0.3561635
0.003926089
0.018916382
0.5017636
0.87635845
0.007893139
0.9983292
0.9095654
0.0071089785
0.9657896
0.97162503
0.50059813
0.014234812
0.61270857
0.024933847
0.008600706
0.011061515
0.53734255
0.9813043
0.51403415
0.4000537
0.8489724
0.7969152
0.536036
0.0117431395
0.8114634
0.5268632
0.9909287
0.009331252
0.94999176
0.34795538
0.036968242
0.00402683
0.0043350263
0.53332347
0.41683242
0.37988156
0.003378447
0.0037917334
0.40620542
0.9688269
0.99333066
0.0053434996
0.5054761
0.96752274
0.9948901
0.8453573
0.0034762926
0.0058906944
0.9905714
0.98480856
0.073492885
0.024753608
0.98849314
0.86335593
0.9966228
0.9953993
0.3954871
0.3956721
0.006064074
0.0038465047
0.36326674
0.054923136
0.0038136898
0.987115
0.9833794
0.9966157
0.0058516604
0.37203994
0.6608736
0.015273416
0.4421937
0.0033749423
0.010126329
0.16753472
0.99345016
0.63644826
0.897765
0.985664
0.12061212
0.9720214
0.014509551
0.9993173
0.018082218
0.0095134275
0.0072086784
0.89980936
0.92553747
0.84418
0.009166487
0.97464174
0.013720738
0.0056823227
0.6512843
0.98788863
0.43548128
0.006602332
0.9941912
0.008539162
0.6299134
0.0040178346
0.99176383
0.010295141
0.0036370184
0.43046847
0.07135757
0.018602826
0.784301
0.9460157
0.33484927
0.0037943835
0.0032521468
0.33948222
0.99830735
0.0027418023
0.0041467124
0.8297107
0.9873471
0.9962863
0.62490964
0.9966672
0.9678743
0.01028834
0.5529565
0.49657473
0.007211867
0.0036134715
0.0076945582
0.4125905
0.030650292
0.39777708
0.006820775
0.038466528
0.011766182
0.9942221
0.018451212
0.00790697
0.42227975
0.0030058273
0.009918037
0.9456509
0.9327265
0.949138
0.37114155
0.4396079
0.0061940085
0.95262855
0.0037890396
0.9538706
0.9911271
0.98271
0.026815472
0.003983318
0.42347595
0.94439983
0.00015890949
0.0033252174
0.019164365
0.86769474
0.9982547
0.60080045
0.9574058
0.9886358
0.021603396
0.98735005
0.008287047
0.03293236
0.40038994
0.3879035
0.9691665
0.01820045
0.4452083
0.40790036
0.005956019
0.35434973
0.00754847
0.008681733
0.004924356
0.9959151
0.009501968
0.015325959
0.007031737
0.98810965
0.9653751
0.0033677374
0.36591795
0.0041160816
0.9712092
0.4515973
0.46163228
0.4012495
0.4931717
0.44788507
0.9978282
0.9989127
0.017887892
0.004035158
0.008523428
0.009674624
0.99626285
0.9614932
0.8291508
0.006159901
0.45850727
0.040490244
0.3788095
0.3173284
0.9967908
0.004113647
0.6907776
0.4427942
0.006893398
0.015312623
0.956082
0.947335
0.9977208
0.9839361
0.98676413
0.0055953506
0.9869932
0.94430524
0.545116
0.031490624
0.005029201
0.004276523
0.33738884
0.97365564
0.43264905
0.82290107
0.0061989594
0.016982093
0.7054147
0.44415244
0.29280946
0.0075573055
0.97370607
0.9653959
0.9896611
0.9977908
0.047571525
0.0062224306
0.9825157
0.89686704
0.363922
0.9847045
0.0039830683
0.44084218
0.793211
0.99301577
0.4983564
0.005056039
0.973488
0.0065040197
0.4738128
0.9872225
0.0062994827
0.9734359
0.38427857
0.0065615755
0.66105163
0.9561195
0.9968997
0.03417281
0.51301473
0.01589887
0.9598012
0.0051324894
0.009502143
0.45813787
0.9965378
0.9867763
0.9750574
0.007696831
0.012293466
0.00795952
0.96159106
0.009987369
0.0070792865
0.014593999
0.0037197378
0.0030208016
0.99537045
0.50076467
0.03480064
0.015048296
0.4188754
0.96227
0.7822319
0.0031586918
0.92541146
0.9904642
0.8991707
0.38576847
0.992949
0.9701176
0.0049720565
0.0039315773
0.0040175295
0.0057104537
0.97353584
0.4815075
0.9873214
0.787761
0.63153076
0.7223034
0.9630033
0.99272317
0.9193395
0.003502245
0.99701726
0.47472033
0.9871099
0.0034073081
0.0076846653
0.52636
0.9986528
0.518203
0.016778732
0.95783186
0.034180135
0.0031535253
0.06610398
0.36533064
0.8077994
0.00647926
0.0029191468
0.44048437
0.4391973
0.006075336
0.99770975
0.007171003
0.0038580676
0.09346783
0.9730839
0.76905084
0.0047840094
0.014048666
0.9901529
0.8715284
0.8623676
0.005866123
0.1486432
0.9379158
0.9888909
0.46971667
0.003709994
0.98610514
0.52951664
0.018605543
0.0047910367
0.07970491
0.42117763
0.9640937
0.6336932
0.007857331
0.0047526504
0.017776718
0.009033361
0.62294286
0.9918561
0.4652695
0.5057527
0.43931317
0.9792883
0.88075966
0.97901285
0.39090827
0.9811622
0.40003407
0.956306
0.9993293
0.0036302733
0.0029850646
0.9619128
0.003943498
0.9956527
0.008011073
0.0050447583
0.36119208
0.005655348
0.016249655
0.9760418
0.9965905
0.9645144
0.4862492
0.004710194
0.00737771
0.009082968
0.9891994
0.39554733
0.33324987
0.0048604542
0.0034793448
0.97369665
0.5194067
0.9107347
0.35595497
0.0029365832
0.024020335
0.0048755356
0.96156883
0.9928281
0.017073127
0.9944121
0.9565029
0.43087015
0.9940415
0.9476728
0.40977263
0.7663333
0.0048312945
0.4843528
0.011614833
0.98986346
0.77338696
0.0075802966
0.0029178024
0.9941347
0.99620503
0.0035849717
0.9127348
0.014370167
0.9806308
0.9771453
0.48730394
0.00436989
0.0072788955
0.40690458
0.004768913
0.97143954
0.5516152
0.0067046853
0.9247278
0.9363978
0.015877428
0.9942524
0.005346366
0.0077052442
0.36779737
0.36622572
0.9619658
0.0083859945
0.045902003
0.013923633
0.9860969
0.9552515
0.3930945
0.4961043
0.5652031
0.98943746
0.9793274
0.38706228
0.41553837
0.9982211
0.0064633884
0.028767489
0.5057581
0.37980193
0.9904203
0.012631662
0.005216101
0.9412727
0.99413294
0.008157927
0.4181185
0.0028955003
0.57069904
0.008606267
0.74377894
0.0051868013
0.9922355
0.41246387
0.3524066
0.52231854
0.02007821
0.0039728642
0.0064066555
0.6058673
0.706759
0.009772288
0.95632887
0.9830404
0.8102605
0.3613569
0.004564302
0.9201551
0.005709777
0.17756605
0.45890084
0.06397235
0.49142942
0.00792848
0.0030170125
0.0004414881
0.41363823
0.010050955
0.52039045
0.45714644
0.9858986
0.4158813
0.7414744
0.41461346
0.0147276595
0.004075834
0.0033293809
0.008013097
0.9905483
0.008412237
0.0062445486
0.4315847
0.9613408
0.9874421
0.4335961
0.0074039395
0.008279472
0.009324573
0.9826963
0.0049467864
0.9846257
0.4147388
0.38077027
0.97642434
0.0051689325
0.9861704
0.99086154
0.0071953684
0.9702552
0.64427227
0.0056699915
0.50166565
0.0041522747
0.98710304
0.69121164
0.9979208
0.6082981
0.94686663
0.00388926
0.00508545
0.033011816
0.004862581
0.026379902
0.995628
0.67763096
0.0048306845
0.4890386
0.0075782593
0.99910516
0.06135728
0.010781673
0.30382368
0.28917176
0.5188841
0.0013242061
0.02896667
0.0033240449
0.99495184
0.0061119064
0.9988337
0.99801135
0.93158984
0.0072793295
0.7553376
0.005674978
0.4457028
0.38426486
0.01081298
0.5752795
0.0111256065
0.8580697
0.0049272054
0.83165336
0.4989703
0.014367993
0.006859122
0.0050142626
0.99316376
0.9945257
0.9358323
0.4453482
0.020462949
0.90650666
0.49466512
0.98813826
0.00410198
0.86395764
0.49654528
0.44338888
0.00969879
0.37625107
0.9832781
0.9967728
0.006157079
0.9821041
0.9742386
0.0317474
0.00841371
0.0033882179
0.97081345
0.035417482
0.768439
0.9854858
0.008348192
0.0031262494
0.0070440066
0.021209614
0.518894
0.9138458
0.9737985
0.9545262
0.45644385
0.6709537
0.07069979
0.88496166
0.9967068
0.9993319
0.010300224
0.0044812784
0.40261844
0.0041203117
0.9671687
0.6465038
0.017414827
0.93760085
0.002104333
0.0025520555
0.98794484
0.45659205
0.50819814
0.98515344
0.008630744
0.8885886
0.6776264
0.9866917
0.44115248
0.0062750205
0.99675214
0.9244192
0.47437257
0.0039318143
0.62363863
0.99426925
0.91751707
0.9949393
0.9618771
0.8718629
0.95438206
0.003863147
0.009631587
0.8363656
0.0029426964
0.21589571
0.020498317
0.0032762012
0.004910534
0.0064282333
0.98018336
0.6227328
0.43251422
0.53397465
0.9806009
0.017402502
0.0019027148
0.9828044
0.0066382415
0.99009585
0.971519
0.51164126
0.4182974
0.98133206
0.006900305
0.08887711
0.99295145
0.40992418
0.005636569
0.9824222
0.0033473724
0.32426384
0.012559424
0.0041899486
0.5251135
0.0038720919
0.0091321375
0.0040787347
0.010710191
0.4314847
0.009529698
0.010815189
0.9619274
0.9871308
0.32364997
0.0035697697
0.95985746
0.010003366
0.003361551
0.996867
0.5137005
0.004407093
0.50239336
0.4010133
0.9083259
0.004180695
0.9971533
0.07709822
0.0064964695
0.35536125
0.11744221
0.4359297
0.004966751
0.0039273947
0.0034274126
0.97163534
0.47021386
0.006536747
0.96636647
0.006415762
0.004241239
0.41960838
0.007763459
0.9606974
0.518324
0.85476786
0.007976715
0.24153419
0.010654928
0.8410426
0.03617653
0.9886137
0.010715133
0.13865885
0.7432957
0.0063882484
0.005220715
0.941849
0.99262357
0.45635977
0.99185115
0.008708354
0.01181169
0.9062244
0.63518786
0.5805572
0.00299993
0.98801917
0.99260604
0.49770367
0.99154633
0.011438083
0.99895895
0.95212007
0.986881
0.009129325
0.070128866
0.006764232
0.48903546
0.008099149
0.98861545
0.0038114039
0.99884677
0.3759204
0.852992
0.99024117
0.004820009
0.004692503
0.0040013595
0.535252
0.9259947
0.95777464
0.99744415
0.5431756
0.50453824
0.7971781
0.004515469
0.3818424
0.65481526
0.7347783
0.0044791005
0.9948137
0.99105316
0.99975926
0.9894441
0.005508336
0.01996296
0.9469163
0.99025905
0.005807051
0.3474482
0.40166897
0.951119
0.0028052283
0.012224025
0.99060833
0.98439044
0.37823677
0.9467007
0.89634866
0.0030246195
0.007937269
0.006683208
0.98548687
0.9947944
0.39544687
0.9990246
0.5104682
0.9955752
0.9962703
0.95552367
0.0038005474
0.023303187
0.9911362
0.0071282494
0.02114175
0.004526182
0.97470653
0.0036464736
0.0059151864
0.0040225373
0.43534008
0.9910534
0.4005012
0.9039587
0.019796267
0.52189946
0.0070597297
0.44287586
0.0061652716
0.0024230636
0.002752263
0.006219002
0.376636
0.42745453
0.8145591
0.00436027
0.99742943
0.37827307
0.051788993
0.026420515
0.36599398
0.5126871
0.41435656
0.7349817
0.010212616
0.37983757
0.003378967
0.6060173
0.37671864
0.21815069
0.4484437
0.4398095
0.99923444
0.0038605572
0.9707648
0.9900309
0.7601859
0.64569527
0.006176715
0.97688144
0.99127895
0.82385486
0.011829921
0.9707352
0.30080712
0.99715096
0.24686892
0.00954078
0.51468986
0.95790565
0.43184015
0.9750234
0.009468095
0.011986816
0.01242911
0.24749163
0.9915658
0.5095905
0.39663994
0.54272085
0.8556943
0.0047170417
0.9743269
0.98701733
0.9737985
0.9763184
0.9806896
0.41857433
0.013269847
0.9712734
0.43265545
0.9776277
0.43531495
0.9986632
0.50987554
0.9766921
0.99800485
0.19869931
0.51428103
0.995475
0.0033084233
0.9860517
0.0041798553
0.006458626
0.0045611877
0.0036202678
0.42371628
0.01239494
0.52431685
0.512555
0.9858521
0.007937367
0.95331603
0.65687966
0.014213905
0.0076653957
0.98348284
0.98813605
0.35790485
0.9778252
0.99611914
0.9772264
0.004413779
0.9899104
0.01078146
0.9894884
0.018650344
0.0075421566
0.36086002
0.95072794
0.0041950746
0.9960334
0.35020238
0.9589276
0.4307209
0.009971371
0.95350903
0.9929731
0.014156879
0.9998375
0.9946837
0.004487622
0.8861534
0.014073012
0.008800392
0.40801314
0.4568789
0.8163124
0.26760983
0.637719
0.51449955
0.8514374
0.4280495
0.539879
0.0036432545
0.98307884
0.45191306
0.45519444
0.0069425455
0.0061968854
0.9999089
0.43775472
0.46716806
0.0046144603
0.9924265
0.5272902
0.005662241
0.9916346
0.00828264
0.4261338
0.8159821
0.016469566
0.0055103507
0.98851633
0.9908791
0.4082883
0.26943105
0.80169094
0.0029939574
0.40324512
0.9855936
0.43187135
0.43010694
0.005750323
0.005352044
0.3559453
0.40703472
0.35786417
0.9016556
0.99831665
0.9667372
0.026617058
0.4295653
0.9544296
0.02314713
0.008854366
0.6097151
0.011574367
0.98620206
0.995346
0.9933027
0.9970284
0.0053106886
0.0044207745
0.7799508
0.9959059
0.968398
0.92550224
0.5102612
0.37987924
0.8654708
0.0103925215
0.9557462
0.93344325
0.011714371
0.01708974
0.004772787
0.0031534126
0.99304515
0.96771216
0.71639216
0.01910697
0.9958026
0.0029038908
0.52223134
0.005151677
0.9737665
0.91189086
0.9099672
0.98969686
0.8216135
0.02919079
0.36711803
0.007878816
0.9767551
0.8613656
0.5078964
0.0051178723
0.9909189
0.996409
0.54009223
0.023625031
0.98119074
0.005840326
0.98660254
0.8104716
0.9580053
0.0077666147
0.42703626
0.82873255
0.0048487745
0.013620182
0.0042244745
0.9855408
0.007867132
0.7072121
0.9706951
0.7969723
0.018236183
0.009682344
0.8436222
0.9917297
0.007254504
0.95285946
0.49707872
0.0054433006
0.0117510995
0.015762012
0.009416846
0.9886402
0.40623346
0.007105903
0.9511645
0.9643905
0.00572468
0.017928366
0.9657418
0.012837158
0.94395554
0.008195317
0.008499951
0.015155739
0.004852773
0.77173096
0.011728401
0.0031475977
0.9725858
0.0108836675
0.016542856
0.5129874
0.25985602
0.0044432976
0.015012661
0.4461869
0.443462
0.9038358
0.9962612
0.93554443
0.0038943677
0.78763306
0.0021820269
0.9820463
0.03036562
0.9925844
0.97377044
0.99652547
0.7818913
0.009195262
0.0091201365
0.41262245
0.8764661
0.44913325
0.77738625
0.4267146
0.46849
0.4376968
0.768529
0.8406997
0.43295935
0.55150723
0.62639475
0.990404
0.5146354
0.9958721
0.020393224
0.0035428365
0.88509935
0.01098313
0.006358682
0.010524889
0.00932141
0.5810731
0.9922816
0.99932075
0.78879386
0.004506377
0.9959486
0.0064298906
0.014925226
0.029305203
0.9045393
0.009448185
0.007385613
0.39282197
0.98873186
0.005812369
0.41395012
0.008717629
0.0065773935
0.00209624
0.019659037
0.009336248
0.9591418
0.0050391895
0.9546849
0.18513407
0.4242706
0.0065487945
0.9829428
0.3891396
0.0075396905
0.011372164
0.9857972
0.94205576
0.0036585464
0.0056799226
0.0052864617
0.46793687
0.76849717
0.99691296
0.04840198
0.9958429
0.69486976
0.99640286
0.0054485328
0.9320825
0.007516854
0.03362367
0.7260777
0.995148
0.007528046
0.42152724
0.91363865
0.0065355115
0.011565167
0.0059845746
0.008619878
0.9933334
0.89665735
0.008040296
0.4351282
0.9627044
0.0081135845
0.73383236
0.97699726
0.0061120223
0.0076783733
0.97691226
0.0046833516
0.0049046096
0.9637738
0.4609562
0.9746507
0.0077197645
0.0029048533
0.0046904096
0.0018869811
0.116535634
0.972881
0.34076017
0.00859366
0.41228622
0.96767855
0.5344287
0.9176095
0.50310266
0.023432871
0.007687979
0.991325
0.011934883
0.44690275
0.0070396787
0.3973483
0.9734206
0.43262064
0.0012623528
0.9947706
0.45784712
0.024971187
0.34842953
0.90952915
0.978956
0.0055103004
0.935211
0.00528607
0.36645043
0.36427546
0.957683
0.005905322
0.6410591
0.96539146
0.0039380603
0.011580747
0.9956304
0.006089568
0.9957183
0.012105927
0.7747999
0.4008348
0.0071901893
0.9603879
0.007885442
0.0058475262
0.48241577
0.96692497
0.00754717
0.053772278
0.9405312
0.69740176
0.93506026
0.97051674
0.5170224
0.9925842
0.5278897
0.008774894
0.9267515
0.0068158642
0.41160092
0.0051103244
0.02217614
0.9841769
0.0062073693
0.99458164
0.52929133
0.007735787
0.0052372264
0.008646335
0.00876577
0.9837922
0.006015428
0.97590953
0.005524314
0.4306921
0.5189229
0.99686205
0.98275614
0.91829056
0.0070289443
0.73831284
0.0071301055
0.007662796
0.03392119
0.024138497
0.023538796
0.9579407
0.37997842
0.44311297
0.004616316
0.2685147
0.9606428
0.975296
0.97477776
0.9520199
0.9769976
0.47018626
0.9332916
0.99027854
0.005307161
0.7633045
0.5420529
0.004144854
0.38840005
0.9918589
0.0033751815
0.9821377
0.0068850294
0.5210671
0.9783077
0.99174255
0.5533678
0.55405086
0.9828919
0.012736018
0.0042241397
0.005560678
0.0060478547
0.459223
0.14327917
0.003593053
0.9738125
0.777003
0.93399024
0.44278294
0.42458728
0.012840234
0.44049335
0.39675024
0.42115
0.0052398653
0.9409114
0.22754508
0.8881203
0.009869971
0.5093227
0.9878293
0.81484556
0.5326069
0.0048100497
0.91324
0.016844843
0.75691205
0.0033485226
0.01007547
0.0040228087
0.41181308
0.9801357
0.0047506234
0.007096966
0.5094644
0.97440493
0.585974
0.0036570376
0.9727031
0.5623975
0.9864944
0.0034255092
0.009089262
0.9843891
0.01990044
0.012488424
0.46602476
0.5009338
0.5020889
0.3993918
0.0051023806
0.9926317
0.55690897
0.007605628
0.5227803
0.4289329
0.06026206
0.004262092
0.9935915
0.9590956
0.0030763862
0.0063870014
0.0054270104
0.74901336
0.019302955
0.98823416
0.44256136
0.6786092
0.0047061765
0.008940279
0.94866854
0.9841101
0.9932556
0.5223332
0.26278058
0.9849674
0.0058394372
0.015584079
0.0029588745
0.97325414