0.44356906
0.9989454
0.42006978
0.5978135
0.41705275
0.0041426755
0.008514954
0.999461
0.4251347
0.76760703
0.0113454005
0.006925042
0.005515132
0.41560403
0.993255
0.0018983905
0.006504085
0.99825174
0.017070223
0.4424449
0.85180926
0.0037270768
0.42534646
0.023489488
0.0019085385
0.013576191
0.45218858
0.9680967
0.42287728
0.9898475
0.013560643
0.42121297
0.61375594
0.4269131
0.4143949
0.4069401
0.44661158
0.9712772
0.9989801
0.99520195
0.0022791505
0.42911184
0.0064468747
0.414144
0.010506051
0.0014086725
0.54729086
0.9146097
0.0021288088
0.98033947
0.9582002
0.013837804
0.9877015
0.9931932
0.46079475
0.0039234087
0.5322036
0.0075852307
0.0065537067
0.0046319226
0.7068238
0.9948915
0.5664357
0.41542527
0.95464265
0.8369983
0.5442372
0.007018531
0.9285455
0.4927557
0.9937576
0.0023359815
0.9406609
0.7596544
0.013868187
0.007814022
0.012717762
0.5167244
0.4211313
0.41793773
0.010964726
0.0056249895
0.42227796
0.9943341
0.9722173
0.0053890767
0.6036757
0.92682284
0.98943555
0.9246291
0.0065816483
0.002165044
0.9906612
0.97985786
0.008677332
0.04428183
0.9430223
0.8411616
0.9972037
0.9947615
0.4195999
0.41644117
0.005337769
0.0050460147
0.42017764
0.004201849
0.007917008
0.90660757
0.95870256
0.99750817
0.013706291
0.41436675
0.92087567
0.0013038228
0.40961033
0.015694492
0.0010491867
0.0035962672
0.9963987
0.8763624
0.9998505
0.99628544
0.008276015
0.9977736
0.004772864
0.98830646
0.0038826945
0.0026809755
0.002557706
0.9568398
0.9263264
0.9022361
0.0070545804
0.98629445
0.0080767395
0.0029961928
0.75647694
0.99643326
0.4288444
0.0054069976
0.9937954
0.0024901445
0.95194644
0.005979378
0.9449027
0.0052243816
0.008410853
0.39943913
0.012967585
0.015619913
0.9972082
0.95409495
0.4033541
0.006461711
0.022436416
0.4081804
0.9960134
0.01090674
0.005708023
0.96333414
0.9959325
0.99005556
0.871776
0.8388857
0.9866475
0.0015503931
0.6768208
0.4377332
0.0024046346
0.002887186
0.0022699588
0.42138296
0.0061625433
0.5441721
0.01326393
0.007591677
0.011286979
0.99186206
0.0015612526
0.0016972253
0.7950716
0.0116683375
0.0106101
0.9993686
0.93356705
0.9945734
0.42251927
0.4251439
0.0043517975
0.98406917
0.004261732
0.9953094
0.99597895
0.97291553
0.014342482
0.014994634
0.4195427
0.98928845
0.010343712
0.01718203
0.091464624
0.9721515
0.9748404
0.9852873
0.99705505
0.99661607
0.009300628
0.9981591
0.01205859
0.0073641837
0.41922432
0.4227705
0.9988385
0.0035385264
0.41712674
0.4192134
0.0023322206
0.8013135
0.0017433688
0.0055801743
0.022446252
0.9982393
0.0040405793
0.008642981
0.0039411965
0.99546427
0.9579919
0.023540232
0.4159641
0.009450072
0.9905082
0.42412966
0.3729182
0.4112511
0.42704713
0.41569296
0.91518915
0.9966022
0.0015002862
0.004554812
0.0039056377
0.0074395966
0.9805164
0.8844554
0.94484246
0.0028121595
0.4131397
0.29684284
0.41581935
0.4070865
0.98899263
0.0034154134
0.9237033
0.054529343
0.004589716
0.0017917568
0.9902546
0.9320276
0.98742384
0.9964205
0.99206877
0.005481421
0.99628025
0.98210967
0.78050405
0.016799387
0.005286517
0.0035723501
0.71868354
0.9960334
0.4198135
0.37596202
0.004154401
0.014586732
0.9254308
0.4128746
0.4159235
0.00220866
0.9905556
0.98354673
0.99928075
0.99864537
0.015872033
0.0044419984
0.975112
0.9197192
0.4145767
0.995934
0.0055051167
0.40240285
0.8402383
0.9940896
0.51979136
0.0034372234
0.94766635
0.0077381846
0.64934707
0.97295165
0.0063500837
0.9830099
0.41670796
0.0021660721
0.5333984
0.99400276
0.9849722
0.006388684
0.5951108
0.015967894
0.9974158
0.002545134
0.0045370637
0.8263198
0.9933727
0.96605974
0.99793136
0.001141713
0.005642679
0.0056993184
0.99244505
0.0024834883
0.0018122483
0.004061457
0.007757427
0.0025574772
0.99851686
0.56625533
0.0116390865
0.005983409
0.4173877
0.9305028
0.8486207
0.009930149
0.9725185
0.9908173
0.8029923
0.41833195
0.99712473
0.9908885
0.011964474
0.006609369
0.0037464509
0.002566249
0.97797936
0.3673157
0.9800642
0.86607414
0.593684
0.99234843
0.99654925
0.98613584
0.898272
0.009271661
0.9939395
0.36635095
0.93557805
0.013181672
0.0025288959
0.5802749
0.99383533
0.6742127
0.004594701
0.96352726
0.018858215
0.0059296554
0.002377789
0.41529483
0.9736568
0.008258825
0.011601101
0.41596904
0.41933918
0.002888644
0.99854785
0.0045751063
0.008593371
0.0020469842
0.991487
0.7385088
0.003982232
0.011064415
0.9965965
0.86887723
0.89626735
0.007891048
0.0062788604
0.983269
0.99127066
0.3784803
0.008119407
0.9928585
0.58771265
0.0019083231
0.005044361
0.96507406
0.42679814
0.9849643
0.95798135
0.001637504
0.009574992
0.007981642
0.01335178
0.91404754
0.98871595
0.39019817
0.4334008
0.4158568
0.9910404
0.98985463
0.99497557
0.41628984
0.96547717
0.41201642
0.9799167
0.9919813
0.01436833
0.009228778
0.9623956
0.011969008
0.998355
0.0029349222
0.020864593
0.41581506
0.0026197059
0.0015681545
0.98780024
0.9996239
0.9967033
0.3844985
0.011516418
0.021841435
0.0024148296
0.9912845
0.41548085
0.13678913
0.020082124
0.0048825485
0.9954939
0.45240024
0.9780548
0.41489574
0.01769952
0.0049530924
0.012227855
0.9852035
0.9979584
0.0033824537
0.9796694
0.9904026
0.4265862
0.99737155
0.9814656
0.42258814
0.8882788
0.0043032356
0.74707663
0.006921046
0.99306905
0.72522986
0.0027006483
0.015230187
0.97504485
0.9983228
0.013596334
0.8350785
0.0022778322
0.99469465
0.9906797
0.64845407
0.008962275
0.0019440223
0.42609313
0.010403777
0.9988022
0.5205285
0.0034245197
0.97534627
0.9374832
0.011629995
0.99663454
0.013185877
0.0047336253
0.41424885
0.41590172
0.9882483
0.0022381842
0.0014355861
0.0025393954
0.997141
0.91568285
0.41499478
0.4329757
0.9636731
0.9974613
0.98026836
0.41062495
0.42377228
0.98310477
0.0069838096
0.0007056099
0.4411937
0.41575924
0.99640334
0.0053621996
0.0073090615
0.9187601
0.98413
0.005145588
0.409918
0.011237988
0.74632555
0.002473124
0.89939713
0.0054780277
0.9986505
0.4262782
0.40848875
0.5263234
0.98906636
0.019708332
0.003903312
0.56353676
0.6195643
0.0034379812
0.98641586
0.9990497
0.9132499
0.41413963
0.01184512
0.976886
0.013883709
0.9675059
0.41811898
0.016916627
0.38761923
0.0047835237
0.0107963765
0.008716789
0.42461324
0.00301324
0.4477287
0.42376694
0.993616
0.42011005
0.9970843
0.41947705
0.007978769
0.015400357
0.010452437
0.004276472
0.99176943
0.021787457
0.0031300026
0.4166672
0.9661678
0.99747014
0.42965287
0.0019119057
0.10183082
0.006994125
0.99232155
0.011982306
0.99665534
0.4016127
0.41891187
0.9952852
0.0069233375
0.9113834
0.99338067
0.003336
0.97596484
0.98383313
0.006525593
0.45015836
0.0034114283
0.99771714
0.97874635
0.99692374
0.9781902
0.9786613
0.013158346
0.0059966426
0.0056404267
0.003961585
0.014930204
0.98368603
0.6885841
0.0050570252
0.8685312
0.0047239684
0.99468166
0.010332047
0.0019238072
0.0026242938
0.5187806
0.5878007
0.007579974
0.0043608686
0.009449782
0.99415046
0.0025972347
0.9966085
0.9963031
0.9562044
0.002151937
0.84643775
0.010786287
0.4170202
0.40937406
0.0044673537
0.51782066
0.0061192364
0.6168566
0.0028403965
0.9626214
0.7863905
0.0019971859
0.013658441
0.0031564299
0.9450679
0.90670305
0.9817546
0.3914361
0.023068188
0.9335101
0.4231655
0.99596596
0.005318407
0.95344853
0.7874895
0.4208582
0.0021932006
0.42187938
0.99953675
0.9816217
0.038782082
0.99942964
0.9939592
0.008826777
0.014956061
0.0060504437
0.99160963
0.015517883
0.89376056
0.99608886
0.0018128037
0.013613419
0.007361169
0.026560029
0.6633034
0.96819955
0.99624795
0.93533564
0.42522922
0.81702155
0.0022176607
0.9954419
0.907294
0.9964779
0.0017649115
0.00805901
0.4191496
0.0046417206
0.9590762
0.81712455
0.0015917011
0.9618086
0.024583999
0.010056427
0.98953795
0.37774074
0.44015935
0.9938437
0.0025126308
0.7768186
0.8524234
0.98856133
0.41223627
0.0036850402
0.9956424
0.96793115
0.8116618
0.011430785
0.92345214
0.9945827
0.89754874
0.9847017
0.97655606
0.99583095
0.9904495
0.028930394
0.008896585
0.96936136
0.008278325
0.0015527895
0.043875944
0.0063432
0.008066218
0.002873401
0.9839716
0.57622945
0.41444856
0.45165595
0.9985967
0.016094914
0.007829997
0.9940357
0.001960352
0.9960492
0.9917874
0.7685156
0.42602393
0.93258387
0.0030204987
0.00495947
0.9962973
0.42074317
0.0020097597
0.9939877
0.008129498
0.5418678
0.0017819215
0.0035734368
0.8842842
0.015603873
0.0020185614
0.0037065626
0.003574065
0.4246298
0.0016747166
0.007242426
0.93363917
0.98533326
0.39530486
0.010943411
0.95547247
0.0007254698
0.015481553
0.9884863
0.5676573
0.012937159
0.6985294
0.41279918
0.9853978
0.003813032
0.99643743
0.3171659
0.005380062
0.413686
0.011212675
0.42839995
0.00342919
0.004331868
0.011935019
0.79977256
0.43118772
0.0018296682
0.99254733
0.010426118
0.010194128
0.41175988
0.004010554
0.97137725
0.5865032
0.66248363
0.003227061
0.016247764
0.0042106984
0.96307606
0.0036422438
0.9790674
0.0033890244
0.05662324
0.48587283
0.005382119
0.004559865
0.97818345
0.9984108
0.3664026
0.9746414
0.011151626
0.0018319112
0.97223186
0.68295985
0.92635196
0.015182887
0.9954827
0.98978806
0.46220395
0.99671775
0.008961707
0.992297
0.98800707
0.9973832
0.0026786227
0.011604486
0.002706946
0.3679438
0.003433702
0.99854505
0.005110707
0.99637395
0.40006334
0.8526205
0.9989492
0.0065948428
0.0062681525
0.008867113
0.7188427
0.9635452
0.95463645
0.99895453
0.8358018
0.4548676
0.9044922
0.0077917827
0.40185592
0.8832996
0.9164951
0.023628946
0.9575795
0.8868536
0.9816456
0.98994243
0.01732138
0.006255044
0.9653867
0.9991725
0.0066654477
0.56103575
0.4208279
0.9990852
0.0079801995
0.011216386
0.988487
0.83044696
0.42845303
0.9683899
0.9587649
0.008510764
0.0029016729
0.31853595
0.9967333
0.99787676
0.33479416
0.99636674
0.4511697
0.97810763
0.99793196
0.96626997
0.0041904715
0.004877012
0.9873418
0.0134645505
0.0132787535
0.0056716907
0.9306982
0.015352953
0.005715386
0.0054416284
0.42169198
0.99730814
0.42410114
0.8668267
0.005667949
0.57345873
0.017746937
0.397482
0.004356647
0.0088824015
0.0060641547
0.004160278
0.4315529
0.4277062
0.96652615
0.0057954392
0.9952231
0.41678494
0.01412855
0.014628958
0.58687496
0.69770604
0.42189145
0.71413827
0.0028753537
0.42419598
0.021122755
0.5969258
0.41504693
0.25935724
0.42554122
0.40992314
0.99614316
0.004952362
0.99767226
0.98656636
0.9295859
0.9492204
0.0075831963
0.9973531
0.9920725
0.611433
0.005573854
0.9946555
0.33367106
0.98910403
0.29192954
0.0016006321
0.44549456
0.9917424
0.42309842
0.99657285
0.0013605768
0.0059787347
0.00573658
0.3043568
0.995379
0.49959013
0.42157122
0.7446769
0.99244976
0.0076161595
0.99874145
0.99652135
0.88481444
0.97125006
0.9707818
0.42784047
0.0041079917
0.9919465
0.42630664
0.99349445
0.4191679
0.9791399
0.58258253
0.8022848
0.9967474
0.008371621
0.44983348
0.99446493
0.015651397
0.9888176
0.0054629804
0.0039083916
0.009631647
0.006682518
0.42023703
0.009587504
0.55830026
0.49515015
0.9946576
0.0058453144
0.9635296
0.8776687
0.004038653
0.0045123687
0.99371946
0.95464534
0.41614676
0.9707783
0.989494
0.9850514
0.004347541
0.9983619
0.0019585458
0.99549943
0.004202978
0.0020806538
0.41411233
0.99173623
0.0086232
0.9995981
0.4173879
0.9853403
0.42017683
0.0024743055
0.9625392
0.9950263
0.0041395254
0.99761283
0.98978525
0.0071009183
0.8845296
0.0014972426
0.00161153
0.4194959
0.375557
0.79527134
0.39550245
0.5897015
0.4455475
0.90782607
0.42564854
0.600919
0.0062403246
0.9043418
0.41005453
0.410626
0.002346115
0.0016181074
0.99635124
0.41923025
0.4207819
0.0037248693
0.98617536
0.75528055
0.0013438495
0.9846676
0.002098828
0.4223991
0.93555987
0.0019367944
0.00761944
0.9684464
0.99808097
0.42191038
0.60646725
0.49940258
0.009592449
0.42055824
0.9970944
0.416362
0.42041418
0.006049606
0.010335808
0.41646525
0.42717448
0.4009634
0.9577951
0.95974356
0.9669316
0.0066048536
0.42888525
0.9949122
0.004431011
0.003571381
0.7027942
0.0019261754
0.98765707
0.9989479
0.9964768
0.9826968
0.0035088297
0.0056553697
0.9347264
0.99641186
0.9911822
0.9721529
0.8070137
0.4235475
0.999742
0.0065873186
0.9956169
0.97968173
0.0033078871
0.0098588215
0.0043346393
0.017378906
0.9708329
0.962712
0.97696495
0.002173032
0.9702772
0.014437645
0.45664546
0.0037491857
0.9901633
0.98576725
0.9876402
0.9942515
0.9851541
0.00635309
0.42101026
0.0019768784
0.9707813
0.98756695
0.4471849
0.004608421
0.99805933
0.99685943
0.57838005
0.0020350066
0.9846779
0.0036716438
0.93979484
0.9745942
0.99771535
0.002236958
0.4198346
0.99578685
0.021169767
0.007802832
0.011975556
0.99097025
0.0077714673
0.54458237
0.97511756
0.84150344
0.0072771423
0.010548349
0.96865696
0.98359746
0.004812353
0.99384487
0.44554174
0.0029075628
0.013333438
0.16132842
0.0022743065
0.9939017
0.41929546
0.01779862
0.9444005
0.9221828
0.021115614
0.0051694643
0.9964678
0.010158073
0.9857837
0.0008324387
0.0035236846
0.0057883007
0.005393163
0.9659614
0.0074464306
0.0051805135
0.9707469
0.009931073
0.009992274
0.6012167
0.32649428
0.004059945
0.0040947166
0.40398434
0.41947848
0.99015373
0.9693075
0.9874742
0.004799989
0.8912663
0.026469037
0.9846673
0.044811867
0.9983523
0.98664457
0.9754332
0.9723923
0.0013727974
0.001963909
0.41730648
0.8551154
0.42389423
0.80154014
0.39940715
0.6530036
0.42045522
0.9507301
0.7095284
0.41487294
0.9707143
0.92721367
0.9950864
0.4483575
0.96158004
0.0054782666
0.0049249073
0.9811118
0.011806938
0.0049367766
0.0063989838
0.004403124
0.90369755
0.87782115
0.9991211
0.99077153
0.0031697555
0.99506015
0.020737119
0.0040069385
0.005554685
0.95443475
0.002982673
0.0027970567
0.4146713
0.99069303
0.013049513
0.4263183
0.0021649995
0.0063498816
0.011115124
0.006030472
0.0015840477
0.9826819
0.002847382
0.9908222
0.0047868458
0.4241476
0.002001858
0.969054
0.78775436
0.00406659
0.0035787686
0.9982027
0.9901984
0.012975497
0.004708281
0.007076003
0.4190507
0.9537564
0.9969854
0.006642755
0.9919607
0.9098054
0.9783634
0.0023137247
0.9848986
0.005159114
0.0029186765
0.6509468
0.90559
0.0010198375
0.41774908
0.9850154
0.0035712027
0.0042244047
0.003130739
0.008722839
0.9921346
0.9936278
0.0019410232
0.4128147
0.99223936
0.0015089292
0.39425397
0.9849126
0.004274895
0.005990827
0.99817896
0.009683981
0.007470491
0.9959484
0.42345077
0.9974567
0.0030423934
0.00822327
0.010440312
0.16545361
0.006930242
0.97394764
0.41673157
0.0011145916
0.4233186
0.99109507
0.96968776
0.914883
0.4440888
0.0034144449
0.0014159192
0.99282444
0.006377839
0.41429037
0.014385391
0.41449723
0.98491204
0.42856336
0.23149386
0.9966191
0.42237842
0.010168947
0.41473165
0.96322376
0.98623776
0.003507181
0.9891326
0.0027925237
0.4199018
0.5682172
0.985499
0.0060786223
0.4858693
0.98031974
0.004575089
0.019254
0.9859563
0.002224934
0.9953029
0.0023450346
0.96253765
0.42310506
0.005072788
0.98251617
0.007858736
0.0033191151
0.44306538
0.9859978
0.0012064438
0.0067771706
0.9983138
0.806151
0.9860676
0.9811038
0.44873688
0.95073235
0.59486705
0.0023599884
0.9984339
0.003454216
0.41555947
0.014935645
0.0033443577
0.9902394
0.0020431187
0.9444903
0.5915277
0.0027271227
0.0039592492
0.0037034207
0.00129112
0.9873677
0.052256014
0.98141944
0.0020444258
0.4266212
0.7161262
0.9919369
0.98512346
0.9602349
0.010710151
0.9264903
0.0009237098
0.0060575195
0.0017735569
0.0061048632
0.0049571902
0.9892174
0.4246226
0.42466748
0.010227188
0.40506572
0.9813742
0.99434066
0.9568197
0.9869947
0.9706226
0.8638713
0.93659693
0.9871842
0.008732947
0.89369184
0.81524885
0.0047070207
0.31752688
0.99637693
0.013396335
0.98368245
0.002786626
0.45505878
0.988468
0.99290425
0.47049215
0.556881
0.98818016
0.007156901
0.005374569
0.01010782
0.0036583445
0.39084342
0.0069300355
0.0046503004
0.9735825
0.98250455
0.85955626
0.42462018
0.4127431
0.004994994
0.41752937
0.42338789
0.42301255
0.0028051666
0.92181474
0.0045908773
0.98752767
0.0047868164
0.83753514
0.99875975
0.9968478
0.7113082
0.006185253
0.96919113
0.007750295
0.81573045
0.007339439
0.0043975464
0.0073499237
0.41590515
0.99436814
0.0031509001
0.0018736663
0.44945297
0.9948143
0.46209398
0.007330724
0.94820076
0.9627603
0.9852388
0.012023228
0.023094276
0.9965495
0.0072410135
0.005271343
0.42369336
0.6076457
0.5257962
0.41864657
0.00987232
0.99018586
0.5172216
0.0020598108
0.44900212
0.4174418
0.005718213
0.011909028
0.9938262
0.9925948
0.010981955
0.0025801137
0.01998417
0.9565291
0.055172395
0.8729341
0.39416298
0.6313289
0.008097218
0.001470936
0.98945576
0.9964972
0.98029834
0.7009747
0.2793087
0.997995
0.0029415088
0.0016533486
0.0136447
0.9382333