0.9989343
0.99999285
0.26216573
0.9997913
0.0007233297
1.4378458e-07
4.0550578e-08
0.9999893
0.006218006
0.70123655
1.1273486e-07
4.3189754e-08
7.036999e-06
0.5422441
0.99993145
7.460452e-05
4.6235644e-05
0.0029947588
0.0007467413
0.9826972
0.8768627
0.00040983208
0.015527874
2.0141677e-05
0.0007872634
0.040315975
0.8552275
0.97519356
0.0479603
0.9994821
6.1469956e-07
0.013946606
0.2576537
0.2506173
0.49220243
0.03479943
0.9977652
0.9950566
0.99997926
0.9984993
4.201743e-05
0.73003215
1.9272486e-06
0.10133639
2.1856958e-06
0.00011914702
0.9998697
0.8682987
0.0016376956
0.9992803
0.91638935
3.9737984e-07
0.99915695
0.9988249
0.9345074
0.00014594577
0.9960408
0.4181181
0.008503195
0.00032802994
0.9999944
0.99980396
0.9999566
0.6036973
0.9704772
0.9038666
0.9999975
4.1829938e-07
0.9091643
0.9995666
0.99986005
6.8520945e-05
0.97313327
0.44995758
2.7995588e-07
1.7308272e-05
0.0001305895
0.9994746
0.25753695
8.9316454e-05
2.6335533e-08
2.9698462e-08
4.201639e-05
0.99918216
0.997198
1.04865904e-07
0.99986064
0.9965328
0.99521685
0.82361543
4.6394518e-07
1.3615733e-06
0.9998272
0.99962497
8.300685e-09
1.0989377e-05
0.9885521
0.92745787
0.99999
0.9998036
0.5074465
0.522237
9.3724015e-07
1.5154808e-05
0.00033812577
0.00010691335
1.9475801e-06
0.9661756
0.997523
0.9993917
4.894283e-06
0.5371628
0.97393644
6.6090824e-06
0.0006790409
9.983503e-07
4.613751e-06
0.038327165
0.99927145
0.8276257
0.74432486
0.99330974
0.00019381543
0.99988794
0.0072642565
0.99222285
0.000114970535
3.9189263e-08
4.7905203e-05
0.99008256
0.9923919
0.9625115
1.1423083e-07
0.9034031
1.4438463e-07
8.7957284e-07
0.2047804
0.9998696
0.0067181694
6.291963e-08
0.9980611
1.2008641e-05
0.9655777
1.190205e-05
0.72613955
2.1458736e-05
3.9402963e-05
0.00014882586
6.4709354e-08
6.171364e-06
0.99970067
0.96604586
0.0721764
4.973279e-09
0.026735712
0.0040341155
0.99994934
0.000802631
3.5528796e-05
0.9991142
0.9999311
0.9998259
0.012641878
0.9994035
0.9990823
9.712532e-05
0.99999976
0.99836785
3.3583914e-05
0.5229617
7.648579e-06
0.55435014
0.0026143293
0.6144621
0.0010332967
1.135412e-06
0.002877798
0.9999616
0.00036615907
1.7233002e-05
0.53997934
0.0005331354
2.8519125e-07
0.9999963
0.9603638
0.9995467
0.0010724432
0.03352356
2.1183371e-07
0.99729013
1.5440654e-06
0.9995846
0.9999579
0.9971168
0.026428593
9.522896e-10
0.006011686
0.9835136
3.1364576e-07
1.7616296e-05
5.684922e-07
0.966291
0.99485683
0.9755526
0.99974114
0.9999807
0.002033187
0.9999386
0.0003826976
3.0111505e-06
0.0006564576
6.62117e-05
0.99993455
2.244098e-05
0.0010566661
0.52613616
5.316353e-07
0.056725074
1.5964168e-05
3.2343364e-06
3.3895515e-06
0.99989057
0.0013737926
1.0281364e-06
2.8021227e-06
0.9998072
0.9776585
0.058406834
0.113089085
0.0006647596
0.99867404
0.004622389
0.5736756
0.58840954
0.973244
0.67826205
0.9988067
0.9999951
4.119104e-06
3.9644405e-08
8.263613e-08
2.7783898e-07
0.99969137
0.95349413
0.90510255
0.0050107716
0.0023109897
0.007930018
0.042084742
0.029855257
0.99999785
5.2046726e-08
0.8606002
9.523858e-10
2.0302414e-05
3.0755382e-05
0.99683326
0.95357025
0.96478814
0.9998436
0.9999279
1.7622516e-07
0.9998723
0.99147344
0.60326844
0.003930965
1.6367455e-08
0.002303152
0.5315562
0.9996165
0.61365676
0.3771388
6.702974e-08
4.8952174e-05
0.99294937
0.055197593
0.28872496
1.5011167e-06
0.9827188
0.9931994
0.99999595
0.9999875
1.778188e-06
3.09464e-06
0.9993612
0.9920969
0.00010486568
0.9999591
0.00016240947
0.0030408434
0.7706535
0.9989992
0.9873505
4.005106e-06
0.9530947
0.011576626
0.5614181
0.9920282
5.7893067e-07
0.9999051
0.0033310715
7.3015235e-06
0.3896067
0.9991111
0.99986005
0.00012452186
0.9998652
4.211423e-05
0.99942386
0.044907063
0.00023715339
0.51169604
0.9999727
0.9992336
0.9993742
4.1501e-06
0.00010305268
4.3059363e-06
0.9776612
0.00015624479
0.000102122656
0.00014314339
2.3371253e-05
3.166923e-07
0.9998591
0.9967182
9.712235e-05
1.2741206e-07
0.5097687
0.9858737
0.7238946
1.1501872e-08
0.9996513
0.99912995
0.4425603
0.054624878
0.99993634
0.9998597
1.4178837e-05
1.9423085e-08
3.0926312e-08
0.015322555
0.9992937
0.021673935
0.99926823
0.74644244
0.74802995
0.9986474
0.9993542
0.9991714
0.90899545
2.6562613e-05
0.99971205
8.961369e-06
0.9789403
5.8763266e-07
0.014766616
0.999801
0.9999895
0.99999344
0.001350367
0.9641214
2.6455587e-07
0.0005493302
0.004959868
0.0030573967
0.9652344
1.692821e-05
0.001790461
0.0046941955
0.48079714
0.0015194685
0.99991775
7.2130696e-08
0.0013666417
0.041722957
0.999476
0.8464786
0.013199318
8.9649154e-07
0.999595
0.99496114
0.95127624
3.338418e-05
0.00078944006
0.9373145
0.9995209
0.00069845264
0.41835073
0.9927206
0.99999785
0.0042693187
2.3535883e-06
5.8689284e-07
0.0012337087
0.9953811
0.9819859
2.8099635e-06
5.486953e-07
9.590413e-05
1.0998067e-05
0.8607141
0.99925894
0.036652524
0.9081609
0.5247722
0.99834096
0.9988625
0.99988806
2.0377325e-05
0.9899811
0.0010090234
0.9980019
0.9994873
4.9767852e-05
9.795554e-08
0.99305236
8.2104285e-05
0.9999535
3.7893524e-06
4.7390267e-06
0.03162287
0.022524182
6.749756e-05
0.992004
0.9999963
0.99948704
0.00089145364
0.0002744628
0.0009629229
4.387389e-06
0.9948055
2.6810976e-05
0.016279835
2.2172222e-07
7.0482366e-07
0.9993799
0.9532674
0.94954413
0.0008579109
6.3720705e-05
1.8008868e-05
5.110873e-08
0.9978508
0.99988675
1.5779752e-06
0.9926963
0.99682224
0.09591559
0.9999522
0.9902147
0.57552105
0.9070808
5.346738e-08
0.07538161
4.6900343e-05
0.9996439
0.7970449
0.00035090695
6.162721e-07
0.9994943
0.99999726
4.7362606e-05
0.7864143
1.4503853e-06
0.9999788
0.9927499
0.029953167
4.6690047e-06
4.4318494e-08
0.35204765
1.6689096e-08
0.9991172
0.99997723
0.00026294708
0.9545176
0.9667905
2.080794e-06
0.99974746
5.32378e-05
6.917016e-08
0.072624065
0.0014939934
0.9998369
0.0047917916
0.17319235
8.2257255e-05
0.9999584
0.998403
0.00035202608
0.9356431
0.8836818
0.99999285
0.9958632
0.68793494
0.5917258
0.99985826
3.3113696e-07
0.009357167
0.9924413
9.6416064e-05
0.9998789
2.017347e-07
4.5954255e-07
0.9940995
0.9951149
0.00019920366
6.138667e-05
5.484413e-06
0.5583818
4.772843e-08
0.8813472
5.746868e-07
0.99990666
0.0023173068
0.056431316
0.99996686
8.657169e-05
8.013698e-06
3.6095073e-06
0.9999752
0.5506507
1.2134433e-05
0.91970325
0.9999901
0.92900926
0.11033845
7.236232e-05
0.9882752
2.9115802e-07
0.90336555
0.031565513
1.4380858e-09
0.72742665
3.4046858e-05
0.0008076433
4.7320533e-08
0.5020416
0.00011810894
0.99994576
0.027086487
0.9789716
0.002005073
0.9958853
3.3092976e-05
0.00032104636
3.5709607e-05
1.2052426e-07
0.000121971934
0.98128927
1.8729735e-07
0.024917785
0.00010555813
0.9989279
0.99999774
0.008058243
4.0436284e-05
7.17994e-07
7.740723e-08
0.99975127
9.000686e-05
0.99991393
0.042072084
0.0029109004
0.9992849
4.4231177e-07
0.9871438
0.99957937
6.0640243e-05
0.91615236
0.94507843
2.0744704e-07
0.99705005
4.2855513e-06
0.99998784
0.9945892
0.9998455
0.9852887
0.9862131
0.15867367
1.4040335e-06
2.8540371e-06
0.0001234805
0.10060251
0.99784565
0.5361762
2.3828461e-07
0.5751086
9.159988e-09
0.999355
5.497246e-07
0.00016788613
6.8368017e-06
0.032912258
0.9993874
1.311808e-07
3.8457576e-05
5.8223845e-06
0.9997385
0.00029571765
0.9999571
0.9999521
0.8458419
1.32554605e-05
0.9272385
3.1313945e-07
6.861353e-05
0.56002104
0.0001344477
0.9997186
6.639784e-05
0.87862915
0.20625287
0.96637905
0.30667195
1.8806746e-05
4.892155e-07
0.045122243
0.99924517
0.99765307
0.98183274
3.151846e-07
1.6511839e-06
0.92156446
0.8213367
0.99988055
5.546858e-08
0.9792716
0.8202875
0.0010927223
1.1532413e-05
0.0024077375
0.90928745
0.9989724
1.11174195e-05
0.99987173
0.9936319
0.19047248
4.208878e-06
5.206912e-07
0.99729615
1.3380077e-07
0.69726664
0.99946934
1.6471702e-05
0.00021488754
0.00010378422
2.0665437e-08
0.9998374
0.9696382
0.99805295
0.9761564
0.023527144
0.9999614
7.134326e-08
0.99983513
0.9682788
0.9996118
0.06171752
1.608555e-06
1.1987472e-05
0.0001796384
0.99965346
0.6551738
3.1029147e-06
0.969885
0.00019811523
0.001537953
0.9839003
2.3151462e-05
0.99480563
0.99917966
5.4669613e-06
0.897705
0.99747986
0.9993788
0.5076802
0.013180909
0.99953353
0.8906381
0.50279564
7.4701975e-06
0.027049258
0.9998579
0.97865367
0.9809154
0.9642763
0.99983513
0.99811125
1.0854169e-06
0.032649104
0.98135924
3.7207613e-08
1.7475285e-08
0.00027324373
2.0081772e-07
1.9995701e-07
1.5598322e-05
0.999435
0.68273354
0.47291315
0.9997743
0.9999262
0.14733769
0.03758568
0.9992373
5.35258e-07
0.9999387
0.9998253
0.99956614
0.7607624
0.99712807
2.8934828e-05
4.1210154e-05
0.99986136
0.0003425871
5.23796e-07
0.97806954
2.5276913e-06
0.5891159
1.0438728e-05
3.763756e-07
0.7625109
2.4577066e-05
8.6336644e-05
4.707913e-07
4.9967915e-05
0.0005060958
3.8062943e-05
0.00016504058
0.96697813
0.997494
0.009294663
8.144849e-06
0.99042964
1.4553121e-05
7.5685e-07
0.9994173
0.9996463
0.00516766
0.9933965
0.5294257
0.99565923
1.934157e-08
0.9999981
0.026511893
3.679848e-05
0.097735934
3.332366e-10
0.004904077
0.00049825036
1.17768266e-07
2.5054575e-07
0.8586548
0.6523992
3.9946495e-05
0.9636902
0.6070628
2.2565285e-07
7.2698053e-06
0.00041790536
0.9971148
0.99994075
0.76586705
2.9352574e-05
2.9184752e-09
1.5517978e-07
0.9877378
7.840349e-05
0.99939704
1.3547276e-05
3.5825032e-08
0.9999957
4.1701048e-07
0.002313708
0.98162454
0.99988246
2.259738e-06
0.9993839
6.8074144e-08
1.5724816e-06
0.994369
0.023602366
0.936714
2.183981e-06
0.999948
0.9883519
0.9806513
0.9999212
0.00015674872
0.9999932
0.9392878
0.99986005
0.00013537587
5.4162574e-05
0.00093031296
0.002027727
5.6830468e-05
0.9999552
2.5337345e-06
0.9993019
1.5364903e-05
0.94154537
0.99998415
4.943656e-07
1.9126158e-07
2.1028666e-07
0.69253737
0.99960846
0.9942952
0.99999917
0.9999993
0.998579
0.9035965
6.920784e-05
0.0044609937
0.9707197
0.74018264
2.6739778e-07
0.996461
0.8583247
0.9999294
0.998606
5.176398e-07
0.0026958776
0.9788502
0.9999856
1.5416288e-07
0.5822186
0.55819273
0.9992217
0.00065777084
1.557864e-06
0.9999131
0.96360797
0.068633124
0.99750876
0.9734611
0.00069424167
3.8755015e-06
0.0074986084
0.9999609
0.99999535
0.0141318645
0.9999778
0.9994259
0.99959487
0.999998
0.9949062
2.4452257e-07
0.0003489554
0.9996253
3.9125226e-07
0.00025449102
1.171967e-08
0.93620473
9.664776e-05
6.8536897e-06
0.0003344705
0.01737398
0.9999782
0.034314096
0.94903225
0.00047118112
0.99995804
5.2795516e-05
2.3815066e-05
1.4089073e-13
1.395684e-07
1.9579381e-06
5.8462374e-06
0.7103834
0.003801109
0.94942385
0.0055991937
0.9997316
0.4493633
0.000259014
7.3978563e-06
0.50471014
0.9996966
0.010467318
0.56461465
1.9371131e-09
0.00011581449
1.3973881e-05
0.9999968
0.5394166
0.11424816
0.027157059
0.6675111
0.99998796
1.2816323e-05
0.99960274
0.99751496
0.9667577
0.959276
1.58915e-05
0.9557018
0.9998951
0.59487504
4.8815542e-05
0.99865973
0.074015714
0.9993605
0.00033580392
1.4634273e-05
0.99570674
0.99095017
0.001690503
0.99893683
4.8143575e-06
9.090226e-10
3.3510365e-05
0.17074202
0.9996581
0.99968207
4.998994e-05
0.9999989
0.99945515
3.633642e-06
0.9999821
0.9999856
0.9262321
0.96017265
0.9779809
0.052690238
0.0003649705
0.9999019
0.0014668271
0.9994351
0.00017331626
0.99875677
0.9992675
0.9356738
0.99992657
3.8231374e-09
0.99995375
0.99886274
8.9933457e-07
0.99981445
2.5137646e-07
4.534132e-05
3.714062e-06
5.060076e-08
0.0056468784
5.636595e-08
0.9998462
0.92969984
0.9996705
1.7140528e-05
0.9254866
0.7088181
1.401619e-05
1.1904785e-05
0.9941863
0.9690179
0.0852408
0.9331553
0.9976278
0.9973333
0.022011504
0.9999083
4.593686e-07
0.9976829
3.6686767e-08
7.307881e-05
0.07364342
0.99701846
0.00060105865
0.9999653
9.418594e-05
0.98261833
0.0012692756
6.4497626e-06
0.96078277
0.9999856
0.0030576757
0.999877
0.9969652
2.013964e-05
0.95760155
1.4360464e-07
0.0011154286
0.5811135
3.8932717e-06
0.78582174
0.07720238
0.99955386
0.9907692
0.70105207
0.0005051435
0.9999975
7.8144055e-08
0.8981002
0.05276437
0.0012986072
3.3457327e-06
4.8231627e-06
0.9986474
0.005057152
0.9638739
4.880575e-07
0.9992415
0.5310905
1.5194182e-06
0.99896455
0.000781008
0.056665037
0.99178994
6.62098e-06
4.071073e-07
0.98939556
0.9999974
0.4190537
0.09368537
0.9999808
0.00017561993
0.52014786
0.9998173
0.84827274
5.9655256e-05
1.3126242e-06
1.8918814e-05
0.0002123823
0.5392656
3.725978e-07
0.94762194
0.99912804
0.87763405
4.2530098e-07
0.024171904
0.9906916
0.0002162189
2.837791e-07
0.52626836
0.012369603
0.9971378
0.9999912
0.9999341
0.99994755
0.00021884008
3.5607456e-05
0.81543505
0.99994075
0.999676
0.97529125
0.99887174
0.003399065
0.9746928
4.941931e-07
0.99982977
0.9966724
0.00022395253
8.826611e-06
3.597256e-07
3.042086e-05
0.9708675
0.9940953
0.9254408
5.434128e-08
0.99980694
8.694411e-10
0.9999788
4.7043586e-06
0.99830353
0.9908613
0.9975662
0.99992657
0.9975151
5.780657e-06
0.00029784485
0.008492753
0.97512543
0.9909764
0.9981957
8.420575e-06
0.99997985
0.9999958
0.9999993
0.00020754343
0.9967032
2.1928562e-07
0.984212
0.9589984
0.99984515
0.023587361
0.00047447265
0.9994246
5.1110653e-09
5.5554136e-08
7.082762e-07
0.9998585
9.756779e-06
0.6219046
0.9931578
0.86290866
6.140976e-06
1.1079158e-06
0.99988234
0.9984805
2.14282e-06
0.99952495
0.9828158
1.7745791e-05
5.2845326e-07
0.00013611277
8.5763395e-07
0.9973264
5.636243e-05
3.8475257e-05
0.950519
0.9889535
8.688688e-07
1.8397116e-09
0.9984053
1.4126264e-06
0.89895695
2.5430048e-05
0.0023303153
1.5530904e-06
4.4431697e-05
0.982501
1.4768389e-05
2.3382515e-07
0.9968066
8.7450026e-05
5.7187975e-05
0.9998548
0.009198208
6.336714e-06
2.4483585e-05
0.12813821
0.005089481
0.99264246
0.98714674
0.99275523
2.8444665e-08
0.88650197
0.00011483291
0.9974837
0.011315755
0.9998122
0.99695045
0.9973615
0.9726389
7.76565e-05
4.353368e-05
0.4139531
0.76830864
0.012173696
0.7761734
4.1829764e-05
0.61107343
0.0012786246
0.6665825
0.5752206
0.2505133
0.9220458
0.7508967
0.9996722
0.999303
0.98527944
5.665288e-05
1.5459366e-07
0.9765979
0.004898386
6.0678344e-06
0.00079533726
4.28096e-05
0.8528786
0.9331495
0.9999404
0.9984156
4.735299e-06
0.9999411
4.5420475e-07
6.5649125e-05
3.1694316e-09
0.99429274
1.0691905e-06
0.0001189909
0.594169
0.99994195
2.7315056e-10
0.0035719837
0.0009029029
4.4693006e-05
0.007114089
0.00012600944
6.7943154e-05
0.9822755
4.1722355e-06
0.9996531
8.4024116e-08
0.012963582
0.0038753543
0.99855024
0.5793988
1.1359004e-05
4.121231e-07
0.999977
0.99207824
0.00010248645
1.3597005e-05
2.955419e-05
0.26373515
0.67265004
0.9999167
0.00022131234
0.9833763
0.91265416
0.9996964
0.00039481287
0.9996252
2.3544662e-06
1.1108072e-05
0.047849286
0.9989153
6.0015195e-06
0.0009261536
0.98764193
5.9055557e-05
5.3172885e-06
0.004160029
2.9322024e-05
0.999213
0.9996202
0.0011460962
0.5706734
0.9999151
0.00043781844
0.08147223
0.9887108
0.0070441966
4.1309256e-10
0.9999002
1.3872367e-06
0.00074079994
0.9981927
0.010293386
0.9996946
2.0735102e-05
6.50362e-07
1.1198499e-09
2.9521382e-06
9.690223e-07
0.99653155
1.9113892e-05
3.9644598e-05
0.07227113
0.9995888
0.9999968
0.9719606
0.9890565
1.2162558e-07
3.5985795e-05
0.9594924
7.100605e-08
0.0023746497
2.4717568e-07
0.0015853251
0.9966343
0.014101815
2.7165525e-10
0.99982005
0.0013366796
0.00014344591
0.004790368
0.9617647
0.96649885
6.3493536e-07
0.99797994
2.1238351e-05
0.00096783164
0.1294615
0.9993407
3.7536867e-07
0.99995196
0.99919933
3.0814888e-07
1.6722847e-06
0.9996049
4.1159255e-05
0.9993718
2.4279392e-05
0.82093793
0.00012051867
4.792566e-06
0.9966517
1.2038511e-08
0.00024696076
0.8973565
0.9997608
1.823815e-05
8.4208295e-08
0.99996495
0.99622995
0.9966576
0.99834967
0.9994535
0.9792668
0.99988437
0.006655403
0.99950755
2.0558524e-05
0.71212155
3.2580178e-07
3.0203595e-05
0.9999864
2.3579985e-06
0.98331857
0.9998976
0.00029888254
0.00014151198
1.2574063e-06
1.1691498e-05
0.9994497
0.0015373433
0.98837364
9.687426e-06
0.009576358
0.99972886
0.96029085
0.99969625
0.9859325
3.2286198e-06
0.9659481
8.5877326e-07
0.0029640812
0.00019383871
0.002944019
4.989063e-07
0.99977595
0.00038972625
0.06185333
1.1252801e-05
0.013012233
0.9984849
0.99941075
0.9983504
0.99977285
0.97309995
0.76981676
0.8748109
0.99832004
1.1067721e-05
0.82542664
0.9999931
3.109945e-08
0.59122133
0.99716955
4.4907245e-07
0.9980002
3.7806523e-05
0.9999517
0.99991286
0.999967
0.9999833
0.99999607
0.9992556
3.5867909e-06
7.884615e-05
1.9812934e-08
6.4713604e-05
0.2115488
6.1101484e-09
1.00723405e-07
0.99952984
0.9879632
0.93176544
0.039388537
0.15970886
2.9455997e-08
0.001944619
0.021243343
0.520193
1.8313843e-07
0.9797778
1.0339002e-08
0.9670515
2.2318964e-07
0.5481347
0.999931
0.99919695
0.9999926
4.7335043e-09
0.7820669
6.962381e-05
0.9806625
1.8795758e-06
1.4841557e-07
1.0523623e-06
0.0035983215
0.99935097
1.4439055e-07
1.3425008e-06
0.99981517
0.99968946
0.9999975
7.4729694e-05
0.9960653
0.9452009
0.9999907
5.1003803e-07
6.38353e-07
0.9951256
0.54321235
0.00020459117
0.0142751075
0.8314472
0.99756986
1.1822027e-05
0.00010543661
0.99727553
0.88905185
0.0004678859
0.99993074
0.50966257
4.790185e-10
9.338667e-07
0.9998789
0.9984244
7.861535e-10
0.00010295445
0.002086134
0.836594
0.06630852
0.9404656
4.145576e-05
0.999553
1.4367781e-06
3.2616743e-05
0.9987985
0.9999043
0.9992754
0.9999906
0.0082710665
0.9996816
0.00019071059
0.049595363
1.6501119e-06
0.99991465