0.5453385
0.99978524
0.3809025
0.5548394
0.39027026
0.023734432
0.025442272
0.9999306
0.38861495
0.55999786
3.1382304e-05
0.011239562
0.010352405
0.3908348
0.99936
0.002564747
0.0058629755
0.98622453
0.0040130713
0.40709352
0.96588904
0.0094412705
0.38831815
0.024660736
0.0008006678
0.0071207075
0.3864521
0.88710034
0.34372258
0.9997241
0.018826684
0.38348845
0.7542243
0.345476
0.38396758
0.36794722
0.52685994
0.9128391
0.9999937
0.998387
0.0010828266
0.37101358
0.029957192
0.37332982
0.01575557
0.0017766122
0.59625906
0.9391045
0.0010635817
0.97676545
0.99950576
0.016411897
0.87416846
0.99933165
0.40676653
0.003267142
0.5319628
0.0074556842
0.006775836
0.0041978224
0.59454423
0.9977463
0.5546738
0.3911302
0.8071352
0.8942709
0.58170575
0.0017496553
0.85429424
0.5783408
0.99361527
0.004101047
0.9860794
0.4170898
0.00012092123
0.004178689
0.009658665
0.55687606
0.39142382
0.36995628
0.0055382815
0.019000163
0.3705706
0.99627364
0.99952054
0.0134852985
0.5718603
0.79291487
0.9048243
0.98637795
0.008989638
0.0072675785
0.99909365
0.9957189
0.0004340523
0.009359855
0.99538726
0.8071309
0.9999014
0.9998412
0.38589653
0.38345453
0.022895297
0.007686629
0.37048876
0.054379884
0.007154228
0.9852342
0.99470407
0.99999905
0.0128131835
0.3799688
0.9991053
0.0035381818
0.368224
0.0024215553
0.003358763
0.0040407497
0.99921644
0.719187
0.9999654
0.9990687
0.0058414117
0.9999788
0.0014588548
0.99963
0.0066198222
0.0028147977
0.0055647003
0.94846773
0.99760485
0.9853538
0.0020468156
0.9765203
0.023161244
0.0043515866
0.38446912
0.9999517
0.3913804
0.011301738
0.9995565
0.0073221265
0.9644988
0.008377446
0.9995053
0.0012409361
0.007004926
0.05929326
0.001973314
0.048789993
0.99958307
0.9877372
0.3561763
0.0055821165
0.0057249083
0.36748937
0.9999497
0.0046331827
0.0032350775
0.99969506
0.9997905
0.9998398
0.4132407
0.81860125
0.99822456
0.0019212983
0.632678
0.5375109
0.007627903
0.0007477208
0.0031007123
0.35532627
0.008289505
0.4290381
0.019803751
0.079842776
0.026902417
0.9843954
0.0016409805
0.0019833606
0.39175004
0.0044201384
0.025074868
0.99992585
0.96058077
0.9970197
0.37377918
0.3880819
0.0021510874
0.99934095
0.006491129
0.99942076
0.9997491
0.997068
0.006814599
0.0035533546
0.38494524
0.994024
0.0011046634
0.01684861
0.0019707568
0.99992085
0.99828476
0.99464947
0.99535674
0.9998913
0.0059217396
0.9995559
0.0045119147
0.0022226772
0.37511948
0.37606797
0.9999721
0.008534916
0.38280514
0.39030054
0.007871194
0.39199623
0.0038591563
0.009637885
0.1953246
0.99983203
0.0024845258
0.04534837
0.009251115
0.9997141
0.9755069
0.0037467072
0.37718168
0.0064502717
0.99604934
0.3888741
0.46900135
0.3762388
0.45962417
0.3680561
0.9990785
0.99999094
0.0078887595
0.009341079
0.0016135107
0.03463604
0.9966619
0.9010395
0.91165596
0.0013835832
0.39155644
0.00012975771
0.38155037
0.3841726
0.9999641
0.013994925
0.9676414
0.0001701613
0.0062921764
0.007050029
0.99295795
0.9979406
0.9999963
0.9996588
0.9998435
0.017802373
0.9996239
0.9972024
0.43474957
0.043406993
0.008848986
0.004438674
0.443676
0.99599564
0.3853337
0.44540873
0.0027244498
0.052735776
0.9943745
0.362033
0.40191963
0.011151362
0.9907103
0.99127823
0.9999304
0.9999702
0.00013984114
0.010102897
0.99921167
0.9990946
0.3682808
0.99950624
0.0032292968
0.38715246
0.69605094
0.9993131
0.5538431
0.0026455629
0.99895513
0.0012743669
0.81618744
0.9821691
0.001983135
0.99916744
0.33597416
0.003938126
0.5384767
0.99665725
0.99071
0.0042189844
0.55953145
0.00071802834
0.99989533
0.00047580648
0.0072931917
0.71202594
0.99994326
0.99224454
0.99715805
0.004554109
0.002950658
0.0013734016
0.9831118
0.0037204076
0.0016996363
0.0018778794
0.00492634
0.0075993687
0.99966705
0.560114
0.024636514
0.056327105
0.3892125
0.99235326
0.66424453
0.014339059
0.9992736
0.99986386
0.46509355
0.37849256
0.99983954
0.9995333
0.006670384
0.011474015
0.00980346
0.0010410765
0.99904054
0.049371082
0.99954456
0.553808
0.5691384
0.99256176
0.99985087
0.9965193
0.98777163
0.002895634
0.99986434
0.054106943
0.99319756
0.0024630597
0.0021881817
0.5846256
0.99988925
0.8255913
0.022145405
0.7752678
0.0028623284
0.0061687757
0.00632329
0.3753237
0.9848956
0.011104143
0.0035995832
0.38733515
0.3881339
0.0016042924
0.999501
0.015814101
0.0039961804
0.000546837
0.99664885
0.9047738
0.0029871059
0.0019257254
0.99219996
0.9977277
0.9639168
0.025282757
0.00031133983
0.88724303
0.9895387
0.011105176
0.0013053033
0.9897099
0.5883072
0.00051129493
0.010633933
0.004630927
0.3887526
0.99860746
0.9988932
0.0046459944
0.011392306
0.020809485
0.04347342
0.9837083
0.9975163
0.036244456
0.38639826
0.38273755
0.9962913
0.9999348
0.9991266
0.3281522
0.96462196
0.3800201
0.996747
0.9998355
0.009627522
0.012715367
0.9653156
0.006718434
0.99924016
0.0044820886
0.024126105
0.37301782
0.0020803777
0.005171871
0.9953701
0.99998975
0.9996563
0.08822121
0.009842516
0.00765974
0.0017814948
0.9976077
0.37920064
0.42891455
0.0033566004
0.0042146915
0.99991477
0.48547748
0.8517403
0.37071314
0.013919372
0.0004809143
0.028512474
0.99493486
0.99949837
0.0057946094
0.9967217
0.9956851
0.38905123
0.9996847
0.9931712
0.39430755
0.8863176
0.023208926
0.4976132
0.014838228
0.999532
0.5906086
0.0017376504
0.0232163
0.9991748
0.9998951
0.011513705
0.79303294
0.008696622
0.9999335
0.992904
0.37213692
0.012056881
0.014704325
0.39137608
0.017970609
0.99975663
0.5805854
0.004467254
0.9495155
0.95809615
0.0005627823
0.99935347
0.009421357
0.0014957835
0.37602535
0.35620466
0.9993943
0.0010997092
0.0007967398
0.0020966718
0.9993356
0.9954222
0.3425697
0.39192584
0.93051434
0.9999465
0.9950832
0.38010043
0.33235914
0.9836871
0.0010776622
0.00046257096
0.40463844
0.3648237
0.9995171
0.020793168
0.021435445
0.97151023
0.9969976
0.0019446024
0.35713726
0.010134936
0.7023412
0.0021318407
0.9512524
0.018244859
0.9996153
0.38643217
0.37839815
0.57435393
0.0017273732
0.020287992
0.003960024
0.59396726
0.63779837
0.004593111
0.99711406
0.9999856
0.8827683
0.3685802
0.009640853
0.99054164
0.0024832403
0.9801587
0.38850486
0.00010959299
0.015851185
0.006402893
0.003708373
0.0048712133
0.39246795
0.0143092815
0.553046
0.39093664
0.9948519
0.38974938
0.9880051
0.3857088
0.0065273927
0.014610904
0.0039386926
0.012283598
0.99489874
0.023417987
0.00087719824
0.37043574
0.9980946
0.996938
0.39179677
0.0025812257
0.00048398814
0.01780906
0.99940276
0.008183144
0.9997656
0.36370742
0.376208
0.9988256
0.018864745
0.81212264
0.99995697
0.006473882
0.96049315
0.9780205
0.027933655
0.5220575
0.0030483045
0.99234724
0.9843849
0.9999217
0.96919525
0.9021763
0.0022648976
0.015317405
0.04900629
0.00084695575
0.03195468
0.93655825
0.37242785
0.020643577
0.70260257
0.0044515315
0.99986196
0.00017270062
0.0042672153
0.00015279048
0.4564738
0.5427251
0.0133004505
0.0030077142
0.01233211
0.7891459
0.0016808057
0.9964097
0.99986744
0.9832375
0.0044894563
0.7545894
0.02848227
0.34118307
0.3870378
0.010567856
0.55914086
0.00062891527
0.13309662
0.0018657082
0.9953656
0.49930385
0.0109940795
0.0038624993
0.0015683508
0.99338794
0.99818593
0.9951049
0.031886898
0.016951554
0.80126464
0.3929873
0.99946684
0.009249074
0.948262
0.8518159
0.37721828
0.005027381
0.3755745
0.9999474
0.99506575
0.23392263
0.99996793
0.9973015
0.010433018
0.0077010384
0.0048438744
0.98491836
0.00015288769
0.9320558
0.9987205
0.0030353349
0.008037224
0.019249111
0.0007449981
0.60733336
0.9516611
0.999027
0.97381175
0.39381817
0.7510794
0.0006636129
0.99831355
0.9446363
0.99945813
0.00044756517
0.020594388
0.3785641
0.0019919286
0.9996494
0.38536733
0.012187948
0.967082
0.009275105
0.002834367
0.998279
0.14360571
0.4454908
0.9997249
0.00321493
0.7804867
0.99966836
0.9892397
0.37696195
0.001062897
0.99915016
0.97803444
0.779523
0.0023625721
0.3436049
0.999972
0.98114866
0.9991787
0.98979414
0.9995683
0.99318963
0.0063566277
0.0076336404
0.8490367
0.014153938
7.6273864e-05
0.0014763591
0.0077485973
0.022630282
0.002037983
0.9993923
0.36708248
0.38732904
0.5484259
0.9999467
0.013136618
0.0017789833
0.9982566
0.01028973
0.99984205
0.999767
0.6224241
0.38220453
0.9793504
0.0076379436
0.00013837306
0.9995111
0.3816395
0.0059125065
0.9976215
0.008497729
0.45735127
0.007901451
0.0090729315
0.8933496
0.007486616
0.004349849
0.0039085215
0.003144308
0.38577655
0.004521741
0.05299838
0.9628042
0.9988594
0.3619135
0.0035686537
0.99157214
0.0015781005
0.0137781575
0.9994066
0.5928698
0.004309506
0.49439934
0.38946345
0.9993012
0.0146852685
0.9200944
0.35708493
0.0025648605
0.3729804
7.30095e-05
0.38803503
0.0020430458
0.022785882
0.019033637
0.8132637
0.3853695
0.0021738114
0.98293144
0.0027496205
0.0149349645
0.35565305
0.0015321553
0.9926944
0.55701655
0.8733537
0.0059975125
0.00012830416
0.002641228
0.93812364
0.023088468
0.9977041
0.008422044
0.0005112365
0.58061516
0.016604954
0.002436313
0.9884736
0.99982977
0.08391999
0.99897826
0.025630176
0.0013093287
0.99566454
0.42672804
0.83587646
0.013628442
0.99965763
0.9999546
0.5148455
0.9998354
0.006944446
0.999949
0.96371675
0.9995209
0.0030620976
0.14749807
0.00054213795
0.036566537
0.0064346325
0.99999154
0.006381865
0.9995776
0.32282925
0.80583555
0.9998416
0.017788203
0.010573172
0.01598164
0.5614858
0.99973124
0.87845504
0.9999614
0.64018244
0.81133664
0.9222366
0.0035881107
0.34560508
0.96816146
0.73360354
0.007138026
0.98717636
0.9910157
0.9999758
0.9980659
0.020970369
0.004446361
0.9820771
0.99965334
0.022066243
0.49268162
0.39145198
0.9996811
0.0017226279
0.02019839
0.99720275
0.4098552
0.3705671
0.99082196
0.98694617
0.0018603747
0.013055735
0.0037589888
0.99990463
0.9997032
0.36491114
0.9999863
0.5467237
0.9980781
0.999941
0.994926
0.0075853784
0.111605756
0.99877053
0.0026327341
0.0040069427
0.013529513
0.9995701
0.0097409785
0.0064902096
0.0015759066
0.38266453
0.99993014
0.38721505
0.6647944
0.0024992835
0.57278216
0.008611509
0.117953256
0.06727454
0.010225242
0.008564167
0.010785779
0.486148
0.39220193
0.9958663
0.002656189
0.9982449
0.37924808
0.0032309748
0.0013781879
0.37096882
0.5461822
0.38951114
0.35616466
0.016776277
0.37500793
0.014170481
0.6915187
0.3819382
0.40248722
0.39302418
0.37487966
0.99586797
0.008889536
0.999485
0.9961228
0.85359156
0.9487238
0.0048986417
0.998336
0.99962294
0.3306023
0.017263548
0.9996369
0.3576615
0.99749386
0.3365259
0.002060394
0.48223865
0.99327576
0.38960454
0.9988103
0.0039745118
0.003037461
0.0018876411
0.4277321
0.99964976
0.53505963
0.37201598
0.60309154
0.9995378
0.0011311726
0.9999814
0.99935156
0.95425427
0.9872012
0.689615
0.39365137
0.0064616315
0.99854857
0.39155015
0.99564785
0.3608091
0.9999163
0.5701457
0.5775373
0.99995744
7.102015e-05
0.55909884
0.99999654
0.0143334735
0.99868184
0.012381808
0.007824487
0.0015551836
0.007812931
0.38923278
0.005065727
0.564446
0.5255966
0.99854726
0.013013862
0.9443534
0.58627886
0.0061280676
0.008606898
0.9994758
0.99931717
0.19827263
0.9592236
0.9976604
0.9919446
0.001807118
0.99873537
0.021421667
0.99467766
0.0023551278
0.0034971547
0.37360093
0.98333746
0.0042885644
0.99959475
0.36822897
0.98912466
0.39025435
0.0029779717
0.95670384
0.9995227
0.0016876005
0.99965787
0.9986999
0.006698144
0.98131585
0.0022688361
0.0008460468
0.38976485
0.09624469
0.62413377
0.40288845
0.5703321
0.5070776
0.99356467
0.3867757
0.5880073
0.017043136
0.9506291
0.3889658
0.38792843
0.0047408645
0.004216415
1.0
0.39069247
0.4521792
0.0038651552
0.9993773
0.54361516
0.0054499437
0.9978683
0.0013760515
0.3921983
0.991659
0.0005435168
0.020758104
0.9976738
0.9998504
0.39268792
0.4121734
0.6090918
0.0030557388
0.39186773
0.99950373
0.36771825
0.3822863
0.0033429465
0.0006498187
0.3702295
0.39156213
0.32275236
0.99406356
0.99831307
0.9764857
0.028865876
0.38975844
0.947386
0.014449204
0.0013064226
0.9345269
0.0017059953
0.9982077
0.9998209
0.9993024
0.99974185
0.0016689308
0.007965465
0.9638315
0.9998369
0.9991111
0.99654984
0.6555383
0.3774836
0.99998665
0.0018070679
0.9991241
0.99984694
0.009672449
0.0127461
0.015755298
0.013171547
0.9951225
0.91214955
0.982945
0.005986212
0.9999324
0.009878279
0.5626097
0.007199232
0.9965898
0.99480045
0.9846325
0.9999424
0.9996451
0.071619526
0.37199342
0.00070945197
0.9939809
0.9610257
0.3753193
0.00962513
0.9992514
0.9999187
0.60507476
0.011308773
0.9979715
0.008428609
0.96475714
0.9887172
0.999556
0.0021883068
0.38731727
0.9983053
0.005627492
0.0034772358
0.015900757
0.998931
0.019727595
0.37802503
0.99225265
0.6329021
0.0013841018
0.028065974
0.9991248
0.9999038
0.0062431823
0.99941885
0.4137357
0.0077982154
0.026454505
0.0004710664
0.009713727
0.9951853
0.38785115
0.010946493
0.97033846
0.9689387
0.030605985
0.00082603283
0.99947256
0.026650175
0.91787386
0.0026104813
0.004222251
0.020280156
0.009352484
0.75744146
0.029829571
0.014709023
0.9861463
0.009106999
0.0072345817
0.6834291
0.38892558
0.005972438
0.0010254112
0.37172487
0.39069316
0.9553235
0.918308
0.99960333
0.012359757
0.8343991
0.011007423
0.99835724
0.0027385538
0.9998211
0.9984927
0.99857867
0.9963546
0.0012079225
0.002184941
0.39349282
0.86948097
0.39428046
0.6017627
0.008171794
0.5564468
0.3879977
0.7161027
0.52609813
0.38415626
0.97182614
0.76045805
0.9993092
0.53563476
0.9923298
0.000770316
0.009884531
0.97097224
0.0037895562
0.008041666
0.014176117
0.012324254
0.9133434
0.6390653
0.99996877
0.9927418
0.0056797313
0.9999888
0.0039002688
0.008151644
0.0001600045
0.9640786
0.0122748185
0.0052400744
0.3888921
0.9993374
0.009595027
0.3872389
0.0009644456
0.0027004122
0.0032891207
0.018419098
0.0036088564
0.993867
0.0056733903
0.99853086
5.2095293e-05
0.39109656
0.00025757137
0.9941151
0.5594738
0.006690566
0.0023737396
0.99993324
0.98251224
0.009377177
0.0055604936
0.004310435
0.38809055
0.77217615
0.9998568
0.0030045914
0.99936086
0.7750429
0.99848384
0.001960688
0.99977845
0.016055869
0.008840161
0.4082898
0.99847955
0.0035872464
0.38154274
0.9983557
0.0048436993
0.010812439
0.0023599314
0.018461814
0.99998367
0.99916315
0.00078682613
0.37177047
0.999859
0.00058953656
0.40602094
0.99800307
0.0029946833
0.0050744824
0.99970514
0.020156566
0.0015082677
0.9922201
0.3937452
0.99984455
0.009316352
0.011766931
0.00803435
0.0010167593
9.084241e-05
0.9918868
0.2778121
0.0027042981
0.38751635
0.9997434
0.9084862
0.9933697
0.42025322
0.009492808
0.0020923344
0.9998772
0.025865184
0.39038178
0.0042620418
0.35578373
0.996687
0.3923707
8.466893e-06
0.9998703
0.39086112
0.016182171
0.37308982
0.9920225
0.9952413
0.0050567198
0.98486984
0.0028151204
0.37200195
0.55787563
0.99788505
0.012036875
0.5728033
0.9977956
0.008670356
0.04967241
0.99937326
0.0035631098
0.9928731
0.004571787
0.8272186
0.34265983
0.0062157647
0.9918407
0.001991085
0.0013881788
0.39378843
0.999556
0.00319121
0.00017867802
0.9999672
0.5480734
0.99860865
0.98985344
0.53338754
0.95490694
0.5464405
0.0006286633
0.99971277
0.006196345
0.39384866
0.0027665629
0.0068947356
0.97406447
0.0047903955
0.9946247
0.5734756
0.0034961528
0.0044365213
0.0011151896
0.005638595
0.99544865
0.018035976
0.998092
0.005918221
0.39289
0.5571311
0.9914477
0.9972989
0.93479776
0.012286271
0.9558402
0.0045984145
0.0064469236
0.0048864074
0.0033365944
0.028675457
0.9988256
0.3742433
0.39164352
0.009363879
0.33347413
0.9966832
0.9926663
0.9945643
0.99821943
0.92988926
0.8751941
0.88447016
0.99739504
0.007434317
0.9885052
0.603572
0.019067664
0.31197107
0.998754
0.019097744
0.9977296
0.0032990212
0.5601126
0.99998975
0.99995816
0.57993823
0.58467305
0.9996977
0.014121889
0.0027957787
0.0031736798
0.0036057762
0.021797398
0.00043027173
0.0179252
0.99881506
0.99851125
0.8572508
0.3935052
0.3932188
0.00025187604
0.3866358
0.3856519
0.38322166
0.010119497
0.98837703
5.451296e-05
0.99158925
0.013481586
0.4515838
0.9993253
0.9995059
0.6147584
0.014334834
0.4983136
0.023123708
0.99101907
0.010080803
0.008589435
0.01117605
0.37923366
0.9997366
0.015062134
0.012088398
0.5447272
0.999595
0.5704186
0.0028377196
0.9947541
0.7381674
0.91024375
0.020046098
0.042540457
0.99977785
0.0015989054
0.01075899
0.35599917
0.47911206
0.54102725
0.38079992
0.010945011
0.9954007
0.43815395
0.0012520619
0.5594784
0.38952547
0.000112237416
0.018990906
0.99954826
0.9956619
0.008938035
0.0061483574
0.004965884
0.9967187
0.0062138266
0.9637999
0.060696717
0.5673565
0.020568455
0.0018574276
0.9994081
0.9982127
0.99915504
0.6991209
0.36536583
0.99668115
0.0023582915
0.0005515608
0.0016502119
0.9998597