0.51913303
0.9000497
0.400129
0.4956413
0.3723104
0.058248695
0.08108151
0.92279875
0.37218666
0.56055
0.06600714
0.057338387
0.07082452
0.35524637
0.857911
0.066328086
0.09739547
0.81820434
0.079781555
0.47225788
0.6609744
0.06243836
0.3825794
0.09108268
0.055387244
0.14935319
0.42971295
0.69209695
0.4304493
0.87888837
0.06636536
0.3085584
0.6228082
0.37213317
0.29146892
0.36752144
0.55912465
0.8157252
0.867031
0.9079562
0.09750711
0.42101705
0.07141395
0.38093308
0.073325425
0.07971112
0.61945
0.6598946
0.059808526
0.84916204
0.8313692
0.09556298
0.8310305
0.7882528
0.4450382
0.10521848
0.560662
0.112274945
0.09107695
0.090745635
0.5883339
0.8156025
0.5709618
0.35667294
0.66887176
0.7613492
0.6799473
0.054712236
0.60764587
0.62421525
0.87039244
0.082853705
0.65225285
0.5686154
0.068840116
0.057410907
0.07131795
0.6460046
0.35568386
0.4026172
0.05798942
0.05843398
0.3700367
0.8849338
0.87316376
0.082183026
0.5792548
0.7153356
0.764625
0.60924786
0.059056513
0.057505734
0.88896275
0.83021927
0.08395117
0.06440767
0.8001536
0.782075
0.8981279
0.8743776
0.38058007
0.32539496
0.062111676
0.06005685
0.39330643
0.06585074
0.051440146
0.8387348
0.7870427
0.8841576
0.079503514
0.34689444
0.6990213
0.073879905
0.30336654
0.046801884
0.063355476
0.08370072
0.85097855
0.62588733
0.9278364
0.77431387
0.07608232
0.89532876
0.10430697
0.7835992
0.080892
0.046223383
0.06171572
0.72045445
0.83115333
0.7976758
0.06113989
0.70141834
0.06806525
0.061182056
0.48430863
0.8985392
0.35736376
0.060618605
0.717245
0.06690193
0.7847186
0.06613219
0.4947769
0.044971563
0.056046966
0.2964892
0.07469342
0.07595307
0.7996807
0.8272278
0.35513124
0.04628291
0.103328206
0.38209233
0.8920718
0.06760961
0.061165124
0.6935052
0.86645746
0.84197044
0.35472578
0.887924
0.84997904
0.06816532
0.6851763
0.5848749
0.079904035
0.070002414
0.06522098
0.3753305
0.09928201
0.6734056
0.09342871
0.07137766
0.08329276
0.8702746
0.06772835
0.06381309
0.6069331
0.065652266
0.049682643
0.8834062
0.7269697
0.7663596
0.3953467
0.39579612
0.0442244
0.8788255
0.058247723
0.9202935
0.90332633
0.91044724
0.1328715
0.07660977
0.36165068
0.8484347
0.07389201
0.069377445
0.12583871
0.86237705
0.86848605
0.65073246
0.81957555
0.90481067
0.1180502
0.9142931
0.08996744
0.058980905
0.3871135
0.3962858
0.861204
0.0732267
0.35343874
0.38246405
0.080878526
0.48078522
0.068481654
0.09776313
0.023197584
0.85743123
0.063058734
0.0724621
0.06673382
0.88122916
0.89203
0.11332775
0.38927332
0.067591876
0.8576953
0.36472836
0.7534462
0.31698048
0.492577
0.26522842
0.8111162
0.8677968
0.096121274
0.052929547
0.049672805
0.050557505
0.8451773
0.777819
0.6796951
0.059955176
0.34124362
0.16084185
0.36675397
0.59521526
0.8767873
0.05931281
0.7027857
0.04991889
0.06968844
0.060763415
0.7864193
0.7398416
0.76280046
0.8878789
0.9186854
0.07684361
0.89204335
0.78889304
0.608343
0.10981122
0.062520616
0.06614296
0.5651102
0.8770528
0.38978654
0.55079025
0.044975758
0.095935255
0.7036068
0.41488373
0.5884213
0.06543361
0.7545239
0.8600826
0.9244714
0.9302779
0.09801119
0.064627655
0.805935
0.68856543
0.3925311
0.8952366
0.060457703
0.36576387
0.62253475
0.8578049
0.60322404
0.06484291
0.8310661
0.07515058
0.76156926
0.8808357
0.04908236
0.8443309
0.31604442
0.060359385
0.6863124
0.82272786
0.8687053
0.12857746
0.45433733
0.08031914
0.7817522
0.062354308
0.09172643
0.7339637
0.8790875
0.73113316
0.80680376
0.057349883
0.10607487
0.04397198
0.7501998
0.07577495
0.06232014
0.11384914
0.054597434
0.05371756
0.882553
0.5556818
0.111576445
0.09350301
0.34241802
0.7964945
0.653584
0.05537744
0.8630608
0.8299541
0.582023
0.36521477
0.8765576
0.907474
0.0689282
0.055566113
0.052740145
0.062244806
0.84509164
0.27683535
0.85788405
0.68616426
0.60997605
0.8343975
0.9067439
0.8361635
0.8368674
0.053418882
0.8987894
0.21329239
0.8322342
0.04875962
0.064033106
0.5478794
0.82996064
0.6871273
0.080130935
0.7297987
0.08046875
0.06566174
0.08571922
0.3541627
0.79544723
0.092636265
0.069077015
0.35532567
0.35935876
0.056302413
0.8097572
0.071172744
0.06685833
0.07633157
0.8378426
0.7439054
0.065216064
0.075301744
0.88862646
0.6999026
0.7626538
0.116423756
0.092602685
0.8201274
0.83088297
0.21125749
0.08732112
0.7824305
0.67974836
0.084954746
0.05984149
0.072631694
0.36054796
0.8316974
0.862836
0.066956036
0.06093244
0.08799461
0.06514215
0.8125256
0.83423114
0.30636203
0.51174635
0.3471761
0.78353244
0.8645803
0.88555235
0.3581148
0.8468736
0.37572676
0.74850357
0.87944895
0.06545638
0.054569576
0.7050444
0.06806325
0.83797777
0.09521337
0.0982622
0.3917122
0.06218769
0.06569946
0.7233322
0.93538475
0.87466735
0.26866361
0.088565886
0.13513619
0.07743832
0.7357149
0.3529671
0.51219374
0.06954329
0.05131885
0.8980008
0.42099553
0.78285575
0.3800152
0.06493092
0.051360145
0.067426324
0.7868567
0.8883447
0.0842376
0.7486835
0.82399476
0.36292437
0.8736064
0.8263216
0.4017565
0.72061604
0.06369938
0.6273259
0.10751213
0.7867133
0.67159337
0.06345356
0.06579058
0.77160317
0.8921003
0.0657689
0.6973242
0.09350851
0.88790363
0.72156805
0.60467446
0.07321515
0.059839368
0.3766729
0.077083446
0.90846306
0.6932219
0.067373276
0.6919819
0.75267774
0.071931474
0.8548708
0.087031595
0.0481362
0.35671955
0.33211344
0.87899935
0.059486005
0.062298104
0.10693024
0.8426916
0.8377411
0.3052028
0.43283907
0.7256371
0.8796559
0.7968585
0.37258902
0.38878408
0.7928727
0.06159283
0.06617272
0.4886711
0.37680224
0.8312681
0.09648937
0.068769425
0.7197223
0.7961578
0.07037045
0.24611947
0.068073355
0.54251724
0.044578888
0.74177986
0.07850015
0.8291343
0.38478628
0.38081715
0.64226466
0.11151664
0.07273325
0.065461256
0.6586492
0.75199944
0.06779558
0.86639
0.9093878
0.6904365
0.41259384
0.07315939
0.85457784
0.058603033
0.565636
0.34717178
0.06426558
0.29416722
0.07701227
0.065822415
0.09559502
0.41456494
0.06370023
0.57396007
0.33780465
0.7912751
0.37989625
0.85534066
0.34745014
0.088216126
0.075599685
0.055515666
0.090039186
0.7931249
0.103804596
0.05867724
0.27683663
0.8194676
0.7806197
0.36312017
0.06083557
0.15545098
0.05327625
0.8372141
0.07203646
0.89563656
0.42280918
0.37362826
0.8448444
0.07876311
0.81959724
0.81426686
0.06831038
0.8591707
0.82332677
0.045005243
0.5429997
0.050859436
0.8314481
0.83658886
0.8482857
0.6628146
0.81876904
0.0984577
0.066742375
0.056444027
0.053564798
0.11909798
0.69847834
0.6163594
0.06918844
0.7247569
0.05177706
0.81317735
0.08615179
0.070475586
0.05512058
0.5102596
0.46114746
0.08574856
0.08720023
0.069690794
0.84045994
0.060089212
0.86877024
0.8205352
0.6998906
0.07757933
0.65334606
0.07607565
0.2597349
0.3288034
0.09706039
0.6376125
0.04731473
0.86716694
0.06740186
0.8833302
0.44407928
0.07992693
0.06729847
0.06820249
0.833373
0.77121955
0.76313657
0.19168444
0.067311496
0.8212746
0.46836853
0.8401003
0.054895736
0.72066325
0.67336375
0.3732001
0.071622744
0.3863178
0.9509427
0.895745
0.028367886
0.88307494
0.8429503
0.11440235
0.12049418
0.053489953
0.7310085
0.08546571
0.64213073
0.8670531
0.0728323
0.06856362
0.073051535
0.060194243
0.69043267
0.7751019
0.8931395
0.76193535
0.37630543
0.63534725
0.0526331
0.8702317
0.74216455
0.8306919
0.07817288
0.07390718
0.35987857
0.054469634
0.7926622
0.6233256
0.059902363
0.7219451
0.06792187
0.064605266
0.73879707
0.20970526
0.5505349
0.85450906
0.079759754
0.7544742
0.63868695
0.79778457
0.5305802
0.09074906
0.8486746
0.7103808
0.6829958
0.055746663
0.5276838
0.8328024
0.7740879
0.72104865
0.6924308
0.8496825
0.8338694
0.16816251
0.113812394
0.6917132
0.05617971
0.047695138
0.10249742
0.05486047
0.08419553
0.06099186
0.84378064
0.60651934
0.3646989
0.46780333
0.86171883
0.13321461
0.0681123
0.89911854
0.056940492
0.85222256
0.9111452
0.5611151
0.42460075
0.78208363
0.063077636
0.09233966
0.8541843
0.37409195
0.06476538
0.8270698
0.063176654
0.56748134
0.054640472
0.060978513
0.726531
0.061360158
0.06758106
0.052745983
0.091523625
0.37948433
0.061305393
0.07554106
0.7139165
0.7957824
0.37545827
0.049937956
0.7403259
0.0663461
0.06843139
0.84421235
0.55057997
0.08239952
0.53875774
0.3412985
0.8669695
0.055868246
0.6723531
0.49696276
0.057054464
0.3761898
0.042723134
0.3495049
0.057416867
0.056819677
0.064625524
0.8034921
0.44741577
0.058483902
0.8293889
0.09900212
0.070235126
0.32464176
0.08223649
0.76624036
0.5827813
0.76575637
0.07257352
0.045441356
0.05709999
0.6787501
0.077089824
0.84866285
0.050869886
0.05350548
0.57540387
0.06636578
0.06813455
0.86945933
0.8630906
0.15500627
0.8492481
0.063936606
0.050036274
0.8609228
0.544361
0.5435729
0.07051945
0.8768201
0.8390467
0.5793422
0.9111196
0.09468355
0.84951514
0.7209236
0.85045
0.07478894
0.14159825
0.06684983
0.19966827
0.07374397
0.905797
0.05904226
0.8670466
0.3375983
0.7775035
0.9161469
0.061993007
0.07074708
0.06522964
0.7102392
0.8074065
0.8022572
0.88481146
0.6791492
0.4338518
0.7631521
0.06271769
0.2612013
0.57675093
0.6859415
0.09468931
0.8777899
0.59133387
0.8200415
0.83350354
0.08407391
0.08343764
0.8686892
0.88998115
0.044150833
0.61170983
0.35781437
0.91211116
0.057294026
0.09450125
0.86610466
0.68658143
0.6034629
0.77353257
0.84775037
0.059970554
0.0590024
0.2906767
0.8638942
0.8828499
0.2400269
0.8865707
0.4796489
0.848218
0.8820499
0.86355424
0.06346536
0.05603781
0.870329
0.052571744
0.16180985
0.072062895
0.82638764
0.07362498
0.0616392
0.05363666
0.36797926
0.87592405
0.39325282
0.7236129
0.13835438
0.44690296
0.113994434
0.300281
0.10594879
0.052326396
0.059377808
0.06569007
0.6559858
0.36294731
0.8033554
0.067479536
0.8902813
0.372329
0.08526164
0.093263656
0.5724571
0.5249875
0.31042716
0.65306526
0.03980215
0.38808906
0.06754861
0.70127994
0.35231942
0.54892814
0.3759886
0.3035517
0.84690547
0.065301724
0.86664706
0.78216594
0.77905536
0.74044055
0.073821135
0.74628544
0.86295724
0.5241977
0.05471789
0.8460659
0.5326028
0.78008366
0.32176784
0.067760415
0.59086454
0.79340464
0.3302525
0.8390393
0.072503775
0.05457787
0.09668713
0.53033054
0.8597358
0.49953082
0.38097817
0.65178716
0.77504396
0.060394816
0.87907976
0.89198893
0.71168077
0.6630862
0.7348729
0.3629899
0.10087806
0.8684761
0.37617335
0.8247301
0.30202892
0.8371825
0.608133
0.73123205
0.8575428
0.06384637
0.5362476
0.78086907
0.06935236
0.8507201
0.070935115
0.06701403
0.0471295
0.051595394
0.34827137
0.046950378
0.6225131
0.4471159
0.90502167
0.09816262
0.7427234
0.71802735
0.11033661
0.07581126
0.8411457
0.7016068
0.35400254
0.87420464
0.8059689
0.80571705
0.06876906
0.8990066
0.04672158
0.75695384
0.057869505
0.07331593
0.38547647
0.8324014
0.064503096
0.8522222
0.39636636
0.7482731
0.38197055
0.082707256
0.70541257
0.87751955
0.09778525
0.72787094
0.83786273
0.06674941
0.7782886
0.04590285
0.06005286
0.3879955
0.2676904
0.6587559
0.61237097
0.5265622
0.5216511
0.7723109
0.3866533
0.60227346
0.05574044
0.71425533
0.33419323
0.35426295
0.0644356
0.055751506
0.5176402
0.36729455
0.49787772
0.055594824
0.7941968
0.6585134
0.05605567
0.8190876
0.058306452
0.36104423
0.8429939
0.080827355
0.06178819
0.77379096
0.8621817
0.36403677
0.5589036
0.64887905
0.057528123
0.35628927
0.9075764
0.40678838
0.35416597
0.08913009
0.05662218
0.39654857
0.36907452
0.35230446
0.74855846
0.8085167
0.7171689
0.08782016
0.35375792
0.74442756
0.08016047
0.048960987
0.7862572
0.07259733
0.80801034
0.91416603
0.91059256
0.8152841
0.057356227
0.0690387
0.7315116
0.912977
0.7902412
0.8657961
0.5962707
0.38992265
0.9525577
0.053920288
0.8607592
0.7318977
0.07146577
0.15558359
0.06260404
0.06819755
0.7175134
0.7415805
0.7672181
0.07254525
0.8733579
0.048716135
0.6459271
0.057794105
0.78720343
0.877934
0.8255415
0.8372416
0.8514316
0.054027516
0.39709288
0.06481302
0.72600454
0.74936104
0.44357204
0.0623078
0.9033271
0.83610535
0.6986739
0.08365191
0.8838521
0.093303226
0.84313923
0.85684633
0.873186
0.06676891
0.3675858
0.80115455
0.07121055
0.043868102
0.07282068
0.8552495
0.08938681
0.58398014
0.7959467
0.70126027
0.06504793
0.08084599
0.6042303
0.8778843
0.06538878
0.8560578
0.4552772
0.057170503
0.08274789
0.18462142
0.05986352
0.74961495
0.35367212
0.13719219
0.7774749
0.8143851
0.09651718
0.075168446
0.7802636
0.08813737
0.6690363
0.0611239
0.08869233
0.09164764
0.07215063
0.8142881
0.07411718
0.053705707
0.85826755
0.07930002
0.087565936
0.4492632
0.52101046
0.069542944
0.07600155
0.34339797
0.3662424
0.780676
0.7757518
0.79113626
0.07052058
0.717809
0.06798139
0.83671105
0.09576925
0.9241633
0.81033105
0.89013666
0.7701916
0.06427544
0.07125115
0.33590737
0.675915
0.4015654
0.6946828
0.31289932
0.70055056
0.37451407
0.68667144
0.71369594
0.36494106
0.71161455
0.83045584
0.88740456
0.5178532
0.8439841
0.050060917
0.056255985
0.8403287
0.11416989
0.08600351
0.08033069
0.08584921
0.75455475
0.8256958
0.9120711
0.9023567
0.06144823
0.904473
0.07715006
0.110243306
0.06642371
0.70844907
0.054010507
0.06733308
0.35540742
0.8339669
0.056197915
0.3929725
0.056288075
0.069508925
0.067300685
0.06287572
0.06918791
0.8725161
0.06169941
0.9136117
0.043858264
0.3643263
0.06517308
0.8662667
0.6854372
0.07461255
0.05653033
0.87188274
0.81132436
0.06831807
0.06666659
0.06571612
0.34342298
0.7000803
0.8507595
0.10857094
0.78696704
0.68175465
0.82510775
0.05283664
0.8848857
0.068180665
0.08560945
0.5304829
0.6619099
0.05400924
0.37402233
0.8621194
0.070029676
0.07917729
0.05817537
0.10414599
0.88141835
0.78778756
0.057031635
0.27915385
0.8848291
0.058206648
0.46816266
0.8150957
0.069338106
0.033359405
0.8842356
0.05309867
0.06774741
0.8267966
0.35949925
0.8872286
0.06700419
0.06283791
0.053976532
0.18355623
0.066080056
0.78964174
0.41516036
0.058535755
0.39833698
0.85913926
0.6995433
0.825639
0.46077338
0.095516294
0.059855983
0.767826
0.074790366
0.37238583
0.07068103
0.3584188
0.858185
0.36378756
0.14207837
0.8627629
0.34008855
0.11698746
0.58131546
0.7682491
0.8162697
0.0830274
0.7548086
0.057095677
0.38628858
0.61093813
0.79772043
0.0623061
0.5122283
0.7318198
0.058158416
0.066234834
0.8887252
0.06640984
0.8286067
0.056652274
0.7107793
0.31456313
0.08481839
0.74815583
0.06091828
0.05916039
0.4552942
0.9051916
0.06234452
0.09092206
0.92214566
0.6326106
0.7326138
0.81233317
0.5305065
0.7683149
0.5859154
0.06239383
0.86055374
0.066358715
0.39905736
0.05235939
0.09048383
0.72197616
0.05820508
0.6644745
0.44879898
0.072540596
0.06408717
0.0514806
0.063345514
0.74269986
0.0954936
0.8177747
0.055338014
0.36314172
0.5840662
0.7875351
0.78551924
0.8688521
0.10821019
0.776772
0.05375941
0.089628525
0.056970228
0.1642126
0.06537185
0.6137366
0.3989037
0.39261252
0.055035785
0.5420108
0.85482013
0.83407205
0.8252866
0.8079355
0.79842913
0.73823977
0.83108205
0.7806793
0.07152749
0.54592735
0.63902617
0.0516397
0.5586829
0.8439879
0.07167752
0.8386552
0.059333432
0.590565
0.87983876
0.85363084
0.62866193
0.65874046
0.7559366
0.04290493
0.056363903
0.05754754
0.063026905
0.24516715
0.05186863
0.05654997
0.82382154
0.88038725
0.8422279
0.3641966
0.35911354
0.044785377
0.3577942
0.39282697
0.42125046
0.06386116
0.7583979
0.044765476
0.73565733
0.04947857
0.6053041
0.8600956
0.8705343
0.75289595
0.07508582
0.5566679
0.106186286
0.63448304
0.06250651
0.09343453
0.065581344
0.35161805
0.9055162
0.055062253
0.07697666
0.48828873
0.8889113
0.63871336
0.056502488
0.8194954
0.666137
0.7581945
0.07253367
0.06484491
0.7407866
0.13792449
0.06270029
0.39074793
0.5005854
0.5932519
0.3658159
0.078906655
0.83039606
0.5626082
0.05285521
0.5182515
0.34347445
0.03734476
0.07611189
0.84049
0.7251953
0.046406284
0.058648482
0.08511074
0.8929471
0.1196823
0.6727104
0.32238454
0.5886657
0.05154201
0.076124996
0.849325
0.8712015
0.8241689
0.76317966
0.45951146
0.8683903
0.057719294
0.073612496
0.0467346
0.6815823