0.5578122
0.99999
0.42305523
0.5659231
0.42379802
0.0080496995
0.020247756
0.99998915
0.42390874
0.5681044
7.166824e-05
0.020798977
0.0048491177
0.4246826
0.99964416
0.00097310974
0.00018394095
0.987956
0.006896578
0.5313973
0.86888164
0.0024480287
0.42356938
0.013003257
0.0022899245
0.0021170962
0.52858275
0.9393374
0.42374855
0.99940753
0.010912019
0.4237988
0.84889823
0.42284837
0.42293194
0.41976386
0.5432708
0.96577793
0.9999505
0.9999492
0.000919057
0.42738014
0.0048593907
0.4217615
0.0064295195
0.0025329588
0.55931854
0.9850242
0.0046281475
0.9983005
0.988552
0.014315551
0.99922967
0.9992586
0.53339595
0.00010285201
0.5647235
0.0016159528
0.0027762463
0.0013283873
0.58732116
0.9986785
0.56852806
0.4237049
0.882709
0.7876843
0.5850476
0.0014713065
0.9383939
0.5797876
0.99869674
0.0027170687
0.99238634
0.37785202
0.0068143113
0.018296622
0.008895953
0.5773725
0.42385036
0.42042354
0.0012461084
0.009620341
0.4220777
0.9972101
0.9998116
0.01502454
0.5766966
0.9994734
0.996693
0.9975727
0.017209558
0.007949906
0.9994831
0.9973201
0.0015522972
0.00023656036
0.999572
0.9084086
0.9997727
0.99979526
0.42386213
0.4236975
0.0046235234
0.0041349283
0.4212385
0.009126064
0.009740418
0.94890064
0.9987437
0.9999883
0.0039899675
0.42315024
0.999897
0.0005923996
0.42269343
0.0024976342
0.0021555054
0.0061232313
0.99889994
0.7084225
0.9968004
0.9999238
0.0010554966
0.9999976
0.0033876654
0.99996746
0.0010209049
0.0006121685
0.0014571145
0.9528727
0.99953604
0.98832744
0.0003163639
0.99750805
0.0050058602
0.005636395
0.41463706
0.99998164
0.42380816
0.0058118706
0.9999993
0.0033875126
0.977661
0.0033897527
0.99787927
0.0006769835
0.01122176
0.40737978
7.519197e-05
0.008251384
0.9998754
0.9678537
0.42052722
0.002686332
0.009935321
0.41932335
0.99995625
0.007394501
0.0024978633
0.97433543
0.9998117
0.99975914
0.56309104
0.99928635
0.99922514
0.0033399912
0.59549886
0.5386209
0.00039034573
0.0025022083
0.006568305
0.42318588
0.00076469925
0.45952693
0.002578801
0.00476473
0.0010375121
0.9999908
0.0020438635
0.0020824159
0.41349754
0.00846825
0.02187268
0.99995613
0.94604814
0.99881196
0.42174327
0.42367673
0.0009704881
0.98713905
0.014259235
0.9994167
0.9999523
0.9990031
0.00088159856
0.00056096015
0.42370886
0.99883467
0.0048984117
0.011809052
0.00077900745
0.9975349
0.9998975
0.99996555
0.99960965
0.99998784
0.0009593236
0.9999596
0.0070352773
0.00016080227
0.42178658
0.42258194
0.99991786
0.0011389885
0.4236768
0.42366412
0.0010792182
0.3966674
0.0039451406
0.0049607996
0.008013536
0.9999281
0.0008298869
0.0066498257
0.002862236
0.9977538
0.99052376
0.012640883
0.4224123
0.0067621465
0.99694234
0.42370594
0.41103578
0.4235188
0.52736187
0.4232071
0.9999578
0.99995947
0.00028879306
0.005745924
0.0011613375
0.005304204
0.99985826
0.98654723
0.9728021
0.0043090787
0.42187297
2.1930577e-05
0.42222875
0.42866793
0.99997926
0.005407767
0.9677201
3.6758916e-05
0.0030418483
0.0010959463
0.99239385
0.9970374
0.99992347
0.9999635
0.9995104
0.004645853
0.99994636
0.9991554
0.39355728
0.0062420317
0.0045035244
0.0009598223
0.7489947
0.99985385
0.4233315
0.5393641
0.0009269764
0.004432974
0.94434625
0.424546
0.3902695
0.009417922
0.99970335
0.98037994
0.9999329
0.9999808
0.0034798754
0.0069460673
0.99984753
0.9999448
0.4202676
0.9993869
0.016099226
0.4238617
0.65500855
0.999861
0.54849845
0.0029576835
0.9993643
0.0035228324
0.7114766
0.99840623
0.00015714965
0.9937331
0.42209202
0.0036461828
0.70094883
0.99893206
0.99999166
0.0023337156
0.57617235
0.0008219523
0.99991035
0.0027853267
0.0022470527
0.59020257
0.99980813
0.9956397
0.9995629
0.0014213333
0.008636221
0.0016571743
0.99927455
0.0032684808
0.0026071798
0.00077259156
0.009609979
0.0033920908
0.9999198
0.5493345
0.0045968364
0.007774233
0.42369977
0.98107225
0.73500776
0.0043556006
0.99825484
0.9999788
0.44916108
0.42262158
0.9999752
0.9998344
0.004654646
0.0064122006
0.0058296905
0.0033436853
0.9997553
0.42134428
0.99991107
0.58879787
0.6300113
0.9919302
0.9999765
0.99644417
0.9861855
0.0106631955
0.9997894
0.4150628
0.9877263
0.004657574
0.0012100247
0.56370467
0.99997616
0.5904946
0.016967246
0.96467364
0.00017229468
0.0018126485
0.0033070869
0.42144474
0.9618075
0.0011864468
0.006850616
0.42368454
0.4055617
0.0046373825
0.99991727
0.0064311093
0.005839468
0.0005659952
0.99911255
0.8928771
0.0021222795
0.001249369
0.99871886
0.8713247
0.96503454
0.020272152
0.001464255
0.9505321
0.99947864
0.41014665
0.0034463955
0.9996137
0.5812634
0.0020528485
0.002631684
0.020581283
0.4234721
0.9994331
0.9947515
0.0066651953
0.0121859675
0.0016066793
0.008350648
0.95679146
0.9987877
0.4164123
0.5300639
0.42355797
0.99975115
0.9983569
0.9992212
0.4230087
0.97138155
0.42406577
0.9495999
0.99995744
0.009236193
0.008981603
0.9539013
0.0059418464
0.9999784
0.00094808824
0.005886036
0.42139322
0.0012726214
0.0009091153
0.9961708
0.9999789
0.99990594
0.42302626
0.0071115973
0.0038767275
0.0021474918
0.9902912
0.42302722
0.40638947
0.0019134587
0.006274768
0.99995816
0.5376723
0.8027734
0.420524
0.012341638
0.0003714166
0.008963224
0.9981001
0.9999685
0.0017205945
0.9991134
0.99941206
0.42412093
0.99987245
0.99467367
0.42340726
0.94919944
0.0018695742
0.60068774
0.0034361666
0.998982
0.95872754
0.009103919
0.0032121255
0.9956346
0.9999244
0.019352762
0.97936434
0.0030495394
0.99997294
0.9997336
0.51592845
0.01773002
0.0052976264
0.42379674
0.010790103
0.99987316
0.5918903
0.0028667005
0.9905069
0.9896488
1.5165291e-05
0.99987423
0.009083291
0.00033075854
0.4215422
0.4211902
0.9981171
0.0016963014
0.00016820084
0.0017617875
0.99988735
0.99965954
0.42222032
0.48103634
0.6495303
0.9999529
0.99733114
0.42205086
0.41993946
0.9999496
0.0001889635
0.0006541883
0.5211864
0.42128906
0.99982136
0.0012280652
0.015600905
0.9721531
0.9991732
0.005181104
0.4203252
0.009034488
0.68960875
0.00079320854
0.88748485
0.0030274016
0.999798
0.4233267
0.42330995
0.5818641
0.0922043
0.01410373
0.007029713
0.63173515
0.56788594
0.0013727627
0.9990158
0.9999932
0.87293524
0.4227454
0.018463258
0.98257345
0.003629037
0.9999732
0.42089772
0.0004195901
0.41351858
0.009057909
0.008008602
0.0030557055
0.42342246
0.0003939166
0.56467146
0.41729447
0.9999237
0.42368984
0.98507166
0.4228986
0.0022216951
0.023465466
0.0014278819
0.0012330227
0.9998565
0.0065546357
0.0010080318
0.4144061
0.99917847
0.9998921
0.42379567
0.0026906878
1.7413022e-07
0.0035718493
0.99966955
0.013114573
0.99994624
0.42038143
0.42187
0.99990666
0.0056205
0.91775626
0.99996674
0.002196352
0.97633207
0.9901806
0.003421146
0.5477037
0.004026947
0.99951696
0.99879813
0.9999417
0.9799442
0.99422497
0.005324921
0.012171798
0.02003118
0.0033744
0.001752893
0.9999684
0.5317816
0.012967664
0.84791595
0.00056888897
0.9999745
0.0023965382
0.002465878
0.0006276219
0.49157652
0.55868024
0.0046792924
0.001472784
0.0025774634
0.9988158
0.0016044611
0.99963915
0.99996746
0.9906963
0.0007996248
0.9902021
0.020089692
0.38593897
0.42342576
0.0019898203
0.57664794
0.0014882123
0.8600557
0.0014833276
0.9980229
0.73656493
0.0017569988
0.00083380373
0.0026240603
0.9980673
0.99659014
0.99910754
0.38522676
0.00058513356
0.8753746
0.42365167
0.99994886
0.0057604266
0.9595319
0.79012984
0.42379317
0.0036104512
0.42214662
0.9927638
0.9997061
0.0063039614
0.9999951
0.9990133
0.0041547283
0.013926717
0.0068731485
0.9996722
0.0044025513
0.9744872
0.999795
0.0036112801
0.009445707
0.01480409
0.0006969051
0.558818
0.98317575
0.99883765
0.9879209
0.42576545
0.7363466
0.00023217978
0.99951017
0.9975515
0.999943
0.004322512
0.012267902
0.4226101
0.0016564785
0.9998778
0.46565866
0.0036778117
0.99707127
0.0049012154
0.00521271
0.99806255
0.41267815
0.53167313
0.9998652
0.0041398713
0.9504603
0.9734355
0.9994869
0.41397357
0.008649393
0.9994424
0.995688
0.67560184
0.0034123508
0.8889595
0.99961853
0.9872097
0.9999424
0.9981775
0.9997342
0.9968066
0.0031387797
0.0027074006
0.97452873
0.0040642465
0.00022102006
0.0004550649
0.0029441742
0.01966158
0.0033724734
0.9994068
0.60394853
0.4003513
0.55481225
0.99992836
0.005077553
0.0025229622
0.99990344
0.0060604196
0.99958795
0.9999161
0.5708951
0.4751885
0.99763715
0.00198386
0.0011650017
0.99997497
0.4226096
0.007018914
0.9972197
0.0057781776
0.42292345
0.0010620928
0.013546032
0.7600033
0.009698341
0.0031979217
0.0038255013
0.004758141
0.4233423
0.0027461734
0.010128834
0.9884416
0.99947995
0.41982603
0.0036488585
0.99625635
0.0014582304
0.011791826
0.9994779
0.58401316
0.0023772924
0.5395442
0.4236675
0.9969753
0.004667676
1.0
0.4094274
0.007345649
0.4215322
0.00012200845
0.42371723
0.0015337573
0.0102130985
0.0058745714
0.95651937
0.43043813
0.0050931233
0.9972101
0.0029067972
0.0049107107
0.41964567
0.0071231886
0.99439186
0.5744005
0.95591956
0.004599709
0.00049518794
0.00057406706
0.97607523
0.002005095
0.998694
0.0032326905
0.0012320917
0.59148306
0.01043772
0.0078241285
0.99879503
0.999979
0.41302025
0.99959475
0.002525231
0.0006567063
0.98915064
0.5129577
0.993922
0.012477126
0.9998745
0.9998259
0.539029
0.99998987
0.0030630892
0.99997425
0.9794093
0.999481
0.00067225896
0.00073888083
0.0014936528
0.41959304
0.0036742403
0.9999423
0.016422346
0.99996424
0.4210767
0.8752479
0.9998852
0.005294253
0.020242276
0.022368502
0.5565843
0.9966903
0.9916789
0.99996233
0.60529107
0.53088915
0.82490796
0.019427195
0.40013948
0.84400475
0.770752
0.0006938917
0.9992349
0.99981934
0.9999944
0.9996679
0.015879998
0.0013302751
0.99382955
0.9999858
0.0033075176
0.461232
0.4239464
0.99992275
0.011080506
0.006096756
0.9997702
0.9893951
0.50534755
0.9961506
0.99358
0.005906697
0.004225606
0.0010699282
0.99998534
0.9999888
0.42214265
0.9999329
0.54484487
0.99965084
0.99998164
0.9937034
0.006237566
0.015167893
0.9986964
0.0011103215
0.0025187705
0.0048893993
0.9944502
0.02403485
0.002842549
0.0065680253
0.42620912
0.99984956
0.42372322
0.9217131
0.001466288
0.578821
0.0057530114
0.41494694
0.02081723
0.04773961
0.0034790605
0.0033657085
0.54276735
0.42375106
0.97559774
0.0040045227
0.9921705
0.42265993
0.0011219591
0.00030328584
0.40283805
0.561336
0.42359206
0.55097485
0.0016036525
0.42201975
0.0033295439
0.62240326
0.42321777
0.41401818
0.4238695
0.42232284
0.9999374
0.001290123
0.99971133
0.9954731
0.9692975
0.9415299
0.0040367525
0.99989533
0.9999143
0.7895403
0.0037189957
0.9993025
0.42375275
0.9997397
0.35491168
0.0031584275
0.54524916
0.99947685
0.42375687
0.9998274
0.0014016638
0.0005969205
0.00032154442
0.40409422
0.999967
0.5567927
0.423346
0.5970085
0.9981002
0.0013620917
0.99996173
0.99988115
0.9964127
0.9962936
0.9601777
0.42366922
0.0035981762
0.9997068
0.4238195
0.9993055
0.42017642
0.9999496
0.55279565
0.89547294
0.99991775
0.0008745918
0.5724206
0.9999746
0.0122513585
0.9994715
0.006020762
0.0019059968
0.0013190052
0.006120202
0.42376947
0.00026050067
0.56937397
0.5393003
0.9997898
0.0039424095
0.8725218
0.55852807
0.0027665088
0.007501058
0.99965763
0.99972886
0.39448485
0.9286069
0.9997526
0.9981622
0.0033077863
0.99971825
0.0013068096
0.99892825
0.00023571697
0.0011341388
0.4217083
0.99851197
0.005389843
0.99999654
0.4204418
0.9983797
0.42375496
0.0019063716
0.9320374
0.99969304
0.0016926297
0.9999889
0.99928206
0.006199312
0.9750728
0.00042074884
0.0028089602
0.42274976
0.41142675
0.6717156
0.4198536
0.5817694
0.5414815
0.98276687
0.42318884
0.58788824
0.018061308
0.9887912
0.41871783
0.4237358
0.0033767666
0.002556952
0.99999964
0.4237196
0.537164
0.005534923
0.9973277
0.41896176
0.0026563534
0.9990416
0.004544103
0.42380205
0.9843194
0.0014050215
0.012071509
0.99499726
0.99962044
0.42378214
0.42183578
0.60648954
0.012459588
0.4237793
0.9999633
0.42062742
0.42277834
0.0062975152
0.0033726015
0.4208341
0.42371225
0.414256
0.98363644
0.9998871
0.9884094
0.0035872397
0.42380148
0.9940415
0.0050920607
0.00038761616
0.7141661
0.0025925795
0.999321
0.99997663
0.9999478
0.9998772
0.0101159
0.0015090593
0.9828644
0.99991035
0.9991953
0.9976285
0.56785136
0.422276
0.9992021
8.9780304e-05
0.99931574
0.9999968
0.0004733537
0.0032191426
0.008113442
0.0071222754
0.99811375
0.9867166
0.98509765
0.0010131265
0.99997544
0.0007711323
0.5712485
0.0025641348
0.9982685
0.99934036
0.9846987
0.9997831
0.99955064
0.03402467
0.42144403
0.00360633
0.997303
0.9084119
0.43410817
0.003309074
0.99997926
0.9999323
0.6037076
0.0050397515
0.9998499
0.001658538
0.9991653
0.9948672
0.99975914
0.0023250466
0.42364496
0.99893826
0.004033753
0.0003590969
0.020397836
0.99950767
0.0068840417
0.5319613
0.9968035
0.6617289
0.0008976027
0.00059185305
0.97646946
0.9999367
0.0057330974
0.99973863
0.5367895
0.002467536
0.009723814
0.0005171854
0.0016419534
0.9998654
0.42243186
0.0031423671
0.96536094
0.990324
0.012684008
0.000593638
0.99868673
0.030166747
0.9603026
0.0028658202
0.0027385107
0.006278542
0.0015295874
0.9672788
0.005382497
0.009810799
0.99847096
0.014109997
0.0029257454
0.5447938
0.3630789
0.002128182
0.0005758898
0.42218754
0.42380944
0.9983962
0.9951852
0.99995923
0.0019965095
0.91521937
0.00533196
0.99791306
0.0006275624
0.9999689
0.99860436
0.99954957
0.99553776
0.0026173163
0.0023157387
0.42370635
0.952167
0.42370072
0.5923177
0.31047073
0.40370637
0.4238155
0.79327345
0.53998554
0.4247503
0.9543539
0.89204675
0.9999603
0.5494519
0.9995807
0.0012727603
0.006074939
0.969261
0.0022378424
0.0025628812
0.0007061838
0.005917461
0.81264234
0.9843305
0.9999528
0.99887806
0.0020433324
0.99998724
0.0007337679
0.0011031239
0.00047245706
0.9067931
0.0013653724
0.001824315
0.42374814
0.995999
0.005995912
0.42337686
0.0013330239
0.018939639
0.002740612
0.0053225504
0.0010520983
0.9992343
0.0017758792
0.9973145
0.00026716423
0.4237384
0.0008557364
0.9976507
0.51932186
0.005200731
0.00047671987
0.99995196
0.99066883
0.00818405
0.007213711
0.019635173
0.400062
0.95007485
0.99996936
0.0020410363
0.9999795
0.8085605
0.9994677
0.004001922
0.9998996
0.009575761
0.0031396272
0.4361431
0.9996743
0.0025682782
0.42365953
0.9957852
0.0054648565
0.00058387587
0.0013444524
0.009666309
0.9998222
0.9992353
0.0014376068
0.42406848
0.9999769
0.0015039637
0.52443284
0.998362
0.0033850523
0.0002048625
0.9998801
0.0034078392
0.004110966
0.9988709
0.4238202
0.99997306
0.0022777836
0.0065090936
0.001304944
4.5172397e-05
0.004136945
0.9989685
0.40321413
0.00290023
0.42367965
0.9996407
0.6445189
0.9917635
0.5307383
0.0008482153
0.0036916095
0.9998128
0.006202712
0.4238242
0.0012135712
0.4234802
0.9994591
0.42379284
9.487787e-08
0.9999317
0.4235225
0.0031213376
0.42572984
0.99356407
0.9897091
0.0072817043
0.9916311
0.0084356265
0.4214937
0.5581322
0.9997595
0.0086183995
0.5814337
0.9960247
0.015786946
0.013514197
0.9998155
0.0011407646
0.99994504
0.0021003366
0.9121944
0.39749914
0.0058046174
0.9947797
9.150988e-05
0.007466839
0.5308409
0.99959487
0.0043610404
0.0022630803
0.9999316
0.5689328
0.9998098
0.99954164
0.5445671
0.99568
0.57233614
0.0015462554
0.99966204
0.0022103325
0.42281452
0.0014337758
0.0048545557
0.9999863
0.00636808
0.99839836
0.5657115
0.004173816
0.0029350633
0.00091461104
0.0018174147
0.99735343
0.0022403065
0.9998103
0.003775566
0.42376786
0.5606519
0.9989115
0.9982888
0.982173
0.009983552
0.9730057
0.00081490655
0.003417162
0.0026165668
0.0012710794
0.006123112
0.99821824
0.42214543
0.42385358
0.010039812
0.42771563
0.9981925
0.99974936
0.99794716
0.9985991
0.99972755
0.8305236
0.98234934
0.99900657
0.0037105759
0.7867276
0.5899377
0.013706982
0.5738094
0.9996543
0.0071980935
0.99677557
0.0018440051
0.55803233
0.99996614
0.9999435
0.5965108
0.58614725
0.99985075
0.012208339
0.0022883138
0.0009484374
0.0006334462
0.4116184
0.012345656
0.015875885
0.9999436
0.9884863
0.91984195
0.42385334
0.4234239
0.00020772219
0.42373893
0.42351094
0.48367146
0.005864329
0.9941338
0.00024211555
0.9993345
0.0045971684
0.41693595
0.99995685
0.99898034
0.59643775
0.004769791
0.9916502
0.010462854
0.74968916
0.021424565
0.0051474385
0.0062083346
0.42330003
0.99970067
0.011549763
0.0013350835
0.5555367
0.99994946
0.58098614
0.0071708984
0.99740344
0.9348951
0.99999917
0.006972615
0.0029081795
0.99978167
0.00828691
0.0024214343
0.42361605
0.52895683
0.5484175
0.42250752
0.0060742768
0.9997904
0.5326669
0.0020326278
0.5543069
0.42369857
0.0005187031
0.021193307
0.9998559
0.99253064
0.0005857141
0.001993644
0.0074962173
0.984781
0.00073871604
0.9911521
0.40367356
0.5939105
0.001262805
0.0017293436
0.99986255
0.9999025
0.99929976
0.62672335
0.408341
0.9998087
0.0013235789
0.001006798
0.0022416925
0.98375016