0.56950754
0.998752
0.39895445
0.5873652
0.39918286
0.0015964517
0.0015346989
0.9990459
0.40166023
0.8548732
0.011004792
0.0009281036
0.0036179915
0.38919044
0.9989189
0.011982983
0.0010008495
0.80031383
0.001026906
0.44102025
0.7218924
0.002903057
0.39786154
0.003081128
0.002551893
0.0025036393
0.4396076
0.9333153
0.39703554
0.9821134
0.0017086099
0.3994499
0.53256696
0.39050055
0.39491218
0.39429417
0.5496672
0.9230979
0.99438983
0.99820614
0.00068726274
0.4173046
0.001793581
0.3994075
0.004207645
0.0057961787
0.61098385
0.91801155
0.0031899833
0.99103546
0.95431876
0.003412427
0.9854071
0.9957919
0.537946
0.0008307667
0.5968779
0.008387224
0.006185177
0.0025290546
0.7240903
0.98698413
0.6503054
0.39913553
0.9767487
0.77899384
0.68762505
0.012125777
0.9334414
0.59312135
0.989551
0.0008895543
0.97267884
0.24038754
0.0066698096
0.0016791455
0.003706228
0.62681025
0.40254796
0.39150578
0.0034610084
0.0011851303
0.39661887
0.9929432
0.9914647
0.0021775123
0.61916554
0.9226682
0.9939137
0.98269665
0.0011325463
0.0014702057
0.99424237
0.9660384
0.01117175
0.00429229
0.9941063
0.93375134
0.99581724
0.99385625
0.40109852
0.3999976
0.0026075481
0.003268619
0.3960336
0.002623832
0.0010368347
0.8912909
0.99579525
0.9924385
0.0013278105
0.4002592
0.9878613
0.0035152764
0.4062348
0.0045976355
0.0018003826
0.003329272
0.9925033
0.84731174
0.94254297
0.9949647
0.002720539
0.9951374
0.0031133147
0.9983651
0.0008667305
0.0041353307
0.005225814
0.9701294
0.9659014
0.97773737
0.0011448299
0.9658473
0.0021378717
0.0026708904
0.2430918
0.99154145
0.40262854
0.003819092
0.99443024
0.0025492192
0.8655864
0.0051960605
0.97467494
0.007347969
0.002031138
0.35147044
0.10378592
0.0014005597
0.99547195
0.9672893
0.39644814
0.003185441
0.0023108216
0.3914983
0.99779236
0.0039579575
0.0030705726
0.9884626
0.99543923
0.98799706
0.4498359
0.88082874
0.99606943
0.0030703624
0.72049034
0.5444983
0.0021857189
0.0087064365
0.0027989072
0.3904679
0.0017481011
0.5804762
0.0020190687
0.0054368973
0.0009179167
0.9978582
0.01115659
0.0026253772
0.32774603
0.0037587602
0.0011717315
0.99813867
0.9319357
0.9939361
0.39798144
0.40054438
0.005472437
0.9611798
0.001416939
0.9941943
0.9963265
0.98081094
0.0012266705
0.011058145
0.40004677
0.99126786
0.00117177
0.0021478462
0.0031501453
0.966566
0.9964334
0.9840476
0.991527
0.9983467
0.0005199802
0.99503005
0.001812243
0.0008801469
0.3902933
0.39735344
0.99838984
0.031008294
0.40323013
0.39930403
0.001403082
0.14877996
0.0034298305
0.004265633
0.03289604
0.9989988
0.009591883
0.0027069757
0.004596712
0.98074555
0.9815309
0.0031663326
0.40085578
0.0042689885
0.98876333
0.4014233
0.37025592
0.39735788
0.53963625
0.39031243
0.99433523
0.993911
0.0086446395
0.00086829864
0.0033340934
0.0011253324
0.995906
0.9731319
0.9718739
0.00465051
0.39635882
0.003786445
0.395419
0.40769327
0.9956422
0.0023112404
0.9599261
0.14935389
0.0021566842
0.0022967479
0.96048135
0.9074252
0.98825806
0.9947916
0.9965061
0.0018801981
0.99842656
0.9928686
0.79465276
0.0036419965
0.001245374
0.013699719
0.7865216
0.9973137
0.3966947
0.30482495
0.0056904084
0.0020067932
0.98913074
0.40417475
0.33437693
0.0018413432
0.9953507
0.9423581
0.99946314
0.99651945
0.008379395
0.0020043813
0.9863382
0.9818595
0.39323494
0.9958561
0.0023546617
0.39663148
0.6236251
0.99678266
0.55897754
0.0019142758
0.99270767
0.002189421
0.772418
0.9969699
0.0035701138
0.9671554
0.40313524
0.0031290937
0.61825496
0.99072623
0.99670523
0.004513294
0.63184935
0.0008958499
0.9879313
0.005580801
0.0034870792
0.8137388
0.9906109
0.9843523
0.99149406
0.002134824
0.0070618256
0.0056239576
0.9658499
0.004998031
0.002950543
0.020403227
0.001989541
0.0009317775
0.9982522
0.54372513
0.0031273628
0.017921817
0.39974976
0.9513669
0.8895176
0.0017476035
0.9503977
0.9969637
0.6253811
0.399855
0.99795794
0.99721694
0.0014171326
0.0014059873
0.0012449335
0.0059267357
0.9928417
0.35822764
0.9949333
0.7256346
0.7359536
0.98040456
0.9986958
0.98453367
0.97310793
0.0018662652
0.9918248
0.35681438
0.94127977
0.004175301
0.006781579
0.6383866
0.9988662
0.6423619
0.0009073655
0.941741
0.057952363
0.010235812
0.0030885378
0.39535132
0.9816788
0.0004244911
0.005681754
0.40145394
0.39524475
0.003826439
0.9961894
0.0036669248
0.004065131
0.0010257292
0.992808
0.8821773
0.0070413486
0.004676127
0.98557174
0.9791559
0.864485
0.0042844876
0.001464331
0.92048013
0.9772537
0.34712082
0.0051610726
0.9946274
0.7050202
0.0069873724
0.0038376064
0.046728887
0.40003777
0.99034774
0.99068636
0.002066528
0.001475038
0.00067705486
0.0029736694
0.912476
0.9895182
0.3504897
0.37993872
0.39609972
0.9932882
0.93448603
0.98672616
0.39713627
0.9873066
0.38990778
0.9451388
0.9987458
0.002458192
0.001332956
0.9196552
0.0022359586
0.9903825
0.0025686056
0.005956832
0.39845666
0.008715527
0.0023094148
0.99474925
0.9991898
0.9967097
0.38412333
0.0013393116
0.002145401
0.0006826307
0.9283867
0.3910264
0.10936377
0.0050967974
0.0013045942
0.9934285
0.5539624
0.9544102
0.3928027
0.0022374294
0.0010752513
0.0015417477
0.9953081
0.9953302
0.010975959
0.9600214
0.9342249
0.403556
0.99427795
0.99529904
0.39081138
0.9024035
0.0017031067
0.6080836
0.006217211
0.9791287
0.8427468
0.0023021784
0.003024644
0.87365836
0.9989016
0.0019322286
0.9101204
0.005652421
0.99859315
0.99134856
0.36780715
0.0025041134
0.0014291777
0.40088403
0.0012571028
0.9846623
0.64675695
0.0058540525
0.9617042
0.9079283
0.001976121
0.9954365
0.0009088404
0.0029880689
0.39681643
0.40071362
0.99575055
0.0049938094
0.025026761
0.0020555416
0.99517953
0.96834
0.4020091
0.5372176
0.81782335
0.99552697
0.99680233
0.3922488
0.39559183
0.9979183
0.0027922182
0.0059619416
0.5543482
0.3989322
0.99758136
0.0079000825
0.0019636538
0.9629008
0.99596894
0.0030658452
0.4030195
0.0027638634
0.6765326
0.0014450853
0.85770035
0.0014073845
0.9974832
0.40063754
0.3966482
0.6517001
0.009893382
0.0020716004
0.0035709296
0.6292733
0.51143014
0.013659693
0.9848803
0.9975248
0.91851383
0.39433894
0.0029705807
0.94369984
0.007360528
0.98416036
0.4036228
0.01772185
0.3790725
0.0043514976
0.0041002682
0.00033043488
0.39278236
0.0023274967
0.6052863
0.3965565
0.9977877
0.39744216
0.98044467
0.39854714
0.0012746333
0.0024803185
0.01401392
0.017978327
0.99165195
0.0052439235
0.004545035
0.40028256
0.9926583
0.99899703
0.40308243
0.004076864
0.009313338
0.0015618905
0.9963069
0.0018169779
0.9989316
0.40263644
0.39597103
0.9899289
0.0006512757
0.8772649
0.9928589
0.004988699
0.9740251
0.9421109
0.0014720487
0.55758214
0.0024337776
0.9925736
0.97067136
0.9950033
0.9036092
0.9821584
0.0034183266
0.0019789971
0.0024618485
0.0019855544
0.0007232198
0.975194
0.68084925
0.0029352366
0.6499572
0.0019033201
0.9980416
0.010124408
0.0041628703
0.01908231
0.54132074
0.58868873
0.0006148589
0.006734637
0.007953784
0.9288796
0.005661293
0.9906341
0.985641
0.8985073
0.011604804
0.90462965
0.0019919446
0.3980973
0.3971055
0.0042150975
0.645841
0.0040747984
0.5797207
0.008061255
0.98022777
0.42657375
0.005847867
0.0026458811
0.0070338184
0.9872088
0.98567384
0.9873295
0.36637792
0.0036612777
0.87164974
0.40816128
0.9974612
0.0019977924
0.97945225
0.741342
0.40033165
0.0041172
0.39899063
0.99730766
0.9969457
0.13639718
0.9993591
0.9972926
0.00051284954
0.0025352233
0.0010644626
0.9854774
0.0074452497
0.9619916
0.98646355
0.0037936121
0.0033908077
0.0030856438
0.0017518789
0.66338426
0.937634
0.99571264
0.98584414
0.4001987
0.7012562
0.016089765
0.9931023
0.92369914
0.998558
0.0063983346
0.00084743695
0.39643577
0.004137061
0.99848974
0.7897327
0.0032628994
0.97153205
0.00427985
0.0049016364
0.9818217
0.36573824
0.5531252
0.9861004
0.0018075343
0.9446106
0.98932564
0.99214447
0.36444375
0.0064001386
0.9957184
0.86333007
0.6899016
0.014360662
0.75068915
0.9892301
0.9554799
0.9957557
0.9911083
0.9825879
0.9844242
0.012912004
0.0045788256
0.9161882
0.0020917999
0.010375621
0.0055303345
0.0025261983
0.0015935836
0.004208624
0.98987716
0.35541192
0.39396763
0.58567786
0.99765164
0.0038961417
0.010825513
0.99782807
0.0011210259
0.9971209
0.996897
0.5941816
0.40443078
0.98578393
0.0039437828
0.013225167
0.99641895
0.3986267
0.0020776284
0.9978301
0.0027560662
0.6076146
0.0014465861
0.0013614887
0.739401
0.0019745587
0.003401429
0.002030046
0.0027848498
0.4019835
0.0025406047
0.0041702385
0.9597082
0.9920874
0.39283887
0.0021753418
0.9706477
0.002928302
0.00201801
0.9940223
0.65511644
0.0051783808
0.54301745
0.3966419
0.9922044
0.0011470552
0.99820495
0.1460473
0.0030524111
0.3987633
0.009632024
0.40397018
0.005708537
0.0016306357
0.0020587544
0.946926
0.3949783
0.002090598
0.99081844
0.0055865333
0.0038310238
0.39736128
0.0017289632
0.9811384
0.65726656
0.62856
0.003164908
0.021220617
0.0032173896
0.975112
0.003741149
0.9911588
0.0018587622
0.013956386
0.62092507
0.002121839
0.0036576095
0.9890218
0.9853172
0.38516366
0.9952486
0.0012906343
0.005702416
0.9902076
0.62661606
0.8961872
0.0023722313
0.9948094
0.9907794
0.44172534
0.9984463
0.0038211134
0.99851257
0.8168705
0.995673
0.0061944635
0.07630331
0.0015458071
0.35213643
0.004494587
0.9800693
0.0014234857
0.996521
0.39666647
0.91786224
0.9946571
0.002467172
0.0020457152
0.0015359013
0.80398107
0.91175735
0.9596511
0.9994842
0.7475365
0.61241317
0.90422136
0.0026203776
0.40242058
0.9816108
0.82369107
0.0022440315
0.9836909
0.9867618
0.9971998
0.9978811
0.0042094034
0.0034383964
0.9861087
0.9971859
0.00131124
0.5731972
0.3997125
0.9922254
0.0031813723
0.010582759
0.99875546
0.9860352
0.3717761
0.9932724
0.99264824
0.002512755
0.001797681
0.030907974
0.9973314
0.99674976
0.40677428
0.9932312
0.6256174
0.99836975
0.9994023
0.99704605
0.003319934
0.04525132
0.99135524
0.0046688817
0.008872617
0.0012834106
0.8711197
0.0026267548
0.0055793407
0.0024597521
0.40291038
0.9910381
0.39837122
0.915732
0.0042570764
0.63673276
0.0017204807
0.35384563
0.41833332
0.002184412
0.0031969657
0.004269637
0.43320614
0.40253064
0.9120423
0.0057193004
0.9737519
0.39952132
0.0030144423
0.0020378646
0.24349977
0.632234
0.3985764
0.60668975
0.003324753
0.3956422
0.0034678616
0.6315996
0.4001955
0.21346405
0.4022561
0.39870262
0.99636096
0.0076141595
0.99536765
0.9665081
0.9542737
0.94536537
0.001593891
0.9691357
0.99909985
0.34971577
0.0024819379
0.9923482
0.40003896
0.9488355
0.37778595
0.003246337
0.5565231
0.9892412
0.40071136
0.9952744
0.0018140208
0.010733026
0.001338031
0.1623331
0.9936392
0.6082254
0.40038607
0.6771825
0.90732735
0.0027500128
0.9960796
0.99780554
0.9147046
0.9646676
0.930284
0.40360865
0.003416722
0.99694985
0.40236977
0.9939282
0.40108433
0.9943868
0.58741134
0.7192786
0.9987191
0.023582287
0.6294795
0.9851776
0.0020693226
0.99635834
0.0015377627
0.006165777
0.0065971585
0.0016003089
0.4006883
0.0053924387
0.6164016
0.51137894
0.9956293
0.003735988
0.88398504
0.76429373
0.003189765
0.003607886
0.99616724
0.9773033
0.35854745
0.915984
0.9929491
0.9960497
0.0064477725
0.9883676
0.0038862799
0.9963827
0.0053983624
0.009250503
0.39952695
0.9809451
0.003562189
0.9992206
0.3912901
0.9942327
0.39898902
0.006381357
0.8451867
0.99184835
0.0021062144
0.9997873
0.9971859
0.004123222
0.934844
0.005260281
0.0033946743
0.39285514
0.3529346
0.8525827
0.41314453
0.57432014
0.56359076
0.9190752
0.4008504
0.6518895
0.0010051908
0.9537471
0.3984068
0.4015335
0.0028032213
0.0022989253
0.98941153
0.4008042
0.5219362
0.0017193133
0.9737932
0.3861665
0.0015476658
0.9906921
0.002963457
0.4003442
0.9743012
0.007140071
0.0017091817
0.97610664
0.9967638
0.39957815
0.19780956
0.6348638
0.002417674
0.39927962
0.9957853
0.39079714
0.3991839
0.00288309
0.007708136
0.39428535
0.40315568
0.3941176
0.9093215
0.9986589
0.9683497
0.0042458186
0.40264124
0.9807562
0.007058085
0.00071765314
0.85431415
0.005382867
0.9942926
0.9984205
0.9985695
0.99892586
0.0020793444
0.010117028
0.9145572
0.9958353
0.98942155
0.956403
0.6668896
0.3988984
0.98440903
0.0016422496
0.98293996
0.9884906
0.004279206
0.0066483296
0.00076206005
0.0024819355
0.8851127
0.9929745
0.94304174
0.007847271
0.99421895
0.0042737075
0.6303505
0.002485508
0.9924183
0.9899525
0.9908386
0.9950884
0.98439276
0.0028556106
0.39533687
0.0041423943
0.9664264
0.9593625
0.4917695
0.0037369395
0.99899596
0.99591184
0.66556114
0.0023215185
0.9967237
0.0005156622
0.90290505
0.9789975
0.99088717
0.00665291
0.39678642
0.9840598
0.008040392
0.0046387385
0.0018662536
0.99326867
0.00075652334
0.6037049
0.9946938
0.9356633
0.0018954914
0.0019832132
0.978362
0.993679
0.0021425183
0.99692
0.42023322
0.0038774477
0.010837842
0.1016832
0.0029865054
0.99817157
0.39435843
0.0013443296
0.88962156
0.9851075
0.0032588542
0.0037699207
0.99319434
0.017596796
0.84779084
0.0023763427
0.0042144954
0.012799608
0.008973479
0.950936
0.0018143721
0.0014524588
0.9893974
0.004453749
0.0018654019
0.6451294
0.12862842
0.00055570976
0.003311439
0.40343052
0.40197557
0.9932308
0.9509312
0.9936492
0.0011661069
0.68395203
0.003863874
0.98240787
0.02578112
0.9930126
0.9919739
0.99219793
0.9537784
0.0027712514
0.0020732295
0.40046299
0.86723435
0.39959717
0.65934885
0.25509116
0.49858108
0.39979777
0.9434463
0.48341954
0.4009934
0.96159935
0.89059466
0.99700975
0.5884749
0.98799676
0.0021785444
0.0018606811
0.9540727
0.0018255545
0.0038031265
0.0024350525
0.0011949525
0.66661006
0.9580037
0.9986873
0.983678
0.005523222
0.99838054
0.0013147902
0.002459164
0.0048995507
0.90804356
0.0013231044
0.0057099746
0.398909
0.97923195
0.0014147189
0.40075648
0.0048282347
0.0034648934
0.008072095
0.0030827455
0.006854108
0.99347705
0.0062037143
0.9972524
0.009913399
0.40232614
0.0015595343
0.9909842
0.27112246
0.002574529
0.0030451035
0.99807775
0.97032815
0.0030699668
0.002572135
0.0027103915
0.39926636
0.8765205
0.9883336
0.006252297
0.99957174
0.9266275
0.9984092
0.0026103782
0.9902102
0.0022190297
0.007412217
0.46967953
0.99430907
0.001519119
0.39411047
0.9906393
0.0033604235
0.002668095
0.0061895107
0.0016560835
0.9844179
0.99489874
0.0038917142
0.37216952
0.99290437
0.0033679148
0.44404507
0.98968315
0.006205934
0.005152227
0.99063617
0.00807397
0.001423094
0.9903701
0.40036434
0.9955388
0.0044761375
0.0055134976
0.005141962
0.009409505
0.02672583
0.9942878
0.3867605
0.0024229554
0.39294976
0.97817194
0.7878292
0.94027925
0.5602805
0.02042716
0.0024869046
0.99185586
0.004836453
0.4008395
0.0010829087
0.39466602
0.9724223
0.40243122
0.09015423
0.99439776
0.3999094
0.0019111653
0.43592674
0.97986436
0.94202435
0.0023456663
0.964464
0.001750545
0.39784697
0.4070515
0.9963569
0.001846576
0.6277834
0.94209564
0.0012369974
0.001927429
0.99432963
0.011839713
0.99530965
0.0028271044
0.90542716
0.40336603
0.0033845985
0.975548
0.0015404344
0.0018799647
0.40221998
0.99314135
0.0027059345
0.006973437
0.99851173
0.59431773
0.9940713
0.9938984
0.58901334
0.9574724
0.5907497
0.0063811005
0.99462813
0.004576264
0.389366
0.0030060217
0.015063456
0.9981591
0.001766468
0.96563864
0.63590574
0.0035706619
0.004555934
0.0035143693
0.002959056
0.99290884
0.0054111993
0.9897119
0.0023313288
0.4015801
0.60016084
0.8958576
0.98792565
0.97809714
0.0014996327
0.98609716
0.0020611698
0.0026755354
0.000969183
0.017701749
0.0034744479
0.995093
0.39722735
0.4018076
0.0012616725
0.33242464
0.9917217
0.9979913
0.97873473
0.98550504
0.90279037
0.8803634
0.8789712
0.9976126
0.001365868
0.96535116
0.69882405
0.00076092506
0.40961027
0.98909175
0.0026906442
0.9839618
0.004065511
0.6371638
0.98977077
0.99591607
0.63706267
0.6547948
0.9962948
0.0020396682
0.0040962687
0.006255587
0.0144804735
0.3471886
0.007867546
0.0012138353
0.99646795
0.95686775
0.9463234
0.4017917
0.3982975
0.0014252152
0.40259945
0.3979877
0.38804543
0.002194258
0.97684616
0.004970469
0.98485804
0.0015347069
0.17787392
0.99814606
0.9855084
0.62687385
0.0012138665
0.7163432
0.0015062304
0.92266226
0.0017856497
0.0038921968
0.0030874955
0.39756405
0.990155
0.0012904665
0.00089330133
0.62804896
0.99592566
0.6693028
0.0015411187
0.98410666
0.86087525
0.9989298
0.0031042562
0.0019615877
0.97939485
0.0054550017
0.0041463086
0.39959887
0.42735532
0.52420723
0.39577076
0.0015848367
0.9951013
0.5294464
0.0044772276
0.6180611
0.40015066
0.005827389
0.0021354468
0.99024117
0.94727993
0.004298853
0.003818105
0.001329389
0.97560173
0.028675485
0.9683765
0.37322265
0.6231335
0.003615905
0.002674813
0.97855353
0.99816626
0.99568367
0.68304753
0.28974694
0.9944026
0.0060594142
0.005243043
0.003978321
0.9582316