0.5289773
0.9999604
0.44491363
0.5353902
0.44451886
0.0024720212
0.003264227
0.9999199
0.4505173
0.7719913
0.0073448424
0.0037101528
0.0007756031
0.45711544
0.9991412
0.0011267988
0.0014451685
0.9941282
0.0024487379
0.51545477
0.8939784
0.00083867676
0.4459932
0.0016837198
0.0010519024
0.0050524683
0.4998767
0.9540932
0.44824523
0.9954266
0.0014217123
0.44579348
0.51045793
0.44831938
0.44384798
0.44979474
0.5206852
0.99489826
0.99975723
0.9994611
0.0007430472
0.4945622
0.0027487213
0.44593224
0.0011316502
0.0014651086
0.5405517
0.95297533
0.00091685477
0.9993586
0.9996258
0.0018082192
0.9995937
0.9981262
0.50527215
0.00086153497
0.5564536
0.00037766906
0.00134508
0.0012827439
0.5266803
0.9987746
0.52428037
0.44447488
0.89859444
0.81081337
0.53245866
0.0068826657
0.87965864
0.538393
0.99951935
0.00084098865
0.9698052
0.5064829
0.00322031
0.0020784866
0.0011348656
0.5382464
0.44451803
0.45032278
0.0010979014
0.0038559383
0.4454419
0.997022
0.9992555
0.0038151336
0.5512493
0.9999987
0.99959725
0.99255145
0.0023310527
0.0010446392
0.9988538
0.9867578
0.003320412
0.0039645084
0.99932206
0.8882679
0.99951303
0.99962556
0.4448654
0.44492835
0.0008718224
0.0005888428
0.44608638
0.0024931713
0.004087608
0.93331164
0.9984767
0.9996538
0.001975823
0.44503963
0.99587655
0.0009706963
0.4468651
0.0030109675
0.0005472174
0.024599439
0.99938047
0.7993185
0.99999774
0.99964225
0.003124161
0.999928
0.0013197459
0.9998908
0.0008306294
0.0018404173
0.00046649686
0.97701323
0.9960592
0.9863687
0.00082013133
0.9978669
0.004964124
0.0019345694
0.82804227
0.9992461
0.44439012
0.002745411
0.9997274
0.00044909533
0.9229013
0.0007983449
0.9936208
0.0029776772
0.0018945662
0.41620746
0.00090521795
0.003245083
0.99731207
0.91296387
0.4470189
0.0027139632
0.00077780173
0.45262575
0.9995701
0.00069203594
0.0006639583
0.99997926
0.99979144
0.99944144
0.7829909
0.9863577
0.99760157
0.00084730214
0.5459016
0.5348669
0.00022840365
0.0004342435
0.0011612186
0.44542977
0.0047408463
0.49606493
0.0007500105
0.004471977
0.000894694
0.9999993
0.0032983455
0.0012612939
0.8221422
0.000675867
0.009586747
0.99943644
0.9310424
0.99348915
0.44611683
0.44707182
0.0018992879
0.95575565
0.0016601849
0.99908423
0.9998165
0.9882896
0.0037048021
0.0009799051
0.44528994
0.9969008
0.0028056577
0.0018501634
0.00244389
0.99954504
0.9992607
0.99486405
0.9990534
0.9996809
0.0014334851
0.9997805
0.0032814182
0.0007996084
0.44534314
0.4496223
0.99791604
0.0036704927
0.44443733
0.445867
0.00071747095
0.37874562
0.0014591257
0.0026904792
0.004498668
0.9999716
0.0017424669
0.0040828236
0.0009322544
0.99725074
0.9647372
0.0007282721
0.44698748
0.00081201183
0.9958497
0.45007288
0.44258046
0.4450954
0.52538145
0.4462239
0.9997434
0.999949
0.002136029
0.0028197342
0.0020448384
0.0035532129
0.9998272
0.9502659
0.93778944
0.00087816454
0.4493711
0.5042512
0.44648755
0.4445611
0.9990777
0.0037379179
0.9158
0.035259075
0.0008244955
0.0009129133
0.9923226
0.97788644
0.99927396
0.99955934
0.99789196
0.003784758
0.9994035
0.99940324
0.5405459
0.002151119
0.0028947294
0.0005840687
0.44174486
0.9992918
0.45121095
0.56312025
0.0019320641
0.0018430497
0.96726334
0.50222677
0.4184186
0.0011858321
0.99905175
0.97621346
0.9992874
0.9998647
0.0019396851
0.0006454887
0.9986926
0.99572444
0.4517152
0.99751735
0.001461528
0.44489098
0.8743394
0.9997954
0.5405157
0.0013145386
0.99181783
0.0012705118
0.54761463
0.9938443
0.004411236
0.9750953
0.44501355
0.0012477541
0.4797709
0.9966793
0.99999976
0.009453478
0.5408959
0.0043188054
0.9998658
0.0009168478
0.00065011537
0.6163542
0.99933165
0.99815816
0.9996666
0.0006416065
0.0025973816
0.0029074412
0.99761
0.00044185712
0.0021821724
0.00083630503
0.002093933
0.0021484494
0.999793
0.5256464
0.004921327
0.008971185
0.44487324
0.9879203
0.9038859
0.0036930724
0.9889698
0.9995814
0.841028
0.44541872
0.9999554
0.9958182
0.0018311737
0.003833864
0.0027692874
0.0008739458
0.999411
0.403287
0.99975747
0.39389476
0.4590728
0.9580129
0.99861157
0.99846554
0.92419106
0.0018644212
0.9992611
0.42557195
0.9778414
0.0035602094
0.00076707674
0.53611916
0.9998091
0.56664187
0.0014934862
0.9615955
0.004668374
0.00067258225
0.0041001397
0.44706777
0.97674507
0.00046703525
0.00055495073
0.44447026
0.44386256
0.0009904419
0.9999672
0.001923257
0.000656208
0.003168793
0.9992021
0.8030955
0.00066163595
0.0019594093
0.99846494
0.9999652
0.9141718
0.0032578523
0.015486735
0.9574326
0.99988484
0.40720007
0.00055307854
0.9996921
0.5396737
0.0013890027
0.0007267683
0.004319355
0.4448048
0.9994991
0.9907823
0.0012194918
0.0010070009
0.0014474859
0.0025379583
0.8561154
0.99900335
0.36940044
0.51691264
0.45773426
0.99871373
0.99938345
0.9983878
0.4451742
0.9920874
0.4457515
0.98654747
0.99950004
0.0013136762
0.0035303445
0.9683119
0.0012345192
0.99994886
0.00074321654
0.0016055737
0.44624168
0.00079489965
0.0007296643
0.9985985
0.9999316
0.99978024
0.4100971
0.00068103516
0.0016065899
0.0010082364
0.8987325
0.44525775
0.2522301
0.0024250308
0.0019527291
0.9998344
0.51841795
0.9410008
0.447414
0.0010739154
0.0011154112
0.0018182391
0.9980336
0.9998605
0.0019524763
0.99919873
0.99804026
0.44456536
0.9997764
0.99083436
0.44435987
0.97069496
0.0014855723
0.52282196
0.001157273
0.99931955
0.9980258
0.0012287602
0.0010617363
0.9985852
0.99972457
0.0011160892
0.95376647
0.0014964951
0.99940455
0.9992673
0.38667846
0.000875519
0.0033072378
0.44467977
0.0032635662
0.9995714
0.52853674
0.0006087442
0.998009
0.9935632
0.0010249814
0.9998068
0.0016291568
0.0011610305
0.44642505
0.44532305
0.98506397
0.001310363
0.00041478715
0.00084862154
0.9997918
0.99735093
0.44514558
0.5059715
0.80660295
0.99916494
0.98999524
0.44542402
0.44763795
0.99999464
0.001049658
0.0006453456
0.5077854
0.45380598
0.9996358
0.0020663687
0.001183517
0.9909787
0.999595
0.002644154
0.4456312
0.00093529176
0.82006466
0.0011078133
0.8822004
0.00070324255
0.9999354
0.44459897
0.44832242
0.54060006
0.0058357487
0.002201462
0.00183638
0.6016402
0.35335737
0.0033103973
0.9994481
0.99996436
0.965629
0.45124644
0.0012000375
0.9701062
0.005454042
0.9959275
0.4537587
0.0057491483
0.40043855
0.0006508382
0.0006113004
0.004095351
0.44600427
0.000782309
0.52074575
0.44655257
0.99968195
0.44490764
0.9862156
0.45057297
0.0033419935
0.0015103293
0.0020475793
0.0010602974
0.9995511
0.0019240609
0.0011387733
0.44484997
0.9973124
0.9999976
0.44444746
0.001208738
0.013905307
0.0056821583
0.99838865
0.0011869164
0.9998053
0.48866072
0.4461273
0.99936
0.0019687563
0.9835882
0.99876654
0.0005528079
0.98770976
0.89071673
0.0040114913
0.52024573
0.001123732
0.9999989
0.8982267
0.9998759
0.9875903
0.99554706
0.0007922292
0.0008804871
0.0060588573
0.0012319837
0.002000221
0.99999964
0.41000354
0.0024745457
0.66916895
0.0010962496
0.999879
0.0013394309
0.0003378789
0.006854329
0.53192353
0.53523695
0.0028537293
0.0020065086
0.0010629481
0.999918
0.000719195
0.99963915
0.9998528
0.9939575
0.00064366416
0.9982735
0.001772362
0.4454784
0.4455103
0.0006025927
0.54310733
0.0016304952
0.49629438
0.00069598755
0.9871164
0.38905025
0.00038713645
0.0011690018
0.00054677005
0.9947402
0.9993462
0.9974692
0.42424822
0.0021689867
0.8370611
0.5036263
0.99889
0.0026213375
0.94461966
0.7117296
0.4445148
0.000709011
0.4455366
0.9999521
0.9992094
0.00887742
0.9999436
0.99855274
0.0034569828
0.0025053308
0.0021724044
0.9991035
0.0035813968
0.8525445
0.9991014
0.0017857797
0.00094030175
0.0014679282
0.002721873
0.5574353
0.98381585
0.9956281
0.98381835
0.45300037
0.64580536
0.0006694717
0.9952748
0.9970764
0.9998802
0.000740945
0.00229383
0.44921684
0.0015365522
0.9997178
0.5290881
0.0021527184
0.9950991
0.0010624719
0.00051446893
0.99479276
0.4351242
0.5213393
0.99911183
0.0009288242
0.9586483
0.9998534
0.9998406
0.31159914
0.0007096755
0.9995128
0.9582443
0.5500375
0.002494615
0.9124079
0.9994553
0.9822266
0.9998857
0.9979881
0.99645114
0.997334
0.0040029427
0.00043412388
0.93360925
0.0031238254
0.0036676358
0.004668447
0.0030989335
0.002341304
0.0017566761
0.9982936
0.3927156
0.4440739
0.5321823
0.99886775
0.0049664876
0.00044124157
0.9995584
0.0009268669
0.9993316
0.99964345
0.54459065
0.50445116
0.9987987
0.00049313897
0.0012797907
0.9997274
0.44675216
0.0027025575
0.99960274
0.0010744239
0.4521314
0.00089303154
0.0023350748
0.63420445
0.0013334582
0.00042153065
0.001807918
0.0012781766
0.44704214
0.0004308098
0.0019631407
0.9851053
0.9994253
0.45045137
0.0025806194
0.99623126
0.00062715006
0.0015763794
0.99950933
0.53618807
0.0009764759
0.52589744
0.44521815
0.9943403
0.0013967933
1.0
0.34075475
0.0023145326
0.4462725
0.002479624
0.44695744
0.0016800561
0.0020180687
0.0015859825
0.9627145
0.5118252
0.0007487679
0.9972447
0.0006462233
0.0027016131
0.4507833
0.0016101189
0.99723023
0.5272619
0.6949057
0.0005014371
0.0054287477
0.0016483644
0.81495035
0.0010950784
0.99734265
0.0029978368
0.02190377
0.54754853
0.0010654797
0.00058501004
0.9981816
0.9999317
0.44416788
0.99920195
0.0056944294
0.0017138076
0.98824906
0.089718856
0.87398094
0.0012073099
0.9995235
0.9994779
0.5364188
0.9998956
0.0018783173
0.9995865
0.9481352
0.99895656
0.0006079386
0.0014810354
0.0012140532
0.39193788
0.00055687415
0.9992093
0.0013767941
0.99996006
0.44526097
0.84703845
0.99956936
0.0009579066
0.0033490907
0.0028487216
0.5292188
0.99652207
0.99947137
0.99989736
0.5358549
0.71634316
0.87790954
0.0017667961
0.44555262
0.99256176
0.7723263
0.0042785886
0.99858606
0.99914074
0.9998087
0.99923813
0.0021641902
0.002631943
0.9931329
0.99998844
0.004018005
0.48027402
0.44482765
0.99985933
0.0009464884
0.001562772
0.9996724
0.99779105
0.36726445
0.9514378
0.9693019
0.0010299815
0.00047096246
0.16046792
0.9999492
0.9999589
0.4417712
0.9999448
0.5051653
0.9995005
0.999757
0.9815735
0.002389169
0.017093128
0.99630713
0.0035533838
0.0030591995
0.0013752438
0.9577758
0.0011087792
0.0011805389
0.00092683197
0.44759515
0.99986696
0.44480422
0.99608225
0.003431451
0.5329096
0.0020935275
0.4127003
5.041136e-06
0.001910806
0.001635097
0.00075452036
0.45888853
0.4443797
0.85217726
0.0005845254
0.9979096
0.44512478
0.0068047307
0.011400327
0.34395313
0.5411219
0.44154155
0.30521923
0.0017754844
0.44565842
0.0020327177
0.5820231
0.44490418
0.5085959
0.44765848
0.44874185
0.9999995
0.0008321167
0.9989458
0.99538356
0.9535513
0.9547665
0.0007832883
0.99986136
0.99979955
0.2219107
0.0013940278
0.998629
0.2873725
0.9999608
0.2717824
0.000966525
0.5144362
0.99976045
0.44472927
0.9993462
0.0009215263
0.0020432295
0.003352666
0.39603615
0.9999472
0.5121771
0.452129
0.6616272
0.9981797
0.0016938951
0.9991054
0.99932826
0.99074346
0.9992519
0.99604505
0.44432825
0.00057592575
0.9991335
0.44487756
0.9945839
0.446846
0.99968517
0.54952234
0.98360693
0.99994576
0.020139117
0.51858836
0.9997254
0.0015247856
0.99942505
0.0022958892
0.00064345624
0.0037181196
0.0031304075
0.44451702
0.0032035797
0.55799603
0.52081096
0.9991565
0.0012276284
0.87124026
0.77288985
0.0020376958
0.0006674261
0.99924695
0.98964965
0.44410643
0.9352865
0.9997384
0.99926096
0.00056235574
0.99945134
0.0033609853
0.99947184
0.00058663066
0.00058731146
0.44643822
0.99511635
0.000728293
0.99987996
0.44596097
0.99451065
0.44466513
0.0013691911
0.678589
0.9991603
0.00042674853
0.9999658
0.9977906
0.00071875204
0.91574043
0.001322378
0.0010121115
0.4444977
0.4176617
0.8162937
0.37908274
0.54633147
0.48758277
0.9734461
0.44584957
0.5461381
0.0030863185
0.98917913
0.44419554
0.4459246
0.0016592962
0.0009427192
0.9997249
0.4445186
0.5336656
0.0021402247
0.99773395
0.6995058
0.0010993519
0.9992047
0.0010112032
0.44454303
0.91216296
0.0004820817
0.0010818766
0.9971566
0.9991042
0.44463074
0.4092526
0.5694659
0.0013499736
0.44478068
0.99985087
0.44507572
0.44713792
0.0014426269
0.0025213582
0.44594675
0.44472077
0.445526
0.98304224
0.9990607
0.99019897
0.009976904
0.4446577
0.99486697
0.0009181026
0.0008457518
0.59126234
0.00056828145
0.99876815
0.9998684
0.99974614
0.99952805
0.0010834173
0.00085841626
0.7395446
0.9992932
0.99869895
0.98866487
0.54934293
0.44568002
0.9999988
0.000529476
0.99919075
0.9984432
0.000992885
0.0026321684
0.0014540941
0.0015779014
0.9961033
0.99692327
0.98890775
0.0020851784
0.9994562
0.0016694654
0.5249029
0.0006752689
0.99912125
0.9979011
0.9896293
0.99953926
0.988399
0.005305057
0.44593823
0.0009069148
0.99824464
0.7904649
0.5677903
0.00063248555
0.9999927
0.999938
0.5544833
0.0017853471
0.9998099
0.0008522076
0.9979609
0.98959166
0.9990994
0.00060854066
0.44507065
0.9926925
0.0030014121
0.0032621874
0.0016051113
0.99887806
0.0018574313
0.15161861
0.99354833
0.92773116
0.002860126
0.001815344
0.999951
0.9973183
0.00075271813
0.99907434
0.50434566
0.00064992334
0.0019031261
0.08091579
0.002297045
0.999808
0.44513017
0.002636478
0.9651649
0.9854042
0.0016885776
0.0057152077
0.9983714
0.0023641437
0.9674261
0.00063750375
0.0009097643
0.002632171
0.0008294355
0.9959934
0.0038632408
0.00209315
0.99467975
0.0023815394
0.004162612
0.7913986
0.40647444
0.0012920733
0.0012200624
0.44613686
0.44452837
0.99784946
0.9963238
0.9977004
0.0011589786
0.5859923
0.0012042302
0.9983342
0.0042405543
0.99947554
0.9979594
0.9988458
0.99136
0.0007390826
0.00077388255
0.44478512
0.9819633
0.4483788
0.47742635
0.96826774
0.49113354
0.4444942
0.9555147
0.81428367
0.4450798
0.81591195
0.8311464
0.999928
0.5089529
0.9843912
0.0020837013
0.0036284593
0.9814538
0.0045504402
0.0017660973
0.00092415
0.0010131289
0.5955899
0.9923723
0.99997115
0.959983
0.0014243345
0.99996054
0.001488347
0.0005431434
0.0011035422
0.97724813
0.002219038
0.00052182423
0.44457528
0.99587435
0.0013828343
0.4445136
0.0017238393
0.0024249835
0.0005387705
0.0012757593
0.00059199886
0.99885917
0.0015345023
0.9912451
0.0018284302
0.44504344
0.0007998572
0.9942081
0.51508963
0.0006182887
0.0014251046
0.99985385
0.9914818
0.001146805
0.00061381346
0.0023475406
0.45218885
0.9362598
0.9999676
0.009072845
0.9999287
0.9348209
0.99836177
0.0010324667
0.9991911
0.00071148557
0.0036457288
0.5737714
0.9985291
0.0005006713
0.4504772
0.99725264
0.00049508526
0.0030464458
0.0009999832
0.0032404836
0.9994905
0.9985404
0.0015356943
0.44749323
0.99830437
0.0014838553
0.72017175
0.99959105
0.000723919
0.0018968811
0.9974757
0.0014870025
0.0015008585
0.9995859
0.4487148
0.9999105
0.0005812337
0.0013744517
0.002311698
0.076442234
0.005312011
0.9995129
0.4532565
0.00053108425
0.4492311
0.99904233
0.6010951
0.98838216
0.48016542
0.00092495687
0.0006820711
0.9995316
0.0013519272
0.44467646
0.0021085327
0.44467145
0.9986609
0.4443675
0.041128088
0.999863
0.44982803
0.0014760899
0.48147795
0.98515195
0.99089515
0.0026721302
0.98902714
0.0008386384
0.44615802
0.40770513
0.9962249
0.0009195304
0.5135754
0.9960497
0.0020998078
0.0041339877
0.9997825
0.0013145199
0.99993765
0.0028450503
0.91746175
0.44571444
0.0020344113
0.9916431
0.00058019813
0.0010546026
0.51833546
0.99175465
0.00079608563
0.0020771537
0.99786586
0.7393348
0.99662125
0.9989711
0.5094849
0.9911697
0.55412775
0.0016177031
0.9984237
0.00060139585
0.44472855
0.0034478335
0.0014729173
1.0
0.0009289392
0.993401
0.5246288
0.00038962654
0.0005260051
0.0014323682
0.0006882715
0.9979937
0.005066638
0.99859875
0.00093083613
0.44434586
0.53146267
0.9987942
0.9978199
0.9586725
0.0017421368
0.8626299
0.0025676312
0.00046675839
0.0014575709
0.0014080992
0.0054717106
0.9999944
0.44555584
0.44570184
0.0012588581
0.3402897
0.9971282
0.99944896
0.99647945
0.99790037
0.99598914
0.60492265
0.99265504
0.99906236
0.0017798624
0.99987113
0.5359286
0.0023607553
0.18812518
0.9995652
0.0018317238
0.9956006
0.0008232719
0.5217484
0.99986553
0.99984324
0.53122956
0.5437909
0.99960655
0.0071621514
0.0016747046
0.0024608371
0.0012032217
0.38178298
0.020125097
0.002940916
0.99903524
0.9915582
0.91914046
0.44646788
0.4451226
0.00083061866
0.4444653
0.4449162
0.4972177
0.0031521898
0.9546011
0.0020471106
0.9995321
0.0035077995
0.8105819
0.9996207
0.9951498
0.58106565
0.0018338793
0.97837514
0.0015860875
0.96549994
0.0017527686
0.0032660954
0.0011836073
0.44595453
0.99981445
0.0015331447
0.0016938476
0.503369
0.99982005
0.54725933
0.0017257615
0.99136984
0.8519372
1.0
0.0017206611
0.00377586
0.99993885
0.008975231
0.0014578882
0.45085484
0.52102494
0.5410426
0.44828442
0.0015304761
0.9995053
0.5547906
0.0016417829
0.51308244
0.44474968
0.0007971613
0.0014703275
0.9995461
0.99828595
0.0016983923
0.00041603536
0.0020616415
0.9353818
0.0060760826
0.9981053
0.42630053
0.55656725
0.0018747698
0.0014636709
0.9995871
0.9999553
0.99953127
0.5609473
0.4179053
0.99861014
0.0008089897
0.00021888515
0.002404875
0.99997044