0.49889833
0.9961355
0.45499614
0.8633706
0.43404964
0.014779824
0.025325403
0.9985636
0.44868416
0.5791161
0.087035574
0.015629945
0.011452488
0.4030737
0.99621433
0.008328651
0.008576188
0.97235394
0.008946901
0.49531826
0.86789805
0.009505648
0.46210968
0.074707046
0.010914716
0.020713313
0.49847248
0.9675021
0.44297436
0.99860674
0.019274423
0.44084656
0.6434637
0.4346423
0.45144382
0.43428522
0.50340945
0.933251
0.9996797
0.9964561
0.0037663511
0.46963337
0.017876128
0.4466945
0.022050267
0.012936647
0.5482372
0.96337265
0.007621986
0.9957295
0.9659561
0.053499192
0.95176315
0.97933817
0.49540362
0.013754166
0.50453067
0.028361741
0.04603011
0.0048528677
0.74040014
0.98473835
0.5899233
0.45440254
0.93816954
0.9157675
0.6191186
0.0126900105
0.90327466
0.5038164
0.9796727
0.003499462
0.98017645
0.6090109
0.09794329
0.021895533
0.030071987
0.5286268
0.44127625
0.42720753
0.010232649
0.018265259
0.4260226
0.99175185
0.9764954
0.03412743
0.6670364
0.8071112
0.9044293
0.82678056
0.014801782
0.006758903
0.98496604
0.9927383
0.057759997
0.008149231
0.97813547
0.8771643
0.9988343
0.9829418
0.45093066
0.43217626
0.015314398
0.010132368
0.43659422
0.014536112
0.030982194
0.924286
0.9715726
0.9723938
0.007922748
0.4452589
0.96700627
0.006134757
0.42642027
0.017699677
0.005104279
0.008665362
0.9900988
0.849384
0.9371131
0.99112964
0.0069046095
0.9989748
0.012995531
0.9882188
0.010122158
0.0045660445
0.007970511
0.9284507
0.96544194
0.95066404
0.007481193
0.98523104
0.022725036
0.013980357
0.69270194
0.99674773
0.4422728
0.027448004
0.9956132
0.006260216
0.97819453
0.012397753
0.8196452
0.006100976
0.019155731
0.35003608
0.12801807
0.059551653
0.99892235
0.94168943
0.43371794
0.0055066724
0.016052432
0.42879844
0.9990114
0.033052426
0.015240333
0.9371496
0.99427503
0.9960522
0.5566044
0.90991634
0.987571
0.00676876
0.73914534
0.49142683
0.018073652
0.022045933
0.010632574
0.4504805
0.011577024
0.48355675
0.008416618
0.028835466
0.010909308
0.9866872
0.029820215
0.007910831
0.55245185
0.036095742
0.016206946
0.99928707
0.9666324
0.9930387
0.44226232
0.46267486
0.0057932255
0.99953926
0.011482066
0.99841857
0.9968966
0.98159236
0.021030689
0.021264812
0.42228168
0.97574234
0.015275446
0.033296023
0.0069648605
0.9671419
0.98266727
0.97840387
0.98162866
0.99881685
0.011791487
0.9975746
0.013727605
0.005556152
0.41567427
0.45029327
0.9995524
0.20912926
0.4139378
0.45121613
0.012388335
0.53904927
0.007683291
0.03860796
0.028908346
0.9956695
0.04656244
0.025416125
0.015221337
0.98712224
0.9492625
0.020554556
0.4488649
0.033911455
0.9715056
0.44607577
0.6779269
0.43137047
0.48585385
0.3971754
0.97665805
0.9974498
0.008166485
0.013597134
0.004542117
0.009158084
0.9727858
0.9559729
0.81027746
0.009156994
0.44585165
0.112399146
0.42390472
0.57894516
0.9998522
0.016754055
0.9743558
0.07579194
0.013172719
0.0072299535
0.98079324
0.91496426
0.9616885
0.99575305
0.997566
0.048728943
0.9961677
0.9779563
0.50907594
0.021267567
0.017813599
0.013319394
0.8186646
0.9924856
0.43584952
0.41905904
0.0055813016
0.03538175
0.9375707
0.46715423
0.46537733
0.0063470304
0.9834678
0.9620014
0.9996081
0.9982621
0.0724957
0.009055846
0.97171503
0.970585
0.4269296
0.99774903
0.015954847
0.43589833
0.7771968
0.98858404
0.51589626
0.0105028385
0.95968986
0.009838353
0.931194
0.9833175
0.007679794
0.999297
0.42757174
0.008378314
0.9506138
0.9839835
0.99312687
0.0057432037
0.65559703
0.006888447
0.9981742
0.013159163
0.017185243
0.9676789
0.99696094
0.97359496
0.992529
0.0048397495
0.022404721
0.006047342
0.99572563
0.009664191
0.0143376645
0.009049139
0.017130965
0.007481909
0.9987679
0.4961004
0.009607827
0.018147489
0.42585874
0.9839108
0.8999653
0.035130717
0.9930187
0.9912025
0.7351938
0.4442106
0.9980118
0.9947936
0.006829949
0.022586301
0.012582425
0.009926291
0.9784832
0.3622412
0.9911163
0.9511325
0.48780778
0.99829715
0.9968405
0.98753965
0.9575939
0.033482596
0.98984176
0.3682372
0.9310089
0.012621146
0.013307386
0.5264951
0.9942093
0.784025
0.0039746608
0.9891384
0.08183215
0.017256616
0.009511212
0.42270267
0.9497859
0.011916471
0.05227413
0.41538185
0.45843387
0.009000379
0.9983405
0.01563195
0.021295343
0.0046443935
0.99215734
0.9172104
0.015696885
0.0071784244
0.99550927
0.8520792
0.96829605
0.009232267
0.02295038
0.96099114
0.9919401
0.35459924
0.021269325
0.99384516
0.52885485
0.026979793
0.012048393
0.036944177
0.44542137
0.9961408
0.96830106
0.007589478
0.020630818
0.01080598
0.022433931
0.9585607
0.98959154
0.33724028
0.48276958
0.39440057
0.99622405
0.9977487
0.99251914
0.43279797
0.97377056
0.46356165
0.99619365
0.9894477
0.031959306
0.023888947
0.9629585
0.023522004
0.9956735
0.014703641
0.08864891
0.44216138
0.0152334785
0.0071921675
0.996783
0.9998597
0.9928779
0.3704771
0.006528382
0.01746804
0.0061750025
0.9497472
0.43307585
0.59191054
0.007719812
0.017617654
0.99084926
0.5011557
0.92065805
0.42717925
0.031151153
0.0055227317
0.020971138
0.9755162
0.9924194
0.091937214
0.99377453
0.9905642
0.45071027
0.9870907
0.9290628
0.42357475
0.9183172
0.017695457
0.8230034
0.02351478
0.98553365
0.6846626
0.01027059
0.03241038
0.9916475
0.99648476
0.027223218
0.8852205
0.009029833
0.9971794
0.98725104
0.5780172
0.016351905
0.02704471
0.45570397
0.03744464
0.99704224
0.5269385
0.011448062
0.986316
0.89715815
0.012064198
0.993936
0.0048128353
0.004512962
0.43494943
0.45736718
0.9989901
0.008287894
0.028216835
0.006788376
0.996854
0.9585449
0.43505216
0.48666343
0.9835608
0.9935999
0.978775
0.4452134
0.4052444
0.97165346
0.008647023
0.008634426
0.48725742
0.43058014
0.9931578
0.034781836
0.012395279
0.9298257
0.9605278
0.01755909
0.4362003
0.021157756
0.76341635
0.002626038
0.9070822
0.021897536
0.9967886
0.44666165
0.45194474
0.5033145
0.055039365
0.03167709
0.019703189
0.5670649
0.7466074
0.18991646
0.9562881
0.9995977
0.90711826
0.4429627
0.02308838
0.9490941
0.014325318
0.9874507
0.44764706
0.073712006
0.37985682
0.013503135
0.03776383
0.032421857
0.4247915
0.013593552
0.50369525
0.43664044
0.9970968
0.44249043
0.99840635
0.44623423
0.01727835
0.027190434
0.01636904
0.018451376
0.98417133
0.10347456
0.020846277
0.4284423
0.9850529
0.9941573
0.44994354
0.008096992
0.23386504
0.016421415
0.9946514
0.020921715
0.9937866
0.45142117
0.43291345
0.9963701
0.007906229
0.91922486
0.9874094
0.008287435
0.95946467
0.9903606
0.010908835
0.49298158
0.01125145
0.99204904
0.9945682
0.9915903
0.9886778
0.9554913
0.017606847
0.010951
0.01934585
0.015642473
0.035718758
0.9768718
0.62607694
0.016352518
0.7941512
0.0038806575
0.99760324
0.05417951
0.007402191
0.04871839
0.52734923
0.50045323
0.014053429
0.018260332
0.018613407
0.98459077
0.012946418
0.9994854
0.9985915
0.9741822
0.005991378
0.87880063
0.016777465
0.3711478
0.44192678
0.018023657
0.5119837
0.003677775
0.6539977
0.015836246
0.9885311
0.7322016
0.0112534445
0.0042925957
0.015599345
0.9707363
0.9405408
0.98249716
0.33704865
0.030857453
0.9513084
0.47530234
0.9871149
0.01819409
0.9707162
0.9029632
0.42051378
0.0096436385
0.4415715
0.998792
0.97522324
0.15300368
0.99898344
0.9921216
0.0108208675
0.023452701
0.01662437
0.9821323
0.09216338
0.9383477
0.9866143
0.00909315
0.030660562
0.0048585264
0.0070481035
0.65969616
0.9744196
0.9858407
0.86498153
0.4382671
0.925205
0.009160455
0.9991478
0.7824765
0.9995921
0.012875573
0.0060254834
0.4367898
0.02611498
0.9897544
0.76216197
0.02149712
0.9867263
0.06493682
0.040627938
0.9948344
0.35213122
0.4976824
0.98080266
0.011255891
0.8777285
0.93342453
0.9388868
0.46614042
0.027873473
0.97768
0.9882487
0.8260935
0.019288057
0.94718677
0.9880183
0.9202616
0.9845308
0.9589351
0.9988626
0.9560005
0.036202814
0.01118132
0.9345824
0.026917506
0.03376117
0.0487664
0.035322957
0.022709593
0.017860971
0.98619604
0.7005193
0.45899445
0.5144057
0.9988589
0.0322924
0.051271178
0.98901004
0.006105914
0.9969727
0.99661535
0.69113004
0.47724184
0.9733686
0.0073340214
0.059339542
0.99823076
0.42391527
0.017426752
0.96355
0.020382568
0.48798501
0.005757145
0.013418441
0.96498734
0.04783469
0.0070248684
0.011847755
0.012098151
0.43644568
0.007831457
0.005409491
0.97804844
0.95029396
0.43298075
0.05898402
0.95525193
0.004537667
0.026429912
0.9957902
0.82903534
0.04061267
0.4990941
0.4299975
0.99133307
0.008560196
0.99611807
0.4546227
0.021390576
0.4434311
0.024979541
0.4404358
0.014073005
0.010553775
0.021892592
0.81378186
0.47909474
0.0063230293
0.9930207
0.011941194
0.04999152
0.42219442
0.009722946
0.98416823
0.54342705
0.74977523
0.007794047
0.014988839
0.004330036
0.9608956
0.0129395025
0.9797825
0.009083213
0.058772977
0.6154799
0.013385782
0.019835377
0.9585586
0.99887854
0.34805
0.9781171
0.042573843
0.0044746506
0.9888093
0.87468964
0.834535
0.024033474
0.9935861
0.9886339
0.5037497
0.9975152
0.013478607
0.9961868
0.9699336
0.9954686
0.0094183395
0.056521926
0.0072208648
0.32630134
0.009045847
0.99929285
0.011751289
0.9991943
0.40611708
0.90111583
0.9947018
0.01368476
0.02310452
0.017784245
0.80272084
0.9989711
0.9226876
0.99847704
0.8922891
0.47909936
0.9141721
0.023183072
0.41670862
0.7405973
0.94322836
0.027524795
0.96387666
0.8437436
0.9688072
0.9633241
0.042657178
0.0083481725
0.9056741
0.99813867
0.01124217
0.49539214
0.44998178
0.9942286
0.031004334
0.025773462
0.9864318
0.9795711
0.521204
0.9826246
0.9889964
0.020161228
0.006853949
0.13678452
0.99769825
0.99298555
0.4376567
0.99603695
0.54661644
0.9782267
0.99903035
0.9846666
0.014674145
0.016803378
0.9931947
0.013309758
0.009789726
0.014925001
0.557131
0.03327319
0.026241012
0.016951364
0.44434676
0.9973578
0.45312262
0.77175003
0.006774857
0.53442377
0.018047005
0.35059187
0.05109465
0.016448593
0.023852525
0.009845147
0.5700428
0.4438182
0.97525215
0.0184227
0.97988576
0.4463581
0.014370411
0.006344177
0.5429485
0.5111697
0.4543561
0.49411452
0.0063725743
0.4393774
0.06719363
0.61527413
0.44704148
0.44359943
0.4548802
0.42041433
0.99727964
0.011508089
0.990537
0.9795806
0.8829656
0.8880019
0.009676584
0.99399453
0.99499184
0.75608677
0.011592738
0.9890938
0.45549217
0.9891663
0.37086192
0.0081912335
0.4950161
0.9782537
0.43306512
0.9942303
0.004959235
0.006737257
0.011064415
0.45383677
0.9920941
0.54348844
0.4535399
0.5962217
0.9967204
0.009649862
0.99960464
0.9924062
0.8848125
0.9729138
0.9124974
0.45154652
0.017275015
0.9701918
0.43942568
0.99202853
0.4235375
0.9792327
0.63721055
0.5891532
0.99926513
0.05944206
0.6211288
0.98919463
0.025485717
0.9624479
0.014551167
0.009144957
0.022577608
0.02155027
0.42682633
0.0063799364
0.5041797
0.50312346
0.99459064
0.028362311
0.9034658
0.70327455
0.015504266
0.010408403
0.98783976
0.77892935
0.41341782
0.89653105
0.9912628
0.9705732
0.017831534
0.9980488
0.020437716
0.9972926
0.0068883686
0.009645096
0.44469187
0.9860742
0.020964507
0.9995054
0.4322852
0.95244104
0.43968612
0.017282456
0.92953426
0.9959705
0.016154192
0.9979609
0.92410314
0.018142112
0.95352876
0.0044805934
0.007715554
0.43234935
0.34102362
0.62320125
0.48127717
0.5441408
0.49812073
0.87399834
0.4375129
0.69497883
0.011696547
0.8942858
0.44420367
0.4301614
0.012968024
0.0060057305
0.7518277
0.4239821
0.4666272
0.014885002
0.9887088
0.43395442
0.005375655
0.9848077
0.0073256595
0.43654802
0.9509156
0.027534248
0.015280131
0.9642997
0.9926882
0.44857177
0.49632892
0.7495817
0.02857487
0.44871032
0.9962935
0.4358471
0.42121485
0.04200797
0.01236205
0.43832025
0.46332467
0.40735522
0.99302024
0.9939657
0.9518157
0.034118153
0.45346895
0.9942508
0.021520775
0.0026417233
0.91523814
0.012683729
0.95500195
0.9974623
0.99535674
0.99633825
0.010912204
0.013051588
0.9523833
0.9971011
0.9947403
0.962973
0.7141944
0.44458267
0.9634085
0.005634915
0.9946097
0.9942215
0.018765595
0.008424549
0.006128311
0.0336218
0.97668934
0.9266785
0.96326274
0.14828259
0.9910156
0.018856473
0.52698344
0.008469492
0.98083454
0.98136926
0.98078936
0.9974757
0.9948539
0.021378547
0.43625692
0.008161176
0.9770115
0.99394673
0.4825599
0.0092381
0.9957491
0.9977781
0.61660385
0.007249231
0.98453695
0.008625058
0.98243344
0.95685303
0.9927417
0.015315628
0.43404612
0.9975278
0.019791545
0.004704484
0.020299207
0.9850684
0.00453027
0.49286896
0.9793914
0.77866095
0.0039116656
0.061982688
0.89062583
0.9708166
0.012061294
0.99686337
0.50336456
0.010140525
0.05824607
0.2721665
0.005349212
0.98921657
0.4370588
0.008293374
0.9292198
0.9442746
0.07201257
0.022036565
0.9875378
0.03551166
0.98328453
0.0037627104
0.027487034
0.024599789
0.015041625
0.94632053
0.029881785
0.011650518
0.97308016
0.023831489
0.022702882
0.65990627
0.5465045
0.004419312
0.016252954
0.43065527
0.42730886
0.954675
0.76201063
0.9972849
0.016209021
0.8426886
0.068997376
0.94321215
0.019861113
0.9963014
0.988842
0.97308856
0.9895643
0.0067175017
0.005774218
0.43877897
0.9588105
0.43059507
0.9253583
0.39252287
0.6448648
0.4253945
0.92295337
0.46071932
0.4384921
0.97494656
0.9159794
0.989661
0.5006553
0.9971527
0.007214626
0.022437511
0.95079464
0.027400414
0.030086797
0.014706681
0.0045616277
0.87966317
0.8132077
0.9983941
0.9734144
0.010097496
0.9985196
0.0045432984
0.008599203
0.04911701
0.9599156
0.00832408
0.0081117
0.452213
0.9853489
0.0063765277
0.44905913
0.009102297
0.032651212
0.04422025
0.013158718
0.00885191
0.9643605
0.009749096
0.9949285
0.023439772
0.4383502
0.0073737786
0.9655358
0.6463678
0.007988992
0.0046936227
0.99619186
0.97339654
0.025485812
0.010869156
0.02514563
0.42798325
0.9204843
0.9987392
0.009797014
0.9927066
0.8942157
0.99040866
0.007448108
0.9834704
0.010540747
0.009360346
0.45256522
0.982263
0.0042043496
0.45849776
0.9787426
0.008376381
0.028704826
0.016163979
0.004882544
0.9858838
0.99860805
0.008442816
0.34829023
0.99698526
0.009701721
0.41285497
0.9739864
0.01742365
0.03694959
0.9969984
0.03024832
0.008653037
0.9896483
0.4332736
0.9947615
0.008272134
0.029263603
0.010311361
0.23766552
0.08039936
0.976227
0.43426013
0.004597681
0.42768145
0.9964796
0.9658027
0.94186443
0.5075779
0.07187014
0.006018023
0.9811576
0.022537887
0.4315481
0.0036422904
0.3949259
0.9805399
0.44566047
0.35316834
0.9938666
0.42980826
0.010376204
0.65908206
0.94678557
0.98724675
0.02793284
0.9871388
0.008145755
0.43863857
0.5577081
0.99372816
0.013126675
0.59445816
0.9609373
0.01155487
0.024406843
0.9924039
0.008785751
0.9945391
0.008612453
0.91284895
0.46443072
0.026351916
0.9871306
0.017352201
0.008912357
0.47417742
0.9975681
0.0047290535
0.06360515
0.99936885
0.7066334
0.9930393
0.9832428
0.492083
0.95501256
0.6597226
0.012215345
0.9995697
0.00886558
0.43405628
0.010597133
0.020588579
0.98988485
0.0065708947
0.9738381
0.51382536
0.007684891
0.0101352045
0.0042604734
0.005058798
0.9818866
0.04496806
0.97931504
0.0054989615
0.43985572
0.69560605
0.9916283
0.9924988
0.97237587
0.015719416
0.95316046
0.010901325
0.00693184
0.0052653532
0.0073233917
0.012011696
0.9678143
0.4440838
0.45839342
0.01965532
0.5760809
0.9886147
0.98150486
0.97744614
0.99301857
0.97190744
0.8966674
0.88790613
0.96409345
0.006056199
0.8353767
0.8524046
0.009648057
0.7619808
0.98611975
0.023811126
0.97639126
0.014006431
0.5029016
0.99581593
0.9974413
0.52161187
0.5753097
0.9904987
0.013163078
0.018805962
0.013593942
0.016220994
0.3576078
0.036332574
0.009888904
0.9892335
0.9900483
0.9040986
0.4500637
0.43793765
0.025621573
0.42056602
0.4527119
0.46342543
0.01774446
0.97317195
0.020835923
0.9599639
0.009083569
0.67103034
0.9898589
0.9972398
0.79362154
0.016645797
0.97564214
0.0064921314
0.78913224
0.0134612955
0.05864918
0.016383871
0.4136365
0.9956938
0.008406735
0.014908128
0.67102087
0.989664
0.53053653
0.01873479
0.96835625
0.8946231
0.98302794
0.02276824
0.06769727
0.9959502
0.02524921
0.0109446915
0.44301277
0.4887402
0.5043409
0.4333208
0.0047301063
0.99368155
0.51613826
0.009303185
0.50333416
0.42281017
0.020505108
0.018281886
0.9974974
0.96637774
0.018107947
0.007858818
0.010140717
0.97772264
0.025956206
0.86894774
0.36839467
0.7654531
0.021188496
0.018688027
0.9756084
0.99316883
0.9855343
0.6449318
0.46051264
0.9985807
0.013218144
0.020947281
0.026189033
0.92952234