0.4695162
0.9832009
0.41397336
0.60527045
0.4326576
0.036918856
0.08763987
0.9897809
0.4510593
0.5763176
0.32854035
0.048297603
0.04755759
0.49125507
0.98395157
0.024543714
0.06491813
0.9729565
0.06799759
0.46532395
0.8030125
0.045372415
0.4603905
0.11879432
0.06650816
0.1680891
0.47392184
0.85421914
0.46784386
0.9418646
0.06671434
0.45335916
0.7048201
0.44529197
0.41878736
0.43340656
0.515003
0.88518816
0.98153126
0.9826209
0.061185926
0.4831514
0.076462135
0.42699918
0.054647934
0.07282309
0.6111591
0.8953185
0.06433337
0.95799035
0.9264121
0.13066056
0.9585459
0.95835775
0.48340037
0.15237063
0.4756026
0.13885242
0.08164087
0.038216922
0.6143912
0.96420705
0.543177
0.4062225
0.92223305
0.79840946
0.54952884
0.12434724
0.8389697
0.49995887
0.92772067
0.04936572
0.91867876
0.61353576
0.22846639
0.07637571
0.07942329
0.49678335
0.40938908
0.43485495
0.07113838
0.04544576
0.43917656
0.9645261
0.94079614
0.10944733
0.47538406
0.8406076
0.88289034
0.933979
0.061758567
0.04204708
0.9389507
0.931993
0.35952142
0.12857051
0.9399349
0.8299025
0.98292327
0.9458442
0.43402833
0.40670127
0.042543497
0.05106558
0.43507808
0.05727904
0.05786644
0.85211754
0.94599354
0.9904265
0.045395903
0.40798375
0.93669367
0.029238986
0.4491049
0.07736628
0.027821276
0.12422213
0.9672363
0.6812473
0.986437
0.9856112
0.17296755
0.9839393
0.07498441
0.9856801
0.07246499
0.052945
0.035202827
0.8180993
0.9447358
0.92047447
0.13140376
0.84658456
0.10148432
0.03793886
0.8080788
0.95875436
0.43320394
0.028316645
0.9831939
0.045469087
0.9421034
0.046840273
0.9597962
0.060106903
0.07024301
0.41141683
0.3102233
0.088851
0.9601964
0.92751735
0.42559955
0.053837646
0.08834201
0.43251926
0.9754478
0.115356416
0.055411518
0.654835
0.95237267
0.9782734
0.6873078
0.7532434
0.95250046
0.039611764
0.6939847
0.49321124
0.056044176
0.094132096
0.047117434
0.46118924
0.0904709
0.6633038
0.069485165
0.0823946
0.17696872
0.9229606
0.100393675
0.034371555
0.551611
0.10088611
0.05200576
0.96977097
0.84979486
0.93495053
0.4372737
0.4529837
0.05543822
0.9501149
0.05878691
0.9871428
0.9623388
0.94784933
0.14227925
0.14853384
0.43047532
0.9674883
0.32585633
0.10080586
0.23124744
0.9505099
0.95855105
0.9532734
0.9689352
0.97691286
0.1716113
0.97957134
0.0689608
0.15118562
0.43803853
0.43995824
0.96483785
0.13314977
0.42730433
0.44740215
0.049651165
0.6608019
0.04418143
0.08092488
0.036977563
0.98099834
0.061617598
0.09957936
0.039111003
0.95149755
0.9254935
0.10481517
0.43893078
0.09385894
0.9447355
0.44652206
0.6986423
0.39937168
0.47661322
0.44875196
0.9679948
0.98507303
0.026215065
0.03954577
0.086835936
0.05776184
0.9631022
0.883489
0.85003364
0.061571267
0.46432635
0.36478624
0.43368638
0.42042804
0.9623335
0.039752644
0.85506123
0.20294787
0.062232483
0.036613833
0.8925018
0.931696
0.9894183
0.9825342
0.96827835
0.08296058
0.98137647
0.9529821
0.591957
0.14575884
0.04058265
0.038414728
0.46527573
0.9763007
0.46134314
0.37146658
0.051215585
0.14532296
0.63595665
0.417703
0.74350405
0.047980938
0.97593874
0.89506364
0.97615224
0.9761906
0.27843872
0.049837098
0.9126756
0.9432622
0.4331591
0.93582374
0.09882464
0.39609614
0.82757616
0.93001664
0.49334747
0.049534824
0.9739804
0.06187219
0.7296281
0.96278787
0.065600745
0.9301902
0.437341
0.034584623
0.84112024
0.9656771
0.9202485
0.07109547
0.5036149
0.19492738
0.93678343
0.06918713
0.06019778
0.79716575
0.984624
0.9451119
0.9813307
0.024038557
0.085151225
0.0784506
0.95695627
0.051054914
0.05813255
0.023502592
0.057122815
0.05548431
0.9860962
0.48303866
0.14732416
0.0932975
0.4138123
0.92879725
0.8953614
0.03747952
0.9584101
0.9742397
0.6931281
0.44354993
0.9691339
0.96569234
0.044625603
0.039943047
0.034323547
0.06292282
0.95750934
0.38639823
0.9327923
0.7054927
0.75104606
0.93295854
0.98607314
0.9111627
0.85699964
0.073581785
0.9556146
0.4185249
0.8773092
0.09404816
0.04698221
0.5062179
0.9790308
0.5732847
0.06147709
0.9337395
0.20256841
0.04373855
0.04067704
0.4243376
0.9290101
0.09489761
0.12221385
0.41822782
0.40650105
0.056809314
0.98591995
0.07948944
0.079219766
0.19492784
0.93469125
0.8622675
0.061244804
0.11735991
0.98577994
0.5454582
0.79702574
0.14128168
0.34440964
0.83657396
0.9347724
0.40677026
0.06466687
0.94324416
0.58120626
0.121317245
0.034214556
0.05500862
0.44411156
0.9090394
0.96774787
0.04794746
0.060628887
0.12659293
0.044303
0.9217447
0.9191209
0.41869926
0.43448487
0.47310314
0.98337907
0.94515467
0.9364055
0.46477115
0.9696297
0.46151182
0.82469666
0.98271346
0.082719445
0.04524508
0.85577404
0.083894126
0.9903764
0.05119954
0.097452305
0.43368205
0.049113907
0.034627695
0.9576807
0.9865544
0.9712198
0.44255504
0.07024274
0.11513028
0.06198287
0.80702025
0.4092653
0.5671048
0.0615458
0.050150108
0.9797484
0.5152038
0.90775996
0.43197295
0.098417275
0.1767288
0.054764025
0.9502695
0.9871116
0.08325562
0.9631502
0.95419186
0.41719478
0.9637582
0.966979
0.4318247
0.90926826
0.04596098
0.7272257
0.06907364
0.9585137
0.7621678
0.074474275
0.04485247
0.9254275
0.98211634
0.117204584
0.93262225
0.04555659
0.9516559
0.98098767
0.6853995
0.07972289
0.07236752
0.43884325
0.072473176
0.98471296
0.5406877
0.048499744
0.8624631
0.8901487
0.21294326
0.967796
0.07140407
0.07346086
0.43376565
0.45944935
0.9505954
0.043341298
0.07789999
0.063556366
0.96752477
0.9064282
0.42315936
0.46323237
0.7559062
0.981532
0.94826335
0.43404
0.4698423
0.9393028
0.10988257
0.06703804
0.48041886
0.43969774
0.9599225
0.0496872
0.059939295
0.9284514
0.92325175
0.059295584
0.43496594
0.07445525
0.87262857
0.065889366
0.83449167
0.08786322
0.98354006
0.440557
0.44884217
0.52725613
0.07180063
0.09013283
0.043279674
0.8156204
0.6595426
0.11610527
0.9795686
0.9883487
0.81926423
0.43904394
0.10091809
0.9337082
0.09397694
0.90868014
0.42515036
0.3569772
0.45301473
0.06594047
0.10418851
0.11555695
0.4409104
0.031868342
0.5105416
0.441961
0.98482174
0.45262805
0.9254669
0.44709846
0.071894385
0.120245844
0.06510469
0.033986468
0.9869518
0.11208063
0.04512983
0.4367687
0.92217296
0.973422
0.44058737
0.03423484
0.23006955
0.046446785
0.9681323
0.121811286
0.98165685
0.4137676
0.43457377
0.9623369
0.05282978
0.8897371
0.97770214
0.043878283
0.974129
0.90468943
0.037782352
0.4711147
0.035209022
0.9281631
0.9503351
0.9512352
0.76421297
0.9440491
0.07434754
0.060968257
0.043932717
0.06709651
0.2462183
0.94998854
0.49793148
0.04899548
0.93785894
0.054149095
0.98420185
0.26235676
0.046382774
0.25438553
0.6586162
0.55232865
0.085640155
0.0731893
0.040229525
0.9692843
0.040301688
0.99043477
0.98337215
0.90278745
0.032269318
0.78707266
0.07637392
0.4589452
0.41535914
0.05370486
0.48342082
0.08951463
0.53564775
0.0575445
0.96398973
0.83764094
0.042102315
0.06308005
0.07613083
0.93312424
0.8823689
0.96665454
0.41319743
0.12605101
0.85263115
0.46055117
0.9697761
0.033458076
0.9264485
0.83368444
0.4414946
0.053031333
0.43474624
0.9889227
0.95804924
0.05329175
0.98524255
0.97123736
0.15872546
0.10776323
0.05616727
0.9751174
0.2554877
0.73980635
0.98097825
0.043334763
0.09191178
0.05541357
0.13591112
0.57034695
0.7940156
0.97772455
0.9400556
0.4591477
0.731114
0.07765826
0.95689845
0.8985747
0.99567974
0.089743756
0.06444796
0.44437766
0.046598386
0.94728494
0.55822253
0.059596427
0.9617207
0.08959083
0.10288736
0.96390104
0.41906545
0.48771396
0.9627158
0.052927166
0.7664113
0.5374034
0.9305039
0.43596947
0.12846422
0.9487785
0.9605708
0.857078
0.088806055
0.7600898
0.96965057
0.90001905
0.97696054
0.9520201
0.93188965
0.9396321
0.107607745
0.0866568
0.8709447
0.035193734
0.3143265
0.29325476
0.041706897
0.08571965
0.03805476
0.9527959
0.56850314
0.43198228
0.4965054
0.973867
0.117830224
0.0850014
0.98161733
0.034613866
0.97540545
0.97727
0.7010174
0.47070554
0.91628784
0.039287824
0.22402914
0.9809037
0.43848586
0.0684988
0.96687317
0.065367684
0.58672833
0.03637631
0.059864417
0.7426266
0.09009395
0.052952863
0.035903513
0.055707
0.44047868
0.045270495
0.04496729
0.9457063
0.94365054
0.4263466
0.050596155
0.8949999
0.038163405
0.07457043
0.97842866
0.49588212
0.08208864
0.56297606
0.418728
0.96158105
0.048290435
0.9649293
0.40947148
0.051183727
0.42971882
0.30556837
0.4330097
0.033800866
0.03678438
0.050967257
0.88396174
0.48591504
0.04623176
0.95555544
0.0564293
0.044283956
0.44668972
0.10104591
0.9156777
0.5008629
0.795663
0.053749297
0.27561218
0.060024902
0.8980445
0.053702652
0.9442456
0.031113153
0.2845685
0.6574614
0.052200697
0.104060456
0.98038405
0.985965
0.44345158
0.9620208
0.070562035
0.054077655
0.91358453
0.6296385
0.75175273
0.07938232
0.9528584
0.98032117
0.6199196
0.98667914
0.049769152
0.9871237
0.8465418
0.9714164
0.03082013
0.16183235
0.06453404
0.42421848
0.051957283
0.9569946
0.057701755
0.99167526
0.43254954
0.80349606
0.97506547
0.04072013
0.07890346
0.071353026
0.8597078
0.9475742
0.901926
0.9886679
0.65648824
0.47855753
0.886782
0.0899668
0.4256184
0.8261915
0.7528672
0.092203826
0.9291354
0.9295524
0.9887736
0.9598197
0.080513045
0.039787635
0.93010265
0.98333365
0.03849531
0.5580342
0.41283053
0.98164636
0.094568424
0.051442634
0.9577788
0.78317946
0.3849615
0.92003685
0.8634276
0.07019427
0.04049297
0.36067587
0.9810775
0.99097717
0.42225736
0.9745101
0.48449767
0.9698855
0.9860087
0.9256859
0.04042998
0.032396227
0.9760184
0.07757975
0.07366096
0.070900135
0.94812834
0.13248335
0.047417227
0.06972762
0.45396113
0.9672945
0.4141232
0.72448546
0.05874956
0.54232395
0.08287036
0.40631306
0.07136239
0.044465244
0.044022273
0.041056708
0.6018382
0.439832
0.9025628
0.075589575
0.93809825
0.42753422
0.16502543
0.09858335
0.46795994
0.5154473
0.4263622
0.5912083
0.08133857
0.43756193
0.07157453
0.7547295
0.41259092
0.6668795
0.43212706
0.45227554
0.990122
0.03257644
0.98314255
0.92054963
0.91834915
0.9343403
0.049640983
0.98418945
0.95615053
0.55049217
0.03756885
0.9691316
0.5528162
0.94093305
0.37900674
0.034162983
0.49299675
0.9674585
0.44474605
0.9681579
0.034731332
0.09763941
0.10006726
0.4795255
0.9799039
0.51932526
0.44541317
0.6208769
0.8956548
0.1241886
0.97987455
0.9586469
0.82669586
0.9360332
0.90453696
0.45423242
0.073498294
0.95548433
0.4362836
0.9744039
0.4513108
0.9709132
0.49990532
0.6989533
0.9633986
0.341366
0.58372647
0.9774916
0.076085806
0.94178575
0.052381992
0.039299093
0.07724671
0.03788989
0.41708952
0.065628126
0.51235414
0.5261262
0.9474309
0.077403195
0.7400524
0.78908145
0.066218585
0.058427148
0.9760636
0.9358286
0.42354038
0.8916559
0.970063
0.93812114
0.08056912
0.94267434
0.056123957
0.97268134
0.09003703
0.03305571
0.43636984
0.95379555
0.07021696
0.9933717
0.43334377
0.97389257
0.45747307
0.043567475
0.78886473
0.9797767
0.093988396
0.9953615
0.98198926
0.056140207
0.883967
0.04635431
0.05355885
0.4222387
0.429109
0.7736198
0.4700873
0.5881903
0.46109575
0.8771565
0.44074407
0.58359927
0.051174473
0.9349742
0.3997158
0.44891077
0.034370203
0.029756667
0.993964
0.4332827
0.49216315
0.042974208
0.9401296
0.6015078
0.032052614
0.9270384
0.058439475
0.41882655
0.91539204
0.13311459
0.05798111
0.87873113
0.9715758
0.42195538
0.49028742
0.7680798
0.08809148
0.41867512
0.97353834
0.43187433
0.44191116
0.19180709
0.11201147
0.43626508
0.44469914
0.43582103
0.9112538
0.98476034
0.9423671
0.053136062
0.4314574
0.9242413
0.07646634
0.06650529
0.77986634
0.07721823
0.92038983
0.979076
0.96847034
0.9705418
0.07385386
0.036295526
0.88878274
0.9746094
0.9442967
0.9633419
0.7379792
0.43870834
0.9953442
0.11629054
0.92702067
0.9648483
0.031181082
0.108889766
0.04348062
0.08289702
0.9791875
0.8568868
0.9325998
0.11787671
0.9635608
0.04694316
0.55189997
0.039689176
0.9461268
0.96298516
0.93926144
0.959006
0.9163243
0.05625334
0.4352721
0.06567316
0.90838367
0.8176759
0.46483043
0.041707348
0.98066264
0.9721211
0.6128351
0.041435912
0.98781514
0.07433312
0.65315413
0.9696563
0.96666235
0.06211063
0.45141345
0.9113432
0.1050143
0.070941746
0.08487228
0.9547556
0.065353855
0.51396716
0.9358564
0.64152896
0.09957549
0.06560172
0.60136026
0.9694183
0.045939106
0.9402295
0.49728316
0.04362689
0.07293104
0.28997022
0.04015852
0.95997226
0.43534797
0.07737343
0.8527471
0.9095961
0.12524842
0.12804931
0.963887
0.103468984
0.8377866
0.03903042
0.076457955
0.051616535
0.03460542
0.91054034
0.0518991
0.042205945
0.93876636
0.076877564
0.07172498
0.47605345
0.58821774
0.048554167
0.041355688
0.44779038
0.43770996
0.9660672
0.89158493
0.90474194
0.054003578
0.8618893
0.0900349
0.9184171
0.13864706
0.9930401
0.93161076
0.947099
0.91076833
0.038574874
0.032419246
0.4085971
0.91961575
0.46325302
0.65457
0.43985483
0.78392696
0.43921778
0.8917986
0.5578656
0.44878393
0.8550782
0.92257285
0.9883259
0.47691524
0.97328734
0.124948196
0.050234675
0.88692176
0.16381776
0.048282064
0.055373322
0.054334685
0.82770044
0.87819326
0.99075
0.9460075
0.026552122
0.98189914
0.066383064
0.08095023
0.29168138
0.88363445
0.03541094
0.04374046
0.4083499
0.9627774
0.11151327
0.43856567
0.03561067
0.08966074
0.07842033
0.049073182
0.038017
0.9845281
0.025042972
0.9512653
0.2214929
0.42929035
0.07607552
0.9152798
0.8516114
0.059898227
0.05414078
0.9828424
0.89176893
0.0771393
0.06046455
0.09098815
0.43262652
0.9353884
0.99047416
0.04348611
0.9821878
0.7444056
0.96635514
0.053615753
0.9748707
0.05338363
0.045344416
0.5283879
0.9733096
0.028848382
0.46095142
0.9553925
0.062455196
0.052861046
0.043098
0.07831596
0.97288305
0.94158256
0.04287659
0.4613375
0.9554395
0.0569568
0.4900579
0.9383947
0.07107178
0.062344745
0.9640697
0.03518466
0.062257297
0.9758
0.45464686
0.98491067
0.040950347
0.04776988
0.055809963
0.27494377
0.28323498
0.9684411
0.4403648
0.033556752
0.46020433
0.96006024
0.8625452
0.91538125
0.46272856
0.13406186
0.038706537
0.9591533
0.075634815
0.41709128
0.079945475
0.4304267
0.97328985
0.43387255
0.2984308
0.9462157
0.44821045
0.08969296
0.41782978
0.8978871
0.9748575
0.09819344
0.89092463
0.054014597
0.43421122
0.5508275
0.89380324
0.04480109
0.5662956
0.89335006
0.046127826
0.060363274
0.9514375
0.023443485
0.988903
0.029914876
0.9196745
0.4532429
0.06436945
0.923035
0.120167255
0.06912465
0.52613175
0.9377374
0.041803535
0.2799897
0.9796949
0.7402563
0.9515267
0.9313445
0.48295814
0.9068134
0.70074135
0.050777704
0.96985775
0.039707065
0.42496467
0.07100653
0.04598865
0.93252885
0.039749525
0.91104656
0.53140724
0.06171731
0.050212555
0.07872794
0.026177466
0.947274
0.07962088
0.97394365
0.035134636
0.4309734
0.724073
0.9715668
0.9384886
0.9263907
0.090795
0.78742695
0.0728304
0.05535906
0.03470428
0.07277269
0.06264618
0.6955284
0.4385557
0.42787564
0.06773813
0.3883021
0.9613658
0.9784556
0.90794575
0.9497925
0.9532975
0.89415354
0.95311934
0.9344987
0.04343894
0.56667185
0.7894332
0.043937072
0.60334325
0.8762915
0.0592182
0.9192705
0.035683557
0.50736755
0.9850985
0.9416707
0.568302
0.5933726
0.9621946
0.032748792
0.0393973
0.0631872
0.03009308
0.40337276
0.2637446
0.05129315
0.94005173
0.9632965
0.7895318
0.42547485
0.4014962
0.22043537
0.43205744
0.41739085
0.4375428
0.03986988
0.9180833
0.2579372
0.89992183
0.050721675
0.83672625
0.9829717
0.9663627
0.6657117
0.08397761
0.91636884
0.07341067
0.65204686
0.07225965
0.111071885
0.050647795
0.4211733
0.9443821
0.03948157
0.09226618
0.5032915
0.98347706
0.7097971
0.07057705
0.93256474
0.8864219
0.9067794
0.056451797
0.04625597
0.96500933
0.119790316
0.038980097
0.4620845
0.52203566
0.6149366
0.44730702
0.0500906
0.9601936
0.7978046
0.038977537
0.4891352
0.4083737
0.23608835
0.08580227
0.9885599
0.9442012
0.048978087
0.04090117
0.06844995
0.97968584
0.11420476
0.94883996
0.4497155
0.82874495
0.029620731
0.07763244
0.9417475
0.97524685
0.94128174
0.5415285
0.5309686
0.9800418
0.03586114
0.09366007
0.101312466
0.6700876