0.54742265
0.99924135
0.3697571
0.560144
0.3703774
0.0031531805
0.00414422
0.99977225
0.3783084
0.9346057
0.009627767
0.004756694
0.0049703466
0.35492992
0.99869066
0.0019547998
0.0010532998
0.9936819
0.0048955977
0.47177094
0.8087378
0.003205962
0.38113022
0.0063367174
0.003431759
0.003972913
0.504913
0.9847703
0.3910562
0.9979996
0.0053486316
0.38029024
0.81187475
0.37189963
0.33379233
0.3767902
0.5456595
0.9675111
0.99953055
0.9999677
0.0016006274
0.47896093
0.0029986482
0.3793225
0.004873112
0.0018072487
0.55622625
0.9946944
0.0025484932
0.999959
0.99601954
0.007874371
0.96854925
0.9997814
0.51338035
0.00094683794
0.55836046
0.0026798868
0.0022207808
0.0032594474
0.5816601
0.99812084
0.55808854
0.36428928
0.98381376
0.9252291
0.56509304
0.003835013
0.95668703
0.562738
0.9947561
0.0031375207
0.97156435
0.7370859
0.025320593
0.005377549
0.00424866
0.56018436
0.36485162
0.38508952
0.014900658
0.0036792743
0.39484847
0.99730897
0.9989795
0.0050184326
0.5535971
0.76494026
0.9958858
0.67050904
0.004751216
0.0029653865
0.99929035
0.9898108
0.06711
0.007229635
0.99892706
0.994396
0.99765944
0.99910045
0.3736179
0.38008282
0.0049037114
0.004083037
0.38327125
0.00267847
0.0064158933
0.99023485
0.99880683
0.77243155
0.004893967
0.3735658
0.9870847
0.0012169593
0.36941898
0.009050678
0.0023503911
0.0021370528
0.99973315
0.9067525
0.9554192
0.982129
0.0017390505
0.9997472
0.0022062284
0.9998447
0.0021622325
0.0043610074
0.003033474
0.9829337
0.99894756
0.9931443
0.0076493877
0.99863714
0.005359098
0.004947617
0.7579413
0.99970454
0.36823052
0.0061048605
0.99905246
0.003811947
0.9791782
0.0037453137
0.58394635
0.004235622
0.003287414
0.36008364
0.078565255
0.004314475
0.999673
0.94686145
0.38376385
0.008975533
0.004425976
0.3830067
0.9996978
0.004124458
0.0038782654
0.7161524
0.99909246
0.9822693
0.68994147
0.9998067
0.99963593
0.0019363002
0.5732607
0.5310346
0.005160524
0.0012544069
0.0031433692
0.37840673
0.0021847414
0.7996959
0.0041394173
0.0051088505
0.002829194
0.9845466
0.005692435
0.0032109774
0.90711826
0.0040433435
0.0046210773
0.99986196
0.98013294
0.981831
0.3809396
0.3723351
0.006654019
0.99862564
0.0041372674
0.9999428
0.9985588
0.99981135
0.004078783
0.005693412
0.38752702
0.99658126
0.0022657835
0.0058929455
0.005238109
0.98643285
0.99968565
0.8524211
0.9877772
0.9999496
0.002251001
0.9994211
0.004715846
0.006785438
0.38672486
0.38422596
0.99983823
0.01212531
0.38149002
0.3812774
0.0031719138
0.7923453
0.0033009597
0.0034501445
0.06364445
0.99988794
0.0031438952
0.003536328
0.006592582
0.9985885
0.998454
0.003987916
0.38293508
0.0037961775
0.9975037
0.37785053
0.80095667
0.36703658
0.48732734
0.34735173
0.9996979
0.99851555
0.00032708497
0.0039046619
0.008539025
0.0033913013
0.9988716
0.99910164
0.9435047
0.0017810819
0.3845723
0.00034228168
0.3875202
0.4998216
0.9998369
0.004332298
0.9819074
0.0039824895
0.0038430658
0.0018581448
0.9917635
0.99132866
0.56842446
0.99824655
0.99981993
0.004658907
0.9999125
0.99804866
0.88630116
0.0044642137
0.0045050215
0.0014588714
0.68036443
0.99948114
0.3897571
0.75746226
0.0069509996
0.005028383
0.7853454
0.45930552
0.8148995
0.0027370746
0.99669206
0.9926765
0.99996436
0.99956304
0.0342146
0.005457675
0.9993912
0.9942984
0.38451448
0.9992606
0.0044283043
0.34897575
0.53970593
0.9997886
0.5422844
0.003133151
0.9947066
0.0041048503
0.91234756
0.9992513
0.0038546168
0.99890757
0.37623394
0.0030795655
0.9919424
0.99340963
0.96055573
0.0064256457
0.60762805
0.010000617
0.99420434
0.0016444956
0.0024024518
0.9221937
0.9841127
0.9954814
0.97177684
0.0020565346
0.0029090506
0.0070558432
0.9970952
0.0033723612
0.004179891
0.0019226694
0.0034977796
0.0028675213
0.9994605
0.54379654
0.00330748
0.0004839614
0.3768259
0.984462
0.9714327
0.005250003
0.99646
0.99975604
0.7252689
0.3804367
0.9994936
0.9998801
0.00561085
0.0046959086
0.0042454517
0.0015680217
0.99909806
0.3768945
0.9980823
0.9709249
0.9301635
0.9959617
0.9997366
0.9983016
0.99654835
0.0047952626
0.99922526
0.3860936
0.9938315
0.008732137
0.002571866
0.55349976
0.99924576
0.561843
0.0011358226
0.999762
0.009865247
0.001529731
0.0016846682
0.39153844
0.95949626
0.0035322206
0.0031158747
0.38092053
0.35571024
0.002095165
0.99932694
0.0024066498
0.0033325993
0.001077672
0.9982821
0.9449407
0.002085472
0.009002753
0.9961927
0.9130236
0.95984167
0.00014218598
0.023185512
0.992397
0.9980248
0.38041717
0.0018220207
0.9995245
0.5754087
0.002210466
0.004320132
0.029726895
0.37178516
0.9983615
0.99699783
0.0033935711
0.005733456
0.002120654
0.0055050305
0.981559
0.9989926
0.37376928
0.50861394
0.35412547
0.99994826
0.9864763
0.9979248
0.3886848
0.9838102
0.37709603
0.96849996
0.99986744
0.0052892384
0.0041972045
0.98472273
0.0045295754
0.99980086
0.0022752548
0.005412447
0.38220406
0.0023491974
0.0016888967
0.9898254
0.99982697
0.99939454
0.37287164
0.004865676
0.012090949
0.0019279215
0.99233186
0.36891195
0.6916231
0.011603091
0.004911179
0.99943787
0.57216406
0.9854746
0.3805487
0.004604578
0.007075128
0.0060262317
0.9976509
0.9996001
0.011607621
0.99913484
0.99580175
0.3551036
0.9996269
0.99587494
0.3821043
0.9541741
0.004111259
0.54869056
0.0037382462
0.96947676
0.7340046
0.003054921
0.0036521223
0.99080604
0.9994604
0.006825781
0.83912337
0.0017454894
0.9998436
0.9998129
0.9726458
0.0069017163
0.0063542486
0.37031475
0.005403947
0.9922497
0.5805615
0.0028780566
0.9951591
0.99445266
0.0021413125
0.9997849
0.0038530878
0.004129263
0.37941834
0.38635296
0.9997484
0.0018296725
0.002754541
0.0014253266
0.9987534
0.9997274
0.3713151
0.5003836
0.7843908
0.9996123
0.99544156
0.37349847
0.38740996
0.98248476
0.0034762162
0.0030605986
0.527629
0.38272962
0.9995301
0.0039700666
0.0060655805
0.92858034
0.99949324
0.0051442846
0.35581762
0.005344138
0.73217165
0.0072897472
0.96738094
0.0043214206
0.99753153
0.3741415
0.3807082
0.57655907
0.034373477
0.0058260495
0.0038852256
0.598147
0.90978104
0.011955599
0.99771225
0.9997254
0.9789012
0.39198923
0.0062397807
0.9473903
0.009003071
0.9816551
0.36708853
0.02569589
0.3369993
0.005266929
0.00380151
0.0045996387
0.3897403
0.0024851097
0.5520753
0.3837653
0.99994314
0.3861077
0.9942106
0.37284228
0.005534448
0.006798878
0.009051423
0.0023646837
0.99853003
0.008529091
0.0030953104
0.36570632
0.998818
0.89973485
0.36859858
0.002340717
4.1942047e-05
0.007644828
0.9979765
0.0056975055
0.9998167
0.4736047
0.3789578
0.9991714
0.0025751023
0.9299178
0.99449205
0.0029571727
0.9995004
0.9955194
0.0040247752
0.52675176
0.0033007998
0.86409897
0.9982204
0.9993631
0.95176184
0.99826175
0.0052044406
0.005784312
0.002164154
0.004191178
0.0055176252
0.97951436
0.9326978
0.003188099
0.87868345
0.0062597054
0.9998523
0.04464182
0.0025974866
0.069457516
0.52769333
0.7463484
0.0038335617
0.0049213613
0.0030532326
0.95704067
0.0040561254
0.9998677
0.99659437
0.99445677
0.0013019323
0.93051606
0.006413547
0.38040707
0.37234664
0.0025847245
0.57741123
0.0049783424
0.9751879
0.0014292812
0.9989592
0.9324109
0.002647073
0.010637205
0.0021132866
0.9993717
0.99911445
0.99866104
0.3552937
0.0036150774
0.9684219
0.45857885
0.9998989
0.0045893607
0.97949
0.97192806
0.388656
0.0061164675
0.3797992
0.9964988
0.9998411
0.090315565
0.9999807
0.99938464
0.0014247042
0.0048764935
0.004501302
0.9997509
0.019260854
0.98500675
0.9975044
0.003627954
0.0041556596
0.0042123063
0.002434433
0.5517118
0.98915136
0.9967715
0.98345023
0.37863874
0.8608266
0.0033389723
0.99905103
0.99713576
0.9986627
0.002377592
0.0029899473
0.3861042
0.0023544992
0.99980074
0.89866394
0.0033877732
0.9911101
0.0027030676
0.0031125413
0.9994475
0.3866921
0.5205882
0.9999249
0.0030320354
0.9954347
0.74468845
0.9964013
0.77248317
0.0032057941
0.999373
0.98578215
0.88776755
0.008027748
0.8935456
0.99864477
0.9941367
0.99991393
0.9929502
0.9982387
0.9945262
0.00078595645
0.0028112663
0.96122986
0.004009745
0.12261894
0.01022964
0.0040549138
0.0037514912
0.0035218217
0.99874675
0.8147852
0.35979676
0.547645
0.99988616
0.002243773
0.0014341096
0.99986744
0.002493335
0.99788874
0.99996793
0.6323439
0.48755997
0.9877722
0.0028317634
0.06689129
0.9999126
0.39067912
0.004101742
0.99624723
0.006400075
0.79249007
0.002088318
0.0037211888
0.9449442
0.006403169
0.0036242881
0.0043251766
0.0024687673
0.37773824
0.004150179
0.003730226
0.9523328
0.99747473
0.39301544
0.0035913822
0.9915531
0.0036231691
0.00660576
0.99924386
0.5569827
0.0032879047
0.5233668
0.37440708
0.99659497
0.0026205957
0.82804424
0.3736143
0.0037584603
0.3803399
0.06557195
0.37117785
0.0018409708
0.0026153217
0.0050941287
0.9911016
0.43551648
0.0029140313
0.9985532
0.0036848686
0.0035451928
0.37836552
0.004721057
0.99068415
0.5646708
0.982154
0.0038735783
0.038871996
0.0046476657
0.96801466
0.0031030288
0.99772114
0.0038215416
0.01027011
0.5775619
0.0058609527
0.0038678271
0.99913883
0.9993844
0.3743799
0.9994808
0.008940557
0.0043686763
0.9990846
0.96047574
0.97856563
0.0058046286
0.99873835
0.9770108
0.52466416
0.9996612
0.0032594167
0.9994584
0.99857867
0.99734217
0.009346583
0.009717448
0.0023012452
0.38237554
0.0035369028
0.9993562
0.003837564
0.9999882
0.3849855
0.9870105
0.99878806
0.0053499606
0.005007276
0.004273456
0.8408601
0.99239457
0.8809323
0.9996842
0.61034995
0.5583808
0.8741241
0.0045734453
0.37911117
0.947258
0.93506217
0.0016256905
0.9993136
0.9994906
0.9973724
0.99974746
0.00723676
0.002473982
0.99859375
0.9980888
0.004793622
0.8615683
0.35975096
0.9930617
0.002955471
0.008047449
0.99975425
0.9916351
0.49469718
0.95639026
0.99804854
0.0028327303
0.0036587582
0.00074894953
0.99904805
0.99731535
0.34134626
0.99935895
0.5467094
0.99967575
0.99963796
0.999175
0.0020198615
0.007919144
0.99523157
0.008422662
0.0027679077
0.0040533636
0.545326
0.0067011807
0.005089826
0.0029195219
0.38041672
0.99544746
0.3618325
0.8070288
0.0027315759
0.78078336
0.0044709113
0.36681864
3.6089835e-07
0.008860574
0.0026678499
0.0043590716
0.8748297
0.37108934
0.98882294
0.0027673459
0.9956632
0.3780345
0.0015174875
0.005163276
0.77758336
0.56576633
0.3844869
0.96915317
0.0017148302
0.38210985
0.004229123
0.55782783
0.37244076
0.25309476
0.3716013
0.34973797
0.8648187
0.0027512345
0.9948708
0.99433786
0.99543566
0.8712659
0.009520862
0.98345196
0.9996315
0.8454886
0.0057602245
0.9840152
0.8693711
0.9515223
0.54293376
0.0026713414
0.54562306
0.9992762
0.37837684
0.99716645
0.0020974881
0.004699293
0.0018159084
0.37427545
0.9994789
0.5454841
0.38832733
0.56256706
0.97868425
0.008402828
0.9997923
0.9995529
0.99842274
0.99700063
0.9925309
0.37696263
0.0027317707
0.99971646
0.37333423
0.99755716
0.36754078
0.9998548
0.54746777
0.88109237
0.9997929
0.03227923
0.5624256
0.6710846
0.00636954
0.9996846
0.0028219633
0.0028536138
0.0071915407
0.0049045305
0.381195
0.003640732
0.5647735
0.5423555
0.99957997
0.006713678
0.9812765
0.84403574
0.0028534024
0.005214814
0.99902093
0.8302292
0.32719073
0.9916825
0.999928
0.9995473
0.002189794
0.9990552
0.0037379852
0.99732876
0.0059420015
0.001245581
0.38186514
0.99358094
0.0038449191
0.9998963
0.3847542
0.997203
0.38244763
0.0020203067
0.9790978
0.99068004
0.0055638296
0.99982065
0.9982474
0.0046493337
0.9923011
0.004064598
0.003098726
0.38200173
0.38156587
0.9495121
0.7420505
0.69856274
0.54890174
0.9088553
0.37757418
0.5604993
0.0037584994
0.97179633
0.3555977
0.38033697
0.0034059952
0.002687795
0.56793684
0.38432655
0.52140886
0.004697561
0.99088925
0.641616
0.0033783813
0.99880016
0.0027163646
0.36474356
0.99540114
0.013986992
0.0053682663
0.9952011
0.99905246
0.36526006
0.36069405
0.60063565
0.0034268247
0.3636546
0.9996152
0.37651858
0.38963276
0.0038462018
0.0059306137
0.38614985
0.37046266
0.3856473
0.9940533
0.9968015
0.9991085
0.005447678
0.36043367
0.9960712
0.004675552
0.003393658
0.8500752
0.0036006013
0.9982199
0.99979
0.9999174
0.9995702
0.004027892
0.0025223573
0.9952182
0.99852836
0.99468875
0.9952957
0.5906336
0.379459
0.9617573
0.004617348
0.9963257
0.9474297
0.0034030038
0.0008432303
0.0026268198
0.004611975
0.900146
0.9571026
0.95141274
0.02751943
0.9996593
0.009113203
0.5587044
0.0057649016
0.9989254
0.99952626
0.9904427
0.9992361
0.9982526
0.003132359
0.3826024
0.002161323
0.99846566
0.9895397
0.5335491
0.0036951413
0.9974113
0.99782205
0.5690572
0.0008868035
0.9927055
0.0030999668
0.9975969
0.99501896
0.9968436
0.0029340757
0.39235544
0.9970515
0.011197312
0.004119639
0.00820689
0.999273
0.0025597883
0.9171098
0.99811363
0.9844834
0.010996387
0.005619999
0.66776276
0.99394107
0.0076095806
0.9995666
0.52719325
0.0042247013
0.0049196174
0.00031098624
0.0015447462
0.9995609
0.3825767
0.0018808802
0.9790592
0.9987191
0.0076529975
0.0031550184
0.9901696
0.0052803415
0.99481
0.0020783371
0.005149869
0.003728917
0.002070342
0.8974955
0.003444349
0.0028776529
0.99751943
0.012186473
0.0059694606
0.56459624
0.56551045
0.0028756969
0.010546011
0.3733432
0.37929356
0.9993437
0.98676944
0.9994511
0.0037453654
0.9849054
0.002979916
0.99838436
0.013093649
0.9977087
0.99916947
0.9995734
0.98479676
0.0022774162
0.0036601769
0.3791335
0.9316919
0.3876611
0.92774856
0.36878455
0.8649685
0.38839576
0.9850251
0.5996617
0.37573296
0.99567336
0.98450583
0.9998995
0.55262923
0.9999058
0.0015528885
0.0043137986
0.9823115
0.010206126
0.0030210456
0.0043983147
0.0021072528
0.96521777
0.97896534
0.99649566
0.9992737
0.0023855476
0.99991846
0.008251505
0.0035074947
0.03303518
0.9353066
0.0038115506
0.0029570507
0.3654267
0.9788946
0.002685578
0.3761576
0.0028607352
0.0047065923
0.0017174972
0.004553742
0.006044121
0.99950814
0.0026528097
0.99969983
0.05670409
0.3746789
0.0021441213
0.9993223
0.9167218
0.0045745373
0.005060961
0.99899775
0.99417156
0.0043446464
0.0060026683
0.004957167
0.37332278
0.99441874
0.9980848
0.00800905
0.99996233
0.9722449
0.99893385
0.0027624469
0.9998596
0.0050006425
0.003508068
0.59692013
0.9983088
0.002076951
0.38765946
0.9914255
0.0044192616
0.005399802
0.0032367725
0.0009475726
0.9756216
0.9978307
0.002790855
0.3509247
0.99924505
0.005256156
0.5563683
0.99780375
0.002900913
0.00417657
0.99972516
0.009457565
0.004341506
0.9883696
0.37819487
0.99882823
0.0033116324
0.0070413556
0.009009068
3.1377363e-05
0.053326882
0.99885654
0.3383155
0.0016974242
0.39286715
0.9996426
0.70725477
0.9626113
0.52517694
0.019134652
0.0026483524
0.9746587
0.0034053624
0.36543
0.007986562
0.37572226
0.9976082
0.3698202
4.0101586e-06
0.9987739
0.38458228
0.0022250959
0.40826505
0.98756194
0.9992399
0.0056837075
0.98608553
0.0033449347
0.3817281
0.8020746
0.9991404
0.0061991625
0.5521567
0.9590456
0.0039715227
0.006024067
0.99761593
0.0018834879
0.99996305
0.005258754
0.9555341
0.3579267
0.0034040615
0.992963
0.007037546
0.0036221207
0.49797052
0.9996735
0.002470326
0.06440788
0.9999548
0.7811661
0.9803253
0.9996666
0.551081
0.9636374
0.55840945
0.0023053226
0.9992562
0.004257226
0.37473705
0.009294979
0.0065482673
0.69386065
0.0033610032
0.9939885
0.5594043
0.0031116859
0.0031481783
0.00531704
0.0014986249
0.9963527
0.004136922
0.99800354
0.0018955844
0.36935553
0.55423754
0.9979474
0.9979881
0.9882554
0.0031145776
0.990395
0.002408402
0.0037735328
0.0019850195
0.00063593144
0.002543089
0.8896388
0.38230807
0.3668733
0.006912206
0.31859362
0.99641955
0.99964416
0.9963181
0.9933256
0.9976063
0.9309132
0.9768574
0.9990577
0.0056146085
0.86556166
0.56916535
0.0028058004
0.555133
0.9990995
0.0049802843
0.9966217
0.005071919
0.555939
0.9994411
0.99974686
0.5743141
0.5667892
0.99955577
0.009094636
0.0021352933
0.008908882
0.00521572
0.35390434
0.011606208
0.0034205236
0.9996418
0.99008805
0.9970727
0.37040207
0.3640801
0.008312228
0.38001722
0.36381835
0.45014814
0.00484105
0.9982394
0.0543497
0.99790144
0.0044209845
0.8501596
0.9992878
0.99815744
0.5670986
0.004522849
0.9638564
0.001196232
0.8224749
0.0038839527
0.007037413
0.006809028
0.38977122
0.99935645
0.0028332232
0.0025390682
0.5516234
0.9998598
0.56133497
0.0044528395
0.99806315
0.92798865
0.7802302
0.0050178254
0.00683668
0.9883215
0.005653954
0.0042400993
0.37016782
0.4969685
0.54564756
0.38940436
0.0030145925
0.9997446
0.54580563
0.0028512243
0.5532327
0.37350896
0.05684535
0.007347204
0.9973158
0.9172836
0.009710957
0.0024743208
0.0033998583
0.9936713
0.015119442
0.89019877
0.3370656
0.57080936
0.005655112
0.0037931958
0.9995813
0.9965153
0.999313
0.72075015
0.21820195
0.9997733
0.003854847
0.0018280987
0.010470914
0.6627389