0.55913156
0.9999988
0.43395573
0.5592177
0.43395573
0.0012171889
0.0008735899
0.9999989
0.43392766
0.91838896
0.005236707
0.0018180046
0.0005846045
0.42272848
0.9999815
0.00041052653
0.0001226802
0.98522514
0.0014495234
0.5472749
0.9464183
0.00042210467
0.43395573
0.00061585446
0.0009104737
0.000173992
0.5438185
0.9908173
0.43379962
0.9991341
0.0009098805
0.43573663
0.27292144
0.43395573
0.41004327
0.43380085
0.5459122
0.999358
0.99998426
0.9999889
0.00044451148
0.51100487
0.0003204742
0.43391842
0.00083115784
0.00016441183
0.55658454
0.97265774
0.0010773239
0.9999968
0.9994455
0.00040359137
0.99984753
0.99999774
0.54714257
2.1958997e-05
0.5555904
0.000342705
0.00028672285
0.00019585353
0.5626852
0.9999291
0.5561477
0.43395573
0.9946131
0.7434097
0.5610481
0.00105937
0.9515527
0.5573243
0.9999291
0.00015741614
0.9210192
0.5263861
0.12243512
0.0019498328
0.0008526434
0.5555011
0.43395573
0.43379447
0.0016590821
0.0011242776
0.43389463
0.99985135
0.9999447
0.0007616825
0.5658531
0.99995196
0.99998665
0.9997135
0.0013240001
0.0006459631
0.999936
0.99870896
0.013054045
0.00028761156
0.9997807
0.97231287
0.99998236
0.99998796
0.43395573
0.43395573
0.00042578936
0.0004765093
0.4338623
0.000386624
0.0022011015
0.99728954
0.99995506
0.9990482
0.00066404656
0.43395573
0.999974
0.00029889992
0.42519292
0.003693567
0.00028957054
0.00022770524
0.9999162
0.8975497
0.99919087
0.99999857
0.00018671257
0.99999
0.0003307595
0.9999424
0.00022800287
0.00031762416
0.0003937255
0.9991979
0.999933
0.99345386
0.0008218239
0.99720925
0.0002763834
0.0008302037
0.31579864
0.9999937
0.43395573
0.0005634304
0.99999917
0.00042974704
0.99576616
0.0007002041
0.8995258
0.0011375828
0.0011399053
0.41317546
0.001292221
0.0011201293
0.99989986
0.994978
0.43320552
0.0016398301
0.0007659431
0.4337156
0.9999887
0.0006241909
0.00071306987
0.95387375
0.99998546
0.99989974
0.62007785
0.99996793
0.99996257
0.0003822132
0.56631416
0.5539961
5.1339786e-05
0.00067605707
0.0006402285
0.43645385
0.0002716429
0.40540972
0.00025539842
0.00011365378
0.00017820927
0.99999475
0.000621214
0.0004489879
0.40580454
0.00082829536
0.003055422
0.9999994
0.99081147
0.9999763
0.43394876
0.43395573
0.001064528
0.974997
0.0010947572
0.99999475
0.9999466
0.9999976
0.0002866239
0.00022815834
0.43395573
0.9995363
0.0042920597
0.0010658939
0.00010596224
0.9997471
0.9999397
0.99999917
0.9999254
0.99999976
0.00028270762
0.99997425
0.0010362002
6.430826e-05
0.4336913
0.43388346
0.9998173
0.00080999476
0.43395573
0.43391618
0.00014593854
0.29765075
0.0004292459
0.00035631325
2.1719281e-05
0.9999975
0.0015000505
0.00035369105
0.00037364633
0.9999664
0.99908245
0.0007619366
0.43395573
0.00048673208
0.9997658
0.4339302
0.38035205
0.43395573
0.5467507
0.44317815
0.99997306
0.9999988
0.00019345115
0.0012138283
0.0008822624
0.00042518481
0.9999932
0.9961836
0.9986539
0.0010809076
0.43391663
6.286066e-05
0.43395168
0.18150762
0.99997544
0.00095357536
0.9013294
0.00026520476
0.00035735042
0.00031166503
0.99920976
0.97107285
0.9667108
0.9999417
0.9999987
0.00044479783
0.99999785
0.999925
0.60636926
0.00035026774
0.0015588179
0.0003414436
0.4239157
0.99997926
0.4334689
0.7976299
0.0010361949
0.00021928226
0.8813366
0.46254158
0.33752418
0.0005438184
0.99996984
0.99448735
0.99999917
0.9999964
0.061122876
0.0005791553
0.9999975
0.99999475
0.4338069
0.99994755
0.0010193193
0.43395573
0.81672555
0.99998784
0.5469043
0.0010878075
0.99983454
0.0009668187
0.5182843
0.9994184
0.00024071768
0.9994276
0.43568859
0.0006030799
0.6448224
0.99985504
0.9999708
8.420961e-05
0.55772734
0.00078649254
0.99993277
0.0011779184
0.0002306736
0.3116153
0.9999337
0.99981195
0.9999794
0.00030696625
0.0005445116
0.0016155735
0.996748
0.0004711128
0.000712829
0.00020377
0.0016700308
0.001011681
0.9999795
0.5583106
0.0002534515
0.000126641
0.43395573
0.9865898
0.5708772
0.0027051766
0.9999894
0.9999945
0.4029229
0.4339211
0.999997
0.99999094
0.0008712174
0.0017839905
0.0010247085
0.0010186353
0.9999074
0.41471267
0.9998474
0.7818819
0.9219423
0.9970391
0.99996686
0.9998938
0.99947184
0.002085207
0.99998677
0.40966356
0.9985598
0.0036421868
0.0004936278
0.56331223
0.9999974
0.57342005
0.000213165
0.9994518
0.0012383302
0.0005535289
0.00042596413
0.43383956
0.972764
6.2357765e-05
0.0007205101
0.43395573
0.43395573
0.0010923024
0.99999416
0.00018948059
0.00076978945
0.00024146223
0.99990857
0.8814181
0.000570095
0.00057718717
0.9999882
0.97558594
0.952141
0.0006093604
0.04091872
0.9932106
0.9998234
0.3933133
0.0013570796
0.9997458
0.5636277
0.0003657732
0.00052342005
8.347536e-06
0.43395573
0.99976295
0.9995148
0.00042135292
0.00060823304
0.00037903426
0.0017009282
0.9942602
0.9999548
0.40535283
0.54389286
0.41190273
0.9999976
0.9990532
0.99986625
0.43395573
0.99926275
0.43181115
0.93936497
0.99999297
0.0011170001
0.0020415715
0.9970348
0.0011289433
0.99999666
0.00015607131
0.00041925546
0.43386042
0.0004512044
0.00028297596
0.94957304
0.9999994
0.9999926
0.40742758
0.00025289052
0.00024398307
0.000819442
0.9997334
0.4339123
0.25058728
0.0013777463
0.0012612039
0.99998856
0.55124104
0.9893188
0.433888
0.00088854413
0.00054389954
0.0010042628
0.999967
0.9999931
0.0009440297
0.9999325
0.99984443
0.43395573
0.99999094
0.99975437
0.43395573
0.9557795
0.0004092106
0.41893262
0.00026593474
0.99997735
0.86713475
0.00079874595
0.00096401793
0.9997259
0.99999905
0.00085824524
0.9896786
0.00012534995
0.9999989
0.9999764
0.45622706
0.0007645459
0.0008611702
0.43395573
0.00083238794
0.99990165
0.55994886
0.00047895583
0.99730814
0.9987835
2.6616168e-05
0.99987984
0.00060662476
0.00037566933
0.43391806
0.43782702
0.99998546
0.0008053301
0.00020664756
0.00012543962
0.99998915
0.99997056
0.43395573
0.5416159
0.84344774
0.9999999
0.99986863
0.44629458
0.43395573
0.9999981
0.00019770388
0.00039333836
0.5426141
0.43385157
0.9999957
0.00015595336
0.000796399
0.9984119
0.9999846
0.0009623331
0.44165742
0.00070892175
0.74992347
0.0005773608
0.9586666
0.00012421825
0.99999785
0.43395573
0.43395573
0.56103814
3.774341e-05
0.001362507
0.00089438976
0.5625908
0.41059574
0.0005954022
0.9997278
0.99999774
0.97977704
0.4339269
0.00090170145
0.9871846
0.0029644503
0.9999796
0.433276
0.005250337
0.38204455
0.00054253236
0.00081188296
0.00034070257
0.43395573
0.00023168731
0.5545456
0.43395573
0.9999713
0.43314117
0.99742955
0.42569786
0.0005734428
0.0009811597
0.0012114444
0.0003212056
0.9999621
0.00057034014
0.0005874111
0.43395573
0.9999974
0.99999774
0.43395573
0.00052973285
1.7656039e-05
0.000689862
0.99992096
0.00094106357
0.9999975
0.4746293
0.43395573
0.999959
0.0006218478
0.9989231
0.99997437
0.0005074871
0.9966575
0.961933
0.0010680676
0.5551527
0.0008943791
0.99999094
0.9997664
0.9999989
0.9291597
0.9969013
0.00070941576
0.00062843447
0.001460753
0.0016837175
0.0010168828
0.9998534
0.84884226
0.0008369384
0.6069675
0.0007645754
0.9999814
0.032589264
0.00031764503
0.021868585
0.33128497
0.5536475
0.0003049966
0.00016956234
0.0009440693
0.9998503
0.00048788454
0.9999995
0.9999962
0.98594046
0.00025341864
0.96515125
0.0007852487
0.4339554
0.43395573
0.00016417653
0.5589177
0.0013060812
0.13202655
0.00051904283
0.9982114
0.406133
5.8277757e-05
0.00074682315
0.00056605076
0.99963665
0.9999988
0.9999347
0.40877378
0.00066204026
0.9391513
0.5200435
0.99999857
0.0014693807
0.9949706
0.95798355
0.43395573
0.00027410843
0.43395573
0.9997887
0.9999758
2.9738778e-05
0.9999939
0.9995547
0.0005476314
0.0004228268
0.0014638514
0.99994624
0.14432356
0.36339074
0.9999534
0.00041733106
0.0008663078
0.0003048123
0.00038312102
0.56063557
0.98896736
0.99987245
0.997623
0.43395573
0.57089126
0.0001661761
0.9999031
0.999223
0.9999881
0.0005479956
0.0006644546
0.4339011
0.0015350445
0.99999523
0.733676
0.00044118773
0.99605834
0.0011349071
0.0007714608
0.9999603
0.42458954
0.54590386
0.99996614
0.00040991255
0.9912718
0.955381
0.99999666
0.3082253
0.00035579354
0.99999297
0.9890638
0.3695828
0.0014949448
0.69778526
0.99996126
0.9914362
0.99996054
0.9996321
0.99977595
0.999424
5.947565e-05
0.00011167267
0.9914894
0.0023475338
0.0044041965
0.00032684463
0.0019414758
0.0007606858
0.00079707627
0.99990344
0.3584008
0.43395573
0.55355734
0.9999964
0.00016494934
0.0007277809
0.99998677
0.0004884243
0.9999268
0.9999963
0.5581778
0.54207456
0.99918
0.0004536724
0.019009618
0.9999988
0.43382892
0.00069348444
0.99998033
0.00067556114
0.40578872
0.00036641886
0.00080893614
0.3659727
0.0014376752
0.00031586786
0.0012937314
0.0005006171
0.43395573
0.00020117807
9.0890244e-05
0.9958544
0.9999944
0.43351808
0.002591036
0.99834967
0.0003352229
0.0010323584
0.99997985
0.552752
0.0008758406
0.54850066
0.43395573
0.99998486
0.00039389406
1.0
0.33258557
0.0014704731
0.4339133
0.005635182
0.4339037
0.0011742281
0.0010689466
0.001103875
0.99563605
0.53948796
0.00075939624
0.9985916
0.0005083222
0.0013593432
0.43389624
0.00067416707
0.9994624
0.5577109
0.9829773
0.0005475779
0.004868732
0.00021198195
0.9985097
6.8816466e-05
0.9997696
0.0014882534
0.16958721
0.56802446
0.00048681587
0.00047864346
0.99984384
0.99999166
0.39391688
0.99997795
0.00084459374
0.0005022115
0.999949
0.5017487
0.988936
0.00088573655
0.9999442
0.9998739
0.5481451
0.99999607
0.0007257941
0.9999883
0.99163496
0.9999852
0.00017271937
0.0005492386
0.0014946957
0.39618194
0.0004774577
0.9998646
0.0011984857
0.9999831
0.43395573
0.9823651
0.99997747
0.000642424
0.0011209063
0.0011948529
0.3350618
0.99894863
0.9996215
0.9999995
0.5635397
0.5510737
0.9427733
0.0013357754
0.4385825
0.94314575
0.8493563
0.00070790364
0.99990165
0.9967012
0.999992
0.99998856
0.000852325
0.00054624863
0.9983747
0.9999987
0.0009903178
0.36148575
0.43395573
0.99995935
0.0013372316
0.0002811382
0.9999962
0.9997875
0.13394709
0.99996734
0.9988392
0.0013539238
0.0003791069
5.0266426e-06
0.9999958
0.9999995
0.46965313
0.9999969
0.547654
0.99999464
0.99999857
0.9997818
0.00073704845
8.874926e-06
0.99964225
0.0024152063
0.00010082576
0.00038817676
0.8208113
0.00091582705
0.0008903816
0.0013920976
0.43395573
0.9999751
0.43395573
0.9870999
8.793697e-05
0.5572372
0.00041071302
0.42333516
0.0039631003
0.00014323324
0.0010893081
0.0005036886
0.37075314
0.43395573
0.9906474
0.00074291835
0.99988234
0.43395573
0.00016584432
6.949228e-05
0.30642363
0.55490667
0.43381143
0.8865831
0.00045299222
0.43383273
0.0014092072
0.5761454
0.43395573
0.17590988
0.43395573
0.4214671
0.9999993
0.0005744288
0.99995685
0.9998683
0.9968245
0.9773736
0.00048238694
0.9997143
0.99999213
0.22115402
0.000820988
0.9989367
0.33230996
0.9983424
0.030625273
0.0004249166
0.542757
0.9998832
0.43395573
0.9999684
0.00033265914
0.00025700327
0.00010155776
0.3249678
0.99999535
0.55159616
0.43395573
0.5653659
0.9990736
0.0025735472
0.99998856
0.9999918
0.9990765
0.9988902
0.99109215
0.43395573
0.0001553767
0.999992
0.43395573
0.9999093
0.43395573
0.99998736
0.558869
0.9788578
0.99997735
0.015509768
0.5470414
0.99942905
0.0010085688
0.999992
0.0013955741
0.0005721944
0.003333935
0.0020684346
0.43395573
0.00047633762
0.56107646
0.5501217
0.9998635
0.00017297188
0.9944593
0.644939
0.00025523506
0.0005782301
0.99924004
0.9866121
0.4372034
0.99683917
0.99981016
0.99995697
0.0006658676
0.9999622
0.00019849814
0.99991405
5.831679e-05
0.00021892731
0.43390653
0.9975235
0.0008085604
0.99999976
0.43374762
0.9998658
0.4332811
0.00023214967
0.9906624
0.99995744
0.00013457045
0.99999166
0.9999727
0.0005999077
0.98031956
0.00022500107
0.0009373812
0.43395573
0.40995434
0.9817617
0.45756176
0.5601525
0.5446703
0.9695714
0.43395573
0.5671005
0.001520814
0.97635084
0.43395573
0.42903873
0.0005266713
0.0005394596
0.99330753
0.43395573
0.55547804
0.0010750316
0.99993503
0.29292426
0.0003844044
0.9999757
0.0010127053
0.43395573
0.99990845
0.0016976432
0.00049899064
0.99993217
0.99999857
0.43395573
0.3652901
0.57419425
0.0014286089
0.43395573
0.999966
0.43395573
0.43382472
0.0234747
0.0029514972
0.43379077
0.43395573
0.43390477
0.9974509
0.99998915
0.99518186
0.00020819908
0.43395573
0.99814415
0.00019817117
0.0012869359
0.8208328
0.00042518502
0.9999827
0.9999949
0.99999297
0.99999774
0.0012165306
0.00064274797
0.9530185
0.99996424
0.9999229
0.9947601
0.5583293
0.43395573
0.9999893
0.00028429236
0.99988544
0.99999976
0.0002090042
0.00012652813
0.00050983106
0.0012478479
0.9944337
0.9999732
0.9891916
0.0011905659
0.99999964
0.004362316
0.55411917
0.0004561626
0.99996626
0.9997137
0.9994412
0.99999094
0.99903595
0.0014886785
0.4338693
0.0010763285
0.9979785
0.98508596
0.5175863
0.00060414197
0.99999905
0.99999833
0.56538105
0.00022623
0.9999752
0.00013227385
0.99870145
0.9993243
0.9999287
0.0003190825
0.4331839
0.9999157
0.001390895
0.00058756344
0.0009829135
0.9999522
0.00031167245
0.6106678
0.999741
0.99051064
0.000197375
0.00026519084
0.97394323
0.99998844
0.00062307884
0.9999987
0.5439947
0.0003249373
0.00035895762
0.00014396496
0.0003221136
0.99997926
0.43388775
0.0002195806
0.99524575
0.99890256
0.00045513624
0.001083916
0.9998567
0.00032549788
0.9789282
0.00035802528
0.00031749276
0.0003462379
0.00050220627
0.9933524
0.0008860045
0.0014246099
0.9998925
0.00028696432
0.00064823515
0.5490194
0.33318138
0.00042571733
0.000103741375
0.42037725
0.43385333
0.99998724
0.9997216
0.99942744
0.00025999598
0.992152
0.001190236
0.99988043
0.000160126
0.9999286
0.999808
0.9999734
0.93308574
0.00043740968
0.00031367806
0.43395573
0.932354
0.43365246
0.6725023
0.44193938
0.37624228
0.43386814
0.9069032
0.4087771
0.43395573
0.99598
0.8892232
0.99999523
0.5467443
0.9953744
0.00045572253
0.0012773027
0.9932025
0.0004022162
0.000409014
0.00020149752
0.00023239084
0.96792495
0.99893194
0.9999999
0.99988663
0.00086317305
0.99999416
0.0016809457
5.2384134e-05
0.007635194
0.99592674
0.00040925117
0.00042015346
0.43395573
0.9999044
0.0011291498
0.43395573
0.00081128866
0.0015397408
0.0008461504
0.00051406375
0.00020631484
0.9999058
0.0007937215
0.99999595
0.005220861
0.43395573
0.0014949775
0.99970263
0.34817857
0.00063687644
0.00022626926
0.999998
0.99881446
0.0009883087
0.0006202136
0.0012707901
0.42231363
0.786332
0.99999833
0.00010928535
0.99995327
0.97781384
0.99997747
0.00089017034
0.9999949
0.00044975168
0.00020314341
0.1370976
0.999879
0.0004057043
0.43293506
0.99882716
0.0005535534
0.0003306107
0.0005214867
0.00029714542
0.9998035
0.9998584
0.00090562645
0.44910702
0.9999293
0.00079209707
0.36405793
0.9998374
0.00055104925
0.0004979885
0.99999523
0.00073314796
0.001289168
0.99995923
0.43395573
0.9999957
0.0003861998
0.00075336936
0.0014926915
0.00014069233
0.043753546
0.99993134
0.35021105
0.0004373619
0.43395573
0.99996006
0.57201535
0.99014586
0.54132575
0.00037952367
0.0006412269
0.9980996
5.8023896e-05
0.43395573
0.0006220633
0.43395573
0.9996929
0.43395573
0.0002045192
0.9999958
0.43392882
0.0005948146
0.27049655
0.99785346
0.9880265
0.0008282819
0.9986349
0.0009982664
0.43392497
0.39097983
0.999959
0.0006481323
0.55971235
0.99948114
0.0013749622
0.0021278518
0.9999701
0.00053598767
0.99999845
0.00089318777
0.9247601
0.43395573
0.0004580788
0.9983771
0.0005185535
0.0012464551
0.54188037
0.9999106
0.0005287134
0.031396892
0.99999917
0.5572438
0.99995565
0.9999608
0.54658467
0.99981576
0.5525667
0.00088493386
0.999936
0.0005373135
0.4350397
0.0033379619
0.00016758082
0.99999833
0.0008031747
0.99849474
0.5600971
0.0005014414
0.0005395146
0.00033454798
0.00033188684
0.999974
8.9125366e-05
0.99990714
0.0006129503
0.43395573
0.5542696
0.9882316
0.99995506
0.9914363
0.00028920607
0.998494
0.00030625652
0.00016050939
0.00054186623
0.000102667305
0.00020148522
0.99590343
0.4339152
0.43395573
0.000983069
0.2541757
0.9995128
0.9999956
0.998914
0.9995604
0.99898845
0.89512956
0.99858654
0.9999832
0.0005820872
0.6945785
0.5601842
0.0010837214
0.3375178
0.9999461
0.0012172307
0.99965715
0.0003408517
0.5532434
0.9999995
0.99999654
0.56133467
0.5681582
0.9998715
0.0018260655
0.0016619451
0.002122357
0.00042167518
0.4026103
0.044131394
0.0014002509
0.99999905
0.9994066
0.9844094
0.43395573
0.43395573
0.006373401
0.43395573
0.43395573
0.48748234
0.0008855774
0.9985065
0.004465528
0.9999492
0.00042041807
0.30650982
0.9999927
0.9998815
0.5618887
0.00030759553
0.9915132
0.00047541637
0.7489297
0.0012598417
0.0006861462
0.0008654411
0.43395573
0.9999794
0.00091209303
0.00019062731
0.549738
0.9999974
0.5658602
0.0013635001
0.9994791
0.9855806
0.99999905
0.0011938569
0.0023459196
0.9998958
0.00031546067
0.0010454551
0.42865014
0.55214113
0.5564714
0.4339022
0.0004993251
0.99971503
0.5442063
0.0009395991
0.55263054
0.43395573
0.03086932
0.0009139386
0.99999535
0.9996762
0.0038452516
0.0003073657
0.0015086319
0.9829202
0.00033534726
0.99832696
0.40541458
0.5602593
0.000654607
0.00030018875
0.99996614
0.99999464
0.99999154
0.5781685
0.17220432
0.99997306
0.00044303914
0.00014245792
0.0035954725
0.99409735