0.5518034
0.99784076
0.40418845
0.62697613
0.40330887
0.0024571505
0.0019586233
0.9995029
0.40327796
0.62369525
0.07447985
0.0008739916
0.0015143227
0.39759982
0.99319756
0.0051318905
0.003922028
0.9969273
0.0015460949
0.5625027
0.91474575
0.00020149944
0.40393415
0.0027714097
0.0012858926
0.00022966781
0.568267
0.7004806
0.40295643
0.9841904
0.0021683995
0.4025121
0.56289583
0.4034756
0.40721437
0.39871782
0.5600206
0.9860616
0.9991295
0.9980203
0.00084462017
0.5392941
0.00072609336
0.40279648
0.002485047
0.0004644722
0.58790827
0.9234852
0.0016584147
0.99593085
0.9978544
0.0007791934
0.9612507
0.98752695
0.55293816
0.0020640788
0.59201443
0.0017727348
0.002426554
0.0008843636
0.59690887
0.9629573
0.5917094
0.40401947
0.7899101
0.76142293
0.6009874
0.0028217016
0.64279366
0.57237804
0.93420637
0.0007062888
0.93849665
0.1740746
0.0096423505
0.0008190072
0.0022926247
0.5916888
0.4042051
0.3995375
0.0061497213
0.0018744352
0.4004597
0.98045874
0.9944231
0.0008357044
0.5886487
0.9610686
0.979106
0.9388706
0.001298324
0.0016042901
0.9741011
0.9092111
0.0028977175
0.005110642
0.9921605
0.7968419
0.9992151
0.99262214
0.40376925
0.40248358
0.001334444
0.0014760548
0.40107012
0.00033966865
0.000881308
0.9422221
0.9805613
0.99315345
0.0017252965
0.40274817
0.99136025
6.736709e-05
0.40097535
0.0075820154
0.0006011311
0.0011892811
0.98794824
0.6066488
0.9981231
0.99891686
0.0015037267
0.9994122
0.0008422871
0.99927
0.00014638438
0.00872988
0.0012996608
0.6803058
0.9827424
0.9360214
0.006521069
0.9351968
0.00046537962
0.0021400831
0.66481894
0.99529946
0.4037926
0.0011525018
0.9991627
0.0008522145
0.96914166
0.0021001347
0.9438851
0.009401752
0.0040586684
0.29342318
0.0056630624
0.0012975958
0.9765271
0.9724673
0.39967164
0.0076140515
0.0027467976
0.39816153
0.9995511
0.0017151664
0.0014754568
0.9521195
0.98730785
0.9983778
0.67048395
0.90152895
0.97758126
0.0012575082
0.63936734
0.5675473
0.0006488947
0.003459632
0.001566337
0.4034238
0.00017171525
0.3151116
0.0014278643
0.0004395064
0.00019562656
0.98189443
0.0004071407
0.0018378979
0.18190078
0.0017591177
0.00065025175
0.9986772
0.6512838
0.95654535
0.40158647
0.40505102
0.013014989
0.9987847
0.0017128101
0.99886405
0.9918739
0.9845722
0.00031361467
0.0019384099
0.40233347
0.9730455
0.004037562
0.0018492743
0.0070462953
0.9976883
0.996247
0.99204046
0.9920333
0.9970995
0.00018239529
0.99667203
0.0015262681
0.005411479
0.39970297
0.4017654
0.9925217
0.0010770941
0.40309188
0.402409
0.00080818415
0.1507663
0.0030667756
0.0022949807
0.03539083
0.9935003
0.0019786195
0.0012359157
0.00081046997
0.98925424
0.922645
0.0037215687
0.4026914
0.0019095306
0.9350854
0.40317196
0.62666315
0.40241536
0.554604
0.4001278
0.9992091
0.99938846
0.00021792205
0.0012475265
0.006173335
0.00063162623
0.99167025
0.9478197
0.7539865
0.004206702
0.40398213
0.009098539
0.3992601
0.40026447
0.9989512
0.002328355
0.8046795
0.071958825
0.0011322869
0.00017537964
0.8148129
0.94227755
0.96984583
0.9979121
0.99620134
0.0020808429
0.99789715
0.97769517
0.27930668
0.00088880624
0.001428094
0.0037827736
0.5667862
0.9890326
0.40286967
0.41242293
0.013227364
0.00064609863
0.90880567
0.5493148
0.56125605
0.0021500436
0.9918646
0.87159276
0.9988702
0.99820364
0.008224986
0.0008343534
0.987502
0.99502385
0.3990798
0.9722765
0.0023970914
0.40432662
0.8466759
0.9796729
0.6007238
0.0017869413
0.9976164
0.001699379
0.6172268
0.9666248
0.0006197979
0.99832636
0.4023917
0.0025404682
0.8974999
0.9954699
0.9907059
0.0011987443
0.58942896
0.003411965
0.998178
0.0028036318
0.0011523942
0.86656445
0.9980385
0.931357
0.99851054
0.0011582413
0.0019567497
0.005302581
0.96690774
0.000989336
0.0010782866
0.0011489377
0.0026626494
0.0016577692
0.9979469
0.5813628
0.0003318764
0.0004562063
0.4029651
0.98055226
0.8311925
0.003315322
0.9903653
0.9988513
0.6101686
0.40250617
0.989849
0.97468174
0.0017149763
0.0020012485
0.0014990767
0.004489016
0.98604023
0.26390904
0.99215126
0.5823862
0.8062919
0.98984504
0.99341184
0.9268532
0.94731265
0.0013119027
0.99195236
0.28919
0.9492045
0.0043004514
0.0011826179
0.5988367
0.99832517
0.6321578
0.0012576693
0.9675936
0.005096454
0.0044702473
9.421918e-05
0.39935073
0.9442257
0.0008732233
0.0022820213
0.40329772
0.4052728
0.0033222542
0.9944365
0.0011830302
0.0022578624
0.00021216413
0.9018981
0.8085027
0.0024786887
0.009642132
0.9990902
0.9301764
0.8744
0.00057666947
0.0020841486
0.77938175
0.9768892
0.38616052
0.007741789
0.9538796
0.5592088
0.0012551843
0.0014991137
0.9457744
0.4032423
0.99298227
0.98859394
0.001425731
0.0005981395
0.0005064136
0.0012962396
0.893834
0.93832326
0.27775657
0.54910254
0.4012824
0.9985391
0.9995652
0.972212
0.4019675
0.9597588
0.40429926
0.98433936
0.99896634
0.001649191
0.0026086173
0.7383427
0.001310607
0.9980726
0.00065706536
0.00456211
0.40194345
0.0017418548
0.00016478365
0.9955237
0.99997866
0.99765515
0.21171595
0.0010683556
0.001229848
0.0006248382
0.97163814
0.40168115
0.25592107
0.009273576
0.001478366
0.99941146
0.55884653
0.8274147
0.399738
0.0024390798
0.0018762328
0.0015269652
0.94512904
0.99742776
0.0009628834
0.9957098
0.9961014
0.40470645
0.9904289
0.95800084
0.40306064
0.75542426
0.0011604738
0.55249023
0.001029771
0.9963309
0.83234715
0.001638112
0.0041138856
0.9980836
0.9973821
0.00090215734
0.941902
0.0004662019
0.9900685
0.99081856
0.7891514
0.0014319242
0.0005048162
0.4040932
0.0019849676
0.998823
0.56312877
0.001952125
0.80588675
0.9021656
0.007097154
0.9818578
0.0012377459
0.00608846
0.4011045
0.4018737
0.99385947
0.002058527
0.003644707
0.00055381336
0.980093
0.96885365
0.40252912
0.5441061
0.92213625
0.9975672
0.9405304
0.40254173
0.4031469
0.9756034
0.004186524
0.0008880575
0.5359492
0.3996981
0.9936998
0.0014662762
0.00097469415
0.89888716
0.98668855
0.001148831
0.39882848
0.0020531046
0.041985266
0.0077737877
0.86619043
0.00065517443
0.99600667
0.40314782
0.3999398
0.5824546
0.22753249
0.0024199812
0.0026636005
0.69714326
0.70951486
0.0004002477
0.9961152
0.9998909
0.70582616
0.4018728
0.0013429173
0.9702544
0.00456583
0.97835404
0.4026643
0.011949479
0.3896907
0.0011701961
0.0017654442
0.0007706967
0.4031766
0.0003416963
0.56585294
0.40099105
0.9964318
0.4020484
0.99484706
0.40070847
0.00034042852
0.0015550348
0.0069957385
0.002601194
0.9947748
0.0019353284
0.0011904201
0.40322864
0.9909815
0.9805745
0.40373823
0.0028914842
0.013826466
0.0004380959
0.99354446
0.0011531211
0.9974591
0.5364482
0.40106538
0.9928241
0.001807869
0.9258291
0.99293125
0.0017437954
0.9921858
0.9850964
0.00083227176
0.5750744
0.0035723466
0.9824984
0.97988933
0.99374145
0.94466347
0.920705
0.0021315445
0.0009357108
0.0023283085
0.0009906197
0.0011650127
0.9701974
0.48251832
0.003090688
0.88887155
0.010329824
0.999785
0.0060799513
0.0008721518
0.0092577515
0.31984293
0.5703866
0.0014225615
0.0004514995
0.0038791606
0.98037636
0.0015365515
0.999863
0.99956626
0.9596238
0.0011850444
0.65323365
0.0014650354
0.4021552
0.40281034
0.00087500486
0.574901
0.0062965695
0.14113246
0.0026914505
0.9582995
0.71959394
0.00038279302
0.01044545
0.0023542228
0.9620733
0.9816715
0.9841173
0.37085304
0.0023170267
0.85695803
0.53420055
0.9930963
0.0024784328
0.9266951
0.6112743
0.4025232
0.00055237307
0.40215933
0.9998801
0.99222636
0.063410945
0.9982692
0.9729639
0.00042937644
0.00196219
0.0013549099
0.98832804
0.013081504
0.8092491
0.9961564
0.00252677
0.0022779873
0.0019498068
0.0507495
0.66642547
0.6415495
0.99136907
0.97436595
0.40371552
0.68981594
0.0040781246
0.9974125
0.99798346
0.99997413
0.0014469526
0.001420217
0.40051633
0.003154849
0.9785381
0.5574715
0.0009375187
0.97369325
0.005428001
0.0020479828
0.9923855
0.189038
0.54136354
0.9920105
0.0008463406
0.8779055
0.97599244
0.95500845
0.3049635
0.0013513545
0.985044
0.9925903
0.81202435
0.003651031
0.7277805
0.9990638
0.9347789
0.99706656
0.94972485
0.9924495
0.9538424
0.0028140775
0.0009672292
0.8510137
0.0039004064
0.005188696
0.007415162
0.003415227
0.0023903036
0.0033975553
0.9921665
0.5267034
0.40421337
0.57042354
0.9955586
0.012407817
0.006278566
0.9956852
0.0010219918
0.99452245
0.97759855
0.5943497
0.54167354
0.9425576
0.0014099119
0.0027016595
0.99938786
0.40013257
0.0007069592
0.9288851
0.001087977
0.3564371
0.00012232171
0.0010962653
0.8660271
0.0009697196
0.00085715624
0.0023546966
0.0013656288
0.4025142
0.00045059813
0.0048207985
0.9330155
0.98479825
0.39542443
0.002817556
0.93941516
0.0014256217
0.0016655822
0.99571496
0.6250955
0.0023152153
0.55264235
0.40260294
0.9942867
0.0006781
0.99416035
0.19903295
0.001773876
0.40222746
0.016185194
0.40404868
0.0044362117
0.0028349198
0.0018421279
0.9781342
0.54145163
0.0022550388
0.92682797
0.0019131647
0.004529971
0.40199855
0.0006710239
0.8408417
0.59134144
0.9066498
0.0011214649
0.01783922
0.009810076
0.9105803
0.00017578511
0.96082944
0.0006090991
0.020408062
0.66022366
0.00054876006
0.0012898011
0.97868836
0.9995454
0.13880111
0.9856698
0.0010744521
0.014005298
0.95254904
0.55004454
0.8714605
0.0024324697
0.98185396
0.9986308
0.55825025
0.99892753
0.0017332225
0.998585
0.9364383
0.99523646
0.0006135102
0.0013971366
0.0009826504
0.20380557
0.0013688392
0.9994985
0.0021335608
0.99984276
0.40223584
0.6285159
0.99353397
0.0012214176
0.0010465861
0.0016607074
0.79452986
0.99965525
0.9715106
0.998423
0.6545696
0.769099
0.937002
0.0015113573
0.40305376
0.8668333
0.5776912
0.0024632027
0.98504883
0.9962121
0.9987301
0.9902602
0.0022494467
0.0003841522
0.96244335
0.9987435
0.00057996507
0.46149147
0.40414402
0.99949896
0.003187702
0.0014094984
0.9757563
0.8760989
0.18783717
0.9854154
0.9338928
0.0028628458
0.0006350726
0.19888563
0.9989503
0.99931264
0.40334317
0.99952114
0.5854759
0.9882081
0.9978725
0.9801497
0.0015005813
0.033295315
0.9934476
0.007214817
0.00074794993
0.00076254207
0.90392035
0.0012284595
0.0012628759
0.0022761847
0.4025399
0.997883
0.40456265
0.77363586
0.0004878513
0.5770501
0.0030779133
0.21719815
0.0008301779
0.0063093975
0.0052746623
0.0012927165
0.5426451
0.40323627
0.9290178
0.0024305568
0.97833884
0.40317324
0.0014410793
0.012130085
0.3407124
0.5832414
0.40385586
0.7757293
0.0035726065
0.402075
0.0029828006
0.71998173
0.40306297
0.30040523
0.40427878
0.40180126
0.9987471
0.0028888762
0.99680316
0.94306177
0.8486622
0.9646292
0.0006100676
0.99959224
0.99210995
0.8033563
0.00032982332
0.98900235
0.4768441
0.9689363
0.37668416
0.0010416617
0.5443975
0.98093146
0.40284926
0.996416
0.0013000204
0.002541251
0.0021663927
0.2853065
0.9988563
0.5800181
0.40270433
0.55945706
0.9947448
0.0019368514
0.9975231
0.9820931
0.89727646
0.96216834
0.93274486
0.40336373
0.000712354
0.96740794
0.40333095
0.9938881
0.40287498
0.99949646
0.6345586
0.8232829
0.9995828
0.03662801
0.6167858
0.99268806
0.00188278
0.97972405
0.0022756713
0.0021780543
0.007937018
0.0022829466
0.40285036
0.0024956781
0.57512
0.55291116
0.96440613
0.0008575509
0.8169039
0.5632849
0.001436553
0.0010783904
0.988318
0.9657956
0.4032734
0.9454941
0.99074125
0.96903235
0.0026783298
0.9721868
0.0018123888
0.96495116
0.0019192676
0.0012196336
0.40220377
0.9660907
0.0016530873
0.99945194
0.39997184
0.94645715
0.4030402
0.0009682683
0.798221
0.99501145
0.000354168
0.9994412
0.9948197
0.0016211864
0.93507195
0.009568157
0.0010867236
0.4029861
0.2571609
0.6883566
0.37814477
0.63515717
0.5411947
0.93849
0.4023176
0.64540404
0.0013719655
0.9301916
0.40500987
0.40025988
0.0019187663
0.0020118714
0.9924131
0.40300462
0.5044816
0.0016563224
0.98147625
0.41534746
0.0019377917
0.95526236
0.0014683672
0.4042147
0.9248409
0.0052234028
0.000770513
0.94419736
0.99274915
0.40408194
0.23732881
0.80328816
0.0028881442
0.40399435
0.9959501
0.4028791
0.40044206
0.0073832017
0.005705069
0.40024078
0.40403134
0.40059417
0.9653967
0.9952301
0.965029
0.00080176076
0.40440455
0.8116615
0.0009329591
0.007279774
0.76400316
0.0007711297
0.97498626
0.994055
0.98852354
0.99767965
0.0014299918
0.0034679242
0.9272286
0.9958615
0.9579643
0.9891929
0.58532155
0.4022783
0.9999753
0.006697595
0.98388577
0.99886405
0.00028000693
0.00047977423
0.0009150272
0.0026060182
0.97019064
0.9637398
0.98878026
0.00058018626
0.9971738
0.015173372
0.56044537
0.0010059308
0.97042346
0.9877081
0.9852004
0.9994636
0.9928677
0.0024241393
0.40111443
0.0018684675
0.9619833
0.9198899
0.61481273
0.0014947555
0.9972166
0.9897015
0.6403409
0.00054279383
0.9935986
0.0005386187
0.96158314
0.9868658
0.997166
0.0015528079
0.40063557
0.97792965
0.011613755
0.001578057
0.0010127448
0.96714395
0.0009689762
0.25284874
0.97370017
0.78152716
0.009405604
0.0010525499
0.92476785
0.99779665
0.0005730707
0.99139297
0.5560569
0.0010671258
0.003435362
0.003068928
9.224952e-05
0.967094
0.40145302
0.0018559941
0.92318964
0.9321881
0.002897682
0.008467534
0.99237365
0.0022323744
0.77938443
0.0020060055
0.001038729
0.003072449
0.0035734605
0.91629034
0.002085862
0.0025742291
0.98052466
0.002760677
0.00049661973
0.68102074
0.1349853
0.0005739992
0.0020779457
0.40070868
0.40315333
0.9059379
0.97962177
0.9609895
0.0013257868
0.8736841
0.005262764
0.98290104
0.01215239
0.9993499
0.99258476
0.98993355
0.988414
0.001292559
0.0010292537
0.4034853
0.95608974
0.40291047
0.5641999
0.62155855
0.6644655
0.40235502
0.7512908
0.5655577
0.40294045
0.89258146
0.8824286
0.9959967
0.5414752
0.9993863
0.002241233
0.0021395842
0.92006457
0.0007980909
0.0043331846
0.00029624873
0.0011426667
0.878228
0.9600713
0.99985886
0.97064126
0.0049391356
0.9973827
0.007773501
0.00041271234
0.0026909474
0.8934552
0.00028206687
0.0017539889
0.40373993
0.9961842
0.012467329
0.40346637
0.0012846366
0.00094940304
0.0059209093
0.00030672227
0.00089531404
0.987638
0.004811629
0.9926252
0.032348797
0.40364063
0.0007935537
0.9456176
0.44989273
0.0010033236
0.009584909
0.9988741
0.8741065
0.0020263204
0.00094362104
0.0011693221
0.40002945
0.9245856
0.99828255
0.00020362763
0.99038285
0.6305386
0.97399175
0.0025423188
0.9967372
0.000925851
0.00012732524
0.5890027
0.9971704
0.0010723104
0.40236512
0.9916191
0.0012283114
0.0010339776
0.0013481888
0.0010725694
0.99801
0.9986003
0.0012857725
0.39784527
0.9943094
0.0009929555
0.4114011
0.9935041
0.0020908227
0.0052049635
0.99730754
0.005110186
0.001030461
0.99636495
0.40346882
0.99901175
0.0012848893
0.0011204932
0.01040043
0.0117129525
0.00559564
0.9641778
0.39815277
0.0017016431
0.40293318
0.98927337
0.8372134
0.9793982
0.55033344
0.00081276154
0.00202288
0.97383434
0.0005290663
0.4038522
0.0041160993
0.40305918
0.989629
0.40410212
0.3471204
0.99344516
0.40187588
0.0010203215
0.41699815
0.94244236
0.99679476
0.0007234742
0.8528228
0.0022822581
0.40153915
0.2298624
0.95149064
0.0004953539
0.61053866
0.91998225
0.001356321
0.00088793813
0.9893373
0.005017837
0.99920875
0.00039263105
0.8818185
0.4033424
0.0024173108
0.96188843
0.005152305
0.0011358086
0.5381567
0.95613956
0.0025143272
0.0025931168
0.99971133
0.6448902
0.99719006
0.9540403
0.5401024
0.99362355
0.61841935
0.0014652997
0.999788
0.0013989366
0.40345705
0.006111351
0.00047941922
0.98888725
0.0017818519
0.97213733
0.5606458
0.0013862824
0.0019225212
0.007416944
0.0016548438
0.92302155
0.013151505
0.9927747
0.003217359
0.4039445
0.5917188
0.98164266
0.96580005
0.8440559
0.0024348244
0.880663
0.0009491619
0.00097435666
8.08099e-05
0.0006305883
0.00061020226
0.95507586
0.40240034
0.4050952
0.00040102433
0.1968415
0.97603863
0.9789079
0.961341
0.97332025
0.98712116
0.76070213
0.9536113
0.9745531
0.0013385932
0.95756876
0.65487397
0.0011608553
0.42164454
0.9766973
0.0022770695
0.92616755
0.0010259027
0.5503676
0.9998553
0.9973074
0.5850376
0.61588144
0.9884897
0.0006491146
0.004726337
0.010144292
0.0025321108
0.36209235
0.0039905645
0.0016309052
0.9840449
0.9958553
0.7776964
0.4041732
0.4036247
0.022356678
0.40336788
0.4045059
0.53535014
0.0016375218
0.97541183
0.04130893
0.975233
0.00024262164
0.17241225
0.9955407
0.9966478
0.8747572
0.00074175716
0.9579745
0.0013683477
0.931071
0.003107206
0.000709187
0.0013005332
0.40160143
0.9959877
0.0012729125
0.00085019984
0.5911492
0.9981516
0.60726535
0.0013410584
0.97204834
0.7362577
0.9830905
0.0023231513
0.0017310187
0.9981755
0.0011426487
0.0006110135
0.40135902
0.44698277
0.5664786
0.40056416
0.0019124355
0.98688704
0.62879235
0.0016636432
0.5679378
0.40334663
0.022170082
0.0015173742
0.9993585
0.99204695
0.0121331485
0.0013112869
0.0028263356
0.9946109
0.019495435
0.94397324
0.35323936
0.6400864
0.00050686946
0.001110832
0.9943356
0.99464536
0.9739919
0.7040507
0.16723616
0.9983176
0.0018322145
0.00096469466
0.0053401855
0.97953314