0.5046834
0.9999989
0.40311104
0.5198018
0.4031011
0.00063332124
0.0004474314
0.99999845
0.40313074
0.6192569
0.0009732368
0.0017778482
0.0011712768
0.40310502
0.99967766
0.00033953655
0.0007515004
0.9705231
0.0076956614
0.41857186
0.9408066
0.0003843031
0.40314418
0.0005353783
0.00055700284
0.0012421979
0.4054547
0.9801759
0.4031221
0.99992
0.0015084486
0.4031354
0.5802441
0.40311775
0.4031744
0.40312007
0.5049453
0.9864203
0.9999962
0.9999298
0.00041882385
0.43708354
0.00010222399
0.4031047
0.0013915289
0.0008623719
0.55157924
0.9508719
0.0011269179
0.99995756
0.97696996
0.00077984785
0.99987555
0.9992416
0.40305445
0.0001318579
0.5020761
0.00050541415
0.00017408941
0.0010061844
0.5090738
0.9999583
0.49312362
0.40311593
0.82271725
0.83157134
0.5290087
0.00012918143
0.3760753
0.50910896
0.99996364
0.0010881843
0.48925957
0.111297555
0.0004890884
0.0010876283
0.0010086962
0.50231504
0.40314248
0.40312096
0.0010279454
0.0006342343
0.40309787
0.9997811
0.9998666
0.0003864926
0.5357759
0.9989249
0.9978288
0.9972932
0.0011111372
0.0010096529
0.99994683
0.99760026
0.00011318375
0.0005606186
0.99965644
0.9485673
0.9999889
0.9999875
0.40311807
0.40309575
0.0005745627
0.0006795119
0.40311414
0.000334816
0.00063543406
0.99671954
0.9994997
0.99993217
0.0030662157
0.4031238
0.9999658
0.00044294624
0.40314117
0.00028756796
0.00052111846
0.0023025451
0.9999635
0.38706607
0.9966016
0.9999763
0.00020713222
0.9999999
0.00054104486
0.99998116
0.00018589702
0.0002534672
0.0004136886
0.9332222
0.9995819
0.98994607
0.000106654916
0.99874616
7.960815e-05
0.0015867794
0.085474126
0.9999999
0.40312544
0.00033514973
0.9999999
0.00058233226
0.9675504
0.0007374356
0.98088616
0.00011986814
0.0004479388
0.4032729
0.00082072587
0.0002483532
0.9999609
0.9799079
0.40313447
0.00039128348
0.005289411
0.40312922
0.99997914
0.0009706995
0.0010072126
0.9592305
0.9999864
0.99771285
0.24407421
0.99928266
0.9996437
0.00089187635
0.53532076
0.53287506
0.00011737052
0.0006293962
0.0015458703
0.40309212
0.0018820971
0.33477178
0.0013999335
0.0004905206
0.00075112097
0.99994695
0.0017933719
0.0005907591
0.26353547
0.0014089951
0.00040919517
0.99998295
0.96454585
0.9995752
0.40311036
0.40314487
0.00035027374
0.99827254
0.0011356301
0.9997882
0.9999815
0.999813
0.0005484583
9.154347e-05
0.40310204
0.9956756
1.6724871e-06
0.0010286807
0.002942649
0.97346616
0.99993503
0.99999535
0.9999629
0.99999917
0.0003965879
0.99999547
0.0045558433
0.00017351766
0.40306592
0.40315253
0.99999166
0.0013992845
0.4031141
0.40309837
0.00027022348
0.13986686
0.00074574107
0.0008361421
0.0021996265
0.9999373
0.0010171875
0.00010867875
0.0011547067
0.99996495
0.9964881
0.009059698
0.4031235
0.0006393949
0.99970466
0.40312728
0.33535352
0.40310147
0.53311545
0.40311217
0.99986327
0.9999851
0.00028082746
0.0006277371
0.000405135
0.00020393735
0.9998809
0.9940843
0.80383676
0.00052719994
0.40312132
0.00033336933
0.40309018
0.5080764
0.99999976
0.000818933
0.8984333
7.4810196e-05
0.00035581086
0.00039433103
0.99656016
0.9977608
0.9990984
0.9999808
0.99971
0.00042275604
0.9999777
0.9916643
0.33325016
0.0013658564
0.00095339236
0.00036326316
0.48102063
0.9996587
0.40310004
0.17878917
0.00040164337
0.00037812174
0.9937179
0.5196695
0.19853608
0.0008424777
0.99996877
0.99716103
0.99995506
0.9999987
0.00039722997
0.0011038376
0.99998474
0.9999949
0.4031362
0.9999634
0.00091114145
0.40312505
0.734915
0.9997383
0.5377027
0.0004958589
0.9992675
0.0020875183
0.53839076
0.9982091
5.461656e-05
0.9874205
0.40327078
0.0008628606
0.9722134
0.999908
0.99977
0.0006375141
0.50086486
0.00018112548
0.99847776
0.00075152185
0.00024316329
0.54897887
0.99940705
0.9986303
0.9995746
0.00032872308
0.0011161616
0.00014308267
0.9995333
0.00082426885
0.0006427492
0.0011550841
0.00061025255
0.00036967263
0.9999974
0.54096544
0.002621694
0.00031412186
0.40308693
0.9881412
0.5609659
0.0014682623
0.9991265
0.9999851
0.66509235
0.40312287
0.9999659
0.9999963
0.0047243475
0.0010360976
0.0006917867
0.000496214
0.99918824
0.40327504
0.99993694
0.6384511
0.7614324
0.940819
0.99999905
0.99881434
0.99740463
0.0008794399
0.99999
0.40324384
0.9992011
0.00021099266
0.00036964953
0.5437288
0.9999764
0.5735555
0.00094509847
0.99688643
0.00011696227
0.0005895633
0.0007572114
0.40310156
0.98599374
0.00041674348
0.0010329811
0.40310144
0.40317157
0.0005532834
0.9999963
0.00049880135
0.000845506
9.4770556e-05
0.9996088
0.9349607
0.00037608697
0.0012216957
0.9999739
0.9880332
0.98906916
9.076837e-05
2.2299688e-05
0.90581435
0.99994814
0.40320098
0.0009544521
0.9995896
0.5191474
0.0005674874
0.0007514807
6.7337737e-06
0.4031324
0.9733742
0.96413213
0.0012701051
0.0014354666
0.00028397268
0.0003352996
0.98354185
0.99941444
0.40321267
0.46224704
0.40311643
0.99963486
0.99255157
0.9999689
0.4032748
0.9865497
0.40315643
0.7878151
0.9999453
0.0012846097
0.0012631003
0.98789513
0.000809644
0.99999905
0.0003336905
0.0010233802
0.40310103
0.00026537525
0.00043837976
0.9869047
0.9999684
0.9999659
0.40334764
0.0016316094
0.0037491038
0.00040103734
0.9993154
0.40313333
0.05232057
0.0027846512
0.0011184424
0.99997604
0.49121198
0.64143515
0.4031147
0.0008986771
5.523388e-05
0.0013729963
0.99139845
0.99999547
0.0013485221
0.99970007
0.9999119
0.40314516
0.9999939
0.9931242
0.40305057
0.9171765
0.00038969115
0.51472336
0.00049134047
0.9999399
0.3551611
0.0008101831
0.0010985129
0.9974662
0.99999785
0.0010188222
0.96723825
0.0021156713
0.99999917
0.9998517
0.34823722
0.0015600936
0.0004248526
0.4031199
0.000596608
0.999869
0.51810473
0.00084351475
0.9944377
0.99349916
4.844487e-05
0.9999722
0.0053086462
0.00020999498
0.4031061
0.4030204
0.998251
0.00041593346
0.00024917026
0.0010425459
0.9999213
0.9999399
0.4032865
0.40348133
0.5712529
0.9999933
0.9990521
0.40306485
0.4031202
0.99992776
7.607998e-05
0.0018361788
0.48376033
0.4031629
0.9999355
0.0009552563
0.0010367375
0.9291067
0.999747
0.0012825918
0.40324968
0.0015419129
0.8717202
0.00036958733
0.81850976
0.0001231145
0.99984694
0.40312272
0.40311888
0.51129955
1.8491728e-05
0.0011530307
0.0021045252
0.5187895
0.5140348
0.0006283829
0.9994609
0.99999547
0.8005373
0.40308568
0.0012468339
0.99172056
0.0002791843
0.9999224
0.4031465
0.00025472092
0.40324527
0.0014585326
0.0013801659
2.6667616e-05
0.40305257
0.00019820366
0.50303066
0.40313232
0.99984705
0.40310532
0.8641863
0.40317905
0.0003319704
0.0013520444
0.0005550288
0.0004895887
0.99996495
0.0027991573
0.00051972555
0.40330055
0.9996352
0.9999815
0.40312737
0.0006417032
0.001005312
0.00025968856
0.99990034
0.0015392497
0.99997616
0.51595956
0.40310484
0.9998747
0.0006055849
0.9977684
0.9999943
0.00052486896
0.9962469
0.8662963
0.00017066533
0.52409464
0.0009245715
0.99998546
0.9980261
0.9999919
0.7706448
0.99350137
0.0051077334
0.0009693275
0.00022866164
0.0007405487
0.000544199
0.9996182
0.5186766
0.0009271769
0.41979292
0.00060658914
0.999979
0.00047852827
0.00052544737
0.00014151563
0.33789712
0.49723458
9.9707686e-05
0.0010046627
0.00078460353
0.9998535
0.0011764202
0.99999833
0.9999987
0.99176204
0.000346295
0.8306254
0.0009725764
0.4032879
0.40307343
0.00021874058
0.50411224
0.00020121798
0.8209078
0.00030288793
0.9999715
0.62058806
0.0019553588
0.0024369552
0.00049790356
0.99844664
0.99973005
0.9964541
0.39990652
3.0250696e-05
0.98458695
0.40301278
0.9999944
0.0011169784
0.9139327
0.9373582
0.4030961
0.00064966694
0.40311387
0.9908365
0.99990165
0.0048299073
1.0
0.9994273
0.00043898213
0.0025085409
0.001021044
0.9998683
0.00035769728
0.4651062
0.99994516
0.0008672452
0.0011187695
0.0044431034
2.1364453e-06
0.55575955
0.9757982
0.99987996
0.98828924
0.40313718
0.8682849
0.00021338504
0.9908146
0.9832587
0.9998882
0.0013953447
0.0014303998
0.40314394
0.0003215668
0.9999194
0.32114103
0.00026442483
0.99910516
0.0009149946
0.0011083548
0.9987226
0.40276337
0.49803376
0.99998784
0.00046253193
0.97874326
0.98105043
0.9998447
0.30890968
0.0018704962
0.9998361
0.9996674
0.5241095
0.00027014053
0.46836665
0.99993694
0.9786902
0.9999522
0.91950285
0.9999659
0.9994481
0.00024669437
0.0006379341
0.9815963
0.0011940695
0.00012263353
0.00017689823
0.0015216267
0.00041269205
0.001377337
0.9993055
0.38428867
0.40320602
0.50211746
0.9999788
0.009118298
0.00039138345
0.9999521
0.0006433409
0.9997975
0.9999999
0.5842162
0.40674326
0.9992632
0.0004530468
0.00025472115
0.9998927
0.40309978
0.0006315164
0.9989115
0.0014499057
0.31303987
0.00028145305
0.00069230906
0.632749
0.0017789197
0.0005801531
0.0009704512
0.00049290207
0.40312505
0.00057224
0.004314186
0.996842
0.9985098
0.40314382
0.00088305847
0.9838382
0.00094271475
0.0024510918
0.99991894
0.5715905
0.001395687
0.463378
0.40307552
0.9932313
0.00048549214
0.9999852
0.06028042
0.0008648525
0.40310708
0.000115832816
0.40314946
0.00021703208
0.0006050207
0.0016054034
0.9796805
0.40487397
0.0012340542
0.9991359
0.0016409282
0.001381458
0.4020262
0.0017954191
0.99628663
0.49889114
0.9445109
0.0008466193
0.00049747253
0.00047612516
0.94523233
0.00081030664
0.99980897
0.00025905794
1.4543312e-05
0.5095746
0.00092547433
0.0009341732
0.99921906
0.9999987
0.40330583
0.99980897
0.00013734377
0.00029720264
0.91392124
0.6732973
0.97350705
0.0020155206
0.99997663
0.9999845
0.48129004
0.9999938
0.0040413216
0.99992406
0.9995403
0.9999527
0.0008403903
0.002898802
0.00028292416
0.40325987
0.0007399071
0.99999785
0.0011787736
0.99999475
0.40327722
0.9743653
0.99999595
0.0009708451
0.00090939255
0.0007970713
0.18998232
0.997999
0.9957658
0.9999964
0.5214481
0.40311745
0.8304153
0.0010302361
0.40328977
0.98897904
0.5469663
0.00058153627
0.9995709
0.98999923
0.9999826
0.9993061
0.0024118274
0.000922493
0.98307323
0.9999987
0.0001829757
0.34352043
0.403122
0.9999939
0.00095600064
0.0026585725
0.99992335
0.9949536
0.50357634
0.99942774
0.99316895
0.001165162
0.00054603314
0.012605457
0.99999833
0.9999981
0.40325254
0.99998355
0.4975105
0.99989223
0.9999982
0.9581421
0.0013222774
0.0023817215
0.9973827
0.00025099597
0.004700469
0.0003422706
0.9774991
0.0015870702
0.0016089719
0.00081369537
0.40313926
0.9999796
0.40312922
0.94953394
0.0026979821
0.51185745
0.003629711
0.40332785
4.684919e-06
1.0366417e-05
0.00074844685
0.0005628966
0.33302808
0.4031226
0.8955809
0.0006781914
0.9999677
0.40310133
0.0005034474
0.0013311172
0.24204037
0.49027228
0.40314686
0.73778945
0.00010826718
0.40312517
0.0007104513
0.587733
0.40311444
0.03391209
0.4031283
0.403122
0.9999912
0.00041223734
0.9999809
0.9991886
0.99175864
0.99144137
0.003793632
0.99990845
0.9999502
0.50442845
0.0002579341
0.99952745
0.25542638
0.9999862
0.2327117
0.00131356
0.49879947
0.9991923
0.40311128
0.99997735
0.00028311575
0.00022333243
0.002172913
0.12043104
0.9999877
0.44656113
0.4031863
0.5322122
0.98835295
0.00017959868
0.99999535
0.9999844
0.9983835
0.9908155
0.95005524
0.40314248
0.0002756213
0.9997459
0.40311897
0.9999622
0.4032812
0.99986994
0.54649794
0.97533935
0.99976736
0.0010411736
0.5291265
0.9998685
0.0023124008
0.99977356
0.00060281047
0.00047590648
0.00018709911
0.001608589
0.40311018
6.0135844e-05
0.50997204
0.47717747
0.9999627
0.00040132532
0.9759877
0.29335114
0.00033066524
0.0010663393
0.9992793
0.9853875
0.40229467
0.9924304
0.9998877
0.99767774
0.0006291398
0.99974984
4.0563347e-05
0.99986696
0.00042803804
0.00053090433
0.40311497
0.9981521
0.00088897726
1.0
0.40311483
0.9993262
0.40311077
0.0024219204
0.97791696
0.9997985
0.00026514384
0.99149305
0.9995148
0.0017055772
0.89761674
0.000182621
0.0010727829
0.40306267
0.40243894
0.81587386
0.3046903
0.5047499
0.48350173
0.9429535
0.40311548
0.5051866
0.0008850346
0.9555104
0.4031593
0.40312934
0.0009916726
0.0005414516
0.99997866
0.403094
0.5204764
0.0012654937
0.9979651
0.49706936
0.00046320457
0.999529
0.001056226
0.40311754
0.94154894
1.905685e-05
0.00082742487
0.9987571
0.9999951
0.40311787
0.09424433
0.5096999
0.0007909725
0.4031176
0.99999106
0.4030527
0.40310714
4.3879704e-06
0.00020119286
0.4031167
0.40314573
0.40256312
0.99369085
0.9997458
0.98797196
0.0005212941
0.40314215
0.99478596
0.00044774203
0.0002484984
0.69126064
0.0007128127
0.9988464
0.999998
0.9999888
0.99998903
0.0010201028
0.0005082328
0.9608377
0.9999951
0.9990953
0.9949934
0.57654524
0.40310994
0.99998164
0.00014848112
0.99997294
0.99999976
0.00025282663
0.00076375797
0.00080662576
0.0008515449
0.99994826
0.99568045
0.9977596
0.0016957168
1.0
0.0012426979
0.50916463
0.00086503546
0.99636334
0.99900764
0.9995111
0.9998349
0.9996308
5.6433746e-05
0.4031111
0.0011771943
0.998725
0.918135
0.4030708
0.00062452356
0.99999154
0.9996878
0.5240624
0.0006084278
0.9999049
0.00033779113
0.9911947
0.9949443
0.9999802
0.0003269874
0.40308997
0.9977182
0.000566038
7.251851e-05
0.0018542195
0.99996436
0.001360277
0.42626166
0.99513346
0.8718098
0.0011486439
0.00021046643
0.99269897
0.999977
0.0026026643
0.9995431
0.41354254
0.00040652836
0.0017993384
0.006953278
0.00026342637
0.9996001
0.40310094
0.0019664555
0.9954828
0.99580425
0.0007681345
7.7541035e-06
0.9964419
0.0014988919
0.99388736
0.0006186262
0.00018098875
0.0019695293
0.00050389796
0.98967326
0.00012185789
0.00073288806
0.9993686
0.00022771282
0.0002993451
0.40606925
0.03107994
0.00057309336
7.014134e-05
0.4031266
0.4030941
0.9954554
0.99842143
0.9999982
0.0002661014
0.93060404
0.0009784773
0.9996376
0.00037108373
0.99999833
0.99853325
0.9999151
0.95809394
0.0011939717
0.0010491612
0.4030942
0.98179734
0.40309846
0.48495063
0.12397188
0.30764434
0.40309128
0.39764914
0.53439385
0.4031264
0.82758236
0.8945095
0.9999902
0.5014191
0.99970883
1.6546155e-05
0.0011691093
0.99518
0.0011846602
0.00034802314
0.00046804757
0.0011330012
0.7962501
0.9942099
0.9999956
0.9985287
0.0005304931
1.0
0.0023054928
0.00059981825
0.00028662034
0.8612386
0.00013216228
0.00042652205
0.4031124
0.99985766
9.1240605e-07
0.4031177
0.0004923675
0.0013014606
0.00047162757
0.00031917164
0.00039714648
0.99928707
0.0005176261
0.99316216
7.17481e-05
0.40313038
0.00020419322
0.9995721
0.2576777
0.0007589213
0.0005778243
0.999995
0.99140656
0.00095733814
0.0014195051
0.00089630065
0.4031182
0.91164786
0.9999993
0.00048157328
0.99969876
0.67030394
0.9996605
0.00041898777
0.9999927
0.0009628948
0.0017230158
0.38652194
0.99897003
0.00048512532
0.40316558
0.9890316
0.0009465204
8.5486354e-05
0.00041147645
0.0011771568
0.9998567
0.998565
0.00039348047
0.40311414
0.99999344
0.0006190278
0.46444595
0.99148
0.00057320617
6.000375e-06
0.9999813
0.0002264469
0.0016821673
0.9989485
0.40308556
0.99989283
0.00043580003
0.0008933209
0.00061045034
0.0052637127
7.0191054e-05
0.99948263
0.40312767
0.0005493108
0.4030591
0.9999951
0.90566814
0.9822856
0.43337098
0.00052850763
0.0009727223
0.9982071
0.0007189449
0.40310174
0.0008553059
0.40320417
0.99961084
0.4031219
0.00025428194
0.99987245
0.40309885
0.0018286661
0.5008483
0.9756091
0.9991529
0.00055765145
0.98075837
0.0013336875
0.40311542
0.5941209
0.99992764
0.0015488024
0.5006069
0.9924948
0.0014006797
0.0004375571
0.9999778
0.0003676274
0.99998665
0.0002844366
0.9280489
0.40333322
0.0007726689
0.99944335
3.938369e-05
0.0010624648
0.4082545
0.9999939
0.000784688
0.0004900855
0.9995179
0.48056522
0.9995529
0.9994294
0.50358385
0.9995427
0.5057912
0.0005626442
0.99963784
0.0007098537
0.40304524
0.00036363513
0.006084298
0.9999553
0.0012132834
0.98974997
0.5075886
0.0008751987
0.00090163614
0.00023015426
0.00029283518
0.9985977
0.04100214
0.9999416
0.00048284605
0.4031187
0.49559867
0.9991074
0.9993338
0.983697
0.000874924
0.7225998
0.00023751886
0.0012187765
0.00025178288
0.001797759
0.00041398447
0.999859
0.40311798
0.40313342
0.0008325985
0.3967457
0.99964607
0.9996247
0.9997844
0.9999262
0.9999876
0.61407024
0.9961261
0.99845755
0.0026395656
0.5697038
0.51414114
0.0005231525
0.6557487
0.9997514
0.0016031356
0.9997111
0.0015681732
0.50791705
0.99999857
0.99994147
0.5096631
0.51366866
0.9999832
0.00016069085
0.00031403772
0.00079817115
0.0010166779
0.4032414
0.00047620392
0.000774005
0.99999547
0.9775745
0.9652016
0.40312845
0.40309688
1.7950595e-06
0.40310505
0.40313038
0.38962546
0.0009413066
0.9982772
0.00026232985
0.9891589
0.00019734133
0.23951761
0.99999523
0.9993668
0.56926215
0.0002713328
0.9982167
0.0011519212
0.9915236
0.0009875986
0.0006296845
0.0014239332
0.40310785
0.99938965
0.00071364193
0.00017559114
0.5024478
0.9999546
0.5099627
0.0008109868
0.9972187
0.93402696
0.9994357
0.001405982
0.0007380993
0.9990662
0.0003685561
0.00030835043
0.4030941
0.4592427
0.5002933
0.4031363
0.0021741632
0.9997608
0.49255612
0.0004752453
0.50916016
0.4030893
0.00016822344
0.0014120572
0.99991333
0.9740242
0.00080784765
0.00043243956
0.005979162
0.96856415
0.0020778845
0.9963399
0.40330687
0.6141699
0.0001811393
0.00036602854
0.99920887
0.99998283
0.9998185
0.58309656
0.05361193
0.9999937
0.0010793734
0.00014891017
0.00013730068
0.99812025