0.99999917
1.0
1.4799258e-20
1.0
3.2384568e-18
5.3569014e-17
6.7563244e-18
1.0
6.5216517e-19
0.99712485
6.446495e-23
1.1044764e-18
5.6640996e-19
2.4609915e-11
1.0
3.753338e-18
3.315999e-19
1.0
9.023123e-12
0.9969201
0.9999924
8.5085954e-19
3.4427048e-19
6.783204e-19
1.0278964e-17
5.3702754e-12
0.0036160012
0.99999785
6.850928e-13
1.0
4.652607e-19
4.2445982e-17
0.00015366243
8.101894e-12
1.0849918e-17
3.735066e-20
0.9999994
0.9999999
1.0
1.0
1.0719511e-16
0.00047733966
4.2307588e-18
1.6349634e-20
4.0501735e-19
1.370294e-15
1.0
0.9972339
5.355425e-19
1.0
0.99999976
5.5542308e-18
1.0
0.9999912
0.016093947
8.431218e-18
1.0
1.2170018e-11
1.7542162e-17
7.6557917e-13
1.0
1.0
1.0
1.7700918e-19
0.99974066
0.9930514
1.0
1.302451e-15
0.84010804
1.0
1.0
3.789906e-13
0.9985127
0.30128342
8.622551e-22
2.5589866e-19
2.9526088e-19
1.0
1.838927e-19
3.5360893e-19
7.810283e-18
1.9827134e-17
2.4999189e-18
1.0
1.0
6.932107e-17
1.0
1.0
1.0
0.9996333
1.5788216e-18
3.5374805e-18
1.0
1.0
6.691213e-22
1.4509371e-11
1.0
0.99980754
1.0
1.0
2.5109373e-19
4.446142e-19
2.0658525e-17
6.1695607e-19
6.0331723e-20
4.6245127e-17
1.4357906e-18
0.99999535
0.9999995
1.0
6.509347e-12
1.18195385e-20
0.99999964
7.6025144e-18
1.1851258e-16
6.5945506e-19
5.9897914e-18
2.330889e-09
0.99999785
0.9733998
1.0
1.0
3.459311e-12
1.0
2.0228007e-15
0.9999995
6.245228e-15
1.4789186e-16
1.3987204e-19
0.9999933
0.99999976
0.9999732
1.9992267e-15
0.99996364
4.3145153e-18
1.085145e-17
0.06293667
1.0
3.321975e-19
1.7667629e-15
0.9999999
2.9192786e-19
0.9996474
2.7828232e-19
0.9985605
1.9558717e-18
1.7318347e-18
3.7065453e-23
2.192664e-13
2.0418536e-18
1.0
0.9999763
6.4730163e-21
8.855851e-18
3.427013e-12
3.841023e-20
1.0
2.6359103e-19
2.5438327e-19
1.0
1.0
1.0
0.975045
1.0
0.99998903
6.4377134e-18
1.0
0.99999785
3.4742295e-15
2.2680274e-19
8.5559576e-18
9.427687e-18
9.697007e-13
0.09262368
4.3218776e-11
2.6176261e-17
3.197357e-12
1.0
2.295947e-13
7.070202e-18
0.79459834
7.3155e-20
4.7495687e-19
1.0
0.9999931
1.0
8.895863e-20
5.717633e-19
9.480087e-18
1.0
2.3616987e-18
1.0
1.0
1.0
2.4802827e-12
2.4300324e-16
1.4504339e-18
0.9999981
4.1753637e-18
3.8094188e-19
7.414437e-12
0.9999995
1.0
0.99999964
1.0
1.0
2.372174e-13
1.0
8.443474e-12
3.7599864e-11
1.0678889e-18
4.189226e-19
1.0
6.3652134e-14
1.7794694e-18
3.4187309e-18
9.572614e-17
0.022173174
2.7777142e-17
1.0260953e-15
3.1203375e-19
1.0
4.3470345e-15
5.18219e-18
2.8400936e-18
1.0
0.9999995
1.6925685e-11
6.122433e-20
1.4156948e-18
1.0
3.0053816e-19
0.56039584
8.2624636e-19
0.9994654
1.8841268e-12
1.0
1.0
1.1721398e-18
1.03700995e-17
8.5890597e-16
6.8306218e-18
1.0
0.99997735
0.9996375
8.746231e-19
5.742401e-18
7.2761295e-17
9.469566e-19
6.575062e-05
1.0
5.9687414e-17
0.9966363
8.259064e-18
1.35704844e-17
6.959342e-18
1.0
0.99950445
0.99999475
1.0
1.0
2.376323e-16
1.0
1.0
0.8477333
6.3978397e-12
1.2029068e-17
8.258178e-19
0.0029458741
1.0
2.7188472e-11
0.91734606
1.1575657e-17
4.6616594e-15
0.99994075
1.8867541e-06
0.0001876043
8.350812e-18
0.99989593
0.99999845
1.0
1.0
3.9758945e-21
3.3471228e-19
1.0
1.0
1.9158467e-19
1.0
1.8212792e-18
1.9536346e-18
0.99864787
1.0
0.99995327
3.0404734e-18
0.99999785
1.7467085e-12
0.018776262
0.99999535
7.6814606e-17
1.0
6.300566e-18
1.7073152e-18
0.99994624
1.0
1.0
5.5769755e-12
0.99998975
1.07096875e-11
1.0
3.1204567e-19
3.0445356e-18
0.0025077916
1.0
0.9999999
1.0
2.4971644e-18
1.04682726e-17
5.2410565e-18
0.99999976
1.6106482e-19
1.4845596e-16
7.546518e-14
4.6664893e-19
3.3987984e-17
1.0
0.9999999
1.1694347e-12
1.1832787e-15
9.387561e-19
0.99996877
0.93436337
1.0205778e-18
1.0
1.0
0.91389006
3.875465e-19
1.0
0.9999999
5.349632e-13
4.6700177e-18
1.0803826e-17
5.9048495e-19
1.0
5.4592983e-20
1.0
0.99928623
0.9765595
1.0
1.0
1.0
0.9999925
1.6110785e-19
1.0
1.3912378e-20
0.9999987
1.6958003e-18
1.0951827e-19
1.0
1.0
1.0
2.0924584e-09
1.0
3.077002e-13
2.308045e-19
1.4397199e-15
8.7263974e-20
0.9999944
6.8388485e-14
5.1367425e-19
1.3962742e-18
7.344556e-19
5.957249e-19
1.0
3.727528e-17
1.1961197e-19
2.2215114e-14
1.0
0.99988854
2.1803752e-19
3.2803484e-16
1.0
1.0
0.99996626
5.0235085e-14
1.2858265e-19
0.9999995
0.99999976
6.5414965e-23
2.2195885e-14
0.9999999
1.0
1.9848872e-15
6.2090607e-19
2.5425683e-14
8.00688e-19
0.9999999
0.9999527
3.6607338e-17
2.0800377e-18
8.918081e-13
2.747026e-19
0.9997584
1.0
1.3558607e-21
0.9446424
5.2621203e-11
1.0
1.0
1.0
1.233488e-16
0.9999213
6.512351e-20
0.9999999
1.0
1.3706257e-19
1.1395319e-18
0.9999999
2.1497019e-19
1.0
5.5259563e-17
6.2952804e-18
2.6973988e-20
3.1422324e-19
6.4644636e-18
0.99997485
1.0
1.0
1.5783564e-20
4.896493e-13
7.901849e-11
9.33906e-18
1.0
5.7394857e-19
0.00021283438
2.6027555e-13
3.9214337e-18
1.0
0.99843794
0.9997646
9.0105146e-20
1.4517451e-19
1.4971305e-13
1.3051397e-18
0.99999964
1.0
6.204968e-14
0.9999999
1.0
4.096556e-19
1.0
0.99999785
9.181927e-12
0.99980956
3.1873646e-16
0.0009379212
4.1605613e-18
1.0
0.9996265
7.167393e-18
9.08306e-19
1.0
1.0
2.6526348e-19
0.99883384
1.4510496e-16
1.0
1.0
0.012001458
3.093859e-19
1.9783344e-14
2.9288715e-19
6.864187e-18
1.0
1.0
2.9140829e-19
0.9999385
0.99994886
1.0460573e-16
0.99999976
2.1028226e-11
4.1772823e-15
4.8802425e-20
3.5851387e-17
1.0
5.633264e-19
2.4964978e-14
6.6744695e-13
1.0
1.0
1.2026728e-17
0.9955715
0.9999113
1.0
0.99964225
1.9075594e-11
3.6118903e-11
1.0
1.790644e-14
2.293279e-15
0.99999845
5.9016286e-19
1.0
1.7223543e-14
4.3269572e-19
0.99998975
1.0
1.703408e-15
2.1886786e-16
3.751561e-19
0.76433825
3.2430094e-16
0.99987614
1.3525161e-17
1.0
2.5025222e-19
2.5491961e-18
1.0
2.7506705e-15
1.9192335e-19
6.312836e-18
1.0
0.000926057
8.261661e-15
0.99999166
1.0
0.9999093
8.590179e-15
2.2195828e-19
0.9999989
2.7752992e-17
0.9999932
4.2341513e-17
1.2723856e-24
1.2065119e-21
5.3915214e-19
9.162751e-20
1.0004459e-16
1.1436992e-11
1.5325773e-18
1.0
7.5217963e-19
1.0
1.4855957e-17
1.0
2.8087406e-18
8.349367e-13
1.9772505e-19
1.0522597e-18
2.8509049e-18
0.9999689
9.372108e-18
1.6244019e-19
3.785201e-18
0.9999924
1.0
8.5943233e-19
1.1841438e-18
4.620831e-23
7.6487334e-19
1.0
5.02501e-19
1.0
1.3444979e-07
8.2695546e-20
1.0
1.3499923e-14
0.9999995
0.9999995
1.7765792e-19
1.0
0.99999845
2.783004e-19
0.9999219
9.800098e-19
1.0
0.99999857
1.0
1.0
0.999997
1.5300965e-12
5.8162083e-19
1.5785823e-16
5.798154e-19
2.9192964e-11
1.0
0.9955848
1.9278572e-17
0.9982516
2.2027083e-16
1.0
2.4858325e-20
2.736755e-19
9.339167e-18
0.00096336927
0.99996936
1.4522173e-17
4.0244683e-12
2.298661e-19
1.0
1.621486e-19
1.0
1.0
0.99989986
1.4430656e-19
0.9998983
1.2887785e-18
2.8709638e-18
7.4032613e-19
7.7106385e-18
1.0
3.688149e-18
0.018470977
2.0190807e-19
0.9997893
0.9198628
2.5509193e-17
2.7053396e-12
1.736491e-19
0.99999964
1.0
1.0
1.9808561e-22
3.8647085e-16
0.9998234
0.6665192
0.99999917
3.2105227e-18
0.9999907
0.99986315
4.1151967e-18
2.0303052e-17
5.808888e-20
0.99999976
1.0
1.4524216e-18
0.9999993
0.9999994
1.5132772e-12
1.9889862e-13
2.5006435e-18
0.99999976
6.164376e-22
0.9857314
1.0
2.6685009e-17
1.1562802e-19
7.046073e-12
2.3948144e-16
1.0
0.9999994
1.0
0.9995309
9.651111e-18
0.99999917
1.9961946e-14
1.0
1.0
1.0
1.6272387e-16
1.3351841e-13
3.6214108e-18
4.080431e-18
1.0
0.996797
9.850445e-13
0.9999374
5.606443e-20
7.87718e-20
1.0
1.8704357e-22
0.99997866
0.9999999
1.6261582e-17
0.99999654
0.99993753
1.0
0.001291104
4.20287e-16
1.0
0.9999924
0.00013321293
2.3997308e-19
0.94446355
1.0
0.9999902
0.9999974
0.9999962
1.0
0.9999999
2.3687115e-16
3.9386173e-13
0.99999523
1.4423837e-18
2.940524e-20
1.719571e-10
9.583424e-18
8.26603e-18
2.4558717e-18
1.0
0.98959774
1.9558342e-18
1.0
1.0
3.031931e-11
3.6529443e-20
1.0
9.050381e-18
1.0
1.0
0.9999957
0.02531857
1.0
2.2495707e-19
1.6735384e-19
1.0
1.4204172e-18
9.343132e-16
0.9999989
1.0997634e-18
0.105121605
5.5746295e-18
2.1596827e-17
0.9982768
8.214564e-20
1.6418274e-18
1.794788e-18
3.4536768e-18
2.1770427e-19
1.2249486e-17
2.0102545e-11
0.9998802
1.0
1.0625617e-18
1.5407833e-19
0.99999976
7.685443e-18
3.2962868e-19
1.0
1.0
1.802711e-13
0.9999994
5.270667e-19
0.99999917
7.985989e-18
1.0
0.00010384916
1.3409103e-18
1.9187713e-20
1.7973956e-21
8.32857e-19
3.3401078e-19
4.4814255e-18
4.165943e-19
0.99993
0.06445528
5.86234e-19
0.99994254
5.3229247e-13
9.76495e-18
1.0587301e-18
7.767518e-13
0.9999999
1.0
0.9993992
1.4749949e-19
9.264718e-19
1.6121922e-14
0.9999671
3.5983197e-17
0.9999999
1.3699887e-18
1.9802e-21
1.0
4.7683786e-18
1.1868392e-18
0.9999987
1.0
1.0009663e-21
1.0
1.5279831e-18
3.7990156e-18
0.9999769
0.9961414
0.024247164
2.8169046e-19
1.0
1.0
0.99999726
1.0
7.131204e-10
1.0
0.9999554
1.0
1.7806674e-15
1.4518937e-09
1.1641901e-18
2.6882053e-20
2.7627158e-19
1.0
9.980358e-19
1.0
1.0265361e-18
0.9996823
1.0
9.28871e-19
1.7999243e-17
4.284975e-18
0.08084737
1.0
0.9999994
1.0
1.0
0.9999995
0.99998915
9.626434e-19
1.18376056e-17
0.99996936
0.99915195
4.9722674e-19
1.0
0.9999994
1.0
0.9999999
2.4679961e-18
8.532341e-15
0.99999905
1.0
3.1659475e-19
0.022172533
1.3869781e-19
1.0
1.2978954e-19
3.4002708e-13
1.0
0.9989826
1.856504e-05
0.99999964
0.9999924
1.32657875e-17
1.0648583e-18
2.9985284e-15
1.0
1.0
3.1519618e-16
1.0
1.0
1.0
1.0
0.9999863
3.9975116e-18
8.183527e-15
1.0
1.1270995e-16
2.3742347e-12
6.9006806e-18
0.9992481
1.3060356e-19
1.2087118e-17
3.5493873e-19
4.591116e-17
1.0
4.432152e-20
0.9999893
5.3061613e-12
0.9999988
3.6446636e-12
7.9360765e-22
6.496535e-23
3.1235356e-15
7.199811e-18
5.565787e-19
0.2855666
3.6186195e-19
0.99984646
9.1012996e-20
1.0
2.9754472e-20
5.995648e-13
1.6000788e-11
0.035763286
1.0
2.9843493e-19
0.21426746
2.7411174e-15
1.1774903e-19
6.9244096e-19
1.0
1.8121711e-20
0.00028983376
2.9006743e-19
1.3073912e-12
1.0
8.5273765e-19
1.0
1.0
0.99997544
0.9999814
1.1479498e-15
0.9999993
1.0
0.3020198
5.938915e-19
1.0
0.0007246831
1.0
2.456768e-13
6.253109e-18
1.0
0.9999995
6.0747046e-17
1.0
7.613427e-18
4.2473538e-16
1.6237461e-18
0.00080528366
1.0
0.99999976
3.2470026e-19
1.0
1.0
3.3636493e-18
1.0
1.0
0.9999465
0.9999807
0.9999758
1.340271e-18
9.695873e-18
1.0
1.6858857e-19
1.0
3.702485e-18
1.0
0.99999917
0.9999995
1.0
4.879009e-22
1.0
1.0
3.3303876e-19
1.0
1.5015657e-17
2.1697715e-19
4.986975e-17
1.2486602e-18
8.726435e-19
4.1659793e-17
1.0
0.96497405
1.0
6.848998e-16
0.99999976
0.9573933
7.7508676e-17
2.966982e-19
0.9999995
0.9973865
7.0879646e-20
0.99999976
0.999998
1.0
8.626772e-20
1.0
8.558116e-17
0.9999937
1.0413559e-15
8.786125e-19
4.213424e-20
1.0
1.3167007e-19
1.0
8.0362516e-20
0.9999598
9.178187e-18
1.314976e-16
0.9999988
1.0
1.7917109e-13
1.0
0.9999999
3.604842e-19
0.99985194
1.735612e-17
7.1851007e-19
6.398936e-13
8.489783e-21
0.9998652
4.9803697e-05
0.9999957
1.0
0.9998388
2.384519e-19
1.0
1.6149496e-18
0.99797183
8.0896816e-19
9.2967306e-17
5.5105687e-17
2.2952711e-18
1.0
2.2957002e-18
0.99992716
7.2919635e-18
1.0
0.9318288
1.7384878e-17
1.0
5.4535356e-19
1.2546661e-19
0.9999633
2.4335192e-17
5.1858488e-18
1.0
1.0
1.4266506e-19
0.0016182694
1.0
2.1320048e-19
1.480621e-19
1.0
1.40589155e-11
2.4937847e-18
3.1513467e-17
6.5499247e-19
1.0490333e-18
1.5146008e-18
5.33577e-18
0.99996614
0.99999857
0.9992181
9.2609097e-17
1.0471422e-18
0.99994874
2.0989126e-14
2.6095105e-17
0.5370082
8.593837e-18
0.9999999
1.0
1.0
1.0
1.1162855e-18
4.5260924e-19
0.97405905
1.0
1.0
0.99999976
0.99998665
9.3131516e-20
1.0
1.2393757e-14
1.0
1.0
2.1807424e-18
2.3702769e-11
5.207425e-15
2.307323e-19
0.9999889
0.99999976
1.0
9.148895e-14
1.0
1.83618e-18
1.0
1.1079494e-18
1.0
1.0
1.0
1.0
0.9999999
3.3357979e-15
6.8783344e-20
4.899551e-19
0.9999882
0.9999999
0.99998975
2.0494612e-19
1.0
1.0
1.0
7.1413364e-16
1.0
5.8686644e-14
0.9999958
0.9999982
1.0
2.7926296e-18
2.8814424e-14
1.0
4.414913e-17
1.4897213e-17
3.8339834e-19
1.0
1.33677566e-11
0.3363755
0.9999913
0.9999926
1.4271824e-10
1.6487566e-18
1.0
1.0
9.893666e-19
1.0
0.9999391
1.3964293e-17
1.599489e-16
7.5141145e-18
4.5497585e-18
0.99999976
2.2142645e-18
2.9967393e-11
0.99999356
0.9999968
1.00033855e-17
1.1518307e-17
1.0
1.1382991e-16
0.99965847
2.7845344e-18
3.568996e-17
2.6349218e-14
1.0491454e-18
0.9999918
1.8296924e-17
1.6712553e-18
1.0
5.9248433e-18
8.6429014e-15
0.999995
5.6834433e-06
1.7184316e-12
1.1028319e-15
3.4755916e-17
2.1062351e-18
1.0
0.99999976
0.9999994
1.7955696e-17
0.9995504
6.402636e-20
0.999998
2.5007016e-10
1.0
0.99998164
1.0
0.9999999
4.3778476e-18
1.981686e-16
6.3941697e-19
0.9990252
3.2508265e-15
0.98375297
3.7413903e-09
0.89532757
3.045732e-18
0.99876535
0.021967266
6.6509176e-18
0.99041045
0.99927396
1.0
1.0
1.0
6.0095975e-15
1.6999658e-17
0.9999976
1.08750065e-10
5.64424e-17
2.0794856e-15
1.4862277e-13
0.99634725
0.99999905
1.0
0.99999833
1.1215613e-18
1.0
9.648099e-13
1.798058e-13
8.4967716e-23
0.99999845
6.2712165e-18
2.259349e-19
8.9508025e-20
1.0
1.8246062e-15
1.2708075e-19
6.6231147e-19
2.5555346e-18
4.182661e-20
1.6718481e-18
1.7504194e-17
0.99999857
1.0968223e-18
0.9999999
5.1251945e-19
2.865907e-19
7.448386e-19
1.0
0.9602685
2.1998918e-19
1.5150287e-14
1.0
1.0
1.5891595e-19
2.997939e-19
3.2424618e-18
8.671595e-16
0.9981945
1.0
6.0106496e-16
0.9999949
0.99977404
1.0
2.8540277e-18
1.0
1.5771302e-18
5.0961317e-17
0.00020220038
0.9999999
6.893468e-19
7.132691e-20
0.9999974
2.622901e-19
1.07159534e-16
1.5521867e-19
1.5309154e-10
1.0
1.0
7.3983773e-19
7.4153494e-10
1.0
1.812554e-17
0.00023964689
0.99999917
3.1607344e-19
1.3395166e-15
1.0
1.3483537e-17
1.7276316e-14
1.0
1.2109461e-16
1.0
5.4595926e-19
5.425958e-19
5.24602e-17
5.2373434e-24
3.8771487e-20
1.0
2.770144e-20
6.27205e-19
4.0344613e-11
0.99999976
1.0
0.9999566
0.999998
6.764848e-14
4.3190416e-19
0.99999475
1.6914725e-17
2.1338447e-18
1.214197e-10
6.473505e-15
0.9999974
2.6303154e-19
3.7314642e-27
1.0
6.430445e-19
9.94195e-10
1.1978718e-05
0.99977535
0.99994326
1.1295874e-16
1.0
7.0932966e-19
5.012066e-20
3.2527103e-06
0.99999976
1.2512158e-18
1.0
0.9999999
1.0450392e-18
1.9075697e-19
1.0
1.4693629e-18
1.0
3.0601733e-18
0.9999249
7.72613e-17
2.4393932e-17
1.0
2.286047e-15
1.4336999e-18
0.9091965
1.0
1.003874e-18
7.356325e-21
1.0
0.9998963
1.0
1.0
1.0
1.0
1.0
3.6157926e-18
1.0
1.8356468e-19
2.7743656e-11
6.5880456e-17
4.9282174e-17
1.0
7.3976153e-19
0.9999999
0.9999993
1.1648425e-19
1.7896938e-19
5.6697315e-15
2.004554e-18
1.0
3.952824e-14
0.99999607
1.3750308e-18
1.6937888e-19
1.0
0.99999523
1.0
0.99996734
2.3403942e-14
0.9978738
2.498215e-16
2.9093711e-13
3.4505707e-17
2.450414e-12
1.5847479e-17
1.0
1.06597143e-19
1.1870289e-19
3.4500933e-19
3.1074753e-06
1.0
1.0
0.99999976
1.0
0.9999814
0.22243994
0.99985933
0.99999964
2.2088468e-12
0.9999559
1.0
4.981136e-18
0.9959496
1.0
2.8543746e-19
1.0
1.0548681e-18
1.0
1.0
1.0
1.0
1.0
0.99999964
1.1922755e-18
3.4792625e-19
7.4571504e-17
5.85195e-19
1.2016294e-21
6.76367e-19
2.509866e-18
0.9999999
0.9999993
0.9999813
2.1886085e-19
1.41024e-18
1.0327509e-16
3.6596985e-18
6.3930444e-20
8.468665e-07
2.962926e-16
0.9999981
9.9467926e-20
1.0
1.2305119e-18
0.0019524503
1.0
1.0
1.0
9.371965e-18
0.9998184
3.3648032e-11
0.99964786
1.3586639e-18
5.6829406e-15
4.4029335e-19
4.1210223e-19
1.0
3.8084032e-18
2.0527693e-13
1.0
1.0
1.0
1.0195122e-17
0.9999993
0.9999571
1.0
2.727708e-19
2.6187618e-19
0.9999999
5.741984e-11
1.1574365e-19
3.715391e-13
0.9930599
1.0
2.1817658e-18
2.089763e-12
1.0
0.99963546
4.0811145e-19
1.0
1.1173847e-18
1.3324401e-19
3.7958993e-19
1.0
1.0
4.5119075e-18
7.4374833e-19
1.9399583e-11
0.99993706
4.3845924e-10
0.9999807
9.2465455e-24
0.99998534
9.695197e-20
3.29525e-15
1.0
1.0
1.0
1.0
4.6453188e-06
1.0
2.1272118e-19
6.15577e-16
8.710238e-19
1.0