0.52502877
0.9977532
0.33602428
0.7023034
0.33722484
0.0017778794
0.015913006
0.9979814
0.3421423
0.74649835
0.03209667
0.0062271943
0.016439037
0.33631447
0.9882493
0.0021382459
0.0024767194
0.002289334
0.001463149
0.3608536
0.6520957
0.011203854
0.34248918
0.004256624
0.00031214496
0.009732207
0.3469377
0.9223107
0.33953053
0.99688005
0.0060464814
0.34036404
0.594027
0.34326932
0.34343386
0.33640638
0.5724287
0.89216846
0.9989869
0.9959228
0.01585878
0.3532156
0.0032442315
0.33593765
0.011553062
0.000104457176
0.8037387
0.9150898
0.0042546676
0.9868592
0.836588
0.008517671
0.967259
0.99237967
0.36707193
0.0018963352
0.65639025
0.000531818
0.0052515524
0.0038664239
0.81721777
0.9913327
0.64317995
0.33654058
0.8306222
0.8960199
0.8469096
0.000108664346
0.56975937
0.75776607
0.9929101
0.003231993
0.74448365
0.120752856
0.000668558
0.0014159172
0.0051239696
0.7480822
0.33656523
0.3361258
0.0026915413
0.0016610728
0.33582315
0.98593926
0.9907872
0.0051225573
0.85190344
0.6931221
0.9194074
0.072149016
0.004201813
0.0076364945
0.995433
0.9839319
0.018811576
0.00028831107
0.95655864
0.92174035
0.99535614
0.995411
0.33642393
0.33594644
0.0038476086
0.006367474
0.33591652
0.003087717
0.00042979314
0.9651276
0.94019914
0.9913045
0.001709775
0.3363272
0.71331555
0.00022352075
0.34287015
0.0006714653
0.0052639795
3.9753442e-05
0.99782914
0.66856134
0.84943944
0.93428993
0.00048629596
0.9990095
0.0069406885
0.99328774
0.0013747109
0.0025632738
0.010817133
0.85279906
0.9757993
0.89115435
0.0006730301
0.9604101
0.0007083032
0.0029009941
0.06383244
0.9991736
0.3415291
0.0002035657
0.987472
0.027162557
0.9432232
0.01049574
0.6662345
0.0009780257
0.0010398265
0.32540834
5.8599588e-05
0.00083652185
0.997134
0.8952659
0.3353863
0.0026968778
0.005013763
0.33573428
0.99901605
0.0012923416
0.00450599
0.88726085
0.99421304
0.9675418
0.53577983
0.8211244
0.9911733
0.0048310077
0.92615783
0.6263463
0.00088875834
0.002464425
0.005128933
0.33654138
0.0027520654
0.38265425
0.008341713
0.0009409075
0.0032509735
0.9429696
0.00017582955
0.001915169
0.3102319
0.0022604913
0.0010384717
0.9995028
0.84181345
0.9646823
0.33605042
0.34176502
0.0014604776
0.9969324
0.004688013
0.99791783
0.99778146
0.99643683
0.0030327532
0.0004997984
0.3363207
0.9417833
0.0002508814
0.0018402097
0.0022923867
0.9119417
0.9891327
0.7780169
0.98229754
0.9981001
0.0064636823
0.99658316
0.0018743478
0.0004165354
0.33622462
0.33742112
0.99891794
5.213888e-05
0.33632636
0.3368057
0.0013611892
0.048223704
0.0027481383
0.0032223358
0.0006811276
0.9910692
0.00019676394
0.0025024405
0.0074149193
0.9961144
0.96582997
0.0041856016
0.33578962
0.0015465183
0.9864266
0.341236
0.5741782
0.336562
0.5769678
0.34220096
0.95337886
0.9972927
4.8617683e-05
0.0010738821
0.0012590513
0.00045036792
0.9871417
0.95634586
0.81729037
0.002266028
0.34276026
0.014372322
0.33615294
0.46260607
0.9995105
0.0013218694
0.9249476
9.849096e-06
0.003364861
0.002169545
0.9729363
0.96470946
0.97401685
0.994321
0.9937164
0.0014692408
0.9965629
0.9327871
0.6331518
0.0033704722
0.0012400688
0.0033871345
0.5228843
0.98325574
0.33969003
0.09803857
0.0018594099
0.0070377896
0.95232475
0.35851496
0.09623213
0.012046689
0.9864537
0.98626816
0.99940276
0.99954444
0.004423848
0.026573643
0.98951566
0.875518
0.33595988
0.9977817
0.0013353938
0.33652297
0.27044323
0.98868
0.66324514
0.0022215883
0.9206845
0.00061247556
0.69412977
0.9652191
0.0006178528
0.99590504
0.33304244
0.0059595206
0.13580276
0.96856356
0.9201459
0.0005470213
0.821469
0.0042114668
0.99689364
0.001349778
0.025684902
0.67501646
0.98645264
0.95986724
0.97500503
0.0030941057
0.047575608
0.0012128275
0.97182995
0.022275522
0.00024426985
0.0009912683
0.0017403532
0.00035795942
0.9976174
0.7409368
0.0018177909
3.359628e-05
0.33652157
0.9253278
0.80081105
0.00084838225
0.9840725
0.99102306
0.69979745
0.33602434
0.99360317
0.9979184
0.005028075
0.0015313523
0.0013206248
0.0022268125
0.986686
0.32369497
0.9868233
0.80261695
0.71113944
0.9910226
0.99830306
0.9791372
0.9550912
0.00055374054
0.99813217
0.3229401
0.9773234
0.0009846808
0.004056516
0.7308078
0.9946937
0.93392724
0.000342608
0.9649394
0.00023786334
0.0039752196
0.0008137341
0.33551058
0.893567
0.0037011518
0.0010987284
0.33650106
0.34350717
0.0022928799
0.99778676
0.0009256551
0.004333067
2.129128e-05
0.9768197
0.7863551
0.0034026918
0.012749694
0.99095637
0.83780986
0.905474
1.027119e-05
0.00021563318
0.89469266
0.993119
0.3225544
0.00087691535
0.98605967
0.95321465
0.0003208579
0.006504963
6.502668e-05
0.33723214
0.9889692
0.9746976
0.0038158405
0.0037458048
0.0015285617
0.0030544708
0.91046023
0.98272794
0.32981944
0.35010558
0.3424753
0.9924178
0.9893868
0.9954401
0.3352732
0.91153955
0.338732
0.8537628
0.99359596
0.0030032648
0.0021814592
0.9374572
0.003083267
0.99857056
0.0025314386
0.009364933
0.3359266
0.0025016074
0.0026566377
0.93958443
0.99887913
0.98942953
0.32721168
0.019394618
0.04132904
0.0032471255
0.9730558
0.33521023
0.0149093885
0.002416359
0.001122855
0.9832532
0.7724556
0.8890723
0.33613876
0.0016458011
0.000749068
0.006399657
0.91348374
0.9953721
0.00025223097
0.9894192
0.9817153
0.3414709
0.99704534
0.9576622
0.3381883
0.6371122
0.00035151432
0.5083385
0.057570484
0.989739
0.35073766
0.0017737806
0.0021177772
0.9935546
0.9987343
0.0017114222
0.0543525
0.0034430118
0.9975539
0.9916014
0.71994364
0.01896076
0.0001958821
0.33660352
0.0034771184
0.9773793
0.916513
0.009807103
0.9565738
0.87208706
0.0007212026
0.9983901
0.012820007
0.00059950555
0.33633605
0.32800022
0.9979426
0.002342906
0.00016538036
0.00033221318
0.9934524
0.9849701
0.3256648
0.34993827
0.6641988
0.99765754
0.9711084
0.3423016
0.3408222
0.88974875
7.968448e-05
0.00015063562
0.41201496
0.33559775
0.9942006
0.0002802286
0.022104738
0.75881094
0.9596713
0.0010796351
0.08397791
0.007000934
0.030615168
0.001976737
0.78109723
0.0028758144
0.9904426
0.3363918
0.33663782
0.83221716
0.00020661899
0.0035283924
0.0039589913
0.8192663
0.73594767
2.8792465e-05
0.9184406
0.99933004
0.75278705
0.33598518
0.007275268
0.93811244
0.0010590375
0.83343506
0.3424019
0.013320659
0.33575645
0.0240236
0.0019254449
6.3754924e-05
0.33751622
0.0017355044
0.64122343
0.34303567
0.9933128
0.33856058
0.9821922
0.34570968
0.0012849859
0.004867618
0.0039683986
0.007621906
0.99031353
0.007141095
0.0014138328
0.33189982
0.9557026
0.9487512
0.34191695
0.0052723656
0.0007548526
0.00028136317
0.9884065
0.0034391987
0.99387497
0.34391692
0.33627105
0.99143773
0.0023372076
0.94089764
0.99697304
0.014743873
0.8190054
0.976861
0.0003260078
0.584524
0.0022100823
0.9694239
0.9764854
0.9962218
0.94626
0.95323056
0.0039214618
0.017118052
0.00034844823
0.00047768446
0.00051852386
0.85997033
0.6016937
0.005799801
0.17527227
0.0017926251
0.9947977
0.00760529
0.017607614
0.0021838164
0.14303195
0.8152818
0.0009926178
0.0006160141
0.0068924245
0.99433917
0.0041121645
0.99899024
0.9948813
0.9356327
0.0022985744
0.6424113
0.015267092
0.33462518
0.33630675
0.029462593
0.82105964
0.0018780642
0.54150975
0.0027754332
0.9706362
0.77289426
0.009949163
0.0018938052
0.0032453248
0.9517521
0.911585
0.9483075
0.27135363
0.0014601202
0.9119209
0.3472868
0.997471
0.0019849713
0.76103604
0.856257
0.33630496
0.008782449
0.33600897
0.9814501
0.9935375
0.0006686765
0.99944574
0.9923495
0.008026697
0.026508335
0.0015211834
0.9944871
0.0018878612
0.7028968
0.9904364
0.002827295
0.0034991228
0.013504628
0.000664611
0.7829012
0.9162152
0.9881391
0.91645753
0.3425205
0.94780225
0.00023473239
0.99672276
0.7741909
0.97692275
0.000835421
0.0064289006
0.33706006
0.00034135638
0.9792865
0.6769333
6.1102124e-05
0.95179033
0.0009724712
0.0011663034
0.9832387
0.3147212
0.51257163
0.99878854
0.006519713
0.857986
0.84498537
0.9615988
0.38706204
0.0023775944
0.9903156
0.9432902
0.71549207
0.003194174
0.63277984
0.9905069
0.9369136
0.98063344
0.95627177
0.9975556
0.9833107
0.0008579996
0.09292219
0.7903204
0.0010170891
0.0022542442
0.0011129148
0.0006796427
0.014690417
0.0017569294
0.9696354
0.43336982
0.34230796
0.5800917
0.9993438
0.0021769332
0.001114002
0.9919247
0.0049101636
0.99243116
0.9969271
0.9090934
0.34241945
0.89416254
0.012494564
0.026799908
0.9965469
0.33622435
0.00082966825
0.8823715
0.004564021
0.32772797
0.0010549768
0.0028034013
0.8139437
0.0014397489
0.011505075
0.0020883468
0.033931
0.3367746
0.0054086517
0.0045415307
0.924542
0.9819104
0.33385932
0.00031929702
0.9363612
0.0041940706
0.0066129426
0.9880846
0.8579506
0.000804189
0.48958
0.33655813
0.9365937
0.0018467306
0.8820425
0.055022888
0.0016351141
0.33602315
0.0015168014
0.34138495
0.00095727574
0.0041415803
0.0053042667
0.84792185
0.3475628
0.008640599
0.98854965
0.008894814
0.0012376764
0.33483025
0.00044069614
0.92065966
0.71124375
0.95395607
0.032118868
0.0018381343
0.0035087562
0.70002115
0.0034794523
0.9889473
0.0008392451
0.00019992022
0.7186801
0.012302907
0.0021353127
0.9600558
0.9969132
0.30414018
0.9874277
0.00032476234
0.003045286
0.93943226
0.029549995
0.8111539
0.0074998974
0.9956403
0.9324025
0.49394223
0.99500847
0.0016181823
0.9971288
0.9775875
0.99683267
0.0054661036
0.00024665767
0.0012381102
0.3200358
0.020789055
0.99896145
0.006855666
0.99853563
0.33479977
0.88378066
0.99883705
0.008774935
0.0048077377
0.0048169247
0.3913358
0.9959132
0.7179051
0.9980957
0.9394405
0.4859468
0.683604
0.0019994301
0.28129047
0.8512523
0.67485076
0.001992153
0.9791109
0.06608045
0.986426
0.97948086
0.012924007
0.003833201
0.97218287
0.9933563
0.00025890904
0.33949995
0.33654353
0.99311936
0.00077380036
0.0041486365
0.9851577
0.89114916
0.520284
0.9546786
0.9202734
0.0007776402
0.016963381
0.0015510746
0.99274135
0.995782
0.03767953
0.99737525
0.56213975
0.9835074
0.99917394
0.85869706
0.00071442727
0.00031493208
0.97556096
0.00041638373
0.0053832936
0.0043175956
0.76213187
0.0031904778
0.0035663955
0.0011078877
0.33857447
0.99277085
0.3361793
0.6436275
0.0010190037
0.89543664
0.007757295
0.3251675
3.0609587e-16
4.3088403e-06
0.0006770607
0.014338917
0.5931566
0.33970416
0.96200943
0.004543376
0.99661
0.33629775
0.0005844421
0.004516839
0.31523862
0.6166437
0.3397965
0.7308828
0.00011734422
0.3359923
0.00070275145
0.8626863
0.33640307
0.037631243
0.34365094
0.34600645
0.9622326
0.0042314287
0.9823428
0.9764292
0.91827595
0.78494924
0.011295698
0.8909454
0.9904541
0.16647005
0.003554422
0.9831269
0.12345568
0.9910386
0.2380749
0.0047043115
0.5912022
0.9514849
0.33611912
0.98461723
0.0043115364
0.00022113473
0.0045948643
0.25519466
0.9852304
0.53835696
0.33637998
0.8480642
0.9882188
0.0011026768
0.99872357
0.99555063
0.9365227
0.9144371
0.98045933
0.34440768
0.035343226
0.99199975
0.33907422
0.9892279
0.33521044
0.9782485
0.67018235
0.7991174
0.9909458
0.048723053
0.67623246
0.9699598
0.0070059444
0.9891691
0.0025822807
0.011929037
0.00034114573
0.0020567677
0.33597222
0.00034311105
0.75253016
0.5525671
0.99560946
0.009656878
0.86478597
0.24555056
0.019484326
0.03627006
0.9850183
0.837626
0.33899945
0.9631747
0.9904799
0.9651528
0.003733403
0.99589753
0.00010858573
0.99109334
0.0009797828
0.0011826832
0.33576527
0.959302
0.004345946
0.9995322
0.3358742
0.9409595
0.33949924
0.00047029532
0.8998196
0.9948086
0.001484668
0.98545754
0.9865915
0.011284988
0.8440958
0.0026013732
0.0035392514
0.3364223
0.32498133
0.775062
0.2541275
0.8487377
0.5289772
0.57694554
0.33756274
0.7402142
0.0053053205
0.05763913
0.33879262
0.3461743
0.001558738
0.003806763
0.97632605
0.33648282
0.49445704
0.0018182842
0.9742519
0.5636315
0.0012271695
0.976408
0.0045899255
0.34012392
0.93920636
0.006659881
0.0058826804
0.93651474
0.998485
0.33655995
0.01697042
0.7766759
0.00089646043
0.33655488
0.99533254
0.3447497
0.3362568
0.00052495627
0.0013048222
0.335468
0.33986127
0.3347006
0.9359147
0.90213907
0.9684198
0.00026736883
0.34188566
0.98030853
0.0015293086
0.0018410006
0.5039415
0.003448715
0.9773613
0.9984841
0.99592894
0.9919212
0.0018671952
0.006334154
0.90727115
0.9966035
0.9778477
0.9411771
0.90945685
0.33610752
0.9905805
0.000336504
0.9924005
0.96223503
0.00252914
0.00037747956
0.0031637077
0.0020456112
0.9006729
0.7698921
0.8382169
5.1376224e-05
0.99402785
0.0010397602
0.8101987
0.0068753785
0.91476107
0.9801864
0.9534023
0.99774027
0.9944343
0.00015772191
0.33599302
0.0045023793
0.9750011
0.9762513
0.37079698
0.013708181
0.989431
0.9911186
0.92006135
0.0012795457
0.95440745
0.0010319041
0.9357821
0.91571194
0.990892
0.0024169371
0.33673778
0.9916653
0.003884152
0.0006163559
0.0132351145
0.99277765
0.0068191644
0.623615
0.94035184
0.7844559
0.001783296
0.00053319935
0.9534581
0.99558455
0.01562823
0.9877747
0.366631
0.002650647
0.0024606872
6.715689e-05
0.00014203053
0.98808795
0.33608404
0.0013084006
0.902686
0.96015924
0.007660117
0.0016894508
0.9703115
0.012720576
0.9527115
0.005294843
0.0030184172
0.0018986687
0.005190828
0.8520821
0.0017672409
0.0036415723
0.97417325
0.01017178
0.0026766353
0.70241606
0.06096598
0.00035348174
0.00011288066
0.35149252
0.3384434
0.9093082
0.9640373
0.9911767
0.0014215634
0.9513946
0.0009288777
0.9852292
0.010417055
0.9972107
0.98796046
0.99277735
0.96355635
0.002813636
0.011866749
0.33579946
0.8011111
0.33974674
0.6889044
0.038277406
0.6092537
0.3364885
0.8890447
0.7708373
0.3390579
0.9616615
0.8404087
0.9929671
0.63699216
0.9804701
2.5966343e-05
0.0010769782
0.9573986
0.0016509828
0.0018491317
0.0041147177
0.016236236
0.93818355
0.8742053
0.9927995
0.99657744
0.002639375
0.99803406
0.004407589
0.0053978506
0.0049644704
0.7826125
0.00023368912
0.011982938
0.33653885
0.98738724
0.00015011957
0.33635426
0.0018285677
0.0023861215
0.0012389625
0.0083210645
0.0039941766
0.96746194
0.0027742826
0.9953555
0.0024891046
0.33665442
0.0005527942
0.9891033
0.26024187
0.031646527
0.0043721166
0.9944477
0.9587698
0.0045204684
0.021100245
0.0018833552
0.34850475
0.9550102
0.9982388
0.00068630226
0.9878312
0.7459599
0.98028654
0.0007962488
0.99270743
0.021088576
0.0011954164
0.6591058
0.93105364
0.007914294
0.34124973
0.9515606
0.020001521
0.0002714733
0.0024752284
0.0009495834
0.98613745
0.9918222
0.0013775397
0.32534176
0.99928826
0.00034108377
0.58486974
0.7949007
0.00470164
4.5979295e-06
0.9988865
0.0012952966
0.0009665627
0.9326786
0.34064928
0.9819181
0.013186765
0.007644861
0.0015998824
0.00030904586
0.00069086894
0.92692035
0.33592167
0.010722262
0.33621666
0.9959223
0.9935523
0.892709
0.390505
5.363358e-05
0.009886117
0.96863985
0.0029896193
0.33731622
0.0016143711
0.3354585
0.980438
0.34135482
0.023662582
0.9942017
0.33755007
0.0003627778
0.34643376
0.90242374
0.98222613
0.0029988918
0.9439774
0.006757946
0.33591226
0.7123624
0.9856377
0.014289743
0.66711855
0.93712807
0.008176951
0.0022925471
0.99238443
0.0031932055
0.9906336
0.00089268823
0.79035646
0.33180994
0.005453176
0.9715829
0.00011616688
0.0025021858
0.411047
0.9973648
0.011021935
0.052352354
0.9994591
0.6291484
0.96504617
0.98224074
0.6345214
0.8946069
0.63174033
0.0011060855
0.99701214
0.0144298235
0.33982277
0.000704366
0.0074451016
0.8078255
0.012613186
0.91923666
0.8134001
0.019321417
0.009694784
0.0008114355
0.0070739696
0.96743995
0.0020598273
0.9710163
0.0055388166
0.33989188
0.599289
0.98730576
0.9856171
0.93491894
0.016548814
0.7739087
0.000106902444
0.047226623
0.000936459
0.0012449897
0.0005088984
0.97805846
0.33598998
0.34186232
0.0016231602
0.3106416
0.97397995
0.97693706
0.979764
0.98839337
0.9909512
0.88754135
0.90360004
0.9729162
0.0027265341
0.7503101
0.7710819
0.0029677348
0.5269573
0.9821732
0.008982079
0.98219913
0.0031551968
0.80687964
0.99659306
0.9934614
0.8498073
0.9051588
0.9933768
0.00050613924
0.00079759595
0.0013167602
0.0034777068
0.32392603
0.0006242504
0.005787263
0.9861623
0.95802337
0.94522935
0.34246537
0.3362092
6.94171e-05
0.3367346
0.3361326
0.35287768
0.0012467033
0.9177886
0.0022204036
0.8588494
0.00034101566
0.17302623
0.996071
0.9931177
0.8898984
0.002129366
0.8374574
0.0023170433
0.92468846
0.006580638
0.0015639205
0.012136217
0.3362468
0.9977258
0.006128895
0.00014267667
0.59518635
0.9875064
0.7127813
0.00064308284
0.923171
0.726173
0.73886895
0.010371622
0.0004920761
0.95287055
0.0007244756
0.0069682216
0.34152254
0.36596775
0.53546476
0.33630875
0.008334871
0.9939448
0.5330774
0.0017798321
0.67708904
0.33655414
0.00018465634
0.016827747
0.99202615
0.9345074
0.0007515169
0.006653578
0.001239773
0.9782451
0.023057288
0.39752728
0.32916015
0.86519694
0.0007347391
0.00036277072
0.972902
0.9783951
0.9778178
0.9853221
0.03211274
0.9986149
0.0038212694
0.00012546606
0.00026943831
0.9424153