0.54714
0.99999404
0.42005724
0.54986286
0.42803767
0.0011586634
0.0019438029
0.9999949
0.42361984
0.9383455
0.04911091
0.0005755361
0.0012556466
0.43544918
0.99996305
0.002208042
0.000843278
0.9471951
0.0021740184
0.45997053
0.98351145
0.00043768974
0.39584014
0.0019437992
0.0019393972
0.0013190705
0.4387086
0.98564667
0.43624112
0.99880195
0.00077463477
0.43344918
0.49637157
0.43542165
0.41756326
0.42963308
0.49676558
0.9983621
0.99996936
0.99998116
0.001172951
0.43711686
0.00089905446
0.4272071
0.0016137433
0.0017604688
0.5404173
0.8946075
0.0010226503
0.99996865
0.9748505
0.0015916002
0.9991233
0.99755126
0.45083123
0.00086226506
0.5981249
0.01432733
0.0025132536
0.0012714214
0.5667309
0.9995029
0.5577761
0.4294295
0.97839475
0.9799033
0.5756334
0.012046763
0.9712147
0.58839166
0.9997477
0.0010107943
0.9951196
0.29287502
0.010942069
0.00077980594
0.0015224782
0.56070185
0.42505816
0.42777443
0.0027324865
0.0012058755
0.43104547
0.99953425
0.99989235
0.0027457073
0.5501835
0.9999951
0.9997627
0.9768515
0.0009360438
0.00086340215
0.99975616
0.9992312
0.010938633
0.0013710773
0.99987376
0.9946062
0.999938
0.9999163
0.43287015
0.43283898
0.0008622216
0.0011188346
0.4242697
0.0010592489
0.0008616401
0.98757976
0.99977
0.9999994
0.0015449926
0.43459445
0.99552494
0.00012957917
0.4330408
0.0042724945
0.00047311027
0.015944459
0.9992742
0.9268817
0.9995364
0.99967694
0.0016004378
0.9998387
0.0030355586
0.99911994
0.00026546256
0.0009795135
0.00077242416
0.9959182
0.99882084
0.99674404
0.006323215
0.99620396
0.0008357183
0.0014739316
0.33572215
0.9998549
0.42690638
0.0012728305
0.99993694
0.00056914875
0.94202614
0.0015037475
0.98593456
0.0018546626
0.0020258403
0.41647872
0.0006995711
0.0011285514
0.9989724
0.9893064
0.43039426
0.0028123253
0.002250969
0.4256252
0.9994789
0.0015482546
0.0014105667
0.99868804
0.99998486
0.9997911
0.44641095
0.99816114
0.9992632
0.0010595561
0.6036723
0.45716718
0.0007582671
0.002592392
0.0011017701
0.435264
0.0004705577
0.69651216
0.0014505306
0.00044099326
0.0004078866
0.9999988
0.0010049274
0.0011497808
0.80974835
0.0012179693
0.00061955757
0.99996316
0.98467535
0.9998448
0.4265292
0.4144652
0.0020928462
0.9309177
0.0011055339
0.9997166
0.99994266
0.99946624
0.0013735082
0.0026827813
0.43207392
0.9979233
0.007531556
0.0011413868
0.010380343
0.99096185
0.9998559
0.99734336
0.9997038
0.9999747
0.00066219456
0.9999317
0.003067605
0.0014639441
0.43168366
0.42351758
0.999894
0.00070953177
0.4280922
0.43377274
0.00072185753
0.5933359
0.0016444394
0.0028047278
0.009224703
0.99991715
0.00094046973
0.0013569082
0.001113015
0.99979764
0.9937518
0.0026978718
0.43261057
0.0018035218
0.9993104
0.4215175
0.8614457
0.4316681
0.4537399
0.45059258
0.9997571
0.99998045
0.00027845884
0.00075354206
0.003776513
0.00054543937
0.9999025
0.99828196
0.9905689
0.0019150769
0.41846582
0.014002388
0.4331126
0.4303281
0.9996617
0.0016859407
0.915747
0.056035
0.0017393568
0.00028021712
0.996335
0.96425325
0.99987245
0.99985707
0.9983754
0.0048733475
0.99999225
0.99954647
0.9043126
0.0017149362
0.0010308665
0.0029050577
0.4284194
0.9995993
0.4316499
0.8131379
0.00196937
0.00082730304
0.82728654
0.43713352
0.41529518
0.001145963
0.9986951
0.9957211
0.9999534
0.99997723
0.012859256
0.0006219243
0.9996871
0.99874336
0.42671987
0.99949753
0.0015773644
0.41979352
0.84448534
0.9998908
0.5284607
0.0021039196
0.99835485
0.0027177588
0.538137
0.9981086
0.00023415391
0.9939627
0.43455055
0.0012188874
0.93957895
0.9996306
0.9999993
0.0040284772
0.5459101
0.0061825803
0.9996321
0.002077302
0.0014303616
0.5882914
0.999824
0.9904964
0.99828136
0.0006820539
0.002652121
0.0019459114
0.9972584
0.0008362855
0.00253694
0.0021339485
0.0017834659
0.0013532354
0.99989843
0.4982821
0.0015589308
0.0015854986
0.4315449
0.97225654
0.6832289
0.0013177897
0.99808705
0.99997807
0.7962281
0.43023375
0.99996746
0.999015
0.0014638061
0.0010156579
0.0007758034
0.0020955158
0.99988854
0.42794344
0.9999379
0.88800675
0.9575884
0.992253
0.9978377
0.9967415
0.97431684
0.0011084503
0.9998363
0.427856
0.99634117
0.0039941897
0.0011124124
0.55331177
0.99998856
0.5505162
0.0029865964
0.9994746
0.0006297799
0.003178822
0.00093444565
0.43177345
0.99711525
0.0010235114
0.001364991
0.42990097
0.3835169
0.0017365557
0.9998361
0.0014881117
0.0016485355
0.00906246
0.9997397
0.984363
0.0020800587
0.004617935
0.99936336
0.9991761
0.99645954
0.0028498648
0.044102393
0.97294015
0.99957114
0.4681494
0.007484763
0.99859494
0.5563649
0.010113141
0.0012000193
0.17497933
0.42114842
0.9971718
0.9915393
0.0010767935
0.0004687651
0.00048063113
0.0008227144
0.9658034
0.9984682
0.42547423
0.44004348
0.43564677
0.9999658
0.999368
0.9998826
0.43548903
0.9678435
0.38386634
0.92567587
0.9999081
0.0009314611
0.001261467
0.9728819
0.0011321316
0.9998499
0.0005981572
0.004481691
0.42695418
0.0018154297
0.00027616185
0.9935051
0.99996364
0.99998283
0.42863464
0.0013472711
0.001745054
0.0011575266
0.9956097
0.4224476
0.3144195
0.0059065428
0.0010058873
0.9998907
0.44726047
0.93532854
0.42754167
0.00098301
0.0034837883
0.00066132454
0.99893254
0.99984443
0.0005437253
0.9996166
0.9996082
0.4175561
0.9999285
0.9971935
0.43251252
0.9363588
0.0007678212
0.44591388
0.0017935154
0.9995844
0.97509414
0.0016227553
0.0015679568
0.99817383
0.9999881
0.00072953664
0.8834572
0.0011508808
0.9999474
0.99963105
0.3066836
0.00079684955
0.00058752956
0.42962837
0.0017228492
0.99948514
0.5609859
0.0013678605
0.9941346
0.9976744
0.0020253556
0.9997147
0.00158295
0.0010822811
0.43065208
0.43500975
0.99813145
0.0013914183
0.024114206
0.0016865379
0.9998084
0.99965346
0.43406522
0.43570024
0.63470644
0.99850476
0.9987048
0.46131048
0.43695304
0.99999344
0.0027036783
0.0045818845
0.5249146
0.42853296
0.99999046
0.0016514458
0.0005547215
0.9682146
0.999684
0.0022494113
0.43250334
0.001109177
0.8967478
0.0018644806
0.9771149
0.0010935831
0.99991107
0.42526522
0.43446505
0.59500015
0.31607366
0.0009529609
0.0021243142
0.572504
0.80990696
0.00048776783
0.99801034
0.999943
0.98737234
0.42662126
0.0007800939
0.9895125
0.007089057
0.988981
0.42851317
0.013480661
0.49132997
0.001200165
0.0012563907
0.0036146098
0.43251753
0.0004768594
0.54667306
0.40652958
0.999897
0.43290362
0.97903615
0.42122427
0.0008735699
0.0008496726
0.0023349894
0.0025456545
0.9962966
0.0019013344
0.0012885672
0.4309743
0.99807054
0.9999831
0.4289462
0.0013940292
0.014334227
0.000604387
0.999961
0.0008652643
0.9999852
0.4360103
0.42951035
0.9999212
0.0018433331
0.9932012
0.9998417
0.0010074184
0.97034544
0.9539923
0.00059257325
0.44516116
0.0014213976
0.99999905
0.993618
0.99969435
0.98128235
0.9899977
0.0022746138
0.00060637156
0.0021694924
0.0013512856
0.0014700299
0.99997616
0.8033232
0.0026286582
0.8947144
0.0022383693
0.9993723
0.013328245
0.0007144306
0.22202404
0.4167465
0.54180545
0.0027628501
0.0020494948
0.0023480374
0.998262
0.0008275838
0.9999963
0.9999918
0.97345316
0.00060149306
0.9694847
0.0007537984
0.43305796
0.44244236
0.0012069886
0.5547468
0.0019775238
0.8310571
0.0021309594
0.9815275
0.37114483
0.00073833886
0.004085731
0.0017436567
0.9977907
0.9996488
0.9998173
0.42055985
0.0025021678
0.974619
0.44127604
0.99894196
0.0011538337
0.9926093
0.9018164
0.43126726
0.00076702045
0.42661345
0.9947161
0.9998456
0.029869871
0.9999697
0.99919087
0.0015166013
0.0032889333
0.0011280027
0.9995577
0.01272586
0.901921
0.9988979
0.0019247349
0.0012599456
0.0015301316
0.022473473
0.56074125
0.99429333
0.9992042
0.9931157
0.4249391
0.5612836
0.00075772643
0.9986677
0.99455786
0.99984944
0.0038241856
0.0015098167
0.42787632
0.0028839645
0.9991763
0.8682516
0.0024084456
0.9945279
0.002693604
0.0018149216
0.99980956
0.42069572
0.5457169
0.99952734
0.00075820246
0.9976725
0.99507046
0.99995434
0.50736433
0.0028380258
0.9996567
0.983163
0.49013412
0.0022150963
0.8065132
0.99960667
0.99850595
0.99736303
0.98257923
0.99897397
0.9987012
0.001265252
0.0029997588
0.9820855
0.0017202867
0.036299147
0.016307961
0.0018092756
0.0021955548
0.0017234136
0.99955505
0.59161174
0.3573782
0.54849976
0.9998684
0.013061844
0.0062909396
0.99988127
0.00073437684
0.999977
0.999731
0.53981316
0.437953
0.9996377
0.0008784709
0.016234286
0.9999858
0.43267813
0.0013828251
0.99892825
0.0008984443
0.74440306
0.00023216472
0.0012665741
0.8667941
0.000654312
0.0006726871
0.0012763902
0.0013016992
0.4267254
0.00066277955
0.0028988847
0.97459954
0.99976045
0.38348505
0.0018458869
0.9971789
0.00059565343
0.0008004638
0.9998925
0.55574584
0.0016143165
0.5439209
0.43241924
0.98161113
0.00061392435
1.0
0.20314445
0.0019091181
0.43024558
0.030941205
0.42485917
0.0028958747
0.0015152978
0.000820412
0.9457594
0.43812558
0.00086745847
0.9954574
0.0022309674
0.0036481703
0.4324505
0.003005093
0.9979966
0.5603238
0.9568934
0.00072989793
0.027860563
0.0012492269
0.9971576
0.00046973888
0.999193
0.0007344392
0.04572499
0.60191745
0.00061660097
0.0013813614
0.9980369
0.999974
0.42694035
0.999845
0.0010821987
0.0010080746
0.9553294
0.8924171
0.9713647
0.0010060784
0.99991524
0.99897873
0.48092282
0.9999794
0.0023851856
0.99993885
0.98405415
0.9998957
0.0005433663
0.0037308037
0.0012158296
0.41878968
0.0010743707
0.9994055
0.0011467164
0.9996784
0.4319118
0.98627275
0.99955183
0.00082725455
0.0016860225
0.0013437093
0.8250337
0.9955723
0.99850744
0.9999963
0.5975985
0.7256436
0.96109873
0.0013294074
0.43459806
0.7944125
0.92726463
0.0014643136
0.999749
0.9752805
0.999694
0.99978346
0.0015785408
0.0011406586
0.9988372
0.99999547
0.00051553367
0.87108225
0.42659763
0.9994947
0.0021899503
0.0014431676
0.99995303
0.98247725
0.46809176
0.9996383
0.95276934
0.002591381
0.0005835104
0.1807599
0.9999963
0.99991333
0.43393812
0.9999697
0.52940214
0.99982494
0.9999951
0.92554003
0.00091744936
0.005133904
0.9992059
0.0062477454
0.002722013
0.0009137879
0.9963123
0.00089590455
0.000882775
0.0020071913
0.4315957
0.99998
0.41593543
0.99914193
0.0018788743
0.54626185
0.0035464577
0.40446848
0.030932384
0.043973092
0.0036895843
0.0011390917
0.6766686
0.4283654
0.94748074
0.0017271248
0.9977456
0.43148315
0.0021012651
0.0051753605
0.6857208
0.6662759
0.41068712
0.7910389
0.009935593
0.4160169
0.0022710932
0.57751256
0.434222
0.20596687
0.42226744
0.4533911
0.99998343
0.0019555497
0.9997973
0.99587256
0.9964721
0.9899504
0.0005534788
0.999461
0.99998724
0.69455975
0.0005293957
0.99988174
0.88760704
0.99997914
0.45711008
0.0007013314
0.54292023
0.9996381
0.43158117
0.99990714
0.0010427892
0.005546497
0.000843817
0.33244938
0.9999615
0.54840857
0.4209316
0.6000614
0.9978967
0.0022957353
0.9998241
0.9999784
0.9810828
0.9929657
0.9763465
0.42204878
0.0014454913
0.9999162
0.42657256
0.9997874
0.4333379
0.99981266
0.54541355
0.99427986
0.9995053
0.052248918
0.5531001
0.9999778
0.00085783366
0.99992
0.002571
0.0012207661
0.0021636733
0.00093193783
0.42997944
0.0006663504
0.73314315
0.46367943
0.9998809
0.0019045804
0.9763558
0.77191484
0.0028455332
0.0009704913
0.99777824
0.99895656
0.43391967
0.96702
0.9988483
0.99959904
0.0017858988
0.999808
0.005602436
0.99931335
0.0018243636
0.0009494605
0.4310736
0.99292386
0.0014074905
0.99999475
0.42156157
0.9977069
0.4319835
0.002034631
0.94720495
0.99981755
0.0025766655
0.99964166
0.9966827
0.001438412
0.9828089
0.0006576085
0.0007634655
0.4357026
0.42423213
0.96922016
0.498323
0.539688
0.4865527
0.99223834
0.42749044
0.5621984
0.000732355
0.9474325
0.41819587
0.43194115
0.0012088859
0.0008017726
0.99999976
0.43187922
0.48506442
0.0013046011
0.9983241
0.6806596
0.00080083415
0.9991848
0.00091158604
0.42801344
0.98313314
0.0012211319
0.00058418425
0.997792
0.9999815
0.4276576
0.35138735
0.57705134
0.0018821877
0.42837378
0.9999602
0.45525512
0.43228287
0.0065733544
0.0051593585
0.42480582
0.42841032
0.43066543
0.96248025
0.99837804
0.94291085
0.0015235607
0.42218617
0.9970892
0.0014578076
0.0016046865
0.5861389
0.0008702256
0.999731
0.99997973
0.9999584
0.99999523
0.0011027702
0.0023431012
0.86016256
0.99972385
0.9994885
0.9986015
0.5452278
0.42817205
0.99854916
0.0009608805
0.99994564
0.999718
0.00057395216
0.0037590729
0.0008594753
0.0013556908
0.99558985
0.99131596
0.99511445
0.000501911
0.9998493
0.003971068
0.5513913
0.00073371094
0.99896836
0.9996555
0.9994715
0.9999057
0.99875045
0.0036850402
0.42374521
0.0011491029
0.99715257
0.8764801
0.64682686
0.0010650225
0.9999962
0.99995387
0.57150424
0.0016386767
0.9997464
0.0008625593
0.996736
0.9942168
0.9999441
0.0018724861
0.43341202
0.9955177
0.010229765
0.0007141059
0.0006472955
0.99986386
0.0017703831
0.4379689
0.9996061
0.98348594
0.0029753337
0.0006463554
0.9858791
0.99985313
0.00048146863
0.99950206
0.43468434
0.0008436506
0.0022552642
0.0019855695
0.00019921524
0.9993461
0.4273536
0.001966436
0.9940317
0.9989249
0.0025421581
0.0038395373
0.9999429
0.0024461767
0.9573499
0.0007031812
0.0022207438
0.0024333284
0.0024205085
0.9963006
0.002130568
0.001309007
0.9994548
0.004149092
0.0012343151
0.7147891
0.19736865
0.0011315543
0.0015275511
0.43130732
0.43176267
0.9993161
0.9979426
0.9994574
0.0011093629
0.6364938
0.0024979215
0.9997789
0.032325286
0.99879265
0.9992126
0.9997478
0.99421614
0.0007162835
0.00062872586
0.43121725
0.8932262
0.43061277
0.8873692
0.81456476
0.9120977
0.43255627
0.7251056
0.7985573
0.43090147
0.6345702
0.9270273
0.999964
0.54438126
0.9805818
0.014673069
0.0017640531
0.99535936
0.004635127
0.0033390897
0.00055838545
0.001509972
0.7695913
0.985114
0.99995553
0.9785525
0.0023206351
0.9999033
0.0037346946
0.0010330146
0.0042427476
0.94693387
0.00044434628
0.0009486693
0.43091887
0.9991246
0.03409997
0.42567077
0.0009324752
0.0015715559
0.0044021164
0.00065980793
0.0009059272
0.9990182
0.0020328038
0.9978829
0.02506276
0.4293952
0.001579512
0.9993703
0.68195486
0.0007535657
0.0010494376
0.99999654
0.99496907
0.0012404067
0.0007338826
0.001605391
0.41917583
0.9139526
0.99985373
0.0011981352
0.9986355
0.98376566
0.99988985
0.001547822
0.9989699
0.0008440462
0.00067637634
0.59257746
0.9898942
0.00048227175
0.40359342
0.9994777
0.0007930921
0.0010163423
0.001364779
0.0029772085
0.9997702
0.99985635
0.0010763607
0.43542188
0.9981026
0.0014965663
0.5715808
0.9975594
0.0018242308
0.009438666
0.9987306
0.0055776136
0.0016773111
0.99678266
0.4279562
0.99982834
0.0009927772
0.0010254087
0.004997483
0.0057784244
0.042338017
0.99943346
0.42534283
0.0007521961
0.43170646
0.9986467
0.5881615
0.9959876
0.47635058
0.00066128233
0.00081215537
0.99959666
0.0007484151
0.42740244
0.0034505003
0.43472943
0.99894685
0.42816478
0.15728943
0.9999316
0.42837846
0.001939999
0.4289289
0.9983359
0.94267774
0.0024245556
0.9991019
0.0009954092
0.42570975
0.53838944
0.997399
0.00040410648
0.5682376
0.9979405
0.00080986397
0.0005217603
0.9999087
0.0021183002
0.9999926
0.0006452518
0.73770684
0.4346858
0.0025964784
0.9992275
0.0035210568
0.0009288972
0.43987677
0.99836034
0.0008611024
0.009187589
0.99996126
0.54379857
0.9999455
0.99996924
0.5494685
0.9987871
0.5523198
0.0014147264
0.9972262
0.00087752007
0.43178657
0.0050379965
0.0011947157
1.0
0.0006984539
0.968575
0.54615664
0.0008332533
0.0011800854
0.002018743
0.0009678856
0.99938023
0.0039040018
0.99956065
0.0011850687
0.42790723
0.5509654
0.9934257
0.99947125
0.99273515
0.0027868685
0.8990935
0.0013284835
0.0014873332
0.00038727967
0.013453863
0.0009404343
0.99725217
0.42057377
0.41723043
0.00033086073
0.40331727
0.99963546
0.9994942
0.9993887
0.99975353
0.99762255
0.6960275
0.9943045
0.9996718
0.0014116378
0.98308945
0.5620335
0.0006249341
0.9679745
0.9998801
0.0011244778
0.99948514
0.0007632196
0.54592526
0.9999634
0.9996538
0.56195176
0.5593062
0.9996455
0.001445954
0.0031463322
0.0063411505
0.0010654376
0.4456519
0.013285309
0.00082822
0.999516
0.9853199
0.99601537
0.42201298
0.42896447
0.023571761
0.43067685
0.41748664
0.43497285
0.0011819736
0.9982127
0.040346444
0.99949205
0.0004182042
0.69172186
0.99993336
0.9972645
0.5709866
0.0009433882
0.9492829
0.0020529472
0.6659995
0.0013825281
0.0008699342
0.00088327395
0.43120372
0.99977535
0.00081799825
0.001299459
0.5434261
0.9999385
0.57623696
0.0015045059
0.99837697
0.94095975
1.0
0.0011745404
0.0006768368
0.9995889
0.045290884
0.00074826396
0.4435356
0.5002886
0.53783447
0.42633313
0.0021897014
0.99932647
0.48239884
0.0010450309
0.54672384
0.43103883
0.03190206
0.00075029966
0.99954957
0.9936451
0.0035674362
0.0010251714
0.0032140499
0.9714533
0.019364014
0.9948414
0.42911592
0.5500843
0.0005493849
0.0016278217
0.9998754
0.9999882
0.99940336
0.56465316
0.15410912
0.9999795
0.00096497044
0.0059276624
0.004797746
0.9919584