0.5331855
0.9758882
0.36451155
0.6151116
0.3729926
0.009803168
0.03193263
0.97353256
0.3740648
0.64253247
0.00034576852
0.01122183
0.014204486
0.3832825
0.873115
0.003638176
0.0029444613
0.12117455
0.012775927
0.47622132
0.51869833
0.010877058
0.38416445
0.024726167
0.00652152
0.013514337
0.43261173
0.7437573
0.38946113
0.8012598
0.015859235
0.37569764
0.5204737
0.33690098
0.29828322
0.369064
0.52026147
0.9188648
0.97225654
0.99123085
0.015144812
0.47250563
0.03591138
0.3710024
0.013113801
0.0064004664
0.5598669
0.8542323
0.020321319
0.9876013
0.9608965
0.02356462
0.8958495
0.8536785
0.45640048
0.0074104043
0.54843414
0.035083406
0.031503804
0.00409417
0.5519187
0.86600333
0.5424387
0.37274092
0.6897402
0.5836626
0.5602867
0.014947451
0.6232236
0.5930054
0.81791437
0.00942819
0.7439669
0.28366238
0.0069397255
0.012098511
0.020436704
0.5653854
0.35685688
0.36665526
0.011025445
0.008349814
0.36223072
0.6758444
0.9471027
0.014322219
0.53285336
0.69339764
0.9265738
0.36404124
0.01440212
0.014740008
0.94427204
0.83131856
0.022671346
0.007774686
0.91795826
0.7088969
0.98542744
0.9317564
0.37273404
0.3699934
0.010210635
0.010834437
0.36776233
0.009105752
0.0052604983
0.58327514
0.85935515
0.9438008
0.006557505
0.37302893
0.8178104
0.0011372789
0.34962496
0.0135957515
0.005175915
0.017007258
0.91337126
0.42293647
0.96072775
0.94603086
0.0037716008
0.9875473
0.027848154
0.97883934
0.011937076
0.008860029
0.0076555577
0.67329496
0.8227692
0.6745009
0.00958047
0.7622765
0.011156291
0.0063218637
0.57587385
0.916218
0.37258273
0.0015160542
0.97026765
0.014362275
0.6851212
0.011449853
0.89227885
0.013112259
0.015294343
0.082042396
0.020943498
0.009808502
0.8719511
0.7207444
0.3669037
0.014742668
0.033292513
0.36703765
0.84244347
0.015845392
0.0090718465
0.57997483
0.8872167
0.9763545
0.5807752
0.9879993
0.792163
0.010103966
0.64795256
0.53834915
0.0061644623
0.044526733
0.011840795
0.3796507
0.007853481
0.37254924
0.0154380705
0.04166145
0.020326287
0.9035544
0.009997625
0.005801916
0.2793313
0.015311098
0.011357789
0.89642566
0.5496761
0.67216045
0.37182665
0.38010505
0.011137805
0.88229465
0.014549076
0.9593005
0.96261907
0.7612706
0.010779787
0.011749118
0.3688639
0.9491863
0.08523978
0.016878827
0.03248946
0.98253953
0.9735339
0.78543615
0.9361786
0.91328704
0.015499348
0.930401
0.011681432
0.010265714
0.36861148
0.37626398
0.9215578
0.022614151
0.3632088
0.38388357
0.0066425977
0.71211624
0.00994782
0.0118798185
0.06877011
0.96205854
0.0088532865
0.047402333
0.0067148167
0.69373655
0.6176285
0.04159277
0.37274492
0.01762019
0.7130002
0.37257048
0.29474664
0.37666303
0.5281521
0.3650127
0.97824556
0.9678725
0.0012748641
0.004975292
0.015483682
0.015453675
0.94662637
0.9192037
0.8339096
0.02292784
0.38716882
0.0026983775
0.37015355
0.49139765
0.9659773
0.0052635754
0.5988193
5.354834e-05
0.011384012
0.011831787
0.737571
0.8014083
0.9487788
0.9639608
0.92052156
0.006914648
0.98575866
0.9243389
0.6088847
0.017775886
0.004165113
0.008241572
0.51899964
0.9150341
0.38607913
0.5173878
0.010448483
0.061888304
0.50741047
0.49632
0.5401575
0.023477662
0.90378386
0.7795896
0.90739155
0.9448144
0.010504375
0.016455198
0.8880864
0.8771349
0.3653534
0.8124458
0.02107563
0.34308556
0.33972523
0.9475383
0.53528297
0.007795611
0.91075397
0.012799048
0.501919
0.8524207
0.009353734
0.9399249
0.3807916
0.009116113
0.7874275
0.9214148
0.9025759
0.004161169
0.5470974
0.03075503
0.87259877
0.018220393
0.022034211
0.5387024
0.9803683
0.8332673
0.8808183
0.0041899127
0.04418989
0.016588844
0.8435736
0.01577369
0.0048473044
0.0012182733
0.01263861
0.0065230774
0.9877021
0.53593403
0.023308722
0.005729823
0.37258837
0.6335231
0.47053978
0.0038269022
0.8441155
0.99427974
0.43527403
0.36933327
0.93294495
0.92147976
0.009065072
0.004743948
0.004694922
0.025646549
0.9586415
0.13967538
0.9563887
0.5560076
0.6324808
0.6667984
0.96374255
0.7547816
0.5442571
0.006865972
0.85928965
0.08579328
0.67855096
0.019527847
0.012361881
0.5551963
0.9720042
0.66763425
0.014050642
0.9162383
0.0056834277
0.010668313
0.001799382
0.3652603
0.7742775
0.024832334
0.021603314
0.36613208
0.3187942
0.018133914
0.9715257
0.030335197
0.019765457
0.0018048803
0.7987698
0.42636806
0.0194084
0.046414535
0.895162
0.75498813
0.57778937
0.0042889
0.02433482
0.56780237
0.8785225
0.044210292
0.022862118
0.91251063
0.61228955
0.018293286
0.007761418
0.00016857799
0.36829442
0.6989764
0.75503916
0.01231775
0.013229194
0.035677534
0.0135731315
0.65268487
0.7952831
0.12682119
0.4431088
0.38427886
0.9874664
0.92181116
0.8271477
0.38097602
0.6599598
0.37624177
0.7478749
0.98659295
0.01435444
0.007096035
0.5420112
0.015862726
0.9880043
0.00600396
0.019595476
0.3716894
0.012045571
0.010089248
0.77762747
0.98474634
0.9795655
0.15630007
0.034802757
0.025781846
0.011835268
0.5436376
0.3255999
0.17952347
0.015725799
0.005154874
0.99270767
0.5401362
0.56455344
0.36762846
0.01818309
0.022603715
0.015920753
0.8793526
0.9660037
0.018157836
0.97565246
0.95922613
0.3659691
0.9689933
0.8926383
0.3782972
0.5727175
0.009201794
0.5136588
0.025548352
0.8860012
0.5038051
0.019833699
0.0084629385
0.8501513
0.89374185
0.022749988
0.59925604
0.016518267
0.93246573
0.98678976
0.45271423
0.026318409
0.007140142
0.373237
0.009946429
0.9590129
0.5468931
0.01341413
0.73244864
0.759892
0.0037051698
0.9697412
0.027198877
0.01304263
0.3708326
0.39134055
0.6879762
0.0116893845
0.00945068
0.008549891
0.87436783
0.78534967
0.37324446
0.45367014
0.59100324
0.9770208
0.75212216
0.39167753
0.3895415
0.8013451
0.010270377
0.0049074357
0.48302767
0.36373046
0.9797276
0.0060990187
0.022473399
0.71210396
0.9468472
0.0073751896
0.086970545
0.014437325
0.59399384
0.014188798
0.7572623
0.028979596
0.8817835
0.36933878
0.37781116
0.63392216
0.000429445
0.02010791
0.008686667
0.80455184
0.37382317
0.008255416
0.96054536
0.9514615
0.630405
0.37598503
0.03228988
0.7961617
0.023427662
0.79943675
0.21199578
0.0015436934
0.08078287
0.02468601
0.015575764
0.042542804
0.3803072
0.005187328
0.526624
0.36331043
0.97332835
0.37756705
0.67915887
0.37405702
0.0062296917
0.035095215
0.009038976
0.00646217
0.949277
0.012376112
0.0066129332
0.359137
0.9228486
0.7737287
0.37362158
0.008631267
4.6892696e-05
0.003451686
0.97276115
0.029206455
0.9760591
0.49571913
0.37044963
0.95081896
0.011489011
0.73868215
0.9159111
0.012546197
0.96594274
0.5999437
0.0056532165
0.5248454
0.006872569
0.6548494
0.7097062
0.8323796
0.627763
0.8960742
0.023088355
0.020154594
0.008364791
0.005632612
0.01202674
0.8210771
0.532517
0.015228264
0.7630339
0.012208708
0.9482374
0.006566874
0.01354263
0.001505484
0.5173342
0.63112926
0.06082765
0.006541685
0.009117178
0.9447435
0.0061596152
0.9948689
0.97912586
0.8779977
0.0037314843
0.5489901
0.030220456
0.37471858
0.37362814
0.015635949
0.54504454
0.030197209
0.38850176
0.020201825
0.85294026
0.8570879
0.010503349
0.010177734
0.024808863
0.9244664
0.94049734
0.94274116
0.12246369
0.006046708
0.82669663
0.4368798
0.9404282
0.0047604335
0.53400356
0.5856604
0.36614725
0.009827095
0.36998695
0.9778643
0.9728742
0.06722845
0.97840196
0.9112887
0.017901024
0.025592055
0.0067792158
0.98459864
0.007965623
0.55146486
0.94685215
0.008826114
0.020336254
0.034576442
0.0011841191
0.5893088
0.6819832
0.9629247
0.82632047
0.38078687
0.8083781
0.0018988476
0.7303052
0.9456285
0.94601965
0.022037901
0.025992634
0.3714056
0.005010871
0.87144244
0.5480117
0.004337342
0.8213764
0.012592488
0.012911562
0.9597439
0.11939802
0.5186412
0.95620537
0.009340249
0.5915054
0.6278854
0.87950945
0.35405186
0.03956075
0.9289606
0.9488177
0.54267055
0.019223278
0.69643
0.9648529
0.83048993
0.9808723
0.88656443
0.8423794
0.90883404
0.009244759
0.032731947
0.5872611
0.0045508724
0.0018695545
0.028324919
0.0033198108
0.03626729
0.0057316
0.96462107
0.37122262
0.35175914
0.52588934
0.9021066
0.024925623
0.023242654
0.98472786
0.011112085
0.9564539
0.96624595
0.63124394
0.4570465
0.8058512
0.010679975
0.009244889
0.99226063
0.37136045
0.008016797
0.9284518
0.010657015
0.5623446
0.006426285
0.011617117
0.5838476
0.009990246
0.014226699
0.0052116592
0.028758552
0.36715707
0.007869269
0.01931485
0.71906173
0.9464259
0.35515723
0.004046611
0.88059235
0.0046854145
0.015225491
0.93717766
0.5422335
0.018781448
0.57626235
0.37389612
0.9253539
0.015094503
0.77151036
0.1954856
0.008382217
0.3718956
0.004479711
0.3648757
0.006341223
0.012642186
0.011079044
0.7691402
0.3988564
0.014853479
0.84453404
0.021848023
0.0055742185
0.3739804
0.015971266
0.71300966
0.538187
0.52939254
0.020636056
0.01403442
0.008766019
0.60706186
0.011624778
0.93271136
0.0045541464
0.012187122
0.6495167
0.01532344
0.024055388
0.8633937
0.97203547
0.13505524
0.93227905
0.0035393217
0.013073393
0.805119
0.18024243
0.34756133
0.016552556
0.9699966
0.9898144
0.54115814
0.9623812
0.007985524
0.9722196
0.60827947
0.8384301
0.0024922465
0.01906947
0.010594804
0.08903581
0.017958269
0.9493479
0.017422818
0.99783796
0.3725536
0.50093365
0.96526927
0.011083057
0.014269366
0.019688398
0.39670464
0.8672816
0.8391228
0.9776474
0.5694919
0.46193695
0.5299933
0.020146575
0.37112933
0.8785429
0.3957089
0.0050739627
0.9183032
0.8617341
0.99677414
0.97351235
0.019476052
0.006207896
0.89494866
0.9408902
0.004187331
0.33568156
0.36694732
0.9702814
0.015945245
0.011227915
0.9486703
0.82482916
0.48807538
0.7564981
0.604555
0.011527036
0.013369267
0.0008194838
0.9115536
0.9839399
0.12473144
0.9749587
0.52612203
0.95231783
0.9757696
0.76892215
0.0056110686
0.006574581
0.8999665
0.011327235
0.0113192005
0.01744304
0.8234703
0.03054884
0.006393053
0.011727395
0.37899312
0.9581926
0.35417992
0.5435991
0.0043667085
0.6202772
0.01334668
0.12756526
3.0359521e-07
0.0046030483
0.0057374393
0.010878664
0.3072927
0.3726515
0.7112179
0.021849448
0.71077055
0.372801
0.003273491
0.007354789
0.29928663
0.5585408
0.35161668
0.55026346
0.009076752
0.36847255
0.008080759
0.7028813
0.37326992
0.29025707
0.36933953
0.35668173
0.9186392
0.0062619066
0.93589485
0.5907219
0.8158242
0.76668644
0.012413002
0.65718555
0.9686189
0.25204682
0.0077061704
0.9490226
0.37816766
0.83773625
0.3188502
0.0065371064
0.49711618
0.94237417
0.36553636
0.8756015
0.0056607407
0.01302171
0.003885687
0.30630475
0.9783318
0.5061999
0.37293515
0.5724816
0.8544042
0.019784361
0.9737515
0.89324677
0.93703717
0.89382875
0.90077233
0.38511798
0.030529998
0.9533338
0.3706771
0.94268864
0.36996603
0.99031013
0.5591724
0.6033792
0.96853876
0.0016431278
0.5303988
0.9736408
0.016142078
0.96509004
0.009836151
0.011086078
0.012731097
0.0043327813
0.3640712
0.006132748
0.709377
0.50820565
0.91385823
0.01530077
0.54811084
0.5797061
0.015180577
0.023951024
0.96739256
0.95026696
0.3836138
0.5285878
0.97274154
0.9338106
0.025895711
0.8440113
0.0046395883
0.8541253
0.009906469
0.0037018536
0.37200296
0.87368846
0.015538912
0.9779795
0.36556515
0.8867965
0.37842843
0.0048750243
0.5269983
0.94730145
0.014909066
0.90644103
0.9606488
0.012211813
0.86637497
0.005773019
0.010506571
0.3811614
0.12874201
0.6644455
0.34651276
0.64466226
0.49027923
0.81972337
0.370242
0.6266654
0.016398218
0.6946171
0.30196834
0.37867174
0.0060210587
0.006819658
0.98320687
0.37008634
0.50677687
0.0053403196
0.65489215
0.39952967
0.0056040306
0.8416713
0.018448662
0.37009177
0.6160852
0.008315086
0.01643395
0.71546143
0.7833003
0.36940953
0.31973004
0.7357496
0.013931526
0.37013647
0.96716255
0.3908798
0.36864263
0.009644937
0.028227342
0.36884612
0.3827997
0.3685736
0.86526686
0.8776875
0.90937227
0.0041226367
0.36984995
0.7419375
0.01452742
0.012911256
0.54510367
0.023167564
0.946412
0.9681579
0.9359675
0.9347615
0.015777955
0.008084314
0.6718847
0.9474183
0.7281577
0.94504106
0.62217283
0.37238175
0.99536186
0.01210526
0.843686
0.84745485
0.004181378
0.0068299747
0.0137492055
0.01454196
0.9056729
0.7849573
0.7166054
0.0029985968
0.93718886
0.0066162953
0.5313697
0.008499971
0.91624093
0.9732319
0.5762865
0.71454984
0.70361346
0.009897466
0.3683962
0.020332824
0.9095239
0.54955775
0.4248743
0.011504223
0.97257
0.94464594
0.6277814
0.004179693
0.9478363
0.010365554
0.6998316
0.9031533
0.96400094
0.016727017
0.37382305
0.8083711
0.026975175
0.011663466
0.023076247
0.9240307
0.023996733
0.40273193
0.8883556
0.61593354
0.016074123
0.0032989585
0.3155533
0.9331663
0.011490847
0.89160264
0.4883396
0.008088965
0.015774252
0.0016874212
0.0023583905
0.9530238
0.3664429
0.00961638
0.6235215
0.87586623
0.0269648
0.0023721592
0.8708687
0.04274498
0.5706772
0.009789763
0.018538836
0.020030806
0.007840443
0.7949543
0.009701529
0.010922167
0.9143478
0.017666511
0.0063773827
0.52034044
0.28412196
0.0050748894
0.0009913684
0.3791599
0.37465525
0.91813225
0.9545155
0.8902431
0.00806129
0.5588973
0.012273692
0.9477634
0.009494898
0.98932904
0.7759412
0.92024064
0.6620282
0.005675193
0.007469674
0.36552408
0.79147595
0.37821496
0.42662236
0.10026306
0.34040087
0.36915907
0.6563546
0.47197756
0.3818628
0.5648916
0.6990931
0.96621674
0.49210298
0.80100965
0.004595632
0.005718243
0.7004326
0.019998563
0.005537055
0.00766409
0.0306147
0.5823572
0.8273319
0.99178714
0.8046203
0.0055618724
0.9821721
0.011800364
0.010173873
0.005669478
0.6916322
0.002366088
0.011048127
0.37507743
0.8088489
0.0029843254
0.37124237
0.0055908263
0.014430827
0.018077709
0.014213818
0.004083735
0.9200513
0.0048332848
0.71567863
0.0070198546
0.36830416
0.0073468173
0.91158557
0.3845905
0.020959016
0.009762658
0.9560164
0.7031671
0.01869789
0.01642481
0.017284408
0.3281929
0.91119415
0.9632863
0.0016275228
0.97600454
0.6299895
0.92221844
0.011360551
0.98893565
0.02125449
0.008051493
0.5262779
0.96170604
0.0076861493
0.37878823
0.859315
0.021023838
0.0022264556
0.008709573
0.020225558
0.98776233
0.63779044
0.0064322124
0.37948298
0.9327696
0.004553779
0.46180585
0.96933573
0.02286422
0.0025621816
0.8350508
0.00283554
0.00870821
0.72876614
0.3753908
0.98902404
0.010443766
0.00800257
0.011404289
0.00035311206
0.0076531754
0.9069798
0.20505014
0.012647622
0.3797406
0.93248063
0.7922724
0.77855176
0.43388492
0.023782957
0.01226083
0.9749042
0.035518702
0.3707573
0.01377815
0.38126114
0.9444051
0.37309638
1.8517879e-06
0.8853253
0.3699412
0.010066282
0.49532622
0.8804064
0.9654218
0.009864832
0.6944569
0.016328644
0.36849308
0.4962783
0.8307689
0.013294501
0.5376268
0.90598506
0.012900329
0.01911504
0.8835857
0.0043518757
0.99359256
0.0032160715
0.7559152
0.37272036
0.010796289
0.9120372
0.0047666435
0.015205934
0.49975234
0.860128
0.014847481
0.021325514
0.9859049
0.670579
0.85116524
0.96117204
0.51897216
0.75153464
0.57227695
0.008309407
0.9591475
0.0098403925
0.38387945
0.012285959
0.0061429697
0.5973998
0.013512182
0.7408956
0.5624532
0.023754383
0.012920898
0.010386912
0.007051481
0.71004826
0.006698604
0.932798
0.01111408
0.37197053
0.5460309
0.98315215
0.87802595
0.6485736
0.033699796
0.6281153
0.005471622
0.021627488
0.001863173
0.0047867955
0.02227948
0.6725537
0.37024263
0.3672048
0.011432768
0.41611037
0.6645846
0.95486367
0.8309747
0.76965183
0.90278447
0.5970628
0.8307122
0.9490722
0.007231117
0.7181158
0.5664342
0.013897751
0.35774812
0.834508
0.0136629455
0.7867276
0.004862724
0.54786676
0.99336773
0.9711283
0.57432353
0.63244534
0.9460007
0.004043332
0.006583637
0.010236116
0.0025453037
0.060335767
0.011374517
0.017875994
0.8734969
0.7135673
0.6932659
0.3677343
0.36618665
0.010405427
0.36590487
0.35613313
0.43888047
0.0060966806
0.9456707
0.003049925
0.9348973
0.0054778713
0.4635898
0.9455298
0.8719175
0.77088994
0.015197161
0.7294196
0.017592667
0.5197705
0.023057314
0.012529826
0.011713802
0.36637715
0.8769854
0.014203439
0.014648752
0.5128767
0.9867192
0.5949259
0.008281246
0.9349125
0.70577896
0.6409014
0.013369067
0.0044986084
0.95274585
0.020729447
0.01087949
0.37470257
0.5284008
0.5494561
0.37084496
0.017754253
0.94095826
0.5392327
0.007131969
0.5263317
0.3724431
0.005702697
0.027403595
0.98132586
0.7536679
0.005174496
0.009525666
0.018377902
0.7991219
0.016585102
0.61267734
0.09116073
0.62165225
0.0036637625
0.006122169
0.9786323
0.93806416
0.8946736
0.70410055
0.24472564
0.967292
0.005566775
0.018726248
0.011637599
0.4280537