0.7406004
0.99996614
0.36520314
0.5887881
0.3651947
0.00026977222
0.001054897
0.99990475
0.36500418
0.8511752
8.040252e-09
0.0013248287
0.00029991727
0.3650922
0.9983772
3.4253749e-06
7.5845935e-05
0.9988483
5.8989423e-05
0.55658275
0.79491764
1.7752664e-05
0.36511967
0.0022126127
1.0414178e-05
0.0005530395
0.46460202
0.9861902
0.3651947
0.9947684
0.0022199347
0.36645406
0.6894648
0.37623572
0.36498716
0.36522007
0.6076992
0.9909657
0.9988458
0.9999212
1.930761e-05
0.04308898
9.800412e-05
0.3652216
0.00087799015
0.00063049636
0.6827442
0.9573724
4.676777e-06
0.9999869
0.9984049
0.0016678046
0.9998791
0.9997634
0.44450858
3.8896003e-05
0.7446961
0.0005243239
0.00022294268
7.151702e-05
0.7656658
0.9988732
0.7045859
0.3651947
0.9746967
0.8458136
0.75648654
0.00026398883
0.85531634
0.7320822
0.9994062
8.664099e-06
0.884191
0.7539355
7.593732e-07
0.0005057903
0.00062240195
0.68567425
0.3650804
0.36503083
0.0005444932
0.0011667208
0.36521828
0.99428326
0.9994056
0.00059611653
0.6212992
0.99999356
0.99947184
0.99055594
0.000717933
7.323661e-05
0.9990927
0.97227186
6.9893517e-06
2.9194649e-05
0.9989458
0.96820706
0.99970263
0.9994641
0.3651947
0.3651947
0.00044854963
0.000113100454
0.36517403
0.00035227367
0.00074229273
0.970145
0.99951804
0.99968016
0.00011401546
0.36519676
0.9931164
2.5142012e-07
0.36874843
0.00013750076
2.1620168e-05
0.006998604
0.9988159
0.8891321
0.999514
0.999213
1.0373736e-05
0.9999025
3.3867713e-05
0.9998492
1.345609e-05
4.4561883e-05
3.4141958e-05
0.9882051
0.99980253
0.9932769
4.976059e-05
0.98583525
0.0006229761
7.3418276e-05
0.63946456
0.9997018
0.3651543
2.9119992e-05
0.999526
7.486814e-05
0.99353385
0.00013199841
0.9933211
2.7465128e-06
0.00023502915
0.0026310033
0.001595622
0.001677142
0.99448216
0.918127
0.36518592
0.00015873108
0.00015182963
0.3650983
0.9996723
0.0004655411
0.00010368026
0.8958539
0.99899286
0.99361116
0.8670539
0.9920374
0.9999238
1.7604774e-05
0.7955177
0.59195924
5.9845963e-05
1.867054e-05
8.057351e-05
0.3651947
1.0234327e-05
0.7434287
0.0002893801
0.0026632838
7.732818e-05
0.9999987
4.710707e-06
1.5507532e-05
0.9326033
0.0005326521
0.0025769179
0.99951553
0.9492538
0.9800442
0.36521432
0.3650822
1.1297532e-05
0.999468
0.00017590164
0.9999888
0.9995382
0.99965346
0.00029876461
8.52541e-05
0.3651947
0.99764675
3.802798e-07
0.0023247413
0.0012825839
0.99940073
0.9996294
0.9483011
0.9997328
0.9999219
7.224793e-05
0.99953115
0.00013058462
2.5455987e-05
0.36521795
0.36519018
0.9957432
5.7906425e-05
0.36509946
0.3651947
5.578706e-05
0.26592943
8.262347e-06
0.00012598193
0.00012906236
0.9997155
3.1874072e-06
0.0002521843
0.00027533688
0.9964306
0.9889071
0.0002547287
0.3652117
0.0005771129
0.9965043
0.36501497
0.32269752
0.36517403
0.49585155
0.4567887
0.99920887
0.99899596
2.8695933e-08
0.0005455015
1.6122229e-05
0.0007600283
0.99998116
0.9961882
0.99180907
3.9015117e-06
0.3650171
4.6874495e-05
0.36522013
0.016627425
0.99986875
0.00015864635
0.9744747
1.0651384e-11
0.00014419579
1.3656684e-06
0.9725981
0.99834776
0.9992187
0.999783
0.99970263
0.00014423374
0.9999267
0.9985551
0.59935266
0.00054045004
0.00045556642
1.0094416e-05
0.50758785
0.9985784
0.36519885
0.96625495
1.4803471e-05
0.00048242233
0.8402127
0.038592968
0.04091656
7.313918e-05
0.9981363
0.98218256
0.9996092
0.9997689
4.788262e-07
0.00029365043
0.9995716
0.99741805
0.36513308
0.9987992
0.00010377511
0.36515442
0.7974598
0.9994735
0.5568977
3.507951e-05
0.9959961
1.0527675e-05
0.8626503
0.9980683
1.5015834e-06
0.99690324
0.36516085
2.7741755e-05
0.97748566
0.999092
0.9999982
2.11718e-05
0.6447601
1.6836617e-05
0.9954755
5.370908e-06
0.0001458317
0.044311248
0.99418664
0.9971998
0.9952193
1.2182216e-05
0.0003023334
4.334546e-06
0.98557997
6.503772e-05
2.9929171e-05
8.9752675e-06
0.00010489468
7.9885416e-05
0.9999119
0.58972955
0.0013156496
1.37669385e-05
0.36518437
0.99806756
0.94221723
0.00061228557
0.9994179
0.99985373
0.8478072
0.36520255
0.9990977
0.9998549
6.6946275e-05
0.0007780011
0.00033304148
2.9633395e-06
0.99975747
0.005513173
0.9990526
0.76906055
0.9447915
0.9639359
0.9999325
0.9954086
0.9835682
0.00047870982
0.9992933
0.00215129
0.9922436
0.0001541382
8.247327e-06
0.6545207
0.99945956
0.76019615
0.0007862097
0.9997993
5.835247e-06
3.9556006e-05
4.6646765e-05
0.36521837
0.98348874
0.00025674046
0.00028698976
0.3651801
0.36515477
5.9592808e-06
0.9995384
0.002334797
0.00010961201
7.448048e-05
0.9925504
0.9288504
1.8352623e-05
0.00016385844
0.99969745
0.9881412
0.9447637
1.9019836e-06
7.9450224e-08
0.91841775
0.9996592
0.00039738297
1.7921902e-05
0.99793786
0.7339532
7.465946e-05
0.0002099073
2.1670317e-07
0.3651947
0.9987459
0.99936
3.9551178e-05
0.0025188792
0.000121128025
0.0006056464
0.96940964
0.99770147
0.0021231682
0.590886
0.3653965
0.9999832
0.99438655
0.99544746
0.3651947
0.99365544
0.36475128
0.9155634
0.99980074
0.0011777265
0.00095420337
0.95629954
0.00045710782
0.9998267
0.000114393675
0.0004811385
0.3652142
7.63431e-06
9.244272e-07
0.98610884
0.99995077
0.9996753
0.01578751
9.701933e-05
0.002780773
9.688195e-05
0.9889081
0.36505914
0.026808517
6.4788816e-05
0.00015713662
0.99965787
0.5541011
0.92918223
0.36520946
0.0017981697
2.1571727e-06
0.0025258474
0.9983468
0.99989533
5.9249152e-05
0.999297
0.9992436
0.36515182
0.99978834
0.9995443
0.365151
0.93859977
0.00014341062
0.84436166
0.00040848934
0.99753016
0.99410063
2.5804777e-05
0.0006420112
0.9951756
0.99980015
0.0027813308
0.97896314
0.00021295108
0.9998294
0.99985504
0.6019449
0.0011862026
0.000117531905
0.3651947
0.000759865
0.99879944
0.75844115
6.51256e-05
0.9778341
0.9960544
5.4269385e-05
0.99967265
5.3979882e-05
1.879278e-05
0.36521935
0.3651947
0.9997522
2.1619755e-06
0.00017534352
0.00024116265
0.99744725
0.999468
0.3651947
0.49918416
0.82921267
0.9999399
0.99814284
0.36610258
0.36515743
0.9999988
2.7816937e-05
1.2749404e-06
0.5592826
0.36522058
0.9999206
0.00017098279
0.0019547318
0.96508014
0.9987974
6.2989195e-05
0.3641244
0.00082499883
0.7301863
1.721019e-05
0.8409293
0.00024708748
0.9987238
0.36519685
0.36518162
0.7602797
1.2369832e-05
0.0029307448
0.00016119574
0.9785727
0.08810333
3.215843e-05
0.9995951
0.99989545
0.96858704
0.36522108
0.0013226811
0.97890776
0.00028977823
0.9692451
0.365125
4.7128134e-07
0.003662546
0.00036211027
0.00041596798
0.00026676894
0.3651947
4.322711e-06
0.7018442
0.36516988
0.99952984
0.3651947
0.8402893
0.36521465
4.7380407e-05
0.00295537
0.00015828219
6.397844e-05
0.9993063
0.00080452586
3.2392225e-05
0.36513594
0.9976332
0.99997735
0.3651947
1.3856877e-05
1.4669051e-05
0.00034423484
0.9995421
0.0011213634
0.99985087
0.03567454
0.36521626
0.99953556
0.00026935484
0.9958988
0.9999554
5.5436725e-05
0.99863654
0.9515471
0.00026250773
0.5880571
2.6205305e-05
0.9999696
0.998727
0.9994893
0.86447483
0.9956013
9.335231e-05
0.0009706283
0.0006031156
2.8067954e-05
0.0008533372
0.9999989
0.7362215
0.00033885954
0.8641585
0.00011764695
0.9993399
4.6993182e-07
3.0263078e-05
1.7503677e-07
0.24671218
0.6539117
0.0003533229
0.0004460778
0.00016952143
0.9999349
3.8711536e-05
0.99999976
0.9990283
0.97544086
1.4218685e-06
0.99814916
0.0038102437
0.36512932
0.3651947
0.00015119612
0.69095457
1.8654879e-06
0.63187385
9.9991785e-06
0.9988176
0.8341746
0.0001551064
3.203908e-05
1.52035345e-05
0.9959479
0.99884856
0.999283
0.00058069854
0.00036466515
0.96409225
0.5365217
0.9999672
0.00032260746
0.94406325
0.9687196
0.3651947
8.421965e-05
0.3652163
0.9999715
0.99978966
0.00026936896
0.9999529
0.99763536
0.00058221846
0.0006118317
0.00029505303
0.9998741
6.5477366e-07
0.90657073
0.9995413
1.340891e-05
0.0006994638
2.3957458e-05
8.945726e-06
0.6894801
0.95964193
0.999866
0.9919916
0.36504185
0.96689487
3.5671933e-06
0.9948084
0.9907278
0.9999794
4.429641e-06
0.00018910067
0.36521792
1.0214651e-05
0.9975708
0.7190305
1.9415756e-05
0.9872946
0.00087865
0.00024574876
0.99997723
0.0053003132
0.59979594
0.99987984
0.00012247227
0.9756005
0.7727058
0.99992645
0.01810315
0.00015700392
0.9993031
0.9683242
0.5974357
0.000106895
0.7721592
0.99221194
0.99440396
0.9981812
0.9961449
0.9925195
0.9981135
4.129704e-06
0.0016619682
0.95010054
0.0003504867
4.0738425e-07
0.0001605028
0.00010685811
0.0006807327
5.7390662e-05
0.9966181
0.32077017
0.36514065
0.69325083
0.9995234
0.00012325357
7.830568e-05
0.99983764
0.00015318465
0.99718434
0.9999502
0.6235936
0.3565292
0.99815637
5.8666126e-05
1.8121461e-06
0.9999503
0.36521706
0.00010564212
0.999734
0.0006522587
0.61955726
2.8931925e-06
0.00040414656
0.77655184
0.0025384957
3.080085e-05
5.6783236e-05
9.07142e-05
0.3651947
6.063215e-05
6.886518e-05
0.9284456
0.9996805
0.3652154
0.00025243068
0.99625
9.295803e-07
0.002575979
0.9999099
0.62050825
5.0306426e-05
0.6519257
0.3651947
0.99814177
0.00074637844
1.0
0.012474988
8.761647e-05
0.3652202
4.6886106e-07
0.3650766
8.161099e-06
0.00032963065
0.0017228706
0.97936624
0.35125604
1.5754937e-05
0.9903769
5.6523582e-05
0.00036733277
0.3651764
2.5354931e-05
0.9876594
0.7122136
0.97714853
0.0001259023
1.087119e-06
5.171372e-05
0.9715934
5.737731e-05
0.99784327
1.9955416e-05
7.6040226e-07
0.78136975
0.0014164958
9.914771e-05
0.9994357
0.9988977
0.008105449
0.99980444
0.00036048127
3.2759492e-06
0.9977137
0.8864768
0.8100034
0.0018270393
0.99887425
0.99932873
0.6105226
0.9998733
6.3860796e-05
0.99766916
0.96512824
0.9992537
3.7338512e-05
0.040116582
7.2407593e-06
0.0015243988
0.000117399395
0.99361306
0.00017145918
0.9999969
0.3651947
0.92527723
0.99973744
0.00080920017
0.0014462913
0.0025462443
0.7185657
0.997829
0.9989484
0.9998323
0.78720343
0.56608653
0.85759497
0.00036053074
0.36500806
0.98541117
0.7380032
0.00047798303
0.99917525
0.98666084
0.9999521
0.99972135
0.0036894614
1.2710039e-05
0.9989028
0.99996114
0.00024836528
0.6969141
0.36503318
0.9999366
9.754866e-05
0.0008615198
0.99988806
0.9563314
0.10275152
0.989674
0.9917931
3.866199e-05
0.00023246973
3.189321e-05
0.99986565
0.99996316
0.259646
0.99907255
0.61134255
0.9999212
0.9999552
0.9953595
1.7022476e-05
0.004130701
0.9910069
0.00012256023
0.0018581323
0.00043585943
0.9911602
0.0028932365
0.00011386281
3.1334992e-05
0.36539564
0.9984314
0.3651947
0.99807453
0.00021047045
0.6396684
0.00024890673
0.004957908
3.6207003e-14
5.524961e-06
7.504935e-05
0.00014455481
0.5602123
0.3651947
0.969375
4.5026947e-05
0.99806315
0.3652094
1.9518755e-05
1.2287823e-05
0.039695993
0.78455484
0.36513346
0.6521644
7.0325856e-05
0.36495617
0.0011402657
0.8876963
0.3651947
0.016023101
0.36517143
0.36524078
0.9999987
2.654904e-05
0.99981815
0.99017626
0.9937138
0.97307193
0.000171538
0.99888223
0.9995945
0.37520543
4.7854297e-05
0.99774027
0.33320975
0.99992204
0.26289767
4.6728866e-05
0.62517947
0.9988361
0.3651947
0.9993124
7.463432e-06
0.00032234
5.6910845e-05
0.20913255
0.99981636
0.6719822
0.36521772
0.9072888
0.930799
7.406508e-05
0.99796414
0.99931884
0.9933954
0.99729544
0.99822086
0.3651482
0.0002443854
0.9998816
0.36513948
0.99975353
0.36514717
0.9990088
0.6260553
0.99184275
0.9989629
5.475631e-07
0.72108924
0.9988405
0.0024929459
0.999814
0.000267233
5.0764243e-05
1.7446564e-05
0.00039025105
0.3651947
1.5366471e-05
0.9626429
0.52830136
0.99819475
0.00029878967
0.9484999
0.77963626
6.186751e-05
0.00031173218
0.99959487
0.9985012
0.3651947
0.97093666
0.9992749
0.9993457
2.9029574e-05
0.9944612
6.600794e-05
0.99702185
0.00019018381
3.336359e-06
0.36521757
0.9917412
0.00012385148
0.9999405
0.36493614
0.9992787
0.3651947
0.00081368757
0.93234396
0.99703526
0.0003073912
0.9993445
0.99951684
0.00030479106
0.8860463
7.130399e-06
2.5235292e-06
0.3651947
0.0041529885
0.94435465
0.010056284
0.72458756
0.54253846
0.97821337
0.36511782
0.7442057
0.0015647747
0.9947737
0.3651205
0.3651947
6.825519e-05
1.6595934e-05
0.99994683
0.3651947
0.4785547
9.0350324e-05
0.99036413
0.834457
9.87625e-06
0.99841166
5.742272e-06
0.3651947
0.99934
2.8463763e-05
0.0022950198
0.9921623
0.99920976
0.36513513
0.009581959
0.8428614
0.00019811884
0.36506778
0.99961436
0.36518037
0.36520576
7.8587706e-05
2.4097944e-05
0.3650661
0.36508793
0.3651947
0.99839765
0.9975561
0.9917801
0.0019910992
0.36511704
0.976546
0.00061965646
1.7563438e-05
0.9098293
5.462802e-06
0.9993999
0.99976116
0.9997384
0.9998975
2.1938213e-05
3.3809854e-05
0.98472625
0.99979824
0.9886453
0.99890447
0.6099789
0.3652175
0.99999607
2.8406654e-05
0.99555075
0.9956507
8.886477e-06
0.00019331157
0.00023490726
0.0011674617
0.9973368
0.9964792
0.9738594
2.1855289e-05
0.9997929
0.00051217707
0.6866333
8.871785e-05
0.9969367
0.9988194
0.9931686
0.9993243
0.9942827
0.0003456558
0.36506504
2.4097626e-06
0.99779725
0.8469603
0.18085246
0.00014262239
0.9999651
0.9967179
0.7847054
0.00014652725
0.99993587
0.00020302257
0.92319816
0.9933149
0.9993924
1.6684548e-05
0.3652
0.9633632
0.001265258
1.1762368e-05
0.0032036435
0.99933726
0.000108031534
0.22587156
0.99579144
0.97096103
5.2006967e-06
0.0002596175
0.8357548
0.9999033
0.00027270967
0.99752504
0.56647
4.6024314e-05
0.003117226
5.206028e-05
2.1718015e-06
0.99931693
0.36509994
6.268777e-05
0.96915674
0.9968945
0.00082446676
1.2490982e-05
0.9959597
0.0064978763
0.9238321
1.6248238e-06
6.4428816e-05
0.00023817467
5.129638e-05
0.99292797
6.033125e-05
0.00034724383
0.99896836
0.00020322458
0.00013624833
0.61235213
0.004148956
2.0374275e-05
1.1402112e-05
0.3651947
0.3651947
0.99887794
0.99893385
0.98197377
0.00017905272
0.92334116
0.0011532019
0.99894446
2.2962517e-05
0.99998546
0.9996319
0.9997147
0.9822828
1.2858659e-05
2.1502616e-05
0.3651947
0.91526383
0.3651947
0.5751478
0.00039118182
0.71243435
0.3651947
0.9747522
0.74561423
0.3651652
0.9438557
0.89709115
0.99993765
0.6027905
0.9998579
2.2910568e-05
0.0003019759
0.97973585
0.0019671556
5.447009e-05
2.4085859e-05
7.458766e-05
0.83711207
0.9981427
0.9999416
0.9988404
1.6661364e-05
0.9999821
8.04193e-05
0.00013458496
8.6833285e-07
0.87812227
3.8150665e-05
2.5413321e-05
0.36509946
0.9945522
2.2802128e-06
0.36519712
3.3008212e-06
0.00081279874
9.2511335e-05
7.860794e-05
1.2894012e-05
0.999741
1.3577646e-05
0.9998399
4.7196412e-08
0.3651356
6.771892e-06
0.9987392
0.5860634
0.00015201433
2.8734506e-05
0.9998099
0.9733359
0.0005289556
0.00019313343
0.0006233999
0.365148
0.9681505
0.9997986
2.7282288e-06
0.9991386
0.95985514
0.9987484
4.9460655e-06
0.99984944
0.00077533966
4.7956717e-05
0.3595322
0.99783957
1.3250177e-05
0.36485133
0.99748933
8.543737e-05
4.511445e-05
1.7503377e-05
1.3483682e-05
0.9990681
0.99792945
2.9499236e-06
0.44876683
0.999529
5.6447784e-06
0.5311412
0.9956962
3.7320002e-05
1.9571728e-05
0.99920326
0.00014494915
1.5957654e-05
0.9905381
0.3651708
0.9993956
6.3578125e-05
0.0011434703
0.0006209571
5.2238815e-05
4.1782536e-07
0.99870074
0.36522037
7.3002075e-06
0.3651947
0.99955565
0.75926834
0.9712861
0.5395528
9.323977e-05
1.2021084e-05
0.9994236
0.0019153868
0.36516646
2.1718246e-05
0.3650096
0.99898094
0.36516258
1.2147378e-08
0.9980964
0.36506984
0.0012076821
0.01836466
0.99439853
0.99960536
0.00016270693
0.9666108
2.5853671e-05
0.36521608
0.13465731
0.99495786
0.0011091876
0.7575227
0.9882615
0.00027866496
0.004540701
0.9994862
5.2722976e-06
0.9999962
5.120522e-06
0.90010405
0.3651947
0.00026916948
0.9973701
0.00022922
1.664107e-05
0.4537671
0.99858105
5.0885146e-06
5.6689573e-06
0.99999106
0.9237878
0.9987192
0.9999244
0.60403854
0.99488777
0.7094682
5.003036e-06
0.99536717
7.069716e-05
0.3651947
9.0642265e-05
0.0020024334
0.9999999
4.6043322e-05
0.97061014
0.6146628
4.6376244e-05
5.811953e-05
6.7404108e-06
8.932325e-06
0.9964449
0.000110216875
0.9993293
1.9910516e-05
0.36512563
0.7043319
0.9997002
0.9991998
0.96802026
0.0006054412
0.98401004
1.4691297e-05
0.00017459127
9.350018e-06
1.3843721e-05
0.0011446206
0.89785403
0.36514813
0.36513576
0.0015439764
0.0799563
0.99581283
0.9995701
0.99788696
0.99650675
0.99921966
0.9262747
0.9986279
0.99928254
4.3511227e-05
0.8592552
0.7815688
0.0015069922
0.077353254
0.99621326
0.0021059727
0.9943323
0.00016532945
0.65037477
0.9999726
0.997334
0.7710921
0.7605856
0.9972253
8.870261e-05
1.943215e-05
0.00014518846
3.9063467e-05
0.0005912531
1.1503407e-06
0.0008992395
0.9995689
0.9924349
0.96936315
0.36516875
0.3650754
2.450121e-06
0.3651506
0.3651947
0.05029115
9.823327e-05
0.9908352
2.8177965e-08
0.9967012
0.0002954319
0.8935327
0.9999038
0.99714667
0.76705927
0.0008506642
0.96526885
0.0010526578
0.8545925
0.00049221213
0.000120189645
0.00060099876
0.3651947
0.9997466
0.00034139867
6.285682e-05
0.6434307
0.9997583
0.79033935
8.6412176e-05
0.99412704
0.90714604
1.0
0.0019257235
0.0017320202
0.9925834
0.0011880322
2.0134878e-05
0.3652172
0.53355235
0.6566487
0.36521086
3.172897e-05
0.9994648
0.6678323
4.3500213e-06
0.6700226
0.36518154
1.4355269e-08
0.0030903427
0.9999653
0.97642875
0.0002862424
4.433473e-05
5.982491e-05
0.99984
0.00012458599
0.9992968
0.0068517067
0.6766567
0.0001259836
1.7434026e-05
0.99902916
0.9998958
0.9990252
0.7665872
0.022967493
0.9999689
4.2493728e-05
4.053516e-05
0.00014670493
0.88573325