0.48968652
0.9946955
0.426289
0.4991422
0.4323786
0.0042776945
0.00738311
0.98335916
0.42434
0.7251516
0.08963391
0.008704367
0.0054831477
0.42310092
0.9605444
0.006156883
0.0066947346
0.5119296
0.012646568
0.4411679
0.77303815
0.010050451
0.42937022
0.006919892
0.005858464
0.027347973
0.4785252
0.86871713
0.45921916
0.9936685
0.0046131727
0.43323776
0.7942021
0.4464856
0.391719
0.42093515
0.4851053
0.9674031
0.99228925
0.98360866
0.011735483
0.42944378
0.008296654
0.42963696
0.004958879
0.008288219
0.61896044
0.76018584
0.007085061
0.9908738
0.85061
0.008225429
0.9905601
0.9725742
0.4865501
0.0063280733
0.50834924
0.013911925
0.00783069
0.010921174
0.5200981
0.9751913
0.5065532
0.4322238
0.7710384
0.5903228
0.5311263
0.014301393
0.61729515
0.51309764
0.98451984
0.010075395
0.51340306
0.46003264
0.019738097
0.008464996
0.0061009442
0.5322544
0.42932963
0.42745227
0.0045662546
0.005828563
0.4380348
0.95972943
0.97730696
0.010162528
0.5310884
0.9984036
0.9872857
0.90026313
0.006587681
0.006228455
0.9706918
0.8174285
0.0156165855
0.009371389
0.9729259
0.8841429
0.9209456
0.98737234
0.43019888
0.4427227
0.00409382
0.0041720984
0.42894378
0.01796192
0.008323367
0.8535602
0.97258425
0.9687234
0.008117422
0.43823057
0.9945939
0.011889249
0.42492002
0.0058259335
0.0071553728
0.050932266
0.96238446
0.5824771
0.6752782
0.98112625
0.03224739
0.9979005
0.011907675
0.9782008
0.008867096
0.008442884
0.0053884224
0.8859346
0.9863687
0.8814563
0.01267568
0.89280576
0.010454612
0.0075518424
0.5415713
0.998228
0.42725912
0.012280046
0.99053264
0.005216591
0.96406806
0.004742325
0.75009406
0.007014498
0.005316258
0.43653575
0.017435066
0.013263387
0.9698457
0.7986642
0.43304333
0.0065103583
0.010847037
0.42492554
0.9944094
0.0056359866
0.0054011615
0.7735888
0.9868246
0.83920336
0.73511934
0.9951858
0.985363
0.0064947433
0.5321836
0.59630114
0.009061975
0.006589578
0.00747199
0.44237885
0.02022635
0.5416359
0.0076197786
0.008872366
0.012324481
0.99754214
0.01003296
0.007037279
0.48838294
0.0058890977
0.010754869
0.99587125
0.87840945
0.95684725
0.428998
0.43018326
0.0051970147
0.9664759
0.005972311
0.99585813
0.96340245
0.994054
0.022842456
0.009807996
0.4409932
0.8744743
0.04097363
0.006306949
0.024178168
0.8678473
0.9848134
0.98966146
0.9661148
0.9983518
0.01633304
0.9850269
0.013072545
0.010715663
0.43551573
0.4332892
0.9793906
0.01371661
0.43773133
0.4467091
0.0058488906
0.48176247
0.0057774107
0.007718932
0.00979553
0.9788359
0.0057701543
0.007888663
0.0076541523
0.9681506
0.94303334
0.012910162
0.4309508
0.0058749663
0.9680177
0.4250605
0.5359108
0.44328827
0.5145068
0.42016998
0.98028576
0.9832155
0.010362204
0.0062081255
0.011462582
0.0074737724
0.9930581
0.8605871
0.8144314
0.0051931455
0.42871025
0.13981114
0.43802437
0.6467737
0.9969144
0.006678411
0.77227116
0.1934437
0.005201511
0.007854086
0.92337203
0.9266473
0.85843885
0.9626248
0.99574137
0.008945566
0.98436666
0.9180738
0.5904421
0.030571364
0.007115366
0.0051324987
0.64275914
0.9625998
0.4545786
0.83425975
0.005480818
0.01036102
0.81825966
0.43372723
0.4778947
0.0065077986
0.97669107
0.8474107
0.9959186
0.97124654
0.023759391
0.005037576
0.99529713
0.9956073
0.4280428
0.995385
0.006197808
0.42066097
0.6898666
0.9829454
0.47530508
0.005798918
0.94762206
0.010624636
0.73711854
0.95104825
0.011231919
0.9714058
0.44354042
0.006431143
0.6161823
0.9272112
0.99762625
0.023688385
0.48828703
0.03040774
0.9830535
0.006932516
0.0077746822
0.7543869
0.8565131
0.9362712
0.892501
0.005745178
0.0108086
0.0077219643
0.83676773
0.006070165
0.0074148
0.015969286
0.0058457414
0.0049503245
0.8964277
0.6228052
0.028458027
0.013703114
0.4402519
0.97263384
0.60652417
0.0049861833
0.98470956
0.9879386
0.8228106
0.42838392
0.9835681
0.9958383
0.008673858
0.0065159523
0.0063762707
0.005508992
0.96695876
0.45460698
0.97418416
0.69042856
0.7126375
0.96286845
0.9954698
0.94627506
0.97420293
0.0073348545
0.9719178
0.44700953
0.9136006
0.007135901
0.006802439
0.5382636
0.98985624
0.75469875
0.011956118
0.9141484
0.022852931
0.0047651264
0.022035167
0.43725008
0.7972526
0.0049967268
0.005191764
0.43838683
0.4085878
0.0055479147
0.978973
0.0042628674
0.0052845236
0.041625585
0.9721524
0.82443607
0.00559521
0.015268232
0.9757087
0.90278864
0.8043546
0.018273791
0.08004269
0.85202163
0.9630356
0.46133107
0.0077437665
0.9491788
0.54548246
0.014957262
0.0050464915
0.07762869
0.42782894
0.96019894
0.91500163
0.007992935
0.005745701
0.010903808
0.0075241714
0.96846855
0.9655168
0.4470126
0.41379705
0.42331654
0.97749215
0.97846824
0.9596219
0.43979424
0.9112207
0.41350725
0.95360017
0.9905173
0.0063207913
0.005603478
0.88752615
0.005939104
0.99003917
0.0075968625
0.006974167
0.4282825
0.006420083
0.008411788
0.90207195
0.99600524
0.97233224
0.450789
0.007668842
0.011603114
0.0080087315
0.93816185
0.43054292
0.42354923
0.009419034
0.006249803
0.97082776
0.48376298
0.75988436
0.42648765
0.0052276035
0.023771401
0.00498132
0.9307341
0.9855252
0.008545789
0.9439171
0.94955724
0.4224461
0.9869135
0.95519704
0.44827956
0.8059321
0.0035529444
0.7317044
0.010824656
0.92485994
0.9203002
0.00683455
0.0040539126
0.97794914
0.9788977
0.006006325
0.8664955
0.00819188
0.99758315
0.9730958
0.55957043
0.005224904
0.0075348327
0.43172285
0.0071961414
0.9142197
0.57521886
0.0054294043
0.8275389
0.92008084
0.012681339
0.9733864
0.012030367
0.008589756
0.42816317
0.43946564
0.9869962
0.0068378067
0.015499034
0.009078202
0.97497874
0.9952186
0.42675704
0.4579839
0.7626011
0.99753284
0.949552
0.43994337
0.4610655
0.9980525
0.010754976
0.011622352
0.48899058
0.43126997
0.98442113
0.006842494
0.0051745554
0.8120218
0.9840209
0.010416829
0.44122118
0.00479261
0.8081696
0.008598451
0.6692143
0.004071383
0.97738373
0.43035373
0.4392129
0.4968854
0.054349545
0.0062602987
0.007719666
0.50330186
0.50039315
0.011428754
0.926155
0.9962967
0.78719395
0.44009835
0.006427308
0.7871738
0.010770561
0.9795236
0.4277296
0.02137732
0.45664805
0.0059423842
0.0057524852
0.003057564
0.4536153
0.0060591185
0.5012182
0.42846492
0.95506334
0.43968588
0.9697002
0.41109088
0.015305003
0.0064054416
0.0047030174
0.008238665
0.9792931
0.009363376
0.010004641
0.4302832
0.98899007
0.9922312
0.42694092
0.006296161
0.0150107145
0.00899449
0.91752046
0.006257644
0.9892953
0.42912808
0.42992923
0.9739861
0.0066853203
0.96931905
0.98438567
0.0051177847
0.8359024
0.9403572
0.005653997
0.5074945
0.0060337456
0.9974753
0.9866816
0.98401296
0.9170186
0.93750834
0.01163499
0.0050445953
0.013228815
0.0079872245
0.018432176
0.99776673
0.688727
0.0059165265
0.62119687
0.0074461806
0.98859954
0.018163318
0.0057598916
0.040731587
0.59206504
0.48586303
0.0033835804
0.025040405
0.0049468144
0.9944701
0.0068435576
0.9950944
0.9641565
0.78041637
0.0057914513
0.9714966
0.005317103
0.4435991
0.43809482
0.008942231
0.58162755
0.008784273
0.9687057
0.006026226
0.994317
0.5723608
0.0082530975
0.008891957
0.005622638
0.9391246
0.9912525
0.9252758
0.42772824
0.012766813
0.67896044
0.44938824
0.99249214
0.0062870416
0.8116777
0.9075055
0.4412976
0.008988707
0.43179876
0.8958661
0.98723304
0.010820527
0.9978787
0.94166774
0.020479556
0.01297601
0.0060190842
0.9746572
0.023960134
0.5719639
0.955522
0.0073051983
0.005658776
0.013914726
0.07713013
0.54688436
0.87606645
0.9243863
0.89498353
0.43079883
0.81984323
0.027257714
0.98105353
0.9712667
0.8629787
0.008527869
0.008372357
0.44329214
0.0056110285
0.87402236
0.65729266
0.010312018
0.8467161
0.00532422
0.005516429
0.8913536
0.43704337
0.47474623
0.9914159
0.008497042
0.93158674
0.8668994
0.9962786
0.4443926
0.009426245
0.9742149
0.75994945
0.63880885
0.00667155
0.57062465
0.8868185
0.88714117
0.94403756
0.88444483
0.9950138
0.9512019
0.017634457
0.010887298
0.8161718
0.0046614534
0.05723347
0.031126117
0.0049196244
0.0061698547
0.00821301
0.94631547
0.653263
0.41609266
0.51107436
0.990761
0.019600056
0.005144109
0.9875142
0.0060014366
0.9164974
0.99895084
0.58000773
0.44724882
0.9729169
0.0047206
0.025650248
0.9768042
0.4387471
0.007652809
0.9572556
0.005286163
0.5124922
0.0078078574
0.00721713
0.9211701
0.007858561
0.0052489103
0.0064361235
0.008390235
0.4308385
0.0066815116
0.008423111
0.85303056
0.9565484
0.42562383
0.006697833
0.87676173
0.0068615256
0.005475578
0.96741676
0.68540764
0.006522515
0.44982493
0.4397066
0.9773622
0.004628002
0.9999924
0.4731475
0.008408619
0.42900896
0.04850451
0.4304667
0.0066669066
0.0045518293
0.004689684
0.93115306
0.45075333
0.005911052
0.9161077
0.0137844505
0.005435887
0.44327253
0.011773531
0.93168265
0.51094663
0.9128327
0.005242312
0.086742245
0.012608905
0.8305532
0.012872149
0.9516476
0.008342881
0.030489238
0.5237506
0.006062204
0.00566498
0.96601593
0.93615544
0.43291
0.98230076
0.009203715
0.008032116
0.95632887
0.5327232
0.55824673
0.004930737
0.96848685
0.9802735
0.45538604
0.9867308
0.010366733
0.9510886
0.84663904
0.9442689
0.010544374
0.023807447
0.008749208
0.44735885
0.005483657
0.99820054
0.0056768884
0.91398376
0.41939193
0.87887454
0.958062
0.0047081625
0.008369718
0.0065944744
0.6419202
0.96510506
0.97923696
0.98257667
0.5355083
0.5114985
0.69795406
0.007050036
0.44111305
0.65713054
0.7599445
0.005325131
0.9862279
0.88805544
0.98802465
0.9842902
0.0063398946
0.018968526
0.9450268
0.9941551
0.0061673466
0.49474493
0.4276446
0.9676358
0.005442428
0.014472343
0.99182135
0.7233317
0.7138751
0.91250867
0.9683492
0.006108927
0.004716368
0.038666673
0.9911549
0.98911476
0.43963188
0.98446715
0.49600434
0.98732376
0.97486955
0.9327976
0.008318646
0.011648778
0.887686
0.007888972
0.019609997
0.0052505587
0.8715418
0.0062307776
0.005050043
0.0058288476
0.4411275
0.9571972
0.4246926
0.9700438
0.017633747
0.5078352
0.010345689
0.4364693
0.23236878
0.024294533
0.0039549507
0.005247046
0.54660684
0.42714778
0.94280654
0.0053276727
0.9581433
0.43252215
0.029554745
0.029380077
0.4403693
0.46921998
0.4199017
0.67764467
0.016706958
0.4290045
0.0064394902
0.52852124
0.4366527
0.40031713
0.42570332
0.42374292
0.99535584
0.0048575765
0.96762776
0.95436
0.9184137
0.79774255
0.00805211
0.8139602
0.9813378
0.5405897
0.008194425
0.9430208
0.52786756
0.9927169
0.708194
0.008136872
0.52462935
0.9510569
0.43558937
0.9788639
0.0071777483
0.013402782
0.010250662
0.566584
0.98449475
0.4908658
0.4376623
0.6727651
0.98394716
0.00822851
0.99285877
0.98270434
0.9620879
0.8290704
0.9669617
0.4315862
0.009284021
0.9840973
0.42919365
0.95677257
0.4400125
0.98771477
0.54501915
0.9766684
0.9918894
0.08450583
0.5001013
0.9664314
0.005316911
0.9840216
0.0053722574
0.0053330855
0.0067947316
0.0069040866
0.43721354
0.008165493
0.53235066
0.47895885
0.9743182
0.011455997
0.8934217
0.5521473
0.0126786465
0.005812228
0.9415589
0.8631373
0.4183897
0.90798557
0.96376526
0.97143316
0.0054500736
0.9572423
0.028536264
0.9320249
0.014310149
0.006302044
0.4295792
0.9178435
0.005611987
0.98846835
0.42588368
0.96397525
0.4398179
0.0069409613
0.85388213
0.91105956
0.017915089
0.9687673
0.9740632
0.005281755
0.62876004
0.009686935
0.008421526
0.45313385
0.4389185
0.743356
0.4348098
0.5078359
0.5205788
0.8594903
0.4292753
0.5076444
0.006432779
0.83066314
0.41257042
0.41877317
0.006379531
0.005268781
0.9357129
0.43980974
0.65384156
0.0068206205
0.9405212
0.83547586
0.005272891
0.9743198
0.007088228
0.42625478
0.976069
0.05310715
0.0051549524
0.9541872
0.98206055
0.4295368
0.43407172
0.51795745
0.005580526
0.42940497
0.98654246
0.4589285
0.4369251
0.02748233
0.009617542
0.4246113
0.4346384
0.42210096
0.98064053
0.9561766
0.8762235
0.0136654
0.42503217
0.78774333
0.009171451
0.008036206
0.86834115
0.0067314454
0.9698453
0.989019
0.99176764
0.9850973
0.0068268836
0.0053130137
0.81423956
0.9734466
0.93862635
0.83886164
0.54152244
0.43064687
0.84098345
0.0048923884
0.957704
0.99535155
0.009098531
0.01944497
0.006979165
0.005744639
0.94462836
0.98794633
0.82687837
0.010314159
0.999012
0.0039124032
0.5448792
0.00511182
0.94917184
0.9522012
0.9140293
0.9900669
0.9836553
0.018799052
0.42855492
0.0073948894
0.9435376
0.96706367
0.49524522
0.0044736583
0.994649
0.97034925
0.5245097
0.009552842
0.9857573
0.008680289
0.8892318
0.9023413
0.9388075
0.0063774125
0.43741718
0.9876573
0.00971481
0.011585507
0.0057990095
0.98154193
0.011330653
0.6463435
0.9407357
0.80820405
0.018887188
0.008792119
0.8199931
0.9887355
0.0062234243
0.99473625
0.46205193
0.004063531
0.008388521
0.026392967
0.010166232
0.9562079
0.43417147
0.016191779
0.90529996
0.9304091
0.0058238152
0.08633273
0.9345333
0.00799666
0.77326834
0.0048284777
0.00915708
0.008676778
0.005260308
0.8941692
0.008927009
0.0045976155
0.9901724
0.01164015
0.017595913
0.51350945
0.42536086
0.0063417065
0.013868414
0.41629192
0.43502373
0.95343596
0.9819049
0.9928503
0.004479334
0.9176366
0.005405579
0.9570312
0.02391522
0.9710754
0.9789919
0.98276997
0.9174208
0.0066588214
0.008370026
0.43869805
0.78686124
0.4487402
0.6390136
0.47898653
0.63773334
0.43983117
0.69649786
0.81615204
0.44231507
0.68162435
0.7842048
0.99265397
0.5245857
0.9824469
0.01175167
0.0059562586
0.84074223
0.021843629
0.007088101
0.009786814
0.009623508
0.9235476
0.9845451
0.9832917
0.9773104
0.005565186
0.9991374
0.011418064
0.012752318
0.016378917
0.7100671
0.0073134606
0.0050994335
0.434258
0.87310064
0.09264618
0.43206227
0.008862488
0.008705123
0.005072032
0.010779538
0.008422211
0.9611489
0.006015183
0.9879474
0.096250504
0.43385002
0.008632128
0.96312577
0.59657747
0.0052690264
0.011318812
0.98517543
0.9279333
0.0057236864
0.00546706
0.007615244
0.42989305
0.7540591
0.9640065
0.032650422
0.88164735
0.8045965
0.9732082
0.0046924446
0.99342394
0.005191904
0.017237477
0.8190822
0.84236056
0.0055403747
0.423677
0.8765862
0.005037743
0.009938168
0.0073229205
0.017544331
0.96717167
0.98369205
0.008352429
0.41859677
0.9877527
0.008596922
0.90188456
0.88792026
0.005951433
0.011340733
0.99593383
0.0073216483
0.009028326
0.93195426
0.43252563
0.9494647
0.005368969
0.005696949
0.00704407
0.013017954
0.030436475
0.97095156
0.4077964
0.0054131113
0.44983578
0.998027
0.8313248
0.76834244
0.50655377
0.008070942
0.0061563724
0.8468953
0.004969992
0.4303124
0.013459446
0.44029918
0.9456779
0.42806438
0.058422107
0.98055786
0.43447003
0.0149366995
0.5785302
0.91610366
0.94974905
0.010352585
0.8270066
0.005788517
0.43032104
0.8146549
0.992432
0.005636649
0.5184396
0.9075711
0.006846867
0.008983221
0.9857962
0.006174309
0.9945933
0.010076432
0.80569965
0.44053823
0.008311426
0.8879037
0.010831883
0.0073903687
0.46827933
0.9957117
0.0053416267
0.03158931
0.9793779
0.48079675
0.9086346
0.97777736
0.5244181
0.9894097
0.5055323
0.008735027
0.99164987
0.0058975006
0.44338122
0.0075579886
0.015158744
0.99942064
0.0065197097
0.83955747
0.5106024
0.004812915
0.004920556
0.009827708
0.005663151
0.94442356
0.017761745
0.9757436
0.0043866476
0.4286518
0.51136637
0.87712175
0.9462872
0.8665998
0.008853713
0.88066936
0.01089078
0.009633557
0.00954508
0.024671704
0.009199159
0.8628734
0.4314263
0.42214954
0.0069114435
0.52117777
0.9587
0.9796708
0.9560261
0.9508498
0.99562645
0.7218899
0.9469588
0.95646584
0.008270964
0.6062146
0.5266874
0.005816079
0.67780685
0.97859186
0.0048916317
0.9565989
0.007876349
0.51802784
0.9967263
0.9934316
0.53359264
0.5270967
0.92488235
0.014480908
0.006166265
0.0075786654
0.008844299
0.44377765
0.040075973
0.006281473
0.99450547
0.9797434
0.8905986
0.42586362
0.42830253
0.09550378
0.43768263
0.42559928
0.4371163
0.006030389
0.9097908
0.10392629
0.9370085
0.008910479
0.5046583
0.986511
0.9890009
0.52009946
0.005515639
0.8243441
0.015713492
0.8246285
0.005256811
0.009125094
0.0053631635
0.4400738
0.99489516
0.0059595574
0.0067347875
0.5117542
0.98848957
0.50939196
0.0067685773
0.9348973
0.75532913
0.9999465
0.0047704163
0.008842757
0.8073558
0.037881453
0.007964741
0.4385453
0.46398354
0.47127768
0.44330645
0.009923068
0.96437263
0.4677872
0.0077466946
0.49750158
0.43887085
0.04470808
0.005518156
0.94132274
0.8473133
0.003949475
0.0044291643
0.01146469
0.8266596
0.022306137
0.93112135
0.44203407
0.51768756
0.0068989517
0.0081172455
0.9696444
0.9914125
0.97567844
0.6830829
0.42286128
0.96943563
0.0068883332
0.01136683
0.0060860626
0.7762729