0.5249374
0.998985
0.4249685
0.52922976
0.42435881
0.0023937866
0.0040879087
0.99914527
0.42373046
0.72374237
6.025771e-05
0.002779529
0.0008150223
0.42326596
0.99892825
0.0006204392
0.0001240245
0.91842526
0.00055170065
0.43231454
0.90795255
0.00068107113
0.4196056
0.0034355759
0.0011739347
0.0016925466
0.44291723
0.9721291
0.4209486
0.9982576
0.0020866313
0.42119953
0.40029088
0.38104978
0.42221287
0.4240637
0.4738335
0.97979146
0.9995665
0.9898
0.00027448972
0.42672944
0.008166311
0.42524418
0.0019156738
0.0023035773
0.49817508
0.89216846
0.0009501966
0.9976574
0.9782748
0.002040404
0.9849416
0.98535883
0.44786298
0.00028621758
0.5038973
0.002486311
0.003333564
0.00030872488
0.5619835
0.99270177
0.5404948
0.42458636
0.8874567
0.8055368
0.5699284
0.005454205
0.86072254
0.50393987
0.99342114
0.00023594272
0.97038484
0.68520874
0.029102193
0.0025727346
0.0022109498
0.5125171
0.42284104
0.4246998
0.0024392074
0.002756209
0.42451662
0.99745375
0.99594194
0.001439958
0.45508528
0.9947035
0.9878863
0.9796928
0.002001919
0.001025417
0.9935097
0.9941855
0.0051593464
0.0015440367
0.99425286
0.87311363
0.99926287
0.99609035
0.42487484
0.42524573
0.0012694829
0.00080153695
0.42497385
0.0016064307
0.0025424021
0.94090825
0.99633753
0.9999293
0.0007787199
0.42523092
0.98304325
0.0005704274
0.42202073
0.0042154957
0.000509057
0.00029018463
0.9974821
0.86436296
0.9768613
0.99591124
0.0015416413
0.9994073
0.001409542
0.9990625
0.0016339197
0.001230445
0.00044904635
0.9635655
0.99470466
0.9843724
0.0012332023
0.98521554
0.0072666914
0.0013420007
0.42075837
0.99815243
0.42130217
0.0012340654
0.9980736
0.000545048
0.94881725
0.0009862178
0.9950059
0.0019046747
0.0029621471
0.41726646
0.0010121719
0.0020142694
0.9977227
0.9354583
0.42500234
0.0030266664
0.0006797606
0.42472786
0.99946326
0.0017832172
0.00068842
0.99014646
0.999134
0.9970386
0.5558463
0.99031353
0.99783945
0.0007915089
0.5842456
0.43087655
0.000512851
0.0009864513
0.0012448765
0.4238348
0.00096066727
0.5947311
0.0006789775
0.0072193616
0.0010836341
0.99948287
0.00036217584
0.00065500115
0.8277753
0.0018775013
0.008167296
0.99920136
0.9777274
0.9938735
0.42506564
0.419683
0.0016900379
0.98934734
0.0013918643
0.99646014
0.9988199
0.9923402
0.0011204883
0.0028487078
0.42493
0.9729758
0.0019252809
0.002396797
0.002206789
0.98832625
0.99493587
0.9435546
0.9886077
0.9997819
0.0011061223
0.99869883
0.0007108773
0.0009035156
0.42457873
0.42458606
0.99917597
0.0007131035
0.42432526
0.42474592
0.002270905
0.41603127
0.00090425595
0.0040759654
0.0015655727
0.99897194
0.0006224939
0.010651325
0.0008874607
0.99783045
0.97171235
0.0006038714
0.42513245
0.001987971
0.9936102
0.42371833
0.36705142
0.42432886
0.4268808
0.41514963
0.99869245
0.99959856
0.00033147988
0.0017089741
0.0012298615
0.009558415
0.9955949
0.95908135
0.9501068
0.0013257938
0.420913
0.0004155851
0.42488164
0.31230378
0.9998876
0.0015414313
0.83587366
0.00068513147
0.00062579
0.0011532415
0.98834676
0.98578274
0.9998858
0.9971264
0.99812096
0.002352588
0.9972447
0.9904101
0.41809666
0.00070932484
0.0018403253
0.0007216563
0.42669687
0.9909725
0.4210905
0.25784445
0.0016785333
0.0029552334
0.96998066
0.4014902
0.35696012
0.0010904787
0.993475
0.97872126
0.9995939
0.9995684
0.003908696
0.0008783382
0.99509794
0.9936526
0.42456502
0.99846613
0.0023599246
0.42308986
0.69527036
0.9965322
0.4297134
0.0008563758
0.99097556
0.00064219965
0.8391844
0.99309725
0.0010086774
0.9895064
0.42366758
0.0008789075
0.7393378
0.9765238
0.99979705
0.00033649278
0.5473633
0.0018594135
0.9985446
0.0014041621
0.0013852068
0.6647818
0.99798906
0.9831492
0.9952998
0.00048699477
0.0041928524
0.0026787657
0.9921938
0.00051164546
0.0016918515
0.00011108958
0.0023880065
0.0006828929
0.9992939
0.4395876
0.0017793652
0.0021585708
0.4252052
0.9955161
0.9136596
0.002959536
0.99607074
0.9970059
0.88442254
0.42515132
0.99960834
0.99827814
0.0006409449
0.0023640022
0.0018188736
0.001432776
0.9956825
0.421696
0.99781823
0.84904236
0.80648357
0.99587256
0.99804235
0.99019605
0.9573666
0.0020224478
0.9974596
0.41855645
0.9570573
0.005198647
0.00048593798
0.49710158
0.998914
0.56328595
0.0003009797
0.9687988
0.0019196102
0.0014062277
0.0015776919
0.42513564
0.95648
0.0005841823
0.0016974161
0.42388585
0.41545886
0.001287847
0.99953866
0.0072591277
0.0015822208
0.00011902937
0.9968079
0.95280516
0.0010429382
0.0013195619
0.9977575
0.98623776
0.9679267
0.0005468112
0.0057480005
0.9700714
0.9946121
0.40648282
0.0014369716
0.9967873
0.53746766
0.0005814108
0.0009916263
0.0004502817
0.42446965
0.9911159
0.9872498
0.00075054175
0.0018422095
0.0021943937
0.0022903353
0.865659
0.993164
0.4175816
0.49546003
0.4233477
0.99482346
0.9790355
0.9976568
0.42404813
0.9862649
0.42243287
0.9825968
0.99815434
0.0020469772
0.0025856884
0.97461694
0.0014247776
0.9989712
0.0030534982
0.004389724
0.42506692
0.0006466959
0.0009367165
0.98864543
0.9998784
0.9953608
0.42160365
0.00045514124
0.0006610536
0.0005357744
0.99048424
0.4232487
0.48835787
0.0016532707
0.0013162205
0.99642015
0.51249117
0.88599735
0.42472744
0.0023414064
0.0008660569
0.0025106298
0.98955965
0.9979989
0.0010144496
0.9946085
0.98982036
0.42113227
0.99595803
0.9919647
0.4232103
0.9484515
0.0035804557
0.39269593
0.0021598376
0.99477506
0.9676042
0.0015135184
0.0025842525
0.988172
0.9989643
0.0025531214
0.9285787
0.0020151879
0.9993243
0.9957979
0.47963622
0.001447271
0.0011102373
0.4245202
0.0037336906
0.9952651
0.5315026
0.00068209815
0.9860393
0.97865045
0.0008230806
0.99854845
0.0004735985
0.0014431016
0.4250202
0.42512214
0.9980386
0.0008216802
0.0002212752
0.00054051547
0.9987675
0.9943481
0.42442062
0.4406472
0.92784953
0.9983431
0.9879189
0.42314565
0.40536505
0.99876523
0.0013467816
0.00023150977
0.452852
0.42412117
0.9977277
0.0029904833
0.0016117172
0.9814997
0.9884828
0.0016117272
0.41410664
0.001706815
0.8418014
0.0007613578
0.75892186
0.0019697037
0.99931216
0.4246736
0.42428008
0.56401473
0.013392308
0.0028398496
0.0021068386
0.56973535
0.42239174
0.00081344997
0.996696
0.9998123
0.8896313
0.42496416
0.0020899703
0.96724665
0.0054855375
0.9715783
0.42285582
0.0013031065
0.4100271
0.0009236825
0.0018033526
0.0026460474
0.4237179
0.0007887111
0.54431033
0.4177195
0.99791664
0.42447117
0.99150956
0.42345005
0.00082018884
0.002781253
0.0028366984
0.0008220882
0.99520385
0.0028321324
0.00053919817
0.42344543
0.98143023
0.99941146
0.42182916
0.00084229716
5.949397e-05
0.007893713
0.9961777
0.0017889965
0.99711335
0.38655403
0.4249109
0.99805826
0.00095819455
0.9316866
0.9962412
0.0005294479
0.98228055
0.98925215
0.007119605
0.4415397
0.0011759346
0.9991448
0.99492633
0.9980896
0.98710465
0.9418934
0.0006128536
0.0011793672
0.0047790604
0.0011467536
0.00077011413
0.9994574
0.7215676
0.0031000373
0.5272033
0.0012257133
0.99864215
0.0025275047
0.00042609108
0.004557247
0.37170252
0.550967
0.004614811
0.00023847872
0.0016798922
0.99232167
0.00038546493
0.9992736
0.9990784
0.96120876
0.00014253538
0.99560684
0.002158801
0.4206145
0.4251734
0.0015275927
0.52271485
0.0015610586
0.2349601
0.0007673703
0.9956352
0.57982737
0.0005485137
0.0012771805
0.0008985547
0.99315804
0.9896534
0.9688372
0.41856018
0.0031304476
0.87932396
0.44381914
0.9967918
0.002222136
0.9869042
0.52175266
0.42461717
0.0004304935
0.42518803
0.9937976
0.9917486
0.0029431235
0.99944824
0.99829584
0.0012770279
0.0009647765
0.0013285935
0.9974038
0.015574535
0.9399126
0.9928276
0.0010053201
0.002035365
0.0006743133
0.0042390544
0.49747685
0.9790323
0.99228317
0.9602773
0.42056796
0.6531001
0.00070465
0.99878436
0.9841522
0.9998062
0.0011558986
0.00089810323
0.42469263
0.0019314785
0.99894506
0.82869256
0.0008430503
0.99011844
0.0030838682
0.00179038
0.9936052
0.42045563
0.47208124
0.99449253
0.0013576825
0.8796509
0.98634225
0.9963786
0.33631364
0.0008586743
0.9930951
0.9180169
0.41104588
0.00449844
0.79088014
0.99275887
0.9537364
0.9920773
0.9912544
0.9987961
0.9856623
0.00045936593
0.00066261087
0.9171346
0.0027888212
0.0007850085
0.0034857788
0.0019751105
0.0038419396
0.0015705514
0.9932267
0.6594022
0.4144814
0.53003234
0.9986998
0.00092010456
0.0027509716
0.99110633
0.0012705141
0.9974783
0.99953353
0.5082262
0.44399908
0.9924942
0.00052396994
0.004546789
0.9981079
0.42470774
0.00094288145
0.9942689
0.0011633249
0.5332947
0.0013768367
0.0016197545
0.92584944
0.0021613243
0.00038170523
0.0011147674
0.0019248007
0.42462242
0.0003983342
0.0009054435
0.9860746
0.9967464
0.424289
0.002093139
0.97818005
0.00021027769
0.002069363
0.99846387
0.74483037
0.00069596857
0.47657087
0.42524278
0.97565746
0.005192845
0.99999654
0.42528227
0.0022436045
0.42517826
0.0030745864
0.4208978
0.0016699256
0.0027924876
0.0021718103
0.92862403
0.4052955
0.00060577336
0.9960855
0.000511256
0.0047536655
0.42650506
0.0004927034
0.9927959
0.5478074
0.7374652
0.0006303849
0.0027292948
0.0010719809
0.97325605
0.0013217075
0.98510057
0.0015740306
0.093858875
0.59188443
0.0012556273
0.0011497468
0.9952415
0.999526
0.41951296
0.996357
0.004966841
0.001001325
0.9679769
0.3837697
0.9708462
0.0021215545
0.99729973
0.99618137
0.45885766
0.9984676
0.00059220655
0.9983005
0.97944874
0.99708444
0.00018274746
0.0013465065
0.00044258113
0.41542968
0.0006316421
0.9992679
0.0015265543
0.9994904
0.42492202
0.85240424
0.99643254
0.0014727658
0.0023191806
0.003341895
0.5981648
0.98858845
0.99119425
0.99925846
0.60277206
0.5485033
0.8394032
0.003047389
0.4251461
0.9333132
0.92552
0.0010343406
0.9864227
0.9884566
0.9993704
0.9947766
0.003179076
0.0005123243
0.985173
0.9996215
0.0073644803
0.59594226
0.42428815
0.995464
0.002088022
0.00095269625
0.9984394
0.97306675
0.39072978
0.9859396
0.9886097
0.0014313448
0.00083637476
5.559788e-05
0.9997433
0.9990907
0.39769468
0.9989266
0.50770676
0.99684036
0.9996743
0.99290174
0.0007388329
0.0008916316
0.99610245
0.0039452533
0.00072943204
0.004450678
0.99711466
0.002733109
0.0007379435
0.0018346948
0.42322484
0.9994467
0.42440078
0.9412155
0.00049142336
0.5767095
0.00079877826
0.41912842
1.3618408e-06
0.000626828
0.0025264157
0.00080678565
0.5947549
0.42344067
0.92333525
0.0013074116
0.99127346
0.42510453
0.0014478526
0.00034702625
0.37253615
0.53469944
0.4214829
0.5595923
0.0023462244
0.42497247
0.0028196415
0.6095889
0.4251346
0.3588807
0.4199273
0.4228648
0.99973637
0.0008229845
0.9902767
0.9921409
0.94601476
0.86768806
0.00051003834
0.9963128
0.9989116
0.6567257
0.00095837534
0.99774665
0.38281605
0.9981229
0.39484707
0.00083771476
0.48619774
0.9907284
0.4248458
0.99699044
0.0003805954
0.004121895
0.000118626216
0.4487511
0.99836713
0.52783895
0.42486408
0.5676827
0.99438643
0.0028169453
0.9990527
0.99731183
0.9716484
0.9916367
0.9806903
0.4215672
0.0012546207
0.99769247
0.42323613
0.9877564
0.42301056
0.9980654
0.4599973
0.827608
0.9992424
0.0030143803
0.5555488
0.9990589
0.002121389
0.9975206
0.0015584537
0.0005741253
0.0026056478
0.002047252
0.42501414
0.0036512793
0.5035423
0.5096836
0.9968719
0.0012315671
0.96710443
0.6062086
0.0022227226
0.00088013016
0.99813443
0.99605596
0.42307538
0.9607645
0.99728596
0.99112624
0.0011213864
0.9990096
0.00017738162
0.99783355
0.00096308114
0.00020642129
0.42514628
0.97686327
0.0015035486
0.99970204
0.425481
0.9935818
0.42357662
0.0022723402
0.96924233
0.99873954
0.0003445205
0.9994974
0.991998
0.0012027834
0.87527525
0.0009273421
0.00077645463
0.42429876
0.41670766
0.7277244
0.38300997
0.55326074
0.5035615
0.97135484
0.4245632
0.5468913
0.003005763
0.9866917
0.42235756
0.42440885
0.0014947107
0.0005658385
0.99998593
0.42457932
0.42542166
0.0012290711
0.99683493
0.6484041
0.0006212249
0.9927793
0.0008998771
0.4222842
0.9868362
0.00047799418
0.001688986
0.9878798
0.9978473
0.42421916
0.3731648
0.6116907
0.0024214745
0.42427418
0.99734616
0.41590494
0.42475995
0.010461343
0.0027442768
0.4246278
0.42347947
0.42253622
0.9704077
0.9982469
0.96636736
0.010207778
0.421416
0.99430037
0.0010751315
0.0006379137
0.87334156
0.00032764988
0.99636275
0.9988681
0.9980876
0.99947435
0.0013567563
0.00090113893
0.88791895
0.9984438
0.9988568
0.9940148
0.51254404
0.425152
0.98937464
0.0010748877
0.99851125
0.99097085
0.0007366191
0.00043969534
0.0010839248
0.0022341434
0.99678504
0.9796839
0.9674965
0.0007916839
0.99923706
0.0068099406
0.5209535
0.0005223097
0.9914909
0.9650424
0.9928028
0.9990326
0.9975662
0.0043863663
0.42512918
0.0008946203
0.9927296
0.9676358
0.4991993
0.00082432386
0.9991059
0.99948823
0.57541895
0.0022470357
0.99427974
0.00076468685
0.95957285
0.9574681
0.99518096
0.00071471254
0.4238577
0.9944366
0.00334015
0.0031284424
0.0019342748
0.9946407
0.00047863502
0.60785925
0.9780155
0.83863854
0.00046938102
0.0036683835
0.9581857
0.9880272
0.0007342016
0.9967277
0.47716665
0.0006131752
0.0031857
0.0007192135
0.0021542155
0.9984781
0.42470387
0.0003987183
0.9383587
0.9737671
0.0030839252
0.0007310559
0.99798125
0.0032409688
0.9841208
0.0003460048
0.0011138167
0.0028799307
0.0010192518
0.9207107
0.003023754
0.0021799558
0.96646667
0.002673648
0.0016090607
0.5654252
0.35685974
0.0003298035
0.0010260204
0.42358628
0.42399895
0.9802745
0.9496477
0.9983228
0.004258281
0.8479768
0.0031859798
0.98919654
0.0033992396
0.9963664
0.9955342
0.99386865
0.99321586
0.00064729736
0.0003648517
0.42523408
0.8966427
0.4240144
0.82802886
0.39344046
0.551637
0.4245929
0.9461157
0.56534445
0.4227504
0.7633001
0.6803659
0.9988537
0.49799985
0.99581426
0.002870832
0.0018038137
0.97581905
0.0004579605
0.0036281524
0.00075975637
0.00049749675
0.76514405
0.94564366
0.9991278
0.98791456
0.0012906872
0.9998178
0.0014990723
0.00037903752
0.0009905414
0.93627393
0.0033957004
0.00045499596
0.42489403
0.9963999
0.0050410284
0.42473844
0.0006658822
0.0025462795
0.002649587
0.0012203163
0.00025528594
0.9968746
0.0010377201
0.9966299
0.0069086356
0.42331058
0.00038509176
0.98638815
0.41619152
0.00060444523
0.0011244698
0.9987116
0.9881287
0.0020106032
0.000742052
0.0034012722
0.423325
0.77600414
0.9994473
0.0014671002
0.99824786
0.8719102
0.9974419
0.0010501967
0.99719787
0.0012872939
0.004120787
0.49135315
0.99090487
0.00050985196
0.4236384
0.99101895
0.0006240895
0.0031995894
0.00061235845
0.00022295161
0.99851567
0.9988329
0.00064704573
0.41418177
0.9976935
0.0008857821
0.67469597
0.99355996
0.0011663669
0.0022864833
0.9974572
0.0019619034
0.0006452562
0.996161
0.42417192
0.9972882
0.00058347697
0.0018344903
0.0047276537
0.0012689208
0.021341065
0.9901068
0.41734242
0.000486064
0.4232475
0.99725324
0.6203549
0.98299754
0.48938894
0.001340039
0.00053375744
0.9983701
0.0029716357
0.42297637
0.0013398967
0.41844353
0.98939615
0.42189375
0.0018550414
0.9985499
0.42487484
0.00053817895
0.2918429
0.96654344
0.97192365
0.00081908714
0.9882405
0.00080686214
0.42507574
0.39638546
0.992653
0.0012399122
0.59688264
0.9827968
0.0017766773
0.004666956
0.99781185
0.00072264456
0.9990633
0.00075426983
0.8449507
0.42561597
0.0032619208
0.98618454
0.0024637687
0.00096900575
0.4644286
0.99828535
0.00046172756
0.0051320777
0.99739957
0.5291692
0.9963425
0.9970395
0.5011477
0.960166
0.5296759
0.0011283514
0.99757594
0.0004813505
0.42428017
0.0034548696
0.00090060884
0.9999447
0.0007365201
0.9752594
0.5524607
0.0005236761
0.00065990444
0.0011421748
0.0005433267
0.9888805
0.000543343
0.9917721
0.0009012123
0.42192516
0.50504625
0.9955699
0.9961748
0.9730427
0.0015140323
0.9386521
0.00023630924
0.0005230862
0.0007577156
0.0006069842
0.016821476
0.9986525
0.42516887
0.4203845
0.00216508
0.2968823
0.99822646
0.9926278
0.9876194
0.9977841
0.9912675
0.60060173
0.95372194
0.9939966
0.00054225343
0.9891884
0.5630142
0.0032629755
0.756082
0.99547464
0.00236942
0.99039674
0.0005478079
0.50609136
0.99735993
0.99808216
0.54648864
0.5517219
0.99559826
0.0050061117
0.0023741303
0.0030337092
0.00030812473
0.4172814
0.024553373
0.002535748
0.9976363
0.98168695
0.9021081
0.41941002
0.4244565
0.0013961863
0.42337003
0.42445776
0.44313943
0.0013631346
0.9296986
0.0008279856
0.98611593
0.0093775345
0.80207604
0.99674535
0.98855513
0.556762
0.0039143534
0.93922126
0.00069417345
0.74929863
0.0024378467
0.0017520773
0.0012506691
0.424936
0.9962082
0.002123711
0.00047581233
0.5270688
0.9970722
0.58507824
0.0015784416
0.9822092
0.79114735
0.9999871
0.0022423216
0.0029370594
0.9977399
0.00055068114
0.0007199171
0.42374378
0.42955
0.4818187
0.42474768
0.0005339068
0.9967943
0.45958558
0.000895181
0.52927
0.42472017
0.005192717
0.0018994305
0.99732226
0.98415077
0.0068832138
0.0005951628
0.00067324826
0.9682819
0.0030726912
0.99670345
0.41593277
0.56336397
0.0028248494
0.00086274836
0.99660397
0.9974765
0.9953199
0.5169525
0.38521364
0.998926
0.00038645905
0.00033147924
0.0049430532
0.99143183