0.51954234
0.9998248
0.42583886
0.5784922
0.42753622
0.0006871033
0.00166399
0.9999641
0.4291321
0.6615837
0.057353675
0.0014050872
0.0014766094
0.39581397
0.99816716
0.006212301
0.0038885563
0.99374336
0.00160905
0.5127153
0.8549751
0.0010215665
0.43078494
0.00096435193
0.0013411784
0.0013319751
0.5158754
0.9819551
0.42914838
0.99687386
0.00074147125
0.42529288
0.546552
0.4256954
0.3562369
0.41738638
0.5166324
0.99409497
0.9998111
0.9998186
0.004557262
0.46421918
0.0007730983
0.4246244
0.0010522623
0.0008088764
0.52554893
0.8713562
0.0014140462
0.9994424
0.9872225
0.0010779954
0.99761665
0.9974082
0.5153937
0.0020255134
0.5265194
0.0031510452
0.0029277897
0.0014270771
0.5781229
0.99604046
0.5274959
0.42940992
0.9446358
0.94070995
0.5427211
0.000905954
0.8736863
0.53193396
0.99564064
0.0013508467
0.971153
0.28353366
0.0017199428
0.0008556173
0.00083785166
0.5327539
0.42973575
0.41211024
0.0007578983
0.00082857517
0.41740865
0.9966413
0.99835086
0.002260927
0.5356491
0.9828752
0.99839395
0.98647714
0.0010696027
0.0011485191
0.9962282
0.9932595
0.004567519
0.0004321595
0.9960453
0.94001424
0.9995403
0.99746466
0.4299793
0.42513064
0.0007462771
0.001197935
0.41775608
0.0002646279
0.0011463299
0.987376
0.9893115
0.9966204
0.0011267553
0.42706218
0.94088364
0.0003201386
0.4196445
0.0009801633
0.0010372072
0.0022821093
0.9984981
0.76414317
0.99751735
0.9998203
0.00033970506
0.9998889
0.0024342637
0.99762625
0.0004999223
0.00062381563
0.001932591
0.955028
0.9909388
0.97832686
0.002875659
0.9970209
0.0007407745
0.0017804531
0.29592013
0.9993192
0.43079445
0.000875167
0.99966395
0.0015104811
0.96228206
0.0016718267
0.94931483
0.0015955999
0.0007713752
0.39008525
0.0010965905
0.0005910827
0.99271226
0.94924295
0.41939878
0.0010097269
0.0016702112
0.4089934
0.99966216
0.0007043962
0.001496409
0.9947379
0.99862206
0.99469805
0.9828566
0.7357574
0.9918405
0.0014339683
0.6011701
0.5130272
0.0011976458
0.0018578864
0.0011095469
0.44386974
0.0014448335
0.3992188
0.0011123217
0.00042268148
0.0010531503
0.9935917
0.0019793983
0.0021110505
0.3393954
0.0006209639
0.0012153699
0.9995435
0.979762
0.99682885
0.4220946
0.4304331
0.0018049859
0.9970446
0.0010117298
0.99880564
0.9995666
0.9934633
0.0017420372
0.0013040302
0.42490876
0.99817085
7.521782e-06
0.00076004135
0.0012796487
0.99102426
0.9962902
0.9993481
0.99743736
0.99964774
0.0013834508
0.9998908
0.0016450202
0.0006261226
0.42389873
0.41651872
0.99942327
0.0030756432
0.42548367
0.42760095
0.0010457728
0.26907468
0.0023023754
0.0015889322
0.0005644961
0.9992299
0.0022136287
0.0009882734
0.0010138898
0.9969903
0.9773736
0.0018310507
0.42629266
0.0007074616
0.98822093
0.42841604
0.34356767
0.42370754
0.5129113
0.42325988
0.99382305
0.99955314
0.0002551341
0.0009972483
0.001599491
0.0006414702
0.9986389
0.94537985
0.88435364
0.0021125446
0.4295242
0.023395984
0.42101678
0.40155405
0.99994195
0.0010747039
0.97451097
0.0011755079
0.0015498853
0.0006103942
0.98191017
0.89248383
0.99812275
0.9997811
0.9988558
0.0015270895
0.99983346
0.99848384
0.32830623
0.0007087127
0.0011668053
0.0050431043
0.5458732
0.99975556
0.4228899
0.30033076
0.0019375124
0.0017975508
0.822742
0.43469706
0.28249642
0.0012744701
0.9988644
0.98633283
0.99978465
0.9998685
0.0026953148
0.0010933195
0.99692184
0.97863585
0.40673253
0.99738485
0.0008653401
0.42499825
0.3808399
0.9986885
0.51618737
0.0023471743
0.9922488
0.0025960982
0.5416728
0.99249697
0.00022854982
0.99843436
0.42530066
0.0022063544
0.79555845
0.9978271
0.9993697
0.0006488112
0.52470887
0.003864562
0.9989266
0.0020333515
0.0032231691
0.69651234
0.99616086
0.99129057
0.9992211
0.0014642843
0.0031889507
0.00080694864
0.99963737
0.0019635968
0.0014040344
0.0007759232
0.0008991568
0.0010050084
0.99933594
0.5162158
0.0005848096
0.00031400926
0.42607114
0.9569385
0.69172883
0.00095208565
0.9829707
0.9990281
0.94422644
0.42643234
0.9998099
0.99817586
0.0016788673
0.0010406813
0.001021514
0.0023829977
0.99743396
0.39545548
0.9986755
0.94210845
0.7264408
0.98342717
0.99989974
0.9946683
0.97961867
0.0007283044
0.9991423
0.3984921
0.99165523
0.00089755317
0.0025102596
0.5183444
0.99875855
0.5916315
0.0004969062
0.9990362
0.00095988676
0.0029344968
0.00028387172
0.41654688
0.941781
0.001120531
0.0006592696
0.42648146
0.42142615
0.0017744005
0.99968207
0.00036783825
0.0009771883
0.0012317841
0.997818
0.93894315
0.0020375669
0.004617602
0.9998468
0.8989685
0.9855504
0.00014941524
0.0035138465
0.97590274
0.9941502
0.40758136
0.0032384682
0.9994671
0.54484373
0.0018950053
0.0010799957
0.0007904462
0.42765734
0.99891305
0.9893511
0.0012045716
0.0005451636
0.0006226713
0.0008772392
0.915563
0.9968957
0.39514816
0.5020561
0.38942108
0.9999392
0.99504155
0.99774927
0.42307913
0.97888196
0.41005343
0.97251457
0.99836797
0.0006862653
0.00095214415
0.9592021
0.00084612175
0.99989426
0.0017735907
0.0015240728
0.42353487
0.0024568243
0.00064696127
0.99639374
0.9997689
0.9995914
0.40438205
0.0016447594
0.0019150004
0.0017165957
0.9901956
0.41151026
0.186761
0.0015171712
0.0011948603
0.9989243
0.5146564
0.9159957
0.41835248
0.00055559434
0.0018742086
0.00069017435
0.997152
0.99950504
0.0013394641
0.99966955
0.9991646
0.42993614
0.9980057
0.98866326
0.4270713
0.9828122
0.00050450495
0.33840725
0.0029230413
0.99709046
0.53808385
0.0011601344
0.0006093392
0.9969687
0.99945027
0.0005460266
0.8173017
0.00052356254
0.9991468
0.99929285
0.47332337
0.00096688373
0.0013269528
0.43128172
0.0012855784
0.9994192
0.6275702
0.0020613081
0.9921484
0.9102801
0.0016738797
0.9989434
0.0015596256
0.0005290277
0.42507705
0.42535976
0.9977508
0.0031000194
0.001629412
0.0011468383
0.99935263
0.9916005
0.4226368
0.510185
0.7781632
0.99955624
0.98600453
0.42903572
0.42938465
0.9959525
0.0004884129
0.0009046372
0.51214254
0.4044842
0.9991019
0.0003437621
0.0010756539
0.95958304
0.99486005
0.0014092085
0.3679945
0.0008896717
0.8070652
0.0012790004
0.89773995
0.0011777803
0.9997063
0.42784935
0.42415202
0.52597004
0.0015411144
0.00079962285
0.0015659744
0.6223618
0.81369084
0.0016118813
0.99251735
0.9999566
0.9573078
0.42298454
0.00080528366
0.9766075
0.0012170543
0.9784403
0.42011246
0.015434904
0.42454937
0.0013000179
0.00061823125
0.00078548293
0.42528358
0.0008419256
0.5182096
0.43036383
0.9999827
0.42765772
0.99373263
0.40047973
0.0010889511
0.0007581475
0.00106744
0.0031044022
0.9993494
0.0011279731
0.002437311
0.4203637
0.9819624
0.9949065
0.43104735
0.0026740995
0.020131031
0.0006045345
0.99720085
0.00074494275
0.9997435
0.44052997
0.42417973
0.9998715
0.0008196103
0.9874219
0.9900395
0.0023954154
0.9624497
0.9627585
0.00053573505
0.513979
0.0021729202
0.99590886
0.9892134
0.9986223
0.9521129
0.9969658
0.0020940914
0.0010800873
0.00045603327
0.0011541696
0.00051505846
0.9941355
0.81979465
0.00093899685
0.38986447
0.0010985872
0.99902415
0.0056277914
0.001908138
0.033018313
0.39130944
0.52131057
0.0006020893
0.0014670765
0.0017588816
0.99969995
0.0022613443
0.9999963
0.99992704
0.98107725
0.0011076371
0.7321958
0.00096642
0.4263753
0.42592123
0.0026127012
0.52572274
0.0007501871
0.50453764
0.0024726125
0.9758396
0.4270854
0.00082573656
0.0014584763
0.0019142267
0.9700513
0.98952764
0.9992494
0.37667868
0.00031082676
0.9034526
0.5015304
0.9987942
0.0011921524
0.974755
0.84878206
0.42654955
0.0013760796
0.42370027
0.98426926
0.99680007
0.0026998213
0.99994886
0.99896884
0.0006711086
0.002402605
0.0012106444
0.99848074
0.0032239028
0.6917719
0.9985814
0.0024421006
0.0007367658
0.0013752242
6.931048e-05
0.5194638
0.98292834
0.9907037
0.8970233
0.42823273
0.57627916
0.00035407412
0.998638
0.99092287
0.9998809
0.0014952389
0.0010954369
0.41442883
0.0019112162
0.9794351
0.7523824
0.00045732595
0.9909445
0.0008656448
0.00070973736
0.99952614
0.3691491
0.51514274
0.9989833
0.001052137
0.94274765
0.73334014
0.989691
0.2830889
0.0016457558
0.99701333
0.9916815
0.58971006
0.00063953846
0.92292666
0.9895263
0.98023796
0.99375015
0.99680126
0.99778974
0.9839371
0.002450664
0.0020017275
0.9837586
0.00094256835
0.014401146
0.0029143447
0.0012903676
0.0015862627
0.0026758816
0.9958637
0.6998565
0.4199836
0.518838
0.9998392
0.0049320096
0.0016815186
0.9995427
0.0007679032
0.9988399
0.99769944
0.54650784
0.5131093
0.99381375
0.0018945057
0.0030959197
0.99997306
0.4206923
0.0012222502
0.9954137
0.00089448097
0.32690847
0.0004024743
0.0010083397
0.6130276
0.0005828881
0.0016815675
0.0020090367
0.0024973098
0.42772067
0.001005344
0.0013092265
0.96123284
0.9968022
0.4070763
0.0011927516
0.9914915
0.0023963102
0.0008115047
0.999395
0.51440215
0.0015809219
0.5184493
0.42616487
0.9975314
0.00058968493
0.99998534
0.2924472
0.000993484
0.42432117
0.010047601
0.42934188
0.0036210592
0.0007287202
0.00073767843
0.90220594
0.5027169
0.0016047308
0.9975988
0.0032624898
0.00096128107
0.4059869
0.0013814843
0.9939494
0.5240436
0.9278464
0.0018055548
0.0023352804
0.0006403038
0.9816232
0.0004275546
0.99272823
0.0008217577
0.006577372
0.53026783
0.0009695414
0.00082945084
0.99538124
0.99995184
0.31797493
0.99763095
0.0010543218
0.0012543197
0.98679394
0.21644893
0.59117573
0.0008153586
0.99841
0.99027294
0.5147642
0.9999286
0.0016849923
0.9971233
0.9736048
0.99934846
0.0018564395
0.0014584117
0.0030337106
0.4087207
0.002028298
0.9995473
0.0009658911
0.9997876
0.42005846
0.9216915
0.9963374
0.0007624708
0.0012782448
0.0009335926
0.6715452
0.9990075
0.9851237
0.99970216
0.6259097
0.6280677
0.8808917
0.0007352795
0.42564213
0.92021376
0.92274326
0.0016934734
0.9976326
0.9656273
0.9956879
0.991251
0.00084000756
0.002057159
0.981625
0.9998816
0.0005549592
0.3249313
0.43035263
0.99863964
0.0007399868
0.0004301321
0.9976936
0.9217984
0.4435124
0.98370415
0.9811203
0.0010329634
0.0009732512
0.007689896
0.99990237
0.9998085
0.33908388
0.9992192
0.5204994
0.99763525
0.99992263
0.98774827
0.0009878173
0.0006679469
0.9965396
0.0011756064
0.00081622927
0.000984875
0.58026993
0.00059423014
0.0014432514
0.00088299497
0.42817664
0.99938273
0.42661503
0.9063158
0.00076605444
0.5228977
0.0019714218
0.38039094
7.78707e-09
0.00085082714
0.0013722603
0.0015034432
0.37870392
0.4301279
0.93774784
0.0012625632
0.99494165
0.42889097
0.00021342309
0.003049097
0.25157443
0.5253921
0.42358688
0.7035586
0.0005288911
0.41670442
0.00095025817
0.62283176
0.42814323
0.21482596
0.43014145
0.42289555
0.9990451
0.0023007374
0.9983607
0.9926529
0.9650298
0.91184247
0.001071251
0.99985886
0.9985487
0.7436189
0.00095492724
0.9962663
0.21650967
0.9964976
0.2752741
0.0011714598
0.51658505
0.99864584
0.4259501
0.9993717
0.0020725185
0.0006413571
0.0055181743
0.2680989
0.9993876
0.5163155
0.41342294
0.55305463
0.98893017
0.00093083124
0.99970204
0.9986053
0.74311674
0.99570507
0.9880454
0.42946365
0.0022383332
0.9961281
0.42938694
0.99887747
0.4224123
0.9941901
0.5156017
0.98357314
0.9994134
0.06877465
0.52056426
0.9982047
0.00081636035
0.98842686
0.0011521544
0.0025449926
0.0010108723
0.0014686714
0.42554098
0.00026202865
0.5254084
0.51766205
0.9990663
0.0017997845
0.95885813
0.6531451
0.004590237
0.0014989045
0.99763584
0.884017
0.46045884
0.97132134
0.995669
0.9979656
0.0015399761
0.9992322
0.0022064606
0.9991322
0.00038889938
0.0009830854
0.4241863
0.9987318
0.0009052684
0.99999356
0.40789688
0.9984347
0.42843193
0.00096036616
0.9635421
0.99720997
0.0018993356
0.9995838
0.99104756
0.001101841
0.88650775
0.0007335938
0.0015678015
0.42900863
0.3763806
0.8660995
0.29074824
0.52452826
0.5148444
0.8602203
0.42785817
0.5295735
0.0009959281
0.5993107
0.42651725
0.42718193
0.0010929087
0.0017482525
0.9970408
0.42680448
0.5186263
0.001543426
0.9956754
0.69002277
0.0013804822
0.9972263
0.0014636931
0.4298764
0.98267937
0.00024470504
0.0007261276
0.9915597
0.99625885
0.4304234
0.25689894
0.56929344
0.000703334
0.43025047
0.9998367
0.43549708
0.42050436
0.00015327246
0.001212634
0.4124961
0.42986873
0.3995618
0.9865059
0.98493505
0.9467329
0.00031743644
0.4301493
0.9983199
0.0002921294
0.0026410033
0.50076413
0.0019969854
0.99481875
0.9997049
0.9994417
0.9995691
0.0008904473
0.0030401237
0.83493155
0.9988386
0.9957716
0.98805994
0.5348392
0.42471263
0.99949896
0.0007217299
0.99808586
0.9987644
0.0010371592
0.00043847485
0.0008242532
0.0008308795
0.99520713
0.9956513
0.9893462
0.001634907
0.998126
0.001010373
0.5229381
0.0013812154
0.9974957
0.9975229
0.98454684
0.9986186
0.99363154
0.0005141319
0.4187995
0.001709757
0.98395705
0.93789846
0.5069141
0.001474909
0.99986756
0.999405
0.53738487
0.0003464243
0.99930036
0.0010314618
0.80553585
0.99186826
0.99937135
0.0021041217
0.42135406
0.99233055
0.0014856402
0.00036312727
0.0009951361
0.99781114
0.001031507
0.7692827
0.9897747
0.87460643
0.001483752
0.000808661
0.97851425
0.99381256
0.0008934886
0.9985753
0.5111282
0.0012428268
0.00030507977
0.020436838
0.00042713154
0.99926656
0.4195697
0.0008453988
0.96774566
0.96140295
0.0012467656
9.780294e-05
0.99511343
0.0004868871
0.99018925
0.0017631365
0.0029687479
0.0008032152
0.0023627304
0.97485715
0.0012964976
0.00087054196
0.9976914
0.00229676
0.001255207
0.5251893
0.25326252
0.0010715888
0.0024070549
0.42679396
0.42766246
0.99819535
0.981426
0.9985807
0.00064081023
0.91071236
0.0008513685
0.98357636
0.0033971448
0.999819
0.9939494
0.997769
0.98154527
0.0013316921
0.0018615325
0.42680848
0.95899844
0.42727897
0.92927766
0.2596715
0.3803034
0.4254129
0.9602552
0.7854663
0.4252547
0.61198765
0.96106225
0.99951804
0.5175313
0.99130905
0.00034297028
0.0011195713
0.9650292
0.0045967363
0.003606316
0.00091478537
0.0012457353
0.74616045
0.95410883
0.9993426
0.98987913
0.003052253
0.9994178
0.0019276527
0.00094597996
0.003447137
0.9623281
0.0003176314
0.002558536
0.4292534
0.99551505
1.64778e-05
0.4285619
0.0031889298
0.000871871
0.0013547125
0.0009940625
0.00276703
0.9963611
0.0033515126
0.9819354
0.002081249
0.4292962
0.0031647137
0.98920447
0.648254
0.0017626658
0.00079675764
0.9997271
0.9815419
0.0008192312
0.0010677385
0.00084973895
0.42410994
0.9544166
0.99993706
0.00031721438
0.9982357
0.91339415
0.99641186
0.0015015461
0.99836224
0.0010476046
0.00036292308
0.8195091
0.9756575
0.0012751258
0.4201981
0.9956118
0.001545738
0.0015599546
0.0020890296
0.0009467324
0.99441564
0.9969248
0.0030852554
0.41068676
0.99932873
0.0021585114
0.73437375
0.9900675
0.0016338356
0.00046554735
0.9987759
0.0008704134
0.0017903066
0.99877757
0.42940536
0.99983406
0.001950497
0.0008727571
0.00091499544
0.01626457
0.0020423012
0.9991366
0.38967273
0.0018190017
0.42153302
0.996888
0.78854454
0.968159
0.5143164
0.0005525158
0.0018974302
0.99581087
0.00025811172
0.4276803
0.0007329408
0.423178
0.99525106
0.4307155
0.011112992
0.99941623
0.42643768
0.0003077413
0.37449276
0.9398407
0.98735774
0.00237632
0.98804563
0.0011617247
0.4208742
0.4023258
0.9967032
0.00090101396
0.51747906
0.980074
0.0012616273
0.0008694204
0.99906975
0.0054190736
0.999806
0.0012271578
0.97921926
0.4255289
0.0017454464
0.99466115
0.0016205243
0.0010128774
0.514176
0.9969247
0.0019796395
0.0015341912
0.9998355
0.5254979
0.9994918
0.9949132
0.51586014
0.99848264
0.5418681
0.0029455407
0.99979407
0.0020650898
0.42876074
0.0012260246
0.0006370373
0.9982121
0.0014791397
0.9842711
0.5237918
0.0018965699
0.0017142759
0.0009217462
0.0018870017
0.99454194
0.0018924151
0.9960328
0.0018052162
0.43063235
0.7635994
0.99616915
0.9984505
0.9737844
0.001539024
0.9042775
0.0013942177
0.0022714422
0.00049678923
0.00092744024
0.00036680003
0.9975707
0.42084137
0.4299423
0.0005644705
0.37782428
0.99648947
0.99959034
0.99528486
0.9972971
0.9994967
0.8457192
0.9944812
0.9946773
0.0014649768
0.93020403
0.87567717
0.000788219
0.5623524
0.9982079
0.0008617435
0.99212223
0.0013331459
0.5207713
0.99983215
0.99900573
0.5503168
0.54314387
0.99062914
0.00080493535
0.0022156336
0.002006122
0.005502976
0.4087312
0.0034375335
0.0010339539
0.9981311
0.9875985
0.9451465
0.430021
0.4268361
0.00029899285
0.42733112
0.42569453
0.4713228
0.0010399186
0.9663727
0.01940205
0.99618846
0.00055069086
0.3991645
0.99952996
0.99826497
0.73971826
0.0009743097
0.9964205
0.00048177046
0.7719498
0.0009684049
0.0019135099
0.0010399151
0.4217139
0.9973043
0.0008865513
0.0014968228
0.5234267
0.99948275
0.52551204
0.00081262685
0.9823642
0.97474444
0.99917185
0.0008867017
0.00061127706
0.99703264
0.002030841
0.0016781345
0.42517942
0.47751504
0.5180371
0.41497293
0.0018175747
0.9991074
0.51912296
0.0024312183
0.51869726
0.42565387
0.004492972
0.0010559271
0.99986947
0.9870688
0.0010679145
0.0017001048
0.0015682792
0.98304373
0.004138818
0.8339869
0.39352083
0.5512117
0.00070628134
0.0024879316
0.99398416
0.9996594
0.9965969
0.5939406
0.17786944
0.99995065
0.002861651
0.0009022747
0.0009028578
0.9958318