0.4591897
0.4591521
0.45890546
0.45877218
0.45868653
0.45845783
0.45823333
0.45900428
0.45890513
0.4589174
0.45837495
0.45831087
0.45858443
0.4585367
0.45937663
0.4586993
0.4585531
0.45890003
0.4584947
0.4587649
0.4587663
0.45875075
0.45869768
0.45856115
0.45864972
0.45854032
0.4586741
0.45906335
0.45852327
0.4593965
0.4586116
0.45874006
0.4588889
0.45873982
0.4586737
0.45865598
0.4589854
0.4588462
0.45929378
0.45895517
0.45843732
0.4588836
0.4585129
0.4588946
0.4586416
0.4584347
0.4588988
0.4589244
0.45852557
0.45922622
0.4588166
0.45836693
0.4590755
0.4592416
0.45874768
0.45837805
0.45873776
0.45851564
0.45853013
0.45871443
0.45883065
0.45901403
0.45883054
0.45875648
0.45889008
0.4591306
0.45917663
0.4585787
0.45883116
0.4591316
0.4591321
0.45865563
0.45916185
0.4586437
0.45854276
0.45848614
0.45867953
0.45904955
0.4588284
0.4587653
0.4584972
0.4584032
0.45863476
0.45924065
0.45906174
0.45839664
0.45910427
0.45933956
0.45886338
0.45883808
0.4583502
0.45840076
0.45897585
0.45935562
0.45851725
0.45854747
0.45903563
0.45891392
0.4591865
0.45902166
0.45888326
0.45878768
0.45869437
0.45869738
0.45881748
0.45858878
0.4585544
0.45915592
0.45892534
0.4590088
0.4586074
0.45885244
0.4590838
0.4585872
0.4586935
0.45858634
0.45860323
0.45859838
0.4592602
0.45900238
0.45791584
0.45895013
0.45878416
0.45925725
0.4586393
0.45941362
0.45850474
0.45832735
0.45865357
0.45896858
0.45908812
0.458965
0.458549
0.4591964
0.45842135
0.4585055
0.458791
0.45947325
0.4588223
0.45857129
0.458931
0.45864266
0.45910266
0.45870313
0.45893428
0.4586412
0.45862004
0.45879868
0.45871162
0.45860404
0.45966518
0.4590382
0.4587009
0.4584104
0.4586728
0.45881122
0.45943677
0.45871404
0.4586128
0.45890364
0.45915914
0.45905262
0.45876923
0.45945352
0.45925155
0.4585122
0.45906317
0.459075
0.45861784
0.45850703
0.45836434
0.4585735
0.45857576
0.45903412
0.45877448
0.4584507
0.45848286
0.45956922
0.45883068
0.45854682
0.4587611
0.45871705
0.45842573
0.45939824
0.45917016
0.4589941
0.45883596
0.458909
0.45850202
0.45944333
0.45833918
0.45918936
0.459142
0.4588865
0.45858654
0.4585412
0.458723
0.45867315
0.45849425
0.4587039
0.45862475
0.45863527
0.45925567
0.45903212
0.45894083
0.4595075
0.4585462
0.45907533
0.4584967
0.4585667
0.45858258
0.4585027
0.4592563
0.4587912
0.45870772
0.4586515
0.4585726
0.45868886
0.45863017
0.45845783
0.4585465
0.45889264
0.45859918
0.45846322
0.45876595
0.45906225
0.45900127
0.45854267
0.45870408
0.4586063
0.45903492
0.45895842
0.45910412
0.4587636
0.45910105
0.45881268
0.45892087
0.45915803
0.45844027
0.45842403
0.45859626
0.45847374
0.45897737
0.45939532
0.45875287
0.4584702
0.45859656
0.45901138
0.4586279
0.4590952
0.45928776
0.4585645
0.45896792
0.45867068
0.45860332
0.45863107
0.45902237
0.45930335
0.4591083
0.45898142
0.45942473
0.45859447
0.4591108
0.45883593
0.45902076
0.45851782
0.4584888
0.45871794
0.45928
0.4587236
0.45842725
0.45855576
0.45843548
0.45852107
0.4592943
0.45920318
0.45883626
0.45847085
0.45892242
0.45901272
0.4595294
0.45926496
0.4585926
0.45862043
0.45903873
0.45919976
0.45872617
0.45970044
0.45851445
0.4587495
0.4587478
0.45901394
0.45920515
0.45841452
0.45887914
0.45864883
0.45921952
0.45915145
0.45859605
0.459092
0.4587361
0.45851013
0.45912722
0.45886528
0.45965907
0.45852807
0.45877364
0.45874056
0.458818
0.4585781
0.45859155
0.45917302
0.45909262
0.4589952
0.45877224
0.4586069
0.45838517
0.45867464
0.45884913
0.45854422
0.45863858
0.4587772
0.45858744
0.4585495
0.45932397
0.45896888
0.45837295
0.45852342
0.45877856
0.45913446
0.45924613
0.45861632
0.45937485
0.45897564
0.45877448
0.45881534
0.4592449
0.45947936
0.458541
0.45847425
0.45844367
0.45849338
0.45903352
0.4588237
0.45914227
0.4589735
0.45863056
0.45943004
0.45937333
0.45915818
0.4590899
0.45851916
0.4591006
0.4589076
0.45898178
0.45858502
0.45863202
0.45911944
0.45935082
0.45912698
0.458569
0.4591485
0.45877865
0.45870546
0.45881006
0.45867556
0.45880145
0.45846137
0.458649
0.45866698
0.45877734
0.45848975
0.45894623
0.4583135
0.45863128
0.45898503
0.45905733
0.45907506
0.45859838
0.4584657
0.45890695
0.4589638
0.4593761
0.45874986
0.45856297
0.45901242
0.45902267
0.45864913
0.458539
0.45891267
0.45896053
0.45890012
0.45876002
0.4583475
0.4588166
0.45939884
0.45897958
0.45852822
0.4584882
0.45852035
0.4588187
0.45908436
0.45913923
0.45877835
0.45904598
0.45844617
0.45879978
0.4592328
0.45920599
0.4584566
0.45906106
0.45842937
0.45938605
0.4593286
0.45874715
0.45851734
0.4589386
0.45868614
0.45879194
0.45863602
0.45859575
0.4588787
0.45868072
0.4586277
0.45907226
0.4593007
0.45879537
0.4588487
0.4586907
0.45858002
0.45838916
0.45888302
0.4586667
0.458722
0.45845982
0.45849925
0.4586678
0.45887014
0.4588661
0.45882654
0.45868123
0.45891106
0.4584954
0.45876786
0.45878607
0.4586686
0.4589426
0.45900026
0.45877174
0.45890674
0.45889732
0.4587363
0.45898268
0.4585323
0.45931572
0.45865604
0.45862916
0.45928314
0.45846272
0.45876208
0.45936996
0.45901674
0.4587065
0.4589518
0.4585432
0.45945933
0.45903543
0.45896193
0.45856267
0.45835817
0.45878252
0.45836434
0.45885333
0.4590347
0.45852348
0.45892653
0.45887226
0.45861816
0.45905286
0.45846477
0.4585135
0.4588377
0.45871413
0.45921996
0.45857173
0.4589216
0.45848578
0.45904657
0.45900947
0.45856628
0.45890972
0.45929596
0.45915642
0.45928162
0.45857048
0.45844918
0.45938233
0.45859638
0.4589431
0.45886645
0.458573
0.45898992
0.45850512
0.45855927
0.45889655
0.4588223
0.4585779
0.4586152
0.45864803
0.45877695
0.45846903
0.45894322
0.4584939
0.45871478
0.45883214
0.45839027
0.4589424
0.4581492
0.45870033
0.45846438
0.45884278
0.4592597
0.4589862
0.45882493
0.45871896
0.458937
0.45859015
0.45859954
0.45914018
0.45848584
0.45880273
0.45867094
0.4584544
0.45847425
0.4585157
0.45871654
0.45856723
0.45873976
0.4587045
0.45899394
0.45875478
0.4587775
0.45863974
0.45925257
0.45860478
0.45862147
0.4586401
0.45863336
0.45879716
0.4588426
0.4584652
0.45863122
0.45860288
0.45923313
0.45892403
0.45881584
0.45852727
0.4588436
0.45850644
0.45921665
0.4586111
0.45882794
0.45920712
0.45884675
0.45916232
0.45850122
0.45893046
0.45939657
0.458612
0.45908216
0.45947292
0.45859626
0.4590955
0.45852298
0.45937982
0.4592058
0.4588322
0.45917532
0.45885706
0.45865324
0.45858312
0.458694
0.45856825
0.4585518
0.45927358
0.45889953
0.45848557
0.45876926
0.45840767
0.45930877
0.45852497
0.4585787
0.4585421
0.45905462
0.45877865
0.45833126
0.4586142
0.4587901
0.45906633
0.4586041
0.4592969
0.4590387
0.45888385
0.4586463
0.4593682
0.45844778
0.45852017
0.45875618
0.4586797
0.4588835
0.45861456
0.4596479
0.45855495
0.45924005
0.4590294
0.45844263
0.45851395
0.4585744
0.4590347
0.4590695
0.45880288
0.45846695
0.4587504
0.459186
0.45875788
0.45931035
0.4585005
0.45897225
0.45885324
0.45868886
0.45874423
0.4588532
0.45932266
0.45887423
0.45843983
0.45953044
0.4588411
0.45871422
0.45841452
0.45849505
0.459049
0.45862815
0.4592062
0.4588291
0.4586476
0.4587052
0.45859432
0.45884195
0.45923954
0.45908195
0.45916292
0.45907712
0.4586786
0.4594479
0.45868492
0.45926785
0.45890504
0.45923266
0.45868966
0.45838878
0.4585662
0.45874068
0.45909753
0.45898098
0.45853975
0.45908144
0.45870078
0.45872927
0.45903733
0.45885605
0.45881152
0.45932156
0.45838296
0.45894945
0.459131
0.45906618
0.45910412
0.45862556
0.45897686
0.45898068
0.4592687
0.45883164
0.4587045
0.45887122
0.4590683
0.45887533
0.458841
0.45962194
0.4588251
0.45865217
0.45877844
0.45879582
0.45862234
0.4584512
0.45889214
0.458589
0.45822552
0.45855424
0.4589828
0.4589213
0.45876184
0.45889923
0.4595744
0.45860058
0.45858824
0.4588179
0.4584747
0.4592694
0.45935658
0.45933786
0.45882463
0.4592492
0.45864436
0.45847926
0.45899448
0.45860133
0.45840475
0.4588193
0.45866302
0.45882735
0.45854563
0.45834142
0.4594021
0.45865184
0.45861468
0.45848563
0.45838526
0.45883918
0.45866683
0.45866227
0.4591092
0.45880607
0.4588454
0.45857817
0.45911407
0.45868593
0.45862654
0.45915252
0.459478
0.4585893
0.45847917
0.45874092
0.45899314
0.4583498
0.45874733
0.45883948
0.45851576
0.4588727
0.45821825
0.45885876
0.4587068
0.4585
0.45859325
0.45916438
0.45895296
0.45837575
0.4589297
0.45872918
0.45863256
0.4585637
0.45869622
0.45911452
0.45883405
0.45882276
0.45855835
0.45843455
0.4583717
0.45883802
0.45852783
0.4589669
0.45856428
0.4586283
0.45893356
0.45859987
0.45858935
0.45888075
0.45888978
0.45853454
0.45888427
0.45847654
0.45843658
0.45937186
0.4588809
0.45906636
0.4586406
0.45905742
0.45882136
0.45887864
0.45900097
0.458705
0.45948055
0.4592607
0.45907643
0.45886052
0.45861307
0.4584977
0.45892695
0.4585507
0.45908657
0.45831448
0.45908377
0.4584979
0.45902342
0.45889243
0.4586484
0.4583258
0.45824763
0.45875034
0.45902085
0.45921198
0.45903295
0.4589664
0.45874512
0.45908764
0.45847815
0.4588667
0.45899704
0.45898962
0.45848697
0.45909068
0.458677
0.4587372
0.45886764
0.45846412
0.45866638
0.4588434
0.45900765
0.45858222
0.459032
0.45879573
0.4589104
0.45863417
0.45864394
0.45908055
0.45922682
0.45932743
0.45920756
0.45930055
0.45861045
0.45869902
0.4586739
0.4589919
0.4588477
0.45882758
0.4593451
0.45904398
0.45894864
0.45950755
0.45910206
0.45831865
0.45862243
0.4592195
0.45848456
0.45847687
0.4583172
0.4593261
0.45866176
0.45860368
0.45860478
0.4586085
0.45899776
0.4589005
0.4592203
0.45851636
0.45892975
0.45841062
0.45893472
0.45953423
0.45846564
0.45871478
0.4587018
0.459073
0.45883948
0.45937377
0.4586052
0.45929646
0.45884722
0.45880294
0.45851263
0.4590395
0.45878592
0.4586485
0.45884952
0.4585022
0.4587848
0.45871246
0.4588014
0.4588459
0.458764
0.45891076
0.4588426
0.45925647
0.4588682
0.45885077
0.45881233
0.45903343
0.45882758
0.45862165
0.45888126
0.4592443
0.45929846
0.45884356
0.4590635
0.45877755
0.45936486
0.45895767
0.45846093
0.45889288
0.45874804
0.4587128
0.45904216
0.4586147
0.45848632
0.45859686
0.4589075
0.45879793
0.45876098
0.4585736
0.45917904
0.45908588
0.45877907
0.4595012
0.4590728
0.4591925
0.4588157
0.45916528
0.4586727
0.4586724
0.45904928
0.45884922
0.45899585
0.45861182
0.45890474
0.4592143
0.45912406
0.45952487
0.45851594
0.45896763
0.45874077
0.4586294
0.45892763
0.45843366
0.45865414
0.45871744
0.4584747
0.45876294
0.45856488
0.45921916
0.4587225
0.45901132
0.45872468
0.45895988
0.4588441
0.45868504
0.45856428
0.45906812
0.4592237
0.458868
0.4592245
0.4591784
0.45885453
0.45855916
0.45922053
0.4587898
0.45929545
0.45855385
0.45859116
0.45880967
0.4588576
0.4586756
0.4593767
0.4588435
0.45893413
0.4586376
0.4585312
0.45888084
0.45927408
0.45885393
0.459385
0.45876852
0.45862004
0.459008
0.4583486
0.458611
0.45869085
0.4588418
0.45879596
0.4590911
0.45895994
0.4589637
0.4589306
0.45881474
0.45893452
0.45826316
0.45923245
0.4586528
0.45870656
0.4585279
0.45854893
0.4592706
0.45868632
0.45888487
0.45846313
0.4589878
0.45866838
0.4586575
0.4591518
0.4585285
0.458762
0.45911834
0.45895547
0.45851645
0.45898458
0.45887744
0.45879692
0.4587307
0.4590172
0.45862395
0.45879048
0.45901945
0.45862606
0.45865875
0.45899966
0.45876792
0.45880505
0.458667
0.45846578
0.45940438
0.4593868
0.459053
0.45846578
0.45878908
0.45894834
0.45867288
0.45844477
0.45946988
0.4587006
0.45900208
0.45898998
0.4590517
0.45927957
0.45850036
0.45880416
0.45963657
0.45904335
0.459125
0.45899594
0.459131
0.45884013
0.45861623
0.4584743
0.4592766
0.45866486
0.4587299
0.45837185
0.4583904
0.45874342
0.45900083
0.45893693
0.45882764
0.45877975
0.45903623
0.458561
0.45903543
0.45867983
0.45871246
0.45880044
0.4591319
0.45904377
0.4591802
0.45838422
0.45883265
0.45854783
0.4590692
0.459375
0.45899615
0.4586752
0.45891583
0.45913795
0.4591486
0.45875686
0.4588672
0.45844838
0.45938525
0.45891133
0.45897606
0.45859355
0.45852947
0.4593943
0.4584102
0.45842004
0.4585599
0.45895496
0.45855296
0.45876235
0.45898846
0.45887935
0.4586213
0.4585052
0.45865685
0.45912486
0.45854366
0.45925164
0.45877886
0.4587224
0.45856637
0.45900267
0.4586172
0.4588677
0.45875525
0.45842683
0.45897827
0.4589444
0.45840278
0.4590523
0.4589356
0.45848492
0.45914945
0.4586439
0.45877573
0.45872265
0.4587613
0.45889574
0.4586445
0.45846167
0.45882633
0.4584958
0.45855626
0.45883486
0.45886397
0.45863974
0.45865294
0.45863137
0.45862675
0.4586066
0.45875898
0.45969388
0.45843485
0.4590259
0.45869172
0.4591898
0.4587609
0.45912096
0.4593424
0.45886266
0.4589737
0.4584717
0.45854303
0.4587617
0.45893797
0.45863935
0.45917016
0.45846468
0.45896485
0.45868725
0.45869267
0.45897403
0.4586232
0.4590534
0.4588975
0.45882362
0.45899945
0.45930055
0.4589416
0.45856038
0.45903754
0.4585923
0.4586114
0.45865405
0.45862755
0.45941427
0.4590322
0.45925227
0.45934066
0.45866075
0.45941967
0.45844182
0.4584885
0.45870978
0.45884335
0.45862004
0.45861462
0.45875898
0.45884886
0.4588168
0.45880666
0.45859677
0.45844033
0.45866066
0.45877022
0.4588576
0.4589552
0.45865655
0.45942864
0.45869556
0.45883977
0.4587189
0.45888063
0.45890033
0.45855737
0.45834646
0.45883736
0.45894623
0.45872545
0.45858905
0.45851466
0.45852587
0.45889324
0.45880666
0.45850992
0.45897514
0.45886248
0.45921674
0.45854107
0.45897514
0.45858547
0.45853454
0.45887616
0.4587638
0.4585773
0.45848602
0.4590078
0.45855135
0.45861563
0.4587037
0.45846048
0.45894894
0.45892343
0.45856717
0.45855564
0.45949435
0.45861903
0.45904538
0.45860505
0.4585749
0.45858672
0.4593951
0.4587324
0.45854983
0.45862153
0.45881957
0.45867053
0.45864812
0.4587913
0.4584048
0.45870328
0.45852563
0.4587816
0.4586474
0.45854893
0.4586433
0.4592936
0.4590544
0.45908335
0.4592347
0.4584968
0.4584441
0.45894676
0.45832336
0.4586791
0.4584964
0.45862585
0.4589638
0.4587892
0.45903242
0.45907205
0.45879793
0.45847416
0.45904237
0.45902076
0.4592948
0.4585659
0.45914447
0.45836386
0.45883366
0.4592586
0.45933905
0.45857546
0.4591234
0.45900452
0.45831785
0.4586865
0.459224
0.45870143
0.45902097
0.4586072
0.45881474
0.45875752
0.45844203
0.45902115
0.45850953
0.45848387
0.45869327
0.4594359
0.4585809
0.45874152
0.45916966
0.45884892
0.45917693
0.45937064
0.45898625
0.45891258
0.45873952
0.4585939
0.45902097
0.45861477
0.45868364
0.45850703
0.45868695
0.45918086
0.45837635
0.45919564
0.45899191
0.458526
0.45855534
0.45869616
0.4586468
0.45889896
0.45867258
0.45886126
0.4585729
0.45881018
0.45872205
0.45911402
0.45934138
0.45912683
0.4584035
0.45910445
0.45874512
0.4587214
0.45874307
0.45857364
0.45848027
0.4587343
0.45880258
0.45890063
0.4587142
0.45890078
0.4592492
0.45871353
0.4591322
0.45906657
0.45941302
0.45916104
0.45902303
0.45895842
0.4585812
0.4587068
0.45880556
0.45831645
0.45912176
0.45912355
0.45859948
0.45901924
0.4586417
0.45897293
0.45891964
0.45944086
0.45896238
0.45913714
0.459274
0.45851278
0.45875558
0.45848978
0.45877382
0.45873562
0.4587288
0.4583001
0.45918226
0.45896038
0.45903072
0.45888752
0.45871103
0.45896786
0.45871046
0.45892814
0.45873323
0.45845792
0.4592185
0.45836833
0.45855877
0.45846373
0.4588204
0.45882243
0.4593105
0.45895606
0.45837155
0.45873374
0.4584961
0.45928565
0.45828956
0.45840886
0.45861873
0.45870534
0.459682
0.4583452
0.4585052
0.459064
0.45883265
0.4591376
0.45858422
0.45895746
0.4588033
0.45871404
0.45861578
0.45866308
0.45906442
0.45895743
0.45873308
0.45867184
0.45857522
0.4588932
0.45854744
0.45865884
0.45911506
0.45911264
0.45857957
0.45912865
0.45875034
0.458474
0.4585366
0.458901
0.45873892
0.45856297
0.45858443
0.4585703
0.45923918
0.45868394
0.45902517
0.4586741
0.4590116
0.4586781
0.4587402
0.45877162
0.45890614
0.45904717
0.45933744
0.45897323
0.4592778
0.45862526
0.45901
0.4586405
0.45884913