0.9999924
1.0
5.554984e-14
1.0
3.5812544e-11
1.1889635e-12
6.646195e-12
1.0
3.7251088e-11
0.97853273
2.6426113e-11
4.9505745e-13
5.1672306e-13
1.2169918e-06
1.0
1.4168282e-12
4.813434e-12
0.99989676
9.121406e-09
0.9994758
0.999468
1.9259521e-11
4.7521705e-11
1.254287e-13
1.4087147e-12
0.0035747255
0.9851031
0.9999497
5.776248e-05
1.0
2.7741232e-14
2.7655362e-08
0.0293675
1.5230846e-05
1.0916216e-10
1.4973332e-13
0.9998982
0.9999987
1.0
0.9999999
1.0663435e-08
0.079315245
1.6453162e-11
5.4518852e-14
8.7407e-14
3.6807427e-10
1.0
0.95978683
1.3135123e-12
1.0
0.99999976
5.438006e-12
0.99999976
0.9999993
0.99605405
3.6533532e-10
1.0
1.15222765e-05
4.5003523e-12
7.9132235e-07
1.0
0.9999999
1.0
2.1576472e-11
0.9993856
0.94125026
1.0
7.4803974e-10
0.5360215
1.0
1.0
3.0743033e-07
0.99927515
0.18160985
2.4311374e-11
6.910007e-14
3.6728877e-14
1.0
1.3242544e-11
1.3258232e-12
2.5468176e-12
7.5603526e-13
4.665892e-12
0.9999999
0.9999999
4.745142e-11
0.9999999
1.0
1.0
0.9990398
2.7911137e-13
6.110255e-12
0.99999976
0.99999976
3.8536055e-10
6.7725055e-06
0.99999905
0.99411714
1.0
1.0
3.457596e-12
5.4355483e-12
9.67384e-13
1.8405115e-13
1.7430931e-13
7.048778e-11
1.1086222e-13
0.9999901
0.9999988
1.0
1.1319125e-08
2.8165212e-13
0.99987197
3.6046177e-10
4.6224176e-08
3.7710644e-13
2.0732453e-10
0.00071817177
0.9999871
0.9843939
1.0
1.0
2.913649e-05
1.0
1.4265006e-08
0.9999987
1.5739348e-08
1.0014021e-09
8.422142e-13
0.9999889
0.9999999
0.99945396
3.6651082e-09
0.9999931
2.6364643e-11
4.033282e-12
0.06917323
1.0
2.8980496e-10
4.2029928e-11
0.99999785
2.8726652e-12
0.99991477
1.1720713e-13
0.9999975
1.991068e-11
5.75623e-14
3.6952524e-11
3.6118176e-06
3.1495102e-12
0.99999976
0.99951863
1.1718008e-13
1.8132995e-11
1.9737638e-09
1.5878039e-13
1.0
1.656533e-14
1.0910911e-13
0.99998903
1.0
1.0
0.94697005
1.0
0.99999857
6.586219e-11
1.0
0.9999987
2.1460096e-09
5.2132734e-13
1.815698e-11
4.0658215e-09
5.0735657e-06
0.27686185
1.831096e-07
6.736181e-12
2.7977626e-07
1.0
6.9185596e-08
8.4828125e-12
0.90839046
9.894253e-15
6.812891e-13
1.0
0.99993825
1.0
2.5392934e-13
8.877461e-11
1.7540643e-11
0.9999999
6.172063e-13
1.0
1.0
1.0
0.00019246685
4.8223064e-10
5.1041824e-11
0.9999995
8.9611405e-08
1.41856004e-14
2.6477635e-05
1.0
1.0
0.99849164
1.0
1.0
1.4201559e-05
1.0
1.6889945e-08
7.401375e-05
5.8796397e-12
7.0699544e-12
0.9999999
1.779801e-08
2.983441e-10
2.7108277e-10
3.8909383e-11
0.73749655
1.1298553e-11
8.1556206e-11
1.0280804e-10
1.0
5.5504695e-11
1.40618385e-11
3.101557e-12
1.0
0.99985313
6.1771392e-09
3.1510469e-13
7.371506e-14
0.9999993
1.7673125e-11
0.10227364
1.6283117e-10
0.9999778
2.5762605e-05
1.0
1.0
2.2229558e-11
7.024478e-13
2.0611577e-09
4.6575695e-12
1.0
0.9995448
0.99988794
2.8183751e-13
1.8907058e-10
0.00023135795
5.707444e-12
0.032198194
1.0
2.972742e-12
0.9820545
4.121161e-09
1.7731191e-12
3.1972855e-11
0.9999999
0.99941635
0.9999999
1.0
1.0
2.6511331e-11
1.0
0.9999999
0.9781622
1.8635875e-07
8.9238334e-13
1.5829746e-13
0.009882314
1.0
0.00015762207
0.9964399
2.5497937e-11
2.0698405e-09
0.99971014
0.003495218
0.092701934
1.92481e-11
0.99988055
0.9999107
1.0
1.0
8.005019e-11
5.250505e-13
1.0
0.999987
7.5521376e-13
1.0
1.8602544e-13
2.734928e-12
0.8340646
1.0
0.9998336
6.153303e-13
0.999974
5.5059997e-09
0.66698086
0.99984
3.642834e-09
1.0
9.468868e-10
2.6523154e-12
0.7203331
0.99999964
1.0
2.5780204e-05
0.9999993
2.2618386e-05
1.0
2.6587922e-13
1.4906297e-11
0.50948536
1.0
0.9999999
1.0
1.2900767e-11
1.8901937e-10
2.509669e-11
0.999998
6.60961e-12
1.22047e-11
1.8777268e-06
5.916329e-14
9.385226e-13
0.99999976
0.99999976
1.5830126e-07
1.844461e-10
9.181826e-11
0.99998796
0.57840425
4.612258e-14
1.0
1.0
0.9306918
1.8177867e-12
1.0
1.0
1.7938174e-09
3.302552e-13
1.3136601e-12
2.5164202e-13
0.9999995
2.4490814e-09
0.9999999
0.8833593
0.99447316
1.0
0.9999999
1.0
0.99999034
2.0281833e-14
1.0
3.356831e-10
0.999995
1.1745761e-12
7.9503694e-13
0.9999999
1.0
1.0
1.1690321e-06
0.9999999
5.207801e-07
2.9057648e-14
3.5756013e-08
4.343566e-13
0.99973327
5.6378933e-09
1.1135914e-14
1.3645518e-10
1.8146144e-11
2.3775825e-13
0.9999999
1.196076e-12
2.671922e-14
1.3096159e-06
1.0
0.99359703
9.812505e-14
8.879791e-09
1.0
0.99999714
0.99949396
7.936613e-09
1.813369e-05
0.99987316
0.9999993
3.0792746e-09
3.7444062e-11
0.9999995
1.0
2.8196874e-09
2.696848e-13
3.0872866e-07
6.5212393e-12
0.9999999
0.99996877
7.155753e-11
2.3319248e-13
7.223988e-08
1.2488991e-13
0.99960715
1.0
4.6165674e-08
0.84398395
7.344564e-06
1.0
1.0
1.0
9.798036e-09
0.99973875
1.6167729e-12
1.0
0.9999999
1.5443708e-14
5.788434e-14
0.99997544
2.9354337e-14
1.0
1.301523e-10
3.4511966e-13
8.704863e-14
3.4088815e-13
5.1533482e-11
0.99999726
1.0
1.0
2.3205533e-09
4.7912017e-09
4.6361442e-06
3.837189e-11
1.0
1.1914335e-12
0.00075111556
1.5164384e-08
3.0571124e-13
1.0
0.9929341
0.9898928
3.4484657e-13
5.5940444e-15
1.4216015e-06
1.0229736e-13
0.99999964
1.0
3.5981353e-09
0.9999994
0.99999976
2.7196202e-11
1.0
0.99994075
3.218372e-07
0.9985574
2.6857921e-12
0.0134502305
3.3433402e-11
1.0
0.9963611
2.8250932e-12
2.116351e-14
1.0
1.0
1.4305943e-14
0.7533097
4.0537934e-10
1.0
1.0
0.04810115
9.492828e-14
2.9049285e-10
6.0578847e-12
2.0788104e-12
1.0
1.0
4.8344374e-13
0.9999944
0.9998987
4.824775e-09
0.99999106
2.2561016e-08
8.029264e-09
3.602805e-13
5.7915267e-10
1.0
1.1180299e-12
2.6332222e-07
2.0443937e-07
1.0
1.0
3.8359613e-10
0.98313105
0.99985325
1.0
0.9992392
5.2813466e-06
0.025251508
1.0
8.039949e-08
7.725221e-08
0.9997936
3.608322e-12
1.0
9.047099e-11
2.3361185e-13
0.99999106
1.0
5.453433e-11
1.9238255e-08
3.4431534e-14
0.5099788
1.5185013e-09
0.9927254
7.749483e-12
1.0
1.7165873e-12
2.6448136e-12
0.9999999
2.8937885e-08
1.211437e-14
2.1931753e-12
1.0
0.30055773
1.9252782e-09
0.99998975
1.0
0.9991602
6.88463e-10
3.651339e-14
0.9999198
2.6906491e-11
0.99818903
5.636033e-09
6.503651e-12
2.5019049e-06
1.3448948e-12
1.0946468e-14
7.9727197e-10
3.213468e-07
1.7418512e-12
0.99999905
6.6852335e-10
0.9999999
3.6534856e-10
0.9999999
3.7117874e-12
4.3488953e-07
1.5968902e-14
1.2414731e-12
1.6379852e-12
0.9998851
2.2257803e-12
7.6360744e-13
5.5637006e-10
0.9999999
1.0
5.018252e-10
2.0255334e-12
1.7282135e-12
1.0727775e-12
0.9999999
4.642859e-14
1.0
0.00037041836
7.712835e-13
1.0
1.5446862e-10
0.99999857
0.99999976
5.037078e-13
0.9999622
0.9999994
2.7431966e-13
0.99996567
2.924387e-13
1.0
1.0
1.0
0.99999976
0.9999913
3.1196274e-09
2.9185863e-13
4.270196e-12
1.8642718e-13
4.5658722e-05
1.0
0.9356399
1.7382038e-12
0.81752175
3.1250516e-10
0.99999833
9.6762126e-11
1.725622e-11
1.2735419e-08
0.004228824
0.9999939
4.6855318e-11
4.204686e-06
3.3690495e-14
1.0
8.1653407e-13
1.0
1.0
0.999424
1.7279828e-12
0.99990606
1.9067208e-13
2.7623979e-09
2.8089473e-12
7.454385e-11
1.0
4.5883724e-11
0.99946374
2.3457226e-13
0.99998
0.6341802
4.3768636e-10
3.9290043e-07
1.9909865e-13
0.99999654
1.0
1.0
3.2586756e-10
1.0908521e-09
0.9899059
0.8465549
0.9999999
4.3631207e-13
0.9999826
0.99425405
1.856401e-10
5.7249785e-11
2.4861545e-13
0.99998236
1.0
6.4093886e-10
0.9999999
0.99996984
2.9350083e-05
2.3720261e-08
1.493326e-13
1.0
1.1609966e-11
0.98410034
0.99999976
1.6139761e-11
1.11970395e-14
2.8466214e-08
3.37859e-08
1.0
0.99997604
0.9999981
0.9994584
2.5359116e-08
1.0
6.780285e-07
1.0
1.0
1.0
2.516472e-10
8.8386065e-10
4.7996752e-11
1.3449172e-13
1.0
0.9680605
2.9833742e-09
0.999694
1.714968e-15
7.806423e-15
1.0
1.6156802e-10
0.99970275
0.9999999
2.0236934e-10
0.9992093
0.99995697
1.0
0.011896561
9.6158845e-11
1.0
0.99924976
0.006092412
7.6758223e-13
0.954943
1.0
0.9997522
0.99999976
0.9999987
1.0
0.9999901
1.0339865e-09
4.8832376e-06
0.99995244
4.7736212e-14
3.5301586e-08
0.00036482632
1.4734557e-13
5.7962285e-12
1.3823348e-12
0.99999976
0.3299336
1.256142e-10
0.9999999
1.0
7.582487e-07
3.3052206e-15
0.9999999
1.3075938e-11
1.0
1.0
0.9999951
0.39729276
0.99999523
5.3429727e-13
5.826617e-10
1.0
1.2800203e-11
5.4893323e-11
0.99999917
1.0636553e-13
0.68857044
2.1772426e-11
3.1081303e-12
0.9985511
1.2048742e-14
1.10460885e-11
5.289324e-13
1.412216e-10
1.39754736e-11
4.63668e-11
1.7223208e-07
0.9970393
1.0
9.695638e-13
1.7184462e-14
0.9999993
3.2922867e-10
2.4128403e-14
1.0
1.0
1.1163391e-10
0.9999969
1.5867852e-11
1.0
1.6005908e-12
1.0
0.0012544809
6.1005405e-13
8.3392244e-14
1.0564737e-09
1.2527929e-09
1.5388935e-13
5.358425e-13
4.0431522e-14
0.9997147
0.089138046
3.056729e-12
0.99770916
3.8952283e-08
1.5124195e-13
2.5033692e-10
7.0952404e-09
0.99999964
1.0
0.99974126
1.2631732e-12
4.1754888e-08
6.346551e-08
0.9999968
7.504917e-11
0.999997
1.9491182e-12
3.8539016e-09
1.0
1.5714688e-12
3.49699e-13
0.9999846
1.0
2.0016393e-10
0.9999999
2.8800716e-12
1.1710496e-10
0.9999988
0.93038064
0.9999862
1.9509053e-14
1.0
0.99999034
0.99993134
1.0
3.3325068e-07
1.0
0.9999039
1.0
3.5114407e-09
0.00043689713
1.5798205e-12
3.2670865e-08
1.0744526e-12
1.0
3.479671e-13
1.0
1.07146576e-10
0.9937336
1.0
2.8693343e-13
2.3843956e-12
3.4424e-13
0.5050133
1.0
0.99999857
1.0
1.0
0.999984
0.9988643
9.4399965e-14
1.5777001e-09
0.99999464
0.9591102
1.3450378e-13
0.9999995
0.9999958
1.0
0.99999964
1.2876148e-13
3.3480802e-08
0.99992573
1.0
3.162324e-13
0.23610227
1.6498248e-12
1.0
9.184715e-15
5.0288804e-09
0.9999999
0.99999833
0.034822248
0.99994636
0.99999094
2.0463932e-13
2.0562265e-12
3.4255543e-09
1.0
1.0
2.346977e-08
1.0
0.9999999
0.9999999
1.0
0.99999976
9.095346e-13
6.5495587e-09
1.0
5.714386e-11
3.5794776e-05
6.613418e-12
0.9999745
8.633115e-15
9.67207e-13
4.858654e-14
2.1146548e-08
1.0
1.7159283e-13
0.99994934
0.00010903948
0.9999988
3.718349e-08
4.657323e-11
1.2989708e-18
2.8074879e-10
8.2815916e-14
6.1061627e-13
0.1924905
5.7560522e-11
0.9999651
4.316269e-14
1.0
1.594511e-13
1.2280431e-05
0.00010738068
0.14161724
1.0
1.6575312e-11
0.4390729
9.605519e-09
3.0466984e-13
1.892329e-14
1.0
2.643511e-13
0.00096165994
2.8826244e-10
9.831182e-06
1.0
1.4688734e-13
1.0
1.0
0.99986005
0.99902964
1.6444479e-10
1.0
0.9999999
0.8041957
1.0085023e-12
0.9999993
0.007054544
1.0
4.3253724e-08
7.50327e-11
0.9999989
0.9999999
8.4160484e-11
0.99999976
2.8315631e-11
2.7409741e-09
5.219298e-11
0.013556766
1.0
0.99999976
2.0574594e-11
1.0
1.0
4.542099e-12
1.0
1.0
0.9999871
0.99999595
0.99995935
5.573219e-09
8.7177243e-10
0.9999999
3.247307e-11
0.9999999
3.128828e-09
1.0
0.9999999
0.9999949
1.0
1.4441624e-10
1.0
1.0
2.2894387e-14
0.9999999
5.864281e-13
2.8128598e-13
8.40961e-12
1.8583252e-13
1.2089414e-11
1.0997301e-10
1.0
0.9167158
0.99999964
1.642138e-10
0.99999547
0.9359447
4.953689e-10
1.0096532e-12
0.9999939
0.99999917
2.505882e-10
0.9999902
0.9999782
1.0
7.415632e-14
1.0
9.390523e-10
0.9999567
8.387293e-09
4.878038e-12
1.8038117e-13
0.9999993
3.7905548e-14
1.0
1.3719561e-13
0.9999963
1.4337147e-09
1.7693498e-11
0.99980503
1.0
8.6974757e-07
1.0
0.9999995
1.6284924e-13
0.9965714
6.5999295e-10
4.1404345e-12
6.741978e-07
1.3295427e-09
0.9998665
0.0033819778
0.99996364
0.9999968
0.9891177
9.8465056e-12
1.0
3.061664e-13
0.99318236
1.5581226e-11
2.3599396e-09
1.1192339e-11
3.8143325e-12
1.0
1.1745392e-10
0.99995005
1.356731e-12
1.0
0.87186635
1.0659493e-11
1.0
1.8047933e-12
2.713021e-10
0.99999964
1.8894106e-07
4.5766033e-13
1.0
1.0
3.1636104e-12
0.003092049
1.0
1.1345071e-14
3.5281925e-12
1.0
0.026045445
2.8814796e-11
3.3601938e-10
2.9746876e-12
4.651663e-13
1.4108242e-10
1.6057264e-10
0.99999905
0.9998286
0.99835
7.1416913e-12
1.03327624e-10
0.9999467
8.910822e-09
1.0388806e-10
0.35615304
3.0323702e-11
1.0
1.0
1.0
1.0
5.981849e-13
1.03916245e-13
0.9923246
1.0
1.0
0.99999034
0.9999809
3.270726e-13
1.0
4.73345e-09
1.0
0.9999174
5.2548864e-12
4.349532e-06
1.6116544e-10
1.16076014e-14
0.9999759
0.9999958
0.9999914
2.0528685e-08
1.0
9.08075e-13
1.0
8.0058356e-13
1.0
0.99999094
0.99999976
1.0
1.0
1.2631503e-10
1.828475e-13
1.5158194e-12
0.9999069
0.99999595
0.97780985
2.122849e-13
1.0
1.0
1.0
7.69971e-09
1.0
3.8951615e-08
0.9999999
0.99991095
1.0
2.006974e-12
4.6709654e-09
1.0
1.605463e-10
1.217736e-10
6.766901e-14
0.9999999
2.2239036e-07
0.27578825
0.99993813
0.99987495
0.00045232812
1.0226348e-12
0.99993026
1.0
2.0015305e-12
1.0
0.9996025
1.9374797e-12
8.312471e-13
2.1719003e-11
1.7034178e-11
0.9999999
2.0605295e-12
3.110283e-06
0.99983716
0.9998597
6.691282e-13
1.3957188e-09
1.0
4.00874e-12
0.99960643
5.1191287e-11
1.6621756e-11
1.9925128e-10
1.6299344e-13
0.99944335
9.661178e-12
1.7893133e-13
0.99998486
5.0799698e-11
9.925868e-09
0.95971227
0.00018213582
3.554683e-09
3.1572376e-09
1.11766376e-07
3.0696912e-10
0.9999999
0.9999999
0.9999994
2.681206e-12
0.9999628
1.6647676e-15
0.9999974
0.00029917876
1.0
0.99999714
1.0
0.9999994
3.7149908e-11
2.5615388e-09
4.09575e-12
0.97673804
1.13513124e-07
0.69427156
0.00812763
0.84077674
1.003748e-10
0.9954194
0.22893234
8.908664e-09
0.99317205
0.9420417
1.0
0.99999917
0.9999994
3.437309e-09
5.0117587e-13
0.9998512
6.9369853e-06
4.565141e-12
1.0321618e-09
3.3475438e-08
0.99839884
0.9999982
1.0
0.99999976
2.7817757e-13
1.0
1.4231084e-07
7.835299e-07
3.2103074e-11
0.9999975
3.5439477e-12
8.59117e-13
4.6293256e-12
1.0
3.0280668e-07
1.1628066e-12
2.6735155e-12
5.203429e-13
3.4724806e-15
5.707999e-12
4.5861672e-11
0.99998915
4.7536524e-13
0.9999999
9.524467e-08
5.823203e-11
1.7147613e-12
0.9999938
0.85049284
9.466254e-13
6.5091484e-08
1.0
0.99999845
2.2344257e-14
5.3000285e-13
2.853458e-13
2.1441129e-07
0.99604577
1.0
2.951483e-07
0.99999785
0.99911624
0.9999988
5.8688357e-13
1.0
1.2928399e-12
1.324495e-10
0.0039468445
0.9999999
2.0179377e-11
7.005429e-12
0.99998677
7.5993004e-13
2.4657559e-11
2.9800072e-13
5.550679e-07
1.0
1.0
1.821344e-12
1.3635297e-05
1.0
8.481065e-12
0.32736588
0.99999964
1.9495301e-13
6.7278454e-09
1.0
6.5125975e-13
1.603538e-10
1.0
1.4939244e-09
1.0
1.1277275e-12
1.192324e-13
5.4713428e-11
1.2378064e-15
1.2984145e-09
1.0
1.9847871e-13
1.8229957e-11
6.996088e-07
1.0
1.0
0.9999559
0.99998283
6.510288e-09
8.132286e-12
0.9999993
2.7626098e-12
4.4832114e-11
8.338975e-06
1.4367588e-07
0.9999938
2.653153e-10
2.013084e-17
1.0
3.5930293e-11
4.9484524e-06
0.0028359217
0.9980876
0.99900085
7.827492e-11
0.9999999
1.1671752e-12
1.8542713e-13
0.00642301
1.0
7.5249903e-13
1.0
1.0
7.571839e-13
1.2792867e-13
1.0
7.1896607e-13
1.0
1.080285e-11
0.96339107
4.673051e-09
1.2161107e-11
0.9999993
2.2463835e-09
1.003454e-12
0.8702506
0.9999999
1.6917035e-11
2.10122e-10
1.0
0.9999951
1.0
0.9999993
1.0
0.9999877
1.0
3.926962e-12
1.0
6.3734776e-13
3.3405584e-06
2.450303e-11
1.787349e-09
1.0
5.488345e-12
0.99999917
0.99991584
1.4536234e-12
2.1057221e-13
7.832159e-09
8.621034e-12
1.0
1.2270465e-09
0.99998844
9.212199e-13
9.637037e-11
1.0
0.99992204
1.0
0.9981177
4.852378e-09
0.99991834
1.1821679e-09
1.3126302e-07
1.8057223e-09
0.00017177043
4.7921996e-12
0.99999774
3.0123237e-13
2.1784222e-11
8.481736e-14
0.0012866436
0.99999964
1.0
0.9999982
1.0
0.9999994
0.9925528
0.9997683
0.9999999
6.480641e-09
0.99524117
1.0
7.82317e-13
0.69525903
1.0
3.4712308e-14
0.9999988
3.2673916e-12
0.99999976
1.0
1.0
1.0
1.0
0.9999987
8.121342e-12
4.894716e-14
4.3695127e-11
7.629145e-13
2.7935e-09
2.3482878e-09
5.362504e-13
1.0
0.9999994
0.9972283
2.1123629e-10
7.0053355e-12
6.9126635e-08
4.4546336e-10
1.8317701e-13
0.00084775395
1.0508634e-11
0.9999167
9.077378e-08
0.9999999
3.1110663e-12
0.58982044
1.0
1.0
1.0
9.852987e-12
0.9999442
5.0306863e-07
0.9974099
1.2539857e-13
1.3463495e-09
1.8216522e-13
1.3816739e-11
1.0
2.0107598e-12
4.704174e-08
1.0
1.0
1.0
2.8504716e-13
0.99998546
0.9998698
1.0
4.4061878e-14
4.1736044e-14
1.0
0.00025972075
4.8315795e-13
3.5170342e-06
0.83600765
0.9999962
2.1726584e-11
3.976207e-09
0.99999404
0.997077
9.412582e-13
0.9999995
3.7085854e-10
6.2347496e-09
6.584676e-14
1.0
1.0
2.0670757e-12
8.491339e-13
8.713871e-09
0.99987435
0.000324706
0.99961334
7.410072e-11
0.99977523
4.9035744e-14
6.4910166e-10
1.0
1.0
1.0
1.0
0.0009447244
1.0
5.8175134e-13
7.1595148e-09
4.2084356e-13
0.9999999