0.7375303
0.7949387
0.19612172
0.8060336
0.23814575
0.13788101
0.13434875
0.8380683
0.19251479
0.5788603
0.12192171
0.124684535
0.12604909
0.23377976
0.80424947
0.12560844
0.10776786
0.6994659
0.1566459
0.7034817
0.7914719
0.1132798
0.19907215
0.120475255
0.13756545
0.15470076
0.7179
0.6900106
0.2524019
0.78206193
0.11936895
0.26223296
0.6892038
0.25335687
0.1988754
0.23548572
0.8048784
0.8225982
0.8658625
0.74123365
0.14407428
0.7048967
0.13503
0.21673328
0.12123519
0.15177628
0.77395916
0.782979
0.13945387
0.81780183
0.6931066
0.11896757
0.74483067
0.6898248
0.71274364
0.1423704
0.6189869
0.19841331
0.1391551
0.14343417
0.7267372
0.7584218
0.67605674
0.21636426
0.6828973
0.75487715
0.84460056
0.1452794
0.682413
0.7651298
0.7420437
0.17764531
0.77147925
0.5132264
0.13704133
0.12795614
0.12368025
0.656185
0.20302512
0.23350511
0.12203367
0.13111907
0.23626493
0.7754329
0.7060717
0.14702487
0.72348255
0.808047
0.619749
0.65793085
0.14282182
0.14319564
0.7542711
0.84676117
0.14214846
0.13981286
0.65814775
0.6657095
0.90366095
0.73311794
0.23049243
0.23540764
0.12676837
0.12743412
0.21987396
0.1051011
0.12092505
0.7599714
0.70941114
0.86749303
0.14417636
0.21930067
0.797322
0.119021654
0.25516388
0.12345322
0.12559792
0.21065864
0.760566
0.6429203
0.72693515
0.7824156
0.16324776
0.8536556
0.16173539
0.76688087
0.14201932
0.12512095
0.11909998
0.6178708
0.67006886
0.6408857
0.13057275
0.6288817
0.11238653
0.12770513
0.6999924
0.7333174
0.20985335
0.119414896
0.81491446
0.12749249
0.8217798
0.124150254
0.7763584
0.11829682
0.14407283
0.18715107
0.4787324
0.08214174
0.79291415
0.8082132
0.19763158
0.1278773
0.1557402
0.22502263
0.81748337
0.12755153
0.11262868
0.67343205
0.77047354
0.881236
0.60885084
0.7689847
0.7591763
0.1408995
0.8608508
0.72159964
0.15705468
0.13453825
0.13580717
0.24754582
0.14707474
0.64156306
0.15950696
0.13380036
0.15038447
0.8019893
0.19119154
0.1305462
0.447847
0.117281824
0.10791795
0.81599736
0.63307226
0.7378241
0.22980936
0.19603492
0.124024525
0.86003584
0.14923176
0.8508736
0.7905713
0.73131967
0.14781292
0.12531506
0.24896348
0.6403102
0.20827241
0.12559608
0.18004002
0.72697574
0.69667715
0.7813864
0.78707635
0.75228405
0.15391241
0.82299274
0.15730686
0.17479323
0.25844955
0.21719113
0.82847834
0.24821028
0.21260993
0.26257828
0.13786227
0.6227698
0.16093113
0.1490871
0.23174489
0.7674673
0.16822603
0.13724852
0.11899196
0.80643874
0.67461884
0.1677089
0.228968
0.12832917
0.6833238
0.18677488
0.6217597
0.2418683
0.70255643
0.3160303
0.76212144
0.86622924
0.1346117
0.118926995
0.15420148
0.12433653
0.7063709
0.7055318
0.6309276
0.14515969
0.21517313
0.10789475
0.26103926
0.6640454
0.9024758
0.1389548
0.6717838
0.17540228
0.13610214
0.13026367
0.68249255
0.758345
0.8571676
0.7832173
0.8236792
0.14700484
0.7711955
0.6132543
0.5838467
0.1453671
0.11012463
0.1262306
0.6774383
0.71541446
0.26315448
0.7221428
0.12298233
0.14860702
0.69001037
0.71008795
0.6520223
0.15653746
0.73288506
0.7741419
0.8444729
0.826765
0.133482
0.12235992
0.5898973
0.7928038
0.2269173
0.80102974
0.15700361
0.21616901
0.7862064
0.5853219
0.7905388
0.12918234
0.75225747
0.15920985
0.6989387
0.6902556
0.13815337
0.9018266
0.21383479
0.13351403
0.7511062
0.8012912
0.7953205
0.18676482
0.7205895
0.15525308
0.7971673
0.13455783
0.133916
0.7748244
0.89025146
0.6488272
0.81527007
0.12521397
0.15078217
0.12819403
0.72559625
0.12596273
0.14650512
0.1470952
0.13317117
0.14969584
0.8273812
0.69244015
0.15644479
0.15564542
0.23737285
0.7676276
0.6761273
0.10468999
0.8043828
0.7947987
0.72949
0.22450328
0.6826948
0.7596225
0.14631513
0.11424418
0.118666515
0.14410406
0.70709836
0.23703334
0.72847664
0.70268244
0.6632319
0.8202089
0.7468868
0.69053316
0.60511225
0.120260105
0.76437783
0.2345475
0.716682
0.13204111
0.11964738
0.809298
0.79811513
0.8338406
0.19131993
0.7391978
0.16173345
0.11873306
0.12851842
0.22345681
0.7140989
0.16493976
0.13190213
0.22370583
0.18068868
0.13969095
0.8513771
0.15096073
0.123077646
0.16779105
0.65991974
0.66441685
0.12622827
0.14395769
0.88524395
0.65366226
0.75382835
0.14341775
0.18251956
0.64711374
0.77260923
0.22523841
0.15612149
0.5936421
0.82116616
0.1610014
0.11479935
0.102933206
0.20931181
0.6550497
0.71626073
0.15475519
0.11074332
0.16093488
0.10923966
0.72407705
0.6506511
0.21035622
0.63847125
0.29559666
0.7786924
0.8229293
0.80440646
0.22903389
0.8162459
0.1762497
0.8111504
0.7785136
0.115581505
0.12266144
0.67521983
0.11828324
0.83888733
0.13456698
0.12759781
0.21994606
0.12459656
0.12802394
0.78486913
0.9085829
0.7658884
0.2007518
0.16763055
0.14825913
0.1253525
0.7052368
0.22586393
0.6802485
0.1495264
0.12880057
0.7752977
0.7539204
0.67082405
0.23608144
0.12119626
0.14826591
0.11275519
0.65453416
0.84822726
0.20467696
0.78148115
0.84902394
0.21031882
0.75508296
0.6674141
0.2854917
0.52019787
0.15222551
0.75914466
0.13081618
0.8734273
0.7479465
0.1496016
0.106957346
0.83929515
0.8420974
0.12606835
0.7581769
0.15128644
0.7672982
0.67235404
0.65713596
0.1315346
0.17652938
0.23227042
0.116110854
0.77307916
0.79372543
0.12706634
0.6306272
0.76535195
0.1311226
0.74539816
0.1821477
0.14854823
0.22539404
0.21428126
0.82077557
0.13102977
0.16470818
0.18148057
0.7208109
0.63439673
0.20741934
0.6391996
0.7499239
0.8230847
0.7769021
0.29613292
0.28035545
0.78211534
0.19526306
0.1583694
0.69542056
0.20644966
0.75138474
0.15105094
0.12542725
0.67825776
0.5926673
0.13956167
0.28240347
0.1262822
0.59227383
0.14493005
0.7827409
0.14410259
0.80831456
0.22016822
0.24150626
0.74596995
0.10768445
0.12195402
0.12705585
0.8308681
0.7304438
0.21430896
0.74629927
0.89184797
0.5767679
0.22354338
0.13039982
0.80046564
0.13758299
0.76083606
0.2573143
0.121049576
0.22207496
0.13238741
0.11878986
0.18753743
0.28141528
0.10812553
0.7730514
0.18623058
0.628058
0.26647618
0.77651554
0.21377435
0.13519897
0.13239
0.106063426
0.12238586
0.7838655
0.11433746
0.107997075
0.1857722
0.75523514
0.8354634
0.22102687
0.13381524
0.051428176
0.09925464
0.7947332
0.13379039
0.7420345
0.6742534
0.23298438
0.71488625
0.14858444
0.713229
0.7946282
0.12517361
0.77349997
0.72947973
0.11160662
0.67949885
0.11911351
0.80797327
0.7532089
0.6699634
0.67816347
0.6231818
0.14719418
0.12945437
0.10761143
0.1165578
0.105458446
0.84279877
0.5896377
0.14572152
0.741512
0.12890874
0.86023694
0.14504604
0.12942767
0.16074602
0.696333
0.7368269
0.17111288
0.19454767
0.11321302
0.81118417
0.112692356
0.9227498
0.8810359
0.770241
0.1254033
0.6862382
0.13182072
0.19014426
0.2544926
0.13320267
0.6589632
0.13787487
0.6670003
0.12632239
0.7927879
0.7284689
0.14857867
0.1502177
0.13041477
0.8055831
0.658916
0.63090956
0.18708493
0.09276389
0.7785503
0.57262164
0.74171984
0.11112138
0.6765167
0.6994876
0.23693846
0.14359266
0.22491972
0.849822
0.6703192
0.25324935
0.7982525
0.7120513
0.1318279
0.15189998
0.12951046
0.6866168
0.14582151
0.65347296
0.86770344
0.15414843
0.12213434
0.19919156
0.14334437
0.85376436
0.6373596
0.7476423
0.67943424
0.20387393
0.8561629
0.18592067
0.8348679
0.76453644
0.903608
0.15448713
0.17442638
0.21240635
0.12094495
0.6554809
0.60203487
0.18299389
0.77023834
0.10879862
0.11693255
0.73475444
0.1998674
0.67710733
0.69819057
0.12630405
0.6130946
0.66949666
0.6756452
0.58666724
0.1555927
0.6766176
0.82088023
0.73616326
0.11005042
0.7160236
0.8620756
0.67537093
0.7617642
0.61857545
0.8040128
0.7065507
0.12449453
0.16245772
0.7009475
0.109878935
0.15884465
0.1640399
0.121304795
0.14067417
0.11682473
0.80352837
0.6240002
0.1791821
0.81875783
0.8042799
0.20430069
0.11807717
0.69970757
0.13332039
0.8409462
0.82793707
0.7700435
0.6875503
0.69687307
0.12316926
0.14328606
0.7836019
0.25041783
0.16763812
0.6385996
0.12402662
0.6882282
0.12315079
0.15053853
0.7239282
0.10383448
0.13934429
0.11436715
0.14249311
0.21137592
0.13851923
0.20245774
0.77725756
0.62810844
0.21899688
0.09833748
0.58668727
0.14709544
0.118447
0.8635378
0.8064617
0.1581386
0.61905164
0.25444987
0.73747826
0.13640769
0.9364355
0.6466426
0.11982823
0.2216023
0.12624142
0.20020345
0.112263225
0.13345526
0.11081277
0.6413168
0.65790856
0.14102618
0.7174094
0.14956345
0.1211887
0.1843708
0.17947295
0.6474535
0.6748314
0.6622754
0.12750098
0.16308342
0.14097545
0.6803681
0.122545555
0.7360379
0.10582089
0.11483306
0.8914399
0.12736438
0.13924238
0.74908733
0.87264854
0.23744689
0.7086968
0.1060119
0.11968744
0.7579984
0.6872462
0.66831166
0.12448258
0.78907794
0.85371894
0.7420843
0.7780906
0.18325646
0.8643853
0.7407893
0.84917796
0.120951585
0.28587344
0.11939815
0.22129212
0.12921876
0.86891246
0.14557178
0.8476733
0.2147999
0.70265377
0.82018256
0.11608657
0.14804399
0.14488916
0.6787046
0.8877464
0.7443938
0.8462516
0.7774817
0.649997
0.79437953
0.1436334
0.2102759
0.6691834
0.6594456
0.1103952
0.6933275
0.6429934
0.85188305
0.7183741
0.12619661
0.13545135
0.6337639
0.79533625
0.10557207
0.6765209
0.2182868
0.75599843
0.14099243
0.14470805
0.68943346
0.6731131
0.61516887
0.79672647
0.659159
0.13707763
0.12429615
0.1308251
0.78827804
0.8369307
0.26111886
0.8628496
0.73689103
0.70398915
0.8463683
0.7688117
0.126623
0.25813654
0.8455335
0.13672829
0.1821675
0.12784913
0.8291769
0.13016832
0.118907526
0.13194008
0.24171826
0.8620049
0.19651973
0.69598
0.18442109
0.78196704
0.15397899
0.19474605
0.27925354
0.17431349
0.133464
0.12660891
0.69255877
0.21686022
0.743035
0.12453512
0.8232124
0.22480969
0.20178
0.16603561
0.59254754
0.6445793
0.17194845
0.6848344
0.1516379
0.21023807
0.11075617
0.8667408
0.223477
0.6902859
0.18871
0.29561612
0.8783483
0.11797604
0.76483667
0.6941694
0.6585856
0.71358883
0.123540655
0.7501107
0.7412984
0.6546032
0.10903206
0.74607605
0.66338444
0.7793526
0.7812437
0.12577933
0.70409125
0.69134766
0.2465269
0.8119819
0.1396053
0.15263568
0.10519896
0.6550361
0.82329947
0.6733179
0.1872127
0.7903849
0.77465636
0.12217637
0.8690188
0.79532605
0.64485127
0.66107655
0.7019428
0.22389087
0.14088427
0.73180383
0.21294883
0.81039435
0.1875918
0.7955768
0.8530345
0.698568
0.841287
0.14382727
0.8349919
0.87505007
0.12036878
0.72237843
0.13668528
0.12289368
0.13684252
0.10725448
0.23245908
0.1125061
0.7494064
0.75174314
0.7452251
0.14876476
0.64213324
0.6586068
0.1576221
0.1302298
0.7300362
0.8017969
0.19140604
0.7186495
0.7797216
0.54755884
0.1278671
0.76737344
0.15574083
0.82654
0.15874602
0.13015947
0.22211972
0.7149719
0.11908117
0.874926
0.22252454
0.63561684
0.25232127
0.14039238
0.65993947
0.8717502
0.1634808
0.837885
0.704043
0.12252112
0.8064074
0.11854459
0.12993884
0.26808032
0.22970505
0.57681113
0.7034571
0.7932617
0.68970907
0.73145294
0.21554917
0.83611035
0.13648409
0.7770931
0.19727792
0.2509757
0.12665306
0.13045676
0.91484576
0.24567948
0.77401793
0.12639447
0.7485678
0.69550776
0.14316958
0.61403364
0.13839327
0.2105644
0.7102679
0.1270375
0.12357714
0.6192899
0.8156952
0.21998867
0.68836033
0.8811773
0.13976273
0.22129485
0.77583843
0.30890992
0.23447596
0.12943283
0.13213037
0.23907755
0.23417601
0.22697133
0.74732643
0.85234755
0.71282095
0.11100115
0.21647963
0.7425098
0.15706246
0.12678762
0.7491612
0.14353487
0.611063
0.8027073
0.7554507
0.77961904
0.14244045
0.119530044
0.71362287
0.7893778
0.7381316
0.75453323
0.7777164
0.23223652
0.7785641
0.14716828
0.8173442
0.8540962
0.106846504
0.196424
0.14669268
0.11766334
0.8193327
0.7111598
0.7525863
0.22105978
0.8027131
0.106814615
0.7693655
0.12163202
0.71870005
0.71905655
0.78196555
0.7978233
0.7561895
0.12456086
0.22307034
0.13842367
0.65902317
0.7514218
0.6995155
0.12216753
0.80573237
0.8074649
0.8726699
0.13693462
0.7117436
0.159469
0.70837766
0.74513304
0.81277615
0.13792041
0.29879588
0.7226504
0.12368527
0.118327774
0.12657593
0.70845956
0.18539193
0.59506744
0.73667926
0.5424767
0.18282293
0.089558244
0.71562874
0.71788657
0.11294145
0.7016505
0.6889407
0.13725308
0.12429777
0.16320837
0.1143863
0.5944333
0.23097447
0.15319693
0.7421046
0.67770123
0.13216275
0.13910733
0.7109058
0.14406924
0.6827426
0.1540088
0.14807907
0.16935194
0.119402036
0.7895334
0.12700298
0.1330077
0.7042442
0.13666987
0.11603203
0.71066076
0.5902244
0.16841467
0.13878289
0.25604853
0.24514495
0.61200964
0.6992596
0.6812045
0.12429838
0.7085721
0.1089248
0.7299695
0.15435876
0.8069784
0.7498874
0.6971852
0.7419286
0.13112076
0.13607545
0.23345909
0.75473887
0.2560748
0.6484132
0.43650422
0.61935776
0.25351286
0.5427992
0.8362794
0.24303977
0.71273863
0.6712831
0.79304147
0.77569073
0.81219214
0.14245147
0.14149782
0.73971254
0.16135111
0.13196297
0.1264503
0.17666434
0.71150625
0.64858896
0.8871391
0.7274674
0.11935752
0.85291463
0.13744614
0.18287557
0.13574648
0.77903336
0.10480701
0.12804976
0.22195297
0.8783913
0.11808293
0.22296003
0.115634315
0.13241415
0.11328312
0.11761256
0.13918531
0.7477639
0.11716974
0.77120405
0.1265219
0.21269588
0.11840876
0.699929
0.6937004
0.12884076
0.13692199
0.7924605
0.62443805
0.12124528
0.12700345
0.14467798
0.21857168
0.7081325
0.8704468
0.12405901
0.686944
0.5906093
0.7382226
0.14634538
0.7997594
0.13048247
0.12717184
0.8271922
0.8548323
0.12932864
0.20075703
0.7467877
0.13276325
0.11324806
0.113805786
0.19930263
0.8413924
0.80974334
0.119750924
0.31305665
0.8102793
0.13143523
0.834652
0.7407508
0.12959865
0.15080896
0.76770526
0.10381396
0.14458923
0.7894981
0.22387852
0.7471552
0.12817968
0.11490723
0.12668216
0.06665199
0.13161689
0.57079315
0.17089605
0.1363629
0.27220035
0.8221812
0.89510167
0.7769428
0.6768974
0.26995033
0.13573867
0.7181639
0.1379351
0.23301409
0.16317296
0.23271312
0.8308058
0.21576874
0.033154532
0.69852954
0.2148686
0.16184373
0.6941935
0.73208445
0.82475597
0.15378916
0.7356822
0.14422141
0.21994308
0.6700295
0.69317156
0.11455981
0.76228803
0.7267975
0.13288693
0.10899892
0.73252016
0.12068521
0.8079031
0.108909436
0.64241457
0.19779335
0.13111931
0.80111015
0.12300843
0.13667877
0.6556923
0.76839256
0.15149894
0.13551208
0.84109366
0.7456137
0.7036576
0.7089839
0.7851157
0.7381918
0.78942436
0.13012137
0.850814
0.119577944
0.28978875
0.13371012
0.12875713
0.81991535
0.13700427
0.71123284
0.8214573
0.13156083
0.12426081
0.14362575
0.13574065
0.66920084
0.14798065
0.80116886
0.14091358
0.21436766
0.7098407
0.84332323
0.71266264
0.73190546
0.14804426
0.6754441
0.17698604
0.16154149
0.10798926
0.21712574
0.1267644
0.6720351
0.22131193
0.18729141
0.10683498
0.57398814
0.72318465
0.6215107
0.71762824
0.78835154
0.75002694
0.7267436
0.7318136
0.60466117
0.15128537
0.6961821
0.7439189
0.12911305
0.68307024
0.64867437
0.11646302
0.7405149
0.10910538
0.7998018
0.8251358
0.77952725
0.80245006
0.87164646
0.75638914
0.10178312
0.111812495
0.1297417
0.10013956
0.20873365
0.16977397
0.14299676
0.6706038
0.7834869
0.67400235
0.18693043
0.2340869
0.1062747
0.23343047
0.199475
0.6195003
0.14419669
0.78833246
0.14152263
0.63882756
0.1065838
0.54395664
0.80389154
0.79349846
0.8839791
0.12555918
0.7523455
0.15831254
0.6777469
0.15642513
0.15209216
0.11959667
0.23557158
0.7581584
0.13311723
0.21604529
0.7704317
0.77576697
0.87471896
0.13562374
0.7769794
0.6662031
0.87906086
0.11715841
0.08231449
0.77517694
0.20199153
0.10889264
0.25586963
0.6210855
0.79244685
0.20762248
0.17676473
0.6801638
0.79866916
0.11908494
0.8357075
0.22840795
0.12039569
0.1319157
0.8195941
0.7666526
0.11037035
0.12884137
0.16893603
0.7589534
0.15063654
0.7436008
0.18245424
0.87677467
0.094372645
0.17267075
0.7723432
0.77807754
0.61294466
0.80323464
0.69236565
0.8621421
0.110048674
0.15482476
0.12846701
0.7068577