1.0
1.0
4.8337673e-23
1.0
3.3577212e-21
6.6037326e-21
7.730536e-21
1.0
4.4164832e-23
0.99867755
4.0571566e-22
9.107794e-20
2.2181163e-21
2.8099816e-12
1.0
2.526454e-19
4.242663e-21
0.9999999
2.622191e-07
0.9999671
0.99911255
5.5931954e-21
8.808722e-24
5.974077e-23
7.4067885e-20
5.357528e-08
0.14941543
0.99999094
1.5220099e-09
1.0
2.2222313e-22
2.0910166e-18
0.004959202
7.977533e-08
5.995694e-24
7.3555355e-22
0.999998
1.0
1.0
1.0
9.180442e-15
0.030977625
2.6297197e-22
9.6166145e-23
2.9535619e-22
7.8231015e-19
1.0
0.9996087
1.2288513e-18
1.0
1.0
1.5107902e-21
1.0
1.0
0.908594
4.10126e-20
1.0
7.921884e-05
3.3731414e-20
9.282974e-11
1.0
1.0
1.0
2.6865255e-19
0.9999137
0.9610378
1.0
4.994436e-18
0.99998176
1.0
1.0
5.0699125e-11
1.0
0.35078347
1.8834157e-23
4.3096914e-20
2.6629417e-22
1.0
1.772199e-20
1.6608426e-21
2.7686242e-19
2.6401846e-21
8.755101e-21
1.0
1.0
7.718547e-20
1.0
1.0
1.0
0.99996734
6.68599e-20
5.593433e-20
1.0
1.0
3.5900393e-24
7.6876144e-10
1.0
0.9999685
1.0
1.0
1.0271619e-20
7.560805e-19
2.780527e-22
5.8487723e-22
3.0992997e-22
1.3220079e-23
1.6220729e-20
0.9999993
1.0
1.0
4.7504216e-11
5.3364737e-21
1.0
1.003785e-20
2.6945117e-18
1.3487175e-19
4.959973e-19
0.0004445674
1.0
0.9996055
1.0
1.0
3.1115868e-13
1.0
3.1176106e-13
1.0
1.2558698e-16
1.1037014e-18
3.5343864e-21
1.0
0.99999976
0.99996865
1.8567192e-18
0.99998474
2.0502869e-22
4.81888e-20
0.02590596
1.0
7.805982e-21
4.793067e-20
1.0
7.433534e-21
0.9999887
7.034838e-22
0.9999697
8.910131e-19
1.3322355e-21
1.226853e-23
2.7123857e-13
3.9641952e-25
1.0
0.99999785
2.8125425e-21
6.979037e-19
1.4622077e-08
6.4390023e-22
1.0
5.1558363e-22
1.365932e-21
1.0
1.0
1.0
0.95264405
1.0
1.0
2.9380827e-18
1.0
0.9999969
3.2551027e-18
1.1063491e-17
2.8801108e-19
9.861756e-18
3.375585e-10
0.5511641
7.2202205e-10
2.2169395e-22
7.607121e-12
1.0
2.320366e-14
1.3569073e-19
0.8909713
4.0548978e-22
1.1071153e-21
1.0
0.99999464
1.0
2.7482167e-22
4.8959728e-23
2.845916e-19
1.0
6.5131704e-20
1.0
1.0
1.0
6.1402167e-10
3.891284e-20
8.288223e-19
1.0
2.5793805e-20
3.0299425e-22
6.089973e-09
1.0
1.0
1.0
1.0
1.0
2.3118611e-11
1.0
3.2186738e-09
8.457301e-09
2.1065382e-20
7.8630266e-23
1.0
6.0168697e-15
2.9130047e-19
5.464075e-18
2.8197402e-21
0.00054012047
3.2572498e-19
2.2482324e-19
1.9165435e-13
1.0
2.0089885e-16
2.3609012e-22
6.263792e-22
1.0
0.99999845
8.9462964e-07
4.8281307e-22
2.3339476e-22
1.0
3.3283105e-23
0.36311918
1.4157988e-16
0.9995384
1.4410635e-11
1.0
1.0
2.1971952e-23
5.3922155e-21
2.5909715e-17
1.0893573e-20
1.0
0.99999774
0.9999994
2.0162561e-19
2.7216544e-22
2.1130478e-10
7.175702e-20
0.0076681054
1.0
4.5344e-21
0.9893702
1.705279e-24
5.3826153e-22
6.555771e-20
1.0
0.9997975
1.0
1.0
1.0
4.764117e-21
1.0
1.0
0.9897279
5.5980025e-12
1.5904314e-21
1.7732675e-20
0.5131006
1.0
6.268964e-08
0.931291
2.3160357e-19
1.8870829e-16
0.99950063
0.00022097645
0.27095473
6.230221e-20
0.99999857
0.99999106
1.0
1.0
1.0161084e-22
2.4655174e-21
1.0
1.0
2.0321683e-21
1.0
2.6916221e-20
8.4263456e-22
0.99540776
1.0
0.99621
1.05946836e-20
1.0
2.0787988e-08
0.13758671
0.9999999
1.31305e-18
1.0
5.950438e-18
7.841502e-20
0.36520433
1.0
1.0
2.6803574e-08
1.0
2.306908e-09
1.0
3.9710803e-18
2.0187639e-20
0.6863831
1.0
1.0
1.0
1.7945262e-20
2.0613025e-17
7.3977843e-19
0.99999976
1.5016559e-19
6.373054e-20
1.955113e-12
3.0236398e-21
4.721852e-21
1.0
1.0
1.4884968e-10
3.523655e-22
7.589388e-18
0.9999832
0.98330516
5.28578e-22
1.0
1.0
0.6544227
5.0671967e-22
1.0
1.0
1.4182978e-10
3.5446616e-21
5.3617762e-21
8.277733e-19
1.0
6.7007955e-21
1.0
0.96960104
0.9996927
1.0
1.0
1.0
0.999876
8.202285e-21
1.0
2.75153e-23
0.9999999
5.095699e-19
1.3376909e-19
1.0
1.0
1.0
1.4272101e-09
1.0
2.8373877e-17
1.3490351e-21
7.861214e-19
3.8902433e-21
0.99997246
1.28456e-14
2.2072446e-21
1.2067209e-18
1.2816223e-23
6.081674e-20
1.0
3.1141987e-21
5.302138e-22
2.2894736e-14
1.0
0.9951681
7.9492905e-21
1.957172e-16
1.0
1.0
0.99952614
1.6579703e-19
1.6647062e-20
0.99988484
1.0
8.290369e-20
3.929669e-11
0.9999999
1.0
3.4177664e-14
1.2705486e-22
4.87139e-12
6.008794e-23
1.0
0.99999785
2.497868e-19
1.5491741e-21
6.615635e-13
1.7875271e-23
0.99952483
1.0
1.2812528e-20
0.99985445
2.801946e-10
1.0
1.0
1.0
2.2976464e-17
0.9999981
3.0549588e-26
1.0
1.0
2.9801128e-22
4.4523493e-21
0.99999976
2.8989772e-22
1.0
3.1697522e-20
1.941454e-22
1.121576e-22
6.9938786e-20
1.9027802e-19
0.99999917
1.0
1.0
1.05217334e-22
6.3311384e-11
1.2574453e-07
2.2258306e-20
1.0
8.577467e-24
0.00079827226
8.019594e-12
3.999841e-20
1.0
0.94233567
0.999711
1.6719795e-21
7.718211e-23
9.163814e-13
1.2958007e-22
1.0
1.0
3.7555925e-15
0.9999999
1.0
1.071286e-21
1.0
1.0
1.1341859e-06
0.9986726
1.1324369e-20
0.020544723
2.4272575e-20
1.0
0.99997866
7.424015e-20
1.9429568e-23
1.0
1.0
8.671139e-22
0.999022
9.525354e-20
1.0
0.9999999
0.017032316
2.7942557e-21
6.355459e-18
1.0766166e-20
1.0877455e-21
1.0
1.0
1.37989e-20
0.9999397
0.9999691
4.1628e-18
1.0
2.4054455e-07
5.3763113e-16
4.7256514e-22
2.1992299e-18
1.0
1.7263996e-18
2.482379e-12
1.5360331e-11
1.0
1.0
4.6468603e-19
0.97302306
0.9997886
1.0
0.9999995
4.6772017e-05
1.3943563e-07
1.0
6.890951e-17
3.2799967e-13
0.9997149
1.255905e-21
1.0
2.62897e-20
1.2527948e-21
0.9999999
1.0
3.8649883e-16
7.104717e-21
5.782418e-22
0.36437145
8.38065e-18
0.9995198
1.9717641e-22
1.0
2.6386327e-22
4.844146e-21
1.0
1.7999916e-11
2.0377409e-22
5.100695e-20
1.0
0.028684217
4.2935695e-16
0.9999995
1.0
0.9999944
2.4754194e-12
1.0375461e-21
0.9999982
2.2348516e-18
1.0
6.7491787e-21
5.7808e-25
1.4296857e-18
1.1000266e-20
6.251689e-22
7.2171e-20
4.6870278e-07
1.9678257e-23
1.0
4.8332904e-22
0.9999999
3.1400264e-20
1.0
2.1099852e-23
2.6987606e-14
1.0016004e-21
1.0554868e-20
3.8827264e-21
0.9999988
6.888778e-22
2.835524e-19
1.5655e-20
1.0
1.0
1.0504539e-20
2.6125657e-19
2.8798348e-20
1.1434616e-22
1.0
3.8062336e-21
1.0
2.6392201e-05
2.2900378e-21
1.0
8.8688366e-17
0.99999726
1.0
5.9974193e-21
1.0
0.9999633
4.534724e-23
0.99999225
1.31603725e-20
1.0
0.99999976
1.0
0.99999857
1.0
2.409458e-08
1.7123412e-21
4.9779107e-24
3.6499635e-20
8.0752457e-13
1.0
0.97936606
3.0274255e-21
0.9738322
6.7404374e-19
1.0
1.9819295e-22
1.5401427e-19
7.358261e-21
0.0035282618
0.9999994
8.391961e-21
1.5003601e-10
2.058594e-22
1.0
5.036176e-20
1.0
1.0
0.9978544
8.380085e-23
0.99947006
1.3406935e-21
2.2896196e-20
6.9157247e-19
3.114212e-20
1.0
1.1087786e-17
0.9877015
2.6117186e-19
0.9999243
0.5611528
5.965728e-20
5.6701432e-11
6.934662e-20
1.0
1.0
1.0
1.135637e-22
6.4877713e-22
0.99992824
0.9132766
1.0
3.0409676e-21
0.99999607
0.9872476
4.5107177e-19
5.606977e-20
4.3278257e-22
1.0
1.0
4.4872873e-13
1.0
0.9999964
1.789386e-12
3.3762513e-12
2.2493635e-20
0.9999999
8.27847e-24
0.9907776
1.0
3.941393e-19
2.1326603e-22
2.7751318e-08
3.1107213e-20
1.0
0.99999857
1.0
0.99999976
1.2595046e-19
1.0
2.257975e-15
1.0
1.0
1.0
1.1494616e-15
6.3168264e-13
6.3962584e-22
1.155614e-20
1.0
0.9865943
3.7857187e-19
0.99999976
2.99262e-23
4.665966e-22
1.0
2.6489663e-25
0.9999908
1.0
2.2900924e-19
0.99998045
0.9999933
1.0
0.002572846
3.1589569e-15
1.0
0.9999751
0.15267234
1.1223133e-20
0.45338935
1.0
0.9999994
1.0
0.99999964
1.0
1.0
3.7195877e-17
1.5773058e-09
0.99999976
3.9071213e-22
2.6077937e-21
2.413962e-07
7.6697624e-21
7.786473e-21
6.607768e-20
1.0
0.99484444
5.9698366e-24
1.0
1.0
2.714132e-07
1.5485951e-21
1.0
1.3699927e-20
1.0
1.0
0.99999845
0.13193874
1.0
1.7997766e-21
7.961308e-21
1.0
1.5266008e-20
7.695413e-19
1.0
1.3927504e-21
0.9627146
4.212361e-21
6.1315254e-20
0.9902512
7.555056e-22
5.662714e-20
8.6546195e-21
4.7356404e-18
1.4624714e-21
1.5553689e-20
1.3797292e-09
0.9999913
1.0
7.627547e-20
9.784057e-22
1.0
3.5330456e-17
8.256402e-22
1.0
1.0
5.403295e-13
1.0
1.5214167e-18
1.0
4.7244287e-21
1.0
0.0001225669
1.383986e-20
2.370304e-22
1.566777e-22
2.4866103e-20
8.287614e-21
7.3578644e-22
1.3557722e-22
0.9999902
0.2001973
6.75498e-19
0.99960524
3.249462e-08
6.5136364e-22
1.4402326e-20
6.535762e-11
1.0
1.0
0.9998554
1.3648285e-20
1.8919236e-19
8.515237e-15
0.9999999
1.1059587e-21
1.0
2.0425506e-22
4.0158685e-25
1.0
1.4629623e-21
6.72125e-21
0.99999976
1.0
1.0249405e-24
1.0
4.3195108e-23
5.768748e-18
1.0
0.054626334
0.9999999
4.955105e-22
1.0
1.0
0.9999294
1.0
4.991861e-08
1.0
0.99999714
1.0
4.674068e-16
1.5140967e-06
1.7139712e-18
6.349049e-22
1.0641141e-20
1.0
4.8215095e-20
1.0
5.5187676e-19
0.99918455
1.0
1.4305885e-22
1.3137105e-19
2.0758343e-20
0.98599315
1.0
1.0
1.0
1.0
0.9999994
0.9997546
3.475639e-20
1.1324175e-16
0.9999969
0.99329174
2.8522042e-22
1.0
1.0
1.0
1.0
7.364716e-22
1.901586e-12
0.99999976
1.0
6.598211e-23
0.5278015
8.4931836e-21
1.0
7.4960375e-21
1.2920202e-14
1.0
0.99998724
0.0019608962
1.0
0.9999608
8.5265356e-18
6.91363e-22
3.0003584e-08
1.0
1.0
2.7162135e-19
1.0
0.9999999
1.0
1.0
1.0
1.7497081e-21
1.842345e-13
1.0
2.0557024e-18
1.2326794e-08
5.3561956e-21
0.9999492
1.215534e-21
3.8870413e-20
1.0726442e-20
7.204316e-18
1.0
1.046577e-22
0.9999994
6.898991e-08
1.0
1.5854669e-10
1.3317413e-23
8.81648e-33
1.0986456e-15
7.9083944e-22
6.9733057e-22
0.8311284
2.0679297e-21
0.99966776
1.8991744e-21
1.0
4.6259833e-22
2.2274102e-13
3.062723e-08
0.68901557
1.0
3.0906781e-24
0.97720534
1.3918065e-19
4.086948e-23
1.0876993e-22
1.0
3.5440666e-21
0.009143432
3.589579e-21
2.034585e-13
1.0
2.489911e-22
1.0
1.0
0.9999969
0.99999213
4.301966e-15
1.0
1.0
0.85666436
5.1222332e-23
1.0
0.009171109
1.0
1.2524862e-06
8.973269e-19
1.0
1.0
7.39984e-20
1.0
1.0448752e-19
1.6497505e-18
6.647515e-19
0.4375829
1.0
1.0
2.002662e-22
1.0
1.0
3.2385044e-19
1.0
1.0
0.99985766
0.99999917
0.99996305
1.6455253e-20
8.735994e-19
1.0
2.602596e-21
1.0
9.9696984e-20
1.0
0.9999987
0.9999995
1.0
1.020677e-22
1.0
1.0
7.023629e-22
1.0
1.1525932e-21
2.2912784e-21
1.9056805e-17
8.6172946e-21
4.2996254e-20
6.204058e-21
1.0
0.93534803
1.0
2.6866485e-19
0.99999976
0.96395576
2.543465e-18
6.4968635e-21
1.0
1.0
7.4935326e-18
0.9999988
1.0
1.0
1.1869285e-20
1.0
6.89868e-18
1.0
3.0842802e-18
1.6016392e-22
3.143295e-22
1.0
5.159968e-22
1.0
2.649708e-22
0.99999905
2.4666666e-20
2.7665744e-20
0.99999416
1.0
8.853783e-12
1.0
1.0
1.2984982e-21
0.9999964
2.039238e-18
4.2960064e-18
1.02507826e-07
5.419038e-23
0.9999374
0.007160229
0.9999999
0.9999999
0.99951005
9.164733e-22
1.0
1.8420504e-20
0.99966645
1.2225234e-21
5.819268e-20
4.7327103e-20
5.224085e-20
1.0
8.786628e-19
0.99775827
3.4484336e-20
1.0
0.98265165
1.483017e-20
1.0
8.577914e-19
2.3760564e-19
0.99999976
2.2300751e-17
5.7974375e-22
1.0
1.0
7.7671605e-21
0.0029376892
1.0
3.8552897e-21
1.5883647e-20
1.0
0.020710029
4.9488738e-21
7.6658095e-22
4.603054e-19
1.3575117e-21
2.1810979e-20
1.585128e-18
0.9999949
1.0
0.9997727
2.808487e-23
8.590115e-22
0.9999974
1.0531793e-18
1.5004025e-18
0.97965884
6.7158016e-18
1.0
1.0
1.0
1.0
9.453066e-20
7.888358e-22
0.99842215
1.0
1.0
0.99999976
0.9999939
3.636507e-22
1.0
1.4042337e-17
1.0
1.0
2.0450766e-22
2.1905113e-09
2.0683691e-16
1.1352905e-22
0.9999733
1.0
0.9999974
1.5059269e-15
1.0
2.2594426e-20
1.0
1.8916403e-21
1.0
1.0
1.0
1.0
1.0
6.7686416e-22
2.5824002e-22
7.899817e-18
0.9998505
0.99999964
0.9995023
4.8353185e-22
1.0
1.0
1.0
6.026387e-20
1.0
6.848116e-14
0.9999989
0.99999964
1.0
1.6355818e-19
6.125833e-16
1.0
9.316887e-19
2.3883687e-20
4.2259773e-21
1.0
7.25314e-10
0.17456695
1.0
0.9999988
2.4544192e-07
3.998412e-25
1.0
1.0
1.2839438e-20
1.0
0.9998728
2.5509822e-21
1.5371645e-22
9.862932e-16
2.153392e-22
1.0
1.5985933e-22
5.700911e-10
0.999995
0.9999999
3.426806e-22
2.2594598e-20
1.0
1.9322784e-21
0.99984205
2.1589813e-18
5.935877e-20
7.1756507e-19
4.788219e-22
0.9999999
1.4030093e-22
2.2069667e-21
1.0
6.4256605e-20
3.468188e-17
0.9999443
2.750358e-06
1.5724492e-12
2.2633464e-16
8.879796e-19
4.2742963e-19
1.0
1.0
0.9999994
3.3656704e-22
0.9998641
2.731628e-23
1.0
1.2387844e-07
1.0
0.99999976
1.0
0.99998677
2.1345367e-18
2.3209634e-14
9.774257e-20
0.99672914
3.8340646e-15
0.60455585
2.208382e-07
0.9778652
2.647257e-19
0.98193836
0.03873012
5.66916e-18
0.99998033
0.9951905
1.0
0.9999999
0.9999999
1.4837663e-17
1.0507945e-20
0.999962
5.8303914e-07
3.3320105e-21
5.2775936e-17
2.734865e-12
0.9957027
0.99999976
1.0
0.99999976
4.185452e-21
1.0
2.5054125e-11
8.296346e-13
1.8124716e-24
0.9999994
3.7926347e-23
1.4629074e-20
9.375603e-20
1.0
1.9383183e-20
6.2641266e-22
1.2164729e-18
7.9737736e-20
2.862461e-22
2.7120472e-22
3.103836e-19
0.9999999
5.2992696e-21
1.0
2.9663255e-19
6.1450123e-20
1.3498505e-18
1.0
0.9841955
6.5447976e-21
8.4766904e-14
1.0
0.9999999
2.3423767e-22
9.36091e-21
3.559324e-20
6.56572e-16
0.99760985
1.0
2.8071995e-17
1.0
0.99998665
1.0
1.400599e-20
1.0
8.590737e-22
2.0649039e-20
0.009186704
1.0
1.5420711e-19
8.083642e-25
0.9999999
1.4465867e-20
2.019609e-22
1.1961511e-20
9.69699e-09
1.0
1.0
8.1904436e-19
1.0260305e-08
1.0
1.013567e-18
0.039851118
1.0
8.3035944e-21
4.6741346e-18
1.0
6.352901e-22
2.1211583e-12
1.0
1.9253135e-18
1.0
2.0419361e-21
1.351641e-22
3.7766027e-19
5.3634923e-22
3.4752377e-22
1.0
1.606173e-22
1.6206643e-18
3.5132846e-08
1.0
1.0
0.9999957
0.99998116
5.0439155e-16
1.43515e-18
0.9999999
1.9498558e-22
6.037593e-20
5.5758886e-09
3.9074096e-12
1.0
2.8064245e-20
6.1673833e-23
1.0
9.445091e-22
2.1998389e-10
0.0013301027
0.99999523
0.99998415
3.1389023e-19
1.0
2.1060895e-19
3.906898e-22
0.00044071526
1.0
1.6860769e-21
1.0
1.0
6.377066e-20
4.2643037e-23
1.0
5.47565e-20
1.0
2.961574e-21
0.95385337
1.4391184e-19
2.1356097e-20
1.0
8.5656196e-19
5.620621e-19
0.96189344
1.0
8.934944e-19
2.6939719e-22
1.0
0.9999999
1.0
1.0
1.0
1.0
1.0
1.1403717e-17
1.0
4.3955954e-21
7.148109e-05
1.6796928e-17
3.1284901e-19
1.0
1.7042363e-19
1.0
0.9999999
5.8161395e-20
4.978925e-21
1.7683002e-15
1.1833214e-19
1.0
2.627259e-10
1.0
1.5365623e-20
1.3651461e-20
1.0
0.9999906
1.0
0.9998783
1.210915e-14
0.9999989
2.493994e-18
3.3016437e-10
3.956289e-20
4.0727e-08
1.5386723e-22
1.0
1.6657082e-22
4.0951905e-22
1.3881676e-21
5.1199662e-05
1.0
1.0
1.0
1.0
0.9999957
0.9973711
0.9998946
1.0
9.552908e-11
0.9999156
1.0
5.5368126e-21
0.8079127
1.0
2.2716518e-22
1.0
4.3521486e-21
1.0
1.0
1.0
1.0
1.0
1.0
1.8075445e-21
1.1980319e-21
7.6252807e-19
5.0448453e-21
6.2216915e-21
1.3246472e-24
1.6130332e-20
1.0
0.99999976
0.9999585
3.8490148e-21
3.0711528e-19
1.5246244e-17
4.8912415e-19
1.2286238e-22
1.2834465e-07
9.611421e-20
1.0
1.7106e-19
1.0
5.1901923e-22
0.008405896
1.0
1.0
1.0
3.1718556e-21
0.9996947
7.3284755e-12
0.99976736
2.3919246e-20
2.04173e-17
1.0819271e-21
4.8481624e-19
1.0
1.0833896e-20
3.8775097e-13
1.0
1.0
1.0
1.0114234e-18
1.0
0.99997723
1.0
2.1231226e-22
1.7710127e-24
1.0
0.00017210325
3.619125e-22
1.3616826e-12
0.93551075
1.0
4.55694e-22
9.651298e-10
0.9999999
0.9978169
2.092723e-19
1.0
2.9946847e-17
1.6207299e-21
2.5070297e-21
1.0
1.0
3.6918328e-20
1.82161e-21
4.807604e-07
0.9999311
1.07475024e-07
0.99999785
1.8920207e-23
1.0
1.1105313e-24
7.800756e-18
1.0
1.0
1.0
1.0
1.0171967e-05
1.0
1.4414197e-20
5.091182e-15
2.5680908e-19
1.0