1.0
1.0
0.0
1.0
0.0
0.0
0.0
1.0
0.0
0.98772556
0.0
0.0
0.0
0.0
1.0
0.0
0.0
0.99975365
0.0
0.9996871
0.99997616
0.0
0.0
0.0
0.0
0.0
0.7929616
0.9999212
0.0
1.0
0.0
0.0
7.040343e-07
0.0
0.0
0.0
0.9999994
1.0
1.0
1.0
0.0
3.3980075e-07
0.0
0.0
0.0
0.0
1.0
0.9988011
0.0
1.0
0.99999833
0.0
1.0
1.0
0.8343606
0.0
1.0
0.0
0.0
0.0
1.0
1.0
1.0
0.0
0.88957494
0.8667906
1.0
0.0
0.72271264
1.0
1.0
0.0
0.99983764
0.0026730364
0.0
0.0
0.0
1.0
0.0
0.0
0.0
0.0
0.0
1.0
1.0
0.0
1.0
1.0
1.0
0.99904174
0.0
0.0
1.0
1.0
0.0
0.0
1.0
0.9991767
1.0
1.0
0.0
0.0
0.0
0.0
0.0
0.0
0.0
0.99999964
1.0
1.0
0.0
0.0
0.99999905
0.0
0.0
0.0
0.0
0.13125516
1.0
0.9873377
1.0
1.0
2.0886977e-32
1.0
0.0
1.0
0.0
0.0
0.0
0.9999901
1.0
0.99977404
0.0
0.99994767
0.0
0.0
1.0650812e-08
1.0
0.0
0.0
1.0
0.0
0.99999857
0.0
0.9987392
0.0
0.0
0.0
0.0
0.0
1.0
0.99995863
0.0
0.0
0.0
0.0
1.0
0.0
0.0
0.99999976
1.0
1.0
6.3650286e-11
1.0
1.0
0.0
1.0
0.9999989
0.0
0.0
0.0
0.0
0.0
0.6816366
0.0
0.0
0.0
1.0
0.0
0.0
0.9466775
0.0
0.0
1.0
0.9998023
1.0
0.0
0.0
0.0
0.99999976
0.0
1.0
1.0
1.0
0.0
0.0
0.0
0.99999654
0.0
0.0
0.0
1.0
1.0
1.0
1.0
1.0
0.0
1.0
0.0
0.0
0.0
0.0
1.0
0.0
0.0
0.0
0.0
4.4181346e-07
0.0
0.0
0.0
1.0
0.0
0.0
0.0
1.0
0.99997926
0.0
0.0
0.0
1.0
0.0
0.00020859807
0.0
0.9998337
6.7061213e-34
1.0
1.0
0.0
0.0
0.0
0.0
1.0
0.9999894
0.9937534
0.0
0.0
0.0
0.0
1.5028956e-09
1.0
0.0
0.97528404
0.0
0.0
0.0
0.9999999
0.9999877
0.99999964
1.0
1.0
0.0
1.0
1.0
0.46881998
0.0
0.0
0.0
4.3024018e-05
1.0
0.0
1.6114768e-06
0.0
0.0
0.9998066
2.3693354e-12
7.139945e-09
0.0
0.99999905
0.99999845
1.0
1.0
0.0
0.0
1.0
1.0
0.0
1.0
0.0
0.0
0.8306754
1.0
0.9997496
0.0
1.0
0.0
0.27623636
0.99999774
0.0
1.0
0.0
0.0
0.46127832
1.0
1.0
0.0
0.99999976
0.0
1.0
0.0
0.0
2.2734843e-08
1.0
1.0
1.0
0.0
0.0
0.0
0.99999857
0.0
0.0
0.0
0.0
0.0
1.0
1.0
0.0
0.0
0.0
0.9999975
0.9166999
0.0
1.0
1.0
0.95155185
0.0
1.0
1.0
0.0
0.0
0.0
0.0
1.0
0.0
1.0
0.4324853
0.98841023
1.0
1.0
1.0
0.99999654
0.0
1.0
0.0
0.9999999
0.0
0.0
1.0
1.0
1.0
0.0
0.99999976
0.0
0.0
0.0
0.0
0.99990964
0.0
0.0
0.0
0.0
0.0
1.0
0.0
0.0
3.621906e-08
1.0
0.9418631
0.0
0.0
1.0
0.9999999
0.99994934
0.0
0.0
0.99587846
1.0
0.0
0.0
0.9999994
1.0
0.0
0.0
1.2925627e-36
0.0
1.0
0.99999654
0.0
0.0
0.0
0.0
0.99850035
1.0
0.0
0.9991264
0.0
1.0
1.0
1.0
0.0
0.999902
0.0
0.9999999
1.0
0.0
0.0
0.9999933
0.0
1.0
0.0
0.0
0.0
0.0
0.0
1.0
1.0
1.0
0.0
0.0
0.0
0.0
1.0
0.0
1.647498e-08
0.0
0.0
1.0
0.9880387
0.5640837
0.0
0.0
0.0
0.0
0.9999995
1.0
0.0
1.0
1.0
0.0
1.0
0.9999968
0.0
0.993964
0.0
3.0252156e-09
0.0
1.0
0.9981629
0.0
0.0
1.0
1.0
0.0
0.9515412
0.0
1.0
0.9999999
1.3097933e-05
0.0
0.0
0.0
0.0
1.0
1.0
0.0
0.99981683
0.99998784
0.0
1.0
0.0
0.0
0.0
0.0
1.0
0.0
4.212877e-09
0.0
1.0
1.0
0.0
0.94736207
0.95935
1.0
0.9999367
0.0
0.0
1.0
0.0
5.082989e-39
0.9998822
0.0
1.0
0.0
0.0
0.9999832
1.0
0.0
0.0
0.0
1.452596e-06
0.0
0.99975604
0.0
1.0
0.0
0.0
1.0
0.0
0.0
0.0
1.0
7.995377e-06
0.0
0.9999989
1.0
0.9987387
0.0
0.0
0.9999988
0.0
0.9997991
0.0
0.0
0.0
0.0
0.0
0.0
0.0
0.0
1.0
0.0
0.99999976
0.0
0.9999999
0.0
0.0
0.0
0.0
0.0
0.99999964
0.0
0.0
0.0
1.0
1.0
0.0
0.0
0.0
0.0
1.0
0.0
1.0
1.4548084e-11
0.0
1.0
0.0
0.9999989
1.0
0.0
0.99997413
0.99999225
0.0
0.99999297
0.0
1.0
1.0
1.0
0.9999995
0.9999919
0.0
0.0
0.0
0.0
0.0
1.0
0.980371
0.0
0.9878258
0.0
1.0
0.0
0.0
0.0
1.9425789e-08
0.9999999
0.0
0.0
0.0
1.0
0.0
1.0
1.0
0.9999628
0.0
0.9994061
0.0
0.0
0.0
0.0
1.0
0.0
0.99937564
0.0
0.9999982
0.07438946
0.0
0.0
0.0
1.0
1.0
1.0
0.0
0.0
0.9819
0.8141543
1.0
0.0
0.9995727
0.9887183
0.0
0.0
0.0
0.9999999
1.0
0.0
1.0
0.99999774
0.0
0.0
0.0
1.0
0.0
0.9727861
1.0
0.0
0.0
0.0
0.0
1.0
0.9999722
0.9999999
0.9999715
0.0
1.0
0.0
1.0
1.0
1.0
0.0
0.0
0.0
0.0
1.0
0.91190106
0.0
0.9999958
0.0
0.0
1.0
0.0
0.99999845
1.0
0.0
0.9999231
0.99999714
1.0
1.5091059e-06
0.0
1.0
0.99998546
0.00018789397
0.0
0.9109693
1.0
0.9999825
1.0
0.9999453
1.0
1.0
0.0
0.0
0.99998903
0.0
0.0
0.0
0.0
0.0
0.0
1.0
0.97119755
0.0
1.0
1.0
0.0
0.0
1.0
0.0
1.0
1.0
0.9999999
0.78316385
1.0
0.0
0.0
1.0
0.0
0.0
0.99998426
0.0
0.23502763
0.0
0.0
0.9967122
0.0
0.0
0.0
0.0
0.0
0.0
0.0
0.9998826
1.0
0.0
0.0
0.99999964
0.0
0.0
1.0
1.0
0.0
0.99998796
0.0
1.0
0.0
1.0
2.2139675e-08
0.0
0.0
0.0
0.0
0.0
0.0
0.0
0.99996567
0.5741538
0.0
0.9997969
0.0
0.0
0.0
0.0
0.99999964
1.0
0.99999
0.0
0.0
0.0
0.99992716
0.0
1.0
0.0
0.0
1.0
0.0
0.0
0.9999988
1.0
0.0
1.0
0.0
0.0
0.9999999
0.01591185
0.9999844
0.0
1.0
0.9999999
0.99999905
1.0
0.0
1.0
0.99999285
1.0
0.0
0.0
0.0
0.0
0.0
1.0
0.0
1.0
0.0
0.9977616
1.0
0.0
0.0
0.0
1.694803e-05
1.0
1.0
1.0
1.0
0.9999219
0.99736243
0.0
0.0
0.9860389
0.9419087
0.0
1.0
1.0
1.0
1.0
0.0
0.0
0.99999917
1.0
0.0
0.28244075
0.0
1.0
0.0
0.0
1.0
0.9999987
0.70473015
0.9999988
0.99996233
0.0
0.0
0.0
1.0
1.0
0.0
1.0
0.9999999
1.0
1.0
1.0
0.0
0.0
1.0
0.0
0.0
0.0
0.9999641
0.0
0.0
0.0
0.0
1.0
0.0
0.99999917
0.0
1.0
0.0
0.0
0.0
0.0
0.0
0.0
0.35498413
0.0
0.9999659
0.0
1.0
0.0
1.6403634e-32
0.0
0.5535224
1.0
0.0
0.92431724
0.0
0.0
0.0
1.0
0.0
4.461421e-09
0.0
1.9505676e-32
1.0
0.0
1.0
1.0
0.9996984
0.99993575
0.0
1.0
1.0
0.9949385
0.0
1.0
5.3535242e-08
1.0
1.8950811e-33
0.0
0.99999964
1.0
0.0
1.0
0.0
0.0
0.0
9.039661e-08
1.0
0.99999976
0.0
1.0
1.0
0.0
1.0
1.0
0.9999682
0.9999968
0.9999021
0.0
0.0
1.0
0.0
1.0
0.0
1.0
0.99999964
0.99999917
1.0
0.0
1.0
1.0
0.0
1.0
0.0
0.0
0.0
0.0
0.0
0.0
1.0
0.9865079
1.0
0.0
0.9999914
0.5718314
0.0
0.0
0.9999994
0.99999154
0.0
0.99997973
1.0
1.0
0.0
1.0
0.0
1.0
0.0
0.0
0.0
0.99999976
0.0
1.0
0.0
0.99980074
0.0
0.0
0.9999869
1.0
0.0
1.0
1.0
0.0
0.9999701
0.0
0.0
0.0
0.0
0.9980142
1.3553977e-10
1.0
0.999987
0.9996538
0.0
1.0
0.0
0.99854004
0.0
0.0
0.0
0.0
1.0
0.0
0.99968934
0.0
1.0
0.8675036
0.0
1.0
0.0
0.0
0.99999905
0.0
0.0
1.0
1.0
0.0
3.1168256e-07
1.0
0.0
0.0
1.0
0.0
0.0
0.0
0.0
0.0
0.0
0.0
0.9999745
1.0
0.99951375
0.0
0.0
0.9997944
0.0
0.0
0.59310323
0.0
1.0
1.0
1.0
1.0
0.0
0.0
0.97889555
1.0
1.0
0.99999905
0.99999976
0.0
1.0
0.0
1.0
1.0
0.0
0.0
0.0
0.0
0.9999999
0.9999994
0.9999999
0.0
1.0
0.0
1.0
0.0
1.0
0.9999999
1.0
1.0
1.0
0.0
0.0
0.0
0.99997795
0.9999958
0.9391625
0.0
1.0
1.0
1.0
0.0
1.0
0.0
1.0
0.9999963
1.0
0.0
0.0
1.0
0.0
0.0
0.0
1.0
0.0
0.9193678
0.9999988
0.99976057
0.0
0.0
0.9999968
1.0
0.0
1.0
0.9977406
0.0
0.0
0.0
0.0
0.9999999
0.0
0.0
0.9999968
0.9999975
0.0
0.0
1.0
0.0
0.99733704
0.0
0.0
0.0
0.0
0.99998784
0.0
0.0
0.9999995
0.0
0.0
0.99624014
3.7705545e-09
0.0
0.0
0.0
0.0
0.9999989
1.0
0.99999976
0.0
0.9999869
0.0
1.0
0.0
1.0
1.0
1.0
0.9999994
0.0
0.0
0.0
0.998156
0.0
0.17530093
8.90985e-21
0.24773575
0.0
0.93603677
0.9803232
0.0
0.999081
0.97241724
1.0
0.99999976
1.0
0.0
0.0
0.9999865
0.0
0.0
0.0
0.0
0.99963045
1.0
1.0
1.0
0.0
1.0
0.0
0.0
0.0
0.9999956
0.0
0.0
0.0
1.0
0.0
0.0
0.0
0.0
0.0
0.0
0.0
0.9999995
0.0
1.0
0.0
0.0
0.0
1.0
0.5035119
0.0
0.0
1.0
0.9999901
0.0
0.0
0.0
0.0
0.9978021
1.0
0.0
0.99999976
0.9964141
1.0
0.0
1.0
0.0
0.0
0.17209207
1.0
0.0
0.0
0.9999989
0.0
0.0
0.0
0.0
1.0
1.0
0.0
1.2146407e-34
1.0
0.0
1.0292351e-06
1.0
0.0
0.0
1.0
0.0
0.0
1.0
0.0
1.0
0.0
0.0
0.0
0.0
0.0
1.0
0.0
0.0
0.0
1.0
1.0
0.99999785
0.99981564
0.0
0.0
0.9999751
0.0
0.0
0.0
0.0
1.0
0.0
0.0
1.0
0.0
4.345092e-39
6.363038e-11
0.99988437
0.9999914
0.0
1.0
0.0
0.0
3.273342e-06
1.0
0.0
1.0
1.0
0.0
0.0
1.0
0.0
1.0
0.0
0.7775925
0.0
0.0
1.0
0.0
0.0
0.61731815
1.0
0.0
0.0
1.0
0.99999976
1.0
1.0
1.0
1.0
1.0
0.0
1.0
0.0
0.0
0.0
0.0
1.0
0.0
1.0
0.9999989
0.0
0.0
0.0
0.0
1.0
0.0
0.9999999
0.0
0.0
1.0
0.9999949
1.0
0.99813867
0.0
0.9999335
0.0
0.0
0.0
0.0
0.0
1.0
0.0
0.0
0.0
1.0110384e-09
1.0
1.0
1.0
1.0
0.9999999
0.8682679
0.9999887
1.0
0.0
0.99990404
1.0
0.0
0.6244475
1.0
0.0
1.0
0.0
1.0
1.0
1.0
1.0
1.0
1.0
0.0
0.0
0.0
0.0
0.0
0.0
0.0
1.0
1.0
0.9998958
0.0
0.0
0.0
0.0
0.0
1.5219104e-10
0.0
0.99999416
0.0
0.9999999
0.0
4.154408e-06
1.0
1.0
1.0
0.0
0.9999975
0.0
0.99974424
0.0
0.0
0.0
0.0
1.0
0.0
0.0
1.0
1.0
1.0
0.0
1.0
0.9996394
1.0
0.0
0.0
1.0
1.5315081e-10
0.0
0.0
0.44594347
1.0
0.0
0.0
1.0
0.99988604
0.0
1.0
0.0
0.0
0.0
1.0
1.0
0.0
0.0
0.0
0.9996724
0.0
0.9998292
0.0
1.0
0.0
0.0
1.0
1.0
1.0
1.0
6.051104e-09
1.0
0.0
9.867117e-37
0.0
1.0