0.64570713
0.9787763
0.39981663
0.68679625
0.34996155
0.007900266
0.016993346
0.9764708
0.39777446
0.5802497
0.027134318
0.010764807
0.060186297
0.17611857
0.928088
0.0062665343
0.07261941
0.99152374
0.036221053
0.4247355
0.6755214
0.058702502
0.39161175
0.040148947
0.0074345698
0.025109367
0.39696974
0.67362654
0.23652348
0.9430815
0.03405657
0.26938555
0.8197296
0.38900673
0.30182767
0.38570014
0.5505363
0.98425126
0.99540126
0.9887729
0.030573286
0.41768482
0.01391538
0.41365486
0.052614745
0.0027289507
0.8607665
0.9057663
0.012167585
0.98648006
0.98423576
0.030480457
0.93197304
0.9758922
0.4322319
0.045187447
0.8300388
0.006518583
0.04760254
0.012450011
0.76933223
0.9359346
0.6552053
0.4000557
0.7250877
0.7168182
0.7313054
0.004187818
0.4784741
0.81534636
0.9558797
0.008976491
0.75286895
0.22748052
0.012132285
0.011114652
0.05089282
0.7783395
0.39335427
0.39314
0.017321777
0.008504731
0.3486199
0.9212518
0.98979247
0.0103196325
0.82037777
0.9679929
0.9943561
0.97222185
0.011053072
0.011312708
0.9698629
0.8464498
0.031868976
0.005429067
0.9837858
0.84473723
0.98023283
0.98350984
0.41670373
0.31118515
0.025299367
0.036565967
0.41283953
0.029940369
0.008073691
0.8956226
0.9596113
0.992224
0.012125018
0.40199164
0.9908614
0.007921478
0.15002504
0.005389539
0.007390096
0.0041911383
0.9892592
0.5555201
0.99935895
0.98653686
0.005503976
0.9877009
0.012319241
0.9950401
0.008958502
0.0029808583
0.037719116
0.75044256
0.9757008
0.86192584
0.008790099
0.9567165
0.008368819
0.011207945
0.24209309
0.98834616
0.41828054
0.00422107
0.99451977
0.045559492
0.9106514
0.0470681
0.5901651
0.0038710325
0.012852024
0.13986759
0.00015114553
0.02127824
0.9664451
0.9376492
0.37441868
0.0043869205
0.12867327
0.36179292
0.9788204
0.035058208
0.051424302
0.6398098
0.96737134
0.9678747
0.77896285
0.8783161
0.95156103
0.007668657
0.82446855
0.8462048
0.013473192
0.027602011
0.010456621
0.40000618
0.02202498
0.5060484
0.048756476
0.023568137
0.057802133
0.97627187
0.0019590268
0.009071156
0.2770453
0.038316615
0.011218608
0.98725545
0.6640184
0.8731004
0.41743335
0.41556638
0.0035157856
0.96970075
0.010565806
0.9751924
0.9785817
0.9859817
0.0263418
0.013800381
0.33884668
0.9514507
0.020504782
0.03351159
0.0076493407
0.9889332
0.9918916
0.9848787
0.9151667
0.98532575
0.030205164
0.95118654
0.023019852
0.002610711
0.40117514
0.37797904
0.9884093
0.0012259755
0.2846745
0.40084878
0.006241712
0.20129564
0.009434957
0.011402649
0.0004499202
0.9825049
0.0028687797
0.013916212
0.03825897
0.9683894
0.90340894
0.1606753
0.41294336
0.035800368
0.9466755
0.40030503
0.7210486
0.2480108
0.8378072
0.14675766
0.98594046
0.9797038
0.01125526
0.00802336
0.0052364888
0.008111033
0.988116
0.93309695
0.8510087
0.012836221
0.36394382
0.095674485
0.3789269
0.829698
0.9728108
0.008484481
0.85717475
0.004330256
0.045496095
0.01039804
0.8623796
0.9596856
0.98090243
0.9616807
0.9729085
0.009432065
0.9769999
0.97081536
0.46247137
0.06413675
0.011470851
0.03070928
0.7659381
0.9283336
0.27363175
0.91783047
0.003799309
0.033759978
0.91637903
0.7135531
0.5354091
0.013513702
0.9729191
0.92236114
0.9846148
0.99101675
0.034369677
0.042472016
0.9755068
0.9913334
0.38549796
0.9590667
0.011791182
0.2716285
0.7794447
0.98408335
0.7651643
0.020887395
0.9851113
0.01816781
0.8000157
0.9663244
0.005189558
0.94941956
0.14114322
0.012278404
0.6643622
0.8913933
0.9861844
0.0057991603
0.6943558
0.012561416
0.9705274
0.008007781
0.059347127
0.82818085
0.97026485
0.88726354
0.93836564
0.0072764847
0.020410366
0.003908709
0.87830544
0.044745967
0.006133251
0.009501326
0.014406784
0.007942945
0.9920018
0.84668314
0.016356
0.009592889
0.3595422
0.91468227
0.75651544
0.009305774
0.9611341
0.99471176
0.7608387
0.41747963
0.9654408
0.9747899
0.017088752
0.009749146
0.006990529
0.011477049
0.9831529
0.10965746
0.9775443
0.48674193
0.7876247
0.9329249
0.98352295
0.91678786
0.9311297
0.009838334
0.9857761
0.09901935
0.9437954
0.0051245163
0.040911037
0.79641485
0.96299124
0.85742545
0.003969801
0.85217613
0.0014510688
0.0394899
0.0080995085
0.33863217
0.83279705
0.02991698
0.029250128
0.3098025
0.38910443
0.013346197
0.9906342
0.006043806
0.047923043
0.004012566
0.8836787
0.7133106
0.04530052
0.012976847
0.97439927
0.7237137
0.7389183
0.007758484
0.031622957
0.7998496
0.9828091
0.09072733
0.015582588
0.98270273
0.7903008
0.0045368224
0.038334593
0.040315907
0.41947478
0.9463369
0.937205
0.009012585
0.02321592
0.011923699
0.03810447
0.91046476
0.93907577
0.15042621
0.3695698
0.18935513
0.9603372
0.9443639
0.95421714
0.17944473
0.9221351
0.25767687
0.84603554
0.99225533
0.040122494
0.011481486
0.727044
0.05052069
0.99298733
0.005782017
0.051474974
0.4121151
0.036347616
0.011257244
0.8620989
0.9950447
0.972728
0.14318189
0.06877718
0.07533004
0.021904701
0.93238044
0.329528
0.22002876
0.005588054
0.007406108
0.9863549
0.5495428
0.7824498
0.40500423
0.031684637
0.0055560283
0.02793486
0.9338697
0.98250014
0.0013193287
0.9898566
0.92390335
0.39724368
0.98448133
0.96479744
0.32490975
0.74782604
0.0036705884
0.77116627
0.0787288
0.9641996
0.8227205
0.012706684
0.033908334
0.978001
0.9823215
0.029505393
0.90371716
0.0062198094
0.9686593
0.9895544
0.8112551
0.04656628
0.0019512883
0.41941655
0.011605935
0.95841897
0.80959177
0.043868445
0.9173409
0.93167037
0.014959398
0.9946603
0.032908753
0.0019633071
0.41087192
0.17153344
0.955517
0.010379157
0.00852118
0.003946715
0.9369949
0.96524227
0.08732245
0.4255327
0.85400367
0.9889627
0.9510472
0.280442
0.15375768
0.9815957
0.0024239144
0.002561242
0.42686373
0.37462625
0.9756363
0.0025938547
0.041527096
0.8306632
0.97726506
0.01226585
0.1356256
0.03990314
0.4740222
0.0045909863
0.7641645
0.020636467
0.97007793
0.41965407
0.35078734
0.7583708
0.05346465
0.03683686
0.013671919
0.9288201
0.7000511
0.0007254719
0.9862889
0.9827639
0.82574445
0.41146746
0.04314569
0.9166753
0.0075069997
0.9886764
0.34108612
0.026555061
0.1950653
0.05512509
0.036004957
0.0072399164
0.3312316
0.034675665
0.60122573
0.41081384
0.98025376
0.39633036
0.9068915
0.37801635
0.013336688
0.03951534
0.013164111
0.044984527
0.9878444
0.03593281
0.024595944
0.1604553
0.96113485
0.9347395
0.41992995
0.009899812
0.009033186
0.007054146
0.9564532
0.04443272
0.9807865
0.72702825
0.41566694
0.90839165
0.01626673
0.97110635
0.9889487
0.05100197
0.98367
0.94040203
0.0076416093
0.74115276
0.010236507
0.97934055
0.94023424
0.9770253
0.8265638
0.90026027
0.099961504
0.04025859
0.009139423
0.010273062
0.025402991
0.98601544
0.6939955
0.014326266
0.7933992
0.0061310795
0.9901669
0.03256848
0.039893568
0.009890884
0.6248557
0.77055675
0.011958484
0.009084222
0.050059438
0.98952603
0.025205769
0.9916911
0.9892692
0.93996716
0.041589793
0.8642279
0.042454258
0.18734048
0.35047048
0.049965702
0.74368244
0.0044110054
0.81393343
0.038572762
0.9345674
0.3756464
0.020043742
0.005676531
0.039103538
0.9447587
0.9512817
0.94895095
0.042561233
0.02276376
0.81644356
0.41965005
0.9953805
0.009956822
0.655905
0.7718409
0.35418463
0.027915498
0.4201523
0.99804413
0.99070096
0.00049932627
0.9911979
0.98551023
0.026247177
0.017496789
0.011074411
0.98436373
0.019225243
0.6810365
0.9605546
0.009827847
0.04257752
0.012417515
0.0017318858
0.8313914
0.7591608
0.97948897
0.86889493
0.3983996
0.9301838
0.00070432376
0.9623476
0.99184316
0.98783547
0.005834023
0.016073868
0.28398487
0.0076336805
0.7693295
0.55277616
0.00097606203
0.8431302
0.038864274
0.034498964
0.9519407
0.093304574
0.54023045
0.9958948
0.01023035
0.8886427
0.70952123
0.973194
0.40198126
0.0357964
0.96160764
0.91800517
0.86414176
0.015574622
0.4648032
0.9415083
0.9309087
0.98907137
0.9508233
0.96797013
0.94856036
0.06950704
0.06696806
0.6208757
0.010376541
0.0089450665
0.040513504
0.007748194
0.01778543
0.008964168
0.95897937
0.43718976
0.38366795
0.57784915
0.99319047
0.022619355
0.028536106
0.9880045
0.009017241
0.9487588
0.9876414
0.8961723
0.40323448
0.9228548
0.045709834
0.027269872
0.9697342
0.38647485
0.0047856057
0.9898134
0.031061895
0.45118555
0.007711857
0.008961428
0.874403
0.032254998
0.035479557
0.012233857
0.016541537
0.4191501
0.024131253
0.006748086
0.9391455
0.97829866
0.3546663
0.0090381345
0.92968094
0.00609104
0.036069084
0.9793428
0.8288476
0.035567723
0.6408293
0.3857022
0.95070904
0.0062031997
0.9985879
0.34097525
0.014894989
0.4146535
0.004114425
0.40684012
0.010569047
0.011332854
0.03322722
0.94265884
0.40536964
0.011041299
0.9771912
0.0785707
0.0132179875
0.17392367
0.011001694
0.8071579
0.69844294
0.9110593
0.05485166
0.0049265414
0.0041939095
0.69616365
0.032063268
0.9496414
0.011659532
0.00656908
0.5875039
0.031554732
0.031415146
0.97857326
0.987738
0.08499708
0.9832267
0.008183113
0.0026893842
0.92803234
0.35424626
0.382507
0.042042766
0.96554315
0.99751496
0.596159
0.97856814
0.009438251
0.92734
0.9622306
0.9689256
0.024765747
0.0016041297
0.021446181
0.11903056
0.056202553
0.99071914
0.01236498
0.9961671
0.15167245
0.751469
0.98214716
0.037105355
0.012295839
0.01327039
0.6380582
0.9154506
0.90694106
0.9761381
0.83527315
0.5484094
0.72555506
0.013636329
0.11660562
0.9149798
0.53563005
0.06445851
0.986765
0.7935048
0.9961784
0.9841936
0.049201142
0.023048555
0.9828387
0.9686383
0.0065740077
0.54429555
0.39848685
0.9808096
0.011089889
0.027607663
0.97633016
0.6964761
0.81449676
0.94318485
0.8885427
0.012241126
0.034049656
0.06074491
0.96102375
0.9838754
0.19782953
0.98643494
0.5086103
0.9817337
0.9773965
0.93585634
0.0126913255
0.00059869816
0.9425916
0.0065440214
0.008113807
0.008402236
0.95003533
0.038065262
0.025791949
0.011734046
0.26758337
0.9725133
0.3997842
0.8282462
0.0059310636
0.7491459
0.017386733
0.13536227
0.016599528
0.0036988666
0.009074762
0.04694534
0.54256934
0.4204157
0.9345654
0.044367146
0.96658874
0.41831896
0.008554261
0.007400089
0.37076092
0.7493323
0.3578419
0.78218997
0.001928932
0.41050825
0.033620413
0.8031836
0.40932044
0.3713908
0.4179286
0.16929273
0.9847364
0.03799251
0.95089626
0.88107634
0.88932437
0.75515157
0.037392344
0.970543
0.9713696
0.3691697
0.04059014
0.9527764
0.5522512
0.9874379
0.31126806
0.0075607896
0.5949633
0.9736215
0.30734655
0.9139541
0.013273582
0.0023424558
0.0672554
0.29827562
0.98398167
0.5946846
0.38227344
0.7936479
0.9474315
0.025199529
0.99396646
0.9632231
0.92465305
0.95160645
0.9905233
0.39921457
0.049545106
0.9737717
0.41945276
0.90560037
0.18022324
0.9923245
0.82232744
0.9704276
0.97711
0.020416683
0.5304292
0.991712
0.037791193
0.9771696
0.020564709
0.05183637
0.0028750831
0.010233716
0.27988753
0.0039854962
0.79194397
0.54572433
0.969017
0.038225576
0.83204
0.6901491
0.021022636
0.05693066
0.99211216
0.9183185
0.22386003
0.93046075
0.989965
0.97450733
0.041365296
0.9502138
0.0072675543
0.94819415
0.012418866
0.030503774
0.41251588
0.825908
0.047917046
0.9897776
0.39749986
0.9429667
0.38518003
0.0043748925
0.7604797
0.9645911
0.025935713
0.9611964
0.9857941
0.04981871
0.780147
0.0028223256
0.009373141
0.34300068
0.10633541
0.82820505
0.40129727
0.8763045
0.48268324
0.9334574
0.41963813
0.71035624
0.011157426
0.9467097
0.3495242
0.23774026
0.008040152
0.009410233
0.9433526
0.35554495
0.822716
0.009733392
0.8814216
0.84206325
0.006759864
0.955442
0.012831864
0.41708028
0.9479977
0.015321584
0.025304317
0.9237089
0.9745222
0.41129974
0.25827134
0.744402
0.012009885
0.4079243
0.9711223
0.31669983
0.3606484
0.0057106707
0.006171182
0.40189874
0.40499926
0.1511209
0.9078541
0.9813147
0.9697151
0.007797592
0.4050364
0.9167543
0.012886856
0.008196065
0.8303305
0.03278227
0.9640683
0.9832466
0.9784113
0.9623304
0.010794914
0.045423653
0.9519978
0.98180264
0.798755
0.9751534
0.8709885
0.41996396
0.9994849
0.002194638
0.9467801
0.9932748
0.03690154
0.0073367055
0.00781139
0.04079096
0.9514499
0.9942855
0.728581
0.0005881377
0.98461676
0.0045797885
0.6770624
0.036920678
0.9597026
0.9710826
0.8745784
0.96516556
0.96195793
0.004212118
0.414627
0.010467195
0.98331463
0.8714182
0.36169147
0.044822324
0.98064464
0.95629996
0.83245134
0.004609938
0.9845924
0.0045974385
0.78865665
0.9393516
0.9471687
0.035517983
0.32834658
0.93298155
0.008320376
0.005040844
0.038874142
0.9643065
0.015215269
0.7112144
0.9131494
0.83973455
0.0053876843
0.024342962
0.29803172
0.9833582
0.03884481
0.95348877
0.41525498
0.023199042
0.034955222
0.013544923
0.00814435
0.9783839
0.36187604
0.016516764
0.8125038
0.9467119
0.039631907
0.0035983317
0.9311457
0.045570686
0.86037016
0.0076877344
0.037018955
0.006639351
0.04171285
0.7916986
0.019833833
0.01200308
0.9878693
0.05362249
0.020881286
0.38503295
0.25408503
0.007974452
0.0021430096
0.1936053
0.3609744
0.9479466
0.993149
0.9746627
0.0068659363
0.9230999
0.038045518
0.9624883
0.010165545
0.99105585
0.9407608
0.98919404
0.90132564
0.0056202738
0.009614554
0.34814477
0.7977471
0.3746501
0.5251381
0.085765846
0.6876179
0.36764303
0.88608056
0.94978535
0.2970262
0.83863544
0.818347
0.9925443
0.5560617
0.95737296
0.0015152732
0.008733181
0.89337337
0.09231128
0.012681179
0.052736692
0.017328637
0.911296
0.96811366
0.9986738
0.9768843
0.01171309
0.9929005
0.0092064245
0.027497813
0.025196731
0.7244483
0.0056180516
0.04369983
0.39776114
0.94606894
0.001563019
0.41977566
0.008095369
0.014027909
0.035259876
0.05167888
0.024389027
0.9875261
0.011227164
0.9644415
0.0030595267
0.41499978
0.013644516
0.9573372
0.61749375
0.059123296
0.0044680173
0.96889013
0.85387975
0.04643286
0.042342376
0.013752607
0.26879895
0.8957585
0.98230296
0.005861628
0.9816244
0.7420449
0.94465995
0.010476652
0.9769686
0.043937314
0.009535902
0.8221309
0.8464855
0.008932069
0.275562
0.9523493
0.0465684
0.0083515635
0.03846686
0.023130719
0.99175984
0.9357455
0.009374355
0.18947822
0.9822807
0.006963017
0.87738335
0.98180103
0.047403734
0.00079476374
0.98297876
0.028801987
0.017995022
0.8923564
0.39567214
0.9800567
0.04843373
0.026023548
0.0054512057
0.01919148
0.008466877
0.9690727
0.36095092
0.010378029
0.32860717
0.97805756
0.9623545
0.8803145
0.42080534
0.00050161156
0.01053101
0.9799571
0.019489324
0.32101557
0.004056158
0.11589643
0.9615742
0.4190337
0.00079773006
0.9684656
0.36997393
0.00633275
0.77117306
0.91125363
0.96143466
0.009157102
0.75596607
0.011489077
0.4150788
0.81320816
0.89253414
0.03243583
0.60433877
0.8856423
0.011659388
0.02736848
0.974127
0.007627928
0.9909938
0.011501117
0.63750327
0.2780784
0.016091501
0.8504326
0.003837792
0.012615948
0.57549095
0.95238954
0.010890528
0.030894263
0.9880285
0.9176458
0.85829216
0.9652794
0.5318009
0.9855123
0.7247652
0.0067913053
0.9696008
0.048286445
0.35207576
0.0070335716
0.033011388
0.98639584
0.01344362
0.86151594
0.6830403
0.047429223
0.04375382
0.0025589191
0.0099642845
0.8652134
0.04075975
0.98423344
0.012178658
0.41943502
0.6428786
0.9836685
0.89094687
0.8209084
0.015744476
0.8759455
0.0021964149
0.055938523
0.0089109205
0.008089486
0.007993388
0.48199898
0.4171408
0.41633067
0.022650454
0.6842048
0.91613346
0.96491855
0.93286455
0.89299905
0.992393
0.87300825
0.97528595
0.9705738
0.0128701
0.604272
0.7078146
0.0081412755
0.5002347
0.96874166
0.042991497
0.9292465
0.02923716
0.6207313
0.988918
0.9705955
0.73978996
0.7742376
0.9489205
0.008390949
0.012260963
0.006937088
0.028141096
0.1406468
0.0077161053
0.011262382
0.9546242
0.92144424
0.8992152
0.41743642
0.2749603
0.0026050406
0.3152122
0.4021345
0.32692477
0.0065634437
0.94720834
0.0049755913
0.9724654
0.0060299775
0.23714404
0.9694988
0.9521436
0.8619772
0.0069003706
0.6493716
0.009439459
0.93831486
0.015178253
0.0047438866
0.042132594
0.31180346
0.97315466
0.009748079
0.002914982
0.4794527
0.98635024
0.6117535
0.01021425
0.9387669
0.57653195
0.9949744
0.044818122
0.023802975
0.98498756
0.012510129
0.069616355
0.3175114
0.44450638
0.63393706
0.28418395
0.022756558
0.9934743
0.6234282
0.009531201
0.56373227
0.33865038
0.0025091362
0.044574156
0.9622292
0.8351461
0.0040081018
0.035473425
0.04023611
0.95205003
0.0155793615
0.96242005
0.17342998
0.8719024
0.02039775
0.0038525152
0.9824346
0.9579957
0.95538056
0.9413914
0.28349224
0.9495867
0.028455174
0.008131741
0.0040337285
0.58472806