0.52928025
0.99669826
0.4408429
0.58875525
0.43438745
0.002458917
0.005900442
0.9949705
0.43479142
0.6723698
0.03656094
0.0016049157
0.0031827318
0.40519258
0.99254626
0.0034332469
0.002056433
0.9632898
0.0014395
0.48832038
0.68968636
0.0032218106
0.44305825
0.007697952
0.0011525013
0.0049329437
0.49960953
0.8983271
0.44209847
0.9309105
0.002417373
0.43242255
0.7608412
0.3245464
0.4621293
0.43057984
0.5124941
0.99513173
0.9951597
0.9977876
0.003687422
0.4455655
0.004810499
0.43876827
0.0036451034
0.0008228041
0.54929554
0.8242141
0.00271278
0.98471534
0.98629826
0.0043225903
0.9906166
0.98345226
0.4984137
0.0022734865
0.53724134
0.0014456628
0.013048561
0.0016262154
0.56384134
0.99085754
0.5269278
0.4433929
0.7996437
0.8071404
0.5260973
0.0024739301
0.5293443
0.55365616
0.9880222
0.00050770503
0.8512624
0.23315448
0.07988654
0.0021241242
0.004241529
0.53871
0.43944487
0.42249787
0.00619562
0.001737528
0.43122452
0.9773211
0.99488044
0.0023837674
0.5229257
0.9241178
0.9980578
0.921972
0.0016998904
0.0016677759
0.9926575
0.9415221
0.20298834
0.0028285487
0.9971892
0.9167573
0.9818918
0.99525684
0.4396403
0.43886593
0.00226094
0.0018954247
0.42752114
0.0057718535
0.0014505541
0.9121173
0.9919773
0.98426855
0.0013808793
0.44470504
0.9675213
0.001597698
0.4251021
0.012124807
0.0018462156
0.00028946484
0.9907561
0.40976015
0.9978638
0.9919457
0.0039205584
0.9976338
0.004298241
0.99685705
0.0022135077
0.006641811
0.0028852825
0.87697
0.98931295
0.9789067
0.006517647
0.9842098
0.0026347071
0.0017336236
0.35484034
0.9972185
0.43878517
0.0008207463
0.9943634
0.0019583716
0.92033523
0.00289015
0.9631689
0.010698249
0.0035478233
0.42492214
0.059612826
0.005645596
0.9790411
0.91609293
0.44094518
0.0067043556
0.0030357088
0.42828742
0.99746954
0.002453762
0.0029914104
0.8890575
0.9902084
0.9910856
0.20561205
0.8588627
0.9285077
0.0033193564
0.576703
0.5191328
0.001722737
0.008954942
0.0025616311
0.43683568
0.0017274134
0.3567769
0.0019627046
0.0040402394
0.0016221915
0.98262167
0.0020348015
0.0022896915
0.2589666
0.0032927054
0.0017139912
0.9937437
0.9455511
0.92951715
0.430195
0.45527866
0.008087233
0.983194
0.0015020437
0.99172825
0.99751854
0.9915912
0.005091966
0.006472759
0.43938598
0.9903211
0.03350948
0.0025460569
0.013405993
0.9821485
0.99470586
0.99320096
0.9799359
0.9979582
0.0029931164
0.99112433
0.0021909059
0.0011735378
0.43005958
0.42736828
0.975089
0.009278024
0.43891975
0.4519273
0.003092078
0.3250598
0.001958916
0.0076022963
0.00012910803
0.99128133
0.007404367
0.006843949
0.0025677495
0.9676049
0.96260965
0.003392734
0.44558635
0.0028717918
0.9887953
0.43383923
0.68874055
0.44345352
0.51036197
0.4184694
0.99884546
0.99416107
0.012569032
0.001200886
0.0035680484
0.0012667147
0.9984981
0.9649025
0.7475112
0.0047876253
0.44246206
0.05847597
0.43298304
0.43874344
0.9875573
0.0013923382
0.86464363
0.22171289
0.0026450695
0.0020345924
0.9708948
0.92251146
0.98353994
0.9976057
0.99030566
0.003712027
0.99617356
0.9955525
0.42273107
0.006248598
0.002115783
0.0038689424
0.45716837
0.9915835
0.44043335
0.032352556
0.0076075145
0.0051951855
0.80596274
0.45012206
0.3796203
0.0021341029
0.98752826
0.9050997
0.9907328
0.99736893
0.053467486
0.001920875
0.99341255
0.9749426
0.42331526
0.97233003
0.0019586978
0.43187168
0.44060045
0.9971943
0.5253442
0.003853831
0.9960802
0.0014915165
0.55281675
0.9939422
0.005718796
0.92388207
0.4449576
0.0030299893
0.36256546
0.9631886
0.99626046
0.0010848023
0.51173115
0.0032091315
0.9920547
0.0052687908
0.010135592
0.59921783
0.9928503
0.994789
0.99067336
0.001937992
0.017096933
0.0062461942
0.98299485
0.0042814943
0.0007960576
0.0030276808
0.0032857333
0.00084774627
0.9974904
0.5184085
0.0038026294
0.01218404
0.44055426
0.9702716
0.8479798
0.0025637823
0.984193
0.9973162
0.30013004
0.43603832
0.9983348
0.99102545
0.0014067661
0.0017715928
0.0010102272
0.0060512777
0.996838
0.43007815
0.9971342
0.37531042
0.65240854
0.8439756
0.99804497
0.98737216
0.9873311
0.0029026621
0.9940521
0.4243894
0.96731377
0.009295405
0.005029249
0.5218387
0.99843556
0.63820255
0.00038202526
0.88399565
0.040013257
0.004602445
0.0055811587
0.43666413
0.94512403
0.001141345
0.005400006
0.43876433
0.44264182
0.0038203583
0.99715143
0.002421796
0.0037667376
0.0013063257
0.99151164
0.9256835
0.0039297775
0.017425837
0.97135556
0.7836071
0.86766595
0.0066779493
0.18952872
0.9154391
0.9828571
0.4336358
0.006232405
0.99450666
0.57320434
0.00095923495
0.0024204866
0.00033002434
0.43633735
0.99395895
0.97652847
0.001296886
0.0016665935
0.002854462
0.0027596857
0.9519206
0.9930633
0.43230188
0.42281622
0.38407022
0.98704034
0.98278564
0.95916843
0.43820632
0.93896174
0.43484333
0.95243984
0.99519074
0.0028598553
0.0025582828
0.93391013
0.003005
0.99769175
0.0056448355
0.010406311
0.4352823
0.003878571
0.0022918296
0.9915553
0.9973551
0.9938187
0.4324658
0.0012435764
0.0034318585
0.004193563
0.975349
0.41949174
0.25921255
0.009866216
0.001267813
0.99619967
0.48176378
0.83037174
0.42595822
0.003139663
0.001301336
0.0021146708
0.9880234
0.9903466
0.0060376218
0.9905093
0.9345462
0.44036683
0.99726105
0.9859325
0.43578553
0.95112556
0.0027721978
0.59345514
0.017222032
0.94732964
0.96790534
0.0021193852
0.0033866824
0.9529263
0.9901984
0.0018026009
0.9066853
0.0049010273
0.9941361
0.99617404
0.4849986
0.0024909843
0.00108678
0.4419162
0.005218343
0.99369353
0.5824096
0.004367623
0.96565795
0.8845096
0.0060071456
0.99447966
0.000995395
0.0047328863
0.4340038
0.44249752
0.9697948
0.00451736
0.00046443258
0.00075867656
0.9949457
0.9923654
0.44374463
0.48002326
0.8587165
0.99395555
0.913998
0.43298164
0.43973872
0.99518096
0.002224772
0.00029932856
0.5032878
0.4280821
0.99568945
0.006448335
0.0018113452
0.9759543
0.9948514
0.00207574
0.40608287
0.0026738604
0.7018776
0.0028369697
0.8620095
0.0019242056
0.988289
0.4348712
0.43650246
0.55558985
0.002364218
0.0035067098
0.0033781917
0.70237356
0.4494465
0.0047946027
0.9886225
0.9915093
0.93427825
0.4406825
0.0028919862
0.87037903
0.008749366
0.9724159
0.44420373
0.19509894
0.45390198
0.004430338
0.0034683559
0.003195621
0.4399672
0.0027656145
0.51475143
0.43646938
0.9967679
0.4324978
0.9231377
0.4236514
0.002719543
0.0028721194
0.011680684
0.008904531
0.98892564
0.008365792
0.0039576697
0.44316357
0.9808956
0.97850287
0.43958852
0.003907857
0.010488987
0.0016362127
0.9913434
0.0020613335
0.99736744
0.44978455
0.4313187
0.9950924
0.002668082
0.9796325
0.97599006
0.0033124164
0.9921355
0.9740094
0.0015832628
0.5012301
0.002250943
0.97069156
0.99037445
0.9962655
0.87624675
0.9801932
0.002951806
0.001664196
0.004734434
0.0020099452
0.0064996155
0.9863501
0.4394571
0.0035630744
0.8276513
0.004817046
0.99318975
0.042740572
0.0032282115
0.079827726
0.5087209
0.5404737
0.0046066106
0.0006737615
0.0038981782
0.9971064
0.0026614633
0.96871704
0.9955177
0.92095965
0.0029416797
0.9331001
0.0022068585
0.4404286
0.43483487
0.010765
0.55058885
0.005723217
0.5092916
0.007228006
0.9812788
0.373893
0.0054907245
0.0048172493
0.0042213243
0.98658377
0.9447033
0.9929046
0.4300654
0.007922861
0.76090276
0.43143392
0.9936274
0.0018515888
0.9133806
0.6963939
0.43652663
0.0013310532
0.4334516
0.9978382
0.99721366
0.0008060445
0.99833506
0.98321354
0.004858275
0.0057558133
0.0017866589
0.9933143
0.10506585
0.82634723
0.9660004
0.0021815556
0.0037063898
0.00038499833
0.014466223
0.5670485
0.9365555
0.9961337
0.98073626
0.45119178
0.77140754
0.0029555692
0.96221936
0.9961182
0.9979564
0.002067369
0.0009510544
0.4283211
0.0036473451
0.9185701
0.5958156
0.0015261809
0.9709573
0.005770855
0.003428289
0.98754674
0.41595995
0.51805335
0.99387884
0.0033027676
0.9584067
0.78893185
0.99329776
0.33100313
0.0022777
0.99010825
0.9170244
0.84703666
0.013004506
0.8266158
0.96449083
0.9825264
0.9889381
0.9553791
0.98090154
0.99300164
0.0075654783
0.0038791166
0.7418572
0.002827373
0.10375386
0.011840359
0.0025341746
0.006478465
0.0033879536
0.9909704
0.33162284
0.44336
0.5089244
0.99243814
0.0023223592
0.0077185445
0.99845946
0.0015439109
0.9841122
0.9921765
0.5685233
0.4686106
0.99479514
0.0027289623
0.040042996
0.99670476
0.43195245
0.0008593152
0.9804633
0.001531461
0.35796782
0.0010871497
0.0011992783
0.7527026
0.0024060865
0.0019833143
0.0019041708
0.008565798
0.43375015
0.0012491787
0.00037540638
0.97178584
0.9875049
0.43256372
0.0035234601
0.99204224
0.000855638
0.002503231
0.9773516
0.52566046
0.0048594023
0.46572143
0.43705705
0.9946786
0.0012846104
0.9983701
0.3117781
0.0030709067
0.43800923
0.25160614
0.44229186
0.0041808006
0.0023886792
0.0022263888
0.9686955
0.4714622
0.0024643664
0.9838824
0.005442232
0.0057077957
0.43888232
0.00041496058
0.98178583
0.5248151
0.77351344
0.0027345822
0.23073775
0.0052881646
0.90908015
0.006280354
0.99500257
0.0014866366
0.24990824
0.57507324
0.0015180332
0.0017298597
0.97690487
0.99267805
0.42385545
0.99714077
0.003286939
0.009080011
0.9811297
0.3129737
0.38425013
0.0030508663
0.99576867
0.97821987
0.55055934
0.99833554
0.0033054464
0.9956228
0.9592713
0.9617277
0.0011222435
0.016514704
0.0037523771
0.4132821
0.0039552436
0.9913635
0.0021562479
0.9985921
0.43955877
0.8400189
0.996062
0.0021433083
0.0019719547
0.002814582
0.6695179
0.88441277
0.97851825
0.9956703
0.5695743
0.49491084
0.82600546
0.003232486
0.4311633
0.9435599
0.6397392
0.0028363382
0.99511176
0.8369354
0.9944847
0.9956735
0.0044936035
0.004348115
0.9888566
0.997285
0.0012828985
0.3538805
0.43988553
0.9987779
0.004530042
0.0027652988
0.9961183
0.6629898
0.40769926
0.92893475
0.9881792
0.0033260772
0.0020369212
0.004654476
0.9963672
0.99737775
0.40003964
0.9924533
0.5065245
0.9964238
0.99682426
0.98485327
0.0020123608
0.00021256019
0.9831082
0.007483481
0.005089633
0.002795049
0.7779821
0.0027470484
0.0031805343
0.0031573393
0.4456778
0.9819858
0.43357334
0.921192
0.001184887
0.5415728
0.004898484
0.4169784
0.0414278
0.00023878792
0.0033413041
0.0027251057
0.32756904
0.43868428
0.9380452
0.0041167014
0.97128
0.43991467
0.010527739
0.0020859425
0.27550912
0.5207969
0.43817914
0.5338995
0.0014289573
0.42487577
0.003424077
0.6468087
0.44362608
0.2532361
0.44172198
0.442665
0.99385333
0.0024890478
0.99369746
0.9826493
0.9181929
0.965009
0.0011809984
0.9971607
0.99628747
0.31394175
0.0018765024
0.9915987
0.36079216
0.97789246
0.026509646
0.0026881553
0.5400273
0.9884192
0.43380374
0.9635766
0.0033417046
0.0039868685
0.002604587
0.25522453
0.9912106
0.49924618
0.4355652
0.6046339
0.9574517
0.0067546885
0.9932892
0.9810395
0.7845519
0.97496337
0.98260087
0.44286314
0.012208789
0.9878719
0.435295
0.95607316
0.44563177
0.99631435
0.5277924
0.96264654
0.995749
0.17930657
0.5203964
0.95538425
0.0026506167
0.9928317
0.0044275057
0.00344267
0.012174172
0.0018983064
0.43996847
0.0065904087
0.5632396
0.50570923
0.9926563
0.004066548
0.93685323
0.7375109
0.013981312
0.0032757665
0.99683255
0.88491344
0.43824595
0.95940536
0.9927309
0.99524224
0.004661588
0.9846148
0.00020126441
0.9769718
0.0029881827
0.0034163245
0.44014448
0.9824593
0.003305682
0.99413496
0.4196353
0.9597266
0.43424386
0.0028764189
0.92732674
0.98711383
0.0007883459
0.99592113
0.9959346
0.0033752038
0.86271113
0.006623661
0.0021045723
0.43928167
0.4203516
0.7063317
0.33481577
0.61732686
0.5027904
0.8909822
0.4308488
0.5718104
0.0016690586
0.9239199
0.44491684
0.43900833
0.0024612937
0.0020161797
0.9947488
0.43795192
0.4516092
0.0013909361
0.98396736
0.045676533
0.00082262425
0.9953193
0.0025444925
0.4378357
0.9771828
0.009998285
0.0015195843
0.983931
0.97201264
0.43976653
0.32990104
0.6716651
0.0041638613
0.44058996
0.99605983
0.43721017
0.42894325
0.051242135
0.012323181
0.4223348
0.44819942
0.43583038
0.971608
0.9935289
0.9598813
0.0065307077
0.44189176
0.94422954
0.0078565655
0.005145134
0.7079134
0.0028631182
0.98127043
0.99683005
0.9955871
0.9974057
0.0015872312
0.0034277204
0.94237727
0.99830014
0.96570724
0.99105173
0.58717126
0.4335178
0.9995018
0.006038964
0.9446339
0.9541162
0.0040384806
0.0028992856
0.00093161775
0.0033204893
0.9655007
0.98208207
0.9610505
0.0038221425
0.99182844
0.0101242885
0.53636134
0.0013576231
0.9844938
0.99239254
0.8913353
0.98532814
0.98561865
0.0028320989
0.42528927
0.0035919757
0.9740229
0.7622458
0.48102453
0.0026162222
0.996316
0.9931335
0.60372615
0.007691348
0.9974848
0.00089609576
0.5446472
0.9815894
0.9797617
0.0029867822
0.42823732
0.9797702
0.025538038
0.00520526
0.0020999347
0.9960496
0.00092447276
0.49974215
0.98194855
0.8711023
0.0014336556
0.0051065315
0.84781766
0.98782814
0.0018315172
0.9949604
0.43680543
0.0016101382
0.005643597
0.025232172
0.0009862779
0.99218094
0.42800218
0.0024329696
0.91394955
0.9746859
0.007570292
0.009543052
0.9838171
0.006178814
0.9564344
0.0012276378
0.0028773532
0.0077619758
0.004399877
0.90278447
0.006305497
0.0023297588
0.9942111
0.0040771174
0.004491556
0.5068703
0.22691365
0.0004670163
0.0007097905
0.45300877
0.4387152
0.9848097
0.9974482
0.99645543
0.0034648718
0.9280638
0.005730415
0.9799226
0.019490194
0.9983955
0.95254064
0.9959791
0.96581227
0.0021536455
0.0018344398
0.43605426
0.9261697
0.43886188
0.51537335
0.42918596
0.7457107
0.43376333
0.89027274
0.270822
0.44522896
0.5555236
0.9377092
0.99381095
0.50860745
0.99697113
0.0010506444
0.0014198046
0.92210495
0.001317833
0.00581281
0.0027701235
0.0017084487
0.82815427
0.9871859
0.99857247
0.9850756
0.0033897671
0.99387413
0.009219052
0.0026462812
0.050493646
0.7768664
0.0012851083
0.0030562049
0.44375995
0.92277074
0.0061132973
0.4364126
0.0031116563
0.0032765514
0.00608973
0.0031059051
0.0014007357
0.9847093
0.0032439954
0.98024166
0.1422786
0.4404188
0.0026806442
0.98756474
0.31936064
0.002629242
0.004332259
0.99405044
0.97504234
0.0034933465
0.0020559535
0.0026617972
0.45915407
0.88745856
0.9789418
0.0036582404
0.9899725
0.8641529
0.9944359
0.0015000377
0.9932678
0.002691627
0.0037994268
0.18966353
0.9794743
0.0015796963
0.43077263
0.98261595
0.002525212
0.0038933114
0.0031007226
0.0009659179
0.9813756
0.9402123
0.002881481
0.37606958
0.99226284
0.0010075542
0.106509216
0.9896011
0.004287398
0.0013863279
0.9959816
0.0013827342
0.0016618986
0.9838014
0.43911648
0.99716526
0.002948901
0.0025127502
0.00862263
0.011983282
0.141588
0.99628866
0.41024956
0.002600594
0.43559182
0.98878527
0.75423276
0.9591613
0.49586233
0.004456325
0.0027098595
0.9517294
0.0031106302
0.43581364
0.0021848911
0.43796352
0.95512015
0.4399276
0.12812689
0.99518776
0.43437368
0.0034218826
0.4451493
0.9225068
0.97707546
0.0012774756
0.8880604
0.0022939818
0.43180943
0.4954553
0.9872465
0.0016123772
0.5593978
0.9593364
0.0016677919
0.0022473661
0.9963044
0.0046776067
0.99518776
0.001288364
0.93783945
0.4424262
0.006781168
0.95890987
0.008805614
0.0017829456
0.4751806
0.9764143
0.0017913176
0.034533855
0.98737353
0.66122913
0.9936977
0.98396516
0.50899905
0.9956923
0.5806118
0.004044465
0.9864275
0.002809378
0.43882746
0.0078176195
0.0064472477
0.99017966
0.0019222065
0.98132354
0.525645
0.0034070832
0.003243567
0.004152407
0.0032424356
0.9803372
0.00047871572
0.97111803
0.0025685385
0.43792585
0.56721795
0.94921
0.989597
0.9639676
0.006052302
0.9552662
0.00025010566
0.0018830318
0.0020673885
0.0063435184
0.002780507
0.89294535
0.42916015
0.44549942
0.0011540377
0.36701196
0.99243474
0.9963827
0.99251646
0.97888935
0.99561006
0.73820686
0.97436756
0.9932674
0.0010296135
0.83554727
0.5966208
0.001366915
0.3997563
0.9920402
0.0028783479
0.9731439
0.0020645375
0.51571804
0.98550016
0.9955715
0.59515375
0.5741632
0.9858024
0.00067893515
0.003989056
0.010364507
0.0028318912
0.4327625
0.0366835
0.0013986443
0.9953744
0.98581886
0.9105005
0.44027847
0.4379268
0.017441537
0.4362856
0.4326528
0.38152775
0.001660891
0.9673172
0.065093614
0.9919194
0.0009780201
0.2956248
0.9872192
0.98699284
0.6116452
0.0025734003
0.94663745
0.0033580142
0.8326486
0.0026544353
0.005000559
0.0020686954
0.44000396
0.98735434
0.0014785053
0.00056521746
0.5094518
0.99662673
0.6056863
0.0018852629
0.9843352
0.7138144
0.9982894
0.0029268332
0.0029723125
0.9943522
0.0016772385
0.0032170485
0.4486355
0.43715575
0.5400902
0.42857635
0.0014282295
0.9964135
0.5054339
0.0028826718
0.5137673
0.4421266
0.037852585
0.002267265
0.9944299
0.9732493
0.0075883726
0.0026267746
0.0023850526
0.92301494
0.059871573
0.9678853
0.43070722
0.658085
0.0020485325
0.0013257382
0.99044657
0.99401593
0.9952544
0.64440674
0.27978173
0.94143176
0.0025850895
0.0003496522
0.008265002
0.84079