1.0
1.0
5.007915e-29
1.0
7.644475e-19
3.035572e-25
2.070589e-22
1.0
1.1386329e-17
0.94396096
2.3728813e-23
5.579494e-28
5.291012e-27
1.7656042e-07
1.0
4.7135997e-25
1.5166257e-24
1.0
5.66226e-20
0.99996126
0.99987197
2.1259394e-18
1.28974315e-17
4.0346093e-29
1.4117952e-26
8.862227e-09
0.99578
0.9999988
3.1058943e-07
1.0
3.7780927e-31
4.618537e-13
0.000109278575
5.4004978e-11
8.7868675e-18
4.4810825e-26
0.9999999
1.0
1.0
1.0
1.7743266e-16
0.4097109
7.8059313e-19
2.5280512e-29
6.386407e-30
4.8808035e-19
1.0
0.9998981
2.0478313e-23
1.0
0.99999964
2.969362e-25
1.0
1.0
0.9811405
2.4127915e-20
1.0
9.7374996e-14
1.3428623e-23
1.7154072e-14
1.0
1.0
1.0
5.3738755e-22
0.9987264
0.9779139
1.0
9.210876e-18
0.88766825
1.0
1.0
2.5730164e-13
0.99898857
0.21196826
7.428317e-36
3.0343602e-30
4.52826e-30
1.0
1.5161355e-22
6.852602e-24
9.247585e-28
1.6147274e-26
6.881762e-23
1.0
1.0
6.032614e-22
0.99999976
1.0
1.0
0.99903786
5.614317e-28
2.1456678e-22
1.0
1.0
3.945499e-27
1.8205851e-10
1.0
0.9996891
1.0
1.0
3.3177006e-23
1.3787512e-23
3.016662e-26
2.1366033e-28
1.056055e-27
1.6271502e-18
3.1414583e-31
0.9999994
0.99999964
1.0
4.889434e-18
2.4163014e-27
0.9999994
3.1301749e-18
4.1899177e-13
1.1904061e-28
1.0555483e-18
1.4881285e-09
1.0
0.9870472
1.0
1.0
7.898454e-05
1.0
1.9117625e-15
0.9999999
6.4881103e-13
3.632814e-17
1.5095428e-25
0.99996924
1.0
0.9980586
5.501159e-17
0.9999821
7.655205e-21
1.1250888e-24
0.8961743
1.0
5.900011e-18
2.1167158e-24
1.0
2.5527902e-23
0.9998128
5.2774e-29
0.9999423
1.2131941e-22
4.720824e-29
4.8492478e-29
2.986235e-11
3.4802622e-24
1.0
0.99999034
1.05408525e-30
2.3684952e-23
1.7064995e-20
3.127751e-26
1.0
2.1356466e-31
2.63003e-30
0.9999999
1.0
1.0
0.9437287
1.0
0.9999999
7.716104e-20
1.0
0.9999999
3.1368569e-18
1.9461733e-26
1.9337741e-22
1.8325773e-17
3.729625e-10
0.59414
3.391575e-15
2.2573198e-23
1.8861268e-11
1.0
3.853919e-15
3.271951e-23
0.910289
2.1994491e-32
1.9822808e-26
1.0
0.99995065
1.0
3.7498002e-27
7.676389e-18
8.558477e-24
1.0
2.0273548e-26
1.0
1.0
1.0
5.9509667e-12
7.176488e-22
9.493721e-20
0.99999905
1.412112e-20
8.0898755e-32
2.5687227e-08
0.9999999
1.0
1.0
1.0
1.0
8.802516e-11
1.0
1.1352841e-18
1.4950602e-07
1.883281e-21
3.390216e-23
1.0
3.307527e-16
2.9959757e-17
1.2100272e-16
4.6280885e-20
0.34494826
1.94321e-22
2.5194847e-20
7.029587e-20
1.0
6.6831044e-21
1.3650114e-19
8.326257e-25
1.0
0.9999963
1.9647385e-20
2.6414659e-27
1.2527658e-29
1.0
4.2066353e-18
0.059694055
1.1392319e-18
0.9990772
2.1558614e-07
1.0
1.0
1.4023259e-20
3.2155943e-27
6.137967e-18
6.740192e-23
1.0
0.9999993
0.99946004
6.795093e-26
1.9988912e-15
3.0756611e-15
4.2329617e-22
0.00033098535
1.0
1.3227134e-24
0.9864194
5.10092e-23
1.494091e-26
3.3905366e-17
1.0
0.99988866
1.0
1.0
1.0
3.1844623e-22
1.0
0.99999976
0.9646999
2.7575795e-14
1.6327955e-26
6.650981e-29
0.024647184
1.0
2.253494e-07
0.9998155
3.6020304e-23
5.626293e-16
0.99966633
0.00023417265
0.042327095
1.265891e-20
0.9999927
0.99999833
1.0
1.0
4.893789e-30
1.3313539e-25
1.0
1.0
2.0604215e-25
1.0
1.2656024e-26
6.99908e-21
0.95264065
1.0
0.99995637
6.878835e-27
0.99999964
5.7365686e-21
0.07483869
0.99999905
1.3734178e-12
1.0
4.0436923e-14
4.552835e-24
0.966071
1.0
1.0
2.1512571e-11
0.9999995
7.3751216e-10
1.0
4.209377e-27
1.3180556e-22
0.59379876
1.0
0.99999845
1.0
2.0290854e-21
6.30251e-19
5.5962015e-22
0.9999999
5.2893682e-23
1.9287994e-24
6.2265777e-15
3.397974e-29
6.71303e-27
1.0
0.9999999
1.9658501e-14
3.899083e-21
8.898417e-18
0.9999919
0.78796446
4.7475476e-31
1.0
1.0
0.96202457
2.6074016e-24
1.0
1.0
9.9819904e-20
2.711294e-28
7.0603636e-26
1.2047157e-25
1.0
3.260303e-22
1.0
0.9930233
0.959003
1.0
1.0
0.9999999
0.99990225
4.457352e-33
1.0
7.722242e-24
0.9999982
9.216985e-27
1.6021867e-25
1.0
1.0
1.0
5.035885e-10
1.0
4.2582788e-13
3.4347214e-31
1.2483425e-12
2.5961328e-27
0.9998914
4.5534767e-17
2.4854204e-31
6.105414e-18
1.9362658e-18
1.7343466e-26
1.0
7.637044e-26
5.7696377e-30
4.3787535e-16
1.0
0.99674535
1.7435721e-28
2.3853962e-16
1.0
1.0
0.9999293
3.0897404e-13
1.2447926e-12
0.99981374
1.0
9.609286e-22
5.175097e-26
0.9999988
1.0
3.3810142e-19
1.8072632e-27
5.6526307e-14
8.363e-23
0.99999905
0.99997747
2.6009001e-20
4.3264897e-29
9.636094e-12
1.5417008e-26
0.9995377
1.0
1.8657413e-20
0.9880585
9.2248445e-07
1.0
1.0
1.0
2.3261754e-14
0.9999504
4.1401273e-23
1.0
1.0
6.734122e-32
1.751991e-30
0.999944
7.322187e-31
1.0
2.9689066e-19
1.102425e-28
1.1469274e-27
4.9230814e-27
3.6173138e-16
0.9999995
1.0
1.0
2.4110672e-23
5.3417597e-17
5.352571e-13
4.94455e-22
0.99999976
1.1225803e-25
0.002142617
3.1620643e-17
1.8040585e-29
1.0
0.99258864
0.975157
1.7274211e-25
1.3187229e-32
3.270397e-12
9.564338e-30
0.99999845
1.0
5.021106e-17
1.0
1.0
1.40869e-20
1.0
0.9999958
8.5132923e-14
0.98036194
5.2457184e-25
0.046067975
6.2101645e-22
1.0
0.9999746
2.0161903e-23
3.4779786e-32
1.0
1.0
1.0106921e-30
0.9875874
1.2723942e-18
1.0
1.0
0.11546804
3.0066638e-28
2.2485903e-21
6.2601307e-24
1.4264129e-24
1.0
1.0
4.387407e-27
0.9999527
0.9999888
1.514804e-17
1.0
2.746183e-15
5.6297096e-15
3.475261e-24
1.1980394e-16
1.0
8.360057e-25
4.225162e-18
1.1773944e-14
1.0
1.0
6.704648e-16
0.9940339
0.9999312
1.0
0.9999765
5.0797517e-13
0.00022668215
1.0
8.740533e-14
2.569947e-16
0.9999876
1.4648979e-24
1.0
1.0129277e-21
4.9822533e-27
0.99995303
1.0
2.698249e-23
4.047643e-14
5.3066263e-31
0.003788991
4.2300805e-18
0.9998078
4.1642822e-23
1.0
2.5570283e-24
2.7374906e-23
1.0
1.4711472e-17
5.865142e-32
1.069932e-25
1.0
0.14055379
8.1058995e-19
0.9999988
1.0
0.9978709
3.1177526e-21
1.7653566e-28
0.9999826
1.5253478e-22
0.99996614
2.2635431e-14
1.2416559e-30
1.7219756e-15
4.218608e-25
3.0810832e-32
1.3125178e-20
8.040017e-14
5.8695366e-22
1.0
8.310528e-15
1.0
5.812203e-16
1.0
1.4176845e-24
3.917054e-14
6.99459e-30
2.7639155e-28
3.028447e-25
0.9999988
1.26658274e-26
5.0969587e-28
1.5868745e-13
1.0
1.0
5.9494395e-18
2.743762e-24
5.511208e-29
1.5015761e-26
1.0
6.109107e-29
1.0
1.4220245e-06
1.4218765e-24
1.0
1.7034621e-20
0.9999999
1.0
2.2472726e-26
1.0
0.99999857
1.0358903e-26
0.99984586
4.3652016e-28
1.0
1.0
1.0
0.99999917
0.9999887
3.2059648e-21
1.06648e-26
3.0521576e-22
6.1697854e-30
1.4077658e-13
1.0
0.90079784
1.55396e-24
0.39838576
7.314248e-19
1.0
1.9829433e-29
1.3399163e-21
1.6894673e-24
1.3060104e-05
0.99999964
7.0895025e-21
1.9626328e-13
1.6600177e-30
1.0
4.2557636e-27
1.0
1.0
0.99998105
2.1195498e-26
0.9999589
1.014394e-27
5.3914102e-11
2.4893981e-22
9.445924e-21
1.0
5.512786e-21
0.005262277
2.6227004e-27
0.99999046
0.9685476
4.781947e-19
1.0611502e-14
5.5676755e-27
1.0
1.0
1.0
6.924494e-25
2.3849412e-16
0.9999604
0.83003485
1.0
1.5306538e-27
0.99990356
0.7070558
1.2203219e-17
2.066731e-21
2.2775117e-27
0.9999999
1.0
2.4527127e-21
1.0
0.999995
1.1871441e-08
6.186444e-16
6.925929e-30
1.0
1.9140223e-32
0.99408406
1.0
3.1459339e-22
1.5003012e-31
7.293471e-13
8.1329075e-19
1.0
0.9999975
1.0
0.9992581
7.532027e-13
1.0
6.451236e-10
1.0
1.0
1.0
3.1010906e-19
2.5806526e-18
1.5350222e-19
1.6342263e-29
1.0
0.9884558
5.3163695e-17
0.9999932
4.372083e-36
2.6364446e-33
1.0
3.016869e-26
0.99998844
1.0
1.5088564e-19
0.99995816
0.9999976
1.0
0.0035141574
6.5032366e-21
1.0
0.9999993
0.00072562986
1.977567e-27
0.9961443
1.0
0.99998605
1.0
0.99978083
1.0
0.99999833
3.8164983e-21
2.8690787e-12
0.9999286
1.4698304e-30
1.5525944e-20
6.3526667e-12
1.1039016e-29
2.1471663e-22
7.690599e-27
1.0
0.9525533
5.238241e-17
1.0
1.0
1.9817672e-14
3.4767548e-34
1.0
4.143339e-21
1.0
1.0
1.0
0.8821913
1.0
5.946556e-26
5.3569327e-28
1.0
4.6045946e-21
5.505131e-23
0.99999905
3.497247e-30
0.94002205
1.58684e-18
6.283454e-25
0.9992023
2.3939156e-34
2.3753278e-22
3.2777533e-27
1.1228584e-18
2.7851674e-21
1.9492245e-21
4.1441462e-13
0.9999906
1.0
5.408765e-26
5.1384284e-34
0.9999976
5.686032e-18
3.597839e-32
1.0
1.0
3.0822744e-22
0.99999917
1.1857214e-18
1.0
8.485492e-25
1.0
1.9752824e-05
8.599302e-28
3.0193069e-28
1.7774764e-24
2.098737e-17
5.2761525e-29
1.3342011e-25
4.4109424e-31
0.9999509
0.7168901
4.272038e-23
0.99997747
2.6188633e-18
4.2775202e-29
1.5947923e-15
3.648006e-17
0.99999976
1.0
0.9828341
1.9483296e-24
2.8641212e-22
6.2269764e-13
0.99987936
4.6594658e-18
1.0
3.7962678e-23
7.5988845e-27
1.0
3.6325913e-25
1.5721569e-25
0.9999995
1.0
2.14036e-24
1.0
6.1571747e-25
6.357247e-20
0.9999999
0.9980186
0.99351406
9.005305e-32
1.0
1.0
0.999997
1.0
3.6658523e-15
1.0
0.99992037
1.0
1.1078521e-18
1.6025352e-10
4.7379165e-26
1.0205851e-19
2.4474925e-25
1.0
8.6992784e-27
1.0
5.3071846e-19
0.9988681
1.0
1.1031659e-27
9.87832e-26
3.1888547e-27
0.62672085
1.0
1.0
1.0
1.0
0.9999975
0.9998116
2.4078075e-28
3.8064488e-15
0.99999285
0.99845314
1.0003859e-29
1.0
0.9999939
1.0
1.0
3.019488e-30
1.00890145e-14
0.9999958
1.0
3.329434e-27
0.83909374
5.290836e-25
1.0
1.4464847e-31
3.3973432e-19
1.0
0.999843
0.0014792462
0.9999999
0.9999957
3.2731393e-29
1.1310881e-23
5.0922287e-16
1.0
1.0
8.01613e-14
1.0
1.0
1.0
1.0
1.0
2.7227158e-28
1.2993774e-14
1.0
5.4758953e-22
4.3207236e-11
1.3104652e-22
0.99996626
5.6789496e-31
3.9504386e-27
7.956991e-30
6.3385474e-14
1.0
2.1677851e-27
0.99999905
4.6948917e-10
1.0
3.5823244e-16
1.2978392e-29
4.2057833e-26
1.2350346e-20
1.4911507e-29
3.68781e-26
0.6764023
5.9184896e-20
0.99996877
5.493283e-29
1.0
9.838602e-27
8.513443e-05
7.149249e-10
0.64930904
1.0
1.0618277e-19
0.004963969
2.1626291e-14
9.5882076e-27
1.4988924e-33
1.0
9.10158e-27
3.9970355e-06
5.761808e-15
1.6812486e-08
1.0
3.5998096e-28
1.0
1.0
0.9999958
0.9995524
5.674039e-22
1.0
1.0
0.7099627
1.4192876e-22
1.0
0.00037165533
1.0
3.6677374e-09
1.5101743e-20
0.9999999
0.9999999
7.4847014e-19
1.0
2.0707016e-20
1.0591235e-15
8.774547e-24
0.24056534
1.0
0.9999995
4.507784e-23
1.0
1.0
4.748773e-26
1.0
1.0
0.9999269
0.99999666
0.999998
2.1203217e-15
3.537656e-18
1.0
4.438734e-20
1.0
6.828194e-12
1.0
1.0
1.0
1.0
5.2599026e-26
1.0
1.0
5.411308e-32
1.0
1.1004807e-26
3.287884e-27
6.1403804e-25
2.098356e-29
8.2106405e-22
3.1391448e-17
1.0
0.9980782
1.0
4.0462004e-21
0.99999225
0.87867284
7.180528e-18
7.270634e-25
0.9999993
0.9999927
7.079591e-19
0.99999356
1.0
0.9999999
3.3520397e-28
1.0
4.3068298e-21
1.0
3.6023043e-16
8.961704e-27
8.7726215e-28
0.9999999
6.1878403e-30
1.0
1.3229688e-27
0.999974
1.9897478e-14
5.2637012e-24
0.99969995
1.0
2.6408977e-15
1.0
0.9999994
3.673217e-29
0.99997044
5.18597e-17
5.694614e-23
2.8071381e-15
2.7896198e-23
0.9917291
0.00015433056
1.0
0.99999845
0.99901664
2.3743595e-21
1.0
4.0618386e-27
0.9957034
1.827536e-18
3.3377073e-15
2.9036686e-23
2.2372769e-23
1.0
5.420458e-18
0.9999292
7.722054e-27
1.0
0.9929068
2.6306227e-22
1.0
3.868131e-23
7.845849e-18
0.9999999
1.4276833e-21
4.413897e-27
1.0
1.0
6.559059e-24
0.013011607
1.0
1.2798045e-31
7.579701e-24
1.0
1.7993267e-10
2.5376296e-19
4.4051146e-28
8.656781e-25
2.718277e-26
3.5840256e-20
7.7335824e-19
0.99999857
0.9999999
0.9999503
2.1500903e-24
6.655707e-20
0.9999895
1.3444611e-16
1.6964455e-20
0.8591615
4.5600748e-20
0.9999999
1.0
1.0
1.0
1.0553231e-25
8.5900845e-29
0.9895555
1.0
1.0
0.99999976
0.9999999
7.624058e-27
1.0
6.049779e-16
1.0
1.0
9.704548e-22
6.829249e-12
1.188533e-19
1.3605213e-32
0.99998176
1.0
0.99999976
3.7644545e-16
1.0
2.8798024e-27
1.0
1.8037653e-26
1.0
1.0
1.0
1.0
1.0
3.6713026e-19
3.6313267e-27
5.948698e-23
0.99998665
0.9999987
0.9974679
1.8487878e-27
1.0
1.0
1.0
9.074941e-15
1.0
7.623028e-15
0.99999905
0.9999932
1.0
1.7179458e-24
3.317975e-14
1.0
5.2262573e-20
1.5487526e-16
1.1324965e-29
1.0
5.484711e-13
0.0050886627
0.9999975
0.9990565
1.385655e-09
1.5379892e-25
0.99998784
1.0
2.5729076e-25
1.0
0.99956495
1.1989255e-25
2.0065559e-28
2.4678015e-23
4.1210772e-23
0.9999994
8.911167e-23
7.137353e-14
0.9999969
0.99999917
1.8624068e-27
7.9157385e-27
1.0
2.883642e-25
0.9998869
4.144797e-19
1.1852261e-22
1.3763203e-20
3.5616458e-28
0.99999905
1.6817226e-20
1.250876e-27
1.0
2.452086e-21
1.9129213e-16
0.9985366
2.1206477e-05
6.0055753e-19
9.527617e-18
1.5738385e-12
3.639918e-16
0.9999999
1.0
1.0
2.7130807e-23
0.99027634
3.416249e-36
0.99999964
4.3870707e-09
1.0
0.9999995
1.0
0.99999845
3.3250651e-21
1.9502101e-17
6.8162883e-23
0.99915516
6.751852e-11
0.8253522
8.005203e-11
0.7561591
5.3718573e-18
0.9740093
0.97821915
4.243585e-14
0.995187
0.99734205
1.0
1.0
1.0
9.482164e-15
7.818889e-28
0.9999274
6.9380633e-16
5.4296294e-24
2.1117794e-17
9.2678164e-14
0.993038
1.0
1.0
0.9999995
4.765811e-27
1.0
4.288514e-15
2.8765825e-14
2.1944159e-29
0.9999908
1.8365896e-22
8.5528225e-26
2.5379244e-23
1.0
7.177266e-19
6.3976146e-25
9.850743e-25
6.957368e-28
2.5359362e-34
2.847033e-20
1.3254481e-21
0.99999976
2.2922605e-26
1.0
4.2743896e-21
9.319046e-21
3.2161113e-26
1.0
0.9823282
6.07102e-25
1.5970921e-13
1.0
0.9999968
1.377264e-30
3.686221e-26
1.737352e-27
2.325379e-12
0.99990106
1.0
1.7958679e-13
0.99999654
0.9986821
1.0
1.01610295e-25
1.0
6.765378e-25
5.4806056e-19
0.50484604
1.0
1.3979036e-20
1.04377915e-20
0.99997056
3.9564148e-25
3.688889e-21
6.4858464e-28
1.0890001e-12
1.0
1.0
3.2409418e-25
3.032117e-06
1.0
9.389502e-25
0.4398785
0.99999976
2.787774e-27
2.9702124e-17
1.0
2.66271e-28
5.56516e-23
1.0
1.377731e-12
1.0
3.370419e-25
1.3867594e-29
3.1592968e-21
2.5107468e-33
2.87824e-29
1.0
1.2296857e-26
2.6502868e-20
3.3877465e-12
1.0
1.0
0.99997973
0.999997
3.119508e-17
7.605109e-22
0.9999963
1.7226436e-25
6.6667424e-18
1.7453125e-09
4.2258863e-11
0.9999999
3.1281216e-18
1.4545936e-35
1.0
1.9083068e-17
4.2241297e-11
6.3224384e-06
0.99985695
0.99999845
4.128333e-22
1.0
7.932069e-25
5.3928956e-28
2.9414318e-07
0.9999999
4.043382e-26
1.0
1.0
3.245332e-26
1.6370732e-27
1.0
1.1918938e-25
1.0
1.884819e-21
0.9525716
1.1262657e-16
1.540634e-22
1.0
4.3162463e-17
5.0806217e-25
0.8162038
1.0
2.107953e-20
3.2958189e-28
1.0
0.99999976
1.0
1.0
1.0
1.0
1.0
9.759813e-25
1.0
2.9544912e-26
1.5264993e-12
1.6966437e-23
7.5277665e-19
1.0
1.273737e-22
0.9999987
0.9999999
2.602056e-24
4.554563e-28
2.0603454e-15
2.655092e-21
0.99999905
3.7444247e-20
1.0
1.2660721e-24
5.4239086e-19
1.0
0.9999999
1.0
0.99992394
4.775793e-16
0.99983454
2.1793264e-20
4.0492183e-14
7.646298e-15
8.3154333e-10
4.2025826e-23
0.9999999
2.631509e-27
1.6608577e-18
8.4367e-30
4.1011945e-06
1.0
1.0
0.99999905
1.0
1.0
0.2353762
0.9999914
0.9999995
4.442804e-18
0.99739814
1.0
1.1489736e-25
0.8956613
1.0
3.8713776e-31
1.0
8.268992e-26
1.0
1.0
1.0
1.0
1.0
1.0
5.540525e-23
2.6563868e-30
2.077369e-22
1.7922151e-26
3.3176354e-24
2.8805812e-28
6.9574555e-26
1.0
0.9999999
0.999905
5.3504327e-15
1.091653e-21
1.04138105e-20
2.7507424e-16
1.7687076e-27
0.008221649
2.2458364e-23
0.9999999
9.873749e-21
0.9999999
2.4086574e-24
0.27098566
1.0
1.0
1.0
1.4261587e-22
0.99999774
3.742307e-11
0.99576664
1.4985768e-27
8.0833584e-19
9.923477e-29
9.620289e-22
1.0
9.660732e-24
2.3144682e-15
1.0
1.0
1.0
7.7574755e-29
0.9999999
0.9990977
1.0
1.0141912e-30
4.6690603e-31
1.0
3.6750727e-11
1.14587135e-23
1.6272669e-12
0.98715657
1.0
2.9805366e-20
4.079593e-17
0.9999999
0.9999709
6.572126e-26
1.0
1.0893927e-16
9.837927e-27
4.8645142e-29
1.0
1.0
2.947163e-26
6.976218e-26
4.2435554e-20
0.9998677
4.384724e-11
0.9995521
1.2932653e-25
1.0
8.664367e-28
5.874224e-20
1.0
1.0
1.0
1.0
1.0883143e-05
1.0
1.4917551e-27
2.5639895e-19
3.5199078e-29
1.0