0.57476413
0.996639
0.3554315
0.70379514
0.38607776
0.0035837167
0.008887323
0.99640214
0.35395473
0.5476902
0.24439873
0.0069534127
0.008891044
0.33398825
0.988487
0.0033065777
0.015358908
0.20206495
0.01656909
0.51378745
0.5028346
0.006104464
0.3503818
0.010024113
0.0037095165
0.048206013
0.5097089
0.8935313
0.43952805
0.972615
0.00655172
0.34046835
0.59876144
0.42212284
0.25461537
0.36630496
0.5688147
0.9763396
0.9931203
0.9901502
0.018344028
0.5064017
0.0031815278
0.3714926
0.0080715455
0.0006508041
0.6282712
0.92279917
0.008664269
0.979321
0.94339514
0.007326814
0.9887166
0.98665524
0.52852523
0.010609885
0.7170044
0.009538658
0.007353014
0.010094755
0.64477015
0.9886867
0.6190069
0.36681882
0.6409913
0.78580415
0.68524784
0.002653554
0.5725772
0.6345986
0.986021
0.007375217
0.88851273
0.17542766
0.031294666
0.008287984
0.009284057
0.73595035
0.3827271
0.35741016
0.011646428
0.0039900756
0.37443116
0.97386533
0.97436655
0.0060705324
0.5862046
0.9842115
0.9914835
0.5248951
0.006863316
0.006161746
0.98521
0.96292734
0.09257482
0.008643455
0.97070235
0.8954093
0.98834455
0.99479204
0.37391865
0.3456559
0.0039795684
0.006003824
0.3720447
0.003461745
0.0060391612
0.87130606
0.9364495
0.99740005
0.0064598625
0.35578996
0.9917972
0.00342073
0.30144837
0.009714512
0.00546309
0.0077148355
0.9844099
0.7389215
0.7835966
0.9803493
0.01997
0.9975163
0.01338252
0.9871638
0.0065498305
0.0104175415
0.0072672693
0.9131311
0.97234386
0.9355812
0.010896529
0.96987176
0.0035948784
0.006232895
0.070259765
0.9979765
0.37951
0.001762982
0.9985884
0.006557359
0.78133196
0.0071721203
0.73853725
0.011534091
0.0051726187
0.40623373
0.0016228172
0.0046261246
0.9723688
0.9672373
0.3467855
0.009859646
0.030200696
0.34174258
0.99205375
0.007994995
0.010553262
0.76938474
0.99147004
0.9920591
0.34059766
0.98569447
0.97285664
0.0062333206
0.7642177
0.54356706
0.001617338
0.012843031
0.007818381
0.34829938
0.018144015
0.47377774
0.009554065
0.0015361346
0.007031008
0.9901826
0.0025113523
0.0058191097
0.40537068
0.010244143
0.005682899
0.9925931
0.89371926
0.9844498
0.3685809
0.37216163
0.009768984
0.9018614
0.006238388
0.9717943
0.98411524
0.9732766
0.026303917
0.0042320313
0.38151664
0.97622323
0.004765958
0.0070079947
0.0051463107
0.9596319
0.9911078
0.9467648
0.99468166
0.99204975
0.022213442
0.991577
0.011948528
0.015607388
0.40070486
0.35550746
0.98842365
0.0011556449
0.3901702
0.3866679
0.0027211471
0.06592447
0.0036236236
0.006450813
0.0006970625
0.9895928
0.0025694133
0.0030538654
0.006666449
0.9854665
0.94665426
0.03542141
0.36023998
0.0067768246
0.977976
0.3552007
0.50504947
0.3432284
0.52959466
0.25440118
0.98811823
0.99639386
0.0015024436
0.004650009
0.009101248
0.0027390122
0.9872256
0.92197186
0.7102438
0.005958583
0.37038943
0.15089227
0.37927106
0.38578054
0.99070346
0.0030826312
0.82088894
0.3214855
0.0060900906
0.0024706211
0.97079885
0.9703377
0.9669055
0.99303585
0.98654884
0.004044761
0.99142504
0.9726729
0.13594753
0.0061364397
0.005134447
0.004675097
0.47894254
0.9901399
0.43153355
0.04012333
0.009626994
0.005165393
0.85397685
0.34402183
0.2452414
0.0050375117
0.9912981
0.95629615
0.9892713
0.9941922
0.043290455
0.0070931935
0.99433523
0.99330324
0.3530062
0.9853593
0.006246967
0.3430837
0.32146868
0.9894293
0.54108506
0.00716824
0.982989
0.009506578
0.30021632
0.9714215
0.0039605037
0.94748163
0.37230444
0.0062506595
0.5743656
0.9885134
0.98470706
0.0021161425
0.59044576
0.036206823
0.98720723
0.007009106
0.009659222
0.5227812
0.99196213
0.9641309
0.98791224
0.0036106484
0.01935713
0.012192857
0.98033994
0.010441484
0.0022386473
0.019077267
0.0069133122
0.0023474412
0.97995275
0.59538925
0.0039314204
0.0004996739
0.37245178
0.95694524
0.774073
0.0031122451
0.94073814
0.9954123
0.8655664
0.37570122
0.9897954
0.9916293
0.010736566
0.0047667883
0.0041029463
0.0061660665
0.9705428
0.44454214
0.9779587
0.4418858
0.7475883
0.8773383
0.99604994
0.9555441
0.94732046
0.006999353
0.9859881
0.42029452
0.9293423
0.009152664
0.01088222
0.6109258
0.99722326
0.7533466
0.0026129012
0.91976094
0.006417957
0.0061582983
0.004843318
0.35466126
0.96497667
0.0062869997
0.00790804
0.39528295
0.30658722
0.006208914
0.99115634
0.0017907148
0.009803122
0.0036921408
0.98012125
0.80968106
0.008615747
0.02509414
0.9796643
0.7449841
0.84186345
0.0003397067
0.17147362
0.92586946
0.99186474
0.42294982
0.0055650617
0.9788164
0.69696885
0.0024188396
0.005872026
0.001094326
0.3752729
0.9501318
0.9653736
0.004085081
0.006162339
0.006429367
0.005415163
0.86300296
0.96460176
0.43501905
0.53321755
0.29316974
0.9814198
0.9783408
0.97483397
0.39083728
0.9399171
0.30901018
0.9477829
0.9952951
0.009301286
0.005621795
0.8962877
0.010209431
0.9960259
0.0040803966
0.008087435
0.37865552
0.007832658
0.0027826868
0.97069067
0.9925855
0.9931056
0.4623775
0.013153628
0.03446117
0.0118764825
0.95608133
0.3169039
0.0050644055
0.01261991
0.005611582
0.993234
0.55005634
0.87720627
0.3685222
0.0072761225
0.02000705
0.005272063
0.959896
0.9913686
0.0018608929
0.9884077
0.97525454
0.3629299
0.99584866
0.9770737
0.40359828
0.743854
0.0016967931
0.26967153
0.011583143
0.97055537
0.76262474
0.006213255
0.004842826
0.9880751
0.9845389
0.0074827475
0.83007365
0.0019288118
0.99598867
0.98899287
0.47411755
0.008119949
0.0011619433
0.36928174
0.0074793915
0.9909961
0.67296296
0.009676977
0.95789504
0.89556646
0.009052877
0.9904841
0.014828736
0.0048879283
0.37828666
0.382281
0.930451
0.0065723415
0.0031502994
0.001459512
0.98331994
0.99209374
0.35921168
0.5087567
0.63225955
0.9964018
0.9550452
0.3674411
0.46217635
0.9844184
0.00086010323
0.0033687842
0.5453538
0.36051065
0.993707
0.0009665218
0.0061735627
0.91336787
0.9879881
0.007759159
0.097765125
0.007817916
0.15651637
0.00939067
0.87067837
0.0024213318
0.9758876
0.376459
0.30193418
0.6233372
0.00039600342
0.0078120176
0.008066035
0.7248211
0.62033445
0.0009486439
0.9687849
0.99167025
0.8357374
0.40949908
0.009043821
0.96171486
0.010077592
0.9547463
0.2927883
0.12428908
0.47832894
0.009383663
0.010217167
0.00055138
0.40365028
0.0023565805
0.6016504
0.34463784
0.99076277
0.39008483
0.90463394
0.26323375
0.006796128
0.008820659
0.01142235
0.005936782
0.9935557
0.0091162985
0.016238581
0.36211303
0.98484
0.9962501
0.38213134
0.0067283376
0.030444436
0.0026484055
0.97460914
0.009657452
0.9935563
0.31239396
0.38310748
0.9908715
0.0060512577
0.95987844
0.9905998
0.008550025
0.84681195
0.8529493
0.0021624372
0.5136883
0.0060285972
0.9959913
0.92393863
0.9887666
0.93053395
0.9586308
0.038354084
0.006033296
0.0019024468
0.007947496
0.0073888963
0.9829154
0.69656324
0.00509835
0.3534707
0.009399478
0.9959871
0.048775222
0.007841998
0.32817265
0.16492139
0.6195234
0.0018176767
0.0022748401
0.006580183
0.99674016
0.011258597
0.9934629
0.9980375
0.94975334
0.004673176
0.95776516
0.00616514
0.37912014
0.36553302
0.0075410935
0.7118966
0.012380035
0.90428936
0.009440289
0.98219913
0.29183
0.002340382
0.010107085
0.010024458
0.96056825
0.9790533
0.964254
0.34054452
0.013731796
0.79628336
0.48509422
0.9928275
0.0053759306
0.84688145
0.77529985
0.3998368
0.00403849
0.37850696
0.9420645
0.98923117
0.00093452935
0.9980021
0.9847425
0.010984259
0.02102935
0.0066902745
0.984976
0.028640563
0.8526002
0.9813876
0.004101392
0.009219736
0.0085655395
0.08279336
0.6670367
0.93354464
0.97027135
0.97803533
0.38209936
0.8152556
0.0033726257
0.9231806
0.97817904
0.96290535
0.004451633
0.0078123696
0.37025452
0.003498872
0.95726305
0.6968843
0.00063514913
0.9761629
0.006918041
0.010477829
0.9503351
0.39317548
0.55982375
0.9961606
0.008859063
0.9050775
0.7118347
0.9874264
0.13516895
0.011091678
0.99012214
0.946959
0.6396482
0.013931034
0.53873163
0.99470043
0.9082224
0.993048
0.9668255
0.98481596
0.98935014
0.013065815
0.020163225
0.9014389
0.0033629441
0.34835064
0.024564454
0.0031414262
0.008697149
0.0075911414
0.97807556
0.42502114
0.3165503
0.62599784
0.986704
0.013386966
0.0078089293
0.99351454
0.004954171
0.98993415
0.9938253
0.6838485
0.5069786
0.92823774
0.0070171757
0.10453692
0.9932666
0.38718486
0.0022766124
0.924672
0.006207381
0.35154328
0.0022781065
0.004637083
0.7156901
0.010138295
0.0056643
0.006377077
0.014024644
0.39452246
0.0038480617
0.0036891794
0.9661541
0.97581255
0.34524465
0.005158999
0.95345515
0.004447841
0.007935569
0.94363177
0.58609927
0.010447625
0.5680311
0.38373396
0.96314615
0.0031889495
0.99853504
0.040201522
0.008574121
0.37827933
0.15749003
0.3918405
0.0043351417
0.004498128
0.006256719
0.9599572
0.4798202
0.008354641
0.97494054
0.031240467
0.003609069
0.32102376
0.004715253
0.9449496
0.63147855
0.88203424
0.008617463
0.08706864
0.014416835
0.82824254
0.0018486697
0.9865595
0.003985744
0.08386611
0.8057053
0.0049829106
0.0063386005
0.96472675
0.99593157
0.4038278
0.96786356
0.0030676723
0.016189605
0.8854137
0.050085742
0.8895235
0.007881784
0.98956096
0.99125355
0.53804654
0.9931164
0.007518697
0.9958483
0.96782416
0.97118425
0.009885235
0.0033703519
0.012159444
0.45187056
0.009358056
0.997279
0.0077125793
0.98764336
0.32890406
0.8578562
0.9932433
0.006012982
0.0062859217
0.0065859146
0.3337
0.9422278
0.988424
0.99675226
0.7384615
0.5153786
0.80665666
0.008423717
0.3536597
0.797915
0.6625677
0.00923917
0.95691794
0.98159134
0.9983431
0.9873554
0.007855577
0.009831341
0.9700936
0.99863094
0.0022991793
0.45919907
0.36822468
0.9948749
0.0057178442
0.0056538978
0.97950476
0.9579245
0.30735877
0.97940916
0.9334571
0.0071674935
0.005341563
0.04949804
0.99286085
0.9964765
0.2710515
0.99661285
0.58331674
0.97155184
0.9873875
0.93839705
0.0059228432
0.0005311397
0.9830094
0.008983981
0.004108819
0.0044973656
0.81351525
0.008935146
0.0053092176
0.0072705722
0.3877235
0.9945833
0.35166872
0.89584285
0.0050861984
0.6443801
0.016203906
0.41199115
2.7620352e-05
2.107802e-05
0.0027605454
0.006602601
0.44786766
0.38235557
0.92832845
0.010103183
0.98571545
0.38090277
0.011133641
0.037431248
0.13836053
0.62009597
0.29398647
0.7565306
0.0023436127
0.35562834
0.005288247
0.7922942
0.3661996
0.009875729
0.3736612
0.2895647
0.986453
0.0043426976
0.9912879
0.9562978
0.92976266
0.9599818
0.0119294245
0.90548825
0.98918766
0.31137738
0.005366334
0.9933868
0.2727112
0.99412954
0.011239743
0.008142843
0.57726586
0.9708175
0.35924622
0.9885533
0.004147004
0.002065991
0.043058928
0.07773529
0.9931536
0.5764484
0.3716975
0.756385
0.97750616
0.014780421
0.99075633
0.9738342
0.97501206
0.9313186
0.96338063
0.35223836
0.006621939
0.97427666
0.39129737
0.9857372
0.38719952
0.9959196
0.5588601
0.93619347
0.99344313
0.313447
0.618934
0.98938304
0.007847665
0.98212653
0.005357464
0.0079331435
0.00760162
0.0058385464
0.36205012
0.004850091
0.6382217
0.5534285
0.9806997
0.005260922
0.92186195
0.25574937
0.009001153
0.008512011
0.9549057
0.8403563
0.35486358
0.94704616
0.98166656
0.9675424
0.010836088
0.9871503
0.00028964318
0.9739769
0.0034833169
0.0050825174
0.37469748
0.98105836
0.00983194
0.99667406
0.3283618
0.90956926
0.39652172
0.0018480644
0.8831074
0.9905742
0.008817104
0.9954768
0.994934
0.009549991
0.907155
0.013986868
0.009045851
0.38520232
0.40584943
0.68062687
0.16570975
0.65218765
0.55125374
0.9085792
0.3855844
0.7190042
0.005974958
0.8867039
0.33640292
0.34083894
0.00506815
0.004736861
0.9873453
0.3937802
0.59120464
0.00632924
0.9699662
0.48368376
0.0026591707
0.9630787
0.008511178
0.38687202
0.94920254
0.09144536
0.0049089543
0.9422404
0.990644
0.37874904
0.005474174
0.7259284
0.0059572356
0.37517014
0.9926109
0.43527082
0.38881984
0.040981192
0.011352317
0.3536264
0.38397858
0.29396927
0.8448269
0.9873727
0.9620466
0.0012441659
0.36081293
0.94203323
0.0028495668
0.012082444
0.6149212
0.0070307716
0.9794764
0.9931601
0.98506886
0.9853258
0.007456697
0.005471062
0.7657505
0.97893184
0.96652013
0.8394087
0.6872548
0.37070203
0.990576
0.0058443225
0.9820895
0.9976527
0.0029258637
0.0024354593
0.0057615465
0.007767178
0.9863483
0.98821914
0.9690514
0.0007835579
0.99781203
0.0055876593
0.65578455
0.0059630526
0.9737887
0.9802624
0.9606778
0.98896897
0.97727126
0.0012241009
0.36590666
0.009415386
0.9660813
0.8731565
0.54374677
0.0069252555
0.996597
0.9939674
0.7098326
0.002750634
0.9830725
0.0036019236
0.9680544
0.9671468
0.9937152
0.0062827235
0.40115213
0.9736526
0.013335715
0.006260067
0.00792213
0.9883356
0.007275844
0.4826988
0.970674
0.8313801
0.020366574
0.0030174216
0.75854945
0.99337983
0.00836588
0.9890205
0.5177441
0.0035715695
0.0032281317
0.005546481
0.0028501982
0.97863483
0.35485318
0.014820492
0.9530409
0.93746823
0.007823439
0.02913844
0.99413115
0.0032255582
0.92754126
0.0035615102
0.00401514
0.0023231283
0.0051693986
0.9454292
0.004094952
0.005439159
0.9873618
0.006989795
0.008016304
0.58282274
0.023006704
0.0034989847
0.0017133605
0.3048532
0.39289427
0.9603375
0.99085313
0.9920826
0.0035389299
0.8575274
0.006693792
0.98556805
0.05112144
0.98801965
0.97868824
0.9714633
0.9458442
0.0070610796
0.011680655
0.35876507
0.9593458
0.43316364
0.6467309
0.23498128
0.40881008
0.39835975
0.6791548
0.3885351
0.3856484
0.7769659
0.869678
0.9885443
0.5646024
0.9208773
0.0032654887
0.003840719
0.96177804
0.028196646
0.0045908927
0.004344172
0.0071646674
0.8392872
0.9788785
0.991052
0.9842014
0.0038102565
0.99760723
0.017039757
0.0026240766
0.037190445
0.82340443
0.0019385814
0.007704121
0.36794895
0.9595329
0.030550709
0.37745616
0.008272408
0.009824367
0.0079636
0.0055556544
0.004228942
0.9711529
0.003778329
0.94804364
0.18754832
0.39583126
0.009414075
0.97166383
0.26362982
0.00860024
0.015088805
0.99610114
0.9710222
0.008891507
0.008165427
0.008177875
0.3440282
0.87937945
0.99640095
0.0022309972
0.98825884
0.8295439
0.98290986
0.0036205691
0.996561
0.0062389
0.0019728174
0.114207
0.97401446
0.0055776685
0.323646
0.9545858
0.008135256
0.0025351462
0.009901209
0.0074580377
0.9925754
0.9444876
0.0077924794
0.26738346
0.9914654
0.004515767
0.18859598
0.9781114
0.009333105
0.00016129353
0.99265987
0.0026738108
0.011393681
0.97714615
0.3935607
0.9937324
0.006674967
0.0057689836
0.00800109
0.007922984
0.13455394
0.96570164
0.32479328
0.0064933463
0.3880252
0.9909685
0.84731466
0.90902704
0.5407045
0.00041162575
0.008280889
0.98319465
0.0017315609
0.38789076
0.012586093
0.3661031
0.96930164
0.38566834
0.12104986
0.98722494
0.3783575
0.0038468556
0.25846988
0.9505345
0.9234126
0.0046869316
0.9564992
0.008524967
0.37797952
0.2162306
0.989317
0.0063081207
0.7080537
0.9739281
0.0077621955
0.005135709
0.9804756
0.003729319
0.9896142
0.0038010366
0.6629836
0.43360853
0.009402165
0.9795305
0.004973026
0.009070711
0.5343145
0.98594075
0.005277207
0.06741315
0.9828203
0.60194784
0.9883669
0.95979345
0.62555045
0.98634285
0.6450132
0.0073755034
0.98925006
0.0087163765
0.40577483
0.012194828
0.0065027354
0.9965282
0.007957356
0.97237283
0.6231873
0.009875365
0.009104818
0.008711694
0.0041938056
0.95987934
0.025393954
0.98537713
0.00476606
0.38588163
0.71705717
0.9478685
0.9593118
0.9217687
0.0131263845
0.8495013
0.000716614
0.012866872
0.005212571
0.0044881906
0.001539589
0.86490774
0.36350265
0.3703121
0.006747018
0.22647567
0.95382947
0.9866152
0.9671829
0.96795124
0.99300873
0.66366524
0.9651846
0.9812961
0.008007713
0.6515979
0.77735716
0.0046355403
0.3081778
0.9885262
0.0072271097
0.96512145
0.008268321
0.6219316
0.9986197
0.9958538
0.6773238
0.6774516
0.9906316
0.003515126
0.0045635677
0.009309956
0.007853733
0.41921678
0.0618666
0.0054152426
0.9903392
0.94965744
0.8719008
0.36745048
0.37619013
0.059184425
0.39004225
0.3495657
0.27945447
0.0034828132
0.9526827
0.2235938
0.95942885
0.0029557704
0.20599619
0.991499
0.9806569
0.796486
0.0038250105
0.898277
0.005983324
0.85429794
0.006937856
0.0042392374
0.0073337085
0.37802917
0.9911504
0.0055847745
0.001607332
0.58393306
0.99204797
0.7329357
0.006842507
0.963888
0.7610056
0.9978884
0.0070592375
0.003418106
0.9825832
0.026736064
0.0067205788
0.31959414
0.56918347
0.57691246
0.37324095
0.009042424
0.9689928
0.6110883
0.0071097994
0.60099757
0.3758872
0.040274892
0.0075688553
0.9811109
0.9775938
0.0051826695
0.005971515
0.012665617
0.765514
0.030347092
0.8864332
0.42633766
0.7130463
0.0029030307
0.0017438981
0.9818064
0.99440527
0.96998906
0.73962426
0.018488834
0.9817494
0.009837025
0.0011566129
0.0068295514
0.8715603