0.46698236
0.47077277
0.45665282
0.46957788
0.4564133
0.45199916
0.45218247
0.4706609
0.45541155
0.45929992
0.4525334
0.45050687
0.45198897
0.45819178
0.47030064
0.45372
0.45203647
0.47039503
0.45154393
0.4644064
0.46620306
0.45453396
0.45598003
0.45073906
0.45229888
0.4559752
0.46706885
0.46414706
0.4570486
0.46772695
0.4510407
0.45495275
0.4606111
0.45460933
0.45781568
0.45349836
0.4695998
0.46895158
0.46899512
0.4701385
0.45463675
0.46661305
0.45506993
0.4555151
0.45183983
0.45481455
0.46593004
0.4679377
0.4532222
0.47048652
0.46316054
0.45108497
0.4719445
0.46281832
0.46599722
0.4539809
0.45939416
0.4551439
0.4541078
0.45494574
0.46356377
0.46824515
0.46276328
0.45744714
0.4635467
0.4677138
0.46966323
0.45195523
0.46441185
0.4663578
0.47025743
0.45569327
0.46752492
0.4569078
0.4528082
0.45018062
0.45158643
0.46369028
0.45838016
0.4534031
0.45037547
0.45176524
0.45393816
0.4689626
0.46522585
0.45226312
0.46260178
0.46605435
0.4595318
0.45919424
0.45087466
0.45288232
0.46999127
0.4720134
0.45312905
0.45683634
0.46360326
0.46760812
0.4714816
0.46782336
0.45619893
0.45586228
0.4525519
0.45138484
0.45415804
0.45593646
0.44997168
0.46873975
0.4646323
0.4553564
0.45189485
0.4560644
0.4651015
0.45516545
0.45643893
0.44983754
0.4544331
0.45327264
0.46872792
0.4643745
0.4664455
0.46520922
0.46224287
0.4701101
0.45593295
0.46370792
0.4555731
0.4562843
0.45293626
0.46182156
0.46540862
0.46483892
0.45400515
0.46566808
0.45353255
0.45230833
0.4665966
0.46858707
0.45594415
0.45333374
0.4685529
0.45322272
0.46724436
0.45191807
0.45604715
0.45414722
0.4516349
0.4543841
0.45342964
0.45302972
0.46832797
0.46797922
0.45388952
0.45232803
0.45106897
0.4537045
0.4665012
0.45072475
0.45162347
0.46756905
0.4685716
0.47074944
0.46383864
0.46719867
0.46580818
0.45554653
0.46944013
0.46667042
0.4556721
0.45410535
0.45433652
0.4551387
0.45572925
0.46411255
0.45278338
0.4524131
0.45465937
0.47153312
0.45431763
0.45396468
0.4572655
0.4507149
0.45108667
0.46731725
0.46544358
0.46611592
0.45489088
0.45579183
0.45274207
0.4704636
0.45155725
0.46919227
0.46860453
0.46634835
0.45618773
0.4547634
0.45586118
0.46469498
0.4567543
0.45067507
0.45591578
0.46163496
0.46580118
0.46609417
0.4687958
0.46705773
0.4560483
0.47137323
0.45250493
0.4567849
0.45416626
0.45276764
0.46841174
0.45269912
0.45658332
0.45623764
0.4554379
0.46381018
0.45359313
0.4542208
0.4596301
0.46842995
0.4532571
0.45451328
0.45283073
0.46901852
0.4706686
0.45095408
0.45541877
0.4513896
0.46753424
0.4556027
0.46499324
0.4564359
0.46385202
0.4566204
0.46113965
0.47121653
0.4541734
0.45110407
0.45218349
0.45285043
0.46476012
0.46876007
0.4575456
0.45235193
0.45842084
0.4573544
0.4538426
0.4624343
0.47147056
0.45224747
0.4619538
0.45991972
0.4530832
0.45634496
0.46490464
0.46215266
0.46027836
0.46910423
0.46772012
0.45256117
0.46990326
0.45962074
0.45862293
0.45386818
0.45097035
0.45405617
0.4621789
0.46654868
0.45549
0.46536723
0.4532845
0.45298734
0.46385157
0.4628317
0.46617818
0.45434466
0.46867278
0.46806586
0.4679182
0.46933812
0.45360842
0.45193276
0.45976734
0.46650577
0.45308334
0.4687546
0.45095214
0.45707625
0.46830934
0.46216887
0.4691975
0.45128012
0.4640572
0.45275193
0.46264872
0.46973497
0.46090817
0.4691251
0.4593626
0.45246154
0.46829417
0.46908313
0.4722991
0.45696098
0.4643468
0.45290717
0.46212476
0.45328033
0.45427522
0.4669417
0.47090936
0.46156302
0.4670202
0.45420054
0.45494524
0.45326707
0.47074023
0.45436123
0.45352024
0.4556696
0.4510274
0.4517435
0.47203517
0.4625039
0.45496163
0.45671174
0.45698184
0.46421745
0.46504056
0.45032156
0.46606132
0.46699882
0.46783003
0.4554891
0.4650009
0.46762142
0.45136803
0.45056543
0.45131043
0.45273015
0.46638983
0.45599955
0.46703023
0.46502072
0.4595776
0.4677261
0.4699066
0.46456087
0.4628695
0.4501936
0.468315
0.45404044
0.4680324
0.44981137
0.4545717
0.4644858
0.46982664
0.46660048
0.45555574
0.46625316
0.45464757
0.45381993
0.45743123
0.45387575
0.4656379
0.45275107
0.45099092
0.45661035
0.4575016
0.45229125
0.47248253
0.45370185
0.4513409
0.45895043
0.46554667
0.46615383
0.45269674
0.4541313
0.47207567
0.46180975
0.46708837
0.45805717
0.45736527
0.465525
0.46794257
0.45408952
0.45354643
0.46573845
0.46911618
0.454496
0.45243773
0.4646479
0.45575762
0.4604776
0.46532556
0.4550525
0.45109457
0.4549038
0.45274138
0.4665574
0.4645175
0.45561457
0.45807818
0.4560061
0.46585447
0.46791762
0.4695882
0.45570487
0.46970877
0.45553407
0.46284294
0.46547025
0.45083523
0.45016038
0.46474075
0.45117426
0.47128367
0.45568898
0.4519603
0.4554385
0.45406297
0.456487
0.46868443
0.47145367
0.4685907
0.45692825
0.4529763
0.45324677
0.45382252
0.46326515
0.45536983
0.46123967
0.4518346
0.4503659
0.46866393
0.46726725
0.4648754
0.45374367
0.45061773
0.4541357
0.4509175
0.4608155
0.47133663
0.45179412
0.46990937
0.470051
0.4571325
0.46787804
0.46243995
0.45651117
0.4642901
0.45284855
0.46233836
0.4540337
0.46734464
0.4664095
0.45287126
0.4523921
0.46833518
0.46792063
0.45003736
0.46790504
0.45673198
0.46657708
0.4659557
0.4626106
0.45143896
0.4523523
0.45661333
0.45128378
0.46947736
0.4680126
0.45314464
0.46467167
0.4682467
0.4554003
0.46787444
0.45256224
0.45696825
0.45465997
0.45624876
0.46507248
0.45391318
0.4550166
0.45495027
0.46551004
0.46266147
0.4595012
0.46269396
0.4629483
0.46789476
0.46975666
0.4549534
0.45737457
0.46751675
0.45512938
0.4554619
0.465635
0.4530907
0.46679497
0.45559558
0.4514736
0.46058884
0.45947623
0.45295876
0.45816094
0.45073923
0.45815745
0.45326898
0.46840206
0.45219687
0.46777847
0.45591927
0.4536467
0.46705288
0.4597331
0.45115975
0.45267126
0.46875086
0.4693709
0.45255136
0.4679221
0.4712665
0.4618703
0.45367163
0.45145053
0.46704832
0.45051417
0.46550843
0.45795503
0.45149514
0.45606545
0.45298606
0.4508079
0.454744
0.4564457
0.454314
0.46886778
0.45669436
0.4676578
0.4549805
0.46572888
0.45548803
0.45487103
0.45084578
0.45279995
0.45485428
0.47022647
0.45083532
0.45609784
0.46145746
0.4648889
0.46988633
0.45575866
0.4532053
0.45436227
0.45210278
0.46922955
0.45055422
0.46914178
0.4602734
0.45452452
0.46707588
0.45273182
0.4691482
0.4634283
0.4523742
0.46788806
0.4662833
0.45290613
0.46224156
0.4510205
0.46872446
0.46578887
0.4617705
0.46341634
0.46675685
0.45209518
0.45180646
0.453795
0.45094186
0.45425445
0.47022435
0.46331766
0.4529326
0.46695238
0.45329654
0.4713324
0.45434088
0.45465198
0.45564666
0.46335012
0.46495065
0.45444337
0.45462608
0.45283553
0.47272345
0.45475757
0.47508565
0.4738046
0.46749854
0.45247793
0.46604046
0.4511355
0.46050167
0.4553904
0.45514974
0.4614014
0.45252407
0.45826417
0.4542332
0.4695303
0.46727496
0.45609373
0.4523595
0.45258516
0.46905422
0.45756158
0.4636741
0.45464626
0.4588162
0.47063142
0.45709652
0.46635738
0.4507669
0.463964
0.4660925
0.45553946
0.4549253
0.4549176
0.46929896
0.46790504
0.45865878
0.471568
0.46828383
0.45619676
0.45288923
0.45012516
0.46649393
0.45273006
0.4624345
0.4713636
0.45403543
0.45100713
0.45488074
0.46139663
0.46777672
0.46460938
0.46887097
0.46603
0.45606744
0.46754456
0.46000436
0.4669007
0.46047342
0.47148487
0.45499736
0.45234737
0.4537921
0.45238677
0.46362847
0.46266466
0.45419055
0.47183463
0.45222464
0.45147344
0.4641481
0.45412043
0.46623412
0.4637509
0.45456785
0.46406695
0.46176878
0.46240482
0.45872727
0.45348898
0.46391872
0.47214878
0.46418047
0.45305985
0.46713278
0.4690157
0.46615452
0.45988783
0.4586371
0.4687822
0.46670014
0.4549103
0.455603
0.46700078
0.45070636
0.45504332
0.45290366
0.45054263
0.45264953
0.4531029
0.46882752
0.4651922
0.45739445
0.4665171
0.46601883
0.45388842
0.45415255
0.46909788
0.45358637
0.47020748
0.46690148
0.46737358
0.46292293
0.4689254
0.45224923
0.4573198
0.46663606
0.45475614
0.45323175
0.46263587
0.45063275
0.46612042
0.45575568
0.45268765
0.46583232
0.4500328
0.45405087
0.45086622
0.45484683
0.45575014
0.45498434
0.4544307
0.47055882
0.45682356
0.45246378
0.45091394
0.4599217
0.45581493
0.45041513
0.4696583
0.46695992
0.45170394
0.46259934
0.45579514
0.46602255
0.4530306
0.48015437
0.4624398
0.45185968
0.4550964
0.4553452
0.45681247
0.4531511
0.4521169
0.45097017
0.46462533
0.466079
0.4529572
0.47116297
0.45384476
0.45198402
0.4576095
0.45236668
0.46517837
0.4627525
0.46246463
0.45293733
0.45757565
0.4573323
0.46308097
0.4556522
0.46972752
0.4527021
0.4548382
0.47080237
0.4520341
0.45188066
0.46898097
0.47293878
0.45653433
0.46606755
0.45205358
0.45784703
0.46372432
0.462609
0.46342617
0.45077026
0.47022116
0.46384186
0.46729296
0.46943578
0.45340806
0.47186673
0.46795028
0.46798757
0.45562232
0.45455933
0.45197597
0.4557107
0.45289674
0.4683446
0.45137724
0.47144514
0.45557624
0.46865943
0.46996367
0.45153528
0.45223376
0.4516087
0.46503896
0.4718447
0.46739888
0.47002482
0.46632528
0.46278915
0.46841493
0.45043594
0.4582163
0.46526888
0.4647904
0.45153713
0.46647412
0.45488968
0.46214804
0.4634075
0.45124894
0.45483854
0.46572092
0.4695877
0.4524887
0.46576115
0.45734265
0.47001934
0.45074713
0.4531039
0.46698132
0.46783414
0.45944458
0.46812475
0.4620652
0.45164585
0.45314837
0.45174998
0.468802
0.46899045
0.45493484
0.4695394
0.46517053
0.46517363
0.47015896
0.46271488
0.45199433
0.45766518
0.47050568
0.45141286
0.45676202
0.45268124
0.45530468
0.45005977
0.45167708
0.45100135
0.4557532
0.46912286
0.45700717
0.46940258
0.4575633
0.46667686
0.45339122
0.45497718
0.47287917
0.46102133
0.45231476
0.4523418
0.4672619
0.45579004
0.46643916
0.451554
0.46962127
0.45560277
0.46259475
0.45469725
0.46082744
0.4596376
0.45633176
0.46298543
0.45645025
0.4549048
0.45213622
0.4668967
0.45574844
0.4629453
0.45619884
0.45791784
0.47287843
0.45320007
0.46928662
0.46535066
0.46825466
0.46679154
0.45219314
0.47044572
0.4693355
0.46214935
0.45366246
0.46529168
0.46370566
0.468438
0.46969667
0.45525467
0.46637323
0.4666272
0.4560702
0.46993938
0.45445788
0.45574108
0.45307416
0.4639102
0.46964452
0.46327808
0.45341855
0.47017786
0.4632366
0.45043105
0.46904477
0.46949047
0.4590061
0.46272525
0.4669097
0.45575866
0.455268
0.46682686
0.45593417
0.4688303
0.4602048
0.46227762
0.46735615
0.46619892
0.46680245
0.4527487
0.46899438
0.4596227
0.45050526
0.46423483
0.4518837
0.45248142
0.4505895
0.45008898
0.4566108
0.45915303
0.46746412
0.46636644
0.47003388
0.45377544
0.4657415
0.46434018
0.45568854
0.45278412
0.46725175
0.4577741
0.45446998
0.46888125
0.46886924
0.46044263
0.45198682
0.46834376
0.45603496
0.47246987
0.45726243
0.4539128
0.45510727
0.46713725
0.45142952
0.4748036
0.45347127
0.46604314
0.4551276
0.45695758
0.46566352
0.4699244
0.4555882
0.4669563
0.46471137
0.4515977
0.46915618
0.45858154
0.45419782
0.45621166
0.45441666
0.45899865
0.46598092
0.46503082
0.4648819
0.46001253
0.45542717
0.4664671
0.45106766
0.4663149
0.45738414
0.45803306
0.45356435
0.45254928
0.45589408
0.45624346
0.46528602
0.45152968
0.46663502
0.46124938
0.4536299
0.4629486
0.45340297
0.45662168
0.46495384
0.45590132
0.45155823
0.46367112
0.46865648
0.4566037
0.46452233
0.4678062
0.4507206
0.45679405
0.47102726
0.45511127
0.4545887
0.45255473
0.45092595
0.45348248
0.4566108
0.4537426
0.46463233
0.46859282
0.46400103
0.45615032
0.45672858
0.4690983
0.45560113
0.45206988
0.46284968
0.4539827
0.4592757
0.47006357
0.47017446
0.4676752
0.45162284
0.45345405
0.4657504
0.46946326
0.46643516
0.46745172
0.4680231
0.4553302
0.4721717
0.45578915
0.46898165
0.46792722
0.4543211
0.4550254
0.45312417
0.45129138
0.46386743
0.4630507
0.46689555
0.45246682
0.46409428
0.45143905
0.46937343
0.4518828
0.46441507
0.46848112
0.46802172
0.46501055
0.46378914
0.45469013
0.45440033
0.45405138
0.46016404
0.4619932
0.4667908
0.45200202
0.47144705
0.46847758
0.4698886
0.4573572
0.47008014
0.45399058
0.46280953
0.46791762
0.4690912
0.45391035
0.45508736
0.46357447
0.45299023
0.45810926
0.4509202
0.46853346
0.4538903
0.46019432
0.46771058
0.46031028
0.45324424
0.45324898
0.4688713
0.4621072
0.45168573
0.46415842
0.46533763
0.45279583
0.45270362
0.45077446
0.45374486
0.46316934
0.4550075
0.4535278
0.4687183
0.46744764
0.45061997
0.45548436
0.45928016
0.45265433
0.46896753
0.45515984
0.45351386
0.45533472
0.4538887
0.47098032
0.45476422
0.4511315
0.46637762
0.45447743
0.45428273
0.46864197
0.46492252
0.45276076
0.45725444
0.45878127
0.45624718
0.46411955
0.4651726
0.4657592
0.4536778
0.4636793
0.4520528
0.46684286
0.4576278
0.47148
0.46663055
0.4660402
0.46621296
0.45556128
0.45449895
0.4569301
0.46858853
0.45557064
0.4652923
0.45962346
0.4644179
0.4555289
0.4607423
0.46663627
0.45561934
0.46146685
0.4692191
0.4704472
0.46731183
0.46688247
0.45707834
0.45133054
0.4670402
0.45217803
0.45377848
0.45431656
0.45524186
0.4662295
0.4663146
0.47054377
0.46636966
0.45162028
0.46674407
0.4524427
0.455796
0.4530536
0.46539664
0.45427567
0.4527157
0.45693368
0.46821466
0.4606227
0.45618287
0.45446303
0.45103714
0.45366457
0.4540365
0.45450273
0.46880746
0.45172894
0.46469495
0.45910093
0.45757017
0.4527474
0.46979147
0.46812537
0.45254794
0.4573674
0.46824798
0.46271738
0.45151803
0.4519839
0.45092934
0.4577753
0.46744412
0.47263253
0.4567458
0.46429402
0.46266273
0.46882358
0.45210794
0.46878693
0.4526003
0.4564595
0.46908796
0.4673542
0.45397317
0.4547083
0.46592984
0.45285416
0.45552155
0.45419365
0.45406842
0.4657036
0.4650919
0.45403484
0.4561836
0.46572727
0.45308676
0.47118658
0.46141532
0.45270026
0.4544206
0.46879053
0.45306846
0.45172048
0.46775573
0.4569762
0.4659555
0.45272243
0.45159703
0.45254266
0.45124593
0.4552676
0.46516865
0.4519772
0.4547061
0.4549887
0.4667482
0.47041434
0.46641114
0.46319014
0.4526009
0.45362586
0.46078604
0.45293236
0.45664123
0.45441794
0.45838907
0.47011852
0.4563592
0.4595444
0.4644897
0.45601434
0.45440713
0.46191663
0.4647507
0.47135764
0.45334247
0.46663445
0.45226035
0.45427212
0.46147364
0.46319097
0.45157826
0.45980617
0.46370023
0.45133194
0.4520029
0.47028968
0.45310056
0.46979
0.4536094
0.46549705
0.45746514
0.45413646
0.46863678
0.45500615
0.4519618
0.46340013
0.46909267
0.45453563
0.45496443
0.46623924
0.46766123
0.46394038
0.46670905
0.4679675
0.46566683
0.46723175
0.4543273
0.46812275
0.452369
0.45647052
0.4506146
0.45625892
0.4716886
0.4523393
0.46419716
0.4693188
0.4532813
0.45215547
0.45671746
0.45465404
0.4633728
0.45165858
0.46934223
0.45254853
0.45611972
0.46613944
0.4684285
0.46500012
0.46977708
0.4530516
0.4630781
0.45422524
0.45543706
0.45593312
0.4571847
0.455103
0.47075853
0.45502156
0.4566954
0.45083988
0.45714918
0.4676217
0.46530557
0.46674758
0.46819302
0.46956986
0.4656911
0.4668009
0.46107948
0.45229536
0.4643082
0.46693912
0.45189947
0.4655572
0.46343872
0.4510774
0.46826458
0.45392054
0.46862862
0.4687445
0.4649515
0.46734485
0.46867737
0.46860543
0.45455402
0.4522419
0.45230988
0.455191
0.45567417
0.45459455
0.45151904
0.46344998
0.46752217
0.46956334
0.4563223
0.45714754
0.45503753
0.456174
0.4566221
0.4636007
0.4528102
0.467975
0.4569321
0.46082208
0.45342004
0.46276867
0.4705872
0.46808773
0.47007328
0.4524842
0.4687884
0.4545752
0.46212348
0.45113024
0.45275113
0.45114374
0.45530212
0.46859998
0.4524359
0.4544063
0.46651757
0.46785426
0.4704165
0.4508932
0.4675334
0.4653876
0.4784906
0.4512254
0.45180747
0.47068498
0.45645463
0.45348558
0.45529503
0.46302176
0.46913818
0.4535951
0.4522266
0.46697634
0.4720327
0.45370126
0.46845433
0.45714197
0.45404813
0.4511172
0.4686174
0.464787
0.45172074
0.45282507
0.45163554
0.46980128
0.45527652
0.46115518
0.45333928
0.472496
0.45421273
0.455144
0.46554548
0.47059637
0.46135974
0.4651572
0.46363196
0.47229344
0.45426562
0.45496765
0.4491913
0.4688489