0.9561993
0.99568933
0.20136213
0.98214704
0.23873258
0.021345392
0.016020313
0.9978569
0.25841406
0.46928504
0.01337245
0.013020588
0.022698224
0.08772494
0.99717593
0.012650558
0.009500757
0.9064856
0.012782466
0.75618553
0.8799049
0.02348973
0.25030124
0.015330442
0.008212516
0.04017108
0.7444887
0.9118381
0.18339802
0.96611726
0.022959415
0.11347655
0.55839217
0.25990778
0.18827888
0.14228104
0.9377631
0.9902767
0.99773514
0.98579675
0.011882992
0.38242435
0.018019302
0.1704988
0.029363655
0.010615653
0.9647879
0.97227705
0.010533703
0.9882832
0.929094
0.011492255
0.9718076
0.98583883
0.8110491
0.00603519
0.87808603
0.026055746
0.016669612
0.017737478
0.9735704
0.9796807
0.9564703
0.18499134
0.8757411
0.8459662
0.99318165
0.009814627
0.8657657
0.9627312
0.9859622
0.014331586
0.95914847
0.26255548
0.0044095735
0.007403901
0.020032454
0.9488162
0.22724
0.2368143
0.019470388
0.017872712
0.1996478
0.9878256
0.9733401
0.010348262
0.9551914
0.9803007
0.8960919
0.53696054
0.013190922
0.015371843
0.9888657
0.9951924
0.014448443
0.0154027995
0.9240416
0.8091718
0.9994497
0.9918595
0.22757474
0.10359417
0.027790282
0.018212771
0.26221514
0.026738837
0.007592359
0.962167
0.96786433
0.9414659
0.023134869
0.12986097
0.9876347
0.01206637
0.17180659
0.009085445
0.016011896
0.032550074
0.99537885
0.6906662
0.9648502
0.99453896
0.030201204
0.9809903
0.012606109
0.9954646
0.015590087
0.016063426
0.019996922
0.8987811
0.92094046
0.7236572
0.008634748
0.87246263
0.012259734
0.014764702
0.38964894
0.9775393
0.26566797
0.009571619
0.99379903
0.019689318
0.93255365
0.022736026
0.7647784
0.010217505
0.014586095
0.043081786
0.023252076
0.0096398685
0.9863034
0.9909108
0.0987697
0.010784572
0.022456534
0.15713887
0.99657154
0.01224496
0.014973344
0.6039204
0.991512
0.99891996
0.4982162
0.98019594
0.9830221
0.01456882
0.99739313
0.8829648
0.021020938
0.013197697
0.013616064
0.14913942
0.0328907
0.53016615
0.040598042
0.03378093
0.026230585
0.99563426
0.013444771
0.011803243
0.30751914
0.012316775
0.011403842
0.99755585
0.82652783
0.9823668
0.27247247
0.21806051
0.011464262
0.99259686
0.012804309
0.99610317
0.98940265
0.9769767
0.019565519
0.013110643
0.15403868
0.9688825
0.0021258024
0.016279928
0.030493671
0.9699884
0.9832322
0.9361363
0.98733145
0.98999804
0.015596858
0.99430805
0.016541762
0.016014976
0.20700726
0.2445315
0.996358
0.019260984
0.19383754
0.17293294
0.012376771
0.3260287
0.015565079
0.0179812
0.00715006
0.99280083
0.014358954
0.020545272
0.022294182
0.99521554
0.96006286
0.019690763
0.18277124
0.01526044
0.9773561
0.2605859
0.48723647
0.12437131
0.7383794
0.110372506
0.9909677
0.9992386
0.014493728
0.012282748
0.010291754
0.015058457
0.9690396
0.93802977
0.759887
0.013157027
0.19272885
0.023572456
0.119866624
0.3016727
0.99828124
0.018161695
0.8235664
0.007295854
0.017503176
0.017956546
0.9608508
0.9419938
0.926478
0.9850131
0.9963658
0.014770156
0.9946472
0.9176585
0.5008172
0.042387497
0.014245422
0.018545745
0.67622316
0.9874594
0.15954582
0.3003137
0.011476747
0.027436895
0.2945214
0.23956256
0.28293166
0.018883685
0.97432435
0.9787901
0.9989832
0.9971
0.008932014
0.019809801
0.9397989
0.98939276
0.22302607
0.99466044
0.010976885
0.16983436
0.732923
0.9512472
0.9055104
0.012366226
0.9890928
0.014335379
0.53025126
0.9789342
0.009510858
0.9984333
0.15959926
0.015498424
0.6991132
0.98951423
0.99156296
0.02477959
0.9454253
0.012485155
0.97491825
0.009407669
0.017226843
0.7088445
0.9993728
0.9343752
0.9906776
0.013578196
0.017635878
0.009202846
0.95703197
0.020015888
0.009426084
0.027428335
0.013922168
0.010216776
0.9986551
0.93654674
0.029799923
0.030645277
0.1474308
0.871239
0.77161634
0.015803855
0.9886671
0.9950557
0.709155
0.22823593
0.9802399
0.984355
0.016713642
0.016059702
0.013145881
0.013209508
0.96091574
0.052233797
0.97296
0.7677896
0.73777455
0.98418415
0.96523684
0.9606744
0.8092378
0.006635852
0.9899483
0.05198032
0.9373693
0.008172149
0.015097645
0.982917
0.9984042
0.9823827
0.009705117
0.9204746
0.029065274
0.0196525
0.024714291
0.10474113
0.93318605
0.012019938
0.011642828
0.19347303
0.1837302
0.012054916
0.99703765
0.023527559
0.015399661
0.005843381
0.9668387
0.7635594
0.015232899
0.012130251
0.99794847
0.61353385
0.8243071
0.0104272505
0.003168763
0.9226074
0.98545134
0.03632299
0.015288677
0.90600306
0.9889065
0.010129097
0.022461634
0.04180973
0.27282396
0.9587167
0.96562964
0.013529316
0.013855202
0.019569928
0.023744008
0.85826653
0.9452222
0.04458341
0.4425631
0.07953201
0.99212635
0.9825838
0.9930025
0.10023097
0.9817847
0.18488349
0.9564548
0.9974605
0.016487224
0.016534867
0.9096111
0.016413052
0.9957306
0.014672222
0.02315057
0.20829122
0.015020095
0.019061292
0.8810698
0.99952257
0.9895923
0.060310557
0.024882363
0.025527287
0.00920964
0.95126545
0.2019552
0.34025204
0.023225147
0.01122039
0.9909129
0.9033921
0.94413996
0.2131129
0.014332873
0.0085937325
0.026631065
0.951612
0.9959163
0.023465892
0.9778086
0.9871389
0.26166728
0.9901153
0.9596679
0.23607278
0.816715
0.027537946
0.4458674
0.02621518
0.98991114
0.89102346
0.01173946
0.0296209
0.9819853
0.99749315
0.009547307
0.8543142
0.029481644
0.9894182
0.9773194
0.57953286
0.0178549
0.013566207
0.25720814
0.014064916
0.9954978
0.9826034
0.017937334
0.7422014
0.95053756
0.006363248
0.9904295
0.019480314
0.014517585
0.17778859
0.11901006
0.995379
0.010687656
0.04092975
0.017205076
0.98054403
0.9215088
0.16345696
0.6665063
0.9354975
0.99731356
0.9868498
0.217538
0.156959
0.99282104
0.0106520895
0.012937597
0.8439409
0.18123142
0.99227154
0.028793
0.021972803
0.9310638
0.9437046
0.012705249
0.14094791
0.020260327
0.37536025
0.008869674
0.94102895
0.012590745
0.9903928
0.29725158
0.08250661
0.97625434
0.0071893483
0.01959585
0.016491756
0.99094075
0.70432305
0.011698802
0.98244894
0.9980627
0.73988104
0.18169516
0.015423872
0.98355305
0.012010219
0.95964247
0.21712907
0.009249104
0.06638804
0.021492988
0.011611166
0.0030585232
0.21713214
0.022058886
0.97609067
0.21029109
0.9758483
0.17894667
0.97883177
0.21971999
0.013474619
0.014286755
0.022778137
0.027668793
0.987334
0.022283973
0.012536972
0.11376398
0.9872535
0.99803
0.2670875
0.014430894
0.007898663
0.012945948
0.99557316
0.011152998
0.9922746
0.23417664
0.23234381
0.9842941
0.01925992
0.8374608
0.9900114
0.019728348
0.97944313
0.9466245
0.012569463
0.81390035
0.01171054
0.9962042
0.96475184
0.98417294
0.9071419
0.9179397
0.018564992
0.01918576
0.016359653
0.006481081
0.015098396
0.99277776
0.544059
0.026788635
0.76557755
0.010056726
0.99906784
0.0120885065
0.019067066
0.0066187936
0.30134863
0.9238719
0.008633177
0.02943201
0.02833139
0.9880555
0.014607527
0.99959713
0.9991253
0.9460269
0.015713211
0.8883528
0.02109965
0.11994577
0.16223453
0.020597216
0.95395577
0.00791378
0.15590529
0.014287983
0.91844136
0.6431817
0.033420734
0.018134532
0.0131792165
0.9927401
0.93674976
0.9264632
0.03428422
0.016447265
0.95203155
0.43054628
0.992698
0.015357515
0.869948
0.85750556
0.18983744
0.017866878
0.25685287
0.99895006
0.9788932
0.008968248
0.9924907
0.9857706
0.018525667
0.017970644
0.011933416
0.9777573
0.006586457
0.78002936
0.9956103
0.015293056
0.01644425
0.028382247
0.013416245
0.9906929
0.890024
0.9939365
0.937897
0.21672279
0.98447186
0.043262407
0.9922587
0.9812005
0.9991924
0.010603029
0.01966944
0.1418416
0.010600849
0.9327584
0.67486626
0.011189707
0.977811
0.016654361
0.0115060555
0.97606546
0.028927645
0.8659661
0.9813633
0.009885048
0.7457722
0.3564144
0.97655815
0.3920236
0.012186484
0.9865997
0.98901016
0.73321736
0.016321927
0.822815
0.9985746
0.8633451
0.9943982
0.92968345
0.97578454
0.97019684
0.0112280855
0.026233403
0.9452123
0.017347429
0.0072967587
0.032382358
0.016646592
0.015845034
0.011706005
0.9916448
0.57311535
0.17921892
0.9833213
0.99670815
0.014428678
0.014129307
0.9789367
0.015405417
0.9976406
0.98889446
0.97220075
0.41741952
0.949232
0.020018278
0.014826451
0.9961514
0.2030178
0.012180063
0.93206364
0.01998717
0.5860205
0.0130785685
0.013546554
0.78748584
0.0113094775
0.01674004
0.011901938
0.0149781
0.27260992
0.014954769
0.026103338
0.97775763
0.9506383
0.1271173
0.0075630085
0.87437195
0.012743766
0.021473542
0.99564785
0.9421168
0.022178063
0.8276846
0.16481419
0.98645973
0.016946461
0.9997032
0.1293939
0.012618769
0.16754156
0.015824012
0.28357294
0.010446575
0.021027302
0.026081147
0.8550413
0.4798571
0.012270483
0.9817525
0.02493797
0.02466867
0.11755396
0.011612327
0.9300143
0.95770454
0.7902425
0.019466693
0.019759126
0.020334814
0.8702247
0.035686262
0.98145777
0.010811078
0.004341151
0.9986131
0.020163255
0.011015305
0.9811023
0.9979056
0.034017414
0.9716079
0.011450944
0.017106768
0.9794742
0.30472016
0.34472054
0.021705423
0.9926428
0.9939685
0.92915195
0.98969567
0.025440896
0.99952257
0.95331275
0.99305266
0.020467216
0.051649984
0.006939752
0.06371828
0.020721994
0.9963086
0.013986459
0.99888855
0.16335672
0.89041173
0.9970362
0.025564596
0.016300399
0.016954899
0.6691803
0.99474066
0.96518487
0.99901533
0.9941155
0.66686076
0.94867665
0.010349087
0.15868726
0.69347584
0.8282515
0.013976703
0.9693573
0.8806381
0.997273
0.9851093
0.030324645
0.021760998
0.93806565
0.99287885
0.01129836
0.52925754
0.2234671
0.9905081
0.009346235
0.04198264
0.98535764
0.74186826
0.36679927
0.99110126
0.8783741
0.0110091735
0.021449462
0.013902131
0.9851532
0.9957709
0.15344663
0.99912614
0.9374047
0.97634107
0.99806637
0.9884397
0.013719003
0.017286733
0.99773186
0.011084536
0.041075543
0.014245154
0.91208637
0.010555588
0.023743268
0.01007188
0.13772959
0.997317
0.27176654
0.9086256
0.03498116
0.9734298
0.018984616
0.061031595
0.0005282052
0.0033729926
0.018203454
0.024679858
0.6461762
0.26173493
0.94315404
0.0144268535
0.9970642
0.18178596
0.03646173
0.020716904
0.4084542
0.9020609
0.18223692
0.7429702
0.007635194
0.30613318
0.021919457
0.99031353
0.14540803
0.18324183
0.26955974
0.11305116
0.9985336
0.02240741
0.99164623
0.9595872
0.8949038
0.89684576
0.016363267
0.9913145
0.99051404
0.45558226
0.019955518
0.9793561
0.29707548
0.98677456
0.06687458
0.014816057
0.9225349
0.9678402
0.19295536
0.98644084
0.01528699
0.016338449
0.008206522
0.29679534
0.9927638
0.91107535
0.18128441
0.9893439
0.97561985
0.011939552
0.9978289
0.99576557
0.857188
0.9171196
0.94200253
0.22792266
0.019751927
0.9866637
0.2803587
0.9908342
0.14089759
0.9970475
0.9752085
0.7348624
0.9962812
0.0075450237
0.97263736
0.98226166
0.021859126
0.98562
0.019003568
0.021094287
0.0090358555
0.013450116
0.15962428
0.012047608
0.9668044
0.90041775
0.9853039
0.019822078
0.88175726
0.75392455
0.019317128
0.022946572
0.98598427
0.77810395
0.13154413
0.9747946
0.9922989
0.9069307
0.01323917
0.99304503
0.007924086
0.9920793
0.0160199
0.014361754
0.18631352
0.9719168
0.015315599
0.9992061
0.24997759
0.96259433
0.18551806
0.024516089
0.88213825
0.99856704
0.013363218
0.9982175
0.9919469
0.019717017
0.969808
0.02095652
0.009580552
0.1706911
0.045605853
0.6394426
0.4229361
0.9779614
0.920417
0.89554083
0.27568337
0.99602485
0.015023475
0.8662189
0.11551207
0.20015177
0.015240682
0.013438138
0.9245874
0.21551298
0.53328943
0.012673402
0.9867753
0.66100866
0.012262614
0.93299735
0.011109502
0.24761723
0.9528809
0.01987479
0.017762762
0.91742545
0.9974355
0.23536672
0.45807937
0.998547
0.01008394
0.22187957
0.98895514
0.20055941
0.215757
0.006121406
0.008442668
0.26074353
0.21003172
0.13774502
0.83314073
0.99684095
0.9718034
0.021289276
0.28588563
0.9742318
0.03004927
0.007157538
0.7609667
0.0145826945
0.94752616
0.99546623
0.99028814
0.99501544
0.009384838
0.02326059
0.8741772
0.9909508
0.975963
0.9805534
0.9757544
0.27263236
0.9919634
0.00748414
0.990851
0.9962914
0.025061468
0.026136253
0.015128874
0.019362856
0.9253973
0.9687037
0.91961807
0.026959898
0.9927496
0.013094433
0.98036766
0.017654542
0.97403073
0.9643131
0.98179585
0.99681014
0.9615266
0.0106055755
0.2749536
0.0106786
0.89489174
0.93644804
0.42709288
0.02162603
0.9967943
0.9979843
0.99699426
0.021496328
0.9708774
0.011156401
0.5256605
0.9730674
0.99252534
0.015384398
0.20836717
0.97590065
0.014758419
0.01089059
0.017400382
0.97714394
0.022572942
0.42577484
0.9791565
0.64656854
0.021251524
0.016801598
0.7293955
0.98540616
0.016464645
0.9796536
0.80302244
0.02022646
0.029451678
0.011067849
0.00904698
0.9605232
0.24736656
0.014563617
0.95518905
0.93920004
0.019443521
0.013177114
0.9604286
0.03452416
0.9133998
0.013070459
0.013731099
0.04071455
0.02315956
0.9805736
0.015662787
0.01789127
0.9747968
0.018274179
0.01472707
0.74241555
0.28901297
0.013442994
0.008562806
0.20735714
0.2610249
0.94516075
0.9502174
0.8585474
0.014895661
0.8718785
0.017025435
0.9807884
0.041479316
0.9949608
0.9780463
0.9720563
0.920128
0.011523331
0.015794588
0.14475565
0.92994386
0.19924112
0.6423561
0.08507876
0.42135605
0.22355404
0.7454958
0.78903925
0.16056341
0.96451235
0.90062106
0.9925242
0.92554593
0.97591716
0.004938559
0.01649577
0.94928515
0.02519601
0.01246932
0.0281009
0.023195935
0.85690325
0.9304033
0.9996178
0.9840109
0.013660921
0.99264115
0.017330602
0.028972514
0.01415391
0.963506
0.011734305
0.018874522
0.16900925
0.9962304
0.013570841
0.30417898
0.009817811
0.009569921
0.015301878
0.02499512
0.018990653
0.9837879
0.013043421
0.99344057
0.018888123
0.2556068
0.0053343023
0.9693931
0.60866183
0.01823924
0.021102529
0.99421084
0.93767184
0.018179957
0.01639315
0.0106021995
0.23644914
0.82267696
0.9908091
0.027411763
0.9901112
0.75116265
0.9923212
0.0113625545
0.9887228
0.023179622
0.029348701
0.7251193
0.9941673
0.014053633
0.20865917
0.977838
0.016675303
0.011086287
0.013870919
0.018481571
0.9948264
0.9740771
0.008052944
0.10525799
0.9857922
0.0069892984
0.5592086
0.9838308
0.016411597
0.009710379
0.99430734
0.020088386
0.010156299
0.9886158
0.23530643
0.99270356
0.02168169
0.027142763
0.017155454
0.004714224
0.0036562611
0.9228461
0.13675694
0.016055582
0.2184551
0.97749865
0.9962049
0.96572
0.83924705
0.026273744
0.0139482515
0.9078645
0.024628872
0.22479603
0.023614028
0.26354018
0.99006385
0.27352256
0.031088565
0.98467886
0.17654622
0.017517878
0.2625068
0.9449638
0.9872457
0.0087176
0.9759621
0.011782778
0.25269195
0.40909746
0.94177145
0.018732209
0.9777414
0.9692937
0.01412958
0.021165548
0.9821714
0.012794542
0.9962101
0.0102009
0.8282497
0.13846408
0.014027922
0.98272645
0.01112942
0.009177138
0.59871715
0.9752749
0.015087835
0.015231053
0.99910825
0.9659522
0.9569838
0.9759226
0.9694253
0.9732343
0.9820239
0.009727084
0.99451125
0.020279512
0.24417168
0.010345542
0.032316852
0.9929461
0.014785394
0.9576888
0.97821164
0.015451571
0.016374292
0.014137526
0.018055202
0.96200436
0.022243418
0.9889283
0.015117893
0.26200175
0.93437004
0.9859261
0.97465837
0.9633792
0.01729417
0.91461855
0.0063593723
0.026928805
0.012317998
0.046660446
0.020937555
0.76970303
0.30292478
0.2529471
0.010150385
0.17277871
0.9638511
0.97358197
0.9101829
0.97011703
0.8840414
0.80356395
0.9259175
0.959036
0.01716541
0.7670804
0.97735274
0.014422881
0.44344598
0.9601419
0.028675087
0.98100156
0.015193187
0.9737568
0.998181
0.9925408
0.9877665
0.9961356
0.99269146
0.0078076287
0.011539321
0.017410535
0.015643803
0.047357596
0.0040107924
0.015253477
0.95533115
0.98057735
0.8673626
0.24829812
0.18627712
0.005623883
0.22444208
0.28548378
0.32718655
0.019099107
0.9818147
0.01539833
0.9054474
0.010868695
0.48964962
0.99372166
0.98445153
0.99603087
0.011715673
0.8274696
0.018380083
0.3883127
0.01593884
0.016985182
0.023624426
0.11983712
0.988468
0.0153608555
0.012847434
0.9605401
0.99141765
0.99706143
0.009387897
0.98201585
0.8534113
0.9971885
0.029232478
0.01852652
0.9971746
0.01519574
0.020332837
0.105792284
0.6033653
0.9487744
0.14911711
0.022358377
0.9604706
0.90404826
0.009450595
0.9787417
0.1735103
0.0096894745
0.019048546
0.9970931
0.98347384
0.01272765
0.017550167
0.017045725
0.97807294
0.044057954
0.8632125
0.040134415
0.99537694
0.021293262
0.009428079
0.9867063
0.9931645
0.9447316
0.98755103
0.11818161
0.9965138
0.014845925
0.013275931
0.007221959
0.86339664