0.45567507
0.5999837
0.39771774
0.4496771
0.40487206
0.2728107
0.26198047
0.6045699
0.39635178
0.53277504
0.26873726
0.2502207
0.2558762
0.3543568
0.6352136
0.27272728
0.2676727
0.5170695
0.27035907
0.45194796
0.5578187
0.2605256
0.4095807
0.272979
0.26213288
0.28545937
0.4346386
0.59023345
0.41136456
0.6301297
0.26264885
0.38801104
0.49937108
0.37714773
0.38209078
0.3865373
0.4461342
0.55375993
0.6646219
0.60860896
0.26711044
0.42126155
0.27004045
0.40056425
0.2604584
0.26340786
0.426456
0.56284493
0.24942142
0.5844266
0.5742237
0.272002
0.5992142
0.5924029
0.43770987
0.26547223
0.44095019
0.29067975
0.27636862
0.27165383
0.46239606
0.60308164
0.45783687
0.40352568
0.5591958
0.584523
0.471071
0.2629023
0.5669357
0.46944982
0.60817045
0.26857692
0.5823469
0.49226564
0.2645664
0.25216964
0.25769442
0.45010564
0.41478148
0.39462388
0.26536813
0.25927997
0.40119642
0.6244146
0.5671904
0.26709446
0.49897465
0.5777603
0.50742954
0.5152086
0.25184315
0.25114918
0.60250723
0.62826717
0.27619344
0.26873004
0.5614057
0.5801026
0.66217417
0.5751509
0.40260115
0.39935997
0.27106
0.25695932
0.40429926
0.27168804
0.25640833
0.56822145
0.5724043
0.5934505
0.2718302
0.39765304
0.5486573
0.26444757
0.38171202
0.24781531
0.26051238
0.26574808
0.5924339
0.548949
0.6040388
0.57808656
0.29419553
0.63266456
0.26428574
0.5861922
0.28178182
0.27619338
0.25769338
0.5481995
0.5625856
0.5594242
0.28719583
0.53042567
0.26863146
0.25823417
0.50325924
0.5965976
0.40749887
0.29223654
0.58309406
0.25943008
0.5793723
0.25674412
0.52760136
0.25872704
0.25691536
0.36513713
0.40396738
0.27850336
0.6488453
0.6016197
0.36741984
0.2565969
0.27541214
0.38642427
0.59536093
0.2601044
0.26068363
0.528279
0.61242884
0.6236885
0.47325757
0.45582533
0.61004865
0.25797865
0.49235472
0.46794957
0.30277345
0.2624035
0.25175706
0.38888457
0.27801195
0.5331683
0.28590444
0.28767908
0.27879897
0.62397933
0.30193278
0.2594956
0.49649566
0.26216835
0.24608429
0.6392994
0.57282734
0.61132455
0.41098994
0.40109864
0.26065746
0.6581484
0.25083953
0.6503354
0.6205984
0.5947788
0.2793986
0.3121139
0.40425986
0.5465624
0.34080067
0.26176563
0.28713286
0.579409
0.5570951
0.5403733
0.5532299
0.6177108
0.27408105
0.61260986
0.27342936
0.29418975
0.40060592
0.40542436
0.6558333
0.3517645
0.40063795
0.39941522
0.27219895
0.49620196
0.26607648
0.29073894
0.29082826
0.6165943
0.3208079
0.278569
0.2609564
0.5937338
0.5780781
0.27628845
0.3998584
0.26152915
0.5961737
0.39477405
0.5371983
0.40068674
0.44749933
0.3654332
0.5524422
0.61538285
0.27092287
0.25516024
0.26603752
0.26290306
0.5874017
0.5776674
0.5130247
0.25978535
0.40684596
0.2768801
0.39667782
0.52440196
0.66885704
0.26824206
0.553509
0.25628957
0.26143607
0.26969492
0.58923066
0.5809849
0.57328135
0.5718071
0.63253397
0.27966943
0.5901431
0.55839574
0.52797824
0.27657244
0.25876537
0.26641017
0.52745396
0.5736985
0.3988446
0.49333876
0.26133218
0.30433875
0.6028482
0.4191461
0.5083617
0.25963894
0.56600296
0.59873205
0.64370906
0.601777
0.25980577
0.25416076
0.53987604
0.55231833
0.39852163
0.6302175
0.25443113
0.40428466
0.5826383
0.5646098
0.47133705
0.26466528
0.5539768
0.27307308
0.53019935
0.5916836
0.28783917
0.66442287
0.40164578
0.25804546
0.5724442
0.55250907
0.6377751
0.30075872
0.44776908
0.282809
0.6424997
0.26222077
0.2731359
0.5247798
0.6371083
0.5792084
0.59061503
0.26343086
0.27170926
0.25786448
0.563611
0.25884995
0.26117483
0.27537408
0.2542738
0.26792043
0.6103917
0.45587787
0.2713554
0.2729619
0.39960244
0.6109699
0.52748024
0.2655429
0.6256429
0.5839795
0.50374454
0.39308602
0.6065353
0.6199075
0.26717916
0.25971633
0.25415865
0.261174
0.60089135
0.38546047
0.6026008
0.586948
0.5071246
0.65314317
0.59544635
0.5909524
0.5167005
0.25793865
0.5818855
0.38895538
0.5604554
0.24812594
0.2529516
0.46304008
0.58782494
0.48069623
0.266775
0.5859699
0.34395996
0.26424626
0.2767685
0.38428852
0.55821526
0.28702822
0.27200726
0.4046487
0.4078816
0.25437996
0.65564644
0.26825693
0.25659642
0.29473823
0.5973034
0.56372297
0.2562855
0.27759486
0.62776875
0.4952499
0.5872264
0.29566395
0.2910776
0.57835937
0.57541686
0.36837432
0.28254303
0.55796695
0.49667215
0.25472438
0.25858402
0.37243512
0.4074006
0.5703588
0.54082984
0.25508803
0.25255078
0.2963172
0.25546357
0.53711903
0.586043
0.3640045
0.4613868
0.35950965
0.5899242
0.6004973
0.62501466
0.4079252
0.625039
0.39821306
0.6106516
0.5819333
0.25748935
0.2611562
0.5740608
0.25659114
0.6208563
0.27628487
0.2819322
0.40191603
0.2557142
0.26722947
0.5772867
0.6635687
0.5684172
0.37571406
0.2673352
0.29905748
0.25375953
0.5117499
0.39494902
0.5197359
0.26839113
0.26125884
0.6028025
0.47341976
0.5810737
0.400105
0.2632493
0.28040025
0.2641587
0.5626949
0.62515074
0.35834312
0.5553413
0.6227843
0.4067794
0.59470546
0.5407185
0.41913575
0.5179811
0.29916757
0.53958696
0.280127
0.63162166
0.5641769
0.25045112
0.26789206
0.62858737
0.63457316
0.25397274
0.5567758
0.27349624
0.6087268
0.5191853
0.542664
0.25595987
0.29823148
0.41114786
0.26768264
0.5945856
0.4624508
0.2571888
0.5424554
0.5995531
0.27908102
0.6016718
0.27371824
0.27711836
0.39414483
0.4050798
0.61269635
0.25263584
0.27905127
0.2681408
0.6190776
0.5684201
0.41278562
0.43549913
0.59586
0.60027844
0.6075935
0.40518796
0.41829324
0.59157336
0.2931401
0.2580657
0.460675
0.394015
0.57893676
0.29654837
0.25624114
0.55591625
0.5208584
0.26516983
0.35677883
0.26129454
0.48878476
0.2614131
0.5836692
0.28148502
0.6217573
0.4107786
0.39100024
0.46917444
0.39246663
0.26139313
0.25942045
0.4715021
0.5418979
0.30931288
0.579445
0.66012204
0.5422113
0.37355077
0.25479057
0.6003212
0.2530067
0.55210686
0.37617704
0.26739153
0.3505264
0.25620544
0.26450676
0.29160896
0.41561216
0.27458537
0.45804057
0.4036187
0.5659125
0.39698103
0.6263381
0.3964288
0.28133792
0.2560779
0.26714242
0.27299613
0.5877522
0.28632593
0.26173106
0.39396375
0.58825827
0.620444
0.405415
0.25713867
0.26521477
0.25776142
0.6161292
0.252845
0.57472247
0.42775294
0.40622967
0.5864641
0.27046558
0.52466005
0.5706704
0.2551355
0.5815757
0.6037292
0.2612138
0.44758722
0.25781348
0.6163366
0.5831865
0.54501003
0.60597503
0.5709997
0.2703807
0.25509638
0.2601719
0.25920203
0.3010942
0.6104636
0.49905866
0.26376042
0.524546
0.26760182
0.6339255
0.2716982
0.26091692
0.273826
0.48843777
0.467316
0.28530663
0.26853418
0.26292688
0.5794996
0.2605547
0.59037143
0.59214044
0.5741643
0.26935443
0.57903993
0.26222152
0.4006533
0.40342012
0.28389505
0.45526955
0.25766587
0.467942
0.2574655
0.61048454
0.50510895
0.2795736
0.27308825
0.25627118
0.6141869
0.4919888
0.5477133
0.36671552
0.30035722
0.6112905
0.4532798
0.6007849
0.25771266
0.5677314
0.5190914
0.40161943
0.26160312
0.40936497
0.6182707
0.5769727
0.2995738
0.63617444
0.5887283
0.28023598
0.28370595
0.25974813
0.55496097
0.26054904
0.54225135
0.6194224
0.26358366
0.2597613
0.2758024
0.26290432
0.48301688
0.57029736
0.610388
0.53677845
0.40487638
0.54256284
0.29758665
0.644427
0.517696
0.6598124
0.2606245
0.26869813
0.4022751
0.2730357
0.5237158
0.53322464
0.28527504
0.5713566
0.26811987
0.26521078
0.5949891
0.3695209
0.471812
0.6060581
0.26419628
0.54145426
0.5231833
0.55184704
0.5148313
0.25859952
0.56432295
0.5683906
0.545802
0.2536303
0.5437281
0.5919564
0.587241
0.56427187
0.52113205
0.642737
0.5825223
0.27552626
0.27929232
0.5461208
0.2664339
0.27546722
0.2934913
0.27902925
0.2615583
0.26490837
0.61385673
0.5352557
0.40578616
0.47222337
0.62005997
0.2932808
0.26947165
0.5810752
0.2527206
0.6161852
0.6366138
0.47362813
0.43244955
0.59757984
0.2566379
0.2820794
0.59756273
0.40469295
0.26934332
0.5610054
0.25941643
0.5331756
0.26446375
0.2519672
0.5954881
0.2551392
0.2592946
0.2580995
0.26458287
0.40824267
0.25788525
0.29040697
0.5943711
0.5059273
0.385336
0.26044926
0.5582477
0.26614693
0.26232567
0.64786804
0.49279246
0.29369247
0.43178132
0.39951056
0.57116705
0.26267555
0.66714
0.5045019
0.2537483
0.39919108
0.27120274
0.41231796
0.2620025
0.25873536
0.26069617
0.52602565
0.43935055
0.2493292
0.60473096
0.26408765
0.2736071
0.3905051
0.26080376
0.59151727
0.44394886
0.5661358
0.25495428
0.26711386
0.27533612
0.56823736
0.27695373
0.5836799
0.24977133
0.27404907
0.5083832
0.25906867
0.25445193
0.59001565
0.6126654
0.35132575
0.59279245
0.26515785
0.26444778
0.59734553
0.5505144
0.48201737
0.26380405
0.6098421
0.60777384
0.45787954
0.5939473
0.30428252
0.6058536
0.5361729
0.6356739
0.28003183
0.35839006
0.25853103
0.38138622
0.2562516
0.642183
0.25141793
0.60495603
0.40246204
0.5752942
0.62443924
0.25757128
0.2567793
0.25501883
0.5276211
0.6153004
0.5724383
0.62943685
0.4920447
0.46411103
0.59194404
0.2563306
0.39807776
0.5219882
0.5751268
0.2772828
0.56495905
0.44480765
0.56768525
0.5643064
0.26836488
0.265034
0.573989
0.60564715
0.25894082
0.5456003
0.4123714
0.59210193
0.26276004
0.27085406
0.5897578
0.49407333
0.5054231
0.60440683
0.5796622
0.26452988
0.26220483
0.30155468
0.59777063
0.59805334
0.37623426
0.6105223
0.47145033
0.5583967
0.6390384
0.5683431
0.2561689
0.27703923
0.63780195
0.25857967
0.2705553
0.26663145
0.55084264
0.2569022
0.28078574
0.25674853
0.41165206
0.62535024
0.40482065
0.55684376
0.26941648
0.47601593
0.28703445
0.38447773
0.20620428
0.3088857
0.27445483
0.25874174
0.5498535
0.40931052
0.5710636
0.25582868
0.598311
0.40556118
0.31759822
0.2626431
0.51352537
0.4421132
0.40711975
0.50710094
0.2822867
0.40408543
0.26912385
0.46776435
0.4026328
0.4783055
0.39956206
0.36980358
0.66796243
0.26827195
0.57279944
0.56272924
0.53330374
0.5066952
0.26036412
0.56691366
0.60099846
0.5172475
0.25787622
0.57335365
0.51852626
0.54779
0.4369
0.25585893
0.45194125
0.5762331
0.4066241
0.59437627
0.26882175
0.27548638
0.2529979
0.5110482
0.610197
0.44763723
0.40067333
0.5156294
0.6335267
0.2560712
0.66864544
0.6291842
0.5212622
0.5532391
0.52905625
0.40926355
0.278365
0.60012317
0.4077284
0.5698086
0.39563456
0.5680663
0.48836052
0.5138423
0.6237166
0.27637511
0.4407903
0.6096603
0.26278895
0.5831439
0.27018565
0.2571831
0.26446977
0.25876552
0.4037814
0.27236068
0.5225999
0.46299958
0.6166643
0.2821762
0.5348236
0.55896777
0.27793676
0.2549676
0.58419853
0.5108352
0.3927362
0.56613433
0.6085099
0.5575072
0.25716624
0.6183367
0.29281002
0.6249022
0.27628663
0.26444224
0.39720166
0.5728895
0.25394234
0.6314183
0.40230948
0.5508722
0.39269042
0.26605392
0.5272323
0.64096034
0.2669386
0.5912274
0.5435719
0.25610664
0.602082
0.2739927
0.24787572
0.39770836
0.37773472
0.49009997
0.5685369
0.4934945
0.44409096
0.53881806
0.40587234
0.47712037
0.24890015
0.57424635
0.39924893
0.40638274
0.2655751
0.26121926
0.58112514
0.40746891
0.41352814
0.258081
0.58369935
0.48956478
0.2616457
0.5751188
0.24699034
0.41309127
0.52823824
0.288298
0.25863957
0.53383946
0.620685
0.41244328
0.53327596
0.50851893
0.25956994
0.41162768
0.5988267
0.3921225
0.4003022
0.28213748
0.25144422
0.41478723
0.4167979
0.39532253
0.60259634
0.6249387
0.5703277
0.2706547
0.40737274
0.5858989
0.30073634
0.26062766
0.57462835
0.26574773
0.5219096
0.6355921
0.62300265
0.6073248
0.25060007
0.26563656
0.56936586
0.6354838
0.60820884
0.6191216
0.48780665
0.4126628
0.5777783
0.304568
0.62039477
0.57508457
0.27439436
0.28240272
0.25688183
0.26228535
0.56937474
0.5395688
0.54059017
0.3511954
0.59906125
0.26407158
0.48313826
0.2568063
0.5844755
0.5817998
0.6107606
0.6110371
0.5931112
0.29278234
0.40620896
0.25228983
0.544811
0.594549
0.48321453
0.25461957
0.6083765
0.6283659
0.50329417
0.27710137
0.58659893
0.27922124
0.50128573
0.57262313
0.561168
0.25370157
0.4122621
0.6268681
0.27471775
0.26883933
0.25730285
0.5956283
0.27312246
0.47337145
0.57779044
0.5130118
0.2766268
0.28555125
0.532462
0.5343443
0.25420627
0.6025923
0.4118367
0.2675862
0.2675143
0.28875038
0.26015797
0.5579503
0.40663236
0.28637064
0.57431465
0.57526696
0.28761464
0.28138986
0.58103555
0.26708567
0.5380054
0.25977468
0.26304948
0.29148635
0.26735345
0.56708723
0.26660222
0.25533396
0.5509619
0.2851142
0.27015042
0.47793043
0.50437766
0.27622953
0.31691813
0.3913752
0.40685686
0.5334909
0.53190935
0.6065818
0.27095017
0.554273
0.26820487
0.55638224
0.3186088
0.6200939
0.6172205
0.57619375
0.5923595
0.25413218
0.25869092
0.40344948
0.5459805
0.4035533
0.5564074
0.44075015
0.5440505
0.40602633
0.52579975
0.5053278
0.40205765
0.55738556
0.5530791
0.61087954
0.45507678
0.55272025
0.26570165
0.26605454
0.59982675
0.2724256
0.280292
0.27595815
0.27073628
0.56745607
0.5285057
0.6579701
0.6008206
0.26807007
0.63397044
0.2748012
0.27384406
0.27695787
0.5655698
0.2641757
0.25686347
0.40224135
0.6138839
0.29426005
0.41149586
0.25265273
0.2562066
0.26836124
0.2596648
0.26908988
0.5865834
0.26969075
0.6188245
0.28165364
0.41355836
0.2617298
0.5957027
0.5145108
0.25553375
0.27306974
0.5759341
0.5899748
0.25599465
0.25163093
0.2546248
0.37622488
0.54474515
0.591471
0.2986729
0.57143027
0.53936535
0.59126455
0.25590056
0.57974494
0.25939977
0.26597354
0.47021455
0.55983216
0.2553812
0.4045462
0.5895585
0.25572205
0.27873126
0.25697562
0.28006133
0.6010667
0.63232124
0.25378418
0.35548848
0.6090809
0.26279312
0.4771681
0.5685166
0.25476274
0.30330744
0.61886936
0.29959333
0.26580653
0.57290334
0.40088147
0.5804462
0.26068258
0.2606583
0.26767117
0.25776884
0.26431185
0.54276395
0.35517722
0.25464648
0.40394416
0.6469642
0.54045284
0.6058502
0.46653038
0.36583114
0.25122347
0.55087584
0.27392328
0.40840894
0.2770934
0.407453
0.60401183
0.41092756
0.23537196
0.57429016
0.3918379
0.27897432
0.5216578
0.5534329
0.6326224
0.26507956
0.5999389
0.2501544
0.40599042
0.5201902
0.58887744
0.25445503
0.47808123
0.5767941
0.24904388
0.25812724
0.58815616
0.2707244
0.5951246
0.25558367
0.5246145
0.41214687
0.26923522
0.5940913
0.2980264
0.24910153
0.43535426
0.63037395
0.25531012
0.2766544
0.6473532
0.490562
0.5622775
0.5906885
0.4676359
0.530313
0.4659647
0.26095673
0.64630497
0.25609002
0.4117333
0.2524378
0.27279624
0.62008643
0.2517094
0.5517641
0.4719803
0.25763974
0.2547767
0.27443236
0.26611963
0.5878763
0.27449918
0.5930635
0.25709826
0.41037548
0.44000846
0.6174152
0.60300374
0.611068
0.27243686
0.5403103
0.26950398
0.2681894
0.27831668
0.27545393
0.26865274
0.5179063
0.40957177
0.40055797
0.24777801
0.49211183
0.6063446
0.5528845
0.5891614
0.61772794
0.5445373
0.5308911
0.50537336
0.55005103
0.26850095
0.51813644
0.44473597
0.24942812
0.55082035
0.5545538
0.26116633
0.6004774
0.26192573
0.4731683
0.59131277
0.6160836
0.46351832
0.5064113
0.58133584
0.27385175
0.2627401
0.26766017
0.2826481
0.3680634
0.2605105
0.25060055
0.5641847
0.5927074
0.5829159
0.39913076
0.41143167
0.27893525
0.4076877
0.4053502
0.40831724
0.27495095
0.5890009
0.27188835
0.5453498
0.2574127
0.494895
0.599265
0.59654
0.47394764
0.269196
0.5492353
0.2620681
0.5808313
0.25473404
0.30687717
0.25642502
0.39999783
0.6214669
0.2493807
0.2964432
0.4885816
0.5934413
0.5201092
0.26102683
0.59191155
0.5169332
0.62483674
0.26092052
0.25892124
0.5935083
0.29351422
0.255376
0.36419177
0.4436675
0.4662638
0.4025421
0.27668718
0.5891857
0.44759887
0.25075513
0.44663388
0.40183926
0.27758017
0.25909457
0.5975991
0.5691111
0.269335
0.25673804
0.27590317
0.55492544
0.31371593
0.5443099
0.35202807
0.51425374
0.26962817
0.2887605
0.5953136
0.5971285
0.5665196
0.48964238
0.5124929
0.6231666
0.26353374
0.25462186
0.24572057
0.5647809