0.4674264
0.6397456
0.3982835
0.45486513
0.3969715
0.23801559
0.22947185
0.63350254
0.39959913
0.5238008
0.22849338
0.22253671
0.2284705
0.41098136
0.6415362
0.24886411
0.22765009
0.49065623
0.25314426
0.42396876
0.531744
0.2480535
0.40030962
0.22522171
0.2480705
0.28679782
0.41602516
0.57784164
0.40493456
0.63045865
0.22043917
0.4070945
0.5424598
0.37932113
0.39379966
0.37437207
0.461019
0.53129137
0.5851859
0.61596227
0.25457683
0.46330148
0.2525374
0.40028748
0.22928539
0.30467805
0.50146407
0.5605862
0.23713891
0.59497553
0.5339297
0.2285508
0.6317293
0.57187784
0.42009604
0.2403509
0.472371
0.2952516
0.25058776
0.26183853
0.45088592
0.60324615
0.4477174
0.39537832
0.53663933
0.59590745
0.4741536
0.25941098
0.55628985
0.4807029
0.60915244
0.26352927
0.57296485
0.42431405
0.24731666
0.22614282
0.22741273
0.4704835
0.40703008
0.36698726
0.22523151
0.23001045
0.3939254
0.5936965
0.6143759
0.23487806
0.44448444
0.5803223
0.51141727
0.46108004
0.22834082
0.23957948
0.62
0.64692414
0.22999884
0.28056595
0.5968262
0.5678203
0.6179692
0.603784
0.4111007
0.3956698
0.2364067
0.2329573
0.3841257
0.28434238
0.22531587
0.6091152
0.59044445
0.52995527
0.24624507
0.40195155
0.58185613
0.27511218
0.41957298
0.23876204
0.25166762
0.30187622
0.6313486
0.55650496
0.5091697
0.5283539
0.32815835
0.6308769
0.26767278
0.6266661
0.26917887
0.26969513
0.23805903
0.5479261
0.5854119
0.5682124
0.25952405
0.5398177
0.2527526
0.23571086
0.5039127
0.6239886
0.3992373
0.2661254
0.5751722
0.23426248
0.6037307
0.23376618
0.46795687
0.25760597
0.23333998
0.36237934
0.34591258
0.26955798
0.6005329
0.56158346
0.3802262
0.24007608
0.24615197
0.36580086
0.64205796
0.22861995
0.2287465
0.52605397
0.5995748
0.5854677
0.47307897
0.5535334
0.6123017
0.2523311
0.46823573
0.48342505
0.2837115
0.24721034
0.23897801
0.416854
0.29031634
0.53566736
0.2531155
0.26010153
0.28612652
0.6442237
0.28070474
0.2402265
0.45726332
0.22315502
0.23320916
0.6156435
0.56040555
0.59083873
0.39016706
0.40784532
0.25087956
0.6092302
0.23459682
0.6486619
0.6396615
0.6104195
0.27550507
0.25577593
0.40702537
0.55445796
0.25850874
0.22189549
0.29529417
0.5239753
0.62698907
0.47531715
0.60750914
0.63508683
0.27809915
0.6490215
0.2523898
0.2726432
0.3928383
0.36824197
0.61378413
0.30033338
0.40428114
0.399557
0.24967067
0.476824
0.24989776
0.24761617
0.2427314
0.5848878
0.26751167
0.25337648
0.24292435
0.5997803
0.5980284
0.24861223
0.39808738
0.23365508
0.5770143
0.394015
0.5551057
0.39634803
0.46102986
0.40653783
0.60091627
0.6157909
0.28036505
0.22655496
0.24722156
0.2496039
0.6096743
0.6044453
0.5127748
0.24298798
0.39314112
0.26545322
0.39385715
0.53237396
0.6641473
0.24180117
0.52672696
0.3060779
0.2458959
0.2618158
0.5654504
0.5752265
0.4933202
0.6345995
0.62401336
0.24915375
0.6215552
0.5231697
0.5202171
0.27568886
0.22418006
0.2465464
0.5241635
0.58662283
0.4092372
0.48373112
0.2493968
0.25752985
0.5792006
0.4246626
0.5662945
0.24291953
0.5801904
0.5977247
0.65387315
0.6446901
0.23668316
0.23135473
0.5728205
0.6074569
0.37064597
0.65372854
0.23688188
0.39647022
0.5306388
0.5664792
0.4462107
0.23523374
0.589531
0.2653577
0.5412259
0.6150913
0.2814039
0.6322255
0.42580187
0.23760833
0.57291293
0.5961881
0.6279382
0.35073924
0.4608879
0.2545983
0.561427
0.2503265
0.24539058
0.5721487
0.61189055
0.58717847
0.5612575
0.24659446
0.2576263
0.24426906
0.59040827
0.23768523
0.26117557
0.27785438
0.22805351
0.24490295
0.6263196
0.4688216
0.28305352
0.29292342
0.4048505
0.57794976
0.555005
0.21658668
0.6026669
0.5772122
0.49265164
0.4056943
0.612005
0.63888705
0.24260558
0.22216973
0.22926171
0.25080192
0.60626554
0.404731
0.612496
0.57441956
0.5668211
0.60440075
0.63347226
0.5923853
0.5573214
0.2233061
0.6240939
0.38641813
0.59850687
0.22861499
0.2341243
0.46026805
0.6375488
0.4770903
0.28785694
0.5750334
0.3008396
0.23808238
0.29264244
0.3874511
0.5535242
0.23759705
0.22921443
0.40699857
0.38866046
0.2371376
0.6007859
0.25150916
0.22679524
0.33456725
0.5864105
0.5507559
0.23298116
0.2460047
0.61822164
0.51109123
0.59375465
0.28928992
0.27490193
0.5535027
0.61514086
0.34905648
0.26658303
0.5538805
0.4726314
0.30156788
0.23520899
0.33164284
0.39018893
0.5575648
0.5556428
0.24467215
0.2263685
0.27925166
0.23671682
0.5845806
0.58329695
0.37035748
0.45353267
0.3957049
0.57599676
0.5664022
0.6110972
0.39302906
0.5861478
0.37684005
0.5442583
0.6390172
0.22316355
0.22166264
0.56513274
0.2230347
0.6099654
0.25920686
0.235498
0.39178768
0.2392641
0.26420376
0.5539216
0.6152541
0.5855073
0.38541523
0.24467808
0.25453126
0.24074684
0.52575463
0.38849726
0.49821842
0.25558168
0.22888963
0.5808262
0.45682162
0.5644595
0.38171116
0.21889386
0.26088157
0.21995392
0.5491665
0.6156103
0.29316142
0.5357144
0.611647
0.39913946
0.603583
0.5438951
0.412503
0.4967088
0.24015675
0.5258177
0.24717353
0.57124496
0.53364956
0.24028437
0.22849457
0.5384873
0.6342862
0.2188759
0.5492096
0.2749353
0.6274073
0.5586016
0.55038255
0.22716358
0.2609601
0.410382
0.2270725
0.5925564
0.49668926
0.23377901
0.5346037
0.546018
0.2562284
0.6068891
0.25240815
0.2663141
0.38814414
0.41134
0.64612067
0.24328752
0.3095334
0.30328897
0.60581106
0.5844025
0.41659534
0.41828415
0.51522684
0.6113835
0.6133475
0.4104556
0.4105312
0.61110485
0.2827042
0.2987699
0.43458423
0.38202456
0.585707
0.28384885
0.22811404
0.5485799
0.5617648
0.23989262
0.40385342
0.22658326
0.44784212
0.24078225
0.54339224
0.23729804
0.56311303
0.39874572
0.38600168
0.47406667
0.32777637
0.21792394
0.23596662
0.48092315
0.60517186
0.29106042
0.5445513
0.63375694
0.52309245
0.3899464
0.22230811
0.5470042
0.2387183
0.5401264
0.43178648
0.21562172
0.35350218
0.23601475
0.224067
0.24212314
0.4138416
0.25346285
0.47400352
0.4075199
0.5391782
0.3974091
0.590917
0.36457303
0.26748115
0.21763489
0.2546082
0.2557637
0.5863833
0.22723491
0.24100043
0.42485556
0.59879625
0.63094336
0.40246552
0.24150594
0.23018959
0.24007608
0.61353594
0.21518692
0.6148978
0.4250234
0.3889428
0.5926899
0.2407052
0.558556
0.6015099
0.23275842
0.56916
0.5732041
0.23603106
0.43987715
0.22924154
0.6084235
0.5778406
0.57264996
0.54211944
0.5810802
0.24755631
0.22998734
0.2769492
0.23202986
0.28878194
0.60760164
0.52181524
0.23849274
0.5129987
0.24128087
0.60899925
0.2435063
0.23770323
0.26222834
0.50718874
0.47469378
0.22886041
0.28436348
0.23280135
0.62816334
0.23684832
0.6606983
0.6142407
0.5159427
0.25146678
0.57581717
0.22439906
0.422934
0.39893416
0.2518697
0.4700376
0.24126826
0.53721946
0.23958755
0.5946956
0.546364
0.26935884
0.24869646
0.2353538
0.62311023
0.48558685
0.52594465
0.368135
0.29646462
0.60441214
0.43033513
0.6176981
0.22405738
0.5449789
0.5522474
0.40791544
0.24598488
0.39375386
0.5621234
0.6234998
0.25501075
0.6272461
0.5638067
0.2858927
0.24490121
0.22559683
0.5873665
0.24309288
0.5250937
0.6109015
0.2498832
0.22348084
0.2744883
0.2956812
0.427764
0.5671053
0.5930847
0.5871909
0.40299863
0.46798354
0.32747415
0.62214047
0.53376186
0.5948854
0.27892786
0.24646136
0.38470012
0.2456173
0.6011299
0.5200379
0.2848294
0.62303257
0.22970511
0.22952196
0.5487049
0.39239755
0.4404917
0.59535855
0.24361594
0.56590044
0.54958904
0.57006586
0.52381647
0.24914196
0.5953969
0.5704437
0.51602566
0.25131765
0.48949438
0.5974489
0.58750606
0.5724394
0.51252806
0.61031723
0.57849175
0.26298067
0.2544834
0.5633506
0.2227162
0.2597892
0.2461264
0.23152019
0.23042208
0.23577358
0.58639556
0.55856884
0.38047743
0.4598706
0.59867465
0.26206648
0.2486121
0.60516644
0.24142784
0.6250367
0.6208641
0.47231343
0.43636522
0.60469204
0.23464452
0.26890638
0.59383315
0.39895105
0.2525825
0.53274196
0.22992639
0.56272274
0.25668627
0.23962675
0.55273855
0.2207308
0.23747605
0.22857921
0.25028962
0.39433816
0.2453856
0.26938006
0.572438
0.55550015
0.37238914
0.2270043
0.5496687
0.2645994
0.21812093
0.6150993
0.48060063
0.24515924
0.46214172
0.39463407
0.58099294
0.23226513
0.665752
0.5278366
0.23203354
0.39717197
0.25179604
0.40851262
0.23707305
0.23702222
0.22081037
0.58623856
0.43889275
0.23847978
0.58823824
0.24553132
0.2376336
0.39192158
0.26289648
0.58172566
0.45333475
0.57973266
0.23176128
0.26126423
0.28137293
0.550189
0.27921373
0.625434
0.24509235
0.2858319
0.4476321
0.23515724
0.23704213
0.5635403
0.60784113
0.37716484
0.5994644
0.23966476
0.26653606
0.57447636
0.5470435
0.5371875
0.22081634
0.62967163
0.597173
0.4394452
0.6392185
0.26130283
0.67342794
0.5677877
0.63021886
0.26363766
0.30862522
0.2385362
0.3839447
0.23213395
0.6193576
0.23181531
0.58706164
0.40734223
0.5638141
0.6226205
0.22939843
0.23376767
0.2264515
0.5423895
0.6190184
0.5401267
0.6342862
0.45542648
0.4666188
0.53694445
0.2282327
0.41459817
0.55499834
0.54527354
0.22961037
0.6019265
0.51420015
0.6062374
0.5819617
0.22345133
0.2694221
0.5578478
0.6309916
0.23622094
0.5581917
0.39837864
0.5983348
0.23085266
0.25557792
0.61473995
0.51423323
0.51357293
0.60842663
0.56510967
0.23838435
0.2381411
0.26294327
0.6201258
0.6254652
0.41042534
0.60802066
0.4542333
0.6026536
0.6650853
0.5745577
0.23661357
0.27493352
0.61293435
0.24134229
0.2992257
0.23033947
0.54098696
0.21687448
0.23399684
0.23050776
0.40421498
0.59080166
0.3910648
0.57081455
0.30727273
0.47723317
0.24728256
0.377815
0.2245279
0.30966893
0.24771906
0.23667248
0.58107305
0.40100718
0.55877095
0.22944698
0.624891
0.4014427
0.3189451
0.25015736
0.5187838
0.4600384
0.4090395
0.55660963
0.28243855
0.38163072
0.23387536
0.49301872
0.40386418
0.491512
0.39181978
0.40792024
0.63112193
0.24144506
0.5990494
0.57633
0.57086146
0.5482816
0.2375799
0.54426944
0.6244734
0.53956926
0.24544267
0.57469594
0.5559504
0.5880084
0.44778284
0.24775846
0.46626028
0.5519873
0.4167719
0.6105838
0.2525819
0.28070956
0.21617298
0.49397781
0.5959597
0.44648916
0.37640476
0.48921883
0.5475574
0.22935982
0.6047991
0.6166891
0.5379022
0.5253593
0.5647329
0.39982978
0.25692445
0.5953884
0.39446378
0.6235136
0.41696224
0.5976436
0.44258168
0.54634446
0.5856178
0.23677249
0.50619394
0.54500616
0.21877256
0.5975619
0.23438151
0.2339692
0.25144997
0.22067101
0.39864436
0.28253746
0.48200697
0.45033303
0.62135655
0.25348303
0.5472462
0.5213694
0.2683031
0.23411475
0.56377727
0.52185094
0.4105157
0.58498013
0.6074321
0.5461257
0.23280756
0.61754054
0.30046418
0.6241339
0.2772767
0.25512543
0.39877164
0.5876401
0.22567381
0.6503832
0.3716456
0.5168797
0.3921433
0.27377516
0.55288583
0.62180763
0.26768562
0.5935534
0.5732539
0.23026478
0.59216404
0.28401515
0.24109031
0.4051408
0.3863444
0.5123753
0.57757765
0.46963966
0.43905884
0.5268148
0.39150053
0.4240735
0.22551985
0.54754275
0.39712787
0.39384636
0.23863032
0.2391801
0.4647769
0.40904635
0.46482986
0.23238929
0.5988926
0.48488703
0.24335855
0.5742647
0.23648775
0.39515576
0.5329814
0.27587268
0.23217729
0.5729076
0.60893625
0.39882022
0.5000597
0.4784311
0.2264685
0.39981785
0.63968873
0.36395153
0.3946659
0.26628128
0.24810278
0.38024122
0.39940536
0.38242573
0.5527671
0.6297381
0.59031886
0.27019995
0.39994526
0.60127985
0.27253956
0.23272143
0.5473438
0.24124731
0.56970775
0.6335295
0.6052163
0.6187481
0.23385005
0.23838343
0.55745935
0.6417671
0.59977716
0.5719958
0.47023064
0.39726964
0.5879926
0.25573164
0.60587156
0.60851914
0.2568843
0.30882826
0.24301898
0.22370543
0.5441836
0.5459473
0.5688248
0.29004666
0.6513473
0.23391595
0.47268134
0.23232456
0.5271086
0.5960487
0.58540916
0.6141745
0.58724475
0.27455267
0.38240886
0.24471126
0.566559
0.5959928
0.45365956
0.23285405
0.6220738
0.6042531
0.46316513
0.28285733
0.59261274
0.26312056
0.53242946
0.5528115
0.6029285
0.2435159
0.4034473
0.56471354
0.25011456
0.27190876
0.21949722
0.6059114
0.26238337
0.50904095
0.5907026
0.50794137
0.24875832
0.25161287
0.55857617
0.5912867
0.23044892
0.5760188
0.43857512
0.2410459
0.24673162
0.24381207
0.26001552
0.5626641
0.39117432
0.2718623
0.581234
0.5892628
0.22629449
0.2694519
0.5180719
0.2441909
0.5638335
0.2565303
0.2569541
0.27232996
0.23988657
0.5905129
0.255137
0.22953936
0.55756
0.26114005
0.26142436
0.48208985
0.49074548
0.25938058
0.32384375
0.39060414
0.40436646
0.5068249
0.55107427
0.579046
0.23169829
0.59045637
0.22754563
0.59205323
0.3079935
0.6613815
0.58937705
0.60745484
0.56318164
0.24634081
0.2515085
0.4041391
0.5668329
0.40500182
0.55824304
0.4366259
0.54171544
0.40650678
0.49078217
0.5160203
0.3987341
0.5767892
0.56232077
0.597131
0.46575028
0.57782793
0.2984834
0.23646128
0.5688901
0.26500764
0.24601305
0.26441333
0.2582034
0.5700833
0.5779979
0.58594954
0.5897072
0.23647761
0.6331791
0.25853583
0.28714398
0.22452885
0.55258566
0.25323924
0.23436514
0.39603272
0.5865492
0.3065457
0.39885065
0.2388997
0.23238653
0.2435079
0.24756476
0.25579238
0.56515485
0.2374615
0.63381076
0.28284487
0.40485844
0.24765931
0.604938
0.54501563
0.23132409
0.28082713
0.60555977
0.5442056
0.22498377
0.23121291
0.23138887
0.41781196
0.57098716
0.620227
0.3181582
0.59312034
0.51168257
0.6344629
0.23985793
0.6282592
0.2351217
0.2700162
0.4668924
0.6193855
0.24672167
0.39496866
0.55265933
0.23310697
0.2580644
0.236103
0.28569907
0.5755758
0.60181046
0.23970214
0.40090668
0.64031243
0.24793836
0.51693714
0.54334533
0.23258929
0.29621455
0.61277485
0.25793305
0.24165253
0.5677285
0.39581513
0.55891794
0.23588286
0.24299952
0.24509329
0.21500202
0.2736857
0.5581476
0.35122806
0.25047934
0.41126743
0.59008664
0.4793
0.5695648
0.45323384
0.30738363
0.24420092
0.51796687
0.24828665
0.4045877
0.26823023
0.41917843
0.60715526
0.4018241
0.2708136
0.6086844
0.38678497
0.27790618
0.51853454
0.56342256
0.6177559
0.24562584
0.5974093
0.2353458
0.38986018
0.55357385
0.59061325
0.22970772
0.470761
0.55304563
0.2305448
0.2298707
0.63741994
0.24382511
0.59920305
0.25061268
0.53830796
0.41235906
0.23691316
0.5962386
0.2808719
0.23205379
0.45280543
0.65156233
0.25128138
0.25339648
0.61149216
0.44637293
0.5070746
0.5987397
0.44456467
0.56006455
0.45007294
0.24599308
0.61082625
0.23329341
0.40617347
0.23433788
0.2656492
0.6162937
0.24009961
0.5674941
0.4702955
0.23241405
0.22887327
0.26901367
0.25018445
0.58336425
0.2322384
0.59111756
0.23947644
0.39659905
0.45939782
0.5899543
0.6090555
0.6002663
0.24587965
0.54950917
0.28004178
0.25107372
0.27261743
0.31586725
0.26605424
0.554353
0.38505548
0.39925712
0.22666968
0.47251713
0.5913448
0.55230594
0.60614634
0.6191379
0.57153285
0.56954086
0.5260619
0.5750637
0.24427305
0.47702855
0.47778583
0.23009135
0.5602609
0.5706714
0.2230033
0.5810115
0.2407318
0.45887813
0.5981515
0.5842416
0.49315256
0.46732053
0.6275204
0.2602872
0.23539017
0.24773751
0.24072175
0.36380434
0.28872073
0.23135018
0.59339994
0.5858412
0.5753614
0.3867219
0.4056139
0.26966736
0.41033307
0.39360037
0.41764244
0.24228051
0.58950543
0.25243735
0.4948911
0.24989136
0.47653013
0.61889964
0.6018165
0.46149656
0.2313897
0.54462737
0.28028387
0.55282885
0.2299543
0.2549544
0.22867467
0.39979547
0.6077233
0.23673451
0.28419936
0.46881962
0.588934
0.45195338
0.23153903
0.59200436
0.5155275
0.6355829
0.22463304
0.23671499
0.5186731
0.30201745
0.23879382
0.4071233
0.45294213
0.44607177
0.38085952
0.2568552
0.5932538
0.46425557
0.23744974
0.45403975
0.40395877
0.26302692
0.22135124
0.6127026
0.54086524
0.23545289
0.2374695
0.2595407
0.59974986
0.3051056
0.50722855
0.35232255
0.48470068
0.24257009
0.2706491
0.5469762
0.6116413
0.5864589
0.49165416
0.4840499
0.65079266
0.23612417
0.27186364
0.23395158
0.59230924