0.47025526
0.52841973
0.44949862
0.4764589
0.44280735
0.39561874
0.39724317
0.5144847
0.44020027
0.49469906
0.44134635
0.38642114
0.39789015
0.43343854
0.49123582
0.40673828
0.41585627
0.5046899
0.39570537
0.4693104
0.48144904
0.40129954
0.44262958
0.4014685
0.41031998
0.42257613
0.4733674
0.4804749
0.44973865
0.5070391
0.401687
0.4302321
0.48938432
0.42451945
0.4260508
0.4336609
0.4789635
0.5031112
0.48643333
0.5095971
0.40100864
0.46808222
0.3958703
0.4434501
0.398628
0.41762194
0.47619662
0.5114092
0.4086213
0.5048769
0.5185312
0.3968028
0.5291927
0.4808925
0.4817929
0.41422352
0.46748078
0.4130427
0.41884795
0.41262904
0.47465608
0.5009681
0.45991915
0.44265294
0.46664956
0.500261
0.474132
0.42085332
0.4778924
0.4844399
0.51924884
0.41286105
0.47641227
0.463584
0.43457678
0.388365
0.40526846
0.4702979
0.44104353
0.4423428
0.3936912
0.39438158
0.43843818
0.4993512
0.49456897
0.38966918
0.4873137
0.5044892
0.48645517
0.4764154
0.38896602
0.39935756
0.5207129
0.5130944
0.44393536
0.4179951
0.4885512
0.5071594
0.5167546
0.50747436
0.4446116
0.44521928
0.41045442
0.4058838
0.43754223
0.40780884
0.3841413
0.50846034
0.49668252
0.49377358
0.40621683
0.44423568
0.508402
0.40951383
0.43757647
0.39169884
0.40133768
0.41613048
0.5069518
0.48156106
0.50611717
0.48674223
0.4225329
0.53162724
0.41006052
0.4898548
0.4105756
0.40744752
0.40045792
0.48005617
0.49978432
0.5044222
0.40291297
0.49598864
0.39462823
0.38977924
0.4729518
0.51062155
0.4422183
0.40816867
0.48830578
0.4021649
0.48774737
0.39921555
0.49253395
0.4091047
0.40167987
0.44201615
0.43025255
0.39124233
0.5052576
0.5231543
0.4301941
0.39242017
0.40060115
0.4336618
0.5084038
0.40100762
0.3963818
0.48095813
0.5049657
0.5176221
0.4596935
0.50497293
0.4934718
0.40485826
0.46441072
0.46658906
0.4164436
0.41459453
0.39874572
0.42962083
0.42222103
0.49455422
0.41952518
0.41018933
0.41599214
0.51882565
0.40984488
0.4011972
0.46094483
0.39883432
0.39041448
0.5018287
0.4799613
0.47338855
0.44241145
0.44079253
0.398115
0.5187586
0.39061657
0.51452744
0.5129267
0.507719
0.42241362
0.40879822
0.43973592
0.49005318
0.4038211
0.39390832
0.43188265
0.52612495
0.49862382
0.46249726
0.5108799
0.49860498
0.4177974
0.5240619
0.40014157
0.41511658
0.438667
0.4415213
0.5274192
0.4274404
0.43660623
0.44008538
0.41080952
0.4687376
0.40807375
0.40454456
0.41375312
0.5049421
0.41799152
0.3976645
0.39889598
0.5057309
0.5140787
0.39662004
0.44642985
0.40922502
0.4947433
0.439596
0.49119818
0.43708295
0.47256207
0.43506292
0.48726082
0.49748465
0.4227638
0.3880733
0.4001236
0.39755237
0.5149851
0.49367678
0.47693634
0.41542083
0.43436107
0.43693325
0.43814278
0.47489458
0.52777886
0.39812124
0.4845052
0.46506736
0.4136153
0.4028423
0.49035367
0.5136447
0.5015808
0.5097431
0.513544
0.4043452
0.5080558
0.4706832
0.48742864
0.41238338
0.3882786
0.41390085
0.4719563
0.50052696
0.43312427
0.4737953
0.3969066
0.41308695
0.50886244
0.45641002
0.4903662
0.40458202
0.48278746
0.51837796
0.52080834
0.5101317
0.43788064
0.4008385
0.49388382
0.51673347
0.43902725
0.51742357
0.39630365
0.43889588
0.5000776
0.49468774
0.4836835
0.3940879
0.5081921
0.40769684
0.49296257
0.5067238
0.42211267
0.52139086
0.4490879
0.3966972
0.48398814
0.5081
0.50870246
0.4411455
0.4761132
0.40815893
0.48998156
0.41285154
0.41108912
0.5076091
0.5183714
0.4874949
0.49765837
0.39829466
0.40395668
0.40057352
0.4961718
0.40230945
0.4129444
0.41532755
0.3964288
0.38978395
0.49293464
0.4705803
0.41126078
0.4178991
0.43733215
0.48940116
0.50304985
0.38959035
0.50522155
0.51801413
0.4944687
0.44518262
0.4850872
0.5162063
0.3991866
0.38848183
0.3889195
0.4160419
0.50064445
0.44175604
0.5013108
0.48235595
0.4904061
0.49706194
0.5232879
0.49068215
0.4786081
0.38909248
0.5059394
0.44050503
0.5047282
0.39084673
0.40340397
0.47351563
0.48706192
0.49040586
0.42514515
0.4742281
0.41845182
0.4090181
0.41179377
0.43614632
0.5006031
0.40071845
0.40373787
0.43649718
0.44195992
0.41277736
0.5015586
0.41193125
0.40784773
0.43642354
0.49223593
0.48994654
0.40971386
0.4003863
0.49466392
0.4592253
0.506485
0.42469445
0.44972914
0.4841242
0.5464531
0.44451115
0.42503345
0.48840752
0.47931004
0.4031479
0.39725897
0.45559636
0.451618
0.4862556
0.5073835
0.4026542
0.39938965
0.41332716
0.39850673
0.48552132
0.483847
0.45046154
0.43100902
0.43721598
0.49146733
0.49519667
0.5103325
0.43650466
0.51739055
0.43792757
0.50313574
0.5021832
0.39726537
0.38946605
0.48609707
0.39768854
0.4969922
0.4118972
0.4107344
0.44015685
0.40972924
0.40310717
0.4894969
0.5143928
0.50518143
0.44877154
0.40660718
0.41231748
0.39587504
0.48198834
0.44052383
0.46705237
0.40555868
0.38419676
0.5130617
0.4672475
0.4937689
0.4402415
0.39795312
0.40986204
0.3993383
0.47747466
0.51466084
0.42058313
0.49787772
0.506955
0.44549283
0.5189235
0.4982709
0.44810906
0.45846915
0.40577528
0.50491464
0.40293303
0.5003594
0.5051442
0.40489733
0.40056908
0.48216504
0.50717044
0.39313397
0.50936615
0.41009635
0.50263816
0.4804277
0.49395025
0.40467107
0.39721674
0.44835773
0.39082283
0.49137232
0.47786313
0.40554962
0.49940515
0.5047661
0.4246669
0.5251012
0.40415224
0.4201343
0.44154242
0.44568148
0.52530473
0.4098437
0.40655914
0.4180982
0.48531872
0.49724633
0.4485458
0.4657218
0.48102057
0.49296257
0.5060296
0.44224033
0.45200828
0.5062629
0.43274465
0.409778
0.46784073
0.4401229
0.50339276
0.42239413
0.4027265
0.4741426
0.4866736
0.40260968
0.43235898
0.40224543
0.47318017
0.4027993
0.51093954
0.40088594
0.49695167
0.44803816
0.446271
0.47509742
0.43651372
0.39642468
0.3917153
0.47270837
0.50030535
0.41703102
0.50516236
0.49839005
0.47209433
0.42772058
0.40247968
0.5148907
0.39537334
0.4747318
0.42902657
0.4367187
0.44899616
0.40667558
0.39971834
0.40672174
0.4431223
0.41143277
0.45960784
0.43470985
0.47842947
0.43954015
0.48714328
0.43640608
0.4084876
0.39761955
0.3993938
0.40453643
0.49331254
0.3993582
0.40807876
0.44026956
0.5049988
0.5015856
0.44429517
0.40081263
0.42980757
0.39561972
0.48505893
0.39679155
0.51153
0.4465969
0.4415518
0.48262963
0.4048278
0.5054593
0.50957
0.40076616
0.50118405
0.48136377
0.39337736
0.465085
0.3895988
0.5046195
0.49254346
0.48176068
0.46946627
0.49255073
0.40187448
0.4035256
0.39450184
0.39096853
0.4197174
0.50115526
0.47367927
0.40122694
0.49828836
0.39774004
0.5306527
0.43781546
0.40528983
0.43948945
0.47665304
0.48836583
0.4016333
0.39994028
0.3985521
0.5421854
0.3995075
0.51688635
0.513772
0.49720606
0.41607895
0.50040656
0.40649015
0.4470575
0.44766378
0.40950945
0.47439784
0.4037618
0.49229482
0.4094123
0.5296054
0.49055326
0.41006273
0.41143823
0.4112339
0.5203109
0.4734358
0.4719015
0.4400542
0.39996108
0.5160505
0.47234514
0.50199014
0.3852358
0.47403443
0.48353082
0.44139943
0.4033581
0.44232512
0.50328076
0.5109266
0.43429476
0.51398516
0.49109617
0.410855
0.40147707
0.3853024
0.48473036
0.43192232
0.48193195
0.5093814
0.40821874
0.40189007
0.41472486
0.45074946
0.46175474
0.4897151
0.48594567
0.4966104
0.43506837
0.5111114
0.42068312
0.5080207
0.47867468
0.4964898
0.410895
0.4017746
0.43592393
0.41573897
0.46726856
0.48773494
0.4197762
0.5056208
0.4076116
0.40302438
0.4945452
0.45174766
0.48276746
0.5239353
0.40028244
0.49790466
0.4908288
0.50116295
0.4779147
0.40116882
0.4967432
0.49794254
0.4795596
0.4057896
0.4833932
0.52231896
0.49335402
0.49616876
0.47683072
0.5003346
0.508348
0.40913287
0.41279313
0.48537478
0.39151186
0.4560632
0.42003593
0.39423946
0.39874348
0.39337
0.5134701
0.49040195
0.44308493
0.45363286
0.5227023
0.4246868
0.4204318
0.5133942
0.40029877
0.5072687
0.5220593
0.481739
0.4845804
0.4930353
0.40214264
0.43270195
0.49451217
0.44253284
0.39209914
0.47926605
0.39738294
0.5006372
0.4019952
0.3936394
0.48951197
0.3879572
0.4084828
0.38469237
0.40340164
0.44301707
0.40713173
0.4202716
0.49587873
0.48084193
0.43307665
0.39511257
0.46694687
0.40434006
0.39753857
0.51847696
0.46603402
0.4121643
0.4533656
0.4380674
0.4968913
0.400266
0.51845276
0.48167667
0.3949888
0.43925983
0.43616092
0.4396545
0.41026828
0.39534107
0.3948947
0.49116984
0.48867193
0.4017571
0.5047531
0.4106727
0.39948097
0.4325004
0.39865643
0.48342833
0.46978265
0.4915877
0.40346217
0.43777338
0.41883498
0.4913791
0.41508308
0.519117
0.39462528
0.41418517
0.47391862
0.4048642
0.4060273
0.494531
0.49759904
0.45350412
0.50436366
0.39359763
0.40649518
0.5026027
0.47598818
0.44974464
0.40179664
0.51714706
0.52450275
0.46808133
0.51295614
0.4195216
0.5054528
0.50723034
0.49879515
0.4054167
0.42972827
0.39595765
0.44943506
0.40407443
0.5302071
0.3919353
0.50574607
0.43674058
0.5059721
0.5175803
0.40032658
0.39303532
0.39611083
0.503464
0.5076513
0.51081455
0.51069933
0.4587194
0.4678734
0.50198215
0.39598018
0.45483577
0.49927306
0.4865333
0.4012557
0.49294809
0.4654752
0.50703573
0.503689
0.40476078
0.4097779
0.50332135
0.5068627
0.39330286
0.5002362
0.44980317
0.4934019
0.40039912
0.41401616
0.5014752
0.4814552
0.45822635
0.48929656
0.478442
0.4019233
0.40820473
0.43458545
0.50631964
0.50120246
0.42137188
0.5146927
0.45975345
0.5025009
0.49653044
0.49900183
0.39513424
0.43192717
0.5198627
0.39938617
0.41225308
0.3975578
0.49665993
0.39377114
0.39721918
0.4015125
0.4385919
0.5103654
0.44812176
0.505947
0.41858637
0.47779128
0.40436244
0.4466547
0.45567417
0.42752
0.40939355
0.3995286
0.50060725
0.44423592
0.5012797
0.40951163
0.5345503
0.44219005
0.42300376
0.4180344
0.4748579
0.4719733
0.44018227
0.49458858
0.41572216
0.44024298
0.40627882
0.4758402
0.44391483
0.48645753
0.43864658
0.43798813
0.48732558
0.4048751
0.48508742
0.49112687
0.48688886
0.49656808
0.39346117
0.48348513
0.5083546
0.47799236
0.39694405
0.50010693
0.48423812
0.52519625
0.46511388
0.40341413
0.4646285
0.482715
0.44644958
0.5042392
0.40305075
0.41749668
0.40562373
0.4942993
0.5147251
0.46432728
0.43990043
0.47351158
0.47371292
0.397488
0.5011229
0.5145341
0.47551668
0.4751535
0.5057875
0.44221085
0.40883583
0.51044273
0.4421973
0.5036328
0.43970954
0.5055533
0.4677742
0.49232808
0.5141755
0.43979377
0.46914044
0.49472356
0.39892554
0.50904167
0.3978561
0.3988321
0.39326593
0.3830932
0.4454961
0.4165699
0.4863956
0.48101676
0.5174369
0.4110037
0.48103893
0.48837686
0.4045781
0.40332937
0.4984129
0.4934236
0.43873382
0.5112888
0.5147945
0.4896542
0.41141263
0.4983519
0.3897146
0.49143657
0.41960427
0.4242187
0.4415689
0.5094236
0.40456015
0.4943387
0.4359011
0.46544442
0.43846545
0.4135236
0.48310918
0.5079287
0.40300736
0.4743282
0.49661922
0.4019682
0.5273548
0.40875983
0.40593624
0.44170213
0.4495102
0.47444987
0.48912174
0.46985632
0.46894005
0.51075923
0.44566822
0.46253607
0.393108
0.50072664
0.43961182
0.43519613
0.39880994
0.3981224
0.5105894
0.44177023
0.45009574
0.38566393
0.4881132
0.48633185
0.40539777
0.48360118
0.40884092
0.43570817
0.48064458
0.42031622
0.40633032
0.4808872
0.49417308
0.44573018
0.48309854
0.47444516
0.39836493
0.4457981
0.5218759
0.44260615
0.4436929
0.42755938
0.39377826
0.44180956
0.44611546
0.43752536
0.511449
0.5207733
0.5074037
0.409573
0.44572005
0.48817706
0.41711482
0.40204427
0.5206871
0.4121442
0.47648066
0.51957446
0.51553345
0.49621144
0.39852822
0.40301782
0.49864945
0.5151733
0.47797093
0.4970062
0.47522873
0.44516018
0.4870949
0.40966582
0.5070252
0.4926699
0.41198096
0.4213643
0.40171355
0.40016463
0.4865923
0.48918152
0.49331787
0.42783654
0.5084884
0.38826227
0.45798805
0.39761147
0.49705657
0.50872487
0.49814007
0.51012635
0.49842757
0.418471
0.43919507
0.4096952
0.50363034
0.48767233
0.46574324
0.40073374
0.5243588
0.48431432
0.466133
0.4131934
0.4976464
0.39886796
0.50266665
0.49913633
0.51577705
0.41431403
0.44699925
0.47458693
0.38935134
0.4085866
0.4000148
0.5092838
0.41126904
0.47340956
0.51300174
0.47709462
0.4153819
0.40908888
0.49564147
0.5011727
0.39401752
0.4870078
0.46693185
0.4106631
0.41678166
0.39987248
0.40542242
0.4777209
0.44265574
0.41174045
0.5085248
0.5033044
0.40385696
0.441102
0.47339812
0.41856113
0.49389935
0.40577438
0.4193856
0.41509497
0.40456697
0.525702
0.40196964
0.39214283
0.49944618
0.4151701
0.40576485
0.4705781
0.47748715
0.39735103
0.41258925
0.42679122
0.4396796
0.46728766
0.5070122
0.50409263
0.39845434
0.48504362
0.4061318
0.5150159
0.42200637
0.49681917
0.4987416
0.505409
0.47966138
0.40468904
0.40475523
0.4511151
0.5143569
0.446136
0.4803926
0.44482747
0.49115357
0.44460124
0.4787287
0.4948149
0.43558106
0.481775
0.51602453
0.5045731
0.46341762
0.5026893
0.4342786
0.39405826
0.5077692
0.39169276
0.40955904
0.41420394
0.41317904
0.49340248
0.5071479
0.5086759
0.51327384
0.4001722
0.5282361
0.4109496
0.41315743
0.44357026
0.4983384
0.39914438
0.40196872
0.44347978
0.4943928
0.43774098
0.4456846
0.40489292
0.393787
0.41765338
0.4010357
0.40842128
0.49097198
0.398569
0.51654845
0.4404745
0.43554866
0.3965724
0.5158091
0.49285403
0.4020599
0.41808385
0.48357508
0.47855282
0.40254834
0.40149498
0.39628482
0.43668213
0.5195293
0.5010442
0.4278835
0.4725621
0.4803536
0.49089447
0.40878832
0.5204997
0.40915713
0.4048776
0.48653123
0.5180994
0.40234995
0.44060388
0.49944147
0.4075009
0.41459468
0.40577006
0.40902075
0.5163399
0.49448
0.40588528
0.43542802
0.5167152
0.4102642
0.48860255
0.50692457
0.40995395
0.43784723
0.50411946
0.40882936
0.39419147
0.48909265
0.43702406
0.50964224
0.40118685
0.39446458
0.39038694
0.40663174
0.44234148
0.47185186
0.4292193
0.40240812
0.44254974
0.5138958
0.46840614
0.5069013
0.4689838
0.42430303
0.40185565
0.4743192
0.41290233
0.44295308
0.41717744
0.44970548
0.5137343
0.4411582
0.46461
0.48396072
0.4383158
0.42663994
0.49333
0.5084989
0.50618505
0.38707796
0.48468035
0.39843872
0.4387788
0.48735672
0.4904297
0.39899313
0.46017322
0.48232046
0.39013025
0.39386645
0.509063
0.39996627
0.5099679
0.4018769
0.49659488
0.44230762
0.39786196
0.5047942
0.41029653
0.3981346
0.47046635
0.5220544
0.40345278
0.43682644
0.49613014
0.47910094
0.46354496
0.49407774
0.46214518
0.49806786
0.49350345
0.4101639
0.5041988
0.39594084
0.44582444
0.39621422
0.39932275
0.48483267
0.39797705
0.4826217
0.47840348
0.40790632
0.4055073
0.40961704
0.39956635
0.4904811
0.41003534
0.5078074
0.40267262
0.44040647
0.4743628
0.50076115
0.4839686
0.51027447
0.40481606
0.49030784
0.38565773
0.4102701
0.4084364
0.4201907
0.40733853
0.48795244
0.44134444
0.44420072
0.39258143
0.4679102
0.49080217
0.48311824
0.50762916
0.49365568
0.495669
0.5014294
0.4932079
0.4795344
0.4019007
0.45984164
0.47546133
0.39643818
0.48753312
0.4872658
0.39679217
0.5009162
0.3993447
0.4741161
0.5055219
0.496432
0.47540513
0.46887857
0.49675393
0.40908158
0.40886682
0.40015292
0.3972753
0.44435683
0.43558648
0.39458868
0.49722964
0.47342777
0.51021004
0.4385539
0.44720852
0.4181662
0.4396368
0.4481838
0.4539865
0.39837205
0.51542395
0.44210592
0.49082607
0.3964075
0.46316585
0.50515276
0.50123006
0.4774783
0.39682892
0.47482222
0.4208878
0.50189215
0.39341688
0.3985988
0.39270207
0.43402475
0.5162349
0.39618847
0.39690673
0.45865694
0.50480187
0.47783393
0.3931792
0.5175239
0.49045226
0.4952995
0.39627996
0.39126244
0.49795264
0.41059542
0.39828327
0.44238234
0.48870537
0.47289526
0.43695897
0.4109124
0.51614296
0.46200907
0.40505084
0.46266854
0.43519774
0.4186777
0.4027873
0.50333405
0.48578638
0.39099616
0.4101041
0.40164
0.49162954
0.42504296
0.48660287
0.43955338
0.4766184
0.3981104
0.41123214
0.5113868
0.51444674
0.48435712
0.50103974
0.4848876
0.49536973
0.3990636
0.40495458
0.39323726
0.4973196