0.45859346
0.62745935
0.41365606
0.47041047
0.42620412
0.29006296
0.3061787
0.61791277
0.4235831
0.49502498
0.36308086
0.28553638
0.28504983
0.4329437
0.60170895
0.29432133
0.32607278
0.5027422
0.2993693
0.44676724
0.54426146
0.30584615
0.41999623
0.28797007
0.29612303
0.34098434
0.43780333
0.5565489
0.43016085
0.5992668
0.2850277
0.43526423
0.49302104
0.4145554
0.41554266
0.41521004
0.46310493
0.59190285
0.59348196
0.59459
0.3035283
0.42114836
0.3146708
0.41270936
0.28079444
0.33171755
0.4627162
0.54878455
0.28337222
0.58565205
0.5222004
0.3122113
0.60785586
0.5723455
0.44598424
0.3530628
0.45203546
0.33991408
0.30078405
0.31138635
0.47372591
0.5913157
0.44839376
0.41338745
0.56510097
0.5555286
0.47195286
0.29856947
0.5600049
0.4575118
0.6084623
0.30886447
0.5667055
0.5078249
0.3218331
0.28158468
0.2748672
0.46288994
0.4182687
0.42795727
0.28769943
0.2962104
0.43432793
0.6047113
0.59359926
0.3151313
0.50064176
0.5804255
0.47243592
0.51768935
0.28525522
0.2862088
0.6027508
0.60054255
0.32068568
0.30763942
0.5697058
0.53756416
0.5954185
0.58235824
0.41723102
0.42179728
0.29174143
0.27753067
0.4205692
0.33230442
0.28475296
0.5668803
0.5677426
0.57310957
0.3028233
0.41231582
0.5639471
0.3505238
0.41853786
0.273163
0.30419385
0.35323432
0.59843713
0.5455165
0.5437253
0.5779267
0.34007207
0.5902308
0.31686327
0.5928737
0.32429758
0.2952918
0.28538972
0.5429466
0.551453
0.5363765
0.3149572
0.5345524
0.3156063
0.28468153
0.5383094
0.550707
0.42878792
0.30888504
0.5809728
0.28585434
0.57841486
0.27593923
0.5362512
0.28181112
0.28401384
0.4044229
0.3524717
0.30806628
0.5825328
0.56813425
0.4193825
0.2833967
0.28639197
0.41544348
0.6109119
0.27907217
0.28416795
0.5440185
0.58266306
0.5881708
0.47406316
0.58386284
0.6120488
0.2969691
0.46525288
0.46377787
0.33610398
0.290423
0.29100156
0.4377391
0.3331852
0.53311294
0.30532613
0.31599164
0.31805754
0.624658
0.33531258
0.29411227
0.499099
0.27389058
0.2936076
0.58012474
0.5414736
0.5627254
0.42002186
0.42487663
0.28201213
0.5655162
0.28336087
0.64933217
0.61383545
0.57169425
0.32940975
0.31030023
0.43276086
0.55592984
0.44207433
0.283513
0.32935968
0.5427303
0.60065347
0.62246275
0.5874211
0.57727534
0.3362079
0.6245367
0.3012157
0.33103496
0.43417162
0.43614113
0.58423895
0.348496
0.42965657
0.4216615
0.3120206
0.50407135
0.29100507
0.30780512
0.28362596
0.598973
0.313584
0.31561098
0.2998291
0.59141135
0.575188
0.2930344
0.41363293
0.27947882
0.5874006
0.42079553
0.5194833
0.41452774
0.44108883
0.41997588
0.5870307
0.60336816
0.3506565
0.294126
0.29685354
0.30595526
0.5775637
0.56918925
0.535284
0.2861043
0.4228743
0.4179237
0.42204317
0.4996118
0.5847219
0.29212943
0.5597956
0.44270808
0.29938984
0.31897786
0.56435865
0.576066
0.5710962
0.6064566
0.60098225
0.31164256
0.5870828
0.55819654
0.519026
0.31461668
0.3006482
0.29301286
0.5481269
0.5873474
0.43457007
0.48456997
0.28250182
0.3220355
0.5295
0.4158018
0.48880047
0.29661098
0.5648513
0.5859627
0.6124801
0.6151359
0.3085708
0.28102916
0.52951753
0.5781239
0.4246936
0.6082787
0.28667852
0.41169572
0.5478341
0.5613742
0.4568961
0.28996882
0.5637348
0.29899487
0.5532324
0.5951678
0.3691163
0.56098866
0.4258023
0.2824004
0.53313917
0.5871411
0.6163814
0.34225088
0.4504264
0.31110808
0.54100204
0.2865637
0.304349
0.52999586
0.60623163
0.55715704
0.58800197
0.29852974
0.31431332
0.28020048
0.56434083
0.2862543
0.30029812
0.32160547
0.2777475
0.30666447
0.5953182
0.4567446
0.3306475
0.3460781
0.41980082
0.5859976
0.50849414
0.29512075
0.5718027
0.5766108
0.514651
0.42143634
0.58405477
0.60794175
0.28865212
0.2929115
0.29011896
0.2850392
0.57510966
0.40819937
0.58184177
0.5405282
0.498537
0.591534
0.6060536
0.57368016
0.5165606
0.27871674
0.59475994
0.40966076
0.5647277
0.27970397
0.2870701
0.46191362
0.58596325
0.44450945
0.33446872
0.53992474
0.33539096
0.28425586
0.3514733
0.41790214
0.56008846
0.327357
0.27672735
0.4265162
0.40895343
0.2827627
0.59568745
0.30471388
0.27194542
0.32964382
0.57237524
0.55302244
0.28168344
0.31572533
0.630795
0.5658163
0.54839355
0.3877651
0.4152706
0.54781693
0.57182914
0.42164972
0.29886907
0.55379957
0.4896912
0.3353699
0.285576
0.41595995
0.42684844
0.57787836
0.5855594
0.29609656
0.28971025
0.32450998
0.28519675
0.5524189
0.5693301
0.40449622
0.48250967
0.43487895
0.549113
0.6035979
0.5969395
0.44066975
0.5991799
0.39818913
0.5326217
0.6008871
0.27359042
0.28670424
0.5473471
0.27892518
0.6132703
0.3169406
0.29608542
0.41131845
0.28748912
0.32100514
0.5761782
0.62238544
0.5892665
0.39998326
0.2934361
0.31315616
0.3079293
0.50491744
0.4231334
0.52507806
0.28211817
0.28121218
0.6000288
0.44851086
0.579083
0.41954535
0.27863136
0.3217144
0.28937122
0.5586928
0.6406714
0.33009624
0.5556939
0.5882631
0.42652783
0.5942761
0.5561363
0.42622563
0.5500106
0.3001332
0.5514949
0.31181738
0.56921816
0.5801725
0.29291636
0.28620216
0.5745809
0.6244355
0.2820987
0.58823454
0.32701465
0.5635426
0.56708103
0.52524
0.28213784
0.30943978
0.4267964
0.3062211
0.5688299
0.4814574
0.2837851
0.5345401
0.5832585
0.34040597
0.5958904
0.2979834
0.303808
0.4116052
0.4140769
0.59785974
0.28682882
0.35850704
0.33130398
0.5856071
0.54866827
0.4295911
0.43560773
0.53879845
0.58885366
0.58757305
0.42206556
0.43096367
0.61674595
0.3751449
0.33128378
0.4370317
0.42822644
0.553432
0.32575738
0.2851269
0.5677789
0.53609025
0.29297048
0.4265041
0.27935573
0.52245986
0.29628485
0.55868167
0.318575
0.57421625
0.4200389
0.41826698
0.47621801
0.47040772
0.28207964
0.28771466
0.51251
0.54167396
0.32873228
0.6103226
0.6515117
0.5390734
0.42131025
0.27526352
0.58230925
0.28697473
0.58757627
0.43154755
0.32993096
0.40715784
0.2832827
0.27423236
0.3961574
0.42516214
0.31070906
0.45913965
0.4291406
0.567091
0.43985525
0.57980436
0.42326578
0.32068038
0.2807421
0.27548754
0.30549946
0.57600814
0.3043664
0.30048501
0.42854363
0.56805134
0.5881179
0.43129906
0.2825716
0.34769255
0.30573684
0.58131707
0.28707927
0.60335636
0.4317063
0.41796884
0.5756832
0.30817303
0.5446829
0.5839827
0.28238305
0.55204433
0.5438532
0.29789826
0.45463625
0.27917504
0.5617199
0.5280878
0.5536041
0.55411226
0.5602499
0.28808263
0.28425175
0.31192213
0.28556445
0.3286485
0.6157723
0.48578358
0.29187095
0.5549264
0.300268
0.5937406
0.32014525
0.29191774
0.3502972
0.55726904
0.43164688
0.3545939
0.33472374
0.2794559
0.60259044
0.29086888
0.5965634
0.58868295
0.5473707
0.30577067
0.56080407
0.292558
0.42693898
0.4207957
0.31439492
0.46988547
0.28527924
0.48527065
0.28569767
0.60135466
0.5442731
0.33076957
0.29313394
0.28353792
0.6211313
0.5416178
0.53912413
0.42317876
0.3166401
0.5689396
0.4517362
0.58559597
0.28750065
0.56433207
0.5211967
0.4338227
0.30171204
0.4201547
0.6184551
0.59082454
0.2668918
0.6052103
0.5684915
0.32812256
0.3116498
0.28566426
0.5774152
0.31804618
0.5118186
0.6308046
0.2927399
0.27262703
0.28366536
0.31578642
0.4527924
0.5533923
0.5848188
0.53961706
0.4299387
0.4634845
0.32929182
0.5901506
0.54408425
0.5659724
0.30953604
0.29869017
0.4396211
0.28785324
0.5614297
0.5228553
0.3287503
0.5737647
0.28103286
0.27831998
0.52252406
0.38850045
0.44673854
0.5970384
0.31662676
0.5410355
0.52352506
0.56129414
0.47764087
0.2979012
0.57903934
0.56124634
0.5009797
0.26965904
0.51291555
0.57863325
0.5445562
0.5571589
0.49405062
0.5647802
0.5744847
0.34565622
0.3191797
0.55961555
0.29255036
0.3622889
0.31339043
0.29182944
0.30350322
0.29104552
0.59706706
0.54690015
0.4071521
0.4347856
0.57025653
0.32923588
0.28346866
0.5980821
0.29641598
0.58775693
0.6026079
0.4611653
0.43083167
0.5900754
0.28364974
0.3083469
0.557389
0.4337662
0.2981341
0.5653088
0.2809371
0.5094442
0.32153487
0.29296032
0.5307298
0.2800988
0.2913184
0.28205687
0.3066738
0.42253724
0.3057788
0.31785867
0.5714313
0.5340104
0.41301653
0.2864303
0.5410829
0.2961216
0.28376272
0.6079783
0.43139595
0.29268607
0.46332026
0.4190206
0.5452513
0.29815015
0.6097894
0.5011668
0.28346795
0.41156822
0.33483014
0.43356398
0.29073584
0.28635252
0.28197595
0.547407
0.4403564
0.27704757
0.5808809
0.28563207
0.2971011
0.42015272
0.31407517
0.56274915
0.44705623
0.54519105
0.28039134
0.353655
0.29714778
0.545031
0.3441548
0.593277
0.30446297
0.36646095
0.48879045
0.29380316
0.2838943
0.6275689
0.58672196
0.40746254
0.5750435
0.30249017
0.28874877
0.5699111
0.4871818
0.5109497
0.28188273
0.6094275
0.5775639
0.47259647
0.61476326
0.31236407
0.6187444
0.55249673
0.60945195
0.31525898
0.3595747
0.29457602
0.40754968
0.2842732
0.5553669
0.28057688
0.5646639
0.42625245
0.55532074
0.61809057
0.2836706
0.29284614
0.29118848
0.5173209
0.5824885
0.56720763
0.6113445
0.45771536
0.45621264
0.5715651
0.28372282
0.42244053
0.5376351
0.5447134
0.29934078
0.5836374
0.5288307
0.61885077
0.5638768
0.29023618
0.31011167
0.563612
0.58465415
0.30124158
0.5180567
0.42061186
0.5762194
0.28067273
0.31090134
0.59589183
0.5434885
0.49002555
0.5520679
0.5721272
0.28252295
0.28968543
0.38467157
0.6000379
0.6166217
0.42739043
0.6034367
0.44890276
0.5778015
0.62055546
0.58188266
0.29609343
0.3277395
0.60985506
0.28966245
0.33657494
0.30892754
0.6037131
0.28070498
0.28735137
0.27894685
0.43547216
0.5802404
0.41935828
0.5670487
0.33479977
0.448941
0.30697468
0.410843
0.36154035
0.41419587
0.2930642
0.28432646
0.5392965
0.4264155
0.54878736
0.27533832
0.6111798
0.41212013
0.38062686
0.3077355
0.49679065
0.44627613
0.4205738
0.5045708
0.3164402
0.42147052
0.28625545
0.524216
0.41155037
0.5254217
0.42680642
0.43593028
0.6079634
0.28703013
0.58747447
0.5491088
0.5764217
0.55480844
0.28996423
0.55849195
0.58338875
0.525694
0.29278612
0.5894116
0.478425
0.6016894
0.43967447
0.30484408
0.44349304
0.5964203
0.43605047
0.60238165
0.3027749
0.3177668
0.34351918
0.5314463
0.6290934
0.4586416
0.4342511
0.48086658
0.5415347
0.29451388
0.5860743
0.60842705
0.5404922
0.52499175
0.5528438
0.4373245
0.32197452
0.59126985
0.42412984
0.59337366
0.42630845
0.58505213
0.43298778
0.504624
0.5910391
0.37298995
0.44649002
0.5805215
0.2835921
0.57644415
0.2984199
0.28415412
0.27681887
0.28397065
0.43216315
0.3159058
0.47089425
0.42811286
0.6085685
0.3110979
0.5304786
0.56476426
0.3174979
0.28111538
0.5718413
0.55797374
0.42491147
0.5544968
0.59643894
0.5541037
0.2796867
0.5960236
0.3337437
0.58827686
0.33846956
0.31707332
0.41441178
0.57538855
0.27213448
0.6187145
0.4236728
0.56090397
0.44129843
0.31818253
0.519769
0.62743753
0.3312411
0.61774176
0.54850626
0.2766557
0.5703014
0.2936614
0.28685826
0.42143512
0.4180663
0.50467885
0.5044699
0.46372253
0.44780272
0.5594212
0.42369455
0.46549872
0.28699517
0.58180356
0.4127554
0.42975166
0.2965676
0.28354245
0.5566973
0.43280673
0.4635177
0.28181008
0.571808
0.48629177
0.29213658
0.56321764
0.28358358
0.42364064
0.52934235
0.28547576
0.29255807
0.5409718
0.60514826
0.42215443
0.51456
0.48981842
0.2820609
0.4211929
0.61546457
0.43423548
0.43619987
0.28668657
0.2793516
0.42767474
0.4308648
0.43072933
0.5370226
0.62066936
0.567209
0.323899
0.43025342
0.57004833
0.3458229
0.30252177
0.55118257
0.29467517
0.5533595
0.62710357
0.6024806
0.56360453
0.2805721
0.2854933
0.545996
0.61010265
0.5679718
0.5727748
0.45243537
0.42033225
0.5619411
0.32434192
0.5759313
0.6012354
0.31723663
0.3512203
0.2977494
0.27969986
0.5706877
0.5575983
0.548899
0.33909446
0.5520874
0.28518996
0.4609113
0.28310654
0.5755799
0.5998495
0.57751596
0.562965
0.5063135
0.3212102
0.4201076
0.28395864
0.55565256
0.56232923
0.4900473
0.27760747
0.612992
0.5967131
0.47224358
0.33764312
0.58987004
0.32813668
0.5319159
0.60664564
0.5836692
0.2945384
0.43724015
0.5569834
0.3007394
0.31751353
0.2861227
0.59315014
0.31297204
0.4571256
0.5660723
0.51407063
0.30587336
0.30738184
0.5310589
0.5962209
0.2899997
0.5520505
0.43993682
0.28765097
0.3117111
0.36249867
0.33791265
0.53947634
0.425086
0.34596026
0.5567502
0.5729096
0.30374202
0.31075475
0.52321005
0.3067596
0.5545742
0.29027855
0.3050513
0.3169125
0.29230827
0.57929194
0.3014301
0.28318313
0.5672113
0.31050712
0.3166053
0.49171358
0.48360643
0.31379998
0.35470322
0.4242747
0.4327919
0.5569565
0.5111009
0.5129574
0.30045342
0.5272254
0.28293383
0.56513506
0.30310383
0.590846
0.5772262
0.58861345
0.52031237
0.2952012
0.29354358
0.42099667
0.5591002
0.44229284
0.52648246
0.46223232
0.5081276
0.43506014
0.5091966
0.49755925
0.43222725
0.5800179
0.5672397
0.64462996
0.43820655
0.56455165
0.33120516
0.2918148
0.565848
0.31842217
0.305639
0.3142324
0.30660412
0.554287
0.5696058
0.6201689
0.58153135
0.28777286
0.60209656
0.29392675
0.33584937
0.3043443
0.5475378
0.31295058
0.28416383
0.4133565
0.5898153
0.31706735
0.4195112
0.29122943
0.2905209
0.28019816
0.3022971
0.30782855
0.6318029
0.28917712
0.6171191
0.33534622
0.42229623
0.2998931
0.57942003
0.52102643
0.2832564
0.2885588
0.5860311
0.5615083
0.2724202
0.27805814
0.28881946
0.42435843
0.5525473
0.60972416
0.37544572
0.57100683
0.53686863
0.58923244
0.28921407
0.6046451
0.28959838
0.33766398
0.50140893
0.5433234
0.28827488
0.41377997
0.56965387
0.2780988
0.3191966
0.2893142
0.3403501
0.6042244
0.56429416
0.2901952
0.42425662
0.58439136
0.29894623
0.48096398
0.5676722
0.28118202
0.36664203
0.5842436
0.29282063
0.29085672
0.58812726
0.43021125
0.5847045
0.28893685
0.2725601
0.29211593
0.3547369
0.32867807
0.559201
0.41141304
0.284761
0.43434054
0.5735675
0.47882456
0.5584069
0.43761528
0.3487771
0.27951467
0.5436793
0.3163715
0.4231695
0.29253396
0.4118678
0.63477355
0.4286228
0.33607122
0.57985306
0.42041367
0.34784618
0.4896298
0.5588401
0.6242639
0.3093641
0.5723712
0.27664962
0.42026278
0.505797
0.5457649
0.28903824
0.47164086
0.56521297
0.27881652
0.2920315
0.6012514
0.29230312
0.60731345
0.31013966
0.54491687
0.43084052
0.30652186
0.5535124
0.32479385
0.28078264
0.4503882
0.5996901
0.28442645
0.31017947
0.5710261
0.46991086
0.54989487
0.5762298
0.4376658
0.53541464
0.48310933
0.29332533
0.58999723
0.28409442
0.41796786
0.28143835
0.3376011
0.5537528
0.2794808
0.5773425
0.44989935
0.27895543
0.27796772
0.29819572
0.29376256
0.56086767
0.30128878
0.61820024
0.28374788
0.4270748
0.46332344
0.58823633
0.57743746
0.6000189
0.30884913
0.53124887
0.32696694
0.30128703
0.3265808
0.35353625
0.3141539
0.52412254
0.42348227
0.42129987
0.27974114
0.4648382
0.5879758
0.5668839
0.5684795
0.580745
0.5562975
0.55372757
0.5952677
0.55528694
0.29530546
0.526502
0.46623906
0.29390535
0.5182535
0.544527
0.28307354
0.5838593
0.30475298
0.45570657
0.5853737
0.5781088
0.46640575
0.46791896
0.56907475
0.3079099
0.28665274
0.2914529
0.30091956
0.4010905
0.35285935
0.2885753
0.5230219
0.5800187
0.5537593
0.42459527
0.41905665
0.30474696
0.429713
0.41976222
0.42829797
0.29070595
0.57831615
0.349836
0.5525044
0.31034464
0.557368
0.6277319
0.5758024
0.49045599
0.31295446
0.5333473
0.33278406
0.48547176
0.284643
0.32104528
0.2787912
0.42863667
0.61704004
0.29033387
0.35299292
0.44883242
0.6273516
0.5065375
0.27993333
0.6003501
0.5410786
0.6061652
0.28168085
0.2935833
0.5564779
0.36458302
0.2878827
0.4380101
0.43770686
0.48162788
0.43789402
0.29317355
0.57617366
0.4647699
0.28600234
0.45546043
0.42009386
0.3496765
0.28784817
0.5627046
0.5594278
0.28710434
0.28797263
0.3020229
0.60289496
0.29670805
0.57174546
0.40816194
0.48641652
0.28903368
0.32478237
0.5911871
0.59929395
0.57261246
0.47839573
0.49800694
0.6063493
0.2930982
0.34280273
0.27944136
0.5401012