1.0
1.0
7.23367e-26
1.0
2.635514e-22
6.0350417e-26
2.52087e-27
1.0
4.425822e-25
0.99371344
3.4511658e-23
2.1960928e-27
1.4875815e-23
1.8011264e-17
1.0
1.5449864e-18
4.4090158e-20
0.99930966
4.2652605e-17
0.99989307
0.9968233
1.7829805e-20
5.698935e-24
1.0497801e-29
5.2787026e-24
2.1656748e-11
0.005874518
0.9999918
3.571056e-15
1.0
3.7474083e-29
1.9208668e-19
0.00013541718
1.0129274e-14
1.6221648e-21
6.89553e-31
0.99999976
1.0
1.0
1.0
1.1148908e-16
0.0021681252
5.311439e-26
2.2014934e-28
2.0599095e-26
8.0089456e-22
1.0
0.999995
2.8592308e-22
1.0
1.0
3.46069e-27
1.0
1.0
0.89494836
3.3676884e-21
1.0
1.7075614e-12
6.3698905e-21
1.0245017e-11
1.0
1.0
1.0
2.4594398e-21
0.9999602
0.64674854
1.0
7.013819e-25
0.9999361
1.0
1.0
6.866021e-14
0.9999995
0.0056279567
2.2056724e-27
6.578763e-29
5.633711e-28
1.0
1.1409269e-20
3.9922316e-29
2.8427823e-25
1.049649e-27
1.124843e-26
1.0
1.0
7.782474e-26
1.0
1.0
1.0
0.9999597
7.790218e-28
3.179472e-23
1.0
1.0
3.309782e-26
6.148029e-15
1.0
0.9999933
1.0
1.0
7.911162e-24
4.867815e-23
1.8106118e-25
3.955826e-25
8.0003666e-29
1.4623583e-23
1.6584307e-28
0.9999999
1.0
1.0
2.1253565e-17
1.2568562e-25
1.0
6.6797187e-20
7.605291e-20
1.4355485e-27
3.192192e-18
1.2120854e-12
1.0
0.9997781
1.0
1.0
2.754121e-14
1.0
1.0590912e-15
1.0
5.8546553e-18
3.693666e-19
4.3192678e-21
1.0
1.0
0.9999999
3.0797376e-21
0.9999999
2.4144492e-27
5.5315286e-23
0.0015334418
1.0
2.46675e-21
8.462766e-25
1.0
5.819684e-22
0.999997
2.8891157e-24
0.9999864
3.1076715e-21
7.53379e-29
2.1011207e-28
1.4791548e-17
5.0892872e-27
1.0
0.99999976
8.157848e-29
9.790764e-25
5.798069e-18
7.132243e-31
1.0
5.719611e-29
1.9098366e-24
1.0
1.0
1.0
0.7747
1.0
1.0
4.1906965e-19
1.0
1.0
4.8983394e-18
1.0759673e-21
2.6320982e-22
8.2483155e-21
4.4555553e-12
0.32698965
2.984084e-14
1.1346907e-26
5.639228e-16
1.0
3.3104142e-18
2.5266263e-20
0.6813776
7.019265e-29
5.127261e-29
1.0
0.999985
1.0
1.7916528e-28
2.0169673e-23
2.4012747e-22
1.0
1.9497104e-26
1.0
1.0
1.0
2.5033987e-13
1.1767368e-25
1.7178099e-22
1.0
8.931109e-23
2.0178683e-30
3.0803327e-16
1.0
1.0
1.0
1.0
1.0
8.710356e-15
1.0
2.1275873e-17
4.5457366e-13
2.7070894e-27
2.117188e-28
1.0
6.0056806e-22
2.816946e-20
2.2526513e-21
5.0755346e-22
0.00018547157
1.1329209e-20
1.7629941e-21
2.616832e-21
1.0
4.790782e-20
3.2402955e-27
1.8134764e-22
1.0
1.0
1.10151895e-17
5.575154e-28
4.815645e-28
1.0
2.5456983e-25
0.5699176
5.3041434e-21
0.99999166
4.1124407e-15
1.0
1.0
1.322595e-20
9.890834e-27
7.8981733e-22
1.9912989e-27
1.0
1.0
0.99999917
7.6600464e-23
2.5556353e-23
3.9601454e-17
2.8872053e-27
8.4754036e-05
1.0
3.2593529e-25
0.99995744
1.3517035e-21
7.1393426e-25
1.425937e-20
1.0
0.99999976
1.0
1.0
1.0
1.2823455e-24
1.0
1.0
0.92389333
6.280943e-16
2.4351147e-26
8.703056e-21
0.99247015
1.0
3.4604472e-15
0.77785105
3.615965e-22
1.3239162e-22
0.99991596
5.370217e-06
0.046180286
1.756696e-22
1.0
0.9999939
1.0
1.0
1.8425025e-25
1.6700266e-24
1.0
1.0
2.1389428e-29
1.0
2.432494e-28
1.7544202e-21
0.99302036
1.0
0.9993753
6.1327987e-24
1.0
1.3703143e-16
0.00021487319
1.0
3.7957395e-19
1.0
1.23845974e-20
3.9510835e-21
0.8061934
1.0
1.0
2.5746783e-11
1.0
1.6999286e-15
1.0
5.9471575e-22
5.5168914e-20
0.00018012588
1.0
1.0
1.0
1.57413e-19
8.279849e-19
2.5623709e-23
1.0
1.8543531e-20
1.1321242e-23
4.169551e-12
9.258139e-28
3.8042913e-27
1.0
1.0
5.5613576e-17
7.4050775e-24
4.883387e-21
1.0
0.9843054
7.302588e-28
1.0
1.0
0.41278732
2.6497126e-26
1.0
1.0
1.0345214e-16
5.1319234e-27
9.900238e-26
3.7571837e-22
1.0
1.5863042e-22
1.0
0.025273576
0.99993837
1.0
1.0
1.0
1.0
4.456613e-29
1.0
9.884319e-25
1.0
7.128283e-28
2.8179135e-20
1.0
1.0
1.0
2.7270999e-15
1.0
9.8998145e-20
4.093033e-23
4.5143544e-17
2.0055993e-28
0.9999976
2.1977517e-20
9.904265e-29
3.200761e-20
5.078481e-21
2.1479352e-23
1.0
3.786178e-28
1.0046132e-26
1.4457339e-17
1.0
0.9994777
3.776912e-23
6.4994734e-19
1.0
1.0
0.9992317
8.689615e-22
1.9306455e-18
0.99983954
1.0
1.4827886e-23
4.539409e-18
1.0
1.0
1.749277e-18
4.925982e-24
8.158622e-15
9.244954e-25
1.0
1.0
1.0295975e-21
6.069945e-28
1.0734394e-18
2.0970858e-27
0.9999497
1.0
1.9521767e-23
0.99796885
4.300321e-17
1.0
1.0
1.0
1.0397252e-21
0.9999994
1.0503855e-28
1.0
1.0
4.371615e-29
4.512143e-28
0.99999905
2.3160516e-28
1.0
1.4597029e-19
1.2556862e-26
3.566892e-29
3.4433845e-21
1.9853149e-19
1.0
1.0
1.0
1.593916e-23
2.3958549e-17
1.8395746e-13
1.9497877e-23
1.0
1.5377246e-26
2.306103e-05
9.36742e-19
2.3433639e-26
1.0
0.99307764
0.9982364
2.3227039e-29
8.301557e-31
7.164389e-17
6.873686e-29
1.0
1.0
6.3917525e-20
1.0
1.0
9.534147e-21
1.0
1.0
2.8147154e-14
0.9998673
1.5615708e-26
6.101519e-05
1.0941055e-19
1.0
0.9999993
7.85984e-25
8.80568e-28
1.0
1.0
6.33204e-31
0.9994785
5.483298e-21
1.0
1.0
0.010082416
9.5539915e-28
7.136596e-24
3.7806023e-23
1.3127834e-27
1.0
1.0
4.048808e-22
0.9999989
0.9999945
2.303946e-19
1.0
8.4146466e-16
1.9609507e-19
9.0377723e-29
1.4054682e-22
1.0
4.3922118e-20
8.7502535e-15
5.6080126e-17
1.0
1.0
6.292441e-20
0.902032
0.99999213
1.0
1.0
9.945034e-15
7.2276296e-11
1.0
2.5490196e-19
2.2679357e-16
0.9999962
4.508925e-28
1.0
9.511832e-23
2.8924748e-27
1.0
1.0
1.7884566e-21
3.584598e-21
4.8195405e-28
0.00090458244
1.17408086e-20
0.99998236
3.4721813e-27
1.0
1.9708588e-25
4.1030743e-28
1.0
3.461979e-15
1.7623135e-30
3.3648597e-23
1.0
0.00064989855
6.305311e-23
1.0
1.0
0.9999888
2.5983007e-21
3.6263537e-29
0.9999999
2.9516636e-26
1.0
1.1769604e-19
8.687435e-28
5.4520322e-21
9.477275e-24
1.0844065e-28
6.965688e-26
6.856608e-15
2.2866944e-21
1.0
8.742714e-22
1.0
7.675224e-24
1.0
4.0171037e-28
8.0198185e-17
9.317684e-31
1.1613787e-24
2.1309478e-19
1.0
2.1866813e-26
5.4327064e-20
1.5922039e-21
1.0
1.0
1.7425743e-21
2.7387588e-20
7.1233574e-22
1.2084012e-27
1.0
4.0783697e-29
1.0
1.0720713e-05
9.117213e-28
1.0
3.8159266e-23
1.0
1.0
1.012889e-21
1.0
0.9999999
1.5925566e-28
0.9999999
2.0935092e-23
1.0
1.0
1.0
1.0
1.0
9.636952e-17
1.1320317e-26
7.346235e-27
1.719689e-25
2.4881159e-15
1.0
0.9609003
9.1716044e-26
0.9984811
1.6923209e-21
1.0
3.427406e-23
7.1357666e-20
2.4691732e-18
0.00017923002
1.0
2.0626223e-26
1.7289724e-15
2.22761e-24
1.0
1.9879892e-20
1.0
1.0
0.9999646
5.3878155e-21
0.9999999
8.6473574e-29
9.622822e-22
1.8640597e-23
7.339038e-19
1.0
1.3087175e-21
0.99484646
4.670955e-21
0.9999987
0.8527258
9.217369e-20
1.17813e-16
6.9714396e-23
1.0
1.0
1.0
3.6410344e-28
1.1324709e-21
0.9999975
0.010001718
1.0
1.192767e-25
0.99999475
0.98495656
9.943975e-22
4.7522463e-21
1.5082747e-27
1.0
1.0
1.4849587e-20
1.0
1.0
1.0991198e-14
1.5333483e-19
2.6084323e-27
1.0
2.6243102e-28
0.99998796
1.0
2.3210405e-20
4.2409308e-29
1.1391169e-14
4.2351905e-22
1.0
0.99999976
1.0
1.0
5.3250078e-20
1.0
1.2095333e-16
1.0
1.0
1.0
3.723417e-19
3.4739805e-21
4.808983e-27
7.66206e-24
1.0
0.99552476
1.0281105e-20
1.0
1.8563335e-29
3.3800446e-28
1.0
1.5247265e-28
1.0
1.0
4.962677e-20
0.99999833
1.0
1.0
0.004185478
1.7546542e-21
1.0
1.0
0.0051085376
4.1611476e-26
0.02970957
1.0
1.0
1.0
1.0
1.0
1.0
4.724246e-22
8.408739e-13
0.9999995
2.8028515e-27
5.300263e-20
2.0392694e-14
1.0934596e-25
5.6165044e-27
9.634318e-22
1.0
0.86467
2.4989805e-21
1.0
1.0
6.0750355e-15
1.1579188e-25
1.0
5.0731512e-23
1.0
1.0
1.0
0.0071725
1.0
5.809924e-22
1.14500804e-20
1.0
2.244685e-26
1.883623e-24
1.0
4.4258005e-27
0.9508936
1.3809529e-21
1.9852246e-26
0.9993212
1.5861232e-29
4.3603905e-21
6.3390957e-24
1.3417801e-18
1.869214e-24
3.536045e-21
3.3937446e-14
0.9999999
1.0
1.1409658e-28
9.781714e-28
1.0
5.9215696e-17
5.155896e-29
1.0
1.0
1.1061201e-19
0.9999999
5.4391473e-23
1.0
3.6830144e-27
1.0
0.0004796016
3.5428293e-25
9.9579847e-29
1.331681e-22
1.4611847e-19
4.1903544e-22
2.2332062e-26
4.568518e-28
0.9999999
0.018613847
1.3906374e-21
0.9999968
6.874263e-14
1.2071119e-26
8.005874e-26
1.5951297e-19
1.0
1.0
0.99996316
1.7117266e-22
1.8610074e-20
1.539129e-16
0.9999981
1.948735e-20
1.0
1.3736222e-23
4.0236277e-25
1.0
7.116146e-26
1.9440884e-26
1.0
1.0
2.4055044e-27
1.0
1.4569368e-28
8.2402414e-19
1.0
0.0058170054
0.99984586
5.0199262e-29
1.0
1.0
1.0
1.0
2.9332247e-13
1.0
0.9999999
1.0
2.0842913e-14
1.335886e-11
3.9623564e-22
3.1954159e-21
3.9218448e-22
1.0
1.5803337e-26
1.0
7.306142e-24
0.9998172
1.0
4.5073648e-26
4.3992893e-27
8.067052e-29
0.9271071
1.0
1.0
1.0
1.0
0.999706
0.999894
8.6432685e-29
1.9389183e-19
0.9999999
0.9526081
2.6418187e-27
1.0
1.0
1.0
1.0
1.9148954e-28
1.3779696e-13
1.0
1.0
2.1593245e-28
0.048941396
3.4291077e-22
1.0
7.367359e-29
1.7050949e-19
1.0
0.9999964
0.0004879297
1.0
1.0
5.4037564e-25
1.3114096e-23
1.1186098e-16
1.0
1.0
4.5275304e-17
1.0
0.9999999
1.0
1.0
1.0
1.5987067e-25
4.2364942e-17
1.0
1.3800923e-24
5.399308e-13
1.1424347e-26
0.999721
4.9436783e-31
2.4175154e-22
1.5441022e-26
3.1898185e-18
1.0
4.103944e-24
1.0
8.910435e-12
1.0
2.031072e-17
2.6482866e-27
0.0
6.4050756e-21
3.862758e-26
2.9842977e-23
0.13141206
2.6006384e-23
0.99999845
4.0515827e-25
1.0
5.2881064e-27
4.4439485e-14
6.1607485e-13
0.019154463
1.0
3.0797798e-24
0.92326283
2.8287317e-24
1.3285007e-28
1.9911611e-28
1.0
1.5047535e-25
0.0021130485
1.6210947e-21
8.3214687e-16
1.0
2.9463937e-22
1.0
1.0
0.99999857
0.99999976
1.2856157e-19
1.0
1.0
0.018546304
3.9930183e-24
1.0
0.0055065863
1.0
5.4190243e-09
2.375576e-19
1.0
1.0
8.982566e-23
1.0
3.3380189e-19
9.274594e-24
1.5437484e-19
0.000475219
1.0
1.0
2.989637e-26
1.0
1.0
2.5316645e-26
1.0
1.0
0.9999932
1.0
0.9999999
7.824556e-21
3.1714245e-18
1.0
2.4266056e-23
1.0
3.3510543e-21
1.0
0.99999976
1.0
1.0
4.1157804e-24
1.0
1.0
4.6102e-29
1.0
1.2467702e-26
1.0487836e-21
1.482307e-24
3.7032468e-26
2.5232624e-22
9.470846e-23
1.0
0.97470415
1.0
1.5087635e-20
0.99999964
0.7812058
4.0850414e-18
1.17375655e-23
1.0
0.9999906
8.079862e-22
0.99999976
1.0
1.0
4.7712027e-24
1.0
7.675319e-22
1.0
7.843832e-21
2.5157382e-21
1.9747916e-28
1.0
2.115519e-26
1.0
5.706902e-30
1.0
4.4639283e-22
2.4161416e-22
0.9999646
1.0
4.9323038e-15
1.0
1.0
3.9701124e-25
0.99999976
1.1993054e-17
1.1916922e-20
1.8760518e-15
5.0095822e-27
0.99996734
0.0002985078
1.0
0.9999995
0.9999753
3.6086558e-25
1.0
2.939828e-28
0.9999126
1.12092715e-20
1.5620155e-21
1.0471326e-21
1.4207409e-20
1.0
3.2473833e-21
0.9999229
7.1063835e-25
1.0
0.9969669
1.4047558e-21
1.0
4.2886457e-22
3.0941408e-20
1.0
9.453688e-18
6.478057e-28
1.0
1.0
1.2362117e-22
0.00072415126
1.0
2.0499198e-29
2.0531122e-22
1.0
3.1628294e-10
6.145205e-26
6.916544e-26
3.81777e-26
5.6068016e-29
7.423898e-21
8.590687e-26
1.0
1.0
0.99999714
2.225528e-25
2.0618171e-21
0.99999785
3.947547e-19
7.186327e-21
0.99137974
2.7090102e-20
1.0
1.0
1.0
1.0
1.3278744e-25
5.224159e-22
0.9999995
1.0
1.0
1.0
1.0
1.2736949e-27
1.0
7.432265e-19
1.0
1.0
3.9330554e-20
3.0643934e-16
1.8931913e-22
1.7393594e-29
0.99998283
1.0
0.9999999
2.5020448e-19
1.0
2.701417e-26
1.0
4.4977185e-23
1.0
1.0
1.0
1.0
1.0
4.5482475e-26
6.863049e-29
2.0521893e-21
0.99999404
1.0
0.88190186
5.695393e-24
1.0
1.0
1.0
8.2743193e-20
1.0
1.5158313e-19
1.0
1.0
1.0
1.921158e-21
2.0099022e-22
1.0
5.854009e-25
6.437673e-23
5.4272965e-29
1.0
1.9163175e-16
0.027769633
1.0
0.9999995
2.5455682e-13
6.047763e-26
1.0
1.0
2.4995025e-23
1.0
0.99656856
4.2549283e-23
6.81448e-27
4.6902668e-24
1.4010932e-24
1.0
2.7014363e-27
2.4689872e-16
0.9999995
1.0
1.3024374e-28
1.9244558e-24
1.0
1.0975e-26
0.99998903
4.1104249e-19
1.845559e-21
3.7928267e-21
6.997982e-22
1.0
3.9157714e-24
3.5258916e-27
1.0
3.630768e-22
2.3163185e-19
0.9997224
1.5646805e-06
7.535122e-19
5.4852784e-16
3.9313622e-19
1.7050419e-20
1.0
1.0
1.0
3.6249345e-26
0.9999988
7.93099e-30
1.0
3.572605e-10
1.0
1.0
1.0
0.9999958
3.7284626e-19
3.7352184e-15
2.1497724e-22
0.9999672
2.8653838e-18
0.015457493
1.2187103e-07
0.990071
1.8224989e-22
0.9985903
0.9806943
4.2665604e-18
1.0
0.99963343
1.0
0.9999999
1.0
2.6121546e-21
7.566141e-27
0.9999957
2.5673812e-15
2.7367416e-21
2.5434955e-17
9.277463e-16
0.9999666
1.0
1.0
1.0
1.1397431e-21
1.0
4.8768815e-17
7.709353e-16
8.075312e-27
0.99999774
1.3511396e-24
4.16578e-21
2.124265e-22
1.0
2.7724745e-24
2.4460272e-25
3.1062878e-19
9.278504e-28
2.7964984e-26
1.5614481e-23
3.0893085e-18
1.0
4.2747648e-21
1.0
8.3128575e-19
1.3251447e-21
4.9415893e-22
1.0
0.9828274
1.0301386e-23
1.894325e-15
1.0
1.0
2.7016618e-28
2.1926977e-24
1.2428799e-28
2.069853e-16
0.9999547
1.0
1.869344e-15
1.0
0.9999893
1.0
1.9895782e-24
1.0
2.8150593e-25
4.4926134e-21
0.0003712348
1.0
6.0228933e-20
1.1950197e-28
1.0
2.1756932e-23
3.2057308e-22
1.3391702e-21
2.9148323e-16
1.0
1.0
2.6850078e-20
3.5446588e-15
1.0
1.9446867e-21
0.00089813315
1.0
1.3977628e-23
1.9999441e-22
1.0
7.0995825e-25
1.115574e-19
1.0
3.869862e-21
1.0
9.100249e-22
3.8225773e-27
9.589131e-25
5.400036e-29
1.6261656e-23
1.0
3.6522306e-29
2.7760905e-19
2.9917974e-16
1.0
1.0
1.0
0.9998287
3.8855842e-22
3.885173e-20
1.0
1.8896223e-27
2.7832996e-20
2.128799e-15
9.604185e-16
1.0
3.550995e-21
1.2176971e-28
1.0
3.8102645e-25
1.1095757e-14
1.748139e-05
0.9999988
1.0
2.1431706e-24
1.0
1.2335355e-23
2.8356947e-28
5.6791414e-06
1.0
1.0052922e-25
1.0
1.0
5.9785814e-26
1.2709126e-29
1.0
3.957589e-19
1.0
3.078516e-21
0.9940712
4.6385494e-21
2.7862075e-22
1.0
6.3276505e-22
1.8619835e-24
0.97393215
1.0
4.0073246e-20
1.341428e-24
1.0
1.0
1.0
1.0
1.0
1.0
1.0
1.4637398e-19
1.0
1.4720875e-21
7.776823e-14
1.3148402e-24
1.1594567e-18
1.0
5.117255e-22
1.0
1.0
5.431893e-22
5.3027823e-23
1.0968014e-18
6.1317854e-19
1.0
7.377947e-18
1.0
4.278939e-22
7.8647413e-22
1.0
1.0
1.0
0.99998975
1.02405146e-20
1.0
9.9731835e-23
6.6982254e-14
8.788476e-18
5.3971896e-12
9.616228e-27
1.0
6.514387e-28
7.005487e-22
1.7316344e-28
1.7862914e-05
1.0
1.0
1.0
1.0
1.0
0.99975973
0.9999995
1.0
2.416951e-16
0.9999542
1.0
8.352234e-28
0.73313546
1.0
5.070875e-28
1.0
5.5197936e-21
1.0
1.0
1.0
1.0
1.0
1.0
1.531146e-25
2.267295e-24
1.1389944e-23
5.9038357e-19
2.6136768e-23
3.3461806e-25
1.300745e-27
1.0
1.0
0.99998987
1.7470404e-21
1.8058913e-20
2.8161804e-22
4.4252085e-20
1.6324672e-24
7.759449e-09
8.313629e-24
1.0
9.067794e-19
1.0
5.647808e-27
0.0021746391
1.0
1.0
1.0
2.6298233e-27
0.999764
1.7796061e-17
0.9999975
2.3077263e-28
8.0951023e-22
6.391367e-26
1.5210587e-23
1.0
1.5753748e-25
3.7638007e-20
1.0
1.0
1.0
2.3634464e-26
1.0
0.9999305
1.0
1.101589e-27
1.2332264e-28
1.0
4.4854693e-11
2.6294286e-22
2.6107239e-18
0.7628528
1.0
3.2600586e-27
1.4667332e-15
1.0
0.999998
3.8721362e-21
1.0
1.0896445e-19
1.7250926e-22
4.4834867e-29
1.0
1.0
7.8261183e-26
3.3299884e-22
3.651668e-17
1.0
1.1935522e-10
0.99999845
3.292324e-29
1.0
3.0484149e-27
2.1455729e-19
1.0
1.0
1.0
1.0
1.0249518e-06
1.0
1.9373055e-20
5.906899e-19
2.7631989e-28
1.0