0.9993567
0.999943
0.020625621
0.99989986
0.05040042
0.0001381426
8.946563e-05
0.9999865
0.04270966
0.8644539
0.00034018068
3.2178246e-05
0.00042342255
0.099144064
0.9999579
0.0017384065
0.0010075825
0.93372047
0.0067494856
0.9972356
0.9645685
0.0025445821
0.10760535
9.919548e-05
0.00040750476
0.018283492
0.9739584
0.9863862
0.4158902
0.99987936
5.2509567e-05
0.15743876
0.20227335
0.39288542
0.079687215
0.002294486
0.9990189
0.9993093
0.9999912
0.99985564
0.0011186023
0.59435964
0.000216087
0.008110725
0.00017736759
0.00039907367
0.99953544
0.9908071
0.00061841035
0.9998543
0.9929576
0.00012179574
0.9993401
0.99909246
0.9834185
0.0010154586
0.9994729
0.014991171
0.0041289143
0.0056162775
0.99982005
0.9995466
0.9995079
0.42702025
0.89560276
0.8369155
0.99998915
0.00012436949
0.8022465
0.9996909
0.9995468
0.0023686185
0.95213777
0.28728765
4.7560898e-05
3.9478637e-05
0.0001645955
0.99945706
0.18681645
0.0035652793
6.788674e-05
5.836179e-05
0.0062399847
0.9998716
0.99895597
0.00017463374
0.9996382
0.999879
0.9977634
0.70913213
4.4999855e-05
0.0002717768
0.9993191
0.9998882
0.00010385223
0.006928463
0.9964958
0.9858642
0.99999726
0.9991683
0.09898587
0.100860395
0.0002708198
0.00025099312
0.004678493
0.00029614454
4.256243e-05
0.98700964
0.99814975
0.99996793
0.0009267295
0.035786882
0.99586296
0.00094946806
0.031559035
4.668704e-05
0.0008962435
0.0069263047
0.9996916
0.6862451
0.9989698
0.99871194
0.014591263
0.99993944
0.0066914978
0.99958915
0.0013590261
0.0004476424
0.0008918364
0.9936469
0.9947173
0.9535174
0.0005577775
0.97989833
7.8257086e-05
0.00034143383
0.26959363
0.99936825
0.23484461
0.00012118187
0.99961627
0.00048925163
0.9850499
0.00032562483
0.970182
0.0006393187
9.494387e-05
0.0022433077
0.0018258882
0.00012549861
0.9998293
0.9974865
0.004119981
5.4864046e-05
0.011491275
0.0023320366
0.99994934
9.419223e-05
0.00026114177
0.99868923
0.99982244
0.99997663
0.21138832
0.99967873
0.9994615
0.0015927464
0.9999951
0.99852717
0.002526107
0.012040404
0.0004454173
0.2161799
0.009444186
0.18262792
0.0042693513
0.00012692231
0.003782808
0.99998724
0.0034015018
0.000841705
0.27706945
8.473715e-05
3.7516973e-05
0.999987
0.9887368
0.9998661
0.0067777964
0.20035988
0.00017980738
0.9998944
9.116349e-05
0.9999658
0.9997905
0.9982096
0.004989085
7.369647e-05
0.03823434
0.9967429
8.5571664e-05
5.0577728e-05
0.0020317314
0.9972842
0.9989542
0.93584377
0.9994074
0.9996152
0.0034594792
0.999959
0.0030462954
0.003742422
0.010325916
0.00415121
0.9999795
0.0012506662
0.107612714
0.2212593
0.00057257194
0.06471229
0.0010141042
0.0011092505
7.9972764e-05
0.9997943
0.0018637124
0.0001532162
0.000624423
0.99994063
0.9952663
0.024822889
0.0091265775
0.00020167915
0.9987968
0.03954529
0.4376225
0.5143407
0.9819847
0.5018736
0.9992225
0.9999906
0.0013737475
6.153196e-05
0.00027662775
7.029321e-05
0.9996598
0.9965946
0.9915167
0.0009071145
0.06708148
0.055386517
0.005690945
0.01690281
0.9999974
0.0001698481
0.9899658
0.08954197
0.0005191074
0.0008614853
0.9985807
0.9964296
0.99952376
0.99957937
0.9998692
0.00041353286
0.99989057
0.9986442
0.71932715
0.0027679394
7.6791664e-05
0.0021803633
0.17851515
0.9995908
0.60690325
0.20442842
0.00017230422
0.00072970457
0.996442
0.062202334
0.20575419
0.00041541556
0.9958521
0.99769455
0.9999896
0.9999652
0.00019339786
0.00019827738
0.99776745
0.9995809
0.0021692973
0.99994195
9.290721e-05
0.053282693
0.93458885
0.9986052
0.99868613
0.00027605708
0.996843
0.008264717
0.18853793
0.9972499
0.00040818905
0.999984
0.06122423
0.00063942967
0.9324563
0.9995376
0.999982
0.0009603346
0.99965405
0.0075774672
0.99983346
0.0013759788
0.003907985
0.23284653
0.9999914
0.9968376
0.9999176
0.0007475616
0.0026247904
0.00022097245
0.99827385
0.0015279949
0.00060252985
0.020104064
0.00010546587
7.890099e-05
0.99998486
0.9987348
0.0012887757
0.00020499907
0.32466057
0.99596417
0.5031171
4.032922e-05
0.9993455
0.9997371
0.7275206
0.016091175
0.9995635
0.99961156
0.0013730865
5.8171485e-05
8.490022e-05
0.0016133448
0.9993038
0.020743655
0.9983474
0.90009856
0.5702481
0.99961036
0.99978906
0.9988764
0.9877351
3.7834332e-05
0.99969304
0.0057846
0.9930999
3.417108e-05
0.004371004
0.9998672
0.9998741
0.9998895
0.0013756473
0.99552923
0.005338648
0.0006109614
0.0028905456
0.0026748357
0.97291744
0.0008442654
0.00011826366
0.13340135
0.05108728
0.00055420597
0.99998355
4.1424304e-05
0.00022777644
0.001600648
0.998963
0.95300084
0.0012802094
0.00071885716
0.9999906
0.9832548
0.9627251
0.00010504733
0.0010853482
0.993357
0.9994734
0.018712746
0.011408391
0.9978993
0.99994695
0.002978116
0.00034068892
0.0010374498
0.0205228
0.9976914
0.9946295
0.00056847563
5.532698e-05
0.0012816124
0.00018268981
0.97477525
0.9985757
0.040857393
0.87260276
0.13453105
0.9997285
0.9997181
0.9999261
0.024557816
0.9990434
0.0054846373
0.9996923
0.99939096
7.324883e-05
4.884651e-05
0.9976947
0.000111363755
0.99997103
0.0009784376
0.00030454158
0.0070992243
0.0027824421
0.0013699358
0.99776626
0.9999993
0.999508
0.011930239
0.0019827867
0.02209414
0.00023514008
0.99953055
0.00614702
0.055452116
0.0007224094
7.333648e-05
0.9996427
0.99743843
0.9899857
0.003364442
4.655695e-05
0.003103126
4.719034e-05
0.9977843
0.999951
0.0015312758
0.9997563
0.9998723
0.26576102
0.9993358
0.9983467
0.7158546
0.96746576
0.000111468835
0.09998384
0.00416224
0.99995625
0.9631227
0.00042891683
8.626101e-05
0.9998578
0.9999839
3.0941865e-05
0.6347968
0.00039123165
0.9998173
0.99974626
0.37997398
9.53387e-05
0.00019246958
0.13008113
7.274215e-05
0.99989855
0.99983346
0.0010784992
0.99277955
0.9959739
0.0018851812
0.9998134
0.0030219017
0.0003823765
0.0070956456
0.032865528
0.99991167
0.0020959387
0.020523043
0.0010471337
0.9998086
0.99765825
0.05369109
0.98656785
0.9424418
0.99987745
0.99877745
0.9306797
0.8430218
0.99995244
0.00040476772
0.005037736
0.99381554
0.0014977611
0.9995183
0.00024290493
8.32045e-05
0.99488115
0.9963852
0.00073086924
0.008919394
9.270588e-05
0.55066234
0.00025172188
0.9724991
0.0001575513
0.999951
0.026580459
0.002384761
0.99982363
0.0005044254
4.7074915e-05
0.0003969245
0.99991095
0.13219802
0.00043937145
0.990871
0.99999785
0.9877693
0.27599794
7.879895e-05
0.99891555
7.092776e-05
0.9931049
0.33277813
4.715224e-05
0.106897004
0.00051184156
9.300827e-05
0.00012119526
0.6622192
0.0009448999
0.9997042
0.09371579
0.9994924
0.021139352
0.9994667
0.0016792502
0.0027603563
4.2770185e-05
0.0001173572
0.0020807597
0.99913824
0.00020016743
0.0033431055
0.06997695
0.9983022
0.99998736
0.23292564
0.0010528448
0.0025425763
7.213764e-05
0.99989414
7.510061e-05
0.9998037
0.12250421
0.007962364
0.999524
0.00023622566
0.9978054
0.9997509
0.00084366143
0.9890388
0.98276836
6.511461e-05
0.9975504
0.0002401952
0.99998677
0.99175584
0.99975985
0.9963187
0.99636394
0.020747928
0.00011042833
8.190745e-05
0.00014238324
0.014027802
0.99997675
0.6214216
0.00019554359
0.75471795
0.00021920637
0.99991286
0.0005832254
0.0017648191
0.0033804337
0.08318706
0.9993357
0.00014318475
0.0037194921
0.00023913333
0.99985695
0.0010562999
0.9999981
0.9999944
0.99454725
0.0007095456
0.9619045
6.0879483e-05
0.072623864
0.21884273
0.00647268
0.999597
0.00054211624
0.97129816
0.007666767
0.99353516
0.5725846
0.0013984824
0.0019815038
0.0016367774
0.9995509
0.9969907
0.9969014
0.0005331168
0.0003947715
0.98803884
0.9732466
0.9996208
9.95983e-05
0.9977785
0.8607885
0.048250962
0.00087674946
0.008914492
0.9996082
0.9994462
0.00010039518
0.9998722
0.9992292
0.008858468
0.0007599215
6.1228406e-05
0.99970406
3.9265597e-05
0.8935426
0.9999597
0.0011759643
9.22205e-05
0.003024936
0.0006562543
0.99995255
0.99383694
0.9997594
0.9589613
0.46422824
0.9999465
0.0017121384
0.9998505
0.99729866
0.9999931
0.0046806475
0.00039414084
0.0030377428
0.0002827672
0.9970488
0.8559191
0.000257836
0.9951841
6.538079e-05
0.00011322877
0.99700195
0.00066511636
0.9938611
0.99976
0.0007295572
0.986026
0.99044144
0.99900323
0.2145911
0.0015945605
0.9990207
0.99109894
0.07371893
9.659331e-05
0.38655812
0.9999193
0.99574775
0.99949145
0.99638176
0.9999466
0.99572635
0.0012500106
0.038593393
0.9967194
6.112725e-05
0.0006237877
0.029594531
0.000117624855
0.00012501894
0.00042932917
0.9996489
0.6724656
0.11334572
0.99987626
0.99980634
0.015896356
0.00043636473
0.9995641
0.00023377445
0.99996734
0.99981254
0.9997409
0.77004296
0.9988255
0.0006501275
0.0016844574
0.9998758
0.004262228
0.0002535941
0.9979091
0.00010478391
0.21128866
0.00042452186
0.000106830696
0.88283074
3.8909584e-05
0.0009851331
0.00016929208
0.002400608
0.02472362
0.0009826991
0.0068162777
0.9966253
0.9990441
0.0043609617
5.2806343e-05
0.99562484
0.0010759311
5.2221083e-05
0.99991655
0.9999429
0.0049203224
0.99922097
0.22768927
0.9968239
5.974099e-05
0.9999999
0.024445213
0.0002677058
0.0064546247
0.00035167788
0.28448266
0.0005229902
0.00010378739
6.648147e-05
0.9775392
0.69568324
0.00048834516
0.9983565
0.052570853
0.00012586868
0.018225878
0.0010300988
0.9970595
0.9996393
0.9688505
0.000519727
0.0018353341
0.0012526745
0.98725766
0.0011163492
0.9979213
0.00035815142
3.1689717e-05
0.9999939
0.00014524246
0.00028164499
0.9984522
0.9999883
0.00094223616
0.9991285
9.012969e-05
0.0005294813
0.997124
0.18142816
0.7231257
6.0372633e-05
0.9997876
0.9994667
0.99902236
0.99975365
0.011312064
0.9999541
0.9512742
0.9999714
0.0034106208
0.023217008
0.000486605
0.032494124
0.00086836563
0.99998164
8.9919966e-05
0.9999933
0.015947264
0.98300606
0.9999622
0.00015866617
7.709117e-05
4.111834e-05
0.30686015
0.99994814
0.99887604
0.99999154
0.99998915
0.9937775
0.9878169
6.626905e-05
0.13558182
0.97240293
0.8915909
0.00022711893
0.9991642
0.9010136
0.99993455
0.99873644
9.3980765e-05
0.009163316
0.9987847
0.999943
6.019207e-05
0.18431166
0.20087813
0.9998815
6.958472e-05
0.0007472781
0.99976176
0.9947061
0.16408479
0.9996331
0.99541867
0.00017472017
0.00032095457
0.0041334773
0.99988866
0.9999466
0.31008908
0.999967
0.9996106
0.99915314
0.99997973
0.99734926
0.00015423994
0.001083309
0.9999294
0.00013064379
0.0054194536
7.177452e-05
0.9768521
3.4555538e-05
0.00047399144
0.00014030996
0.32043627
0.9999751
0.023722595
0.9937145
0.0043133833
0.99976844
0.0015336485
0.003233499
0.004231119
1.7468124e-05
0.00016013165
0.00047690238
0.34829673
0.09435244
0.9796546
0.00046710225
0.9999025
0.024991948
0.013748669
0.0219428
0.4401223
0.9994404
0.020928143
0.54445106
7.3625386e-05
0.0061234143
9.5926356e-05
0.9999504
0.04917805
0.016162848
0.3063838
0.4211825
0.9999976
0.0004154389
0.99976
0.99906045
0.9912527
0.9357227
0.00053178915
0.99921
0.99937564
0.17886473
0.00054051937
0.99881196
0.04101533
0.99970657
0.002334123
0.0008795877
0.99768853
0.9989095
0.026391644
0.999881
0.00083654973
9.062662e-05
0.0012756694
0.06833142
0.99978274
0.99857974
0.005104923
0.9999752
0.9998336
0.000103334205
0.9999852
0.9999436
0.9890104
0.9985507
0.9988483
0.40872926
0.009696367
0.99977046
0.089609504
0.9996196
0.08351768
0.9994134
0.9999021
0.9991804
0.9999678
0.00013989116
0.99990416
0.99985504
5.3173768e-05
0.9990538
0.00013547493
0.0007686738
0.00016215461
6.3225816e-05
0.043940403
0.00027876062
0.999877
0.97806543
0.99960965
0.0021708058
0.9919749
0.8643936
0.0022673751
0.0003955946
0.9995333
0.9818969
0.32301962
0.99599504
0.99986136
0.99836296
0.0008722711
0.9999403
0.00017644491
0.9999124
0.0003517
0.001315307
0.0064952634
0.9980083
0.00022053317
0.9999976
0.0034547136
0.9932146
0.059323724
0.000539672
0.9964881
0.99999225
0.012482673
0.9999671
0.9992011
0.00028819812
0.9853898
0.0008524997
0.0007650819
0.7986805
0.0017474913
0.979323
0.021257425
0.99986863
0.9994301
0.93096125
0.022925524
0.9999794
3.498126e-05
0.904785
0.054601714
0.09645527
0.0006146878
0.0005606285
0.99984455
0.100430466
0.99574226
0.0001544489
0.99974686
0.8916326
0.00047912344
0.99821377
0.0006422636
0.3633847
0.99222744
0.009989487
7.493057e-05
0.9972355
0.9999871
0.14235812
0.10837324
0.99997365
5.907499e-05
0.20292048
0.999759
0.96914923
0.0049471036
7.819674e-05
0.00010331125
0.005425268
0.6036661
0.005346516
0.9927367
0.9996499
0.98948437
0.0001288156
0.24259412
0.99873537
0.002465043
0.00042107506
0.49064067
0.004134592
0.99829656
0.99992263
0.99973077
0.99964094
0.00019760079
0.00052624353
0.8866738
0.999835
0.9998617
0.9987338
0.9997199
0.011447452
0.99991274
0.00059816375
0.99994504
0.9986959
0.0016393369
0.00088444276
0.0002211636
7.455445e-05
0.9986168
0.9978915
0.99111205
0.0007618128
0.99963033
4.6119654e-05
0.99987054
0.00032919506
0.9983706
0.9993906
0.9998062
0.9999269
0.9986308
3.6256646e-05
0.0057921843
0.0009952253
0.9984535
0.9995734
0.97959787
0.0003585178
0.99997616
0.9999776
0.9999939
0.0008230527
0.99977237
0.00043211377
0.9991658
0.99602604
0.99981064
0.002859328
0.040540703
0.9996247
7.2546594e-05
0.00027861207
4.8552214e-05
0.9991259
0.0013782169
0.6691428
0.99559194
0.992823
0.0070375027
0.00022708169
0.99482983
0.99946076
0.00022218277
0.9987086
0.9922569
0.0006016696
0.0001477518
0.0009932881
0.00025489533
0.99898857
0.0068869404
0.0034326564
0.9827245
0.9982516
0.00012619112
8.643327e-05
0.999428
0.00015863334
0.9587237
0.00097254483
0.002634355
0.00076756853
0.0006999579
0.9949708
0.0006107449
7.690724e-05
0.9995765
0.0009076059
0.0012341383
0.9980509
0.01911295
0.0006469467
0.000551825
0.3623575
0.2125501
0.99846673
0.99893934
0.9983962
0.00012916245
0.8727542
5.688681e-05
0.9946569
0.022264913
0.99991834
0.99818915
0.99913186
0.9908941
0.0009284486
0.0022973293
0.097766615
0.9651791
0.19188435
0.89699435
0.009626508
0.6421719
0.045177147
0.9096886
0.79862326
0.58431906
0.8906219
0.92249453
0.99989605
0.99934465
0.998111
0.00050160533
9.998922e-05
0.9956916
0.024941402
0.0009211264
0.0031041885
0.0021201607
0.8381305
0.99816823
0.9999968
0.9977785
0.0004135368
0.9999201
0.0032881203
0.0012767214
6.622963e-05
0.9983954
0.00019499972
0.001152639
0.32168323
0.9999764
8.314548e-05
0.036754414
0.0013857537
9.873391e-05
0.00022056198
0.00082927186
0.0017572197
0.99898845
0.0004543406
0.9995702
0.00026293533
0.14196198
0.0005473739
0.9984074
0.39410165
0.00033069894
0.0023015025
0.9999305
0.9974311
0.00012167351
0.00023699609
7.8517885e-05
0.27866277
0.95512295
0.99996233
0.00091203046
0.9988865
0.9840809
0.9988136
0.00041301048
0.9997199
0.0002313048
0.00046988245
0.088988826
0.99723417
0.00059828174
0.004529453
0.98857576
0.00043057534
0.00080336945
0.0014373199
0.002323609
0.99981934
0.9999615
0.00096329267
0.18184426
0.99966276
0.0006983678
0.1500947
0.9943916
0.0010325527
5.210225e-05
0.9998233
0.00013918622
0.001056871
0.9997719
0.13496792
0.9997931
0.0007842918
0.00013311578
7.427217e-05
6.652137e-05
8.273461e-05
0.99756396
0.005466635
0.0011909022
0.43421072
0.99977845
0.9999993
0.98759276
0.99807113
0.00019824166
0.0007596536
0.9984591
5.81848e-05
0.18706697
0.0022625874
0.3582745
0.999678
0.28217596
2.8696004e-05
0.9996877
0.025976226
0.0011901072
0.008795726
0.9805638
0.9989538
0.0003043439
0.9995578
0.00024767808
0.005264589
0.3424026
0.99921
0.000110600624
0.9997949
0.9988575
7.672879e-05
6.354915e-05
0.9992176
0.0013204174
0.99988747
0.0007172207
0.8368464
0.045382928
0.0007108648
0.9983216
0.0003638283
0.0002462251
0.94849175
0.9997539
0.0007929421
0.00012435965
0.9999807
0.9998318
0.9992362
0.99964523
0.99977654
0.99681205
0.9999064
0.0018340164
0.9999808
0.00062164164
0.82093674
0.00011380962
0.0019438011
0.9999987
0.00031912417
0.994517
0.9999192
0.0008741348
0.000591584
0.00076077285
0.0011612888
0.99876875
0.0031873903
0.99911815
0.0005008347
0.191619
0.9992843
0.9996424
0.9988626
0.99568427
0.00060041936
0.9814618
0.0003472304
0.008806059
0.0013216012
0.021081721
7.925192e-05
0.9994246
0.008615768
0.15295619
5.392622e-05
0.03158657
0.99909127
0.99892765
0.9932467
0.9998116
0.99583167
0.7331787
0.99702734
0.99730504
0.0012842952
0.9499332
0.9999218
3.933287e-05
0.5521132
0.99844056
7.4741736e-05
0.9987224
0.0007482989
0.99984515
0.99992096
0.99977845
0.9997776
0.99997854
0.999019
9.4443436e-05
0.00025644494
0.00014508232
0.0012863213
0.054312024
4.1875704e-05
4.9044556e-05
0.9980895
0.99693227
0.99123514
0.27741587
0.22541444
0.00027222183
0.12113134
0.019779708
0.19542144
0.0003096732
0.99914515
0.001028545
0.99605983
7.0964365e-05
0.2670497
0.9999095
0.99903643
0.99999106
4.460342e-05
0.98621875
0.0006909733
0.9602027
5.9668513e-05
0.00047833758
0.0001565044
0.013737895
0.99958116
0.00010387917
0.0006380338
0.9999156
0.9998779
0.99999166
0.00010929097
0.9990289
0.91161925
0.99999964
8.623322e-05
6.9777816e-05
0.99947184
0.032781985
0.00092801696
0.15657878
0.99105823
0.9996443
0.0027930494
0.0022958128
0.9996444
0.99981123
0.0006934775
0.99993384
0.41328672
6.4414315e-05
5.421564e-05
0.9999225
0.9996916
5.60855e-05
0.0008597022
0.0101784505
0.9698297
0.018765144
0.96232057
0.001142788
0.9999871
0.00018934785
0.0021002674
0.99961483
0.99991703
0.9981944
0.999796
0.0016065838
0.9999856
0.0010047896
0.0035706246
3.450509e-05
0.9995839