0.9992361
0.9991799
0.03875964
0.9998116
0.062340733
0.0005514754
0.00037170795
0.9996345
0.025265567
0.6573833
0.00011261038
0.00016358726
0.0012438672
0.17912082
0.9987496
0.007186031
0.0045924596
0.9251855
0.0032404205
0.98645186
0.87591463
0.0024118838
0.16068286
0.00024313245
0.00077316054
0.049295884
0.9689913
0.95142156
0.41808143
0.99603635
0.00014686056
0.09576364
0.40611967
0.28772154
0.12291897
0.00091649266
0.99505603
0.99440825
0.9999255
0.9985085
0.003115435
0.77400637
0.0011292907
0.0070905513
0.00049097155
0.0014111196
0.9995641
0.920275
0.0008046631
0.99527645
0.9918262
0.00033736357
0.99468046
0.9992291
0.98618174
0.0023914487
0.99945754
0.053583875
0.004698749
0.017477602
0.99968517
0.9969074
0.99869436
0.2143605
0.8831762
0.90236086
0.99984527
0.00021202218
0.870135
0.99975055
0.99778193
0.00673884
0.9793108
0.09294701
1.6468059e-05
0.00010397579
0.00035130544
0.9993456
0.3360604
0.001666868
0.0001678767
0.0003450614
0.0059080883
0.99140394
0.9985574
0.00051664194
0.99985564
0.99960893
0.9972486
0.6527873
0.00019217344
0.001350437
0.9984376
0.998343
3.1260555e-05
0.009348274
0.987503
0.9617438
0.99984586
0.9986318
0.06438532
0.030917889
0.0008968205
0.00075235777
0.0033395896
0.00081993017
0.0001451472
0.97416
0.99481446
0.9969984
0.002833234
0.02609569
0.9652031
0.0033660044
0.06933801
6.5446664e-05
0.0037217864
0.02546442
0.999342
0.7138245
0.99686426
0.9276433
0.017622318
0.9994555
0.008779176
0.9996126
0.0054721492
0.0027240368
0.002585558
0.9539102
0.98244494
0.9065202
0.0013985557
0.9480889
0.00056009676
0.0016318519
0.10051202
0.99931014
0.15373617
0.00043820826
0.99674857
0.0012000906
0.9418699
0.0007884094
0.9398986
0.0013174207
0.00030304678
0.00035924173
0.0021094398
0.00042145877
0.99921334
0.97602373
0.003968274
0.00015198432
0.0023874159
0.00084937346
0.9999207
0.00011574151
0.00084700383
0.90872496
0.9977842
0.9996445
0.13000563
0.9983041
0.997621
0.003418479
0.99993384
0.9980794
0.011887003
0.001814469
0.001966418
0.08505393
0.014106078
0.49130842
0.0065688714
0.0003845855
0.0065697585
0.99996793
0.0019030926
0.0031759222
0.2938558
0.00014160309
0.00021010233
0.9999459
0.89277065
0.9939985
0.0048870263
0.13865146
0.0005308912
0.99638486
0.0003663614
0.9996113
0.99926347
0.99898046
0.031385902
0.00015480338
0.017755624
0.9863064
0.00010203457
8.5291016e-05
0.008537935
0.9985404
0.9985361
0.7917078
0.9983595
0.99954283
0.01770319
0.99857605
0.004831381
0.026980596
0.0032272786
0.0058257817
0.9996984
0.00013875158
0.060659997
0.052679576
0.0033534165
0.14064875
0.0023891802
0.0021711993
0.00017597128
0.9991148
0.00061581074
0.00068480347
0.0029554598
0.99826163
0.9685089
0.002534206
0.009397747
0.00033795752
0.9862337
0.022386383
0.24862531
0.047210522
0.99659204
0.29094154
0.99806756
0.99981004
0.004174082
0.00042124267
0.0005147559
0.0004811541
0.99959654
0.9749342
0.89406675
0.0007914255
0.1112025
0.047034044
0.0032085015
0.047834776
0.99989104
0.00082592975
0.83788687
0.00059860543
0.0014932537
0.0024406675
0.9891833
0.9865739
0.996414
0.99878114
0.9996767
0.0009231498
0.9985936
0.99052763
0.5899394
0.005587031
0.000536743
0.0053180186
0.23511139
0.99744153
0.48728287
0.076903
0.00057206
0.001313707
0.96453995
0.26296008
0.20750543
0.0016607043
0.98492986
0.9918705
0.9999621
0.99984586
2.830722e-05
0.0008003226
0.9959585
0.98674
0.0011988962
0.9998536
0.00017051422
0.19022177
0.51691914
0.9982419
0.99594814
0.001050656
0.9934575
0.0054246457
0.4415109
0.9883542
0.008606959
0.99971086
0.119914606
0.0018944904
0.3924687
0.99649125
0.999907
0.024953963
0.9997439
0.012527856
0.9990727
0.00096998713
0.0071253884
0.47072756
0.9997807
0.9858137
0.9946843
0.0035236545
0.002678493
0.00027748043
0.988696
0.0019056286
0.0011329963
0.034688395
0.00038162174
0.00024985184
0.9998455
0.9995559
0.0052494504
0.00058716984
0.045445256
0.96902585
0.78745043
0.00014034314
0.99889404
0.99862874
0.5493816
0.018647538
0.9982443
0.99931276
0.0024493367
0.0003006803
0.0005910123
0.0009565372
0.9979553
0.002019477
0.99682593
0.73762214
0.8395257
0.9984855
0.9993278
0.9969675
0.96297187
0.00010007173
0.9991061
0.001408904
0.9814984
4.2486394e-05
0.003646427
0.99986947
0.9998072
0.9998908
0.011801176
0.92225295
0.009658902
0.0017001373
0.009372628
0.0026724073
0.95887965
0.0017217818
7.9284124e-05
0.053094994
0.36760932
0.00085161714
0.9994753
0.00025060575
0.00036678617
0.0072236005
0.99171656
0.6345014
0.0011790954
0.002226768
0.99608946
0.9459258
0.9342278
0.00052924006
6.2988955e-05
0.87136406
0.9989761
0.0018052714
0.0039985003
0.9957302
0.9998679
0.002591698
0.0013281185
0.010290355
0.051553164
0.9981133
0.99047613
0.002590617
0.00023656151
0.003745127
0.0006129506
0.78677106
0.99652416
0.0009601013
0.9502186
0.32048854
0.99265623
0.9986362
0.9985448
0.031272415
0.9697113
0.012572683
0.9896862
0.99981683
0.00017734054
0.00017365752
0.96835965
0.00026954676
0.9991559
0.008789061
0.00047996588
0.0042003607
0.0031064055
0.0027977761
0.9326776
0.9999881
0.9983126
0.004170577
0.002239976
0.0105749685
0.0016781378
0.97760177
0.0065822466
0.050882895
0.0015175944
0.0003028807
0.998657
0.99214643
0.9536731
0.0012618065
8.517625e-05
0.007668904
0.00017331015
0.9944569
0.9986199
0.0002923852
0.9953744
0.9905696
0.4406069
0.9991155
0.9887433
0.3040572
0.45102316
0.00039205657
0.04083128
0.006714397
0.99852943
0.91461086
0.0010617853
0.00023623153
0.99904686
0.999772
5.4847882e-05
0.73982126
0.0029248886
0.9994821
0.9980502
0.28568047
0.00024071745
0.00035697813
0.119078584
0.0003504346
0.99837995
0.99984324
0.0020198836
0.9602655
0.9377991
0.0059348405
0.9995529
0.0027210952
0.0026672133
0.0034495413
0.04461353
0.999795
0.0018756713
0.024998713
0.006028423
0.99870825
0.98977345
0.25277856
0.96437687
0.9408168
0.99975544
0.98615867
0.31899527
0.82748675
0.99992895
0.0032188839
0.002513122
0.991131
0.0025713472
0.9983499
0.0012281612
0.00032259853
0.9454279
0.9954035
0.0019866962
0.031767737
0.0002175691
0.17604323
0.0005744436
0.8618503
0.0004638815
0.9983846
0.033143383
0.007525628
0.99976426
0.02301225
9.6596064e-05
0.0016257478
0.99978787
0.61037534
0.00013703582
0.9716522
0.9998136
0.80915177
0.039371647
0.00015663412
0.980004
0.00012026989
0.9026543
0.17780824
2.9505247e-05
0.018449826
0.0012024329
0.000135711
0.00015725459
0.2457692
0.0030926443
0.9988663
0.21239954
0.9915142
0.018066676
0.995017
0.0058492175
0.0065335487
6.766293e-05
0.00041294825
0.014445877
0.9884864
0.00038691933
0.005206048
0.13859645
0.99904066
0.99983144
0.15270466
0.0021748638
0.0107923085
0.0005910455
0.9985936
0.00010480039
0.99841213
0.26090178
0.0032996691
0.99425536
0.0010923363
0.9621363
0.999749
0.0015243763
0.96067196
0.99440527
0.00044965136
0.9984957
0.0009215978
0.99954224
0.9805642
0.9988305
0.92134696
0.9680771
0.0041237767
0.0004202592
0.00043636077
0.0003971611
0.011675527
0.9997023
0.3643071
0.000903242
0.66320884
0.0010040265
0.999795
9.38186e-05
0.0023618673
0.0010983062
0.08722497
0.99952686
0.00046575436
0.008953415
0.0006733853
0.9987614
0.0036813286
0.99920803
0.9998447
0.9606818
0.0024637922
0.9302767
0.00017635929
0.17556845
0.026694257
0.013201182
0.9996599
0.00037646573
0.20710175
0.0035705785
0.9660908
0.6610527
0.007337823
0.005017935
0.0010292116
0.9970529
0.9948695
0.97465384
8.460603e-05
0.0020780365
0.95749116
0.8325718
0.99975544
0.00055374054
0.94252616
0.5808538
0.025001856
0.002814783
0.0075339596
0.9996569
0.9994118
0.00029539925
0.9994691
0.99534154
0.01198906
0.0016447689
0.00025530468
0.99855083
1.2247238e-05
0.64576894
0.99724615
0.0032979914
0.00016582123
0.0021105483
0.0005563524
0.9999466
0.94919664
0.99773705
0.99189395
0.1997014
0.99993193
0.031317152
0.99962103
0.9913777
0.9993061
0.0014996335
0.0009906155
0.00631062
0.0006036119
0.9940631
0.6436043
0.0012534925
0.97936475
0.00012162595
0.00016517029
0.9844934
0.00020090837
0.9967219
0.9996258
0.003182877
0.9066421
0.732939
0.99788696
0.18246815
0.0008629958
0.99857867
0.98168856
0.48010743
0.00015869764
0.75952977
0.9996333
0.96231836
0.9909809
0.9815057
0.9990319
0.9936697
0.0009833529
0.024342887
0.91515946
0.00020329938
0.00028929737
0.06364126
0.00027032962
0.0005077556
0.0015477977
0.99505
0.3473396
0.5108445
0.9990638
0.9998398
0.015718678
0.0005806753
0.99884653
0.0017979284
0.9994777
0.9994935
0.99975663
0.83568686
0.983135
0.0015362962
0.0003022657
0.99924004
0.005958207
0.0007278069
0.98968226
0.00030833072
0.58355284
0.0024279049
0.00054734753
0.80844384
8.687196e-05
0.0017971514
0.0008046627
0.0031882098
0.022391334
0.0035459355
0.0046691233
0.97346115
0.99868506
0.0012080267
0.00015205955
0.97998065
0.0023144577
0.00011863787
0.9930193
0.9997998
0.0008830661
0.9962082
0.01712159
0.9943532
0.00046877202
0.99999917
0.031402178
0.0010031081
0.004839876
0.000106396794
0.30948642
0.0015953927
0.0005795361
0.00021697
0.94080555
0.7420273
0.0010157411
0.98860884
0.012585808
0.00043745115
0.011094582
0.0009636359
0.9788952
0.99916947
0.92655754
0.0009767765
0.0005346656
0.00818191
0.9673716
0.0034756418
0.9970395
0.0018490648
3.238568e-05
0.9999658
0.00075632945
0.00031433158
0.9793967
0.99979097
0.00052874873
0.9979382
0.0004521971
0.0026324575
0.99264824
0.49776563
0.4246759
0.00013035373
0.9985696
0.9986601
0.9946089
0.9986185
0.008203465
0.9999485
0.9670752
0.9992507
0.02611091
0.019935297
0.0010317483
0.0048383973
0.0015128165
0.9998367
0.00036147734
0.99981886
0.012398367
0.8431245
0.9998474
0.0007302987
0.00035238016
0.00019986724
0.38644174
0.9980293
0.98431116
0.99980205
0.99989426
0.9909061
0.88129777
0.00016730238
0.18792155
0.89907396
0.79485583
0.00036111774
0.9983876
0.9018656
0.99973243
0.9991297
0.00025175142
0.006877456
0.9945128
0.9984794
0.0004451382
0.5078526
0.2267959
0.9971992
0.000103660095
0.0024608336
0.9984296
0.9877972
0.015638335
0.98639244
0.9382427
0.00036312485
0.0013028069
0.0040376424
0.9978241
0.99963665
0.17648312
0.9998379
0.999089
0.9992274
0.9997204
0.9921767
0.00039194836
0.0023465795
0.99811566
0.00028583224
0.037569944
0.00045598086
0.9127275
4.609573e-05
0.0009219056
0.00033423142
0.28531295
0.9995975
0.107095905
0.9563835
0.039509837
0.9998056
0.0041111084
0.00044189653
0.00011855306
0.00021319427
0.00037050067
0.001488894
0.5053904
0.06415273
0.9798757
0.0005100819
0.99937123
0.013625988
0.028726744
0.030919164
0.23612024
0.99942183
0.06875806
0.6285474
0.0001689821
0.006881297
0.00018358175
0.99988496
0.030747764
0.07238257
0.100543536
0.42115033
0.99994934
0.0016747708
0.99752957
0.98826396
0.97002304
0.9427989
0.0013430063
0.93211305
0.9978257
0.37023544
0.0014960136
0.99439913
0.14715432
0.9993624
0.0019295793
0.0031205437
0.99778146
0.98267853
0.059734482
0.9920781
0.0037798013
0.00046266598
0.0041680313
0.09787837
0.99701035
0.9983387
0.01063447
0.9998461
0.99801457
8.930164e-05
0.9999225
0.9991015
0.97489727
0.9712593
0.99232507
0.34555757
0.009853945
0.9992661
0.04284279
0.9956261
0.12678047
0.9994708
0.9993405
0.90043217
0.99961334
7.653361e-05
0.9995975
0.9979752
0.00012009158
0.9991447
0.0005623593
0.0016899656
0.00014678076
0.0002892717
0.053081512
0.0019534132
0.99978846
0.9914102
0.997391
0.0035885726
0.83845186
0.74536717
0.00685843
0.0010351519
0.9986505
0.95084184
0.112933956
0.9296925
0.99772495
0.9966666
0.0006398869
0.9991737
0.00031309246
0.99773395
0.0018217587
0.004212409
0.0062873666
0.9862314
0.00046332425
0.999793
0.001686872
0.8593462
0.051390354
0.0030892368
0.8878104
0.99969316
0.040172886
0.9993254
0.9991579
0.00079689967
0.92805046
0.008026651
0.0011263147
0.2879873
0.0001558264
0.73117125
0.19138949
0.99957865
0.9953223
0.83171487
0.014727133
0.9999089
0.0001861718
0.87538975
0.26138628
0.057073798
0.0028164792
0.0018968335
0.9936753
0.03491896
0.97352266
0.00078441406
0.99564457
0.10890667
0.0025001136
0.9956909
0.0009773751
0.16840652
0.98512
0.0035376893
0.0003478777
0.97180814
0.999653
0.14242415
0.12765875
0.9999447
0.000112644535
0.16053149
0.997142
0.6062109
0.0078102336
0.00022609653
8.12089e-05
0.0022966813
0.34765068
0.00329202
0.9627233
0.99474984
0.9844823
0.000994875
0.3533951
0.99631137
0.004296111
0.001348278
0.71117425
0.0017110051
0.99782676
0.99906856
0.99833614
0.99855
0.00044860653
0.0018699621
0.9620339
0.99937254
0.99614245
0.9753422
0.9997384
0.008086291
0.99787235
0.0028408207
0.99851245
0.9887664
0.006357938
0.006482125
0.0011806869
0.00015432923
0.9552269
0.99193704
0.9252354
0.0006245837
0.9998196
0.00026462763
0.9994404
0.001323599
0.9907258
0.99547136
0.98401237
0.99979323
0.99864155
0.00027177267
0.003445781
0.00077121425
0.99212897
0.99395293
0.89491266
0.0010034465
0.99960536
0.99958664
0.9999014
0.0054366677
0.99665135
0.0021592951
0.97616553
0.9751438
0.9991385
0.002561581
0.013981344
0.99848086
0.00026365076
0.0011269867
0.00011643148
0.99636817
0.0036896826
0.24705906
0.9909667
0.85715574
0.012956068
0.0008501646
0.96757877
0.9995654
0.0009829506
0.99825627
0.9789082
0.0016856766
0.00047444052
0.00043757565
0.000812035
0.9972606
0.011291667
0.0057149855
0.94252104
0.9884758
0.00024201398
0.0003165591
0.99555874
0.0004827545
0.9487336
0.0017823889
0.0031791332
0.0020868739
0.0027251043
0.9558036
0.0019033717
0.00036013348
0.9934407
0.0023773173
0.004259442
0.9940515
0.05045754
0.0017524342
0.023060612
0.23385575
0.06912141
0.98908055
0.99820375
0.9915057
0.0007980992
0.9726178
0.00010318858
0.9983663
0.2214068
0.9987
0.99486816
0.9992267
0.98656404
0.002622774
0.003669452
0.06198153
0.8451862
0.16552992
0.718345
0.008177743
0.39077842
0.01937689
0.59530556
0.6052302
0.32203168
0.983814
0.76085037
0.9980007
0.998741
0.9944559
0.0011685397
0.00032879828
0.9628481
0.018892538
0.0026917974
0.005764221
0.0052622347
0.936807
0.98952836
0.9998815
0.9991518
0.001807105
0.9997563
0.006608828
0.009792237
1.7504077e-05
0.9853389
0.001820703
0.0019290579
0.13069656
0.999463
0.00016572577
0.032773994
0.002090525
0.00026396842
0.0003933599
0.002055042
0.009002186
0.98593974
0.0023199
0.9998852
0.00028858415
0.094211265
0.0008422008
0.99732566
0.38571447
0.00086262706
0.008848572
0.9990803
0.96303844
0.00026669493
0.00071954157
0.00023605206
0.5946763
0.96344626
0.99893135
0.01965663
0.9963632
0.8400516
0.9970402
0.0008679603
0.9991308
0.0009961255
0.0028320772
0.17656444
0.9908311
0.0020184172
0.010331394
0.98954916
0.00081562676
0.00355828
0.002389634
0.0028610863
0.9993863
0.99822325
0.0015699108
0.21434352
0.99984527
0.001253895
0.05803919
0.99344504
0.0009778389
0.00037043655
0.99964607
0.00054354477
0.0015569942
0.97146285
0.06117912
0.9984079
0.0019081369
0.0005550092
0.00035923335
0.00014982311
4.87785e-05
0.98189664
0.0047649383
0.0018606192
0.19796875
0.9977998
0.9999851
0.9799035
0.9905377
0.0002933499
0.0013758353
0.9966164
0.0003110129
0.12563029
0.0060154563
0.3369449
0.99360114
0.1522459
0.00021213359
0.9988036
0.014609951
0.016558712
0.04063137
0.9672927
0.99535996
0.00056635885
0.9929503
0.0006941996
0.004626781
0.20360121
0.99683434
0.00065500865
0.9997832
0.9944674
0.0004058194
0.00022093135
0.9976804
0.0061095813
0.99735993
0.0026141193
0.7462112
0.24043815
0.002213297
0.9945996
0.0020669852
0.0006156966
0.9604891
0.9986577
0.0014574134
2.2581444e-05
0.9998522
0.9991333
0.9797591
0.9973131
0.9991986
0.98842585
0.9994037
0.0020550038
0.99684036
0.0016599471
0.36412632
0.00021052644
0.008674809
0.9999504
0.0011065344
0.97757053
0.99973637
0.000921871
0.0011955178
0.002662291
0.0033131468
0.9942281
0.0010466968
0.9899289
0.001292189
0.10864278
0.99876994
0.99095637
0.9945134
0.9435391
0.0018186573
0.9477713
0.00022012374
0.00914538
0.003241497
0.04253063
0.0005969114
0.98471975
0.008478983
0.1375479
0.00018293854
0.0073999
0.9858289
0.99612087
0.9888686
0.9963864
0.98392916
0.91217625
0.8221781
0.997428
0.0031504747
0.8165002
0.99969053
0.00026812064
0.32595852
0.99459547
0.00020565119
0.9865298
0.003980583
0.9995097
0.999608
0.9995623
0.9997029
0.9998301
0.9986051
0.0009262997
0.00071156526
0.0005222748
0.010458786
0.0039927238
2.214319e-05
0.00026512184
0.99823403
0.98001534
0.9641586
0.09504713
0.20293991
0.00033181597
0.06574754
0.080689825
0.34898958
0.0012309263
0.9699524
0.00020808278
0.9854095
0.00065311056
0.2456628
0.9981888
0.9966311
0.9999254
0.0003097299
0.8782501
0.0059579415
0.92628556
0.00017582535
0.0007718991
0.0005209578
0.008568026
0.9992505
0.00070569536
0.0009873775
0.9994313
0.99905473
0.9999063
0.0002868921
0.9894874
0.8597594
0.99999726
0.00023994433
0.00021473637
0.99840456
0.07728217
0.001394257
0.23495153
0.92606145
0.9977685
0.0062517673
0.0033844153
0.99863666
0.972764
0.001483752
0.99960726
0.080284454
2.2060292e-05
0.0001287251
0.99906725
0.99393
0.0002902425
0.0022408287
0.0048369784
0.9812103
0.13559242
0.8686456
0.00030656674
0.9997924
0.0007574485
0.0024702933
0.99833894
0.9985079
0.99641377
0.99997663
0.022342086
0.9983399
0.004347733
0.0077152844
3.5324672e-05
0.9643701