0.5139917
0.99933416
0.41164786
0.5667137
0.41177607
0.0011638325
0.0036402459
0.9995881
0.41124612
0.9557445
0.0002049895
0.002965846
0.0010140501
0.4196782
0.9973248
0.00029529477
0.0011970379
0.40219814
0.006997815
0.48664764
0.8290783
0.00052372075
0.41196045
0.018579137
0.0009053965
0.003025799
0.49036795
0.9943803
0.41539854
0.9967963
0.003508323
0.40005213
0.55850184
0.40041432
0.41336873
0.41398934
0.51207834
0.8234321
0.9925235
0.9997484
0.00019851138
0.42550188
0.0013648057
0.41351667
0.0021134506
0.003861388
0.52722573
0.89355797
0.0005655446
0.9965412
0.97324544
0.0057692546
0.9869114
0.96565187
0.48759454
0.0007705916
0.588748
0.0023239683
0.0020460754
0.0013192432
0.69761443
0.996983
0.6160901
0.4105232
0.97753114
0.8606082
0.58135
0.02240984
0.9283391
0.5420304
0.9946114
0.0010712229
0.95291394
0.7507775
0.0021879622
0.0043133013
0.004327775
0.7908032
0.40691075
0.41120538
0.00396464
0.0034004916
0.41303122
0.9974251
0.9955375
0.0036289457
0.5482335
0.9626426
0.9969326
0.9919274
0.002375626
0.00057786255
0.9974891
0.9841202
0.00027093213
0.0032152554
0.99664956
0.90576977
0.99589074
0.9980106
0.41092432
0.41174704
0.0011140805
0.0005615288
0.41197854
0.0033070587
0.004167758
0.8602888
0.9822887
0.99980766
0.006693317
0.41167513
0.8381654
4.1550906e-05
0.405864
0.008074642
0.00021254964
0.06724949
0.99350315
0.95176345
0.9869552
0.9994369
0.0050738687
0.9997621
0.0012919263
0.9919218
0.0004391979
0.00064235454
0.00021228372
0.9926819
0.9869903
0.9759414
0.002883944
0.9978662
0.0026569548
0.0010184447
0.30279285
0.9993747
0.40761876
0.00075482205
0.99750465
0.0003342885
0.9456127
0.00055049197
0.96048117
0.0009894336
0.0048325164
0.3406977
0.0037656447
0.0055079656
0.93550813
0.9672189
0.41218644
0.0017900792
0.008751376
0.41230705
0.99702543
0.004666465
0.0005890957
0.9979506
0.99897987
0.9675762
0.5549594
0.61724097
0.9564267
0.0003927984
0.59334975
0.50271773
0.0003680103
0.0016102907
0.00094562536
0.4130424
0.00055563776
0.5611964
0.0022872875
0.009499549
0.0015867605
0.990122
0.0009043653
0.00045146726
0.69352216
0.006026469
0.006032756
0.99141735
0.9958103
0.998868
0.41294712
0.41193092
0.00096087
0.9897362
0.0011693215
0.98445964
0.99922514
0.95529884
0.0024556466
0.00032469514
0.41085157
0.99677795
0.005217435
0.009784953
0.020413283
0.9584761
0.99769944
0.99134994
0.99011105
0.99878496
0.0010971825
0.99948764
0.0092987865
0.0026174781
0.4130033
0.4140077
0.9831014
0.005638764
0.41035154
0.41417697
0.0005288515
0.21297261
0.00056526036
0.0023895486
0.012180867
0.9997974
0.0014351364
0.0029466962
0.0007720238
0.9961547
0.97742337
0.01594963
0.41440213
0.0057392893
0.99582136
0.4108207
0.43778014
0.41040254
0.4633798
0.42189044
0.9915072
0.998242
1.4206516e-05
0.0018513086
0.002168991
0.0025488108
0.9957496
0.98930573
0.96595776
0.0007693502
0.41442564
0.034782298
0.41439116
0.44604284
0.9994935
0.0015716562
0.5877333
9.43643e-05
0.00082924025
0.00022550834
0.99838984
0.85391927
0.99608636
0.9988159
0.99058867
0.0046887714
0.9995602
0.9989341
0.82573867
0.02603065
0.0023343773
0.0003001753
0.47921637
0.99925894
0.41792586
0.8633054
0.0009767634
0.0103432
0.91028285
0.4310642
0.39936593
0.00066786644
0.9896897
0.98308545
0.9944688
0.99940884
0.0009985936
0.0007027756
0.9977099
0.9593401
0.41057587
0.99030745
0.0026655837
0.40558213
0.7910666
0.9997888
0.50530624
0.00067927426
0.9900669
0.0039613876
0.55111384
0.99667513
0.00052572484
0.98568195
0.41375083
0.00044844748
0.99314827
0.99172443
0.99430853
0.011404579
0.56619483
0.003666451
0.9991683
0.0009875788
0.00052724243
0.6650779
0.97513574
0.99903333
0.9987696
0.00019444643
0.002189493
0.001064957
0.99629515
0.00040563935
0.0021433523
0.0002516703
0.0024035492
0.0006330319
0.9953435
0.51144975
0.042052936
0.0007600754
0.41058597
0.98283845
0.7871686
0.004568425
0.9881511
0.99780625
0.59676135
0.4111015
0.99994004
0.99447906
0.0029649255
0.0032159737
0.0013596126
0.00067242264
0.9967853
0.2698315
0.9985084
0.969625
0.53506947
0.9464408
0.99586475
0.99876726
0.9611158
0.0067932834
0.9968041
0.2994338
0.9479881
0.0071877115
0.0003682932
0.5180922
0.9972256
0.60064155
0.17173286
0.9996588
0.00019312349
0.0005381654
0.0010070048
0.41405362
0.96812695
0.0018742284
0.008770055
0.41014332
0.40536255
0.00076574896
0.9988826
0.01631954
0.0018478516
0.001579767
0.9997303
0.8824419
0.000706448
0.0033908128
0.99832433
0.9832849
0.95994884
0.002660204
0.00038867016
0.9950027
0.9855769
0.27917728
0.016837627
0.99911696
0.57300276
0.0018447812
0.0005855966
0.02073637
0.40907142
0.972822
0.88183796
0.00068841875
0.004066241
0.0018567027
0.002244545
0.90699166
0.9993376
0.29152805
0.4734872
0.4245094
0.9998919
0.99124897
0.9972505
0.41295904
0.98675877
0.41513196
0.9865145
0.99374926
0.0054354146
0.0037103381
0.99575055
0.0028532057
0.9989813
0.0005287293
0.0049484414
0.41334367
0.0004089224
0.00018567931
0.85951936
0.9969879
0.9983772
0.22149244
0.0016555318
0.0027216647
0.00050740433
0.9952982
0.40712076
0.53239083
0.006231628
0.0016050952
0.9988488
0.53151447
0.99044025
0.41117653
0.009328529
0.0025384813
0.004491377
0.99728024
0.9988971
0.001376121
0.9983022
0.99872786
0.40564352
0.9983346
0.98445237
0.41348976
0.9635248
0.0014153146
0.52867866
0.0009146873
0.99653155
0.8361012
0.0015389961
0.0030939453
0.86085504
0.99816895
0.012577526
0.9497821
0.0033068904
0.99835324
0.99790776
0.3934568
0.0024092281
0.0013396115
0.41060397
0.0044675
0.99915886
0.56775445
0.0005072182
0.99528545
0.93446904
0.0015909071
0.9986557
0.003230098
0.00068252697
0.4124978
0.41569924
0.97264117
0.00038960145
0.00048220786
0.0052731885
0.9998388
0.98679733
0.41282147
0.48224708
0.8305994
0.99588627
0.9788891
0.41475272
0.4135301
0.99075127
0.009187888
0.000459694
0.5054559
0.41069716
0.9980927
0.0066037304
0.0016020279
0.9897106
0.998885
0.0039534145
0.19130394
0.0022534796
0.9371743
0.0012814007
0.932568
0.0011905846
0.9998776
0.40924805
0.41658112
0.55007267
0.053243354
0.011241311
0.0018436436
0.5727643
0.579432
0.0024528261
0.99335164
0.9994548
0.97538674
0.41220543
0.0051829647
0.9706673
0.010678563
0.9195322
0.41078153
0.0002454914
0.24101098
0.0014535201
0.0061825714
0.005783256
0.4142381
0.00027133798
0.5442228
0.40319356
0.9996457
0.4117846
0.98101395
0.4110918
0.002585617
0.013772651
0.0017792425
0.00053864135
0.9965438
0.0049052127
0.0005866566
0.41328937
0.96447676
0.9953713
0.40833032
0.0003615492
0.0068364497
0.002306784
0.99501145
0.010295349
0.999305
0.43036354
0.411069
0.9997987
0.002999341
0.96589416
0.94862527
0.00031407663
0.98326033
0.8663296
0.0015779728
0.5091929
0.0006411365
0.99452764
0.98133916
0.99977475
0.9567283
0.995402
0.0051179305
0.0011331647
0.0061921543
0.0016300102
0.013543043
0.975442
0.9282472
0.0024791593
0.9252258
0.0020570396
0.9830315
0.00073665945
0.00028191687
0.001806829
0.44663602
0.5190053
0.0020363533
0.0052050897
0.0008167525
0.97787607
0.00027589026
0.9999589
0.9947351
0.98685974
8.4673906e-05
0.5722039
0.004855811
0.41126862
0.41391614
0.0005163761
0.75160855
0.0014177386
0.38962272
0.00062754087
0.99684805
0.6394451
0.0017886074
0.0046303533
0.00082696177
0.96549517
0.9769041
0.9990081
0.18955557
0.0075568696
0.9643242
0.4629709
0.93880516
0.0016935121
0.9918291
0.76501125
0.41068804
0.0004665967
0.4118524
0.61678743
0.9979888
0.009700662
0.99418515
0.996479
0.0046059787
0.0078309905
0.0019466034
0.9973448
0.0009865895
0.5361958
0.99735606
0.0007964541
0.004763426
0.0031183313
0.005844699
0.53536075
0.997246
0.9941881
0.97325706
0.41434392
0.5977154
0.00040764076
0.98079866
0.8746375
0.99749327
0.0008702845
0.0042289943
0.4156784
0.0017757685
0.9995167
0.9561213
0.007120131
0.9578543
0.010214524
0.0057535544
0.999828
0.32697886
0.50946194
0.98184586
0.000641029
0.9649401
0.9411659
0.99052536
0.1404073
0.004010537
0.99901676
0.9781714
0.5157584
0.004337324
0.90546256
0.9959494
0.9665513
0.98466104
0.9590458
0.99741864
0.9937755
0.00020797529
0.0010644068
0.9694401
0.0028339617
0.00037217562
0.019899877
0.002258017
0.0033955455
0.0011226396
0.99189407
0.84643006
0.40970674
0.54607767
0.9568281
0.048322923
0.0040591755
0.9988128
0.00058263453
0.9954679
0.9983919
0.5180225
0.44599178
0.98836875
0.00027473978
0.0002945859
0.99996674
0.41379
0.0016468429
0.9978123
0.0014868539
0.517854
0.00020511051
0.0018414145
0.79309374
0.010127524
0.00031250378
0.00067146146
0.000617899
0.40850097
0.00035659462
0.07410992
0.9665645
0.99718386
0.4107345
0.008010747
0.9976718
0.00011769969
0.0051949047
0.99869186
0.5480096
0.007793696
0.53181005
0.41269854
0.99051523
0.0011797987
0.9990491
0.25356376
0.0029736522
0.4132124
6.575457e-05
0.40667543
0.00094453944
0.0011709327
0.002632862
0.9510682
0.45263538
0.00033339855
0.99472755
0.002458635
0.0077609876
0.4158111
0.00336603
0.9987643
0.6902826
0.5914134
0.00052980054
0.0004620313
0.0010392749
0.991549
0.0015962246
0.995259
0.0006999302
0.0006745115
0.5592982
0.0013550642
0.0017304732
0.9910715
0.9990735
0.3216674
0.99456847
0.004387695
0.00034007625
0.9421763
0.3668892
0.81280464
0.0044212528
0.9984566
0.92845213
0.50859857
0.9996966
0.0054223486
0.9922133
0.9788913
0.99754083
0.00029942274
0.02248287
0.00076746935
0.2618919
0.0005944196
0.99979454
0.0014287314
0.99977225
0.41317734
0.8998066
0.99766064
0.0012060778
0.0044914135
0.007123442
0.65221876
0.9960211
0.9463266
0.99893624
0.8057294
0.44493976
0.91283256
0.0070309215
0.41095898
0.9835924
0.9469577
0.0034075559
0.982602
0.98617375
0.96746695
0.986232
0.012030832
0.0007180913
0.98416084
0.9997008
0.001491133
0.548509
0.40941128
0.9972146
0.0066633425
0.012273263
0.9985274
0.9806293
0.26777142
0.9866388
0.9693992
0.005487923
0.00045947055
0.19180165
0.9996891
0.99885917
0.22686526
0.99807847
0.5393417
0.9935986
0.99957913
0.92446965
0.0003404548
0.38659176
0.99155736
0.008896084
0.019699652
0.0014978603
0.9405353
0.01754734
0.00063349423
0.0025239896
0.4112998
0.99901307
0.40864733
0.84063345
0.008325382
0.5393421
0.006355929
0.3366503
1.277137e-12
0.11686692
0.002049098
0.0005170923
0.55725384
0.40878028
0.84929
0.0012614813
0.9912732
0.41306406
0.0054074875
0.003304066
0.22829255
0.56798303
0.41199565
0.55578774
0.016857982
0.41073835
0.008669209
0.58942723
0.41229013
0.44448042
0.41002822
0.41966742
0.9986149
0.00031667957
0.99720407
0.99830174
0.953783
0.9175244
0.0013955343
0.99244833
0.9984339
0.64390767
0.0005785291
0.9974281
0.349891
0.98118687
0.3063992
0.00040546266
0.5153905
0.9987936
0.41238254
0.9979259
0.00019664092
0.0042673876
0.001739934
0.4645775
0.99898416
0.561345
0.41422153
0.5730877
0.9970139
0.0050390507
0.9886418
0.9972377
0.8691805
0.98643214
0.96795
0.4086723
0.00074326707
0.9948303
0.40804198
0.99602854
0.41439894
0.9896889
0.52028686
0.7667811
0.9982834
0.0006863133
0.54176956
0.9986959
0.005084915
0.9927556
0.0018211632
0.00030072444
0.005937024
0.0021758906
0.4121944
0.00087942975
0.5489557
0.5141007
0.9989236
0.0011771814
0.99537355
0.7661958
0.0009226719
0.0009613104
0.98768276
0.9737901
0.4153565
0.9477215
0.99565506
0.99914646
0.0012233328
0.9997756
0.004556929
0.988624
0.0028129353
0.00013485858
0.41323036
0.9986035
0.0016435018
0.99908173
0.41151062
0.99802315
0.41166088
0.004425547
0.9893091
0.9953556
0.00089461985
0.998694
0.99169546
0.0012365339
0.92952275
0.00030304937
0.00034682086
0.41320115
0.3158654
0.89498085
0.36683515
0.5561427
0.5342476
0.9454874
0.40895376
0.59379625
0.0026790039
0.92581964
0.41232902
0.41123882
0.000755761
0.00025134275
0.9996369
0.4117064
0.49088976
0.0010679979
0.9990152
0.5189548
0.00033690478
0.99950147
0.0005038461
0.40681586
0.7193729
0.00067775947
0.0025202192
0.9976179
0.99815184
0.40931588
0.30561608
0.5944874
0.0066888044
0.4093635
0.9996383
0.41585237
0.41318452
0.0047022314
0.005330041
0.4117753
0.41106272
0.41326421
0.98930603
0.977118
0.9671997
0.010549783
0.4072982
0.9917048
0.0034290382
0.00087547605
0.6707199
0.00046463695
0.99764293
0.9995074
0.99896514
0.9992155
0.0011275128
0.0003885507
0.5996369
0.9992372
0.99964035
0.99516857
0.5164152
0.412469
0.8669895
0.0006009392
0.99790466
0.97455525
0.0003892963
0.008677257
0.0020033019
0.0058631785
0.9983047
0.98890173
0.98631513
0.0012487224
0.9968939
0.0040391115
0.56804913
0.0004061191
0.9972675
0.99585295
0.9927147
0.9944957
0.9917746
0.021438247
0.41204187
0.00049733627
0.9972927
0.9805235
0.43371102
0.0004676946
0.9986015
0.9992749
0.6004559
0.0023724977
0.9975369
0.002649582
0.84178925
0.97922945
0.9957638
0.00069452816
0.41413653
0.9943334
0.008730408
0.0010123984
0.004797384
0.9982967
0.005034448
0.8386402
0.97616607
0.97684586
0.0036853186
0.002019082
0.9705057
0.9916598
0.0010516008
0.99760276
0.5106615
0.00032929424
0.036571104
0.2223005
9.274063e-05
0.9985775
0.41417983
0.0026374538
0.9716119
0.9847164
0.008216704
0.0052033444
0.9985222
0.048008457
0.9898009
0.00011739246
0.0010768161
0.012982742
0.0004741116
0.8887598
0.0019445552
0.001440794
0.98600674
0.0015460714
0.0036643997
0.51495695
0.015066932
0.0014870032
0.0010001356
0.4130945
0.41291907
0.99492645
0.9598829
0.99611497
0.0011051107
0.7169719
0.011673964
0.9845932
0.0040354645
0.9991572
0.9765261
0.9899755
0.953037
0.00027124304
0.00041666365
0.4127754
0.9568226
0.41400537
0.9406589
0.0029707374
0.45349166
0.412035
0.9163317
0.51802194
0.41160744
0.5558988
0.91212296
0.9989574
0.5203864
0.96354616
0.006997299
0.0024940607
0.9860428
0.0036288246
0.0014122326
0.0009538038
0.0018885388
0.62496185
0.93403316
0.99008626
0.9497415
0.00061622757
0.9996797
0.0032247994
0.0023490398
0.00012532066
0.9644274
0.00047298401
0.00024611104
0.41140503
0.98114485
0.0052287397
0.41026428
0.00037517774
0.010536208
0.003453128
0.0011053066
0.00022320195
0.9946622
0.0005736273
0.92067
8.0032274e-05
0.40715972
0.0005354066
0.9931213
0.4925475
0.00055257237
0.00071815395
0.99947816
0.9981238
0.003032244
0.00077774463
0.008057199
0.41564655
0.90317994
0.998461
0.0011526071
0.9971107
0.97854245
0.99581355
0.00052689377
0.9954407
0.001341579
0.0021007364
0.43784502
0.97793615
0.00016397909
0.41455302
0.988674
0.00057593564
0.001046141
0.00046676732
0.0015946818
0.99227214
0.9897432
0.00041803383
0.42584145
0.9968503
0.00059873244
0.5137515
0.9772897
0.0011684848
0.024392817
0.993654
0.0014966369
0.0026330324
0.9990558
0.4144217
0.99960834
0.00037935402
0.0010564076
0.004579545
0.0072675585
0.0014561387
0.9988416
0.40676197
0.00016176452
0.41599923
0.99834335
0.57572967
0.9758046
0.51611775
0.0040891455
0.00023108987
0.9964786
0.011386282
0.4101809
0.003970887
0.41221827
0.9944823
0.40833533
0.0018566516
0.9996959
0.4131511
0.034983866
0.4312359
0.94707125
0.90233684
0.0017228362
0.995501
0.0005867419
0.41211674
0.37868065
0.9963419
0.0011868011
0.62794197
0.992416
0.0012987277
0.006534573
0.9975165
0.00033225314
0.9994603
0.00050702726
0.93925726
0.41235515
0.0019669284
0.99215865
0.0010759034
0.0010234031
0.46493405
0.9974611
0.00019272523
0.00030718965
0.9855452
0.55620164
0.99793786
0.9955908
0.52875185
0.95955664
0.5933504
0.0006560545
0.9993912
0.00032714923
0.4138186
0.006884534
0.0023554706
0.9958503
0.00041256833
0.99682343
0.5369848
0.0004517755
0.0004428455
0.0007407505
0.00018350947
0.9990133
0.059799686
0.99584323
0.0002847258
0.4079121
0.6280205
0.99827194
0.99954647
0.9855995
0.006376594
0.76121885
0.0009177056
0.0010544589
0.00026288192
0.001909368
0.0050196657
0.99690896
0.41180763
0.40952337
0.0036584348
0.37026864
0.9956196
0.999158
0.9912212
0.99602073
0.8933788
0.5190841
0.8903062
0.99848914
0.003087949
0.8903619
0.72476614
0.0019754977
0.65235126
0.9995882
0.0030022871
0.99406046
0.00044694377
0.54547495
0.99796605
0.9986664
0.56247675
0.58301026
0.9920219
0.002693242
0.0017112389
0.0054471972
0.00028128727
0.32043526
0.00506509
0.0016598586
0.99806446
0.97435033
0.9335463
0.4095299
0.4115205
0.0036344393
0.41083387
0.4086974
0.41704363
0.0010395176
0.9828416
0.00012462045
0.99606764
0.0009494925
0.7744824
0.99912196
0.9849101
0.6267689
0.0021501458
0.98940057
0.037501484
0.857054
0.0030115
0.0013667698
0.0011864885
0.40966728
0.9484538
0.00092993816
0.0015805637
0.5539014
0.9982255
0.56500185
0.0034019188
0.96415526
0.952345
0.9889186
0.0025278376
0.0050753322
0.99319816
0.0027494426
0.0004998842
0.41842952
0.49101672
0.5121326
0.41552785
0.0016863475
0.9977112
0.48236373
0.00046995722
0.5378038
0.41028813
0.00030147223
0.004619211
0.99988234
0.991529
0.0032492606
0.00028515776
0.00985717
0.754561
0.008393417
0.97476834
0.24681087
0.5622878
0.0006426025
0.0008363425
0.9931982
0.9979012
0.9996618
0.5641997
0.3359149
0.9992557
0.00029004356
0.00049305434
0.008045881
0.9973013