0.4715302
0.5319311
0.42804077
0.46977192
0.4436097
0.38878828
0.39562374
0.5249599
0.45169097
0.4754484
0.43423423
0.39934456
0.39743552
0.45171097
0.51163524
0.37925893
0.39579383
0.47940233
0.40082675
0.45751765
0.49353823
0.4076899
0.44495648
0.40021068
0.3901524
0.4236057
0.46902007
0.4888392
0.45247218
0.4985828
0.3948526
0.43554586
0.48913303
0.44071355
0.4310798
0.45078436
0.469455
0.4921996
0.50196767
0.513033
0.40944597
0.45279428
0.40717077
0.4361444
0.39376345
0.425993
0.46109748
0.4924425
0.3941404
0.5025865
0.49806017
0.4113028
0.51216584
0.50879586
0.46890453
0.40675518
0.46707103
0.4186026
0.39578
0.39807802
0.47360334
0.506162
0.4642902
0.4326289
0.47318476
0.49214897
0.47379342
0.4208129
0.48442602
0.4624406
0.51076376
0.4096197
0.48666885
0.46282548
0.41591662
0.39953142
0.39308932
0.46066204
0.43938276
0.44737726
0.40475792
0.3917633
0.45185974
0.5029586
0.50924176
0.4037669
0.47381434
0.47695494
0.48180684
0.48291865
0.397446
0.39688408
0.5049905
0.5045226
0.4444131
0.43140757
0.5015065
0.49526298
0.5047308
0.49858016
0.4342976
0.43144217
0.39996973
0.39315122
0.44714004
0.41844925
0.3952378
0.49599943
0.4999339
0.49916953
0.39432135
0.43181235
0.4934097
0.41357595
0.44966564
0.40110534
0.40226138
0.4362953
0.5063028
0.4828769
0.5038331
0.51290494
0.4454263
0.4915188
0.4064425
0.50116926
0.40902242
0.4160006
0.39940962
0.49448314
0.5080932
0.48005205
0.40890813
0.48776162
0.40352008
0.39171845
0.48408738
0.4981274
0.44860545
0.40447688
0.5037707
0.4058616
0.49192777
0.3926017
0.48853642
0.4059912
0.38817033
0.46134305
0.43696952
0.39786577
0.5008395
0.4939609
0.4439515
0.39883158
0.4083164
0.45304736
0.5061353
0.39086416
0.3931143
0.47382256
0.49896485
0.49174505
0.48121345
0.5016679
0.51421386
0.3989795
0.46520695
0.46681377
0.41062537
0.3947902
0.39939255
0.42736712
0.42217866
0.47962463
0.41242447
0.42365235
0.43286774
0.5017107
0.41559443
0.39114374
0.46384126
0.39146465
0.39691484
0.5166452
0.4894817
0.5074434
0.44626978
0.4379875
0.40299648
0.4856729
0.39600447
0.5208382
0.5049074
0.5136153
0.40972364
0.41711092
0.4495527
0.5121701
0.39597714
0.39628446
0.44544786
0.5058557
0.51483995
0.48529166
0.5191825
0.5074181
0.41666058
0.5154578
0.40067342
0.4340392
0.4528853
0.44164488
0.49952826
0.41001385
0.4458389
0.4372124
0.39930534
0.4656897
0.39347774
0.39950904
0.40770414
0.51257175
0.39261547
0.40843865
0.40184325
0.49510047
0.50031877
0.40737674
0.4413107
0.3928749
0.4957642
0.45110345
0.4801468
0.43305144
0.4646552
0.43653283
0.5003646
0.4968034
0.41391915
0.39096186
0.4117303
0.40679237
0.5011182
0.49574006
0.48510575
0.38490853
0.44356388
0.41402388
0.44720343
0.47496766
0.47705555
0.39482906
0.48414803
0.46075657
0.39961448
0.4109345
0.4963211
0.49588835
0.5028657
0.5131196
0.5063876
0.40025967
0.5118948
0.48453292
0.47569114
0.41944316
0.3901654
0.385229
0.47642237
0.51403135
0.4427435
0.4561472
0.40303832
0.41967478
0.49708372
0.4359026
0.48474705
0.40050197
0.51263744
0.49913996
0.516112
0.5046882
0.42560956
0.4028344
0.50511825
0.49219
0.44949612
0.50313663
0.39575693
0.43194363
0.48573092
0.49402454
0.45131287
0.3893667
0.49436706
0.39420107
0.48092002
0.4985656
0.4357182
0.48842913
0.45403484
0.38957155
0.4892396
0.5140572
0.50466
0.43360278
0.4647675
0.42340586
0.4978088
0.38486055
0.39967084
0.47604915
0.5013836
0.4926592
0.48575422
0.39381117
0.4021052
0.40833417
0.48819143
0.40947348
0.39746052
0.4062993
0.3862085
0.39745304
0.5101015
0.47158402
0.42499477
0.42531988
0.43900436
0.5022415
0.463823
0.38434684
0.49400872
0.49826577
0.48145086
0.4397448
0.50362796
0.50124514
0.3952072
0.38829777
0.38906735
0.38375264
0.4986862
0.44305775
0.50343865
0.4875719
0.4847748
0.49320376
0.4981005
0.5021678
0.4992677
0.38979715
0.5045833
0.46326542
0.49781352
0.40454072
0.39844117
0.4560791
0.5103019
0.44972023
0.41385087
0.48770392
0.42042074
0.38570133
0.4112761
0.44584
0.5002045
0.41598728
0.39180413
0.4440482
0.43225053
0.3843448
0.50605214
0.418622
0.3917635
0.4111609
0.5045325
0.4903297
0.39037135
0.4165996
0.5163735
0.49485046
0.4899794
0.43255588
0.39604104
0.4862334
0.49275756
0.45287886
0.3800963
0.4954152
0.469243
0.41698506
0.39512545
0.43030486
0.4508796
0.504053
0.5046527
0.39965266
0.40317205
0.41542158
0.40003517
0.49979922
0.5004858
0.45555836
0.4611222
0.43885198
0.48951665
0.48946422
0.5001929
0.44740215
0.50536895
0.43469676
0.4775072
0.51858366
0.39278585
0.38593692
0.49421978
0.39216685
0.51958025
0.40306902
0.39901495
0.44370088
0.39037737
0.41074884
0.4846608
0.5170281
0.50730515
0.46460536
0.41405338
0.4099429
0.40444767
0.48125663
0.42752042
0.47365665
0.40765426
0.39257488
0.51230127
0.45892096
0.49363762
0.44849905
0.39437774
0.4267073
0.40069595
0.48881495
0.51956767
0.4016
0.49870518
0.4963147
0.43773124
0.5093855
0.50500154
0.44295016
0.48673302
0.40108836
0.47293815
0.40540442
0.48949072
0.49039382
0.39815772
0.39316073
0.48938528
0.5193249
0.40464312
0.49641117
0.42690703
0.5066023
0.49616805
0.47094172
0.40001106
0.402761
0.43793824
0.39232987
0.5192962
0.46126503
0.39729446
0.49032205
0.4944329
0.4348086
0.5061284
0.40661445
0.4283838
0.4498911
0.44815066
0.49813315
0.38601747
0.41696936
0.42642948
0.50484705
0.5059588
0.451941
0.45346847
0.46871346
0.511781
0.5164986
0.4248163
0.4523264
0.50716805
0.4282669
0.41257983
0.4615516
0.45048067
0.50585544
0.41233414
0.4017704
0.48098803
0.49713004
0.3935127
0.43661723
0.39143398
0.47673553
0.40838134
0.48970583
0.41334823
0.5026835
0.44534153
0.43596524
0.46161744
0.4313225
0.3966246
0.39213473
0.4749718
0.48912466
0.40945858
0.5124477
0.512392
0.47909835
0.44453827
0.4008174
0.5014668
0.4079576
0.48344275
0.4448975
0.43531555
0.45096096
0.4051521
0.39194584
0.4045397
0.44327232
0.4049935
0.4661259
0.45075086
0.5026875
0.4432872
0.49345753
0.45335594
0.3978831
0.40248328
0.40984455
0.39412087
0.51345015
0.40358338
0.39462346
0.44478238
0.49479595
0.51662904
0.44834343
0.38931772
0.41158473
0.40279454
0.5067189
0.40194464
0.51198494
0.4521011
0.4473684
0.50377
0.39845636
0.50571746
0.49798518
0.39834312
0.48238513
0.49125594
0.3984936
0.4557972
0.3846126
0.51311404
0.49487954
0.4971535
0.4780586
0.49575672
0.4077063
0.40094784
0.40034574
0.3890094
0.3967584
0.49913746
0.46854627
0.3955871
0.48882872
0.4024546
0.51243657
0.42584744
0.408729
0.42446283
0.47747046
0.4670064
0.397143
0.43084812
0.3878587
0.5122871
0.3991605
0.5194588
0.5027269
0.49646652
0.4002971
0.4901089
0.40239045
0.44811562
0.42770514
0.40442142
0.47300267
0.40828884
0.47749612
0.39150938
0.48888433
0.48229438
0.43403515
0.41176176
0.39412084
0.505674
0.47910598
0.48418927
0.45733166
0.41619772
0.5001575
0.46074393
0.49870333
0.38579985
0.48670146
0.48726714
0.45128402
0.40793154
0.44585022
0.5150607
0.5090349
0.4034632
0.5070172
0.50262094
0.41555935
0.403363
0.3935581
0.4993219
0.41860983
0.4726366
0.51555413
0.39320022
0.3910959
0.4065601
0.4246689
0.44800296
0.4875873
0.49941292
0.4929249
0.44351524
0.4849134
0.4421322
0.502667
0.4997574
0.48643407
0.39974084
0.40290177
0.4403706
0.3815662
0.4754609
0.47941166
0.40350503
0.49794757
0.38599738
0.3891712
0.4846571
0.45414722
0.4588961
0.50541925
0.3990235
0.49502626
0.5049276
0.50105447
0.46808973
0.40828687
0.51409155
0.5098492
0.4774397
0.41375917
0.48785987
0.49252036
0.49018645
0.5033941
0.49065742
0.48646012
0.49043143
0.41200188
0.42121357
0.50419897
0.38445896
0.43814814
0.43103844
0.38628876
0.39545485
0.39035127
0.4995435
0.48574352
0.43222344
0.4647311
0.4993243
0.39718676
0.38204366
0.5136211
0.39908117
0.5114492
0.49297148
0.4656915
0.46281382
0.49785212
0.3993925
0.41919103
0.50036746
0.45248
0.40298882
0.51568496
0.39181483
0.488391
0.40842515
0.39881042
0.47789648
0.39801523
0.4050463
0.38655636
0.39900103
0.4488476
0.40685067
0.40841302
0.4822702
0.4947235
0.45070753
0.3846536
0.47755778
0.39943576
0.3948857
0.5047881
0.43930492
0.4017268
0.46398872
0.43538305
0.49757257
0.40499932
0.5069394
0.47818467
0.38770935
0.44080412
0.45096523
0.44863445
0.37802428
0.38978413
0.39420724
0.5073588
0.45584032
0.39749578
0.4949235
0.4082278
0.38936085
0.4463626
0.41251415
0.49520347
0.46596062
0.4974672
0.4052675
0.46121997
0.4268725
0.4862717
0.43363813
0.50510603
0.3935564
0.43293753
0.45421028
0.40180343
0.40015268
0.5162472
0.4973709
0.4771989
0.50558037
0.39747217
0.41594428
0.4998414
0.47321883
0.4730604
0.39318264
0.5082131
0.5140322
0.4754724
0.51926064
0.3948623
0.50974613
0.48945552
0.516034
0.40557832
0.42206722
0.39280403
0.46582973
0.401805
0.48648936
0.39650527
0.5007571
0.4443865
0.49901703
0.5106823
0.39815885
0.40251243
0.39931753
0.4844332
0.4995464
0.4893057
0.52004045
0.46917868
0.48730847
0.491382
0.3972628
0.44425917
0.48695645
0.48550996
0.3971076
0.51063305
0.47437444
0.4936451
0.50272167
0.4010436
0.40278333
0.49453476
0.52014804
0.39963135
0.48507643
0.43343538
0.49787852
0.38460186
0.41680458
0.51079375
0.4817181
0.48421228
0.48421124
0.49365324
0.3842879
0.40559378
0.43533772
0.5058946
0.5213887
0.42784905
0.49475163
0.45520723
0.50910515
0.51357347
0.48879707
0.3900694
0.4136153
0.50495803
0.4057913
0.4330163
0.40173692
0.49389634
0.4026246
0.39384803
0.38464814
0.44135034
0.5022407
0.4314212
0.485384
0.43183103
0.4660493
0.39551306
0.46212783
0.45295328
0.42541164
0.3867754
0.39887896
0.49125585
0.45082515
0.4996676
0.393645
0.5029017
0.435879
0.44331986
0.4235803
0.4719371
0.46605754
0.45167172
0.47933474
0.4119437
0.44478038
0.39367387
0.47488886
0.431376
0.47131687
0.4446328
0.43667132
0.5044612
0.38939756
0.5210389
0.49815172
0.5045284
0.5022112
0.4092069
0.494498
0.51002556
0.48110256
0.40214443
0.5098246
0.48323077
0.50511426
0.47284463
0.40151778
0.4641961
0.505889
0.44828632
0.52282625
0.39510947
0.43493113
0.40124717
0.47888914
0.5083487
0.4673457
0.44571373
0.47317162
0.4888375
0.40800568
0.4914336
0.5150774
0.48836532
0.48695195
0.48954082
0.44317743
0.411562
0.5112868
0.44836855
0.51912093
0.4531364
0.49607885
0.43832153
0.4951009
0.5030255
0.43555406
0.46081448
0.5077657
0.3944064
0.5058623
0.39259878
0.3950246
0.3977557
0.38541964
0.44441035
0.4249822
0.46550074
0.46106416
0.50366986
0.40914464
0.47844464
0.48032406
0.40158507
0.40409485
0.5028707
0.49600816
0.43621317
0.49304128
0.50221497
0.48516917
0.39366347
0.5049687
0.4271242
0.5024612
0.44402364
0.39803892
0.44344512
0.50299203
0.39208382
0.523759
0.44714135
0.51295716
0.44298092
0.41603208
0.48667926
0.5014568
0.42558518
0.49865678
0.4986467
0.39348015
0.48845416
0.42216226
0.39593035
0.4392918
0.46087307
0.4743163
0.4773735
0.46515134
0.46245602
0.48727947
0.45037693
0.45546675
0.3966917
0.49394846
0.4246214
0.4574234
0.39187756
0.39001754
0.49768528
0.44603312
0.4763694
0.3917052
0.49114308
0.47957522
0.39374232
0.4963838
0.39462173
0.4427339
0.49847308
0.42557243
0.4017331
0.49432686
0.513879
0.43840516
0.46952224
0.45729047
0.38584423
0.43754876
0.5122153
0.43031985
0.45030686
0.39890623
0.41069815
0.4481369
0.4337828
0.4456688
0.49296275
0.50503844
0.4963213
0.41366106
0.44284016
0.4926275
0.4044763
0.4008741
0.48798907
0.40824077
0.49936458
0.51980025
0.517133
0.5017531
0.3950454
0.3878532
0.48800427
0.50924677
0.49263728
0.48797333
0.46305326
0.44486994
0.5174221
0.42110556
0.49408722
0.50322425
0.40430295
0.41616112
0.39700863
0.39135703
0.50047845
0.50232214
0.49533582
0.40478012
0.5017385
0.3969872
0.4585347
0.39596578
0.49331108
0.50534576
0.4961362
0.5057762
0.48555493
0.41755176
0.44554296
0.3940575
0.48705897
0.4869135
0.48695198
0.39701387
0.51930636
0.50393075
0.4553461
0.40781516
0.52175695
0.41358817
0.47367576
0.5050432
0.5063708
0.39386317
0.4535074
0.49001855
0.40368798
0.42453867
0.4011927
0.5104019
0.41092992
0.47154918
0.5001002
0.47727084
0.42219052
0.4053057
0.46752477
0.5056876
0.40499672
0.5059506
0.4621356
0.3976209
0.40690506
0.42086926
0.40932962
0.49958727
0.4448723
0.3919576
0.48803675
0.49877816
0.40322936
0.42647666
0.4936033
0.41436836
0.48759547
0.4002397
0.40066978
0.40604827
0.38856095
0.5041159
0.39506203
0.387619
0.51384443
0.4186258
0.39626408
0.49341762
0.4821673
0.40170845
0.41415808
0.4569525
0.44544947
0.49778682
0.4936249
0.46988842
0.3958592
0.5018751
0.3868094
0.50174785
0.42708114
0.52036273
0.5109312
0.5038979
0.4873334
0.3984738
0.40536448
0.43188745
0.49596915
0.4436932
0.4817223
0.49156812
0.4825643
0.4490053
0.47756544
0.4870114
0.4417453
0.48170823
0.5024948
0.5219546
0.45945984
0.4915368
0.42265218
0.39107895
0.49146664
0.41311872
0.39145502
0.41686526
0.41116086
0.49691352
0.499811
0.5253402
0.48949254
0.38086984
0.5083591
0.40963912
0.43418515
0.4403061
0.48888037
0.400162
0.39789528
0.4312391
0.5117134
0.45154083
0.44291884
0.38996822
0.4017585
0.38306105
0.40928552
0.40127066
0.5115895
0.38118893
0.51322377
0.43695605
0.4481726
0.3927178
0.5026812
0.48970696
0.40399683
0.42462528
0.5149545
0.48983473
0.3915145
0.40227035
0.40034673
0.44901913
0.4960454
0.5107874
0.44544682
0.493229
0.4807374
0.51386297
0.38635176
0.5009343
0.4033726
0.42491004
0.48117313
0.47321168
0.40017012
0.4481277
0.504003
0.40320194
0.4010095
0.39121214
0.4146668
0.5174768
0.50774235
0.3900667
0.4416113
0.4897827
0.39461482
0.47697505
0.48823598
0.39514157
0.41421986
0.51548207
0.40959376
0.39443856
0.49466628
0.45265198
0.50896657
0.40028554
0.39336333
0.40183577
0.4079254
0.4269022
0.49756858
0.45065734
0.40075153
0.4481254
0.4922918
0.47558868
0.49239802
0.45398182
0.41800013
0.39899045
0.49760187
0.42346382
0.436676
0.41370016
0.453016
0.51217675
0.4467157
0.44059482
0.5047192
0.4515915
0.39809716
0.46327737
0.49986002
0.51905125
0.40195185
0.49804094
0.39719585
0.44719467
0.47537467
0.49763787
0.40203032
0.4624979
0.49417973
0.39644882
0.40444258
0.5071612
0.38036576
0.5121247
0.3933763
0.490868
0.44971892
0.39218777
0.5044016
0.4174895
0.39609957
0.4680544
0.4959366
0.39810812
0.42867845
0.52101153
0.47682443
0.4804751
0.49926907
0.46015185
0.5024367
0.4755098
0.3898909
0.49286166
0.3970914
0.43649414
0.40277103
0.42438674
0.50963473
0.3976055
0.49351588
0.4654318
0.40574503
0.39641216
0.42167634
0.3945498
0.5029568
0.4192477
0.51852155
0.3899278
0.44732463
0.47142446
0.5037974
0.49373704
0.49900123
0.39791483
0.4880263
0.41376272
0.4193248
0.4056163
0.43252113
0.41980875
0.49265048
0.44319865
0.43817583
0.40477893
0.46114513
0.49927494
0.50619894
0.49703547
0.5053245
0.4999392
0.49858484
0.5023209
0.4954227
0.39435434
0.49615625
0.47257143
0.3973188
0.48706117
0.4900221
0.39274266
0.50400895
0.39911163
0.45560655
0.51397645
0.5049498
0.46097818
0.46346018
0.49419302
0.41367993
0.3788916
0.4031177
0.39014047
0.45334387
0.4350616
0.39634782
0.5031638
0.5055503
0.49240428
0.44461212
0.42980182
0.43096802
0.44609046
0.4319835
0.45372894
0.39472237
0.49313876
0.43609998
0.4755026
0.40391514
0.48499998
0.52835476
0.4980013
0.46595156
0.40587297
0.49492636
0.4068682
0.51180226
0.3956462
0.4014375
0.3952759
0.44973454
0.5091685
0.39565465
0.42274314
0.4584233
0.5139021
0.46389502
0.38919234
0.49739546
0.494802
0.518184
0.39268628
0.39892706
0.48616922
0.43022743
0.3982643
0.4449696
0.46101263
0.46919662
0.43713602
0.39651597
0.49237865
0.48085368
0.3879613
0.46017614
0.44040385
0.4364801
0.40042716
0.50473404
0.4698546
0.39764628
0.39830637
0.39686048
0.5231846
0.42387155
0.48647085
0.4604809
0.47648206
0.4047151
0.40492055
0.49792203
0.5173483
0.4931608
0.46686193
0.47135666
0.520695
0.39436302
0.41104475
0.40108103
0.4649077