0.43905234
0.77735615
0.40988982
0.51664406
0.41141528
0.12551205
0.13276452
0.7920618
0.40451717
0.6253737
0.15362558
0.13427639
0.13498814
0.36145586
0.75698864
0.12809558
0.1385015
0.4129734
0.15788226
0.4272635
0.61144114
0.16260906
0.4227475
0.16551794
0.1328571
0.2015674
0.44153914
0.7096006
0.43513462
0.7389142
0.1411944
0.37456074
0.52777326
0.39036068
0.36932784
0.42465502
0.4582932
0.6940515
0.7556033
0.7501583
0.1505839
0.44692352
0.16186954
0.41695675
0.13576333
0.13381566
0.45138592
0.60972524
0.15230191
0.73848796
0.59340787
0.16843763
0.70688665
0.70413685
0.44759762
0.15223448
0.46527043
0.15309608
0.16574441
0.14053477
0.5787873
0.7520568
0.46865052
0.3964503
0.6831093
0.68615556
0.5323997
0.17880781
0.6451808
0.48454726
0.7421897
0.1176591
0.70881593
0.4467532
0.13706763
0.14870718
0.15061097
0.461441
0.39292693
0.42060193
0.1855979
0.12368611
0.4245423
0.73914135
0.7262166
0.13778666
0.54329103
0.6200064
0.63819665
0.6716775
0.12881237
0.12262082
0.7526701
0.7438303
0.17848764
0.19319801
0.71800804
0.66617113
0.7829099
0.75284255
0.3950674
0.3806233
0.12833877
0.122694425
0.41851586
0.16680358
0.13913116
0.70687795
0.7179292
0.72000074
0.13847132
0.3995052
0.6469153
0.13449809
0.34851652
0.18835296
0.12774128
0.1458671
0.7339551
0.5828603
0.34698334
0.73182344
0.20321505
0.77708
0.16667427
0.73268616
0.17189243
0.16785485
0.1272187
0.66314465
0.6953619
0.69538546
0.1617095
0.67186636
0.16837561
0.12854406
0.4918728
0.7534512
0.4000115
0.11952981
0.6877539
0.12472345
0.68303376
0.12657867
0.6108486
0.16904257
0.14232162
0.30519706
0.2593295
0.18600567
0.7366277
0.6910027
0.41525558
0.18204527
0.16160555
0.4215101
0.79924023
0.142381
0.13902886
0.560251
0.7549223
0.742305
0.4762743
0.636985
0.7119519
0.13496804
0.6042953
0.4427657
0.1177901
0.1386442
0.13597363
0.39723814
0.16918698
0.54599446
0.1483347
0.16644359
0.17657782
0.71563023
0.16143435
0.1362073
0.5178719
0.15027757
0.15124194
0.77647233
0.6981755
0.7311655
0.41889998
0.42456526
0.1587388
0.7498505
0.12207674
0.73766434
0.7757223
0.7178567
0.19312105
0.17595503
0.4073775
0.7055933
0.37024954
0.15193394
0.21640584
0.6493887
0.7302041
0.723352
0.7430265
0.75324166
0.1966573
0.7696716
0.15673439
0.16151276
0.4298611
0.42139673
0.7568549
0.22407344
0.3987085
0.40604642
0.12810023
0.5064424
0.11436725
0.15186939
0.16211301
0.7600188
0.16994841
0.1697848
0.13348173
0.73732436
0.7020202
0.16367249
0.41500536
0.143164
0.7094191
0.39857116
0.5416173
0.3857083
0.4530555
0.35264885
0.7292907
0.76368463
0.11268136
0.12637538
0.16574661
0.15335792
0.740982
0.6757325
0.59687704
0.14470097
0.43195832
0.2902755
0.4241067
0.46380934
0.7908819
0.11545188
0.60886765
0.11496481
0.12342631
0.14273258
0.724653
0.68343633
0.65100855
0.7567399
0.7355518
0.13013296
0.7584619
0.72003376
0.53178513
0.18001819
0.13239345
0.12343963
0.51095974
0.75762737
0.41144422
0.3863951
0.15982229
0.18895242
0.7140918
0.41771775
0.5186573
0.11715184
0.69752556
0.7243461
0.7877148
0.7889735
0.14556205
0.1297455
0.73339176
0.6325243
0.4197066
0.749299
0.13500583
0.39553052
0.5412326
0.73170024
0.47703928
0.13466476
0.6995751
0.1475885
0.52783424
0.72041786
0.24727729
0.7408374
0.4049744
0.13103263
0.6558912
0.7398073
0.732169
0.15227853
0.47710776
0.20335901
0.7830925
0.1496428
0.14143063
0.5578154
0.74549645
0.73665744
0.7611272
0.12157795
0.16047658
0.17221487
0.71977085
0.13422465
0.12133676
0.122887306
0.13937888
0.118332356
0.7276813
0.45336896
0.18430415
0.11749967
0.4028899
0.6953435
0.573981
0.13229236
0.68080163
0.7400282
0.50186425
0.41062978
0.7582189
0.7355094
0.1432606
0.12992233
0.12203878
0.14650083
0.7379396
0.31553963
0.73892224
0.6877721
0.58694404
0.74646777
0.7623341
0.75468993
0.63942707
0.14572653
0.761069
0.33438924
0.71560013
0.20096216
0.14829747
0.47231546
0.77150714
0.5274034
0.13912597
0.72088736
0.26401708
0.13227563
0.18966109
0.43145958
0.700788
0.14792986
0.1550873
0.4050959
0.40624037
0.1444834
0.76501435
0.12042537
0.146511
0.15718952
0.7368554
0.6065952
0.14333068
0.2093409
0.7614258
0.50042105
0.69818556
0.20631675
0.2558324
0.71047384
0.7118482
0.29590032
0.14762007
0.702923
0.5880297
0.12269147
0.13072853
0.2519917
0.4207723
0.770825
0.7073204
0.116215095
0.14063779
0.18782276
0.16308069
0.54679555
0.7489654
0.30741787
0.43697163
0.35870722
0.7480345
0.73411316
0.7497391
0.43503377
0.7335249
0.42949867
0.7066281
0.75452715
0.15227616
0.13136022
0.71799535
0.15150122
0.76209044
0.1477961
0.14452714
0.42611682
0.13994758
0.14291152
0.7248346
0.7991359
0.7536229
0.32037988
0.13196348
0.18252775
0.14957337
0.7152166
0.3861617
0.4668369
0.18756737
0.12608239
0.7345644
0.4522658
0.7111454
0.4187962
0.15414228
0.17660987
0.13927183
0.7358877
0.77002376
0.17741628
0.69034076
0.73591924
0.39805433
0.7781023
0.70058835
0.40601242
0.57707524
0.13176681
0.52213
0.14924313
0.7626401
0.56405056
0.14260186
0.13769275
0.70432705
0.80254155
0.15232413
0.6270237
0.12266955
0.73996097
0.6788375
0.4926558
0.13521901
0.1278082
0.40739584
0.1382809
0.7451286
0.5332365
0.13314661
0.68252593
0.68861175
0.18089709
0.73398143
0.13575673
0.15491956
0.42351797
0.4203159
0.7632636
0.15183693
0.09715944
0.1284287
0.76827747
0.7015186
0.4047345
0.42961594
0.58191884
0.7712714
0.6945809
0.35452712
0.44331226
0.7364715
0.19685735
0.11150933
0.46229506
0.42285177
0.75749904
0.13229859
0.13072942
0.6937072
0.7230211
0.14659873
0.30739868
0.13247487
0.51597965
0.16878156
0.64826816
0.1365625
0.7631499
0.4126501
0.4194603
0.47427884
0.22220258
0.15903157
0.13703689
0.53777283
0.6086099
0.2087711
0.69734377
0.79731053
0.6656481
0.4301838
0.15019183
0.71756
0.19674943
0.6494719
0.39190072
0.17219664
0.33086485
0.1342298
0.15094371
0.24585408
0.41723272
0.14941905
0.4498218
0.42087036
0.70303446
0.41732278
0.7417101
0.41032818
0.18053819
0.15498456
0.15709992
0.1361866
0.7040402
0.16388817
0.15172201
0.41917726
0.69440806
0.7600225
0.4039436
0.13392161
0.12189055
0.14842744
0.7228043
0.15268287
0.7539447
0.4216807
0.41487023
0.719538
0.13775936
0.6491857
0.72509855
0.12870993
0.6791211
0.6933897
0.14589667
0.44909665
0.13263588
0.73826385
0.7041175
0.76144874
0.7336373
0.70485705
0.16308986
0.12753089
0.1564005
0.14559433
0.21805121
0.69198704
0.48662156
0.12110947
0.57829857
0.17010483
0.7371991
0.13969964
0.12641378
0.12780733
0.5231471
0.46911383
0.15979098
0.13588935
0.13218081
0.72427136
0.14365748
0.789282
0.7463698
0.6758979
0.10057263
0.53906226
0.13723865
0.42872116
0.37610152
0.14251776
0.4685033
0.18426192
0.58432484
0.14661978
0.70829004
0.51627845
0.118347056
0.17435339
0.1425597
0.7174797
0.69063985
0.68981826
0.30012366
0.19787338
0.6872613
0.435871
0.7176128
0.12754467
0.7097354
0.60083646
0.4059768
0.1117969
0.41597688
0.49361786
0.7373912
0.1785697
0.765132
0.71665835
0.21166395
0.16461581
0.12993313
0.6875074
0.15007009
0.542353
0.7637914
0.11987691
0.14846684
0.107229486
0.15890007
0.5087403
0.68054295
0.73013085
0.69772846
0.42178035
0.5266849
0.13270465
0.775204
0.63999104
0.7722311
0.13375264
0.123390846
0.4292602
0.1479272
0.721806
0.54927033
0.1278168
0.69449115
0.15821236
0.1491679
0.7632746
0.31744337
0.45892614
0.7265148
0.1510602
0.62620395
0.47504044
0.7067591
0.50420564
0.14608213
0.7504363
0.6416568
0.57459027
0.18527225
0.61978257
0.7683157
0.70210296
0.7038147
0.6944657
0.770201
0.7352801
0.12315469
0.15990919
0.68475616
0.13032079
0.14652015
0.21355113
0.13097203
0.13141288
0.14168279
0.72894835
0.5186268
0.41132894
0.4716418
0.7582663
0.13550757
0.13939925
0.7396095
0.123522475
0.76391834
0.72668993
0.4778892
0.43342468
0.7111794
0.12773861
0.12618592
0.7543693
0.42403063
0.116094604
0.61843014
0.12797338
0.4949724
0.13981442
0.118429184
0.607249
0.15704018
0.11986367
0.13086939
0.14879768
0.40773916
0.11417531
0.11245299
0.6246658
0.7150268
0.43206447
0.14732519
0.7063878
0.11147308
0.14262894
0.7749758
0.55896777
0.17438108
0.4402429
0.3978678
0.6732361
0.11958764
0.5546056
0.45825806
0.14757423
0.42164543
0.1525956
0.40745306
0.14774962
0.12225379
0.13962719
0.6112833
0.44234496
0.13398142
0.70126665
0.1619526
0.13194402
0.4308397
0.13129534
0.7211552
0.47965035
0.65152144
0.13146412
0.14330654
0.16875014
0.7141092
0.15160847
0.7373518
0.1617223
0.18618196
0.48480332
0.12254596
0.1384218
0.7134511
0.7661108
0.3231789
0.7439079
0.15730377
0.16872936
0.6854832
0.61960465
0.61321276
0.13978261
0.7602699
0.6502761
0.4521751
0.7708688
0.14969324
0.7832227
0.6874564
0.77986884
0.13766696
0.18242697
0.1618532
0.31757432
0.13083826
0.7833795
0.12638958
0.73916894
0.43043458
0.63791007
0.7813969
0.13297863
0.12741348
0.13097288
0.62264526
0.7459068
0.6881292
0.8011087
0.6348123
0.41225728
0.66178495
0.14660287
0.39369667
0.56324273
0.63275653
0.14333986
0.718125
0.63055164
0.74355763
0.7297607
0.14271528
0.17301978
0.6916285
0.7608245
0.14652997
0.52934885
0.39409727
0.7264424
0.1442843
0.13414748
0.72860277
0.65361136
0.45195064
0.7137428
0.67108154
0.14680806
0.12365472
0.25456026
0.7520587
0.7795303
0.3001207
0.7722172
0.49219337
0.7325442
0.80363816
0.6948564
0.10826163
0.13952242
0.7411617
0.1798447
0.15718855
0.13561466
0.5742519
0.15639755
0.14588743
0.14369518
0.40013206
0.77130103
0.40270856
0.55505186
0.14067522
0.4801955
0.1573783
0.32016486
0.048863385
0.26838756
0.12467631
0.1252059
0.49134284
0.40563664
0.63289326
0.14434598
0.75478876
0.42026895
0.27272967
0.1853527
0.51322347
0.47206596
0.4352463
0.57341295
0.15590245
0.42100972
0.15360866
0.5048516
0.4042703
0.48558763
0.3992473
0.34063923
0.76323
0.121106595
0.72910357
0.7261256
0.61985946
0.66440123
0.14376642
0.6623574
0.7491156
0.5802887
0.1560042
0.7108325
0.5420058
0.67638296
0.39859
0.14272748
0.4623509
0.70703334
0.39056376
0.7445011
0.11910635
0.15332419
0.14261903
0.45187065
0.744849
0.45919177
0.42253137
0.5181834
0.7435064
0.20012558
0.7511954
0.7646893
0.56224555
0.67944354
0.6455094
0.3912469
0.14580981
0.7470758
0.40030625
0.7358614
0.41750893
0.73971444
0.46453667
0.47359765
0.784483
0.18402337
0.5047443
0.67852783
0.14244257
0.7421344
0.13149579
0.12954049
0.19472261
0.13192068
0.38722527
0.18253517
0.4643156
0.46529412
0.75082546
0.13350637
0.6326473
0.6501423
0.14070447
0.13126539
0.7256429
0.6795893
0.42580807
0.7102388
0.7073472
0.7082725
0.14513342
0.7693699
0.131126
0.7360848
0.15521999
0.101447485
0.41963258
0.7297415
0.14681819
0.78451097
0.42161164
0.70138395
0.42184928
0.124338835
0.67309964
0.7732537
0.15581147
0.785495
0.73174715
0.13532317
0.683739
0.16113558
0.15244293
0.39431232
0.3379791
0.5667995
0.52666456
0.47270745
0.43463525
0.6634359
0.40558887
0.5505151
0.12563005
0.67266345
0.40695173
0.39151865
0.13708752
0.126933
0.6994862
0.40584785
0.42794183
0.12584886
0.7353272
0.43377396
0.10968032
0.741577
0.15120864
0.39143065
0.6354308
0.161579
0.12983541
0.7029976
0.77556044
0.40088075
0.46149227
0.47134462
0.14293897
0.39781296
0.7527798
0.3910646
0.41001153
0.18054546
0.19274808
0.4249017
0.3942059
0.43126336
0.64803076
0.6998603
0.65268713
0.14851771
0.4016001
0.73507136
0.15942337
0.18230332
0.49359664
0.14071587
0.697968
0.7869561
0.77233595
0.7608036
0.14063694
0.12605226
0.59447074
0.776616
0.74563855
0.71412355
0.4951912
0.41739222
0.47574186
0.17749193
0.7519134
0.7257425
0.15208884
0.123815894
0.118726976
0.1522605
0.6761458
0.58183587
0.6519921
0.17054006
0.72712696
0.17094336
0.4910367
0.12676114
0.7290791
0.7233418
0.7352143
0.7761381
0.7246155
0.16411991
0.41785258
0.15130635
0.6400421
0.7128767
0.45510104
0.12664843
0.7742868
0.7686902
0.5557859
0.14701185
0.72191346
0.13366184
0.7132959
0.6958477
0.7649529
0.13437013
0.42737678
0.7437209
0.2029069
0.18444379
0.14099108
0.73792595
0.12497107
0.50123394
0.712046
0.5603468
0.16764984
0.1722913
0.6701355
0.7109274
0.1386184
0.73574895
0.43836623
0.11584477
0.13160342
0.23831457
0.13121355
0.716774
0.4281613
0.13363633
0.6864649
0.68005687
0.15526243
0.137581
0.7384471
0.12911235
0.66005236
0.11005348
0.130602
0.13500702
0.13062608
0.6807272
0.15931761
0.12459616
0.68849534
0.152846
0.18335527
0.4973983
0.41899112
0.123716995
0.14147708
0.3784182
0.40612447
0.694905
0.6995409
0.714473
0.13146648
0.6370224
0.15979297
0.7362799
0.17356324
0.76893026
0.72044003
0.7488416
0.72066975
0.14006913
0.1386968
0.3908443
0.6061427
0.42302242
0.6513853
0.33449018
0.5845864
0.40593392
0.61181366
0.42864016
0.3921014
0.6344905
0.63313687
0.7429886
0.45675793
0.7391327
0.1699227
0.12082526
0.71428037
0.15164675
0.13682646
0.1601354
0.1258191
0.58077556
0.63904077
0.736362
0.74028414
0.12672035
0.75175375
0.20536049
0.13573241
0.14458564
0.72218305
0.1427573
0.12424656
0.3944565
0.7572739
0.18852286
0.41328603
0.1580914
0.15334083
0.14663662
0.15615773
0.11237398
0.7136975
0.12708485
0.7375192
0.1176178
0.4100748
0.15756787
0.72647846
0.5121845
0.12924032
0.17213148
0.7468857
0.71165895
0.14883831
0.13141668
0.14182691
0.4091778
0.6242338
0.74955636
0.18495774
0.7212797
0.5925314
0.72532344
0.13291813
0.7326454
0.12652409
0.15199114
0.4449056
0.7438254
0.12466443
0.42822906
0.7449747
0.12731385
0.1486653
0.14678232
0.10535171
0.7162774
0.7583198
0.15553133
0.36051247
0.7780865
0.13315667
0.41912118
0.72222143
0.1437231
0.20264302
0.7541492
0.1400689
0.1529505
0.7504763
0.40243015
0.7386777
0.12437345
0.12255197
0.17540927
0.14458981
0.14254439
0.7046727
0.41974223
0.12617902
0.42546836
0.7274011
0.6224841
0.7050984
0.45721102
0.1695117
0.13265043
0.69179636
0.12370596
0.40325004
0.17589693
0.43169782
0.7336109
0.40081766
0.107275546
0.74539936
0.40232074
0.1352198
0.46512616
0.67776597
0.63910085
0.1348422
0.7255386
0.1320778
0.4182335
0.5522098
0.73904043
0.13015394
0.5003387
0.70423293
0.12807003
0.16382398
0.7417146
0.13116081
0.7507444
0.15638004
0.6632696
0.39027107
0.14856073
0.7352321
0.15127122
0.1481874
0.44071898
0.7292521
0.11496957
0.14397977
0.780994
0.46707568
0.7172578
0.7001765
0.50689435
0.6886454
0.4893036
0.15743479
0.7782661
0.13136111
0.39661932
0.19029222
0.14706235
0.6653715
0.12974878
0.7205218
0.4778469
0.13235193
0.13112894
0.14952247
0.12094218
0.74042463
0.13247137
0.7123198
0.12088216
0.39918292
0.47284272
0.6787751
0.7499346
0.7118167
0.15225798
0.62929416
0.11351874
0.13842393
0.16858298
0.12870108
0.14751741
0.58438134
0.41853404
0.421085
0.14774466
0.45157185
0.7221284
0.73122245
0.74127454
0.7477464
0.66129297
0.6068396
0.5017364
0.71482885
0.13303842
0.5292397
0.5695456
0.12233182
0.5403779
0.73159355
0.13964759
0.7107355
0.14628671
0.5010526
0.7402599
0.75718725
0.4960075
0.54343736
0.7186111
0.152937
0.14649898
0.15930271
0.13924013
0.2848282
0.13728319
0.120263055
0.74066484
0.6674176
0.6698578
0.3943663
0.3892725
0.16510463
0.39694744
0.40022692
0.4117881
0.12217087
0.66901106
0.13343851
0.7121565
0.14688033
0.51838404
0.75709593
0.72137237
0.6368315
0.14077243
0.6677906
0.14411147
0.64918834
0.12706134
0.158784
0.13327208
0.41008875
0.74117804
0.12118805
0.13815062
0.5053217
0.7432995
0.50528854
0.1401196
0.7062818
0.63428247
0.51432246
0.13711429
0.17271316
0.6771002
0.21305607
0.16901453
0.3860268
0.451563
0.44673425
0.4309361
0.12780142
0.7067387
0.42181835
0.1540802
0.48024344
0.406357
0.116777
0.14019907
0.76518327
0.72345674
0.16113883
0.12277208
0.15563692
0.690253
0.17800997
0.669912
0.32769558
0.5027985
0.14533661
0.12334959
0.7334336
0.7491473
0.74871254
0.57034415
0.4707839
0.77169085
0.14272146
0.1148639
0.17965825
0.5885111