0.41840857
0.5813927
0.37727183
0.4736784
0.39200172
0.26353198
0.271576
0.5776401
0.37388232
0.50519097
0.33024633
0.2634902
0.25490513
0.40911686
0.57685125
0.25870508
0.26737356
0.47231472
0.27895144
0.41556853
0.54852045
0.26536673
0.38820982
0.2629479
0.2556981
0.29007173
0.4194075
0.51613355
0.3982464
0.5399063
0.25611475
0.38492104
0.5054687
0.39414808
0.37144518
0.37025794
0.42518163
0.5630369
0.55351484
0.5778672
0.25885743
0.4285283
0.27440664
0.3807842
0.25830072
0.25927174
0.42689043
0.5983245
0.2518324
0.58092666
0.5534994
0.26838762
0.550363
0.5298557
0.42706695
0.2725179
0.44826305
0.29672268
0.25939304
0.2817031
0.46471503
0.55021447
0.43828022
0.37603
0.53798825
0.53893083
0.43371946
0.24906379
0.52217877
0.4398013
0.56040174
0.27356175
0.5432792
0.5017396
0.30690008
0.2593064
0.25203487
0.44019824
0.3869703
0.3855231
0.24372755
0.2674211
0.39346924
0.56187767
0.5721121
0.27129364
0.44055572
0.54641813
0.51052886
0.5448882
0.25718713
0.25865257
0.5657733
0.5854986
0.3287677
0.27781045
0.560769
0.55131525
0.624959
0.56672305
0.3703341
0.38427532
0.26411518
0.2545366
0.39038402
0.27021396
0.261007
0.57899445
0.57177263
0.5958805
0.28348348
0.378264
0.62790304
0.29005936
0.38167483
0.24790977
0.2756552
0.30402866
0.5613107
0.49929255
0.5572331
0.58463633
0.26568767
0.5700542
0.28016436
0.58995986
0.2805201
0.2462841
0.25895306
0.50376654
0.53970397
0.54864526
0.24396552
0.5333058
0.2735345
0.26221138
0.5404039
0.54783726
0.3912704
0.28658545
0.5984211
0.2573502
0.52074575
0.25547507
0.55825245
0.24044022
0.25717142
0.38881654
0.2600548
0.27398756
0.5602095
0.59114885
0.37794012
0.24588105
0.2763778
0.37392926
0.5984032
0.2533956
0.25381932
0.52581066
0.546932
0.61914647
0.4954539
0.5596048
0.5431833
0.2609126
0.44771412
0.4223249
0.27926034
0.25891256
0.25984868
0.3721332
0.27976415
0.5139113
0.28312355
0.26373973
0.28569543
0.56538826
0.26537478
0.26029956
0.5084736
0.2542556
0.2622632
0.5285844
0.53092384
0.53082764
0.3883528
0.38316065
0.24060264
0.5742005
0.25735006
0.5430612
0.5634913
0.5391724
0.27713984
0.27014053
0.38805276
0.5417994
0.32237113
0.24980792
0.3007789
0.5530804
0.58759177
0.53957915
0.5577605
0.556215
0.2782259
0.56700313
0.2827977
0.28153455
0.37585416
0.40300968
0.5720107
0.26072463
0.39438382
0.3843062
0.27415365
0.51274115
0.25655478
0.26586792
0.31375656
0.5754175
0.25053066
0.27605677
0.26647198
0.5589546
0.57527244
0.28208423
0.3803261
0.2555751
0.5474946
0.3752552
0.51427937
0.38397542
0.43122047
0.39668474
0.59167725
0.59792614
0.286686
0.26521716
0.2355907
0.26935202
0.568947
0.54267985
0.52799493
0.24910131
0.38406947
0.35435778
0.3798846
0.50001276
0.60493976
0.27027628
0.55061924
0.33855423
0.25663644
0.27021712
0.51401347
0.52796453
0.57589984
0.56317854
0.54285014
0.275774
0.58182096
0.5406266
0.50136256
0.28425032
0.2691767
0.2528271
0.53468597
0.55690837
0.42038736
0.504822
0.24117288
0.28144565
0.530042
0.41410694
0.5033774
0.25911725
0.5750399
0.5469202
0.5342767
0.587217
0.31116882
0.25812322
0.5526168
0.6270528
0.38990405
0.5370501
0.25480363
0.3944887
0.5537092
0.5349227
0.41371876
0.25335371
0.6027927
0.27363974
0.5425723
0.5768438
0.26220536
0.54125047
0.37184346
0.25549284
0.5023575
0.5566534
0.5451054
0.29749516
0.4453124
0.26014227
0.54245925
0.2596894
0.2625149
0.5128162
0.6123495
0.53464425
0.5545499
0.27136454
0.2706877
0.24226245
0.55159014
0.25372118
0.26135007
0.28650904
0.2550233
0.2588802
0.61379737
0.4060128
0.29421046
0.28128698
0.37866953
0.5487754
0.5498951
0.27064338
0.515094
0.59263134
0.5292841
0.37176934
0.5488839
0.5580106
0.2746397
0.26858318
0.26930985
0.25169334
0.5651651
0.40825254
0.55402833
0.5279092
0.52228516
0.5295051
0.57264143
0.56756884
0.53847945
0.26035812
0.5786885
0.38986582
0.5703239
0.24564552
0.2523592
0.42171746
0.58616364
0.454794
0.29944322
0.5227854
0.26457906
0.25358418
0.27910787
0.38461766
0.5253923
0.27472967
0.25274843
0.3869961
0.37890533
0.25017747
0.5844725
0.27120927
0.2502757
0.282867
0.5205854
0.5346104
0.24806383
0.23706143
0.56037205
0.56417364
0.53407055
0.31314415
0.32974395
0.5415927
0.57897013
0.41130483
0.26955158
0.531814
0.45905542
0.28796098
0.26492938
0.32501456
0.38917443
0.55413556
0.5648415
0.26147565
0.26480064
0.281825
0.26359162
0.5089489
0.5578193
0.4094283
0.42576572
0.43678972
0.5399862
0.56296414
0.55910814
0.3809788
0.5789288
0.37715462
0.54410154
0.6124104
0.25251883
0.2618852
0.54677814
0.25013933
0.5998341
0.2797477
0.26721838
0.38039935
0.2521421
0.27099037
0.58476937
0.56923825
0.56300783
0.40300536
0.27128753
0.2990018
0.2577405
0.5476926
0.39275593
0.50233716
0.26692182
0.26040405
0.5964942
0.45193705
0.5386685
0.38471743
0.25011995
0.24650626
0.26480967
0.553595
0.58602345
0.2646996
0.5809158
0.54516286
0.39026913
0.57391346
0.57811683
0.40367278
0.5112364
0.26554614
0.50506955
0.26315272
0.56643665
0.5560509
0.25856322
0.26461267
0.5650254
0.58712995
0.2522665
0.57530814
0.26573485
0.5547357
0.5770835
0.50135154
0.2516863
0.26514217
0.376456
0.27882242
0.5585446
0.47189784
0.25277978
0.52946335
0.55169797
0.26720518
0.5883411
0.27632838
0.2537227
0.3717481
0.38003656
0.55015224
0.25301757
0.26234487
0.28151816
0.5565065
0.55374986
0.38044974
0.41641805
0.50410056
0.55641085
0.5756007
0.4070368
0.39505675
0.5567359
0.2446396
0.28173068
0.41858774
0.39457634
0.5671073
0.27171636
0.2581195
0.55272233
0.5511673
0.26885226
0.38587725
0.25301084
0.50341433
0.23033413
0.54499507
0.26848587
0.5670292
0.38728338
0.3961331
0.4238684
0.32731897
0.25008917
0.2605623
0.49705982
0.542749
0.270909
0.5935134
0.56868577
0.52074885
0.4032683
0.25068673
0.56749696
0.24600041
0.6009567
0.38090813
0.32604864
0.43441692
0.25471765
0.25457114
0.27660313
0.413068
0.26650253
0.42070594
0.3771069
0.51123184
0.38880736
0.52488357
0.3805012
0.27577257
0.24936967
0.2521447
0.26102695
0.5935239
0.27567476
0.2604293
0.37730175
0.5178447
0.60311973
0.38766277
0.25514856
0.3410712
0.2696961
0.56537807
0.24842569
0.57550746
0.40198398
0.3847173
0.51380974
0.27225745
0.5528789
0.54427516
0.25206742
0.582381
0.5176101
0.26683852
0.41680798
0.25713858
0.5531428
0.5510109
0.55608875
0.5209333
0.54162496
0.28144565
0.25651744
0.282869
0.25764567
0.29594097
0.5872138
0.52209246
0.26647756
0.545874
0.23975064
0.62026805
0.29525343
0.25404897
0.30682197
0.51634717
0.48839977
0.27047402
0.2631783
0.25721893
0.57575434
0.26165926
0.58893293
0.6257601
0.5633995
0.26093045
0.52175146
0.25609678
0.37640667
0.37677982
0.26537535
0.4584999
0.23568644
0.5214331
0.24919291
0.56188816
0.56767845
0.25644186
0.26299194
0.24852473
0.57699734
0.5635178
0.52136207
0.40008906
0.26243448
0.5417765
0.41620672
0.55441594
0.26845443
0.5304717
0.52339256
0.3841725
0.26187605
0.3872753
0.62805504
0.5793608
0.31412935
0.5740827
0.55243075
0.2847429
0.28857824
0.2574569
0.57505435
0.31216422
0.5614114
0.5824633
0.25894746
0.25083548
0.28659916
0.29734054
0.41263372
0.5064775
0.57441205
0.5524396
0.39636996
0.47993928
0.26586908
0.5450187
0.5761193
0.6132955
0.27895516
0.27272573
0.40354547
0.25330245
0.57145077
0.49643585
0.2629564
0.57997465
0.25465906
0.255397
0.52580863
0.39149854
0.42500436
0.5401785
0.27434623
0.54553735
0.5558692
0.5450825
0.51001096
0.26950985
0.5624117
0.59752643
0.49166146
0.25177136
0.5255035
0.6137217
0.5522875
0.58313715
0.5729042
0.52922297
0.55121577
0.33591083
0.27657434
0.5109647
0.26794574
0.34536222
0.292865
0.2628991
0.26721138
0.26009327
0.5711295
0.51925075
0.3777785
0.43280253
0.55049026
0.2931826
0.25852647
0.5846466
0.26525146
0.5678077
0.5600268
0.44374943
0.42766535
0.56022495
0.25556782
0.30782387
0.5541757
0.39601234
0.2633465
0.5836994
0.2563767
0.5261982
0.27345145
0.26189232
0.50418794
0.25903472
0.2530631
0.260598
0.26676628
0.39096385
0.25984174
0.28889865
0.5807502
0.5468853
0.3779706
0.26120922
0.5194779
0.26540625
0.25622663
0.594154
0.44768974
0.2617856
0.4351837
0.3742202
0.53947973
0.27081347
0.65262705
0.51070184
0.25943324
0.37914097
0.31804132
0.3939607
0.25255254
0.26536962
0.26190478
0.55101275
0.4102285
0.25214884
0.5580709
0.2701172
0.2698167
0.36625552
0.27792242
0.5388861
0.43881088
0.5191346
0.253368
0.34444377
0.25187013
0.5347398
0.26262262
0.5517922
0.26592126
0.29318988
0.49659312
0.26388282
0.25044566
0.57417053
0.5897408
0.41290465
0.58102936
0.26457304
0.2411344
0.52005845
0.48556712
0.5624298
0.2530583
0.5543557
0.6251441
0.43536657
0.58537227
0.27529353
0.6104507
0.535403
0.5738839
0.2795402
0.2800256
0.24964398
0.38271317
0.25240812
0.5696813
0.25667584
0.5980938
0.37026727
0.5516176
0.5836884
0.26429284
0.26212206
0.26100045
0.5546179
0.5717193
0.5716755
0.594306
0.4528657
0.4533962
0.5600572
0.25839078
0.371232
0.5505368
0.50828576
0.278449
0.58526087
0.5227256
0.5942106
0.58447814
0.25931534
0.26918215
0.5608225
0.5649019
0.26724666
0.51824284
0.38306153
0.5566206
0.25652936
0.28658372
0.55802256
0.52228695
0.4899248
0.58556044
0.54367125
0.26158237
0.2615322
0.46053267
0.55369204
0.6011853
0.39900452
0.61510324
0.43146482
0.5926219
0.58350754
0.54729736
0.2677829
0.3399269
0.60566634
0.24149181
0.28451353
0.2771125
0.57965267
0.25128093
0.25804368
0.2550243
0.4041251
0.58085525
0.38550255
0.5228634
0.2834012
0.47616136
0.28744867
0.38396275
0.22949544
0.30360374
0.26394287
0.25913215
0.5165194
0.38951576
0.5164009
0.2499416
0.59827983
0.3766986
0.27151176
0.27261087
0.50115186
0.45162863
0.38565844
0.5278703
0.26022995
0.38921598
0.25885564
0.47862196
0.37742826
0.5276082
0.37530074
0.4118859
0.6253794
0.25854513
0.5654821
0.55055046
0.5424916
0.5258825
0.27346116
0.5671964
0.5690324
0.52452374
0.26635906
0.54859143
0.5019948
0.5624179
0.49794722
0.26820514
0.43772668
0.55842596
0.3960733
0.55387694
0.2598204
0.26114768
0.27868333
0.5269434
0.5754261
0.4335632
0.40097645
0.4639345
0.5136835
0.23813991
0.55444086
0.5624448
0.5326024
0.55242145
0.57432616
0.38772655
0.2642455
0.57299876
0.38869375
0.5755914
0.3781627
0.6096334
0.39756522
0.5571269
0.577533
0.3341401
0.45938194
0.5880934
0.25521594
0.5651671
0.259531
0.252303
0.24500123
0.26638985
0.39282414
0.25411615
0.437754
0.44119945
0.55819565
0.26698235
0.52745575
0.52360034
0.26694375
0.25470215
0.58451617
0.549004
0.36074
0.56647366
0.59561294
0.537442
0.24915227
0.5513853
0.2667873
0.56489694
0.24942693
0.26225016
0.37822813
0.53397197
0.25147495
0.5902346
0.38972312
0.56320465
0.39092705
0.2653432
0.53284985
0.60900384
0.26886734
0.580694
0.5801997
0.25590593
0.573263
0.25264862
0.25668103
0.3992571
0.416708
0.5236858
0.52658904
0.4423055
0.43937302
0.5580127
0.38730156
0.4608674
0.26028004
0.5683727
0.38122007
0.3827772
0.2628634
0.25918317
0.55209404
0.3859268
0.40989086
0.262218
0.56092507
0.5166987
0.26277864
0.55334
0.25212565
0.38734427
0.5230788
0.27324566
0.26278874
0.53957736
0.55023044
0.38475826
0.5065404
0.48602006
0.25537542
0.3828303
0.5651233
0.39710116
0.40099505
0.27586925
0.24819268
0.3908976
0.3775077
0.37534815
0.5327104
0.6374835
0.5668791
0.27553764
0.38974515
0.54387814
0.25638056
0.22901122
0.5504581
0.24768887
0.52974087
0.57761216
0.5855876
0.5819178
0.2548973
0.25542256
0.54054224
0.5859101
0.54678434
0.5685231
0.4642155
0.3862162
0.62992084
0.24066253
0.543004
0.62960935
0.27036136
0.31570724
0.27148739
0.2506092
0.5674506
0.56430995
0.51709306
0.27494875
0.5764924
0.2580286
0.4405673
0.25763103
0.5600131
0.5629282
0.55083156
0.5676621
0.52801627
0.2832024
0.38889423
0.25592253
0.5585979
0.5224398
0.4320629
0.25840792
0.57427675
0.5684233
0.44615746
0.2835118
0.58100986
0.28877056
0.54453206
0.566887
0.5529849
0.2521031
0.3927238
0.51782626
0.2601779
0.250629
0.25429672
0.55035233
0.28200373
0.50670403
0.5693918
0.5006818
0.2602326
0.27236554
0.55367756
0.52211595
0.26164508
0.5418623
0.4206257
0.25706434
0.27223125
0.3297094
0.28289595
0.5349717
0.39752936
0.304568
0.5544052
0.5490886
0.26752037
0.2759635
0.5323591
0.26258743
0.53056
0.2613241
0.25989732
0.264693
0.25635725
0.5477509
0.26792142
0.260302
0.5662618
0.26913735
0.27586654
0.46999985
0.48530844
0.27242747
0.28461242
0.37767068
0.39083624
0.5322321
0.54950494
0.526374
0.2784783
0.51492935
0.2546753
0.5572594
0.29379103
0.5802997
0.53902066
0.58716017
0.5429236
0.26363498
0.27059707
0.3800777
0.5790629
0.41044125
0.5230098
0.50017315
0.5361036
0.38653567
0.51141644
0.54033285
0.3962322
0.5261411
0.5491823
0.588539
0.44026145
0.5879865
0.26254928
0.26494962
0.5469541
0.28171888
0.26900613
0.27518198
0.2705363
0.4945405
0.55941
0.6336994
0.5253086
0.2573449
0.5712737
0.26579037
0.26865402
0.2982446
0.56952256
0.27246025
0.25160787
0.3735295
0.6029171
0.28274208
0.38633996
0.25944224
0.26619726
0.25528288
0.26554057
0.2587826
0.5822556
0.25791162
0.5320034
0.32332012
0.3873164
0.2587089
0.56772584
0.54492915
0.25315583
0.25551578
0.5433991
0.5232774
0.25061738
0.25457785
0.26104966
0.38294134
0.5693252
0.5908002
0.26736116
0.5618542
0.50164056
0.5670133
0.25127727
0.56331825
0.2589101
0.26899862
0.5029314
0.6010069
0.26601043
0.38469604
0.5555179
0.25139493
0.26416484
0.25551033
0.28910387
0.593625
0.54021704
0.25675032
0.41196537
0.5472548
0.25792542
0.5242513
0.5707444
0.25071016
0.28432262
0.5487722
0.2808888
0.26913115
0.5501087
0.3848546
0.5846991
0.2553002
0.26996684
0.25311577
0.34487468
0.33788863
0.5435939
0.4126714
0.2572714
0.42090222
0.53334427
0.45656195
0.56601167
0.43841866
0.2622529
0.2546423
0.55537283
0.27034652
0.3919364
0.27669147
0.385604
0.57281184
0.3898125
0.3799136
0.556479
0.37471846
0.30422673
0.49050084
0.56002486
0.5682575
0.2707434
0.52991617
0.25344843
0.38938224
0.49215046
0.533243
0.2648104
0.44640628
0.5313515
0.2606361
0.26295504
0.5754158
0.2586427
0.58619714
0.26826808
0.51956195
0.38234988
0.2685649
0.5572052
0.27009124
0.25438058
0.40851784
0.54476094
0.2560868
0.31788787
0.54059225
0.47915557
0.51957715
0.54452324
0.43568775
0.5880433
0.4521909
0.25848746
0.5684198
0.25590897
0.3983271
0.24355984
0.25887108
0.5525147
0.25645748
0.5549083
0.4637313
0.24827452
0.25231788
0.24756917
0.26115942
0.55985576
0.33801726
0.5819121
0.2544363
0.38974464
0.44342119
0.5747033
0.55330735
0.5501188
0.28158808
0.5370958
0.26955628
0.27229133
0.2881276
0.29375166
0.27123818
0.5636138
0.3885685
0.37730673
0.25851628
0.49321166
0.55625093
0.5514226
0.56052613
0.5521985
0.5297152
0.52036285
0.5572956
0.5322366
0.27652934
0.55583733
0.45141885
0.26537707
0.5256583
0.5480194
0.258896
0.5471064
0.26723626
0.43707842
0.58582854
0.5449486
0.459205
0.45850718
0.5739534
0.2680029
0.25447714
0.2495818
0.2679149
0.39150465
0.340479
0.2600479
0.5560608
0.50897485
0.5507927
0.37472102
0.3847696
0.27824253
0.39379874
0.3858595
0.41337508
0.26458704
0.5802612
0.31316915
0.5374773
0.27191395
0.51659054
0.57608306
0.5147661
0.45761907
0.27975717
0.52487457
0.3004696
0.54629713
0.2563221
0.27537993
0.25976378
0.38743502
0.5354251
0.26499394
0.27330968
0.4451213
0.5832362
0.48174477
0.26008898
0.57145846
0.5172858
0.5928308
0.25950727
0.2724528
0.591921
0.2938539
0.2580057
0.39824522
0.4419969
0.43927747
0.4054304
0.27068818
0.5750406
0.5036774
0.25679365
0.4195681
0.3782706
0.29581323
0.2526236
0.5820666
0.5640771
0.25880265
0.2554182
0.2720835
0.57328176
0.29540104
0.5722971
0.40735227
0.49012917
0.27881408
0.2676722
0.56945205
0.56443
0.54767513
0.4322753
0.5242864
0.56233335
0.2613792
0.26480153
0.25298068
0.5759468