0.99991703
0.99993944
0.0
0.99994504
0.0
0.0
0.0
0.9999951
0.0
0.48148516
6.54052e-09
0.0
0.0
4.7698404e-07
0.9999924
0.0
0.0
0.8775361
4.518542e-24
0.99238235
0.79798704
0.0
0.0
0.0
0.0
4.6592035e-31
0.9246164
0.7756238
0.87173533
0.955699
0.0
7.64708e-39
4.0658236e-07
0.038300462
0.0
0.0
0.9997305
0.99014413
0.9997253
0.95619816
0.0
0.7160128
0.0
0.0
0.0
0.0
0.9999443
0.6983358
0.0
0.98273057
0.9446298
0.0
0.86471885
0.9789556
0.98777753
0.0
0.9994153
7.8508365e-36
0.0
0.0
0.9999993
0.97787595
0.9999862
0.0
0.75951654
0.5547768
1.0
6.5932214e-33
0.7166532
0.9999809
0.99739957
0.0
0.93295044
0.13246478
3.5346463e-07
0.0
0.0
0.9999907
0.0
5.539804e-39
3.3954204e-37
0.0
0.0
0.99967563
0.9938584
0.0
0.9986395
0.987074
0.9794118
0.68107206
0.0
0.0
0.99914026
0.9999198
1.4965666e-11
3.4355887e-06
0.9779447
0.59914976
0.9999995
0.99996126
0.0
0.0
0.0
0.0
0.0
0.0
0.0
0.9831467
0.99274045
0.89554036
1.033686e-29
0.0
0.97011614
0.0
0.0
0.0
0.0
2.6093767e-09
0.9956391
0.6844254
0.96309394
0.9944232
2.4647853e-20
0.9990435
0.0
0.9794923
0.0
0.0
0.0
0.91394603
0.97328794
0.72898686
0.0
0.90808207
0.0
0.0
0.06920375
0.9995797
0.0
0.0
0.9824555
0.0
0.67713004
0.0
0.7216634
0.0
0.0
0.77638894
1.6248556e-25
0.0
0.97741276
0.98502064
0.0
0.0
1.435361e-29
0.0
0.9999654
0.0
0.0
0.9751516
0.9999919
0.999995
0.70930845
0.9401355
0.9334071
0.0
1.0
0.99818295
0.0
0.0
0.0
0.0
0.0
0.3839915
1.0532677e-33
0.0
0.0
0.9986374
0.0
0.0
0.516969
0.0
0.0
0.9999901
0.8867776
0.99882966
0.0
0.0
0.0
0.98332065
0.0
0.96286404
0.99977964
0.99601066
4.2896787e-36
9.133262e-35
0.0
0.8478823
0.0
0.0
1.959105e-14
0.9647868
0.96343064
0.93498504
0.99632096
0.99989665
0.0
0.9999745
1.3870222e-24
8.493729e-11
0.0
6.899838e-33
0.9989048
4.972976e-39
0.0
0.0
0.0
0.000109423825
0.0
0.0
3.8965297e-07
0.99776316
0.0
0.0
0.0
0.99999106
0.93837804
1.503869e-26
0.0
0.0
0.99792117
0.0
0.26665682
0.0
0.98790306
1.4702997e-10
0.9998049
0.9999999
0.0
0.0
3.9972043e-34
0.0
0.98525107
0.8189624
0.6572984
0.0
0.0
2.0047947e-37
0.0
0.0020386502
0.9999987
0.0
0.4425789
7.902275e-06
0.0
0.0
0.9702832
0.7118767
0.7809169
0.99914527
0.99972624
0.0
0.9989625
0.9283736
0.17676863
2.0004439e-26
0.0
0.0
0.26580718
0.9973029
0.7865265
0.81611097
0.0
0.0
0.5499734
0.12373095
0.03577665
0.0
0.86755943
0.948208
0.9999974
0.9999993
8.956755e-05
0.0
0.98450965
0.9959413
4.6935673e-36
0.9999373
0.0
0.0
0.5222832
0.98412156
0.9986273
0.0
0.98476
7.399971e-38
3.2347034e-05
0.9388973
0.0
0.999826
9.137263e-29
0.0
0.60625786
0.9985845
0.99883217
5.7116745e-29
0.99980146
9.102838e-14
0.9970822
0.0
0.0
0.0119224405
0.99999905
0.93056947
0.99798274
0.0
0.0
0.0
0.9634397
0.0
0.0
0.0
0.0
0.0
0.99962234
0.9992539
3.718057e-24
0.0
0.0
0.82513344
0.7258972
0.0
0.9998325
0.99336076
0.4938369
0.0
0.99991417
0.9867648
8.893021e-33
0.0
0.0
0.0
0.9743482
0.6536198
0.99797434
0.57166
0.70828867
0.9524533
0.7572171
0.9978435
0.7605518
0.0
0.99993587
0.7570815
0.9509232
0.0
0.0
0.999941
0.999998
0.9999993
5.598431e-19
0.8299243
3.9489448e-28
0.0
0.0
0.0
0.9167039
0.0
0.0
0.0
0.0
0.0
0.9990594
0.0
0.0
0.0
0.9978715
0.7871785
0.0
2.0682238e-34
0.9999633
0.97508293
0.9271213
1.05434396e-35
1.6077487e-05
0.88781464
0.9883283
0.66430634
0.0
0.8673074
0.9999974
0.0
0.0
8.924399e-12
0.0
0.77102876
0.86023223
0.0
0.0
0.0
0.0
0.1951701
0.9953483
0.8367368
0.9871481
0.6171677
0.9581351
0.990607
0.99997854
7.61418e-11
0.9315393
0.0
0.91469365
0.9970764
0.0
0.0
0.96533346
0.0
0.98792785
0.0
0.0
0.0
0.0
0.0
0.87331754
0.9999995
0.9979534
0.8484534
1.2724153e-38
2.398938e-16
0.0
0.9484468
0.0
0.000101476544
1.8866192e-19
0.0
0.99889416
0.96655107
0.8432573
0.0
0.0
2.0670276e-24
0.0
0.9749681
0.9992575
0.0
0.9465835
0.9974511
0.0
0.99853337
0.9367853
8.813663e-09
0.5174568
0.0
0.0018680327
0.0
0.9994702
0.8269264
0.0
0.0
0.9971059
0.99999917
0.0
0.6535912
0.0
0.99989307
0.9235223
0.002225927
0.0
0.0
0.0
0.0
0.9997018
0.9999999
0.0
0.82236576
0.7488954
0.0
0.96746093
5.1351378e-26
0.0
0.0
7.128794e-22
0.99957556
0.0
0.0
0.0
0.99988556
0.99164283
2.7069673e-33
0.8995052
0.60873944
0.9996482
0.85569584
5.383575e-09
0.92218834
0.99965656
5.1208065e-38
0.0
0.9990513
6.507508e-35
0.99917954
0.0
0.0
0.9655115
0.97930133
0.0
2.3882652e-30
0.0
0.00040602544
0.0
0.70251936
0.0
0.9998247
0.0
3.848103e-37
0.9999927
6.503716e-26
0.0
0.0
0.9999496
0.10476649
0.0
0.90474916
0.99999833
0.6650909
1.3115541e-09
0.0
0.9807649
2.3343354e-33
0.89392304
3.188944e-32
2.1293249e-17
0.8185548
0.0
0.0
0.0
0.00038913914
0.0
0.9999969
0.0
0.8933568
0.0
0.9534375
0.0
0.0
0.0
0.0
0.0
0.8334215
0.0
0.0
9.8214176e-29
0.9974112
0.9999871
0.0
0.0
0.0
0.0
0.9997696
0.0
0.9986808
0.042651173
0.0
0.99787366
0.0
0.9054458
0.9004463
0.0
0.94335276
0.900074
0.0
0.99424237
0.0
0.99999535
0.9792357
0.99983823
0.67716104
0.6385038
3.704348e-34
0.0
0.0
0.0
2.8061846e-23
0.94872385
0.023254165
0.0
0.48313215
0.0
0.99856853
7.2711984e-05
0.0
0.0015117453
6.414614e-06
0.9964175
0.0
5.1000757e-26
0.0
0.9288036
0.0
0.9998012
0.99999154
0.70595336
0.0
0.8136257
0.0
8.647096e-36
0.0
0.0
0.99999547
0.0
0.00039515662
0.0
0.74585986
0.47088176
0.0
1.0698273e-15
0.0
0.9970931
0.99637294
0.82199824
0.801094
0.0
0.78654534
0.9428203
0.99657404
0.0
0.96769875
0.08182029
0.0
0.0
0.0
0.94270885
0.98655057
0.00038160247
0.98848385
0.9389787
2.2964071e-35
2.9969093e-27
0.0
0.9123908
6.1035905e-09
0.6816485
0.9979673
0.0
0.0
1.05081757e-22
9.2602395e-32
0.99999666
0.8393026
0.9992046
0.96177477
2.510003e-38
0.9999498
0.0
0.99903846
0.9927685
0.9999646
0.0
3.365309e-38
1.096349e-34
0.0
0.7900425
0.40857524
0.0
0.9744084
0.0
0.0
0.92864716
0.6663957
0.9990804
0.98144174
0.0
0.74436164
0.9263098
0.9981438
0.055176996
0.0
0.9982016
0.8547773
0.07206817
0.0
0.37938166
0.9999908
0.7762786
0.905682
0.84702307
0.9978529
0.972249
7.299583e-35
0.0
0.9256428
0.0
6.415788e-06
3.3266332e-09
0.0
0.0
0.0
0.99720013
0.6004822
0.0
0.9999933
0.99940383
7.1593603e-10
0.0
0.9662443
0.0
0.9999727
0.991746
0.99856097
0.8599333
0.9774203
0.0
2.1522064e-05
0.99960274
0.0
0.0
0.88339347
0.0
0.2805985
0.0
0.0
0.5875066
0.0
0.0
0.0
0.0
0.0
0.0
1.2434163e-12
0.94541556
0.9710696
1.289387e-35
0.0
0.81196666
0.0
0.0
0.99480647
0.99990606
0.0
0.9877238
0.0
0.9527666
0.0
0.9999285
3.6461452e-07
0.0
0.0
3.0495553e-08
0.0
0.0
0.0
0.0
0.86685276
0.8408869
0.0
0.8902313
0.0
0.0
5.006061e-22
2.4942377e-36
0.98928833
0.99999726
0.6753802
0.0
0.0033198898
1.6786453e-36
0.9486698
0.0
0.99012285
0.0
4.700865e-06
1.0
0.0
0.0
0.81097
0.99997103
0.75157696
0.989746
0.0
0.0
0.8446712
0.56460685
1.2608184e-07
0.0
0.99976
0.9836802
0.99248755
0.99981993
3.8225187e-27
0.9999989
0.865398
0.9995472
0.0
3.6240914e-26
0.0
0.772867
0.0
0.99999666
0.0
0.9966593
7.360778e-31
0.6565275
0.999964
0.0
0.0
0.0
0.6405762
0.99955624
0.9887
0.9999993
1.0
0.9998914
0.90004534
0.0
8.485399e-24
0.74448776
0.6149328
0.0
0.99038434
0.9183577
0.9903501
0.996842
0.0
0.0
0.8568467
0.9999075
0.0
0.29083216
0.0
0.99850476
0.0
1.9018079e-34
0.99865425
0.84614646
3.9973056e-05
0.9982481
0.7053243
0.0
0.0
5.1001425e-05
0.9999876
0.999972
8.243648e-24
0.9999999
0.9998988
0.9939275
0.99999547
0.9256676
0.0
3.672165e-11
0.99997365
7.712694e-34
1.5668998e-33
0.0
0.7129974
0.0
0.0
0.0
5.136671e-39
0.99999714
0.0
0.8112135
2.0602638e-33
0.99980205
1.4155648e-26
0.83881015
2.9742738e-08
1.523046e-36
0.0
0.0
0.20750691
0.0
0.6492557
0.0
0.9999722
0.0
1.7415206e-25
4.0400097e-09
0.06537128
0.99966204
0.0
0.11297957
2.0757911e-31
0.0
0.0
0.9999956
0.0
0.0021696433
0.0
1.3931798e-15
0.9999963
0.0
0.99900717
0.99796706
0.71684897
0.93479073
0.0
0.9612322
0.99963427
0.5090804
0.0
0.9854109
0.0947184
0.9047391
0.00020140686
0.0
0.99996066
0.74039286
0.0
0.99792457
0.0
6.8448757e-37
0.0
0.19713178
0.9992047
0.9998983
1.0292904e-30
0.9999999
0.99951863
0.0
0.999845
0.99998426
0.81093717
0.8564161
0.88857883
0.0
0.0
0.9969773
0.0
0.997024
3.496267e-26
0.999273
0.9999263
0.86984015
0.99929166
6.088099e-06
0.9999995
0.893067
0.0
0.9988599
0.0
0.0
0.0
0.0
0.0
0.0
0.99988616
0.9710468
0.99783045
0.0
0.83212453
0.43126
0.0
0.0
0.96558374
0.8168609
0.0
0.9771056
0.95872086
0.9194652
0.0
0.9999652
0.0
0.98420185
2.989024e-39
0.0
0.0
0.96515614
0.0
0.9998658
0.0
0.7258322
0.0
0.0
0.868348
0.9999993
0.0
0.99832994
0.9933037
0.0
0.79494786
0.0
0.0
1.284967e-10
0.763375
0.6157484
0.010529414
0.9995659
0.9993795
0.6428996
0.0
1.0
0.0
0.6837892
0.0
0.0
0.0
0.0
0.91929686
0.0
0.9528545
0.0
0.99996173
0.51165265
0.0
0.9896825
0.0
0.0
0.983988
0.0
0.0
0.9911991
0.99999917
0.0
8.1561905e-07
1.0
0.0
0.0
0.99940944
0.12894168
0.0
0.0
0.0
2.2252331e-38
0.0
1.216164e-15
0.6690307
0.9941778
0.7889535
0.0
0.0
0.9611254
0.0
0.0
0.2659171
0.0
0.94734144
0.99992657
0.9991042
0.99997604
0.0
0.0
0.7285631
0.9999436
0.99986255
0.93564004
0.9975968
0.0
0.9891244
0.0
0.9999578
0.993497
0.0
5.1813072e-23
0.0
0.0
0.72835153
0.9528568
0.83365047
1.9161537e-34
0.9999589
0.0
0.99999976
0.0
0.9671125
0.86230755
0.9986027
0.9999957
0.9993224
0.0
0.0
0.0
0.8998037
0.82945675
0.9939672
0.0
0.99994445
0.9999995
1.0
0.0
0.96598357
0.0
0.6900506
0.8825027
0.9998405
0.0
4.6813733e-28
0.99371654
1.492154e-34
0.0
0.0
0.9914083
6.6696015e-30
0.09046972
0.97550493
0.6941651
0.0006500624
0.0
0.97886425
0.8739024
0.0
0.99587125
0.982203
0.0
0.0
0.0
0.0
0.933783
0.0
4.395844e-15
0.95000994
0.87851006
0.0
1.2039728e-38
0.97962224
0.0
0.8553384
0.0
0.0
0.0
0.0
0.9068789
0.0
0.0
0.9619085
0.0
0.0
0.9993993
5.804831e-10
0.0
0.0
0.0
0.0
0.82387686
0.943459
0.9318848
0.0
0.59843546
0.0
0.993646
1.606063e-14
0.9983467
0.95098066
0.9888686
0.8323897
0.0
0.0
0.0
0.7092128
7.87883e-28
0.43777966
0.7434624
0.39984176
0.0
0.6721745
0.18426637
0.0
0.65266174
0.45784757
0.98104066
0.9999752
0.89371336
0.0
0.0
0.9697081
1.2743344e-15
0.0
0.0
0.0
0.62325627
0.92842543
0.9999864
0.973191
0.0
0.99742657
5.663828e-23
0.0
4.3542827e-17
0.95984393
0.0
0.0
0.0
0.9999894
1.3103995e-23
0.0
0.0
0.0
0.0
0.0
0.0
0.7856351
0.0
0.99725145
5.6100907e-05
0.0
0.0
0.9660252
0.2256392
0.0
9.0763324e-36
0.9999589
0.96037006
0.0
0.0
0.0
8.314513e-25
0.5546463
0.99423695
0.0
0.92950296
0.6155612
0.9991285
0.0
0.9918681
0.0
0.0
0.060954124
0.9877088
0.0
0.0
0.9863409
0.0
0.0
0.0
1.8265453e-19
0.99629253
0.99833363
0.0
0.295204
0.9942788
0.0
0.4525111
0.9881445
0.0
2.4923568e-34
0.9996742
0.0
0.0
0.99784875
0.0
0.9992235
0.0
0.0
3.264511e-36
0.0
4.3881882e-05
0.8678652
3.8453184e-35
0.0
0.22335914
0.9982838
0.9999989
0.99401444
0.9994973
0.0
0.0
0.8084569
0.0
0.0
4.0479753e-10
1.6614196e-07
0.90996087
0.0
0.0
0.99999297
0.0
3.4209416e-22
2.660603e-06
0.7907475
0.78737277
0.0
0.997615
0.0
0.0
1.1520475e-05
0.9494532
0.0
0.99999964
0.98919
0.0
0.0
0.99961394
0.0
0.9802571
0.0
0.42546058
1.3275024e-21
0.0
0.982327
0.0
0.0
0.9625831
0.99147135
0.0
7.640072e-06
0.9999118
0.99527365
0.9938512
0.9591764
0.99998486
0.99024713
0.9999944
0.0
0.9998047
0.0
8.8850893e-10
1.0763056e-33
0.0
0.9999261
0.0
0.975144
0.9990864
0.0
0.0
0.0
0.0
0.99741924
8.162904e-06
0.8785852
0.0
0.0
0.99986815
0.7021289
0.9983107
0.94159347
3.411334e-39
0.7694088
0.0
0.0
0.0
3.330074e-39
0.0
0.9941117
0.0
0.0
0.0
2.630777e-08
0.9991917
0.9483386
0.96549934
0.99932885
0.83097696
0.20068978
0.6716574
0.9789498
1.3863652e-33
0.9474367
0.99999976
0.0
0.38098878
0.998844
0.0
0.9972927
0.0
0.9999896
0.9998784
0.9999261
0.9999999
0.9999999
0.9970816
0.0
0.0
0.0
0.0
0.7564879
1.7156243e-09
0.0
0.98804873
0.9662938
0.7363491
0.0
0.0
1.8533098e-24
0.0
0.0
0.16870034
0.0
0.8894743
0.0024377182
0.9222009
0.0
0.00011511512
0.9986595
0.9851317
1.0
0.0
0.79587954
7.144722e-29
0.4417849
0.0
0.0
0.0
0.0
0.99612
0.0
0.0
0.9999963
0.9952554
1.0
0.0
0.9715266
0.68208617
0.9996424
0.0
0.0
0.9987618
1.1902084e-17
0.0
2.5503894e-13
0.85391587
0.9981225
1.1408742e-36
5.9128647e-37
0.96367544
0.9240704
0.0
0.9999976
0.0
0.003951042
0.0
0.9998987
0.99906105
0.0
0.0
1.1526699e-25
0.71022654
4.693289e-10
0.73707163
0.7987993
0.99995303
0.0
0.0
0.9968465
0.9997619
0.99163204
0.99999964
3.354344e-08
0.9992648
0.0
0.0
0.0
0.9991773