0.99986553
0.99999523
2.2914019e-05
0.9997714
6.0494516e-05
2.1914206e-05
9.5347195e-06
0.99999905
2.574195e-05
0.89962816
6.5491067e-06
6.7268415e-06
3.4506997e-05
0.0003458963
0.99999356
0.00012292739
5.272412e-05
0.9395633
0.00027758916
0.9540231
0.9885212
6.013601e-05
5.129843e-05
7.716445e-06
8.848955e-05
0.00480343
0.35409087
0.99175465
0.00032775238
0.9999474
5.6590025e-06
0.00022981984
0.052560426
0.004442671
3.266287e-05
3.6610445e-06
0.9994849
0.99986887
0.99999976
0.999984
0.00066236465
0.46104
2.3094812e-05
1.1929937e-05
1.566267e-05
0.00015344545
0.99986935
0.9761002
5.6704066e-05
0.9999938
0.9994578
1.16519495e-05
0.9998312
0.99998355
0.8127843
0.0001692614
0.9999912
0.011876046
0.00012139931
0.0012827984
0.99999166
0.99995804
0.99994326
0.00014734716
0.9737292
0.92750114
0.99999714
1.4122266e-05
0.7628364
0.99997973
0.9999763
0.0017116186
0.9146874
0.18270259
3.4833496e-07
4.8185834e-06
1.153536e-05
0.99998915
9.868496e-05
5.523154e-06
8.671638e-06
1.4391931e-05
3.0066343e-05
0.99997973
0.9999733
2.2515169e-05
0.99995565
0.9999821
0.9998827
0.97421956
9.5811065e-06
5.6188506e-05
0.9999702
0.99994683
3.4361906e-07
0.00042544006
0.9998659
0.99588937
0.99999976
0.9999945
9.969238e-05
6.780943e-05
2.8648808e-05
3.137958e-05
9.038374e-06
1.5248126e-05
7.3950696e-06
0.9996433
0.9998808
0.9999838
0.00024198793
2.820598e-05
0.9994512
0.0002464017
0.00012192309
2.3840016e-06
0.00018345349
0.027734306
0.9999459
0.8767169
0.99726665
0.9999541
0.0017773658
0.9999863
0.0011272191
0.9999784
0.00039583602
5.0850245e-05
5.949942e-05
0.9979259
0.99987674
0.9983353
0.00011102013
0.9978689
9.8281635e-06
7.909587e-05
0.1387712
0.9999962
6.122274e-05
4.3276552e-05
0.999998
4.2941465e-05
0.99228185
2.8187776e-05
0.9930816
2.8304332e-05
9.593129e-06
1.8799864e-06
0.00019647225
9.5671e-06
0.9999881
0.9975351
7.538378e-06
7.962863e-06
0.00027902998
2.9357197e-06
0.99999833
7.0421884e-06
3.3957524e-05
0.9982034
0.9999964
0.9999937
0.2722205
0.9999976
0.99995255
0.00025892435
0.99999917
0.99948275
0.00046151812
8.954321e-05
0.00010081509
0.00049013644
0.003509742
0.36770737
0.0005979141
4.724352e-06
0.00056169124
0.9999995
0.00054623716
0.00019196063
0.25298005
5.9389417e-06
3.951471e-06
0.9999995
0.99074847
0.9999547
1.1699026e-05
5.8309834e-05
2.3965093e-05
0.9999335
1.9916386e-05
0.99996436
0.9999757
0.99998176
0.0019682213
1.25784245e-05
8.260627e-05
0.9988242
6.778624e-07
3.3583185e-06
0.0003516489
0.9996232
0.9999889
0.99702114
0.9998275
0.9999964
0.0014914824
0.99999607
0.0003974186
0.0025455034
1.9085059e-05
9.413605e-06
0.9999975
5.6729812e-05
8.125599e-05
0.00010430151
0.00015925897
0.1782515
0.00019012288
0.00013657013
6.2934846e-06
0.9999906
0.00012564816
1.2765166e-05
8.1398146e-05
0.99999857
0.99986494
0.0005937546
1.7165556e-05
1.7937326e-05
0.9999591
2.007301e-05
0.63239664
0.00015523942
0.992342
0.0020318697
0.99999416
1.0
0.00021359205
2.0121497e-05
5.592496e-05
9.8205e-06
0.99999356
0.99899656
0.98948026
4.1834475e-05
5.833202e-05
0.0012774774
3.3938617e-05
0.015847214
0.9999999
4.8376034e-05
0.9703481
0.0003145444
7.3565236e-05
0.000104468636
0.9995704
0.99750596
0.9995486
0.9999491
0.99999166
6.612172e-05
0.9999894
0.9995454
0.6332749
0.00059901807
1.7357266e-05
6.3440886e-05
0.3441341
0.99994934
0.0009743761
0.828866
2.5562564e-05
4.2730764e-05
0.9421695
0.0026824817
0.1542581
6.198408e-05
0.9997278
0.99904066
0.9999993
0.9999993
1.6123068e-06
2.22928e-05
0.99999523
0.999925
4.9236687e-06
0.9999956
1.0263034e-05
7.225944e-05
0.8659101
0.99998295
0.9828876
5.3174474e-05
0.9998061
0.00092140416
0.10079931
0.9998202
0.00016019396
0.99999154
4.9228238e-05
8.6122025e-05
0.90097314
0.9998945
0.99999785
0.003765106
0.99987376
0.0014861716
0.9999982
4.5001405e-05
0.00013881696
0.1279012
0.99999845
0.9995802
0.9998803
0.00013843323
0.00016631877
1.8571362e-05
0.9983558
6.812169e-05
0.00015975343
0.0035681773
1.0514491e-05
2.3534432e-05
0.99999666
0.99993587
0.00035077232
2.4448753e-05
0.0001258424
0.99945
0.70736307
5.689549e-06
0.9999788
0.9999813
0.79165405
5.778199e-05
0.9999764
0.99998283
0.00020437203
1.2123421e-05
2.784924e-05
5.225202e-05
0.99993765
1.1426583e-05
0.99989474
0.9046433
0.955926
0.9998242
0.99993193
0.9999151
0.997062
3.9135966e-06
0.9999964
3.120548e-06
0.99974734
2.361106e-06
7.136142e-05
0.9998888
0.99999785
0.9999981
0.0013046849
0.999464
0.00012595381
2.6233938e-05
0.00022910442
1.0925435e-05
0.9914014
0.00019718746
4.7431367e-06
8.400717e-05
9.021894e-05
3.7643338e-05
0.99999845
6.989359e-06
1.4128328e-05
0.0016234377
0.999863
0.979251
3.6036963e-05
6.9473e-05
0.9999987
0.99977905
0.9907164
7.29969e-05
1.2955961e-05
0.99599445
0.99994147
2.5595567e-05
0.00019981676
0.99981374
0.9999926
0.00026589035
4.133315e-05
0.0033680159
4.016997e-05
0.99983096
0.99580353
0.00014436046
9.926788e-06
0.0003016082
8.305419e-06
0.9589428
0.99994206
3.0242592e-05
0.8175071
0.00035219794
0.99998987
0.99979216
0.99999213
2.1433621e-05
0.99934334
1.0536734e-05
0.999718
0.9999933
6.2594504e-06
7.3960787e-06
0.9984931
1.0150425e-05
0.99999785
0.00026913304
2.4832261e-05
9.477055e-06
6.672117e-05
0.00014716378
0.99952185
1.0
0.9999614
4.0033647e-06
0.00030692882
0.0005522912
6.6486544e-05
0.99989724
2.5676269e-05
0.024382921
0.000120537865
2.0906895e-05
0.9999852
0.9825633
0.9732204
5.6054246e-06
3.0122535e-06
0.00090610416
5.2252008e-06
0.99950707
0.9999974
4.7441623e-05
0.9999684
0.99995196
8.543705e-05
0.99998236
0.9997234
0.003102008
0.9319458
2.1317956e-05
0.01919416
9.827008e-05
0.9999927
0.873542
6.630085e-05
8.426825e-06
0.99999833
0.99999905
2.4281117e-06
0.96267825
8.571377e-05
0.9999957
0.99989176
0.18631141
8.088868e-06
2.8910637e-05
8.2409104e-05
1.0330198e-05
0.99996805
0.9999982
6.090579e-05
0.99720937
0.99893016
0.00012974176
0.99995506
0.0005730344
0.00014844899
1.0891064e-05
3.6939786e-05
0.99996483
8.33817e-05
0.0019581143
0.0010542189
0.99997175
0.9999763
4.2765085e-05
0.8801567
0.9896332
0.99999917
0.99954814
0.02176409
0.0034224484
0.9999988
0.00011286871
0.0019920366
0.9972746
1.018338e-05
0.99996495
5.1810715e-05
7.896986e-06
0.99689674
0.99996257
0.00016286122
0.00020829299
9.790753e-06
0.31284198
4.2165266e-05
0.9717036
2.0392918e-05
0.9999956
3.3975954e-05
1.7034316e-05
0.9999832
0.0013490397
2.9055466e-06
6.3614214e-05
0.9999969
0.61540854
2.5667065e-05
0.99951005
0.9999999
0.97577196
8.294743e-05
5.3133044e-06
0.9988482
7.05638e-06
0.9975677
0.00013837991
1.8726092e-07
0.0001763899
3.6190737e-05
5.9961935e-06
8.8437155e-06
0.0013438438
4.4049004e-05
0.9999391
8.863666e-05
0.9999504
7.678764e-05
0.99966836
7.981877e-06
0.0006576455
2.1818037e-06
1.5796852e-05
6.935127e-05
0.9999089
1.4414389e-05
6.263137e-05
3.40527e-05
0.99990594
0.9999999
7.337922e-05
0.0001103516
2.6281888e-05
8.322703e-06
0.999962
4.337333e-06
0.9999887
0.0019138622
1.1401613e-05
0.99994516
6.804716e-05
0.99932265
0.99999166
4.4991833e-05
0.9977786
0.9951219
7.2428793e-06
0.99796534
3.8709877e-05
0.99999976
0.99930227
0.99999857
0.99938166
0.99902797
0.0004287564
1.23528325e-05
7.667582e-06
2.202105e-05
0.00041210905
0.99999523
0.90211767
2.9454783e-05
0.7769867
2.8357364e-05
0.9999975
3.0368255e-06
8.957404e-05
3.2218686e-05
0.005929175
0.99967515
1.6849628e-05
0.00045412628
1.6476824e-05
0.9998865
7.585996e-05
0.9999999
0.99999964
0.992867
8.879969e-05
0.97713804
4.812379e-06
3.0501737e-05
7.486443e-05
0.00018008449
0.999998
1.7770619e-05
0.9848247
5.8194735e-05
0.9980015
0.23620524
0.00016150066
0.00034377177
4.343325e-05
0.9999567
0.999992
0.9996215
9.4287196e-07
6.194201e-05
0.9839346
0.5302685
0.9999901
2.0512873e-05
0.9874129
0.9088604
8.891111e-05
0.00012662433
1.5739244e-05
0.99953985
0.9999943
5.195823e-06
0.99999523
0.9996873
0.0017338092
0.00013598005
1.3814969e-05
0.9998903
2.6252437e-07
0.9518245
0.9999856
0.00024909189
6.102061e-06
0.00070637057
7.925943e-06
0.9999571
0.99726355
0.9999455
0.9978138
0.00011476516
0.9999958
0.0007187099
0.99997854
0.9998969
0.999998
0.0004372723
0.00010094765
1.9282714e-05
2.479667e-05
0.9999945
0.87095726
6.1785024e-05
0.99776196
2.9245284e-06
6.645981e-06
0.9998516
3.3471454e-07
0.999111
0.9999851
0.00018373498
0.9974159
0.9956891
0.9999894
0.18409312
0.00020815698
0.99996257
0.99694854
0.2069568
6.393751e-06
0.45690113
0.99999917
0.99849474
0.9999728
0.9988531
0.9999831
0.99962366
5.0734772e-05
0.0018621731
0.9940205
8.439677e-06
6.8753257e-06
0.0041342746
1.660423e-05
1.5089423e-05
6.51845e-05
0.99993527
0.6747943
8.5333886e-05
0.999962
0.9999933
0.0018503105
8.194267e-06
0.99997973
5.8533966e-05
0.9999875
0.99999535
0.9996846
0.14680634
0.9996234
4.7034668e-05
1.2618686e-05
0.99999774
2.8169987e-05
6.123138e-05
0.99953794
1.7650029e-05
0.59257686
9.06248e-05
2.7418822e-05
0.79350096
3.252589e-06
8.714069e-05
3.5400313e-05
0.00019493057
2.4140843e-05
0.00015775755
0.0008612194
0.9988601
0.9999701
5.2797145e-06
4.3385785e-06
0.99889886
0.00032256747
5.4305297e-06
0.9999882
0.9998579
0.00013674474
0.9988902
6.697667e-05
0.9998192
1.3079597e-05
1.0
0.012992443
3.250976e-05
1.0629112e-05
1.7572402e-06
7.659918e-05
2.8292701e-05
1.8525336e-05
8.052079e-06
0.99822766
0.18717468
7.684544e-05
0.9992612
0.0011741404
1.558803e-05
6.9581606e-06
0.00067250215
0.9988949
0.99998283
0.9920408
3.4653152e-05
1.4432696e-05
0.00023343836
0.98913
6.1469385e-05
0.99987245
4.427178e-05
4.860356e-07
0.99999976
2.155902e-05
2.9931798e-05
0.99991155
0.99999917
3.5718054e-07
0.9999796
8.287467e-06
5.4356555e-05
0.99965703
0.48946667
0.9833809
5.6161903e-06
0.99996877
0.99979776
0.99793124
0.99999356
0.0015831642
0.9999981
0.9952905
0.9999881
0.00055044447
0.0175963
5.60916e-05
2.4853442e-05
4.9203125e-05
0.99999976
1.6560489e-05
0.9999994
9.647829e-06
0.9953565
0.99999654
1.9819603e-05
1.46189295e-05
6.988466e-06
0.48723692
0.99998975
0.999742
0.9999994
0.9999994
0.99322355
0.99028
6.9702287e-06
0.00010623145
0.9892402
0.9084306
1.1102534e-05
0.99997175
0.99931014
0.9999995
0.9999684
8.034865e-06
0.0005998674
0.99975294
0.99999833
7.3580945e-06
0.44547823
7.813554e-05
0.9999683
4.271323e-06
0.00011438516
0.9999881
0.9991423
0.11365076
0.99884534
0.9985073
1.6455955e-05
3.4063938e-05
0.0017927634
0.9999982
0.99999917
0.0022313274
0.9999999
0.999424
0.99998283
0.9999975
0.99957246
3.451213e-05
0.000108268934
0.99998903
1.5454267e-05
0.0020826922
1.0808547e-05
0.99261206
1.7526911e-06
4.7040452e-05
1.3072802e-05
0.00023043466
0.99999905
2.898689e-05
0.9937629
0.004187884
0.999961
0.00032803277
1.4597549e-06
8.548281e-09
7.955553e-06
2.1931162e-05
4.3666692e-05
0.47292334
4.5087272e-05
0.99266595
2.2111368e-05
0.9999963
2.1166672e-05
0.0019424002
0.0050160973
0.24753691
0.999949
5.5403903e-05
0.9336713
7.233595e-06
1.1069791e-05
8.559014e-06
0.9999989
3.3201115e-05
0.013273532
6.325489e-05
0.00070624636
1.0
3.7110043e-05
0.999977
0.99991095
0.99893683
0.9755653
0.00011390918
0.99968123
0.9999633
0.6896065
2.7066695e-05
0.99982196
0.19270754
0.99990225
0.009254301
0.0001743449
0.99985707
0.99982125
0.00019072658
0.9999728
0.00018465493
1.4202167e-05
4.9897397e-05
0.015502769
0.9999939
0.9997278
1.5864758e-05
0.99999964
0.9999949
6.6462408e-06
0.9999994
0.9999937
0.99780256
0.99940705
0.99874747
0.00011655712
0.00022819643
0.9999857
3.053695e-05
0.9999144
3.0263738e-05
0.999997
0.9994537
0.9928725
0.9999974
8.616617e-07
0.9999913
0.9999397
5.3072526e-06
0.9999702
2.298802e-05
3.8857484e-05
7.339628e-06
1.1424883e-05
8.1749284e-05
3.4598997e-05
0.99998665
0.85734624
0.99996173
0.00020518973
0.9980385
0.63279516
0.0002972256
2.8430557e-05
0.9996908
0.9910648
3.069303e-05
0.99972934
0.999969
0.99994445
2.6923099e-05
0.9999938
1.0042316e-05
0.99993396
4.9735354e-05
0.00016011225
1.4752778e-05
0.99837446
1.7068332e-05
0.99999976
4.7648396e-06
0.99900925
9.418406e-05
9.267326e-05
0.9937032
0.9999987
0.0016023659
0.9999883
0.9999665
2.7460901e-05
0.9901288
9.004979e-05
9.727928e-05
0.001910747
7.725013e-07
0.97889405
0.046061404
0.99996495
0.998987
0.982778
1.9837415e-05
0.99999726
7.2200796e-06
0.9804134
6.264236e-05
7.6388365e-05
0.0001268733
8.8259316e-05
0.99999344
9.452308e-05
0.95426655
4.5637647e-05
0.9999825
0.40562284
0.00016496066
0.9999484
6.174427e-05
7.171589e-05
0.997233
3.249163e-05
1.207078e-05
0.99987686
0.99999964
6.061816e-05
0.047752023
0.99999964
3.8094113e-06
7.4691794e-05
0.99997985
0.019598532
2.4908728e-05
2.113614e-06
4.6146492e-06
8.48733e-06
0.0001112383
4.342933e-06
0.9985808
0.99984276
0.99142367
1.6083959e-05
9.475565e-05
0.99857676
0.000111616035
2.7278405e-05
0.6738789
0.00014944757
0.9999312
0.99999464
0.99999356
0.9999889
2.8478751e-05
3.1952695e-05
0.97185385
0.9999913
0.9999726
0.9977099
0.99950516
1.7357812e-05
0.9999827
8.597474e-05
0.9999938
0.9999827
7.263464e-05
0.0007942058
8.615415e-05
5.626703e-06
0.99867886
0.9987747
0.9951443
6.658566e-05
0.99999607
4.306031e-06
0.9999964
5.4229964e-05
0.9998901
0.99985826
0.99992144
0.99999845
0.9997681
6.172918e-06
8.614945e-06
6.95873e-05
0.9988201
0.99901044
0.96024114
3.086948e-05
0.99999774
0.9999988
0.99999976
0.000121977864
0.999961
0.0001656433
0.9999113
0.999395
0.999961
0.00013931861
0.00013542261
0.9999808
1.0383158e-05
2.2936603e-05
4.504692e-06
0.99996185
0.0005247284
0.7872147
0.9993093
0.9938372
0.0037735219
1.5539079e-05
0.9973646
0.99999666
3.4752964e-05
0.99997485
0.97286195
8.641407e-05
1.1000837e-05
4.8054913e-05
4.033203e-05
0.9999144
2.3120903e-05
0.00048484813
0.99822575
0.99977
1.0112626e-05
3.3383544e-06
0.9998036
9.618118e-06
0.98540723
0.00017459228
0.00016866256
6.3180916e-05
3.747092e-05
0.9943452
5.80972e-05
1.3652889e-05
0.9998753
7.729346e-05
0.00021990431
0.9971897
0.010531495
0.00065784424
0.0008734963
0.0002552263
8.8640125e-05
0.9998902
0.999814
0.99981385
2.6706988e-05
0.9877337
2.5835184e-06
0.9997805
0.01176192
0.9999819
0.99991393
0.9999924
0.999057
0.0002438175
0.00041589004
8.5819025e-05
0.95952344
0.000275208
0.82279086
0.0039431253
0.8139949
7.4379976e-05
0.83423615
0.7386238
0.0002806112
0.9974872
0.967224
0.9999981
0.99989045
0.9992914
8.167907e-05
2.4321895e-05
0.99814725
0.0017956028
0.000120207515
0.00021495535
0.0006329882
0.94275147
0.99955803
0.9999993
0.99977165
3.7609538e-05
0.99999857
0.00020173262
0.0008342026
4.1926393e-07
0.9977585
3.953945e-05
6.1393635e-05
0.00010794441
0.999998
1.934157e-06
2.782206e-05
8.8797824e-05
1.2465243e-05
7.267414e-06
3.755087e-05
0.00025599202
0.9999274
4.1984986e-05
0.9999087
3.6272413e-05
5.5407814e-05
7.998352e-05
0.9999343
0.68064195
2.8490704e-05
0.00027539305
0.99999714
0.9987619
8.967755e-06
2.8186969e-05
1.0666765e-05
0.00020136884
0.9253464
0.9999987
0.00070578855
0.9999105
0.98101586
0.99995923
5.8512585e-05
0.9999647
2.1805783e-05
5.8973226e-05
0.3895971
0.9999318
0.00010711183
1.2132639e-05
0.99853337
3.5084497e-05
0.000110397894
5.5546956e-05
0.0011917498
0.9999789
0.99999094
8.726151e-05
0.004541466
0.9999598
0.00016817164
0.4224229
0.99957997
4.45437e-05
1.669408e-05
0.9999969
4.0486597e-05
0.00015520108
0.9998826
0.00010545974
0.9999864
5.9909402e-05
2.060459e-05
1.17417685e-05
9.538962e-07
1.6221065e-06
0.99988973
4.343426e-06
0.00012242346
0.0010011365
0.9999914
0.9999995
0.9981079
0.995093
1.5224833e-05
0.00010322056
0.9998147
6.012587e-06
8.347717e-05
0.00082407333
0.0002563039
0.99988544
6.2248626e-05
3.6516848e-08
0.99999285
3.230329e-05
0.000563551
0.0033633534
0.99347854
0.99918085
5.2444015e-05
0.9995845
4.5999128e-05
1.1695501e-05
0.037775304
0.99994767
1.8449648e-05
0.999982
0.9996462
1.7343365e-05
2.762803e-06
0.99997854
7.129496e-05
0.999998
8.352447e-05
0.69791746
8.1574e-05
0.00011303318
0.9997595
0.000110790206
3.7299116e-05
0.7529152
0.99997663
0.000106005995
1.0142489e-06
0.9999957
0.99952364
0.9993795
0.9999305
0.9999521
0.99969053
0.99997735
0.000111983085
0.99999523
4.6965644e-05
0.005846362
1.0414665e-05
9.284858e-05
1.0
5.2857686e-05
0.9992723
0.9994979
4.606919e-05
4.1942167e-05
0.00019848582
0.00012097313
0.9997726
0.0001669854
0.9999521
5.9214137e-05
5.1094114e-05
0.9999397
0.99896085
0.99987555
0.9975815
0.0001347772
0.9933914
3.983336e-05
0.00094117346
0.0001852374
0.034921713
1.00442985e-05
0.99973935
1.3523809e-05
6.0681603e-05
9.061919e-06
0.012407648
0.9999019
0.9999461
0.99968195
0.99996793
0.9962147
0.5327475
0.99678695
0.9998567
0.00043460625
0.9919463
0.9999957
9.447465e-06
0.65581226
0.99996436
7.242002e-06
0.9999163
0.00010322873
0.99994934
0.99999905
0.9999982
0.9999969
0.99999917
0.99995446
3.591044e-05
1.6219074e-05
2.5490604e-05
5.8593945e-05
6.353413e-05
3.768159e-07
1.025324e-05
0.9999627
0.9994629
0.9985977
6.303955e-05
0.00011461697
1.5346744e-05
0.00011179914
3.1877367e-05
0.024027634
7.0195805e-05
0.99878436
3.7592687e-05
0.99956673
1.2579349e-05
0.43340144
0.9999887
0.99981314
0.99999905
6.431802e-06
0.9934082
0.00029782386
0.95134187
7.660142e-06
4.436992e-05
1.8907669e-05
4.578298e-05
0.9999647
2.3447064e-05
0.00015503618
0.99987435
0.9999964
0.9999988
1.692674e-05
0.9998209
0.9443926
1.0
8.04329e-06
4.800914e-06
0.99998343
0.011806438
2.6971024e-05
0.00046305425
0.30866694
0.99991596
1.8137029e-05
0.00045936767
0.9999007
0.9345162
6.364874e-05
0.99984574
0.00015297154
7.39129e-06
4.2080396e-06
0.9999962
0.99988425
7.286693e-06
8.1010345e-05
0.00036248603
0.9939976
0.004595316
0.9986034
5.0448784e-07
0.99994135
1.1415016e-05
0.00041267593
0.99996185
0.9999937
0.99997735
0.99999523
0.0032278404
0.9999968
7.054738e-05
0.00050506985
1.9849228e-06
0.9999443