0.9998271
0.99993336
4.6267665e-05
0.9994905
0.00015487807
1.9588664e-05
6.036523e-06
0.99996316
0.00018488413
0.7451906
0.0002860446
3.1971613e-06
4.9118553e-05
0.012367012
0.99988985
0.00023093834
0.0003150546
0.9785438
0.00022571743
0.9883084
0.9459683
0.0002124781
0.00018804774
3.5057758e-06
6.613792e-05
0.005301857
0.8053876
0.987485
0.001175307
0.99956137
3.2430805e-06
0.00061130273
0.24015078
0.0195449
0.0018460725
3.6724657e-06
0.997928
0.99922585
0.99996674
0.99939144
0.00062475365
0.44167286
2.9600758e-05
1.4556967e-05
1.41347155e-05
0.0005051382
0.9998253
0.9906268
3.8915296e-05
0.9993222
0.99835473
7.364427e-06
0.99957615
0.9997657
0.9445756
0.00045171348
0.999747
0.020507397
0.00018103448
0.002773407
0.9999417
0.99952316
0.9999007
0.00017496457
0.93924874
0.96468437
0.99998176
0.0002547107
0.927114
0.9998479
0.99978846
0.0012308008
0.9905405
0.18365009
2.738425e-05
2.3450655e-06
7.911066e-06
0.99986124
0.0002185315
9.203112e-06
1.1369743e-05
1.1047286e-05
2.6986872e-05
0.99959093
0.99956983
1.6524156e-05
0.9998103
0.9999435
0.99954385
0.68121004
3.414029e-06
4.7481226e-05
0.99978
0.9998419
3.2155054e-05
0.0037244626
0.997701
0.9912349
0.9999316
0.9998417
0.00013951643
0.00010419674
4.309263e-05
2.684201e-05
8.4643825e-06
0.00026590886
4.99842e-06
0.9985965
0.9991547
0.99972075
0.00034655925
3.6901307e-05
0.99808395
0.00029475277
0.0006357024
3.949083e-06
0.00025955934
0.01626479
0.99988484
0.958585
0.9994068
0.99376595
0.0070575066
0.9998229
0.0009369936
0.99974376
0.0004090156
0.0003130017
0.00012986764
0.997138
0.9983967
0.9642032
0.00027175972
0.9962681
1.7424434e-05
5.909697e-05
0.14935167
0.99985206
0.00021962017
9.5088566e-05
0.9976398
6.3493666e-05
0.99351394
3.382556e-05
0.94474554
0.0001225205
6.952596e-06
5.880817e-05
0.0003399424
3.7168233e-05
0.99981076
0.99528223
1.0542625e-05
1.6753234e-05
0.00015501547
3.3459626e-06
0.99994826
4.476508e-06
3.263314e-05
0.97457176
0.999889
0.999859
0.22701475
0.99991167
0.99960655
0.00021720264
0.99999046
0.9995789
0.00096359
7.2425006e-05
6.953855e-05
0.00074235146
0.0026027432
0.49707112
0.0012684725
2.3255241e-05
0.0010218847
0.9999875
0.00078706833
0.00021967357
0.4378784
3.7757275e-06
5.8407427e-06
0.9999893
0.9889981
0.999527
1.2400185e-05
0.00030836425
5.5715707e-05
0.9988117
8.025904e-06
0.99993217
0.99986947
0.99978024
0.0067825266
3.0106426e-05
6.388596e-05
0.9975083
0.00025161944
2.7069766e-06
0.0010639334
0.99916816
0.9993753
0.8939146
0.99955887
0.99995005
0.0020335875
0.9999006
0.0003872446
0.0045294445
1.642972e-05
1.3095175e-05
0.9999505
9.996425e-05
0.00014968989
0.0001440409
0.00016363281
0.13820633
0.00020427618
0.000106695
2.9979621e-05
0.99979264
0.00014222082
1.8296369e-05
0.00012783716
0.9999459
0.99778533
0.00016478568
2.2881899e-05
1.26539835e-05
0.99916744
0.00014881209
0.29374963
0.000115459654
0.9964149
0.00699645
0.9998275
0.9999808
0.0002956348
1.46094935e-05
0.00020422591
1.5545795e-05
0.99977154
0.99408495
0.9912307
4.1425767e-05
0.00022055839
0.005126335
2.3092962e-05
0.07375143
0.9999479
4.7595015e-05
0.9493426
0.013476863
0.000109146
0.00016899339
0.99914086
0.99333715
0.99521303
0.9995492
0.99994564
7.186534e-05
0.9997557
0.99872583
0.6022138
0.0034035214
1.9989853e-05
0.00013843825
0.113143116
0.99957424
0.0074332575
0.551239
6.4874745e-05
5.9838774e-05
0.9787354
0.031624638
0.10144316
9.224864e-05
0.9938234
0.9990651
0.9999913
0.9999784
3.8156486e-05
1.9949537e-05
0.9995029
0.9982693
4.49757e-06
0.9999578
4.7501712e-06
0.00027496569
0.7803278
0.9996871
0.99277145
5.3468022e-05
0.99867404
0.00048436155
0.30555534
0.9981664
0.0016399606
0.9998709
0.0005338857
9.456103e-05
0.6332796
0.9993937
0.9999831
0.010345152
0.99973804
0.002379005
0.9997805
5.2259642e-05
0.00018746054
0.23521557
0.9999331
0.9978085
0.9994124
0.00027899034
0.000120734345
5.04342e-05
0.9985423
9.593559e-05
0.00015772415
0.0020578739
7.2114026e-06
2.9006273e-05
0.9997651
0.99926263
0.00065317185
9.192444e-05
0.00012370867
0.99688345
0.81862247
5.2097907e-06
0.99980897
0.99953115
0.877938
9.034033e-05
0.99983406
0.9998461
0.00016895519
9.321705e-06
2.1799753e-05
5.2723168e-05
0.9994273
0.00020820244
0.99935585
0.73049796
0.9179813
0.99941874
0.99977
0.99939
0.98508126
2.8005547e-06
0.9999025
0.00031510388
0.99789727
3.4434772e-06
0.00013085674
0.9998242
0.99996483
0.9999434
0.002654376
0.9954234
0.00021963903
4.2351567e-05
0.0012500857
9.2462715e-06
0.99207366
0.00015766085
3.966967e-06
0.00011234975
0.0011951842
3.4731693e-05
0.99988997
1.4220519e-05
1.0209557e-05
0.01808606
0.9996246
0.90939945
5.48232e-05
0.00015681869
0.99987054
0.99727494
0.9873219
0.0009729601
0.00063613756
0.98210436
0.9996791
0.00051251915
0.0001420785
0.99849117
0.9999548
0.0008527438
5.9961018e-05
0.07109121
0.00015687117
0.99906105
0.99635386
0.00017302169
5.208544e-06
0.00038435656
2.4599787e-05
0.96013904
0.9993647
0.00018891595
0.9366353
0.0070787002
0.99964523
0.9996755
0.99991095
0.00013163655
0.9942814
3.8668037e-05
0.9965579
0.9998838
3.898302e-06
4.131402e-06
0.9937773
7.2758608e-06
0.9997603
0.00028248673
1.26777295e-05
1.1637379e-05
0.00012632404
0.00021801141
0.98781455
0.9999927
0.99968004
0.00017672795
0.00030416783
0.00028439888
9.5327065e-05
0.9992692
4.0703075e-05
0.12010147
0.00017407612
9.49964e-06
0.9995846
0.98443687
0.9871405
4.4823305e-06
2.1052333e-06
0.0020007228
4.824685e-06
0.99881446
0.99985075
5.0220864e-05
0.9981501
0.99903786
0.0005019112
0.9997135
0.99862003
0.0020039168
0.8761391
1.6951828e-05
0.07076816
0.00015148747
0.99964774
0.9938497
4.2963336e-05
1.0115259e-05
0.9998468
0.99996865
1.4834823e-06
0.9158745
0.00022070692
0.99994445
0.99926585
0.4979783
3.9408997e-06
4.0827945e-05
0.00014373576
6.824145e-06
0.99962926
0.999938
8.2550985e-05
0.9938408
0.99716127
0.00056991767
0.9997124
0.00031922854
0.0004912688
1.1324748e-05
0.00020300536
0.9998833
0.000110137546
0.0016696061
0.0018652076
0.9998455
0.9995427
0.0005124725
0.8954373
0.9782009
0.99996984
0.9988255
0.0054214587
0.006748358
0.99997747
0.0017918258
0.0010979327
0.9677449
1.1786903e-05
0.99957806
0.00018065219
6.153686e-06
0.9960517
0.99903286
0.00012296456
0.00034617752
4.94063e-06
0.36218393
0.00017339957
0.9554112
1.531401e-05
0.9998466
8.116337e-05
2.4377625e-05
0.999961
0.006842384
2.2064485e-06
4.3226766e-05
0.9999604
0.81030416
5.5857323e-05
0.9970511
0.99998224
0.98247874
0.0001607914
2.9396979e-06
0.99645257
1.9105162e-05
0.9870477
0.0011221418
2.7297036e-05
0.00080121926
3.276642e-05
4.0374307e-06
3.4390145e-05
0.0016459957
0.00025886882
0.9998902
0.0006628641
0.9965274
9.393919e-05
0.9984554
4.6819947e-05
0.0010669713
1.3626723e-06
2.1479682e-05
0.00040100428
0.9945649
1.1216715e-05
0.0001278468
0.0011018756
0.99966514
0.99998856
0.00025654543
0.00010945252
8.5361884e-05
1.586131e-05
0.99950147
3.4782317e-06
0.9998493
0.018282512
1.0087381e-05
0.9993048
0.00012476883
0.9971
0.99949396
8.166303e-05
0.99659306
0.9969754
1.1010966e-05
0.99849653
3.182294e-05
0.9999869
0.99716526
0.9999317
0.9949379
0.99535984
0.0002568553
8.900947e-06
0.00015325478
1.7913495e-05
0.0016558856
0.9999604
0.73472995
2.8581786e-05
0.69128877
0.00018115155
0.9998097
8.1843355e-05
0.00015484766
0.003116131
0.04456698
0.99940443
2.0686473e-05
0.0039371722
2.883401e-05
0.9997156
9.288295e-05
0.99995196
0.9998702
0.98541784
0.00013578673
0.996403
3.716237e-06
0.00075453974
5.8807167e-05
0.0002763918
0.9999
5.9534323e-05
0.84783494
0.00010148312
0.99464923
0.5191148
0.00031240785
0.0007449037
5.2257e-05
0.99969864
0.9996928
0.9972325
5.8783786e-05
0.0002796225
0.97571427
0.7781631
0.999941
1.6070711e-05
0.9622935
0.9590616
0.00012390582
0.00020616579
1.5349964e-05
0.99922776
0.99972504
4.8039794e-05
0.99986863
0.9987851
0.0017657366
7.8160505e-05
6.842098e-06
0.9992472
2.1788113e-05
0.8467787
0.9997181
0.0002748058
3.7481636e-06
0.00025810214
0.0008287497
0.9998797
0.9958882
0.9984108
0.99556667
0.00048463582
0.99993145
0.002334615
0.9998894
0.99900717
0.99977523
0.00031253058
7.883457e-05
2.3057928e-05
3.8394766e-05
0.9991856
0.8670272
0.00088067463
0.9962549
3.1824625e-06
5.5105747e-06
0.99850696
0.00012512173
0.9967539
0.99987864
0.000118373784
0.9877301
0.94327533
0.9998043
0.121718116
0.00013085574
0.99979025
0.96918744
0.65352154
9.5644e-06
0.79911286
0.9999001
0.99555534
0.9995677
0.99424124
0.9998722
0.9968381
6.4321815e-05
0.0012212424
0.992191
7.5368253e-06
0.0006322068
0.0042890897
1.3931316e-05
7.922852e-06
6.1917795e-05
0.99956805
0.6683873
0.0010623372
0.9997012
0.999961
0.0019102386
1.1661933e-05
0.9995503
6.9525224e-05
0.999918
0.9999199
0.99980336
0.4630916
0.9988789
9.658106e-05
0.00010146406
0.99976176
2.2352726e-05
6.54993e-05
0.9976744
9.671725e-06
0.73660874
0.00016288435
1.7277795e-05
0.9208165
2.4853723e-06
0.0001249317
3.2114727e-05
0.00013208317
6.633006e-05
0.00025824734
0.0011506074
0.99263084
0.9996612
7.1242143e-06
5.909867e-06
0.9967025
0.0003103228
2.4492917e-06
0.99977
0.9993199
8.378684e-05
0.998587
5.4411892e-05
0.99927944
9.615661e-06
1.0
0.03458296
2.4101782e-05
1.2355601e-05
0.0002025284
0.0003843965
5.8353166e-05
1.7658076e-05
6.1452706e-06
0.9931572
0.2677749
4.314148e-05
0.9980101
0.0011528708
1.458548e-05
0.00011493787
0.00030243778
0.9983695
0.9999249
0.9820908
3.8821705e-05
0.0003317347
0.0009741519
0.9925271
0.0002286551
0.9992538
0.00011781905
0.00013933044
0.9999759
2.1517017e-05
1.6678645e-05
0.9988123
0.9998443
0.00017225379
0.9994609
1.287402e-05
0.00019496736
0.9992737
0.43164426
0.9844624
2.6366224e-06
0.9998294
0.99838626
0.9950848
0.9998241
0.0012644544
0.99999166
0.99727374
0.9998474
0.001466635
0.0057691615
7.256292e-05
0.0007101426
7.250973e-05
0.9999628
6.0587276e-06
0.9995321
3.6805992e-05
0.9887505
0.9998987
2.1940514e-05
9.485455e-06
3.2012406e-06
0.6021937
0.9995591
0.99831045
0.99998116
0.9999937
0.9534835
0.9051893
3.5781472e-06
0.0013746676
0.9945967
0.89386135
3.8970855e-05
0.9994148
0.9867068
0.99993646
0.9996724
5.48907e-06
0.001882996
0.9984101
0.9999294
1.0932418e-05
0.69220316
0.00012553499
0.9990381
2.9734056e-06
0.00033686945
0.9998565
0.9964728
0.1499487
0.99529403
0.98834103
1.2255242e-05
4.782751e-05
0.00042689362
0.9999
0.9999311
0.0010712643
0.9999701
0.9993291
0.9996524
0.9999337
0.9994838
1.959313e-05
0.0005104919
0.99951756
5.3821568e-05
0.0023503588
7.2506677e-06
0.99631387
1.0712348e-06
4.7439225e-05
9.050424e-06
0.0004291297
0.9998828
8.525491e-05
0.99863166
0.005087002
0.9997824
0.00020920359
6.096982e-05
7.372487e-05
0.00064536376
2.1703172e-05
7.4427444e-05
0.8042945
0.00012816722
0.993435
1.8852284e-05
0.99996006
2.5506872e-05
0.0065083196
0.004929951
0.30860502
0.9997346
0.0008133197
0.8477246
0.00036918183
1.7938779e-05
9.450385e-06
0.99994874
3.8768616e-05
0.02085929
0.0005325503
0.008844466
0.9999726
9.9404926e-05
0.99964046
0.99924845
0.99656576
0.97754204
9.297191e-05
0.9958616
0.9998041
0.754581
9.5846066e-05
0.99754816
0.1449098
0.999824
0.029618368
0.00017330667
0.9986739
0.9979075
0.00025828157
0.9995468
0.0003946774
0.00018113204
0.00015681554
0.15130112
0.9997261
0.99959093
2.7124523e-05
0.99998415
0.9998116
1.3768147e-05
0.9999716
0.9999511
0.9944917
0.9965402
0.9987526
0.0002447272
0.00024143228
0.99983263
0.0001016753
0.9991867
0.0008410184
0.99983895
0.99905723
0.9883216
0.99992
0.0001460474
0.9998211
0.99912316
2.4584256e-06
0.99978596
2.8196944e-05
8.6179214e-05
1.6014212e-05
8.197401e-06
0.00010648084
0.00035865625
0.99983716
0.95724744
0.9998166
0.0001767411
0.99525106
0.899735
0.0004244189
3.0443178e-05
0.9993038
0.97476214
0.00022064504
0.9980211
0.9996
0.999143
2.8031012e-05
0.99995756
0.0002517274
0.9998159
0.00071454915
0.0002593607
1.7644255e-05
0.99801373
1.2281356e-05
0.99993527
4.8700017e-06
0.9924247
0.00015978984
0.00019038157
0.98549265
0.9999027
0.0024412863
0.9991516
0.99965715
2.0711286e-05
0.992815
0.00051855773
7.506037e-05
0.0028456145
8.481881e-05
0.9573237
0.14759922
0.9997565
0.99612397
0.9734441
5.7663638e-05
0.99996746
3.2150604e-06
0.9870135
0.0015032586
0.00021026927
0.00012054534
0.00011773494
0.9983998
0.00010452434
0.99879825
2.5975036e-05
0.99974376
0.42113554
0.00021017827
0.9992673
4.4259537e-05
0.0001907544
0.9990891
0.0014809396
8.894719e-06
0.99891293
0.9999788
0.00010591567
0.21680525
0.9999411
2.714502e-06
0.00010621504
0.99976295
0.043406963
3.3881348e-05
0.0002650991
1.0234202e-05
1.0465751e-05
0.00027438585
2.311083e-05
0.988214
0.9991285
0.99744034
5.9033886e-05
0.00046950052
0.99937797
0.0005356036
9.985383e-05
0.8010578
0.0001987377
0.999363
0.9999311
0.9998704
0.9995597
1.4483229e-05
7.6650394e-05
0.9666776
0.9997559
0.9997801
0.9970272
0.99946934
1.8634715e-05
0.9996581
0.00030864336
0.9998754
0.99577373
0.00033489327
0.0012619405
7.4346855e-05
4.4121152e-06
0.994635
0.99623424
0.97868526
6.857389e-05
0.99975115
1.1726806e-05
0.9999455
7.173415e-05
0.9989328
0.9990088
0.9990784
0.9999639
0.9994981
0.0002955181
9.007079e-06
5.258649e-05
0.99792874
0.99210066
0.8982586
4.108455e-05
0.99997437
0.99996066
0.9999906
0.0005327549
0.99919707
0.00024019794
0.9978707
0.9959557
0.99974734
0.00024426263
0.00021264797
0.99969244
1.6627888e-05
0.00021566855
1.9266256e-06
0.9995875
0.0007263023
0.58148634
0.9983084
0.9880624
0.0052028927
4.502613e-05
0.9871307
0.99925643
3.0514246e-05
0.9997167
0.93049026
0.00011779895
4.5962028e-05
6.542919e-05
5.6110915e-05
0.9990363
3.164312e-05
0.00060235726
0.9942914
0.99854016
5.333423e-06
0.00097570923
0.99759895
3.8219525e-05
0.99465215
0.00015765814
0.00022918286
0.00029009447
0.00011249061
0.9986594
0.000114820104
8.75697e-06
0.99935967
0.00015011398
0.0003943062
0.9949462
0.029315194
0.00048055663
0.0044491207
0.0003449313
0.00014003196
0.9985948
0.9985869
0.9986205
1.5909241e-05
0.9896492
2.8421296e-06
0.99948263
0.012527632
0.9990627
0.9992601
0.9996099
0.9943363
0.0001933232
0.0004493814
0.00015535003
0.8641078
0.0003708086
0.787017
0.019045522
0.4751838
8.832507e-05
0.9232019
0.9427007
0.0003492524
0.9935027
0.8941228
0.9998561
0.99893826
0.9974728
0.00056739815
1.5566713e-05
0.99456835
0.0038120379
0.00013706196
0.0006565737
0.00066858635
0.9858117
0.9974045
0.99987257
0.9994555
7.471965e-05
0.9999114
0.0004694063
0.0015034603
2.6995984e-05
0.9967056
9.635311e-05
0.00010940995
0.00011675947
0.9998528
0.00073773117
6.046672e-05
0.0001339111
7.197077e-06
9.854705e-06
0.00011890448
0.00074862025
0.9989957
9.300791e-05
0.99993837
0.00026636763
0.00012755273
0.00011976578
0.9993724
0.4902601
3.1997126e-05
0.00095260463
0.9999145
0.9964851
5.82053e-06
1.8983987e-05
5.751063e-06
0.0027719897
0.9481878
0.99967945
0.0020667305
0.999574
0.98000586
0.9996526
4.4747805e-05
0.999816
2.4586536e-05
0.000232491
0.8945862
0.9996741
0.00012903554
2.6333571e-05
0.9968352
2.8514161e-05
0.00036053176
9.610535e-05
0.0009207929
0.99952435
0.9998869
0.00011224288
0.021643952
0.9998301
0.00017860801
0.89968836
0.99875414
5.1815758e-05
0.00069194793
0.9999393
0.00013258753
0.00010921522
0.9991375
0.00048105346
0.9996656
0.00013675074
1.0235187e-05
5.264389e-05
2.1976975e-06
0.00010331007
0.9984725
2.6674941e-05
0.00010981403
0.001658748
0.9997844
0.9999883
0.99773383
0.972569
7.248056e-05
7.3930794e-05
0.9963569
1.687209e-05
0.00020243997
0.0017123284
0.0011959239
0.9994118
0.00020975526
0.000131484
0.9998847
0.000118115124
0.0030340322
0.02594999
0.993414
0.99308455
3.273556e-05
0.99948716
2.0169085e-05
1.0297092e-05
0.040706407
0.99926776
1.4148715e-05
0.99984324
0.9984675
7.809726e-06
7.631195e-06
0.9997577
0.00016106115
0.9997284
0.00030806568
0.83755374
0.0007544359
5.7845165e-05
0.9966995
0.00025608332
2.0544216e-05
0.9115344
0.9997768
0.00010290538
2.5565538e-05
0.9999471
0.99884534
0.99620867
0.99928904
0.9993672
0.99534565
0.9998184
0.00015079902
0.99966896
8.527402e-05
0.005015626
2.3460016e-05
0.00049519644
0.9999976
4.5381115e-05
0.9974152
0.9998011
4.3212258e-05
4.3805205e-05
0.0007464866
0.0002089564
0.9991111
0.00018063842
0.99879575
7.09279e-05
0.0001554883
0.99957854
0.9983638
0.9990213
0.99463093
8.4008934e-05
0.9945416
0.00017240495
0.0011926003
0.00067395536
0.0066406094
3.2277545e-05
0.99727064
1.9220897e-05
0.00062526774
4.6905384e-06
0.022256752
0.99905103
0.99946755
0.99781954
0.9997557
0.9993519
0.9364975
0.99346185
0.99935764
0.000348171
0.9728469
0.99995923
6.1765336e-06
0.5775113
0.99962056
5.712875e-06
0.99950814
0.00015334146
0.9997824
0.99985635
0.9999095
0.9999336
0.9999571
0.99979156
0.00015087784
2.7374825e-05
6.8772315e-05
0.00016963398
0.00053017435
0.00014043899
5.606996e-06
0.9994629
0.99777657
0.9969494
0.0005042434
0.0001480646
0.00056114676
0.00019224749
8.3580795e-05
0.019899268
6.293095e-05
0.9972153
0.000553387
0.997109
1.796893e-05
0.24626218
0.99976736
0.9996126
0.99997413
6.9337375e-06
0.98670095
0.0013641691
0.98563784
2.7410963e-06
3.151955e-05
1.4874652e-05
3.0363502e-05
0.9999056
1.8294973e-05
0.00045024176
0.9996345
0.99984074
0.99995387
9.8504015e-06
0.9989506
0.9486636
1.0
7.0569927e-06
1.5765398e-05
0.99942327
0.035926823
0.00011975869
0.004366091
0.88640994
0.99942696
1.768354e-05
0.00044369377
0.99948347
0.9221239
7.418673e-05
0.9998348
0.00019101231
0.0002242709
2.0621455e-06
0.999684
0.99868935
1.8644598e-05
0.00013581316
0.00029774036
0.9888516
0.0066913706
0.99512696
3.2970755e-05
0.9994437
2.2050071e-05
0.00068757357
0.9996934
0.9998927
0.9993864
0.99998283
0.024611859
0.99979955
0.00010634223
0.00038208952
3.7808586e-06
0.9939242