0.99973863
0.99997437
0.12026002
0.99996567
0.3108978
0.00023836324
0.00011187988
0.9999949
0.11339975
0.7992834
0.00013158447
0.000119324606
0.0010877723
0.20221253
0.9999621
0.0023821692
0.0020846406
0.6013556
0.0033563054
0.9953852
0.9737535
0.0046501085
0.20204122
7.244967e-05
0.0004155021
0.035329636
0.9845605
0.99366015
0.14955346
0.99980503
0.00012076348
0.20839076
0.2753177
0.58945173
0.3531205
0.0025849887
0.9994168
0.9997168
0.99999833
0.99989235
0.005388673
0.6441279
0.0002234562
0.028091377
0.00038605716
0.00010976964
0.9998908
0.99229217
0.0010241376
0.9999329
0.9962676
0.00011060622
0.9998043
0.99995077
0.99417865
0.00053747103
0.99991894
0.0020904257
0.0014162665
0.010052041
0.9999473
0.9998361
0.99978286
0.5149116
0.9568071
0.9394783
0.9999862
1.785428e-05
0.74886477
0.99990463
0.9998677
0.005030891
0.95907336
0.38203123
2.2329982e-06
6.133067e-05
0.00023024337
0.9998597
0.45781487
0.011813426
7.9105295e-05
0.00013024811
0.025273705
0.9998186
0.99985385
0.00014770051
0.99992406
0.9999877
0.9994435
0.9468186
0.00010515165
0.00074544625
0.9998319
0.99990845
5.629129e-06
0.0028618346
0.99940145
0.991211
0.9999976
0.99991715
0.21729128
0.19081098
0.0005753518
0.00056235335
0.0173668
0.0004911338
7.5920834e-05
0.9981431
0.99960726
0.9999865
0.0023224861
0.084209375
0.99945825
0.0021441581
0.05907846
1.8183722e-05
0.0026553986
0.004801987
0.99992514
0.894765
0.99901235
0.9999471
0.016180875
0.9999939
0.0028908686
0.9999238
0.003802832
0.000553247
0.0024716165
0.99706894
0.99944645
0.9926784
0.00019577939
0.99495727
0.00010147073
0.00080938713
0.44557336
0.9999716
0.47686297
0.0002530736
0.99998724
0.0013691416
0.99759907
0.0007736282
0.9831593
0.0002900209
9.217531e-05
0.0004247402
0.0030266996
0.00013651805
0.9999771
0.9961737
0.005298147
6.4885455e-05
0.006415051
0.0035661957
0.9999881
0.00012537625
0.00059188064
0.99974245
0.99994135
0.9999714
0.24409734
0.99997747
0.999828
0.0017210599
0.99999547
0.99979633
0.00073480495
0.0052344594
0.00090435287
0.21977122
0.027234124
0.41592935
0.010083054
6.533218e-05
0.0043140673
0.99999857
0.002002362
0.0014427876
0.44235173
0.00014594883
7.039067e-05
0.99999535
0.9869784
0.9999081
0.01958253
0.30329868
0.00016265496
0.99952984
0.00020064284
0.99997795
0.99994373
0.99997115
0.0066135623
3.0485508e-05
0.16436146
0.9984793
4.5569286e-05
7.242846e-05
0.0007752344
0.9992112
0.99989104
0.99952984
0.99989545
0.99998224
0.00721536
0.9999778
0.0015503996
0.002789048
0.027765473
0.018921895
0.9999944
0.00068182836
0.34461102
0.2096101
0.00061827217
0.0740307
0.0013599122
0.00068121136
4.0915216e-05
0.99996805
0.0029418992
0.000106034
0.0018804928
0.999982
0.99864036
0.00943567
0.015004273
0.00019085484
0.99941146
0.119799525
0.21631761
0.34967443
0.9954976
0.33620554
0.99996185
0.9999964
0.0011214835
0.00020496703
0.00014720659
0.0001020371
0.9999732
0.9973929
0.958269
0.0012428784
0.12555434
0.012016847
0.012898215
0.11615375
0.99999845
0.0003453587
0.9949999
0.0002594455
0.00052712887
0.0018347017
0.99937147
0.99950063
0.99978274
0.9999304
0.9999864
0.0002576662
0.999933
0.99948347
0.5518919
0.002555313
0.00021058868
0.0037842384
0.72780025
0.9998809
0.4373125
0.3284615
0.00018966208
0.00030040834
0.99790764
0.1958126
0.23745142
0.000751937
0.9997913
0.99817955
0.9999964
0.9999956
1.5978623e-05
0.00066450273
0.99990165
0.99980944
0.0068657184
0.99998736
8.290108e-05
0.37534755
0.77920437
0.9998036
0.99900097
0.00038949767
0.9994011
0.0059243036
0.58530796
0.9990349
0.0011416592
0.99998987
0.024923213
0.0012759276
0.8458033
0.99982244
0.9999975
0.0030152018
0.9999014
0.0012087103
0.9999895
0.0017726868
0.003902111
0.70995533
0.99998796
0.9992229
0.99997437
0.0020599088
0.0012555938
9.569666e-05
0.9993298
0.0023868664
0.00037431464
0.018134626
0.00016224726
9.05715e-05
0.99998343
0.9997696
0.00075440103
5.491351e-05
0.3853145
0.9990571
0.87238646
7.77211e-05
0.9999249
0.9999049
0.85057503
0.057613052
0.99991727
0.9999441
0.002765642
0.00015501534
0.0003145486
0.0018587162
0.99984515
0.00242262
0.9996439
0.85554105
0.89750004
0.99991894
0.99992526
0.99973875
0.9973858
5.4588134e-05
0.9999703
0.00090095215
0.99862623
1.132747e-05
0.004480555
0.9999269
0.99997544
0.9999869
0.0012659861
0.9974503
0.0007344759
0.0013554442
0.021119317
0.00846614
0.98369896
0.00061767467
0.00013819872
0.34879383
0.34229615
0.00093771034
0.99999416
3.083094e-05
0.0003736449
0.002081651
0.9996024
0.8854152
0.0017418856
0.000295965
0.99999154
0.9994584
0.98288625
0.00027376943
0.00032428774
0.98136365
0.9999094
0.0028527456
0.007885252
0.9995741
0.99997044
0.00027462482
0.0011666935
0.0045244806
0.1783559
0.9997211
0.9977525
0.001078396
0.00016944534
0.0012601329
0.00028810004
0.9722881
0.99978966
0.0053553474
0.99258536
0.12984782
0.99983454
0.9999492
0.9999542
0.013685595
0.9992336
0.009251832
0.999841
0.99997115
0.00015567687
9.178114e-05
0.9984023
0.0001870909
0.9999949
0.0011150829
0.00018264451
0.019855944
0.0034508822
0.003094919
0.999962
0.99999976
0.9999207
0.003006728
0.003011238
0.008211534
0.00054735405
0.9997607
0.04085561
0.010230968
0.00041436884
0.00018687642
0.9999279
0.9966511
0.9812794
0.008590435
6.785866e-05
0.00088685716
0.0001276194
0.99942786
0.9999821
0.0017529089
0.99985516
0.9999181
0.6107328
0.9998945
0.99924797
0.7276179
0.9421138
0.00011773999
0.5681125
0.0058792653
0.9999914
0.95558167
0.0004468771
0.00019394075
0.99999285
0.99999535
3.7887807e-05
0.97578794
0.00040198962
0.99997437
0.9996195
0.14909676
0.00016336076
0.00022079027
0.26016858
0.00010260564
0.9998983
0.99997723
0.001647169
0.99728906
0.99861014
0.0003558448
0.9999027
0.003979241
0.00032525315
0.017253617
0.005375818
0.9999603
0.002524076
0.0044666072
0.0005074711
0.999941
0.9998779
0.06979525
0.96526784
0.9931278
0.9999913
0.9994349
0.75205123
0.728832
0.9999964
0.00014006841
0.0026162534
0.99606067
0.008006315
0.99977344
0.00013239222
0.00022613598
0.9969626
0.999605
0.0008180061
0.021488076
0.00017143058
0.27329224
0.00029849782
0.986271
9.357852e-05
0.99999034
0.13545029
0.0021232995
0.99993503
0.010155489
7.480256e-05
0.00061763084
0.99997973
0.334446
0.00028354768
0.9994692
0.9999993
0.9899019
0.14628352
0.00010967432
0.9987484
2.6217205e-05
0.987405
0.30149043
6.6647935e-06
0.029138034
0.0007891539
0.00015270586
1.7641447e-05
0.61192805
0.0017935162
0.9998098
0.3361111
0.9996306
0.11385971
0.9998753
0.0030377414
0.0026385756
4.5945333e-05
9.4649986e-05
0.0071489564
0.999918
0.00015757309
0.0027968572
0.12710239
0.99989164
0.99999905
0.42692333
0.0014235595
0.0012278319
0.00012997628
0.999813
9.3351606e-05
0.9999335
0.06858242
0.025955338
0.9997446
0.0003779819
0.99922943
0.9999621
0.0019254164
0.9970521
0.9936399
0.00010429882
0.9991648
0.00055344525
0.99999845
0.9984792
0.9999815
0.9992933
0.99792695
0.0089483345
0.0002786623
7.283975e-05
0.00022508495
0.0043255403
0.9999877
0.75764465
0.00028371505
0.8278771
0.0003082302
0.99999654
2.9913677e-05
0.003154999
0.00024085175
0.12489489
0.99981695
7.552951e-05
0.001932844
0.00079601246
0.99993753
0.0016775205
0.9999981
0.99999666
0.9978011
0.0020040972
0.98887014
0.00010497303
0.09477221
0.29735065
0.007798949
0.99994755
0.00012920667
0.8640278
0.0057401196
0.9994697
0.36517325
0.0014039129
0.0016097075
0.0022100853
0.99987924
0.9999083
0.99857557
6.4119224e-05
0.0003698413
0.9713903
0.8000243
0.999979
0.00027494863
0.9938455
0.9728071
0.23450123
0.0015519875
0.03519631
0.99998164
0.9999473
2.9417053e-05
0.99999106
0.9997887
0.012485636
0.0005259898
0.0001243409
0.99966383
2.2075578e-06
0.93447495
0.99998116
0.0013749007
0.00014223954
0.003986403
0.00077628926
0.99997663
0.9937496
0.99977535
0.99508375
0.44117123
0.9999968
0.001092487
0.99997723
0.9998196
0.9999945
0.0013357518
0.00071294827
0.014305784
0.00048786314
0.99989474
0.70949954
0.00028089306
0.99878746
0.00013954223
0.00019140483
0.9994561
0.00020240118
0.9982704
0.9999726
0.0014782477
0.99144506
0.99915314
0.9998254
0.2517656
0.00052093226
0.99980885
0.9976422
0.20708176
3.1658426e-05
0.83968174
0.99998426
0.99789065
0.999778
0.99807346
0.99998283
0.9989473
0.00044666225
0.015186895
0.9957104
0.00010336959
0.00014650685
0.0034606005
0.00016532376
0.0001415642
0.0006514007
0.99986124
0.7515084
0.3392128
0.9998957
0.9999895
0.0030178663
0.0009967905
0.9998876
0.00082549505
0.9999751
0.999992
0.9999436
0.8324038
0.99915946
0.0017872253
9.72228e-05
0.99994385
0.02746624
0.00027438244
0.9992804
0.00028275402
0.55821973
0.0011978757
0.00022026041
0.9864282
9.3479255e-05
0.0017606498
0.00042004234
0.002346836
0.18513642
0.0017437339
0.0036467179
0.9937622
0.9997482
0.004694572
8.185053e-05
0.997959
0.0029690387
0.00012083075
0.99995065
0.9999738
0.005060697
0.99938834
0.28407696
0.9996991
0.00012653778
1.0
0.0052426476
0.0004408165
0.019463845
1.8960392e-05
0.63569486
0.00094651367
0.00023880658
0.00022367512
0.9942028
0.736012
0.0010432116
0.9977984
0.020086566
0.00013230514
0.0034724455
0.0006742429
0.99870443
0.9998716
0.9871257
0.0011437269
6.6515335e-05
0.0014270017
0.9894789
0.0012987426
0.9993231
0.00082259875
3.7241487e-06
0.9999975
0.00045050323
0.00023272987
0.99948055
0.9999976
0.00021854191
0.99988174
7.24257e-05
0.0003821826
0.9998568
0.5342029
0.8437728
0.00011374084
0.9998932
0.99968326
0.9993642
0.9999622
0.008545381
0.9999958
0.99572927
0.99998665
0.0077458518
0.010510459
0.00067768875
0.01853466
0.0015463423
0.99999845
0.00020148118
0.99999225
0.0059250365
0.9830756
0.99998283
0.00058518065
0.00012751648
6.6049375e-05
0.40870342
0.9999474
0.9994392
0.99999475
0.9999945
0.9992843
0.984303
7.061543e-05
0.11828175
0.9771895
0.89204365
0.00017051227
0.99990916
0.9820271
0.9999939
0.99981564
0.00012972938
0.012824184
0.99930716
0.9999902
0.00011531442
0.47081986
0.42587146
0.9999491
7.204477e-05
0.0010505414
0.9998946
0.99955004
0.3260511
0.99860746
0.9984635
0.00030311843
0.0009368218
0.011770841
0.99997723
0.99999607
0.43140966
0.9999949
0.9997594
0.9999237
0.99998975
0.99977225
0.00035113317
0.0004312258
0.9999461
6.820262e-05
0.0027104768
0.00013722845
0.9956707
3.6029676e-05
0.0011856068
0.00022448614
0.37289238
0.99998987
0.22265866
0.99732167
0.0040123146
0.99995494
0.0011550664
0.0006273205
1.1443424e-06
3.069593e-05
0.00016513975
0.0012435806
0.5738704
0.3000665
0.99302083
0.0007161638
0.9999857
0.06435105
0.020447284
0.014351086
0.5100713
0.9998117
0.07398109
0.76241726
2.4844936e-05
0.02503632
0.00018908175
0.99999225
0.11379621
0.010964013
0.44378895
0.52236927
0.9999987
0.0017330806
0.99988556
0.99979335
0.9969298
0.9666117
0.0019356793
0.99987733
0.99979895
0.39459595
0.0011372529
0.9992951
0.2670673
0.9999125
0.0021074514
0.0016679562
0.99918824
0.99957985
0.17972596
0.9999186
0.0021917066
4.2853266e-05
0.0015685189
0.03221415
0.99995613
0.99948597
0.02118014
0.99999225
0.99997425
2.3337576e-05
0.9999987
0.99997365
0.99551153
0.9992205
0.9991364
0.47790146
0.0059438976
0.99993277
0.30185562
0.9997907
0.08626834
0.99996114
0.99993587
0.9994659
0.9999932
4.440713e-05
0.9999666
0.9998393
0.0001161537
0.9998467
0.00015083008
0.002170678
4.831145e-05
0.00019565996
0.21484518
0.00022348922
0.99990535
0.99809104
0.9998591
0.0014063221
0.9939757
0.7199063
0.004836132
0.0007945528
0.9998109
0.96920645
0.022996379
0.9957995
0.9999025
0.9995832
0.0012367283
0.9999671
2.899958e-05
0.9999442
0.00020911206
0.0020254508
0.017599393
0.9990771
0.00042687022
0.9999988
0.009887625
0.99655956
0.31152773
0.00025769297
0.9953483
0.99999166
0.0019489254
0.9999908
0.9997665
0.0005945185
0.99427855
0.0009522317
0.001378272
0.647307
0.00019058425
0.9803392
0.043861732
0.9999126
0.9993399
0.97792965
0.15175696
0.99998796
9.1807924e-05
0.9896918
0.3603438
0.07280927
0.0012315179
0.0015336288
0.99999714
0.28407332
0.99560994
0.00041661618
0.9998977
0.9025037
0.0013227062
0.999777
0.0011355783
0.4872597
0.9992293
0.00090419385
0.00018805437
0.9994331
0.99999475
0.3649062
0.033918604
0.99999285
6.495225e-05
0.38645455
0.9999032
0.85295606
0.041017115
1.844224e-05
1.722229e-05
0.010810583
0.4987761
0.0021386314
0.9988733
0.9998148
0.9971156
6.4687134e-05
0.5110949
0.99961436
0.0029278412
0.0003143828
0.8267002
0.0033269974
0.9994512
0.99997187
0.9999455
0.9998609
0.0003151159
0.002029956
0.98193306
0.9999312
0.9999287
0.99888855
0.99992466
0.03340098
0.9999963
0.00033185328
0.9999615
0.9999777
0.002852598
0.0007616713
0.0006641355
0.00012973309
0.999519
0.9963954
0.9954898
0.0018545744
0.9999914
5.500397e-05
0.99994004
0.0012818835
0.99963164
0.999718
0.9997391
0.9999851
0.99978703
4.198747e-05
0.019455193
0.0014531859
0.99809533
0.99953806
0.99647117
0.0009338755
0.9999927
0.9999896
0.9999956
0.0020800133
0.9998512
0.0005964729
0.99976665
0.9990243
0.99995124
0.0021664896
0.077032
0.99994135
4.136998e-05
0.0002193958
9.688038e-05
0.99969757
0.0024788114
0.7203819
0.9990169
0.98985505
0.005358841
0.00018923974
0.99863404
0.9999652
0.0010034025
0.99992144
0.9966018
0.0011055182
8.787275e-05
0.00033531367
0.00042956765
0.9997602
0.030325929
0.0032370691
0.99305373
0.9989485
8.415069e-05
3.682449e-05
0.99922276
7.898944e-05
0.98825586
0.0019040711
0.0008663045
0.00066910044
0.0022454658
0.9992867
0.0005025508
0.0001698073
0.99984527
0.0008558807
0.0014043882
0.99993336
0.016655993
0.0011487725
0.00068842823
0.21404472
0.38962904
0.999493
0.9997522
0.99991214
0.0001833136
0.9922949
0.00012079779
0.9994344
0.017630674
0.9999629
0.99971277
0.9999566
0.99754363
0.001568321
0.0047585275
0.34996518
0.9760635
0.5157396
0.7944278
0.0070004268
0.65458584
0.2031754
0.9253881
0.91745377
0.60614955
0.99783486
0.9407745
0.9999609
0.9996414
0.99761885
4.4625674e-05
0.00014500486
0.9937687
0.0035330649
0.00071928994
0.0039309594
0.0030929851
0.9888777
0.99938965
0.9999939
0.99977833
0.00084894185
0.99999475
0.001924438
0.002681141
9.679236e-06
0.99827814
0.00043769644
0.0023233017
0.41427615
0.99999356
0.00013052886
0.14855413
0.0021552716
9.818138e-05
0.00059487956
0.0013496778
0.0043155095
0.9996451
0.0010115977
0.9999771
9.5709256e-05
0.32875878
0.0005436544
0.9995943
0.80773884
0.0007540219
0.00203821
0.99997866
0.997045
0.00020857481
0.00059924106
7.764746e-05
0.42656124
0.9821447
0.9999968
0.006235164
0.99980646
0.98115265
0.9997224
0.0006400927
0.99996376
0.00056135486
0.0006864628
0.4166147
0.9998895
0.0017075471
0.013528719
0.9994815
0.0008110985
0.00047385046
0.00198104
0.003337424
0.9998976
0.9999753
0.0015306628
0.22808051
0.99994314
0.000911477
0.045558028
0.99952614
0.0011208203
9.022088e-06
0.99998224
0.00041721275
0.001172508
0.99993443
0.26678365
0.9999387
0.0019398752
0.0003374297
9.94955e-05
8.549117e-06
8.0000755e-06
0.99946576
0.003653667
0.0020017037
0.47420508
0.9999764
0.99999976
0.998458
0.99717546
0.00017522485
0.0015120225
0.9995378
5.412483e-05
0.48546714
0.0019405105
0.2177037
0.9998629
0.46089947
6.289825e-06
0.9999442
0.065871544
0.004811458
0.06484843
0.9963959
0.9988595
0.00021558405
0.999629
0.0005636726
0.020535871
0.26266226
0.9998209
0.00051317544
0.99991846
0.99940467
0.00026813443
8.684488e-05
0.99987185
0.0020965203
0.9999589
0.0014920087
0.8583334
0.064908706
0.00069992157
0.9989567
7.954813e-05
0.00046301342
0.8898217
0.9999249
0.0014936222
1.8366734e-05
0.9999913
0.99992514
0.9994216
0.9997099
0.9998399
0.99940467
0.9999397
0.0021241908
0.9999964
0.0019016376
0.83718985
6.5630535e-05
0.0028221996
0.9999999
0.0009376925
0.9981299
0.99993634
0.0013673869
0.0012132284
0.0004231808
0.002485891
0.9994929
0.005367775
0.9998387
0.0009841927
0.40597367
0.9998504
0.9995378
0.9996039
0.99014914
0.0005320224
0.9951196
8.4270265e-05
0.0073154336
0.009515315
0.006839792
6.336163e-05
0.9999013
0.032638345
0.39462742
0.00014702605
0.074919336
0.99907875
0.9996562
0.9991862
0.99990475
0.9997855
0.91190565
0.9983487
0.99939764
0.0029544565
0.99829775
0.999979
0.000116989824
0.35124823
0.99978083
0.0002089787
0.99950266
0.0019795208
0.9998667
0.99998844
0.9999713
0.9999515
0.9999889
0.99989426
0.00032063923
0.00040736338
0.0001138513
0.0029502006
0.005514156
7.1360046e-06
0.00012324512
0.9999275
0.9990134
0.99483395
0.42327824
0.49245787
4.0433275e-05
0.3903964
0.18428072
0.29034394
0.00058950734
0.9986124
0.00024379914
0.99888176
0.00016838424
0.5019876
0.99995315
0.9998429
0.9999969
8.2882434e-05
0.9973031
0.0012511809
0.99423075
7.2959316e-05
0.00038493137
0.0005231191
0.08979579
0.9999362
0.00034431036
0.00018156657
0.9999199
0.9999633
0.9999937
0.00017429404
0.9994785
0.97024566
1.0
0.0002462852
0.00012473327
0.9999064
0.005489441
0.0021858707
0.075431205
0.97699624
0.9998599
0.018807752
0.0048042005
0.99985516
0.994419
0.0013854231
0.9999242
0.4968526
1.5933567e-05
9.1075555e-05
0.99997175
0.99984944
6.5665525e-05
0.0015805998
0.005375762
0.9929081
0.014021671
0.99437994
0.00029630918
0.9999908
0.00031051814
0.00076393737
0.99992776
0.9999732
0.9998134
0.99999
0.01576851
0.99998224
0.0017617221
0.00020583993
8.811052e-06
0.9999708