0.9999684
0.9999994
1.1688059e-08
0.9999963
2.5136282e-07
4.228308e-07
1.4943446e-07
1.0
2.3417975e-07
0.96696687
5.903063e-10
5.5185456e-08
3.9905999e-07
2.1060969e-06
0.9999999
4.0276475e-08
3.3068087e-08
0.9999169
3.217898e-06
0.99451536
0.993505
5.8249947e-07
1.16095784e-07
4.818082e-08
1.476452e-07
0.00013046701
0.42292896
0.99812096
1.6721045e-06
0.99999917
6.66037e-08
4.1248322e-07
0.017526742
3.1616124e-05
4.4642412e-08
7.360566e-09
0.99998236
0.99999654
1.0
0.99999785
1.6469172e-05
0.3833307
1.6889888e-07
1.197391e-08
1.6720998e-07
2.2401042e-07
0.9999982
0.99725634
2.1450454e-07
0.99999976
0.9999931
6.372193e-08
0.9999807
0.99999964
0.94426185
1.446447e-07
0.9999988
0.00036059244
3.9770626e-07
1.677149e-05
0.9999987
0.9999975
0.9999901
1.123263e-07
0.9834504
0.96812975
0.9999999
7.5817255e-09
0.8300096
0.9999976
0.99999523
4.5774945e-05
0.91291463
0.2892068
6.2002275e-13
1.6937497e-08
1.06939495e-07
0.99999774
8.228617e-08
3.774089e-08
4.975245e-08
2.7802082e-07
9.477424e-08
0.9999981
0.9999964
2.3743647e-07
0.99999857
0.9999994
0.9999958
0.99950695
7.138832e-08
8.419109e-07
0.99999166
0.9999989
3.096586e-12
9.183307e-06
0.9999808
0.99920964
1.0
0.9999989
9.624247e-08
2.3128923e-08
7.024776e-07
2.7277602e-07
2.9932075e-08
7.827951e-08
2.3629722e-08
0.9999566
0.9999833
1.0
4.052649e-06
1.2639879e-08
0.9999881
1.2050086e-06
4.232116e-07
4.2129495e-09
9.745236e-07
0.0006925489
0.9999913
0.87456393
0.9999982
0.9999993
4.00081e-05
0.9999999
3.4343404e-06
0.99999905
3.4003297e-06
1.5183203e-06
1.7041768e-07
0.9997032
0.99999356
0.9998847
1.8866466e-07
0.9999403
4.6449717e-08
8.213625e-07
0.18943113
1.0
3.1484961e-07
1.4125251e-07
0.9999999
4.0874008e-07
0.9991345
1.5874178e-07
0.9995229
1.07992655e-07
7.085912e-08
2.1755104e-12
3.9439565e-06
3.2344605e-08
1.0
0.9991499
1.7706343e-09
1.0933484e-07
2.1235921e-05
9.78388e-09
1.0
2.1310736e-08
1.00516324e-07
0.99999046
0.9999994
1.0
0.34398293
1.0
0.9999981
6.443734e-07
1.0
0.9999919
9.617995e-07
1.883276e-07
8.786523e-07
2.1771385e-07
0.00031738923
0.30006742
5.1089584e-05
7.881495e-08
2.103914e-05
1.0
2.5198058e-05
6.589501e-07
0.43749693
2.035883e-08
6.370552e-08
1.0
0.99884725
0.9999963
4.33736e-08
1.3045097e-07
1.2919149e-07
0.9999964
1.8530605e-07
0.99999964
0.9999987
0.9999999
3.9213846e-05
3.4099564e-08
1.1221815e-07
0.99990547
1.8739894e-10
2.2029566e-08
1.1212074e-05
0.9999974
0.99999917
0.9999875
0.9999976
1.0
3.959767e-05
0.9999999
4.551163e-06
9.939526e-05
7.733108e-08
4.289478e-08
1.0
5.453454e-06
1.8353883e-07
5.5318033e-08
7.1040176e-07
0.0865665
1.0591494e-06
9.875204e-07
6.7153294e-10
0.9999988
1.9218269e-06
8.686661e-08
1.0850443e-06
0.9999999
0.9999716
7.57795e-05
2.1118172e-08
9.564572e-08
0.99999285
1.7449611e-07
0.85223544
4.4760153e-08
0.998936
4.306075e-05
0.99999976
1.0
2.4295747e-07
2.0863945e-07
2.0261719e-07
1.4472597e-07
0.9999988
0.9998853
0.99960464
8.941898e-08
1.2937643e-07
0.00033205902
3.6717783e-08
0.0047959383
1.0
7.220922e-07
0.9998907
5.0117575e-07
7.8167363e-07
7.5938556e-07
0.9999356
0.99976987
0.9999976
0.99999917
1.0
4.327081e-07
0.99999833
0.9999571
0.7807368
2.284616e-05
1.7225655e-07
3.8212942e-08
0.83465147
0.99999523
9.033393e-06
0.4077741
2.2447279e-07
6.557248e-07
0.9996997
8.772482e-05
0.10054382
1.0209354e-06
0.99998045
0.99984753
1.0
1.0
1.3968891e-11
3.823227e-07
0.99999905
0.99999917
2.626921e-08
0.9999999
4.4401748e-08
4.8728964e-08
0.9605616
0.99999225
0.99931335
2.6017997e-07
0.9999722
7.0977594e-06
0.1304073
0.9999745
8.597413e-06
1.0
6.6284336e-08
4.217213e-07
0.9737637
0.9999962
0.9999999
0.00038952086
0.99997365
1.8707166e-05
1.0
4.0089542e-08
3.7059135e-07
0.19227627
1.0
0.9999746
0.99999404
4.0668434e-07
3.9463575e-07
6.0987986e-08
0.9999137
3.6239553e-07
4.0412453e-07
1.6891347e-05
9.419844e-08
1.4884549e-07
0.9999999
0.999997
8.1517255e-06
5.688914e-08
1.1428957e-07
0.99999213
0.86868036
1.4761882e-08
0.99999976
0.99999845
0.9061633
1.0698704e-07
0.999998
0.99999964
2.5642248e-06
1.06190505e-07
3.3323576e-07
7.9228684e-08
0.9999887
5.417686e-11
0.9999865
0.8653086
0.9829008
0.99999905
0.9999995
0.99998677
0.9999738
6.69187e-09
0.99999964
8.158712e-12
0.99997497
3.5032863e-09
1.4865624e-07
0.99999845
1.0
1.0
4.1555095e-06
0.9999647
1.2710142e-06
2.3240538e-08
3.6092933e-07
1.1533726e-08
0.9996111
1.6695566e-06
1.570016e-08
1.4000446e-07
1.6236032e-07
1.06465706e-07
0.9999999
6.258104e-08
6.291003e-08
9.33448e-06
0.9999894
0.9976501
6.196672e-08
3.3336448e-07
0.99999964
0.99999964
0.99923146
1.3444393e-06
1.0052587e-08
0.9989348
0.99999666
5.2505805e-11
6.76552e-07
0.99998736
0.99999976
1.2516405e-07
3.2592263e-07
2.4776882e-06
2.5073433e-07
0.9999956
0.9997557
2.155182e-06
9.63231e-08
3.3769134e-06
2.3042779e-07
0.9949362
0.9999912
3.2754005e-10
0.4903581
2.0538316e-06
0.9999995
0.9999993
0.9999993
6.035741e-08
0.99989676
1.1213444e-08
0.99999917
0.99999964
4.582895e-08
4.6822162e-08
0.99959654
7.415965e-08
0.99999964
3.5232338e-07
9.6422355e-08
2.2707496e-08
9.689599e-08
9.78305e-07
0.99999976
1.0
0.99999774
1.3287859e-11
1.12829e-05
6.5901084e-05
4.1736737e-07
0.9999976
2.7099311e-08
0.0016174545
1.2187223e-06
8.607085e-08
0.99999785
0.97472715
0.9802162
2.086764e-08
1.8974996e-08
2.4306948e-06
1.0178521e-07
0.99992466
0.99999964
2.1180251e-06
0.9999987
0.99999535
2.1247205e-07
0.99999726
0.99994886
7.821093e-06
0.98244447
2.0965788e-07
0.0040467666
3.781151e-07
0.9999994
0.978369
4.262491e-07
4.9780546e-08
1.0
0.9999999
1.4136189e-08
0.9456077
5.411673e-07
1.0
0.999987
0.118363194
1.1393783e-07
2.3300306e-07
1.0242926e-07
1.0976068e-07
0.9999999
0.9999999
1.8677704e-07
0.99989974
0.9998233
6.75058e-07
0.99999297
1.7298667e-05
1.4287356e-06
3.024796e-08
1.8546864e-08
0.99999976
1.2543242e-07
6.388058e-06
2.8939297e-05
0.99999833
0.99999917
1.14970845e-07
0.9350128
0.9995702
1.0
0.99997234
2.2286273e-05
0.00024005416
0.9999999
1.3353464e-06
3.44464e-06
0.9996898
4.6505484e-08
0.999995
2.0089551e-07
1.7691235e-07
0.99984825
0.9999846
9.106083e-07
4.855579e-07
7.9502676e-08
0.582514
5.260482e-07
0.9961063
1.1583534e-07
0.99999976
1.3464329e-07
5.0897704e-09
0.99999666
6.1346384e-07
2.7691307e-08
5.3783174e-07
0.9999994
0.36459053
1.8912061e-07
0.9997968
1.0
0.998145
2.1426187e-07
6.644243e-08
0.99977154
2.0151292e-08
0.99987197
4.5073202e-07
9.510393e-13
1.3771637e-08
4.1728896e-07
1.9064965e-08
2.9127657e-08
3.663577e-06
2.0961849e-07
0.9999937
5.5826644e-07
0.9999918
2.6680962e-07
0.9999989
6.936014e-08
7.355948e-06
1.9938339e-08
8.880794e-08
8.354311e-08
0.9999851
8.847369e-08
4.9010275e-08
2.096195e-07
0.99999917
1.0
3.9684548e-07
2.3085737e-07
6.3487694e-11
6.976374e-08
0.999998
3.7446547e-08
0.9999975
1.0578004e-05
4.001048e-08
0.9999969
1.8027262e-06
0.99996877
0.99999964
1.647497e-07
0.9999665
0.9993537
8.5812665e-08
0.99989986
1.406145e-07
1.0
0.999974
0.9999999
0.9999734
0.9998977
3.42987e-05
2.567736e-07
6.061619e-08
3.3344485e-08
1.501665e-06
0.9999993
0.97837925
6.920644e-07
0.5622898
5.155411e-07
1.0
4.7240382e-11
4.763213e-07
1.9481465e-10
0.00087627553
0.9999261
2.0186171e-07
3.7061466e-06
4.304739e-08
0.9999975
8.0154805e-08
1.0
1.0
0.99914813
2.0538442e-07
0.998968
1.0023528e-07
2.3083733e-07
3.244817e-08
4.698583e-07
0.9999995
4.889281e-08
0.99899524
7.563804e-08
0.9998889
0.033717975
6.4877116e-07
6.0375423e-06
8.5604405e-08
0.9999976
0.9999999
0.9999442
4.8182357e-13
3.373848e-07
0.9975259
0.3402595
0.9999999
1.7932871e-07
0.9975441
0.96815926
2.3834508e-07
1.4436952e-06
4.090746e-08
1.0
0.9999974
1.2515193e-10
0.9999999
0.9999813
1.93532e-05
1.4956578e-06
6.89586e-08
0.99998164
1.115576e-12
0.9993507
0.9999981
1.1775023e-06
3.708745e-08
1.2636713e-05
1.8913018e-09
0.9999993
0.9996774
0.9999949
0.999724
1.5165922e-07
0.9999999
2.5604235e-05
0.9999999
0.9999974
1.0
6.8861857e-07
2.3314608e-06
5.7392327e-08
3.1014924e-08
0.99999976
0.8751881
1.7808628e-07
0.9999076
4.4355004e-09
1.1341276e-08
0.99999344
7.2382866e-13
0.99986315
0.99999917
8.738372e-07
0.9997801
0.9999875
0.9999975
0.138148
1.0214029e-06
0.9999902
0.99973506
0.02941014
1.8697605e-08
0.81893575
1.0
0.99976546
0.9999976
0.99998
0.9999999
0.9999666
9.9480474e-08
9.157238e-05
0.9980567
2.6863459e-08
7.6176987e-10
7.424703e-05
4.086816e-08
2.1613229e-07
1.1877482e-07
0.9999962
0.72011995
8.144487e-08
0.99999666
0.9999999
6.9737193e-06
6.5436647e-09
0.999995
1.0314568e-06
0.99999964
1.0
0.99999666
0.009796635
0.9999311
2.0909002e-07
1.1965016e-10
0.99999964
1.5544951e-07
6.692913e-07
0.9999956
1.5256559e-07
0.42168978
6.63384e-07
5.029881e-07
0.9891872
1.0270878e-08
6.5670855e-07
1.8522493e-07
6.1619386e-07
1.5889674e-07
1.365486e-06
3.219678e-06
0.99976116
0.99999416
7.2862694e-09
4.5297424e-09
0.9999176
1.2584404e-06
4.4084036e-08
0.99999857
0.99999976
9.508396e-06
0.99981564
6.150678e-08
0.9999982
2.3633854e-07
1.0
0.00029803943
2.5797436e-07
1.5421884e-08
1.1182997e-10
3.2357386e-07
2.2002272e-08
3.1750184e-07
9.604901e-08
0.9999312
0.054247927
2.464385e-07
0.9999069
9.1374364e-05
6.230996e-08
6.264529e-08
2.1063981e-06
0.99991965
0.9999927
0.9996878
2.8589164e-07
7.196641e-10
1.1261959e-05
0.99909866
3.8702387e-07
0.9999827
4.3942336e-07
9.25572e-13
1.0
6.9315826e-07
1.3224357e-07
0.99994457
1.0
7.700238e-13
0.9999906
3.8842703e-08
4.973429e-07
0.999998
0.8225078
0.99720216
4.7169323e-08
0.9999974
0.9999957
0.9996973
0.99999917
9.712587e-05
1.0
0.99932766
0.9999989
2.382606e-06
0.0072032004
1.2745582e-07
6.0557886e-10
3.1735078e-07
1.0
1.4954595e-07
1.0
2.7127857e-08
0.99867415
0.9999999
4.0685075e-07
2.1032697e-07
9.494738e-08
0.3201919
0.9999999
0.9999747
1.0
1.0
0.9997445
0.9967871
3.0045733e-08
9.277164e-08
0.9947438
0.85056
1.9830098e-08
0.9999951
0.9999825
1.0
0.99999475
1.2742143e-07
1.6034064e-05
0.9999627
1.0
7.39544e-08
0.3884903
4.6228145e-08
0.99999976
6.9108674e-09
3.628552e-06
0.9999958
0.9999989
0.27038717
0.9999796
0.9999641
4.4341995e-08
5.135199e-07
7.508735e-07
0.9999999
0.9999999
3.1680875e-06
1.0
0.9999417
0.9999969
0.99999976
0.9999937
2.6901586e-07
1.499572e-08
0.9999994
6.661298e-08
0.00012927804
1.2173037e-07
0.99957055
9.8146264e-09
2.483841e-07
4.099049e-08
2.3041308e-07
1.0
1.9232019e-08
0.999701
0.0006487651
0.9999914
3.9167894e-06
2.491159e-12
3.205552e-08
6.847346e-10
5.8157198e-08
4.327477e-07
0.57334715
2.135106e-07
0.9990514
5.8996687e-08
0.99999976
2.6412549e-08
6.5279244e-05
0.00042215074
0.3704137
0.9999877
6.7987585e-08
0.96614355
4.193854e-08
5.4838246e-08
2.1457486e-08
1.0
1.9150427e-08
0.00196006
5.754864e-07
1.5216531e-05
1.0
6.5275614e-08
0.99999857
0.9999943
0.9998184
0.9980585
1.5557691e-06
0.9999999
0.9999939
0.3429052
5.512985e-07
0.9999914
0.24310139
0.9999989
1.2427676e-05
6.618895e-07
0.9999924
0.9999745
6.425717e-07
0.99999833
8.147227e-07
9.1410726e-08
7.923579e-08
0.0016796404
0.99999845
0.99996245
3.2548215e-08
1.0
0.9999999
1.1272416e-08
1.0
0.99999917
0.99993324
0.9999696
0.99994326
2.191907e-07
7.33688e-07
0.999997
1.6517131e-07
0.99999523
2.6056534e-07
0.9999999
0.999995
0.99991226
1.0
2.685481e-11
0.9999999
1.0
4.6157925e-08
0.99999297
2.5434568e-07
1.1484865e-07
1.4069237e-08
5.6636765e-08
8.980972e-08
5.0056906e-07
0.99999845
0.94634515
0.9999964
1.7034599e-06
0.9997267
0.7305216
9.834678e-07
3.5891242e-07
0.99997306
0.9997633
1.1604848e-08
0.9999541
0.9999964
0.99997747
5.400794e-08
0.99999976
3.2115723e-09
0.9999951
6.671565e-07
3.8280905e-07
2.1452209e-08
0.9999114
9.3735316e-08
1.0
1.8176621e-08
0.99995697
4.5582073e-07
2.754913e-07
0.99880385
1.0
1.1216438e-05
0.9999999
0.999997
2.5556605e-07
0.999553
2.25566e-06
2.605435e-07
3.4527604e-06
3.1319702e-12
0.99940753
0.008390259
0.9999925
0.999106
0.9957437
1.3947127e-07
0.9999999
8.702382e-08
0.9976458
6.0027915e-08
6.252794e-07
1.2059226e-06
3.5619712e-07
1.0
1.8931097e-07
0.9827734
3.7075077e-07
0.9999987
0.30681586
1.3896359e-06
0.9999908
2.8199182e-07
2.739202e-07
0.99995446
1.5303621e-08
2.8784225e-07
0.9999901
1.0
6.393303e-08
0.020133374
1.0
1.0247945e-08
6.0238605e-08
0.99999833
6.245876e-05
2.5246337e-07
1.9530388e-10
3.0431677e-09
3.571519e-08
9.957501e-08
2.2585558e-08
0.9999931
0.9999987
0.9992149
5.6023076e-08
3.664307e-07
0.9997975
3.764876e-07
1.9988933e-07
0.9457539
1.5501324e-06
0.99998426
0.99999917
0.99999774
0.99999857
1.4200674e-07
4.667388e-08
0.9980969
0.9999995
0.9999993
0.9998566
0.9999745
5.2660738e-08
1.0
3.5005834e-07
0.99999976
0.9999999
2.611537e-07
3.560046e-05
2.5246604e-06
3.4244717e-08
0.9998938
0.9999814
0.9997471
6.263107e-07
1.0
2.0551994e-08
0.99999976
5.0857557e-07
0.99998546
0.9999858
0.9999964
1.0
0.9999944
2.1596678e-08
3.3139816e-08
1.9576979e-07
0.99994814
0.9999949
0.98434824
2.369951e-07
0.99999976
1.0
1.0
2.276922e-07
0.99998665
1.6315159e-06
1.0
0.9998272
0.9999995
3.1244917e-07
1.4649539e-06
0.99999964
7.51183e-08
4.6952908e-07
5.115818e-08
0.9999895
2.311442e-05
0.95098174
0.9999356
0.99966717
0.00026073874
3.4080646e-08
0.9998629
0.9999999
4.8980604e-07
0.99999964
0.9922782
7.950827e-07
1.2903855e-07
2.533823e-08
3.5772325e-07
0.9999902
1.00092564e-07
4.9501473e-06
0.99951446
0.9999478
7.124726e-08
2.383975e-10
0.9999943
1.3637913e-07
0.9950287
7.16658e-07
4.000236e-07
9.150211e-07
6.465778e-08
0.9995609
3.241236e-07
1.7335114e-07
0.9999902
4.80259e-07
1.3203884e-06
0.99986315
0.00082837825
6.3325156e-06
4.2315756e-07
2.7737221e-06
3.4616454e-07
0.999977
0.9999869
0.9999994
2.1113225e-07
0.99923897
4.095061e-09
0.99996805
0.00041394916
0.99999976
0.9999958
0.99999857
0.9999201
4.2780354e-07
3.1172137e-06
5.3325916e-08
0.98482054
1.8314992e-06
0.84752524
8.461087e-05
0.9239956
2.6613085e-07
0.97265923
0.94333357
2.1746628e-07
0.99997497
0.9780418
0.99999917
0.9999893
0.99999404
9.153753e-09
1.7556457e-07
0.99983835
3.8128113e-05
1.8071417e-07
4.8772617e-06
1.6843394e-05
0.99670345
0.9999839
1.0
0.9999931
5.2745477e-08
1.0
8.817709e-06
3.8380487e-05
3.4817045e-12
0.9995347
3.3655215e-07
1.769888e-07
6.999406e-08
0.9999995
3.2634523e-10
9.572693e-08
1.09135456e-07
4.2298844e-08
6.9613906e-09
7.34012e-07
7.086769e-07
0.9999615
5.4322733e-08
0.9999999
2.7354903e-09
1.2953608e-07
6.268832e-08
0.99997616
0.40930995
3.2312917e-07
2.4542192e-05
0.9999999
0.9998374
7.672329e-08
3.3555256e-07
5.871202e-08
8.987223e-07
0.98679256
0.9999999
3.2612395e-06
0.99999475
0.99733573
0.9999957
2.5256932e-07
0.9999995
5.509238e-07
5.3614536e-07
0.2545078
0.99999976
4.7133622e-07
4.034475e-08
0.9999325
2.8237207e-07
1.1394914e-07
9.709486e-08
6.746339e-05
0.9999981
1.0
1.1868219e-07
9.701054e-05
0.9999993
1.9487622e-07
0.15975657
0.99999094
1.3339981e-07
5.7964917e-09
1.0
9.3991325e-08
9.0661194e-07
0.9999882
1.15432e-06
0.9999988
3.5919697e-07
2.7514207e-07
2.4422565e-07
1.3265516e-12
3.1136248e-12
0.9999691
1.2814578e-09
3.786636e-07
3.6641638e-06
0.9999999
1.0
0.99967265
0.99909973
1.3575134e-07
2.8590446e-07
0.99999356
5.9612596e-08
2.3436944e-07
3.7260113e-05
2.7859408e-06
0.9999845
2.8297646e-07
1.754095e-14
0.9999988
1.991839e-07
1.0751674e-05
0.00019991414
0.99941266
0.999962
2.5679444e-07
0.99994314
2.0117255e-07
3.016028e-08
0.005006271
0.9999989
4.009884e-07
0.9999994
0.9999765
1.907994e-07
8.7124796e-08
0.9999969
3.2481854e-08
0.99999976
5.510704e-07
0.84777164
1.4872955e-07
6.1229196e-07
0.99998903
8.948382e-08
1.907239e-07
0.14645801
0.99999976
4.599034e-07
1.6646821e-11
1.0
0.9999875
0.9999919
0.9999927
0.9999969
0.9999633
0.99999845
1.2747174e-07
1.0
2.253582e-07
2.9409623e-05
4.490441e-08
3.5199056e-07
1.0
4.079857e-07
0.99993277
0.99986935
2.3469465e-07
1.5265655e-07
1.0994942e-06
3.137804e-07
0.9999665
2.2115373e-07
0.9999858
2.2168119e-07
2.0646178e-07
0.9999968
0.99996006
0.9999584
0.99980026
1.5990231e-06
0.9997595
3.280981e-08
6.414339e-05
4.6793147e-07
0.0077745197
1.2304177e-07
0.99999964
5.1735853e-08
2.3394024e-07
6.8922574e-08
0.00084867975
0.99999404
0.9999857
0.99997497
0.9999988
0.9999968
0.86071175
0.9993481
0.9999678
6.693718e-06
0.99912995
0.9999999
1.5821477e-07
0.8237364
0.999997
7.5106556e-08
0.9999738
2.792277e-07
0.9999982
0.9999999
1.0
0.9999995
0.9999999
0.999997
3.200323e-07
2.3871536e-08
1.4613411e-07
2.3733067e-08
1.1944541e-10
1.6450077e-12
1.6059997e-07
0.9999994
0.9999802
0.9998018
6.6057595e-07
5.7589595e-08
5.0622817e-10
3.61231e-07
2.0755303e-08
0.0008902526
1.5162568e-06
0.9999517
1.4152484e-08
0.99997056
1.2024574e-07
0.41084683
0.99999905
0.99999833
1.0
4.739722e-08
0.99769586
4.030652e-06
0.9997528
5.393969e-08
3.650519e-07
2.7767794e-07
4.426797e-08
0.99999917
4.870471e-07
7.490411e-07
0.9999931
0.99999905
1.0
6.366034e-08
0.99998903
0.9900795
1.0
9.025241e-08
2.6476554e-08
1.0
0.00030613187
2.183016e-07
1.8394953e-06
0.24151388
0.9999939
5.4403305e-08
9.992772e-06
0.9999968
0.9982017
1.2666008e-07
0.9999937
1.8242548e-07
2.6035276e-11
5.98458e-08
0.99999964
0.9999865
2.9434096e-08
3.0820178e-07
6.0389298e-06
0.99738556
6.0200102e-05
0.9996044
9.768142e-13
0.9999949
1.2503197e-07
1.105678e-06
0.99999774
0.9999989
0.9999944
1.0
0.00022098486
0.9999999
6.930763e-08
4.46116e-07
9.850855e-10
0.99999976