0.99996984
1.0
4.4921206e-19
1.0
7.871064e-17
1.4324393e-15
3.1642875e-15
1.0
7.713698e-18
0.9987575
2.2138964e-15
1.200661e-16
8.359421e-17
3.3240782e-12
1.0
1.59382e-14
2.2877746e-15
0.9999999
2.4564097e-11
0.997752
0.9999144
2.4354601e-17
2.5107564e-18
1.266149e-17
9.299811e-18
1.1746137e-09
0.09531144
0.99998593
4.3392625e-12
0.9999995
2.4151803e-17
3.023888e-17
4.813288e-06
2.222501e-12
2.4511464e-17
1.07384025e-19
0.9999895
0.99999774
1.0
0.9999989
7.968777e-15
2.6404563e-05
3.9409157e-17
1.6508137e-19
3.572047e-17
2.095697e-17
0.99999905
0.9996038
4.6809665e-19
0.9999995
0.9999851
2.1171212e-15
0.99999905
0.99999726
0.9922259
3.3838066e-16
0.9999999
6.1272124e-07
1.061996e-15
7.5991345e-11
1.0
1.0
0.9999987
1.1730178e-16
0.9996056
0.9794708
1.0
5.019459e-17
0.79115576
0.9999987
0.9999999
7.5554656e-13
0.9898303
0.97411954
2.9156477e-21
7.5475495e-19
1.5621073e-18
0.9999999
1.7307582e-18
2.269026e-16
9.33679e-16
2.5413354e-15
1.7550805e-16
1.0
0.9999908
4.595203e-15
0.9999989
1.0
0.99999845
0.9998876
4.815267e-17
3.7342189e-16
0.9999956
1.0
3.0147512e-19
2.3727012e-11
0.99994254
0.9993156
1.0
1.0
2.5142835e-18
3.5580225e-19
1.2312275e-15
2.1153189e-17
1.1702194e-17
4.061534e-17
1.0904357e-17
0.9999846
0.9999665
1.0
1.5410452e-11
4.7384912e-20
0.99999917
6.943219e-18
6.572479e-18
4.1960093e-18
8.225018e-17
9.030007e-09
0.99998534
0.9940586
1.0
1.0
1.4795797e-11
0.9999999
1.1790086e-13
0.99997425
5.3129485e-15
3.613728e-16
1.4343242e-17
0.99972254
0.9999949
0.9995183
8.310465e-15
0.9999529
2.7063493e-17
1.5260283e-15
0.033322208
1.0
3.808928e-17
6.0717944e-14
0.9999999
1.568623e-17
0.9999329
1.1157965e-17
0.9999821
2.2986621e-18
2.8819587e-18
8.98281e-22
9.326125e-13
1.15288124e-17
0.99999964
0.9999795
2.2951637e-20
2.191837e-16
5.1286926e-09
8.5669266e-19
1.0
8.490953e-20
5.660387e-18
0.99999976
1.0
1.0
0.99921787
1.0
0.9999908
3.8814014e-17
1.0
0.9999869
2.212578e-16
4.5186296e-16
4.8367355e-16
8.5995184e-16
2.045137e-09
0.04428636
5.4162474e-08
2.0917594e-17
6.000985e-11
1.0
1.1904828e-14
1.5178878e-16
0.9458559
6.955088e-20
1.2950232e-17
1.0
0.99994016
1.0
1.1539549e-17
1.3168528e-17
3.129293e-17
0.9999999
5.3212387e-17
0.9999994
0.99999976
0.99999976
1.3877016e-10
1.9425498e-15
8.9330055e-18
0.9999571
6.382114e-17
7.8140645e-19
2.436606e-11
0.99999547
0.9999907
1.0
1.0
1.0
9.572834e-13
1.0
7.1472242e-12
5.011166e-13
4.2085954e-17
5.782304e-16
0.9999999
2.1699154e-16
4.5977035e-18
1.1768807e-17
2.7580568e-15
0.0040499503
5.848456e-16
1.450244e-13
1.2302256e-18
0.9999993
1.4713003e-15
5.2472407e-17
4.2597345e-16
1.0
0.9999558
1.331234e-07
7.6826545e-19
1.3719656e-18
0.99999976
4.3549115e-18
0.7111003
1.5636209e-19
0.9998179
9.611163e-13
0.99999905
1.0
3.4781e-16
1.4862263e-15
1.5902724e-15
5.995967e-17
0.99999976
0.999403
0.9996513
3.5245765e-18
1.5203383e-17
1.474078e-08
1.7672995e-18
2.630464e-06
1.0
3.036954e-15
0.9994815
2.0543711e-13
4.0906752e-16
3.1020874e-17
0.99999976
0.9997551
0.99999964
1.0
0.9999999
7.251475e-15
0.99999976
0.9999895
0.9881612
9.095607e-09
2.591429e-15
8.5394347e-16
8.888245e-05
0.9999999
6.0898626e-11
0.99974614
5.0544676e-17
1.5407138e-14
0.99995387
1.4655099e-09
3.9074473e-07
5.5979486e-16
0.99989593
0.99997663
1.0
1.0
1.4014121e-19
4.123024e-17
0.9999999
0.9999999
8.1966717e-17
1.0
6.4746037e-19
9.598832e-17
0.99954337
0.99999833
0.9999422
1.08982495e-16
0.9999751
3.3893782e-10
0.0024291882
0.99977213
1.2557692e-16
1.0
1.737393e-18
7.597705e-17
0.795333
0.9999999
1.0
9.093598e-12
0.9999864
3.422661e-13
1.0
2.020376e-18
4.921231e-16
5.544316e-06
1.0
0.999997
1.0
8.8713744e-17
9.811297e-16
2.4017925e-18
0.99999905
5.2946706e-18
1.6845834e-16
2.382883e-11
4.0216934e-18
2.4441355e-16
0.99999917
0.99999905
7.674904e-12
4.2903585e-17
5.467075e-19
0.9999912
0.67528456
6.286093e-17
0.99999976
0.9999982
0.9944252
4.672869e-18
1.0
0.9999987
7.166768e-13
9.04373e-16
1.859522e-15
8.831426e-18
0.99997675
1.5400958e-19
0.9999887
0.99031866
0.9957788
1.0
0.9999994
0.9999994
0.99998677
3.2800056e-19
1.0
1.5309813e-19
0.9999926
3.2855798e-18
3.5025967e-17
0.99999964
1.0
1.0
2.547849e-11
0.99999523
8.968774e-14
7.859568e-18
3.1730708e-14
1.1445854e-18
0.99993575
3.9221545e-13
3.0836657e-20
1.186744e-18
1.1738146e-16
2.0121694e-18
1.0
1.1853292e-16
2.7825156e-19
1.9541705e-11
0.9999995
0.99963856
5.116387e-18
1.1990603e-14
1.0
0.9999988
0.9997769
1.247754e-13
9.120657e-13
0.9999354
0.99998164
6.6040415e-19
1.1566458e-09
0.9999728
1.0
1.10800956e-16
5.386162e-17
1.3288592e-15
1.9652447e-16
0.9999871
0.99987435
2.0102696e-15
1.9221818e-16
4.3208265e-13
4.1751094e-18
0.9996793
0.99999964
8.3073374e-20
0.17970373
8.262888e-12
1.0
0.99999976
1.0
3.8656686e-15
0.9999474
3.3470718e-19
0.9999999
0.9999995
6.381401e-19
5.794357e-17
0.99999833
1.3017338e-18
0.9999999
1.6485074e-15
1.4808436e-16
4.602562e-19
7.3926574e-17
8.154165e-17
0.9999995
1.0
0.9999995
1.4668756e-19
2.1463841e-11
2.1774813e-09
6.147698e-16
1.0
2.849971e-17
1.7535036e-05
1.0680306e-12
8.488958e-17
0.99999976
0.99956375
0.99934286
7.207642e-18
1.5868453e-19
1.0755356e-15
3.3211945e-16
0.9999857
0.9999999
1.4444322e-14
0.9999949
0.9999994
6.3766626e-17
0.9999999
0.9999255
1.5807331e-09
0.9995041
4.75005e-15
0.00013468869
1.5039233e-15
1.0
0.9993499
2.4019495e-17
7.1761475e-18
1.0
1.0
1.88654e-19
0.99961734
1.343211e-15
0.9999999
0.99998677
0.0018990391
1.21052514e-17
2.86339e-14
1.25752794e-17
4.4803727e-15
1.0
1.0
8.816951e-18
0.9999114
0.9998348
4.525409e-16
0.99997115
9.615679e-12
5.131935e-15
3.290859e-19
5.324163e-17
0.99999976
1.0431796e-17
4.1971407e-13
1.8264639e-13
1.0
0.9999981
3.734103e-17
0.9854224
0.99997723
1.0
0.99963784
1.0221941e-05
1.04700075e-10
1.0
8.0690485e-15
4.8591637e-14
0.9999782
2.7436268e-16
0.9999993
5.3276424e-15
7.781827e-17
0.9999801
0.99999714
4.905939e-15
7.6307815e-19
7.53872e-18
0.995432
1.0814351e-15
0.9998381
2.0205786e-16
1.0
3.4902194e-17
1.0746035e-17
0.99999774
2.107909e-16
1.1130073e-18
8.6556656e-16
0.9999993
1.6732127e-05
3.3930208e-17
0.9999738
1.0
0.9992459
3.901725e-13
5.921677e-19
0.9999901
2.5998837e-16
0.9999957
1.0426636e-15
3.4985455e-20
2.320916e-13
3.494696e-17
5.470097e-20
3.525212e-16
2.1387757e-10
3.9596772e-17
0.9999982
1.8856633e-18
0.99999857
3.0900072e-16
0.9999999
1.693067e-17
8.699025e-13
3.366035e-19
5.8985257e-18
1.4885654e-13
0.9999784
4.9476427e-15
2.9102739e-18
4.160196e-18
0.99999654
1.0
8.928275e-17
1.0054689e-17
9.524897e-17
3.475101e-17
0.9999988
1.1094127e-18
0.9999999
4.998039e-10
6.96646e-18
0.9999999
2.3170767e-13
0.99999475
0.99999905
1.8012227e-17
0.9999814
0.99999785
1.0267678e-17
0.99984264
3.6528243e-17
1.0
0.9999995
1.0
1.0
0.99991345
1.0017025e-08
7.089895e-17
2.629897e-17
1.0241464e-18
6.346965e-11
0.99999964
0.9917795
2.9065728e-15
0.9957058
1.0094365e-14
1.0
3.395764e-18
1.6777011e-17
1.2493626e-11
1.2736588e-05
0.9999007
1.3173717e-15
1.3347214e-12
4.727879e-18
0.9999989
7.037237e-19
1.0
1.0
0.9997247
3.9339916e-17
0.99994266
1.3862238e-16
6.121876e-19
1.3363298e-18
1.2073535e-15
1.0
1.5501105e-18
0.88645387
7.021347e-16
0.9999864
0.35317302
1.3086265e-15
1.5314607e-11
3.7314953e-18
0.99999344
0.9999999
0.99999654
3.4739142e-21
1.4648089e-16
0.9996482
0.9887869
0.9999987
6.345848e-16
0.99998033
0.99929154
2.4723318e-17
2.3609715e-16
4.9135914e-18
0.9999988
0.99999297
3.9649672e-17
0.9999993
0.9999459
8.649527e-12
4.9741353e-12
7.5522225e-17
0.99997175
1.5171032e-20
0.99900526
0.99999976
8.7585975e-16
2.0060524e-19
3.817062e-12
6.0408336e-15
1.0
0.99997437
0.9999943
0.99962974
7.5673924e-17
0.9999988
2.1609282e-16
1.0
0.9999951
1.0
5.3767423e-16
2.3680556e-13
8.4948897e-16
1.503549e-17
0.99999964
0.99451774
1.4395476e-14
0.99997115
3.2682882e-20
5.1517917e-20
1.0
3.4660895e-22
0.9997446
0.9999939
1.8426173e-15
0.9997372
0.9999999
0.99999976
0.0034211199
2.9230512e-15
0.9999993
0.99999416
7.7272404e-08
2.187348e-19
0.9703409
1.0
0.99971133
0.9999969
0.9999502
1.0
0.9999938
1.4596675e-14
1.1207751e-09
0.9999685
4.2355403e-17
3.014802e-16
3.4913888e-11
7.435874e-17
2.9111665e-15
5.97683e-17
0.999998
0.9943281
3.5290582e-17
0.9999999
0.99999964
6.173774e-08
9.466243e-19
0.9999987
1.6927134e-15
1.0
0.9999999
0.99999654
0.005232936
0.99998975
2.1930232e-17
6.023704e-18
1.0
1.6374447e-16
3.4503635e-15
0.9999473
4.4947138e-17
0.052878644
1.0511048e-17
1.1235328e-15
0.99949193
2.8704698e-19
3.1993133e-17
1.7130447e-16
2.9022282e-16
1.0959702e-16
1.7085156e-16
7.722249e-11
0.99997807
0.9999975
1.052336e-18
6.1164604e-19
0.9999435
1.579479e-17
1.8867795e-17
0.99999905
1.0
7.9887816e-13
0.9999769
5.571778e-19
0.9999975
5.0644677e-16
1.0
1.6261911e-06
4.0918746e-17
1.305139e-19
3.4671922e-19
2.91223e-17
1.5498747e-17
5.1928816e-16
5.9938176e-17
0.99921215
0.0011670353
2.3139174e-18
0.99980944
5.240806e-06
1.7996233e-16
3.714028e-18
4.8335864e-14
0.9999927
0.9999994
0.99982184
7.5919075e-18
4.8982083e-18
1.6936185e-14
0.99996245
2.944279e-16
0.99998045
3.651236e-17
5.025659e-20
1.0
1.1944215e-15
6.283066e-19
0.99997866
1.0
1.0596249e-22
0.9999931
3.9744013e-17
4.4228313e-19
0.99999297
0.095465705
0.99999154
6.750785e-18
0.99999976
0.9999994
0.99995387
1.0
2.223658e-09
1.0
0.9999604
0.99999976
1.1233705e-14
6.4890024e-05
4.8913928e-18
2.557875e-18
1.8639656e-17
1.0
2.912941e-17
1.0
8.33528e-18
0.99940014
1.0
2.6580074e-16
1.5374926e-15
2.8154158e-16
0.6426099
1.0
0.99998546
1.0
1.0
0.9999951
0.9999659
1.2272866e-18
2.433128e-18
0.9981154
0.99934417
1.888164e-15
0.99999523
0.99999297
1.0
0.9999883
3.1493296e-16
2.3492737e-09
0.99977726
1.0
1.3011486e-17
0.012229145
1.7526844e-17
1.0
4.9629987e-20
1.8322674e-12
0.9999958
0.99999404
0.016267858
0.99999523
0.9999505
1.183571e-17
7.7506016e-17
3.0342997e-13
1.0
1.0
3.1592668e-17
1.0
0.9999995
0.9999918
1.0
0.99999833
6.8981606e-16
1.6433025e-15
1.0
3.1231665e-15
2.9654696e-09
1.3656392e-15
0.99998724
7.655326e-20
1.05887655e-16
7.088049e-19
3.5592092e-16
1.0
3.61749e-18
0.99999034
2.5457955e-10
0.99999225
6.1189005e-11
1.3194196e-21
6.7697652e-18
2.9259473e-18
1.7329459e-17
6.539994e-17
0.89136297
4.8130086e-17
0.99989974
2.485777e-19
1.0
2.7595456e-19
6.497244e-11
3.7536857e-12
0.4336409
0.99999523
7.038342e-18
0.8844655
3.9313684e-16
3.9609762e-17
8.55814e-19
1.0
1.0143787e-19
5.947875e-06
4.3112108e-17
7.945235e-12
1.0
2.9779498e-17
1.0
1.0
0.99959534
0.99990916
1.8085683e-14
1.0
0.99999714
0.20703742
5.02438e-18
0.99999917
4.878055e-05
0.99999976
1.073777e-11
9.481937e-17
0.9999982
0.9999827
2.3221522e-16
0.99999964
6.290846e-16
2.330414e-16
1.1653242e-16
0.12624219
0.9999999
0.9999894
2.3069834e-16
1.0
1.0
4.913329e-18
1.0
1.0
0.9993575
0.9998958
0.9996383
2.7349523e-17
5.121958e-16
0.9999969
4.4205753e-17
0.9999999
4.007176e-18
0.99999964
0.99999666
0.99999714
1.0
4.7722e-18
1.0
1.0
1.5425256e-17
0.99999046
8.237646e-16
3.440253e-17
4.323002e-17
1.5608461e-16
1.3338401e-17
5.9224286e-17
0.99999905
0.91894513
0.99999905
6.1093607e-15
0.9999882
0.8632741
2.7035364e-14
2.8696404e-17
0.99996054
0.9999981
6.2061984e-18
0.99998987
0.9999697
0.9999782
5.459718e-19
1.0
2.124259e-20
0.99999297
3.59809e-15
3.4296265e-17
5.502077e-19
0.99999917
5.5384447e-19
1.0
1.8267632e-17
0.99987805
3.2373853e-16
4.0937656e-16
0.99999595
1.0
1.3399115e-13
1.0
0.9999969
1.7004651e-17
0.99987316
5.8034016e-18
3.4440707e-19
6.844575e-11
4.4747075e-20
0.99975485
1.4178508e-07
0.99995327
0.99999917
0.9995596
1.5539725e-16
1.0
1.3118697e-16
0.9996878
5.615977e-17
1.9824346e-16
4.6259468e-15
6.7506336e-17
1.0
1.0161226e-17
0.9999902
5.267178e-16
1.0
0.998381
7.006524e-16
0.9999995
7.729394e-19
2.2387607e-17
0.99999547
1.1067676e-16
5.247724e-16
0.9999995
1.0
5.1541554e-18
0.00026120426
1.0
1.3432799e-19
5.167208e-18
0.9999999
0.017292112
3.0746862e-16
3.491245e-17
3.3526178e-19
5.0527712e-17
1.3773735e-16
2.2798194e-16
0.9999652
0.99999964
0.9986808
2.1749695e-17
3.1546544e-17
0.9999536
3.6557245e-13
7.297398e-16
0.96248454
9.116881e-17
0.9999862
1.0
0.9999995
0.9999999
1.6046023e-18
3.781176e-17
0.99553406
1.0
1.0
0.99995613
0.9999976
9.368247e-18
1.0
7.473793e-14
1.0
1.0
1.8194896e-16
9.806883e-12
1.0263038e-13
6.925228e-19
0.999997
0.99999845
0.99999905
2.4722897e-13
1.0
7.496028e-16
1.0
1.4150859e-16
0.99999833
0.99998844
0.9999999
1.0
0.9999994
1.5734721e-16
1.3418576e-17
3.0165922e-19
0.998539
0.99999976
0.9996873
1.5155264e-17
1.0
1.0
1.0
8.206594e-16
0.9999994
5.911772e-14
0.9999999
0.99996984
1.0
4.0941698e-17
1.3656607e-14
1.0
9.342103e-15
1.9079793e-17
3.1650088e-17
0.9999987
1.8460157e-11
0.98966986
0.9999484
0.99970907
1.2600906e-12
3.9302097e-18
1.0
1.0
2.0367447e-16
0.99999964
0.99984777
1.9659418e-16
3.9108461e-16
1.2552192e-15
1.1251528e-17
0.99995637
1.2411817e-16
8.8915944e-11
0.9999417
0.9996519
4.652206e-16
7.644132e-17
1.0
6.411497e-16
0.9999634
1.34854395e-17
1.0593371e-16
5.991726e-13
1.05696364e-16
0.99997234
2.8917295e-16
1.0020807e-16
0.99999034
1.5337961e-15
4.2659994e-14
0.9999924
2.2252613e-07
9.45081e-13
2.4812983e-17
1.1904724e-16
2.0974485e-17
0.99999547
0.9999888
0.99999714
2.3520462e-15
0.99996996
3.7276077e-20
0.9999602
2.5070582e-10
1.0
0.9999777
0.9999994
0.999998
1.05575824e-17
1.2261093e-15
3.5262304e-18
0.9994
9.638511e-14
0.8617609
6.403688e-08
0.9697427
2.885326e-17
0.99700624
0.64852357
2.4096125e-17
0.9998859
0.99692756
0.99999964
0.9999993
0.9999993
2.5254823e-18
4.472959e-16
0.999964
7.919839e-10
3.0807338e-15
2.147348e-13
1.2386253e-12
0.9996094
0.9999677
1.0
0.9999993
8.7389024e-17
1.0
3.984879e-12
6.8207874e-12
2.054791e-20
0.9999968
4.7023583e-17
3.3759656e-17
1.7054089e-17
1.0
7.398501e-16
2.7094274e-17
2.7599998e-18
1.1984319e-17
1.7471488e-19
1.785025e-17
2.5627808e-16
0.9999757
1.5825196e-16
0.99999917
1.4447124e-19
6.7177745e-18
3.1982132e-18
0.9999671
0.9748181
1.728819e-17
5.3435586e-15
1.0
0.9999982
6.8777866e-19
1.679462e-17
1.0934515e-17
1.3841863e-13
0.9987005
0.9999999
3.9646576e-13
0.9999511
0.99799794
0.99999607
9.094195e-18
0.99999917
2.7232832e-16
2.8856578e-16
0.0025142017
0.99999976
5.6382545e-18
1.3117983e-18
0.99994886
7.448901e-18
1.0246945e-16
3.0197484e-18
1.9252322e-11
0.9999995
1.0
2.48611e-18
1.6763733e-10
0.9999995
2.3561927e-17
0.99986553
0.9999945
2.8258824e-18
1.2123269e-18
1.0
2.3694436e-16
1.1453216e-14
1.0
6.6491737e-16
1.0
7.010397e-17
3.1479225e-17
1.0784572e-14
1.3887979e-21
2.3531462e-18
0.99999523
8.6907314e-17
2.3423722e-18
8.6139866e-11
0.99999964
1.0
0.9998723
0.9999776
4.0698453e-14
1.4821758e-18
0.9999591
5.695196e-17
4.676081e-17
3.2735858e-12
1.2829482e-15
0.99998295
3.618347e-17
2.059532e-19
1.0
1.7044918e-17
1.2883223e-09
1.7949032e-08
0.99956316
0.99995816
9.966602e-16
0.99999976
8.219996e-18
5.8869944e-18
1.4299748e-05
0.99999845
3.9237872e-16
1.0
0.9999975
9.868949e-17
6.7211324e-18
0.99999964
4.0715747e-15
0.9999999
4.6032515e-17
0.99980444
1.4434365e-16
9.021854e-15
0.99999976
5.0866176e-16
3.0815871e-18
0.982031
0.9999993
6.997168e-18
2.3818359e-20
1.0
0.99993885
1.0
0.9999708
1.0
0.99999785
0.9999999
1.5001172e-17
1.0
1.5316372e-17
5.3048184e-06
9.289929e-16
3.0559898e-15
1.0
3.4423402e-17
0.9999995
0.99999726
3.4316402e-18
3.2543579e-18
5.620737e-16
1.6220576e-16
0.9999989
2.7781965e-13
0.9999881
2.3369738e-17
1.7147373e-17
1.0
0.9999863
0.9999993
0.9998436
1.6488307e-12
0.99983287
1.1570001e-18
7.111075e-10
7.125468e-17
6.076247e-09
1.0520355e-17
1.0
2.721703e-17
2.8691918e-17
5.707764e-18
4.3179213e-07
0.99999964
0.9999995
0.99999475
1.0
0.9999958
0.654281
0.9998982
0.999943
3.3835163e-12
0.99985325
1.0
8.148323e-16
0.99157906
0.9999999
3.212264e-17
0.999995
2.1918023e-17
0.9999999
1.0
1.0
0.9999999
1.0
0.9999981
8.176217e-17
5.3191456e-18
5.8559373e-15
1.4104136e-16
3.2377032e-18
1.5801163e-19
2.0455667e-16
0.99999905
0.99999595
0.99960047
3.1623535e-17
5.311565e-17
9.4676605e-17
7.530212e-18
2.384211e-18
4.275174e-09
1.7370652e-14
0.99996877
5.879633e-18
0.99998856
1.8917306e-17
0.00028210992
0.99999976
0.99999976
1.0
7.833058e-16
0.9999516
2.7970588e-11
0.9999646
1.3066747e-17
1.3838457e-13
8.869108e-17
3.0134537e-18
0.9999981
9.308163e-16
2.8849769e-15
0.9999999
0.9999999
1.0
1.3674676e-17
0.9999826
0.999881
1.0
2.8459622e-17
2.5056376e-18
0.9999999
1.211558e-09
3.3570476e-18
1.3178663e-12
0.9976357
0.9999974
6.6532585e-16
1.0266475e-11
0.9999645
0.9994419
1.5627809e-18
0.9999999
1.3425942e-18
1.1042484e-19
2.194739e-17
1.0
1.0
7.8342226e-16
2.971629e-17
1.5790066e-09
0.9995635
4.45372e-08
0.99990726
8.343889e-21
0.9999995
2.9287935e-19
2.2711054e-15
0.99999857
1.0
0.9999994
1.0
5.282734e-08
0.9999999
3.2933849e-18
5.982076e-17
1.4572666e-18
1.0