0.9999653
1.0
0.0
0.9999994
0.0
0.0
0.0
1.0
0.0
0.90708196
4.907817e-35
0.0
0.0
1.7766791e-21
1.0
0.0
0.0
0.99289703
3.319724e-39
0.99648905
0.99933773
0.0
0.0
0.0
0.0
2.2751042e-29
0.9893594
0.9990964
4.326317e-25
0.99997675
0.0
5.7387443e-33
0.00013009929
1.9190043e-29
1.3692893e-32
0.0
0.9999715
0.9998276
1.0
0.99997854
0.0
0.9176161
0.0
0.0
0.0
4.564498e-34
0.9999881
0.89853716
0.0
0.9999974
0.99977297
0.0
0.99998915
0.99996305
0.99104846
1.2718386e-37
0.99999845
2.8502052e-28
0.0
0.0
1.0
0.99999976
0.99999976
0.0
0.9834653
0.90914696
1.0
4.177216e-31
0.70380694
0.999998
0.99999917
5.312565e-37
0.9492601
0.007057099
0.0
0.0
0.0
0.99999976
0.0
0.0
0.0
0.0
0.0
0.99999976
0.9999821
0.0
0.9999924
0.99999535
0.99995244
0.9969599
0.0
0.0
0.99999833
0.99999976
1.8036617e-34
2.4772612e-31
0.9998673
0.99790037
1.0
1.0
0.0
0.0
0.0
0.0
0.0
1.7354496e-36
0.0
0.99992466
0.99994683
0.99999976
0.0
0.0
0.999949
0.0
1.49730365e-33
0.0
0.0
1.2668849e-22
0.9999796
0.9631984
0.9998061
0.9999993
1.8387225e-20
0.9999988
1.7261213e-35
0.99982446
4.1494875e-38
0.0
0.0
0.9995365
0.9998716
0.99955314
2.5456756e-35
0.9997416
0.0
0.0
0.024340238
0.9999995
0.0
0.0
0.9999988
0.0
0.99312407
0.0
0.97820365
0.0
0.0
1.4363596e-34
4.142305e-24
0.0
0.999995
0.9997385
0.0
0.0
0.0
0.0
0.9999999
0.0
0.0
0.9999051
1.0
1.0
0.10847488
1.0
0.99990296
0.0
1.0
0.9998865
0.0
0.0
0.0
1.895428e-33
2.5273964e-36
0.7942785
2.0737428e-37
0.0
2.6382644e-34
0.9999999
6.7923635e-36
0.0
0.58839065
0.0
0.0
1.0
0.9993855
0.99999857
0.0
6.049616e-39
0.0
0.99998486
0.0
0.9999833
0.99999976
0.9999896
1.4540403e-33
2.1658433e-34
0.0
0.9995789
4.5858252e-34
0.0
1.8750987e-24
0.99979836
0.99998116
0.9999603
0.99999964
0.99999976
1.0425501e-34
1.0
1.9183962e-37
1.2601022e-24
0.0
0.0
0.9999994
5.550198e-36
0.0
1.1266366e-36
0.0
0.001470294
0.0
0.0
9.4606726e-36
0.99999964
0.0
0.0
0.0
1.0
0.9999447
1.0465485e-38
0.0
0.0
0.9999987
0.0
0.41533536
2.0946915e-38
0.99688256
3.8264533e-22
0.99999285
1.0
0.0
0.0
5.2996915e-37
0.0
0.9999994
0.99723214
0.99862516
0.0
8.267203e-39
3.1890973e-20
0.0
4.914175e-05
1.0
0.0
0.97120935
2.977001e-21
0.0
0.0
0.99999
0.99304116
0.99996686
0.9999999
0.9999994
0.0
0.9999987
0.99993527
0.7851961
3.2666106e-32
0.0
0.0
0.0055581843
0.99999726
5.6502e-27
0.8084612
0.0
5.469692e-38
0.99567986
2.0267844e-05
0.42306763
0.0
0.99960583
0.9998673
0.9999999
1.0
1.94312e-38
0.0
0.99999917
0.99999654
0.0
0.9999982
0.0
0.0
0.95378894
0.99999845
0.99831784
0.0
0.99938023
0.0
0.30889323
0.9998172
5.030356e-36
0.99999857
1.2517667e-30
0.0
0.92496586
0.99999833
0.9999994
5.092877e-28
0.9999975
8.8847456e-26
0.9999999
0.0
0.0
0.020126253
1.0
0.99996996
0.9999995
0.0
0.0
0.0
0.9999598
0.0
0.0
8.7823585e-37
0.0
0.0
0.9999994
0.9999473
4.290749e-33
8.201508e-35
0.0
0.9998331
0.3143077
0.0
0.9999957
0.99998975
0.77522546
0.0
1.0
0.9999863
0.0
0.0
0.0
0.0
0.9999714
6.865437e-35
0.99999225
0.7552864
0.9946849
0.9999871
0.99999297
0.999997
0.9981629
0.0
1.0
1.6190754e-34
0.9999466
0.0
0.0
0.9999894
1.0
1.0
9.678364e-24
0.99988973
2.2289122e-30
0.0
6.803268e-32
0.0
0.99955934
4.886515e-37
0.0
0.0
0.0
0.0
0.9999999
0.0
0.0
4.509028e-28
0.99999917
0.9984102
0.0
2.3803996e-36
0.9999999
0.9999851
0.9995497
1.1259818e-24
7.421352e-28
0.99939513
0.9999889
1.328398e-30
0.0
0.9999527
1.0
6.9847107e-34
0.0
5.478705e-26
0.0
0.99960774
0.9990132
0.0
0.0
1.634314e-36
0.0
0.993995
0.9999981
2.3188616e-29
0.9717419
2.0994067e-20
0.9999995
0.999992
1.0
1.1576939e-32
0.9998584
0.0
0.9999821
0.9999951
0.0
0.0
0.9999193
0.0
0.9999994
0.0
0.0
0.0
0.0
0.0
0.99996424
1.0
0.9999974
8.427721e-31
0.0
6.380069e-32
0.0
0.99999964
0.0
4.6664027e-05
6.3461915e-37
0.0
0.9999993
0.9870997
0.98275673
0.0
0.0
2.398943e-27
0.0
0.99993765
0.9999999
4.1134595e-38
0.9999465
0.99999404
0.0
0.9999999
0.99988663
2.7038273e-35
0.99270517
0.0
0.0019963337
0.0
1.0
0.9803565
0.0
0.0
0.999998
1.0
0.0
0.9841712
0.0
0.9999995
0.99984443
0.00053080136
0.0
0.0
0.0
0.0
1.0
1.0
0.0
0.9996613
0.9994628
2.449497e-28
0.9999598
0.0
2.7193964e-34
0.0
4.269933e-32
0.99997103
0.0
3.4415756e-34
1.9948985e-31
0.9999999
0.999992
2.6684266e-34
0.9886058
0.99681073
1.0
0.999629
3.4196656e-28
1.7048655e-21
0.99999964
3.0455756e-29
2.077403e-35
0.9999622
0.0
0.99999774
0.0
0.0
0.9992449
0.99999344
0.0
1.8399089e-27
0.0
0.023907717
0.0
0.9923658
0.0
1.0
0.0
6.3058156e-38
0.99999917
0.0
0.0
0.0
0.9999999
0.061726313
1.7724634e-34
0.9998658
1.0
0.9959549
2.1679666e-35
0.0
0.99992573
9.515492e-39
0.9998584
2.3007009e-30
2.3000896e-35
1.3046443e-22
0.0
0.0
0.0
4.6735417e-35
0.0
0.99999917
3.680087e-38
0.99989164
0.0
0.9999286
0.0
2.7010735e-36
0.0
0.0
0.0
0.99974614
0.0
0.0
4.251998e-35
0.99996495
1.0
0.0
0.0
0.0
0.0
0.999998
0.0
0.9999995
1.948888e-06
0.0
0.99999917
0.0
0.99957556
0.9998878
0.0
0.99900407
0.9984863
0.0
0.99909663
0.0
1.0
0.99985635
1.0
0.99992883
0.9998098
1.1146912e-38
0.0
0.0
0.0
3.6602246e-28
0.99998987
0.64239174
0.0
0.6390702
0.0
0.99999917
0.0
0.0
1.1272015e-33
2.9493489e-05
0.9999609
0.0
3.2065512e-29
0.0
0.99990785
0.0
1.0
1.0
0.9962824
0.0
0.99591535
0.0
4.083935e-33
0.0
0.0
1.0
0.0
0.9995865
0.0
0.9997234
0.0026416
0.0
1.0660237e-35
0.0
0.999982
0.9999995
0.9998894
2.3535694e-32
2.007173e-31
0.99582666
0.8955744
0.9999883
0.0
0.99915004
0.9730383
0.0
0.0
0.0
0.99991894
0.99999607
3.6512966e-37
0.9999931
0.9997514
2.0966848e-28
1.0205797e-37
0.0
0.9998274
0.0
0.97257274
0.99999833
0.0
0.0
0.0
4.2683184e-33
0.99999905
0.99957865
0.99999034
0.99951375
3.0432465e-33
0.9999989
6.1168694e-30
0.9999981
0.99896383
1.0
3.896431e-39
0.0
0.0
0.0
1.0
0.774493
1.5620843e-32
0.999894
0.0
0.0
0.9999664
1.6945513e-34
0.9999082
0.9999664
0.0
0.9990121
0.99932003
0.99999857
0.0018349855
0.0
0.9999975
0.9990374
0.48644534
0.0
0.7393537
1.0
0.9992095
0.9999219
0.9990565
0.99999976
0.9999832
1.3528147e-33
4.321217e-34
0.9991009
0.0
4.5375138e-29
5.424291e-23
0.0
0.0
0.0
0.99999213
0.9422839
0.0
0.9999976
0.99999166
4.9505805e-33
0.0
0.9999968
0.0
0.9999999
0.99999833
0.99994445
0.07756578
0.99988985
0.0
0.0
0.9999999
0.0
0.0
0.99977595
0.0
0.899107
0.0
0.0
0.9348866
0.0
0.0
0.0
0.0
0.0
0.0
1.3803734e-36
0.9998723
0.999992
0.0
0.0
0.99967706
0.0
0.0
0.9999974
0.99999964
0.0
0.99995995
0.0
0.9999553
0.0
1.0
8.9306286e-07
0.0
0.0
3.032529e-32
2.1007892e-38
0.0
0.0
0.0
0.99630094
0.013018358
0.0
0.9996642
0.0
0.0
5.7433568e-36
1.7716446e-35
0.99996626
0.9999999
0.9949857
0.0
1.0020817e-29
7.602129e-35
0.9994671
0.0
0.99999094
0.0
1.4634496e-34
1.0
0.0
0.0
0.99996006
1.0
1.5484403e-30
0.99999464
0.0
0.0
0.99986446
0.48663446
0.9999479
0.0
0.99999964
0.9999186
0.9998981
1.0
2.0373979e-38
1.0
0.99995136
0.99999964
0.0
8.047907e-28
0.0
8.495635e-31
0.0
1.0
0.0
0.9999994
0.0
0.9983388
1.0
0.0
0.0
0.0
0.30636114
0.99999857
0.9998765
1.0
1.0
0.9999902
0.9995252
0.0
5.3467954e-32
0.99979967
0.97026205
0.0
0.9999819
0.99785525
0.99999964
0.9999788
0.0
0.0
0.9994313
1.0
0.0
0.49130568
0.0
1.0
0.0
1.1790976e-37
0.99999666
0.9999906
0.0015821598
0.9999844
0.99828196
0.0
0.0
1.6965383e-25
1.0
1.0
1.5391607e-28
1.0
0.9999938
0.9999958
1.0
0.9999132
0.0
2.6019612e-28
0.9999999
1.5856986e-38
8.055209e-30
0.0
0.9980399
0.0
0.0
0.0
7.373136e-33
1.0
0.0
0.9994019
1.6581768e-29
0.9999995
1.0478234e-37
1.5715005e-36
1.504956e-23
3.188983e-38
0.0
0.0
0.32199475
0.0
0.98804593
0.0
1.0
0.0
5.7574832e-21
1.4428339e-27
0.25757828
0.99999833
0.0
0.9606501
1.4119916e-30
0.0
0.0
1.0
0.0
1.1739792e-06
5.358254e-38
1.101398e-23
1.0
0.0
0.99999964
0.9999988
0.9994855
0.9992625
0.0
0.9999989
0.9999988
0.091378875
0.0
0.99998784
0.002325603
0.99991655
1.3896397e-11
0.0
0.9999962
0.9999368
0.0
0.99999964
0.0
1.4288632e-32
0.0
0.0008115732
0.99999964
0.9999958
0.0
1.0
0.99999976
0.0
1.0
1.0
0.9989612
0.99904805
0.9985991
1.7955317e-36
0.0
0.99999785
0.0
0.99999464
3.920015e-32
0.9999962
0.9999827
0.99960655
0.99999976
3.0421292e-35
1.0
0.9999993
0.0
0.99999344
0.0
0.0
0.0
0.0
0.0
6.97556e-39
0.9999975
0.99526125
0.9999982
0.0
0.9997793
0.6674941
0.0
0.0
0.9990619
0.9983051
2.3186244e-35
0.99996877
0.9998636
0.99998665
0.0
1.0
0.0
0.9999937
2.293043e-30
0.0
0.0
0.99996614
0.0
0.9999999
0.0
0.9995962
0.0
0.0
0.9997603
1.0
1.7242762e-30
1.0
0.9999883
0.0
0.99763846
0.0
0.0
1.0405725e-32
5.1109642e-33
0.99816066
6.0693234e-05
0.9999695
0.99999344
0.98972124
0.0
1.0
0.0
0.99057215
0.0
3.6823935e-36
0.0
0.0
0.99999964
0.0
0.9925648
0.0
0.9999999
0.4465532
0.0
0.9999974
0.0
0.0
0.9997776
0.0
0.0
0.9999938
1.0
0.0
0.0038685733
1.0
0.0
0.0
0.99999964
3.3244622e-25
0.0
0.0
0.0
0.0
0.0
0.0
0.99761885
0.9999906
0.9882302
0.0
0.0
0.9998354
3.539725e-31
0.0
0.93137884
0.0
0.99998057
1.0
0.99999976
0.9999999
0.0
0.0
0.9233801
1.0
1.0
0.9983931
0.99992037
0.0
0.9999981
1.683548e-32
1.0
0.9999999
0.0
2.422209e-26
0.0
0.0
0.9994042
0.9996309
0.9999877
1.1321895e-37
0.9999994
0.0
1.0
0.0
0.99998283
0.99988234
0.99999964
1.0
0.9999573
8.40414e-35
0.0
0.0
0.99804425
0.9994935
0.99890494
0.0
0.9999999
1.0
1.0
1.9752603e-34
0.9999896
5.916159e-37
0.9999813
0.9996226
0.9999999
0.0
1.7289399e-37
0.99999464
0.0
0.0
0.0
0.9999993
2.595268e-37
0.5538858
0.9998005
0.9988747
6.711369e-26
0.0
0.99971575
0.9999949
0.0
0.9999956
0.99898344
0.0
0.0
2.5873482e-31
0.0
0.9999639
0.0
3.2160996e-33
0.99990106
0.99940145
0.0
0.0
0.99999547
0.0
0.9995846
0.0
0.0
0.0
0.0
0.99916863
0.0
0.0
0.9999547
0.0
3.92828e-39
0.99974173
1.7174553e-08
0.0
2.2934835e-35
6.184813e-32
0.0
0.9999726
0.99963975
0.9999546
0.0
0.98591495
0.0
0.99995923
3.0019663e-27
0.9999993
0.999879
0.99999785
0.9999647
0.0
0.0
0.0
0.9640244
1.4652642e-35
0.8738725
2.632291e-06
0.895141
0.0
0.912716
0.95016146
1.0810694e-35
0.99842334
0.933335
0.9999994
0.99999917
0.9984407
3.7202092e-26
0.0
0.99993384
7.5511035e-31
0.0
0.0
0.0
0.9542495
0.9995646
1.0
0.9998323
0.0
0.99999976
4.751188e-39
1.8403806e-33
3.076916e-38
0.99976474
0.0
0.0
0.0
1.0
1.9667165e-29
0.0
0.0
0.0
0.0
0.0
0.0
0.99993944
0.0
0.9999696
1.8536688e-33
0.0
0.0
0.9999802
0.88329095
0.0
7.869393e-37
1.0
0.9999299
0.0
0.0
0.0
4.625521e-31
0.9786885
0.99999976
2.6558658e-33
0.9999454
0.9929212
0.9999974
0.0
0.9999913
0.0
0.0
0.14577545
0.99999845
0.0
0.0
0.99985826
0.0
0.0
0.0
1.0568104e-31
0.9999943
0.99999964
0.0
3.9686817e-21
0.99995637
0.0
0.0123123955
0.9999317
0.0
1.2476234e-31
0.99999964
0.0
0.0
0.99999964
5.7381195e-37
0.99999964
0.0
0.0
0.0
0.0
8.7538124e-33
0.99998474
0.0
0.0
1.2672403e-33
0.9999975
1.0
0.99985635
0.9999865
1.3901252e-33
0.0
0.9998679
0.0
0.0
2.9059755e-29
5.873451e-31
0.99995804
0.0
0.0
1.0
0.0
1.6819485e-26
9.817304e-07
0.9977883
0.9984982
0.0
0.9999926
0.0
0.0
0.0001366737
0.9999522
0.0
1.0
0.9999833
0.0
0.0
0.9999994
0.0
0.9999988
0.0
0.3485139
1.7317573e-31
0.0
0.99999666
3.431792e-36
0.0
0.8263529
0.99999094
0.0
3.922618e-39
0.99999917
0.9999404
0.99998546
0.99992704
0.9999999
0.9998491
1.0
0.0
0.99999964
0.0
1.6665894e-32
0.0
2.7427693e-38
1.0
0.0
0.99997795
0.9999652
0.0
0.0
9.48721e-34
0.0
0.9999926
8.119202e-35
0.999969
0.0
0.0
0.9999999
0.99833006
0.99999404
0.999798
0.0
0.9978841
0.0
2.3748025e-37
5.462269e-38
1.10631456e-26
0.0
0.9999902
0.0
0.0
0.0
1.7097129e-06
0.9999988
0.9999974
0.9999883
0.9999999
0.9994868
0.8778015
0.99927837
0.99996746
0.0
0.99862015
1.0
0.0
0.9271012
0.9999995
0.0
0.99999475
0.0
0.9999999
0.9999999
0.9999999
1.0
1.0
0.99999905
0.0
0.0
0.0
0.0
5.234888e-31
1.2506528e-33
0.0
0.9999938
0.9999653
0.99876547
8.317753e-39
0.0
1.0684711e-34
0.0
0.0
4.0533767e-05
0.0
0.9985019
2.4333613e-32
0.9998516
0.0
0.5551209
0.99999964
0.99998486
1.0
0.0
0.99927026
3.2277334e-29
0.80622095
0.0
0.0
0.0
0.0
0.9999647
0.0
4.1346883e-35
0.99999976
0.99999845
1.0
0.0
0.9998796
0.9961234
1.0
0.0
0.0
1.0
1.3783457e-24
0.0
2.7000544e-28
0.81716716
0.99999285
0.0
0.0
0.99988794
0.99902165
0.0
0.9999995
0.0
2.5552102e-35
0.0
0.9999999
0.99999964
0.0
0.0
0.0
0.98485166
5.1969017e-32
0.9992083
7.072745e-31
0.99999857
0.0
0.0
0.99998844
0.99999964
0.99999905
0.99999964
1.0683501e-05
0.99999905
0.0
6.688209e-35
0.0
0.99999905