1.0
1.0
2.7056907e-38
1.0
2.5297002e-37
5.0213014e-38
5.8515874e-36
1.0
5.0817253e-33
0.9999405
0.0
5.987809e-39
6.630277e-39
1.8595692e-10
1.0
0.0
0.0
1.0
2.2296548e-20
0.99999857
0.9999995
7.735964e-36
1.8920146e-37
1.9132905e-34
5.654856e-35
1.12473485e-20
0.65920126
0.9999987
8.814548e-29
1.0
8.839863e-38
3.4604807e-26
0.001156213
7.506506e-11
2.1071137e-23
4.3244678e-33
1.0
1.0
1.0
1.0
8.0579056e-32
0.7469884
2.64242e-37
2.9960037e-36
5.0010767e-38
1.4384293e-23
1.0
0.99995494
1.4307896e-38
1.0
1.0
8.662007e-31
1.0
1.0
0.98624086
2.3439318e-37
1.0
1.4400564e-13
8.464728e-34
1.280927e-25
1.0
1.0
1.0
5.9361937e-35
0.99987245
0.9788737
1.0
1.3508533e-28
0.97697294
1.0
1.0
1.4329978e-21
0.99184364
0.81312484
0.0
4.6270752e-38
8.613938e-37
1.0
6.7058006e-38
2.8288253e-34
0.0
2.6515598e-36
1.3340612e-36
1.0
1.0
1.6805524e-31
1.0
1.0
1.0
1.0
5.147364e-38
2.2043141e-38
1.0
1.0
0.0
3.6791228e-28
1.0
0.99999976
1.0
1.0
7.3578195e-34
1.3166793e-36
2.4507872e-35
6.128523e-38
3.7315184e-36
3.2172575e-23
3.3525615e-37
1.0
1.0
1.0
3.35581e-23
2.6376177e-36
1.0
0.0
5.066899e-25
0.0
9.723146e-38
0.9770383
1.0
0.9988921
1.0
1.0
7.9449374e-18
1.0
1.01253933e-25
1.0
1.0001973e-32
0.0
0.0
1.0
1.0
1.0
1.7005386e-37
0.9999999
2.9265025e-35
1.7100491e-37
0.3013342
1.0
2.1610734e-34
9.805782e-34
1.0
5.055645e-39
0.99999285
0.0
1.0
0.0
1.9743006e-37
0.0
4.2354974e-22
2.8029529e-31
1.0
1.0
4.2090062e-35
0.0
8.1985354e-20
9.512681e-35
1.0
2.2588565e-35
0.0
1.0
1.0
1.0
0.9659154
1.0
1.0
1.4720384e-34
1.0
1.0
3.5208515e-27
8.9269337e-35
1.1245461e-35
3.6801298e-30
3.7418165e-25
0.9089952
5.8584087e-18
5.966224e-29
7.147535e-20
1.0
7.6310277e-23
5.593339e-38
0.99374807
4.550912e-37
4.976619e-39
1.0
0.99999917
1.0
5.2230687e-35
1.9809866e-35
0.0
1.0
8.1799043e-38
1.0
1.0
1.0
3.3981513e-24
6.442786e-37
2.4953607e-36
0.99999976
1.4634897e-25
5.1673183e-36
1.1637105e-18
1.0
1.0
1.0
1.0
1.0
7.739748e-27
1.0
8.669857e-20
2.4247446e-24
6.1364093e-37
2.156694e-32
1.0
3.7574865e-21
5.310232e-38
1.7387323e-33
1.0642348e-37
0.120413564
2.0167934e-35
8.8248255e-33
6.2018974e-31
1.0
3.3445243e-31
1.172103e-35
2.2151398e-36
1.0
1.0
8.4936546e-17
1.1015064e-32
1.3053538e-33
1.0
9.615126e-35
0.98630434
2.6683364e-33
0.9999988
5.892741e-05
1.0
1.0
0.0
9.303124e-38
7.209549e-38
3.553719e-36
1.0
1.0
1.0
7.939885e-39
1.847588e-36
1.0729747e-22
4.0179035e-34
0.00256363
1.0
1.1855664e-35
0.99997437
0.0
1.1612006e-33
5.459537e-39
1.0
0.99999654
1.0
1.0
1.0
9.246442e-31
1.0
1.0
0.9994252
1.2414375e-12
3.904482e-38
0.0
0.6566612
1.0
5.148306e-12
0.9994205
0.0
9.4792534e-26
0.9807731
2.3508457e-05
0.20229697
8.331608e-37
0.99999976
1.0
1.0
1.0
0.0
8.868264e-39
1.0
1.0
3.2140745e-34
1.0
1.4738461e-36
0.0
0.99975747
1.0
0.997813
4.023307e-39
1.0
2.8073237e-20
0.07625965
1.0
0.0
1.0
0.0
0.0
0.9976642
1.0
1.0
3.872396e-09
1.0
1.2340567e-25
1.0
2.110566e-37
1.8504657e-36
0.0518731
1.0
1.0
1.0
0.0
2.4395409e-33
0.0
0.9999994
9.2718045e-38
5.104929e-31
5.2062383e-28
0.0
1.9581614e-35
1.0
1.0
1.7667351e-16
1.0541011e-23
1.2790991e-35
1.0
0.9971533
0.0
1.0
1.0
0.9984029
2.2011855e-33
1.0
1.0
1.3605202e-26
1.5261734e-38
4.2099154e-38
3.5522787e-38
1.0
0.0
1.0
0.9814741
0.9999914
1.0
1.0
1.0
1.0
3.6036797e-38
1.0
0.0
1.0
0.0
3.980471e-39
1.0
1.0
1.0
2.081168e-07
1.0
7.4338244e-34
0.0
1.0900514e-20
7.470367e-38
0.99999774
2.3667847e-26
2.5418912e-35
3.8949315e-38
2.2114226e-38
0.0
1.0
4.214799e-31
4.2590527e-38
8.006403e-07
1.0
0.9999962
1.0453595e-38
0.0
1.0
1.0
0.9999969
3.0791277e-13
8.155424e-36
1.0
1.0
0.0
5.1479475e-25
1.0
1.0
1.0760956e-19
3.509754e-39
7.7533535e-09
8.3259245e-36
1.0
0.999997
4.786035e-34
9.592119e-35
6.937023e-26
3.4384454e-38
0.999851
1.0
8.900877e-37
0.99999976
6.725679e-07
1.0
1.0
1.0
0.0
1.0
1.3289717e-36
1.0
1.0
1.6598282e-37
0.0
0.9999999
1.3555704e-37
1.0
3.4218422e-37
2.7267834e-33
6.319018e-36
2.3393125e-38
8.480447e-39
1.0
1.0
1.0
1.2399901e-37
1.2920057e-21
1.1801002e-16
1.9708326e-36
1.0
0.0
0.0005261575
1.5163656e-31
2.0044122e-37
1.0
0.99919945
0.9998785
6.554945e-35
7.2865547e-37
6.5539086e-31
5.6437307e-37
1.0
1.0
4.4153623e-27
1.0
1.0
3.7076802e-36
1.0
1.0
5.8432924e-20
0.9994289
8.006195e-37
0.004740151
5.168225e-36
1.0
0.9998093
3.4363135e-35
1.1082768e-37
1.0
1.0
1.1448463e-35
0.9996321
9.2774724e-29
1.0
1.0
0.6772962
1.3451444e-37
2.9981295e-29
2.1507602e-34
2.5722552e-36
1.0
1.0
6.7545e-39
0.9999951
1.0
0.0
1.0
1.9024745e-20
1.6563314e-36
4.7479e-35
1.4841354e-38
1.0
0.0
3.6207773e-17
1.0967241e-14
1.0
1.0
0.0
0.9931117
0.9999993
1.0
1.0
1.2173361e-11
2.0091545e-26
1.0
3.5546787e-30
3.057533e-20
1.0
2.0942187e-32
1.0
5.3419164e-27
4.7122203e-38
1.0
1.0
1.9107936e-29
3.660808e-22
2.5813068e-37
0.12598184
0.0
0.9999862
5.5524303e-33
1.0
4.6621965e-36
3.3678252e-31
1.0
1.5899631e-15
2.1809208e-37
4.8580412e-37
1.0
0.9431437
1.0932146e-23
1.0
1.0
0.99999964
1.6775681e-23
4.696807e-37
1.0
0.0
1.0
1.0848095e-25
0.0
9.438643e-37
2.0904311e-36
8.527689e-37
1.4702953e-31
8.7234015e-20
0.0
1.0
8.999891e-37
1.0
1.01185606e-32
1.0
2.2976234e-29
1.4979717e-26
1.2322057e-36
0.0
2.440363e-38
1.0
1.9845674e-32
3.594109e-39
0.0
1.0
1.0
1.221724e-32
0.0
0.0
0.0
1.0
1.626279e-36
1.0
1.5703097e-05
2.2886938e-35
1.0
2.3741235e-29
1.0
1.0
0.0
1.0
0.99999285
0.0
1.0
0.0
1.0
0.9999999
1.0
1.0
1.0
3.9349764e-20
1.4149144e-37
2.3157158e-28
3.0422058e-38
3.0139847e-13
1.0
0.9999877
2.0860338e-36
0.99285007
0.0
1.0
0.0
4.431505e-37
0.0
0.011657724
1.0
1.304441e-36
3.4418555e-09
0.0
1.0
0.0
1.0
1.0
0.9999769
0.0
0.9989697
1.7690977e-36
0.0
9.4106106e-35
8.895591e-35
1.0
0.0
1.0
2.8813577e-38
0.9999993
0.93227077
5.0976587e-28
7.7251025e-31
1.5178427e-37
1.0
1.0
1.0
0.0
2.5925028e-33
0.9999405
0.99969137
1.0
0.0
0.99998844
0.99846447
9.003669e-37
1.8293572e-32
1.7904157e-36
1.0
1.0
4.4500022e-30
1.0
0.99999857
1.1873425e-17
1.853141e-23
4.7140544e-38
0.9999999
0.0
0.99980336
1.0
1.4742074e-34
2.0108301e-37
1.4379708e-20
8.118123e-34
1.0
1.0
1.0
1.0
5.657279e-33
1.0
2.7586018e-24
1.0
1.0
1.0
2.3502212e-26
3.7845214e-26
6.6997287e-34
4.902813e-38
1.0
0.99826556
4.3808567e-17
1.0
2.7966213e-37
1.4501661e-36
1.0
0.0
1.0
1.0
2.971895e-36
1.0
1.0
1.0
0.36083946
3.1364883e-24
1.0
0.99999976
0.016730389
0.0
0.9410184
1.0
1.0
1.0
0.9999999
1.0
1.0
2.3560112e-26
2.69192e-20
0.99999607
0.0
0.0
8.2821e-17
3.5922603e-38
4.9015467e-36
1.1870807e-38
1.0
0.9986792
0.0
1.0
1.0
2.2430155e-19
1.488008e-37
1.0
1.0725981e-37
1.0
1.0
0.9999993
0.11661301
1.0
0.0
0.0
1.0
1.9562799e-35
2.1052261e-30
1.0
1.4625551e-36
0.97103137
0.0
1.5967247e-34
0.9985505
4.1453287e-37
3.9347187e-36
0.0
2.177921e-36
3.8389996e-36
5.2575366e-33
7.993108e-21
1.0
1.0
8.926261e-33
0.0
1.0
5.945622e-35
1.4549695e-37
1.0
1.0
1.4985048e-24
1.0
1.850149e-35
1.0
5.07348e-38
1.0
0.00034859113
8.8701974e-38
8.983398e-36
0.0
3.5492518e-34
0.0
0.0
1.4041224e-38
1.0
0.9348188
0.0
0.9999999
5.8184406e-22
1.1941126e-36
0.0
3.523772e-17
1.0
1.0
1.0
0.0
0.0
2.5556113e-34
0.9999883
2.1294427e-28
1.0
0.0
0.0
1.0
7.673161e-35
1.1375513e-33
1.0
1.0
1.5103586e-35
1.0
1.0379132e-38
0.0
1.0
0.9077765
1.0
1.3906739e-37
1.0
1.0
0.9999999
1.0
6.4351355e-18
1.0
0.9999999
1.0
1.4009439e-31
6.0914035e-06
1.49492e-38
0.0
8.925416e-39
1.0
8.136239e-39
1.0
0.0
0.9999995
1.0
3.970752e-38
9.270974e-34
1.6809393e-36
0.94840026
1.0
1.0
1.0
1.0
1.0
0.99999976
6.355252e-37
0.0
0.9999877
0.9983058
1.042898e-38
1.0
1.0
1.0
1.0
1.4967718e-34
2.0302153e-29
1.0
1.0
0.0
0.75825083
6.0993957e-37
1.0
1.3699598e-37
6.678502e-18
1.0
1.0
0.7486536
1.0
1.0
4.320096e-34
1.9680143e-37
1.1224576e-15
1.0
1.0
9.9531655e-28
1.0
1.0
1.0
1.0
1.0
0.0
1.2404434e-12
1.0
0.0
2.2766367e-10
4.3105067e-38
1.0
3.126256e-36
2.088493e-37
8.501371e-39
3.633732e-30
1.0
3.720753e-39
1.0
1.2942944e-10
1.0
4.96915e-22
0.0
1.2555215e-29
5.0630026e-15
4.631298e-37
1.3785093e-38
0.98612946
1.4991718e-34
0.99998665
2.7722434e-38
1.0
2.4277006e-36
4.8317305e-19
3.7476818e-28
0.99490947
1.0
4.7258188e-35
0.99998987
3.450425e-25
5.6328284e-36
3.9868317e-35
1.0
2.1995453e-36
0.0025246933
4.9652734e-34
1.7083856e-08
1.0
0.0
1.0
1.0
0.9999994
0.9999701
8.3091336e-30
1.0
1.0
0.99700135
9.525485e-38
1.0
0.1338871
1.0
3.4054597e-07
2.1284433e-36
1.0
1.0
5.0857972e-33
1.0
1.1247767e-37
3.4334636e-31
0.0
0.05573788
1.0
1.0
3.591011e-32
1.0
1.0
0.0
1.0
1.0
0.9999988
1.0
0.99999905
3.2490843e-34
4.297142e-31
1.0
4.788916e-36
1.0
0.0
1.0
1.0
1.0
1.0
0.0
1.0
1.0
1.3801991e-37
1.0
1.2077869e-37
0.0
0.0
0.0
3.7056405e-38
0.0
1.0
0.99313813
1.0
1.4413039e-28
1.0
0.9950092
1.1655637e-32
6.2898156e-38
0.9999994
1.0
0.0
1.0
1.0
1.0
5.069263e-38
1.0
8.057639e-22
1.0
1.8766152e-32
6.2919e-39
2.148841e-34
1.0
2.3274561e-38
1.0
1.108168e-35
1.0
1.1445594e-33
6.4289103e-31
0.99999905
1.0
2.334156e-19
1.0
1.0
7.560213e-38
0.9999995
0.0
3.0165976e-38
4.646111e-21
4.3251994e-38
1.0
0.03424299
1.0
1.0
0.9999981
8.882803e-36
1.0
5.124536e-39
0.9999974
2.3455494e-38
3.326677e-28
1.3875112e-36
0.0
1.0
2.3894245e-36
0.9999094
2.0568985e-37
1.0
0.9997565
1.6200305e-37
1.0
5.162996e-39
1.6198964e-35
1.0
0.0
1.1428005e-34
1.0
1.0
3.6822648e-37
0.022638805
1.0
4.1147776e-38
1.6143866e-36
1.0
6.015876e-17
4.427638e-36
3.262317e-38
0.0
3.5328146e-33
5.4672417e-34
0.0
1.0
1.0
0.9999583
2.3995342e-30
6.158439e-34
0.9999865
5.842725e-16
0.0
0.9730259
4.4598693e-33
1.0
1.0
1.0
1.0
1.669455e-37
0.0
0.99640465
1.0
1.0
1.0
0.99999416
2.9796724e-35
1.0
0.0
1.0
1.0
0.0
4.9952686e-09
2.3101285e-30
3.4576111e-37
1.0
1.0
1.0
1.3572455e-24
1.0
0.0
1.0
3.906194e-39
1.0
1.0
1.0
1.0
1.0
3.5555614e-22
4.1336298e-36
1.2221917e-37
0.9999993
1.0
0.99998224
0.0
1.0
1.0
1.0
5.3529097e-20
1.0
2.5872092e-24
1.0
1.0
1.0
3.0879284e-34
4.304784e-25
1.0
3.122425e-39
0.0
3.2062935e-37
1.0
9.9911e-19
0.99821824
1.0
1.0
8.988662e-24
7.029549e-38
0.99999964
1.0
1.0132557e-37
1.0
0.9997762
1.7525414e-35
6.152097e-27
8.687967e-20
0.0
1.0
8.353247e-37
2.7377678e-19
1.0
1.0
1.273196e-32
4.6745555e-36
1.0
3.3579048e-26
0.9999255
3.6839106e-36
3.2013766e-32
1.0508835e-26
0.0
0.9999919
1.8925921e-37
0.0
1.0
2.3345947e-32
1.2706064e-30
0.9872717
3.1768905e-05
1.3377603e-22
2.4048895e-27
7.59536e-24
2.9558305e-35
1.0
1.0
1.0
4.251114e-39
0.99999034
3.2725016e-37
1.0
5.1370455e-23
1.0
1.0
1.0
1.0
3.3480004e-36
5.9191952e-33
4.0178954e-38
0.9997329
1.4772752e-27
0.9001934
1.0264992e-10
0.99932325
3.0486217e-36
0.9955978
0.99708325
3.842331e-33
0.9999974
0.9989899
1.0
1.0
1.0
1.3041026e-21
1.1722013e-35
1.0
6.385774e-11
1.8690306e-37
1.1134124e-30
2.4727381e-24
0.999905
1.0
1.0
1.0
0.0
1.0
2.4073616e-32
3.8469128e-15
0.0
1.0
0.0
0.0
4.1872587e-35
1.0
5.566059e-28
1.3791629e-36
0.0
2.562503e-34
4.853945e-38
1.930048e-34
1.1575778e-34
1.0
0.0
1.0
0.0
2.2896094e-36
1.8197408e-37
1.0
0.96660787
5.668235e-39
4.3141963e-36
1.0
1.0
7.384517e-38
5.1023996e-38
3.919127e-35
4.682955e-24
0.9990645
1.0
8.9942235e-23
1.0
0.9999927
1.0
7.9378586e-38
1.0
4.2565885e-36
6.616509e-31
0.33415306
1.0
0.0
2.3749857e-35
0.99999964
3.068992e-38
1.4166967e-37
0.0
7.586364e-14
1.0
1.0
0.0
0.04421947
1.0
3.0600067e-35
0.12694992
1.0
3.9277136e-37
2.9424398e-22
1.0
4.091621e-34
2.9390109e-27
1.0
4.7734066e-31
1.0
4.341049e-39
1.8566172e-36
0.0
0.0
3.538472e-37
1.0
7.9191675e-38
0.0
3.196983e-17
1.0
1.0
1.0
0.9999999
7.207243e-22
0.0
1.0
1.2924102e-28
9.339535e-38
3.490823e-22
1.01317934e-35
1.0
3.9953446e-34
0.0
1.0
3.939027e-37
2.2285716e-08
4.384733e-05
0.99999917
0.99999964
1.8256008e-31
1.0
4.210636e-39
2.75889e-36
0.025843771
1.0
4.027427e-37
1.0
1.0
0.0
2.9135114e-37
1.0
0.0
1.0
0.0
0.9623908
3.8241786e-36
4.66426e-36
1.0
7.313686e-35
1.4163833e-37
0.9955682
1.0
4.906181e-38
0.0
1.0
1.0
1.0
1.0
1.0
1.0
1.0
2.0110074e-36
1.0
0.0
1.6008064e-17
0.0
3.0139818e-26
1.0
0.0
1.0
0.99999976
1.1375441e-38
0.0
7.913506e-34
0.0
1.0
8.5589395e-23
1.0
0.0
1.6004621e-35
1.0
1.0
1.0
1.0
4.0865522e-26
0.9999999
2.6885074e-24
2.5842948e-20
7.677535e-32
6.220543e-09
1.2851666e-31
0.9999994
6.724456e-36
4.247764e-36
2.5573834e-36
6.170442e-05
1.0
1.0
1.0
1.0
0.99999964
0.87169087
0.9999999
1.0
1.5269763e-24
0.9999999
1.0
6.4050696e-38
0.9984773
1.0
1.3517847e-38
1.0
3.0979744e-38
1.0
1.0
1.0
1.0
1.0
1.0
1.6621672e-36
0.0
0.0
0.0
0.0
1.1552989e-31
9.773528e-39
1.0
1.0
1.0
4.3714015e-35
3.935946e-38
0.0
3.729725e-36
1.9536594e-38
0.00019687299
2.8058786e-35
1.0
0.0
1.0
1.6028608e-38
0.105063684
1.0
1.0
1.0
4.360923e-36
1.0
3.2693757e-11
0.99073714
1.5722305e-38
8.34391e-31
1.1063627e-38
9.514082e-38
1.0
1.3802248e-38
2.9668914e-19
1.0
1.0
1.0
8.1561434e-35
1.0
0.9994123
1.0
8.757726e-39
6.2395824e-38
1.0
4.7248085e-09
0.0
4.3981568e-12
0.96204126
1.0
1.4820725e-35
2.1355971e-24
1.0
0.99997866
0.0
1.0
7.975078e-36
0.0
2.1572891e-37
1.0
1.0
0.0
1.7302388e-38
1.4376369e-19
0.99695563
1.1645457e-25
1.0
0.0
1.0
0.0
1.4602037e-27
1.0
1.0
1.0
1.0
0.00032743535
1.0
0.0
1.741233e-20
0.0
1.0