1.0
1.0
0.0
1.0
0.0
0.0
0.0
1.0
0.0
0.99110454
0.0
0.0
0.0
0.0
1.0
0.0
0.0
0.6143783
0.0
0.99971503
0.99979156
0.0
0.0
0.0
0.0
0.0
0.954351
0.9999943
0.0
1.0
0.0
0.0
0.17745847
0.0
0.0
0.0
0.99999964
0.9999999
1.0
1.0
0.0
0.17745847
0.0
0.0
0.0
0.0
1.0
0.9999963
0.0
1.0
0.99999964
0.0
1.0
1.0
0.9908353
0.0
1.0
0.0
0.0
0.0
1.0
1.0
1.0
0.0
0.99807584
0.99530894
1.0
0.0
0.70269936
1.0
1.0
0.0
0.8433471
0.9295047
0.0
0.0
0.0
1.0
0.0
0.0
0.0
0.0
0.0
1.0
1.0
0.0
1.0
1.0
1.0
0.9957231
0.0
0.0
1.0
1.0
0.0
0.0
1.0
0.9999378
1.0
1.0
0.0
0.0
0.0
0.0
0.0
0.0
0.0
0.9999993
1.0
1.0
0.0
0.0
0.99999976
0.0
0.0
0.0
0.0
0.0
1.0
0.9315883
0.9999999
1.0
0.0
1.0
0.0
1.0
0.0
0.0
0.0
0.9999987
1.0
0.99993396
0.0
0.99999833
0.0
0.0
0.17745847
1.0
0.0
0.0
1.0
0.0
0.9996934
0.0
0.99955744
0.0
0.0
0.0
0.0
0.0
1.0
0.99999714
0.0
0.0
0.0
0.0
1.0
0.0
0.0
1.0
1.0
1.0
0.99433774
1.0
1.0
0.0
1.0
1.0
0.0
0.0
0.0
0.0
0.0
0.5254369
0.0
0.0
0.0
1.0
0.0
0.0
0.9416776
0.0
0.0
1.0
0.9998442
1.0
0.0
0.0
0.0
1.0
0.0
1.0
1.0
1.0
0.0
0.0
0.0
0.99999857
0.0
0.0
0.0
1.0
1.0
0.9999944
1.0
1.0
0.0
1.0
0.0
0.0
0.0
0.0
1.0
0.0
0.0
0.0
0.0
0.17745847
0.0
0.0
0.0
1.0
0.0
0.0
0.0
1.0
1.0
0.0
0.0
0.0
1.0
0.0
0.80405813
0.0
0.99998915
0.0
1.0
1.0
0.0
0.0
0.0
0.0
1.0
0.99999964
0.9964426
0.0
0.0
0.0
0.0
0.17745847
1.0
0.0
0.99919623
0.0
0.0
0.0
1.0
0.9999999
1.0
1.0
1.0
0.0
1.0
0.9999999
0.9175559
0.0
0.0
0.0
0.17745847
1.0
0.0
0.8761587
0.0
0.0
0.9999988
0.17745847
0.17745847
0.0
1.0
1.0
1.0
1.0
0.0
0.0
1.0
1.0
0.0
1.0
0.0
0.0
0.81190556
1.0
0.9999813
0.0
1.0
0.0
0.17745847
1.0
0.0
1.0
0.0
0.0
0.9049947
1.0
1.0
0.0
1.0
0.0
1.0
0.0
0.0
0.17745847
1.0
1.0
1.0
0.0
0.0
0.0
0.99999964
0.0
0.0
0.0
0.0
0.0
1.0
0.9999999
0.0
0.0
0.0
0.9999995
0.91191477
0.0
1.0
1.0
0.891395
0.0
1.0
1.0
0.0
0.0
0.0
0.0
1.0
0.0
1.0
0.94152486
0.96027535
0.999998
1.0
1.0
0.9999999
0.0
1.0
0.0
0.9999999
0.0
0.0
0.9999999
1.0
1.0
0.0
0.99999976
0.0
0.0
0.0
0.0
0.9999125
0.0
0.0
0.0
0.0
0.0
1.0
0.0
0.0
0.0
1.0
0.99941254
0.0
0.0
1.0
0.99999964
0.99984896
0.0
0.0
0.9999987
1.0
0.0
0.0
1.0
1.0
0.0
0.0
0.0
0.0
1.0
1.0
0.0
0.0
0.0
0.0
0.99983907
1.0
0.0
0.9986559
0.0
1.0
1.0
1.0
0.0
0.9999893
0.0
0.994128
1.0
0.0
0.0
0.9999995
0.0
1.0
0.0
0.0
0.0
0.0
0.0
0.9999908
1.0
1.0
0.0
0.0
0.0
0.0
1.0
0.0
0.17745847
0.0
0.0
1.0
0.9999682
0.9996158
0.0
0.0
0.0
0.0
0.9999999
1.0
0.0
1.0
1.0
0.0
1.0
0.9999999
0.0
0.9902632
0.0
0.6063834
0.0
1.0
0.99999905
0.0
0.0
1.0
1.0
0.0
0.9360935
0.0
1.0
1.0
0.91219974
0.0
0.0
0.0
0.0
1.0
1.0
0.0
0.99999523
0.99999726
0.0
1.0
0.0
0.0
0.0
0.0
1.0
0.0
0.0
0.0
1.0
1.0
0.0
0.96596944
0.79894525
1.0
1.0
1.0261269e-22
0.0
1.0
0.0
0.0
0.999992
0.0
1.0
0.0
0.0
0.99999654
1.0
0.0
0.0
0.0
0.17745847
0.0
0.99974316
0.0
1.0
0.0
0.0
1.0
7.210036e-14
0.0
0.0
1.0
0.17745847
0.0
0.99999857
1.0
0.9988732
0.0
0.0
1.0
0.0
0.9999974
0.0
0.0
0.0
0.0
0.0
0.0
0.0
0.0
1.0
0.0
1.0
0.0
0.99994385
0.0
0.0
0.0
0.0
0.0
1.0
0.0
0.0
0.0
1.0
1.0
0.0
0.0
0.0
0.0
1.0
0.0
1.0
0.17745847
0.0
1.0
0.0
0.9999881
1.0
0.0
0.999982
0.99996066
0.0
0.9999988
0.0
1.0
1.0
1.0
0.99591714
0.99999416
0.0
0.0
0.0
0.0
0.0
1.0
0.9580993
0.0
0.98200077
0.0
1.0
0.0
0.0
0.0
0.17745847
1.0
0.0
0.0
0.0
1.0
0.0
1.0
1.0
0.99999964
0.0
1.0
0.0
0.0
0.0
0.0
1.0
0.0
0.61175853
0.0
1.0
0.17745847
0.0
0.0
0.0
1.0
1.0
1.0
0.0
0.0
0.9999459
0.9343516
1.0
0.0
0.99969137
0.997017
0.0
0.0
0.0
0.99999654
1.0
0.0
1.0
1.0
0.0
0.0
0.0
1.0
0.0
0.90426785
1.0
0.0
0.0
0.0
0.0
1.0
0.99999964
1.0
0.99995005
0.0
1.0
0.0
1.0
0.9999999
1.0
0.0
0.0
0.0
0.0
1.0
0.9809599
0.0
0.9994999
0.0
0.0
1.0
0.0
0.9999994
1.0
0.0
0.9999323
0.9999995
1.0
0.2049808
0.0
1.0
0.99999034
0.37563175
0.0
0.9071634
1.0
0.99998665
1.0
0.99999774
1.0
1.0
0.0
0.0
0.9998229
0.0
0.0
0.0
0.0
0.0
0.0
1.0
0.8094935
0.0
1.0
1.0
0.0
0.0
1.0
0.0
1.0
1.0
1.0
0.8554213
1.0
0.0
0.0
1.0
0.0
0.0
0.99999833
0.0
0.5145626
0.0
0.0
0.8414669
0.0
0.0
0.0
0.0
0.0
0.0
0.0
0.9999993
1.0
0.0
0.0
0.99999416
0.0
0.0
1.0
0.9999999
0.0
0.99999976
0.0
1.0
0.0
1.0
0.17745847
0.0
0.0
0.0
0.0
0.0
0.0
0.0
0.99999654
0.7775108
0.0
1.0
0.0
0.0
0.0
0.0
1.0
1.0
0.99994767
0.0
0.0
0.0
0.999263
0.0
1.0
0.0
0.0
1.0
0.0
0.0
1.0
1.0
0.0
1.0
0.0
0.0
0.9999999
0.33015618
0.9999244
0.0
1.0
1.0
0.99999964
1.0
0.0
1.0
0.9999964
1.0
0.0
0.0
0.0
0.0
0.0
1.0
0.0
1.0
0.0
0.9999689
1.0
0.0
0.0
0.0
0.66740966
1.0
1.0
1.0
1.0
0.9999696
0.99739635
0.0
0.0
0.9995548
0.94983757
0.0
1.0
0.9999999
1.0
1.0
0.0
0.0
1.0
1.0
0.0
0.57230633
0.0
1.0
0.0
0.0
1.0
0.99999976
0.17745847
0.9999999
0.99999964
0.0
0.0
0.0
1.0
1.0
0.0
1.0
1.0
1.0
1.0
0.99999774
0.0
0.0
1.0
0.0
0.0
0.0
0.9999993
0.0
0.0
0.0
0.0
1.0
0.0
1.0
0.0
1.0
0.0
0.0
0.0
0.0
0.0
0.0
0.62837154
0.0
0.9999902
0.0
1.0
0.0
0.0
0.0
0.6849447
1.0
0.0
0.97520626
0.0
0.0
0.0
1.0
0.0
0.17745847
0.0
0.0
1.0
0.0
1.0
1.0
0.99999726
0.9932653
0.0
0.99999666
1.0
0.63352674
0.0
1.0
0.17745847
1.0
0.17745847
0.0
1.0
1.0
0.0
1.0
0.0
0.0
0.0
0.81656957
1.0
1.0
0.0
1.0
1.0
0.0
1.0
1.0
0.99999976
1.0
0.99999905
0.0
0.0
1.0
0.0
1.0
0.0
1.0
0.9999995
0.99998975
1.0
0.0
1.0
1.0
0.0
1.0
0.0
0.0
0.0
0.0
0.0
0.0
1.0
0.9960932
1.0
0.0
0.99999714
0.73943156
0.0
0.0
1.0
0.99210054
0.0
0.9999999
1.0
1.0
0.0
1.0
0.0
1.0
0.0
0.0
0.0
0.9999999
0.0
1.0
0.0
0.9999989
0.0
0.0
0.99998546
1.0
0.0
1.0
1.0
0.0
0.99981636
0.0
0.0
0.0
0.0
0.99253017
0.17745847
1.0
0.9999999
0.9998857
0.0
1.0
0.0
0.99244726
0.0
0.0
0.0
0.0
1.0
0.0
0.9943857
0.0
1.0
0.9754819
0.0
1.0
0.0
0.0
1.0
0.0
0.0
1.0
1.0
0.0
0.17745847
1.0
0.0
0.0
1.0
0.0
0.0
0.0
0.0
0.0
0.0
0.0
0.9999993
0.9999999
0.9999994
0.0
0.0
0.99999976
0.0
0.0
0.17745847
0.0
1.0
1.0
1.0
1.0
0.0
0.0
0.999959
1.0
1.0
0.99999976
1.0
0.0
1.0
0.0
1.0
1.0
0.0
0.0
0.0
0.0
1.0
0.9999995
0.99979824
0.0
1.0
0.0
1.0
0.0
1.0
1.0
1.0
1.0
1.0
0.0
0.0
0.0
1.0
0.99578357
0.99999404
0.0
1.0
1.0
1.0
0.0
1.0
0.0
0.99999917
0.99999976
1.0
0.0
0.0
1.0
0.0
0.0
0.0
1.0
0.0
0.71247876
0.99999976
0.99974173
0.0
0.0
1.0
1.0
0.0
1.0
0.99560094
0.0
0.0
0.0
0.0
1.0
0.0
0.0
0.99998796
1.0
0.0
0.0
1.0
0.0
0.9999753
0.0
0.0
0.0
0.0
1.0
0.0
0.0
1.0
0.0
0.0
1.0
0.17745847
0.0
0.0
0.0
0.0
1.0
0.9999999
1.0
0.0
0.9692489
0.0
1.0
0.0
1.0
1.0
1.0
0.9999876
0.0
0.0
0.0
0.99925035
0.0
0.72835845
0.012742693
0.9415875
0.0
0.9989054
0.99037045
0.0
0.89951557
0.99900407
1.0
1.0
0.9999999
0.0
0.0
0.9999994
0.0
0.0
0.0
0.0
0.9985191
0.9999999
1.0
1.0
0.0
1.0
0.0
0.0
0.0
0.99998856
0.0
0.0
0.0
1.0
0.0
0.0
0.0
0.0
0.0
0.0
0.0
1.0
0.0
1.0
0.0
0.0
0.0
1.0
0.9398359
0.0
0.0
1.0
1.0
0.0
0.0
0.0
0.0
0.9996592
1.0
0.0
1.0
0.9994611
1.0
0.0
1.0
0.0
0.0
0.92497146
0.9999995
0.0
0.0
0.9999995
0.0
0.0
0.0
0.0
1.0
1.0
0.0
0.0
1.0
0.0
0.98948824
0.9999999
0.0
0.0
1.0
0.0
0.0
1.0
0.0
1.0
0.0
0.0
0.0
0.0
0.0
0.9999999
0.0
0.0
0.0
1.0
1.0
0.99999857
0.99984264
0.0
0.0
0.99999976
0.0
0.0
0.0
0.0
1.0
0.0
0.0
1.0
0.0
0.0
0.17745847
0.9999845
1.0
0.0
1.0
0.0
0.0
0.17745847
1.0
0.0
1.0
1.0
0.0
0.0
1.0
0.0
1.0
0.0
0.9740495
0.0
0.0
1.0
0.0
0.0
0.98114485
1.0
0.0
0.0
1.0
1.0
1.0
1.0
1.0
0.9999925
1.0
0.0
1.0
0.0
0.0
0.0
0.0
1.0
0.0
0.9999999
1.0
0.0
0.0
0.0
0.0
1.0
0.0
1.0
0.0
0.0
1.0
1.0
1.0
0.9999994
0.0
0.9997459
0.0
0.0
0.0
0.0
0.0
1.0
0.0
0.0
0.0
0.17745847
1.0
1.0
1.0
1.0
1.0
0.8722579
0.99998987
1.0
0.0
0.9985812
1.0
0.0
0.5573295
1.0
0.0
1.0
0.0
1.0
1.0
1.0
1.0
1.0
1.0
0.0
0.0
0.0
0.0
0.0
0.0
0.0
1.0
1.0
0.99999833
0.0
0.0
0.0
0.0
0.0
0.17745847
0.0
0.99999964
0.0
1.0
0.0
0.6641862
1.0
1.0
1.0
0.0
0.9999906
0.0
0.999979
0.0
0.0
0.0
0.0
1.0
0.0
0.0
1.0
1.0
1.0
0.0
1.0
0.9936347
1.0
0.0
0.0
1.0
0.0
0.0
0.0
0.9265981
1.0
0.0
0.0
1.0
0.9988875
0.0
1.0
0.0
0.0
0.0
1.0
1.0
0.0
0.0
0.0
0.9999696
0.0
0.9999863
0.0
1.0
0.0
0.0
1.0
1.0
1.0
1.0
0.17745847
1.0
0.0
0.0
0.0
1.0