0.99993813
0.9999994
1.1019404e-15
0.9999994
4.093015e-13
1.072312e-14
1.934735e-13
1.0
3.4573895e-13
0.9982811
1.4459104e-13
8.001427e-16
3.2909365e-14
5.75417e-09
0.9999999
1.3903708e-12
2.8576571e-13
0.9999994
7.8384466e-10
0.9963911
0.999721
1.8911836e-12
3.4529085e-13
1.28443754e-14
3.506038e-14
6.5701613e-07
0.8171191
0.9998994
1.630062e-07
0.99999833
4.1729637e-16
2.947481e-09
0.00929599
9.821424e-09
3.6917587e-11
2.924645e-16
0.99993694
0.9999652
1.0
0.9999838
4.2191958e-10
0.008712298
6.1897556e-14
3.8252823e-16
3.504338e-15
7.1437306e-13
0.9999881
0.9994179
1.0552244e-14
0.99998045
0.99992526
7.0588614e-13
0.9999974
0.99997795
0.9902227
6.002745e-12
0.9999994
1.9325847e-07
1.175731e-11
1.4241681e-08
0.9999989
0.9999999
0.99999404
1.6793959e-12
0.99848515
0.9914431
0.99999964
1.1326893e-13
0.9738408
0.99999
0.9999993
1.3981921e-08
0.9990427
0.83308494
1.2020444e-17
1.364571e-16
1.8341107e-15
0.9999993
5.7491013e-13
1.1769993e-14
1.8188911e-14
8.311321e-15
5.9374545e-15
0.9999994
0.99996424
2.2172594e-12
0.9999981
1.0
0.99998856
0.99583983
1.2323034e-15
7.230059e-14
0.9999858
0.99999964
2.751573e-15
1.1916625e-09
0.99979085
0.9988856
1.0
0.99999964
1.7161804e-13
2.997186e-14
5.2360114e-14
4.792512e-15
8.8637683e-16
1.2744318e-11
2.8341005e-16
0.9996068
0.9995173
1.0
1.0835192e-10
2.716789e-15
0.99999404
2.1512724e-12
2.5449639e-11
2.1048396e-16
7.335856e-13
8.40512e-08
0.9999782
0.9510586
1.0
0.9999976
8.683751e-07
0.9999994
6.533974e-09
0.99997723
1.1396473e-10
1.1251557e-12
2.8964962e-14
0.99977046
0.9999201
0.99909294
2.483844e-11
0.9999565
1.21979334e-14
1.2465669e-13
0.14413774
0.9999999
2.8938763e-12
1.4713362e-12
0.9999995
3.446064e-14
0.99956936
4.3807443e-15
0.99988365
1.2231481e-14
8.816893e-16
8.813358e-17
1.7939588e-08
6.380301e-13
0.9999994
0.9998343
2.1748131e-16
6.720425e-15
5.557984e-10
3.4638396e-16
0.9999999
1.7558172e-16
5.3769707e-15
0.99999964
0.99999976
0.9999999
0.9757888
0.9999975
0.99994135
7.7472474e-13
1.0
0.9999809
4.536283e-11
7.706581e-14
2.800387e-13
7.316472e-10
2.3572913e-08
0.021707159
4.1171075e-09
6.7425246e-14
6.236864e-10
1.0
6.00859e-11
5.227732e-13
0.9691236
1.4566289e-16
6.0013475e-16
1.0
0.9994215
0.99999976
2.9081256e-15
2.3345874e-12
1.4947243e-14
0.99999714
4.113445e-15
0.99998426
0.99999785
0.9999964
5.2242456e-08
1.3510627e-12
1.1002026e-13
0.9998479
5.2785653e-15
1.978438e-16
1.1620906e-08
0.9999912
0.99998903
0.9999994
0.9999999
0.99999964
3.7903405e-09
0.99999976
2.511453e-09
3.1256324e-08
1.839763e-14
1.801728e-13
0.9999995
1.1016074e-13
3.3170466e-13
8.7907156e-12
1.0647194e-12
0.0021632162
2.2840328e-12
4.090498e-11
5.115634e-15
0.9999882
6.032167e-14
3.3886796e-14
3.8192957e-13
1.0
0.99993384
4.156995e-09
4.4271786e-15
3.7755875e-15
0.9999987
1.0306194e-13
0.57803637
5.1270387e-13
0.9998528
9.034987e-07
0.99998534
1.0
8.003198e-12
3.7218767e-15
3.2241987e-12
2.2106895e-15
0.999997
0.99935657
0.9994802
1.0087398e-14
4.661071e-12
4.6577364e-09
1.0319249e-14
0.00014314243
1.0
5.5969606e-14
0.99982613
3.9485895e-10
2.7930842e-13
5.9872593e-13
0.99999905
0.9996921
0.9999999
0.99999964
0.999998
4.895972e-12
0.9999875
0.9999708
0.85444605
1.3521947e-08
6.165009e-15
1.2906046e-13
0.10527889
0.9999956
1.1452185e-07
0.99972516
1.825627e-14
1.8543368e-11
0.9998647
3.3127108e-05
0.0004831315
6.9680053e-13
0.9999089
0.99992883
1.0
1.0
1.9020946e-15
8.216905e-15
0.99999857
0.99999845
3.6204636e-15
0.9999999
8.608216e-16
6.486585e-14
0.99057263
0.9999987
0.9997662
2.8009303e-14
0.99982005
1.1641821e-09
0.0047760834
0.9998802
3.6174023e-13
0.99999976
5.682946e-13
7.4210366e-14
0.95979345
0.9999969
1.0
1.5674061e-09
0.99998724
2.3002176e-08
1.0
1.5406403e-14
7.285369e-12
0.017925678
1.0
0.9999883
1.0
9.293164e-14
6.4406716e-11
8.516114e-15
0.9999926
1.08996796e-13
1.3519366e-12
3.579785e-07
5.0575755e-16
7.309186e-15
0.99999774
0.99999857
2.7531494e-10
4.719253e-12
4.4699468e-13
0.99994755
0.79551214
5.837798e-17
0.9999914
0.999979
0.92296773
3.1759954e-14
0.99999917
0.99999297
3.5154716e-11
1.5706843e-15
6.2967315e-15
1.8795126e-14
0.99992454
2.3369507e-14
0.9999479
0.91678303
0.9555254
0.99999964
0.99999464
0.99999225
0.9999608
5.1047708e-17
0.99999964
2.6772416e-15
0.999915
2.8332357e-16
2.547307e-13
0.9999994
1.0
0.9999993
2.0690914e-08
0.99994063
2.1705617e-08
3.5261152e-15
2.6975234e-08
1.2577685e-16
0.99975497
4.081707e-11
6.2076226e-17
2.3267534e-13
3.7050446e-13
5.9003125e-15
0.99999964
1.2277294e-14
8.937719e-16
9.476874e-06
0.99999547
0.99898463
1.3178071e-14
4.3714882e-11
0.99999976
0.9999931
0.99950695
9.44232e-10
4.9630876e-11
0.9996414
0.9999875
1.6548562e-14
2.7944777e-11
0.99999106
0.99999976
3.1085665e-10
1.0788193e-14
3.896134e-05
5.965188e-14
0.9999895
0.99967754
3.1818194e-12
7.5101134e-15
3.0619607e-10
5.1614435e-15
0.99954295
0.99999464
6.320644e-14
0.96468294
1.2459805e-08
0.9999981
0.9999974
0.9999995
4.7336236e-12
0.9995716
2.028449e-15
0.99999917
0.99999535
2.988273e-16
2.146493e-16
0.99999213
6.772329e-16
0.9999988
1.2902933e-11
8.610737e-14
6.257864e-16
1.4167815e-13
1.6200604e-12
0.99999285
1.0
0.9999927
5.8297095e-13
2.5063027e-10
2.8922905e-06
3.831802e-13
1.0
7.8926e-15
0.0001638692
8.770774e-11
1.633596e-15
0.99999094
0.9908241
0.99630666
1.4051568e-15
6.982214e-17
6.079838e-10
1.4252825e-15
0.99989855
0.9999981
1.1368565e-12
0.99995124
0.9999949
2.5802914e-12
0.9999987
0.99983215
1.6400456e-08
0.9953798
1.1882006e-14
0.00024301403
3.4287604e-11
0.9999999
0.9990101
7.96869e-14
5.7323834e-16
0.99999976
0.9999999
1.1880454e-16
0.9896423
1.2267778e-12
0.99999917
0.99995434
0.01766974
1.5587822e-15
6.9984274e-13
3.847658e-13
4.7995126e-14
0.9999999
0.99999976
3.7471582e-14
0.9999422
0.99766797
4.4821148e-12
0.9999801
3.3135124e-09
4.953911e-12
2.2045754e-15
9.461903e-13
0.99999356
7.8684645e-14
8.99085e-06
1.3964077e-10
0.99999964
0.99999106
8.459332e-13
0.9872171
0.9998379
0.99999976
0.99919015
1.3571436e-06
9.0485e-05
0.9999999
9.980165e-12
4.7128044e-08
0.99992776
1.2428412e-14
0.99997556
6.3234926e-13
2.840618e-15
0.99956256
0.99999046
3.7558416e-12
1.9506924e-11
5.676372e-16
0.21360329
9.087247e-13
0.9989317
5.55952e-14
0.9999999
3.2245765e-14
1.1755768e-14
0.99998546
1.3441111e-06
1.7451865e-16
1.1489784e-13
0.999974
0.0023059938
4.758839e-14
0.99963546
1.0
0.99914193
7.5848095e-12
4.746823e-16
0.9999856
4.422716e-14
0.99993575
4.789171e-10
1.2409551e-15
6.235876e-10
6.2470896e-14
1.4304291e-16
2.47185e-14
6.5393224e-09
7.364522e-14
0.999985
9.267202e-13
0.9999788
6.73897e-12
0.9999975
1.4530203e-14
4.5265125e-09
1.8422086e-16
2.7363637e-15
2.0179982e-12
0.9999416
8.582637e-13
1.39374e-12
1.3824765e-13
0.9999896
1.0
6.631506e-12
1.03017726e-13
6.567442e-14
5.1030013e-16
0.99998474
7.163327e-16
0.9999902
1.0038706e-06
4.845621e-15
0.999997
3.3184785e-12
0.9999769
0.9999987
2.6541801e-14
0.9996075
0.99997497
1.1750107e-16
0.9999428
3.8042274e-15
1.0
0.99994314
1.0
0.99999976
0.99981683
4.886939e-09
4.2765067e-15
1.6199608e-13
1.4841188e-15
1.3297052e-05
1.0
0.99539465
1.0638542e-13
0.9785041
6.3472497e-13
0.99999976
2.0156074e-14
2.481005e-13
2.6602804e-08
9.625347e-05
0.99977046
4.849812e-14
9.43741e-09
1.1738106e-15
0.9999982
9.2877596e-14
1.0
1.0
0.9995982
1.146568e-13
0.9999573
4.0772634e-15
3.9809874e-13
8.525398e-14
6.190473e-11
0.9999999
5.1376936e-15
0.9961796
1.13390634e-13
0.9997851
0.8369568
4.0979616e-12
1.4595989e-09
2.2284968e-14
0.99996805
0.9999392
0.999902
7.097932e-17
6.589045e-11
0.9990324
0.99596316
0.9999949
2.4378235e-15
0.99983954
0.9954646
4.0139327e-13
4.8926956e-12
1.9582934e-15
0.9999999
0.9999888
8.548651e-14
0.99999654
0.9998511
1.8372441e-06
2.636497e-09
9.708318e-16
0.9999448
1.4740964e-17
0.9997329
0.9999974
4.8908013e-12
1.9640006e-16
4.07775e-09
5.3421276e-13
0.99999976
0.9999187
0.9999826
0.9993716
3.1928263e-10
0.9999982
2.6643208e-09
0.9999995
0.99965966
1.0
3.2686524e-11
1.9113542e-11
1.6084704e-13
4.228006e-15
0.9999999
0.997124
4.4948925e-10
0.9997874
2.8193588e-17
1.3458055e-16
0.99997485
1.4196487e-17
0.9995546
0.9999927
3.1237372e-12
0.9996797
0.9999938
0.9999881
0.003972594
4.7094347e-12
0.99999547
0.99997175
4.7769943e-05
4.9934885e-16
0.93793666
1.0
0.99917585
0.99998593
0.9999206
0.9999999
0.9999902
4.9709814e-10
9.78618e-08
0.99973124
1.05128184e-16
3.016288e-11
5.819625e-07
5.923968e-16
1.9197228e-13
6.556691e-14
0.99997807
0.96039
3.675309e-12
0.99999845
0.99999785
1.6894141e-07
2.3551423e-16
0.99997985
1.1023493e-13
0.99999976
0.99999845
0.99997807
0.10922908
0.9998921
2.0981e-14
3.3269245e-13
0.9999993
3.0538123e-14
1.1373293e-12
0.99998
2.1806543e-15
0.008155315
9.8652755e-14
6.3164257e-14
0.9989537
1.4849675e-16
2.9495053e-13
3.9703594e-15
8.046269e-12
6.98658e-14
2.596217e-12
8.724416e-09
0.9998646
0.99999106
4.071759e-16
4.1043028e-17
0.9999374
5.9750217e-12
4.053441e-16
0.99993515
1.0
2.9476339e-12
0.99994075
1.5632858e-13
0.9999714
4.8472845e-15
1.0
7.5969874e-06
1.31646555e-14
4.4034612e-16
2.3321995e-14
1.9520212e-11
1.2105039e-14
5.3333154e-15
5.4874966e-16
0.9989717
0.20453255
1.4746274e-14
0.9997166
1.282899e-08
4.5731516e-15
1.5217535e-14
3.5498707e-10
0.9999132
0.9999976
0.9992829
2.1284998e-14
6.4622363e-13
1.7348702e-10
0.999701
5.4712255e-12
0.999977
2.0854564e-14
2.495911e-15
1.0
7.208826e-14
8.677721e-15
0.99976367
1.0
6.9436724e-17
0.9999025
2.5328767e-15
3.405273e-14
0.9999449
0.59457433
0.99995804
3.1926215e-16
0.99999726
0.9999938
0.9998983
0.9999988
9.355937e-08
1.0
0.999949
0.9999994
6.1617916e-10
4.8673924e-06
3.764128e-14
3.9955474e-13
5.4687676e-14
1.0
1.8695506e-15
0.9999995
7.317974e-15
0.99906725
1.0
7.283413e-15
7.203864e-14
5.160735e-15
0.027476232
0.9999993
0.9999807
1.0
1.0
0.9999368
0.99983585
5.1328137e-16
9.422857e-13
0.9965834
0.98799473
1.3956966e-14
0.9999417
0.9998005
1.0
0.99989736
1.5516786e-14
2.9249732e-09
0.9998684
1.0
1.0500834e-16
0.011332881
1.5486488e-13
1.0
3.8560033e-17
1.8990945e-10
0.9999809
0.99990034
0.7915529
0.9999716
0.99993527
3.6848356e-15
2.9342692e-14
1.3929735e-05
1.0
1.0
3.2347444e-08
1.0
0.99999774
0.9998454
0.9999993
0.9999404
8.9552524e-14
3.4264265e-11
0.99999964
2.282664e-13
2.4945303e-08
2.2001239e-14
0.9999113
7.8358925e-17
4.1891166e-14
4.2279716e-16
3.3495906e-10
1.0
5.9371373e-15
0.9999808
4.668011e-08
0.999966
1.5518136e-08
8.5986616e-17
1.3357467e-10
2.1877834e-14
2.0842506e-15
3.1851983e-14
0.4579996
4.336604e-13
0.999948
2.0014779e-15
1.0
3.3583717e-15
2.6667453e-07
1.6500191e-07
0.28739706
0.9999846
2.3864088e-14
0.70937634
2.126919e-12
1.947276e-15
6.0030877e-16
0.99999976
5.074333e-15
1.3658581e-05
4.7359625e-12
4.2540643e-07
1.0
6.7021965e-15
0.9999994
0.9999993
0.99949586
0.997654
7.1701625e-12
0.9999999
0.999977
0.13952556
5.971097e-14
0.99999785
0.0013864869
0.9999999
1.2197859e-07
7.92563e-13
0.99999166
0.9999249
6.337027e-13
0.99999845
2.833571e-12
7.713924e-13
1.1674139e-11
9.879917e-05
0.99999356
0.999954
3.1238247e-13
1.0
0.9999999
2.4279304e-15
0.9999999
0.99999714
0.9991757
0.99993014
0.9998134
4.4801426e-11
1.2925257e-10
0.9999635
1.9999573e-13
0.99999523
6.2229985e-13
0.99999464
0.9999956
0.99996173
0.9999999
7.3905297e-13
0.99999976
1.0
3.9637894e-16
0.99993694
2.4972503e-14
2.0768585e-14
3.2275595e-15
5.442135e-16
5.3200293e-14
1.0408445e-13
0.9999951
0.9778682
0.99999416
1.1495391e-10
0.99998796
0.903413
2.8423175e-09
3.3959265e-14
0.9999291
0.99996924
9.1214e-14
0.999972
0.99994767
0.9999869
4.792805e-15
1.0
8.7035176e-14
0.9999896
1.9612317e-11
6.74797e-13
1.4522854e-15
0.9999925
1.3117903e-15
0.99999976
5.5379877e-16
0.99974924
3.1400646e-11
2.2445458e-13
0.99997485
1.0
2.2745208e-08
1.0
0.99997246
8.062403e-15
0.99938524
5.438822e-13
2.7679922e-14
4.0703605e-09
1.2635303e-15
0.9995376
2.807644e-05
0.9999424
0.99999833
0.9989635
5.958309e-14
1.0
1.1427331e-15
0.996463
1.1552263e-12
5.0246252e-12
4.7096295e-13
3.6862362e-14
1.0
6.114321e-13
0.9999651
1.6395807e-14
0.9999999
0.9670542
3.656066e-13
0.999995
1.2776596e-14
2.5305723e-12
0.99988234
3.1379646e-10
1.7944562e-14
0.9999907
1.0
1.1947987e-13
9.239302e-05
0.99999976
4.206589e-17
1.5587272e-13
0.9999962
3.0968287e-05
4.3871848e-14
3.3720083e-13
2.4788303e-16
3.3579878e-15
6.9904166e-11
1.0466572e-14
0.9998847
0.999987
0.99886644
1.5436728e-14
3.748735e-12
0.99994326
2.6408502e-09
1.1823347e-13
0.10512936
2.3802108e-12
0.9999827
0.9999993
0.9999914
0.9999877
3.0557567e-15
9.4560835e-15
0.99291307
0.9999987
0.9999999
0.9997514
0.9999665
5.213686e-15
1.0
1.3627746e-11
0.9999999
1.0
5.265197e-13
3.3463037e-09
2.4632445e-12
2.1238258e-16
0.9999765
0.9999883
0.99999
3.002684e-11
0.9999989
4.0963122e-16
0.99999976
2.4394713e-14
0.9999392
0.9999552
0.99999905
1.0
0.99999535
1.3323585e-12
1.1087289e-15
2.39965e-14
0.999765
0.9999994
0.9999714
5.1801033e-15
0.99999976
1.0
0.9999999
1.9897935e-10
0.99998045
6.268835e-11
0.99999666
0.9998305
0.99999964
9.292779e-13
3.473223e-11
0.99999964
5.2770304e-13
4.5684983e-14
8.50332e-16
0.9999925
9.661451e-09
0.98017615
0.9997478
0.99991333
7.962499e-08
3.4639358e-14
1.0
0.9999995
5.6430328e-14
0.9999976
0.9993542
8.06993e-14
4.1194318e-13
8.072104e-13
6.035907e-14
0.99999154
6.710434e-15
9.4526904e-08
0.9998375
0.9997384
9.0476034e-14
2.0058021e-13
0.9999999
8.7158986e-13
0.99956244
1.2556927e-12
1.2208425e-11
1.4801443e-11
2.404988e-14
0.9999418
1.2798242e-12
1.0894681e-15
0.99997425
3.801347e-12
1.7953534e-10
0.99999404
3.5930975e-06
8.603445e-11
6.659103e-11
1.7545537e-10
3.9327413e-12
0.99996054
0.9999851
0.9999981
1.8601968e-14
0.99987495
2.6480675e-17
0.99983823
0.0005910385
0.99999917
0.99996495
0.99999094
0.9999968
2.8441176e-13
1.8708849e-11
5.326172e-14
0.99672157
1.6640996e-09
0.5640028
0.00013774274
0.902577
4.35371e-13
0.9989625
0.59546554
1.4860091e-10
0.99990785
0.99135345
0.999985
0.99999595
0.9999912
6.681679e-13
5.589181e-15
0.9998933
1.9630335e-07
3.2695984e-12
2.1407825e-11
2.5521072e-09
0.9993643
0.99993837
0.99999976
0.9999901
7.643936e-15
0.9999995
1.8866424e-10
2.7979832e-10
2.9587344e-17
0.9999149
7.610766e-15
5.903501e-14
3.3229165e-13
0.9999999
2.210541e-12
3.2707615e-14
8.322525e-14
6.8913e-15
1.4343141e-16
8.6396634e-13
1.1795946e-11
0.99980825
1.1137443e-14
0.99999356
1.2027608e-12
7.774396e-13
5.910453e-14
0.99993944
0.8924076
1.624626e-14
8.016036e-11
0.9999999
0.9999938
4.6937224e-16
1.1160579e-14
3.723538e-15
8.8547725e-10
0.9979139
0.9999995
1.8722899e-09
0.99998105
0.99912745
0.99998987
1.7893058e-14
0.999992
5.3645266e-14
1.8239652e-12
0.06954215
0.9999839
3.214843e-14
1.2306787e-14
0.9998234
1.6591798e-14
9.0774946e-13
5.882651e-14
8.103146e-08
0.9999914
1.0
6.241051e-14
6.3601954e-07
0.9999989
2.666181e-13
0.6952567
0.9998776
2.45472e-14
4.981982e-14
1.0
1.12737155e-14
4.6038165e-12
0.9999994
1.519227e-11
0.9999989
7.978818e-14
2.4380467e-15
1.3168328e-13
4.0442644e-17
1.8414291e-12
0.9999349
5.543719e-15
6.419482e-14
2.0997106e-09
0.99999714
1.0
0.9997018
0.9998975
2.3110411e-11
2.7678814e-14
0.9999876
3.2038672e-14
1.3868296e-12
1.7083792e-08
5.3081782e-11
0.99991274
4.2619207e-12
1.0436136e-17
0.9999999
8.3431546e-14
7.4862265e-07
4.184752e-06
0.99902284
0.99987864
2.8891444e-12
0.99999774
5.571024e-15
1.0443753e-15
0.0020767772
0.99999714
1.3310769e-14
0.9999995
0.99997425
2.9222484e-15
1.9828516e-15
0.99998987
2.1501883e-13
0.99998856
1.3576312e-13
0.9987643
4.333781e-11
1.9861363e-12
0.99999654
3.8821667e-12
5.958511e-15
0.9874959
0.9999975
2.3606597e-13
7.119929e-16
0.99999845
0.99992
0.99999917
0.99995935
0.9999999
0.99996686
0.9999969
3.091444e-13
0.9999999
2.4389084e-14
4.9041694e-07
3.134459e-14
4.581772e-10
1.0
2.3393544e-14
0.9999951
0.99999356
1.949927e-14
8.293996e-15
1.3509114e-11
2.7359178e-13
0.9999876
4.904099e-10
0.99990094
1.6028345e-14
8.771618e-13
0.99999666
0.99994886
0.99997365
0.9997578
2.1517262e-10
0.9998349
3.077843e-12
2.5593558e-09
1.2599356e-10
3.314646e-07
9.003598e-15
1.0
3.793808e-15
1.0881426e-12
7.688647e-16
0.00041131664
0.99999356
0.99998415
0.99992895
0.99999964
0.99998975
0.68415415
0.9987206
0.9999691
1.7480535e-10
0.99992025
0.9999999
3.806565e-15
0.93588805
0.99999964
4.694063e-16
0.9999827
3.4661778e-13
0.9999989
0.99999917
0.99999964
0.999998
0.99999976
0.99999166
1.0442722e-14
1.3845809e-15
2.9215438e-13
3.4392828e-13
1.3589187e-13
6.077043e-14
3.1317563e-15
0.9999937
0.99998105
0.9997018
1.5848002e-12
4.42487e-13
2.4540377e-13
1.5011573e-12
5.510827e-15
0.0003992251
2.4631726e-13
0.99980277
1.0017846e-12
0.9999149
1.2249498e-15
0.024750516
0.9999975
0.999997
1.0
2.4279686e-14
0.9997694
7.618633e-09
0.9999807
9.183274e-16
1.7977305e-11
3.756925e-15
9.671101e-15
0.9999969
1.6005738e-14
3.749702e-11
0.9999994
0.99999416
1.0
2.3298819e-15
0.99993944
0.99938333
1.0
5.281745e-16
1.0164803e-15
0.9999999
5.158064e-05
4.7224902e-14
3.0726979e-09
0.9463125
0.9999802
4.8732438e-14
3.399809e-10
0.9999745
0.99982613
1.8115926e-14
0.99999857
1.2588607e-12
1.1786213e-14
9.23576e-16
0.9999995
0.99999976
7.93492e-16
5.3566845e-14
5.654443e-10
0.99834776
0.0010537128
0.99841535
6.4625992e-15
0.9999938
2.2751278e-16
3.4601e-10
0.9999659
0.9999995
0.9999957
0.99999964
1.7448729e-05
0.9999974
8.9959636e-14
1.7449321e-10
9.245627e-17
1.0